0	-0.0104961 	-0.000607109 	-1.74306 	0.26553 	0.164412 	-0.206081 	
0.005	-0.0105905 	-0.000580041 	-1.74311 	0.265534 	0.164411 	-0.206829 	
0.01	-0.0104538 	-0.00065755 	-1.74308 	0.265638 	0.164694 	-0.207573 	
0.015	-0.010465 	-0.000673202 	-1.74304 	0.265602 	0.164614 	-0.206783 	
0.02	-0.0104346 	-0.000732962 	-1.74305 	0.26567 	0.164841 	-0.206119 	
0.025	-0.0103704 	-0.000830037 	-1.74308 	0.26582 	0.165314 	-0.205554 	
0.03	-0.0104229 	-0.000835631 	-1.74296 	0.265687 	0.164898 	-0.206104 	
0.035	-0.010425 	-0.000893222 	-1.74289 	0.265676 	0.164857 	-0.206511 	
0.04	-0.0103866 	-0.000994325 	-1.74286 	0.265764 	0.165116 	-0.206805 	
0.045	-0.0103158 	-0.0011322 	-1.74286 	0.265931 	0.165613 	-0.207006 	
0.05	-0.0103591 	-0.00118476 	-1.74271 	0.265811 	0.165269 	-0.206322 	
0.055	-0.0103534 	-0.00128763 	-1.74262 	0.265811 	0.165284 	-0.205743 	
0.06	-0.0103085 	-0.00143265 	-1.74255 	0.265907 	0.165588 	-0.205247 	
0.065	-0.0102322 	-0.00161337 	-1.74252 	0.266081 	0.166122 	-0.204818 	
0.07	-0.0102643 	-0.00171044 	-1.74235 	0.265988 	0.165836 	-0.205492 	
0.075	-0.0102493 	-0.00185661 	-1.74222 	0.26601 	0.165899 	-0.205999 	
0.08	-0.0101967 	-0.00204399 	-1.74212 	0.266124 	0.166241 	-0.206372 	
0.085	-0.0101138 	-0.00226629 	-1.74205 	0.266312 	0.166806 	-0.206639 	
0.09	-0.0101367 	-0.00240996 	-1.74185 	0.266233 	0.16659 	-0.205578 	
0.095	-0.010114 	-0.00260108 	-1.7417 	0.266266 	0.166708 	-0.204697 	
0.1	-0.0100549 	-0.00283207 	-1.74157 	0.266389 	0.167094 	-0.203961 	
0.105	-0.0100353 	-0.0030381 	-1.74139 	0.266416 	0.167178 	-0.204526 	
0.11	-0.00997841 	-0.00328486 	-1.74124 	0.266533 	0.167536 	-0.204946 	
0.115	-0.00989169 	-0.00356615 	-1.74112 	0.266722 	0.168114 	-0.205251 	
0.12	-0.00978101 	-0.00387705 	-1.74101 	0.26697 	0.168867 	-0.205463 	
0.125	-0.00982575 	-0.00406627 	-1.74071 	0.266831 	0.168468 	-0.20442 	
0.13	-0.00982006 	-0.00430721 	-1.74047 	0.266816 	0.168439 	-0.203553 	
0.135	-0.00977402 	-0.00459139 	-1.74026 	0.266899 	0.168707 	-0.202829 	
0.14	-0.00969562 	-0.00491209 	-1.74007 	0.267063 	0.169212 	-0.202219 	
0.145	-0.00964319 	-0.00522045 	-1.73985 	0.267159 	0.169525 	-0.202983 	
0.15	-0.00955955 	-0.00556432 	-1.73966 	0.267333 	0.170065 	-0.203564 	
0.155	-0.00945088 	-0.00593855 	-1.73948 	0.267568 	0.170788 	-0.203997 	
0.16	-0.00944554 	-0.00623413 	-1.73917 	0.267546 	0.170742 	-0.202952 	
0.165	-0.00939937 	-0.0065734 	-1.7389 	0.267624 	0.170996 	-0.202084 	
0.17	-0.00932052 	-0.00694951 	-1.73866 	0.267783 	0.171489 	-0.201359 	
0.175	-0.00921546 	-0.00735704 	-1.73844 	0.268005 	0.172173 	-0.200748 	
0.18	-0.00918703 	-0.00771052 	-1.73812 	0.268033 	0.1723 	-0.201311 	
0.185	-0.00912219 	-0.00810364 	-1.73783 	0.26815 	0.172692 	-0.201731 	
0.19	-0.00902819 	-0.00853039 	-1.73757 	0.26834 	0.173295 	-0.202036 	
0.195	-0.00897716 	-0.00892873 	-1.73725 	0.268425 	0.173572 	-0.201035 	
0.2	-0.0088941 	-0.00936334 	-1.73695 	0.268588 	0.174083 	-0.200204 	
0.205	-0.00878538 	-0.00982887 	-1.73667 	0.268815 	0.174782 	-0.199508 	
0.21	-0.0086561 	-0.0103211 	-1.73641 	0.269092 	0.175629 	-0.19892 	
0.215	-0.00864564 	-0.0107244 	-1.73601 	0.269065 	0.17562 	-0.19928 	
0.22	-0.00859486 	-0.0111704 	-1.73564 	0.269139 	0.175901 	-0.199536 	
0.225	-0.00851182 	-0.0116524 	-1.73529 	0.269293 	0.176415 	-0.199711 	
0.23	-0.00840294 	-0.0121651 	-1.73497 	0.269513 	0.177115 	-0.19982 	
0.235	-0.00832509 	-0.0126592 	-1.7346 	0.269657 	0.177578 	-0.198486 	
0.24	-0.00822029 	-0.0131853 	-1.73425 	0.269867 	0.178236 	-0.197389 	
0.245	-0.00809392 	-0.0137388 	-1.73391 	0.270131 	0.17905 	-0.19648 	
0.25	-0.00804214 	-0.0142414 	-1.73349 	0.270199 	0.179339 	-0.196781 	
0.255	-0.00795811 	-0.0147796 	-1.73309 	0.270349 	0.179858 	-0.19699 	
0.26	-0.00784829 	-0.0153483 	-1.73271 	0.270564 	0.180561 	-0.197128 	
0.265	-0.00771781 	-0.0159431 	-1.73234 	0.270832 	0.18141 	-0.197207 	
0.27	-0.00765743 	-0.0164872 	-1.73188 	0.270923 	0.181746 	-0.195836 	
0.275	-0.00756646 	-0.0170658 	-1.73145 	0.27109 	0.182302 	-0.194708 	
0.28	-0.00745102 	-0.017674 	-1.73104 	0.27132 	0.183033 	-0.193776 	
0.285	-0.00731601 	-0.0183076 	-1.73063 	0.271599 	0.183903 	-0.193 	
0.29	-0.00724862 	-0.018898 	-1.73015 	0.271694 	0.184316 	-0.193516 	
0.295	-0.00715202 	-0.019521 	-1.72969 	0.271865 	0.184932 	-0.193899 	
0.3	-0.00703206 	-0.0201717 	-1.72925 	0.272098 	0.18571 	-0.194175 	
0.305	-0.00693634 	-0.020809 	-1.72876 	0.272271 	0.186301 	-0.192854 	
0.31	-0.00681709 	-0.0214747 	-1.7283 	0.272505 	0.187058 	-0.191766 	
0.315	-0.00667902 	-0.0221649 	-1.72784 	0.272787 	0.187948 	-0.190866 	
0.32	-0.00652591 	-0.0228766 	-1.72739 	0.273108 	0.188944 	-0.190115 	
0.325	-0.00636077 	-0.0236072 	-1.72694 	0.273459 	0.190023 	-0.189485 	
0.33	-0.00634383 	-0.0242316 	-1.72633 	0.273408 	0.190109 	-0.189881 	
0.335	-0.0062876 	-0.0248957 	-1.72576 	0.273462 	0.19046 	-0.190167 	
0.34	-0.00620002 	-0.0255933 	-1.72521 	0.273599 	0.191023 	-0.190366 	
0.345	-0.00604121 	-0.0263544 	-1.72472 	0.273931 	0.192061 	-0.188988 	
0.35	-0.00587163 	-0.0271332 	-1.72422 	0.274291 	0.193172 	-0.187855 	
0.355	-0.00569344 	-0.0279278 	-1.72373 	0.274674 	0.194342 	-0.186918 	
0.36	-0.00550839 	-0.0287369 	-1.72323 	0.275074 	0.195559 	-0.186139 	
0.365	-0.00549714 	-0.0294211 	-1.72256 	0.274997 	0.195629 	-0.186306 	
0.37	-0.00544564 	-0.0301449 	-1.72193 	0.275029 	0.195966 	-0.18641 	
0.375	-0.00536203 	-0.030902 	-1.72131 	0.275149 	0.196515 	-0.186463 	
0.38	-0.00518216 	-0.0317442 	-1.72077 	0.27553 	0.197712 	-0.185186 	
0.385	-0.00499597 	-0.0325996 	-1.72023 	0.275928 	0.198949 	-0.184135 	
0.39	-0.00480476 	-0.0334673 	-1.71968 	0.276341 	0.200216 	-0.183263 	
0.395	-0.00460958 	-0.0343466 	-1.71913 	0.276765 	0.201508 	-0.182536 	
0.4	-0.00441129 	-0.0352367 	-1.71857 	0.277198 	0.202818 	-0.181923 	
0.405	-0.00445458 	-0.0359532 	-1.71779 	0.276954 	0.202576 	-0.181868 	
0.41	-0.00444701 	-0.0367159 	-1.71704 	0.276853 	0.202659 	-0.181794 	
0.415	-0.0043989 	-0.0375172 	-1.71632 	0.276866 	0.203002 	-0.181704 	
0.42	-0.00415588 	-0.0384803 	-1.71577 	0.277414 	0.204635 	-0.180461 	
0.425	-0.00391962 	-0.0394458 	-1.7152 	0.277946 	0.206216 	-0.179436 	
0.43	-0.0036888 	-0.0404146 	-1.71461 	0.278465 	0.207754 	-0.178586 	
0.435	-0.00346243 	-0.0413879 	-1.71401 	0.278974 	0.209259 	-0.177875 	
0.44	-0.00350402 	-0.0421691 	-1.71318 	0.278722 	0.209072 	-0.177593 	
0.445	-0.00349556 	-0.0429948 	-1.71238 	0.278614 	0.209197 	-0.177338 	
0.45	-0.00344722 	-0.0438576 	-1.7116 	0.278621 	0.209569 	-0.177104 	
0.455	-0.00319633 	-0.0448898 	-1.71099 	0.279185 	0.211276 	-0.175959 	
0.46	-0.00295431 	-0.0459214 	-1.71036 	0.27973 	0.212913 	-0.175013 	
0.465	-0.00271944 	-0.0469542 	-1.70971 	0.280258 	0.214493 	-0.174225 	
0.47	-0.0024904 	-0.0479893 	-1.70905 	0.280774 	0.216026 	-0.173565 	
0.475	-0.00252486 	-0.04884 	-1.70817 	0.280528 	0.215942 	-0.173037 	
0.48	-0.0025113 	-0.0497318 	-1.70732 	0.280423 	0.216145 	-0.172585 	
0.485	-0.0024595 	-0.0506582 	-1.70648 	0.280433 	0.216576 	-0.172193 	
0.49	-0.00220413 	-0.0517552 	-1.70581 	0.281007 	0.218336 	-0.171144 	
0.495	-0.00195921 	-0.0528492 	-1.70512 	0.281559 	0.220011 	-0.170275 	
0.5	-0.00172271 	-0.0539423 	-1.70442 	0.282093 	0.221617 	-0.169548 	
0.505	-0.00149307 	-0.0550362 	-1.70369 	0.282612 	0.223167 	-0.168936 	
0.51	-0.00152026 	-0.0559564 	-1.70276 	0.28237 	0.223198 	-0.168174 	
0.515	-0.00150161 	-0.0569143 	-1.70186 	0.282269 	0.223487 	-0.167534 	
0.52	-0.0014465 	-0.0579035 	-1.70098 	0.28228 	0.223984 	-0.166991 	
0.525	-0.00136235 	-0.0589194 	-1.7001 	0.282381 	0.224645 	-0.166527 	
0.53	-0.001051 	-0.0601322 	-1.69941 	0.283106 	0.226811 	-0.165356 	
0.535	-0.00076223 	-0.0613306 	-1.69869 	0.283777 	0.228806 	-0.164388 	
0.54	-0.000491582 	-0.0625188 	-1.69793 	0.284406 	0.230662 	-0.163583 	
0.545	-0.000495159 	-0.0635108 	-1.69697 	0.284235 	0.230859 	-0.162893 	
0.55	-0.000458512 	-0.0645358 	-1.69602 	0.284189 	0.231277 	-0.162311 	
0.555	-0.000389902 	-0.0655885 	-1.69509 	0.284245 	0.231871 	-0.161815 	
0.56	-0.000295857 	-0.0666648 	-1.69417 	0.284381 	0.232605 	-0.161387 	
0.565	-1.36667e-05 	-0.0679249 	-1.6934 	0.285002 	0.234682 	-0.160026 	
0.57	0.000250807 	-0.0691705 	-1.6926 	0.285589 	0.2366 	-0.158906 	
0.575	0.000501031 	-0.0704058 	-1.69177 	0.286151 	0.238389 	-0.157979 	
0.58	0.000739669 	-0.071634 	-1.69092 	0.286691 	0.240076 	-0.157207 	
0.585	0.000687645 	-0.0726515 	-1.68987 	0.286377 	0.240022 	-0.156576 	
0.59	0.000684465 	-0.0737074 	-1.68883 	0.286217 	0.240233 	-0.156041 	
0.595	0.00072012 	-0.074795 	-1.68781 	0.28618 	0.240656 	-0.155583 	
0.6	0.00100398 	-0.0761103 	-1.68698 	0.286815 	0.242757 	-0.154338 	
0.605	0.00126871 	-0.077409 	-1.68611 	0.287413 	0.244689 	-0.153311 	
0.61	0.00151807 	-0.0786955 	-1.68523 	0.287982 	0.246484 	-0.152459 	
0.615	0.00175492 	-0.0799735 	-1.68432 	0.288528 	0.24817 	-0.151746 	
0.62	0.00171163 	-0.0810632 	-1.68322 	0.288215 	0.248285 	-0.150854 	
0.625	0.0017143 	-0.0821853 	-1.68214 	0.288055 	0.248625 	-0.15011 	
0.63	0.00175349 	-0.0833345 	-1.68108 	0.288018 	0.249146 	-0.149484 	
0.635	0.00202886 	-0.0846942 	-1.68018 	0.28864 	0.251206 	-0.148367 	
0.64	0.00228564 	-0.0860366 	-1.67925 	0.289227 	0.253099 	-0.147443 	
0.645	0.00252744 	-0.0873664 	-1.67829 	0.289787 	0.254858 	-0.146672 	
0.65	0.00275703 	-0.0886871 	-1.67732 	0.290324 	0.256508 	-0.146024 	
0.655	0.00272165 	-0.089848 	-1.67619 	0.29001 	0.256795 	-0.144887 	
0.66	0.00272939 	-0.091035 	-1.67507 	0.289848 	0.257267 	-0.143946 	
0.665	0.00277138 	-0.0922441 	-1.67396 	0.289809 	0.257887 	-0.143162 	
0.67	0.00284058 	-0.093472 	-1.67286 	0.289867 	0.258624 	-0.142505 	
0.675	0.00316837 	-0.0949383 	-1.67192 	0.290642 	0.261067 	-0.141338 	
0.68	0.00346558 	-0.0963752 	-1.67095 	0.291351 	0.263259 	-0.140374 	
0.685	0.00373823 	-0.0977893 	-1.66995 	0.292007 	0.26525 	-0.139571 	
0.69	0.0037177 	-0.0990013 	-1.66878 	0.291756 	0.265622 	-0.138559 	
0.695	0.00373599 	-0.100237 	-1.66761 	0.291644 	0.266155 	-0.137718 	
0.7	0.00378508 	-0.101492 	-1.66645 	0.291643 	0.266818 	-0.137014 	
0.705	0.0038586 	-0.102763 	-1.6653 	0.291731 	0.267583 	-0.136421 	
0.71	0.00415227 	-0.104275 	-1.6643 	0.292377 	0.269974 	-0.135023 	
0.715	0.00442078 	-0.105755 	-1.66326 	0.292982 	0.272118 	-0.133874 	
0.72	0.00466905 	-0.107211 	-1.66219 	0.293554 	0.274063 	-0.132924 	
0.725	0.0046681 	-0.108475 	-1.66098 	0.293381 	0.274546 	-0.132029 	
0.73	0.00470064 	-0.109759 	-1.65977 	0.293331 	0.275162 	-0.131283 	
0.735	0.00475969 	-0.111059 	-1.65857 	0.29338 	0.275884 	-0.130655 	
0.74	0.00497591 	-0.112545 	-1.65747 	0.29381 	0.277825 	-0.129363 	
0.745	0.00518125 	-0.114011 	-1.65635 	0.294242 	0.279603 	-0.128298 	
0.75	0.00537776 	-0.115459 	-1.65521 	0.294676 	0.28125 	-0.127416 	
0.755	0.00556697 	-0.116896 	-1.65405 	0.29511 	0.282791 	-0.126678 	
0.76	0.00575015 	-0.118323 	-1.65287 	0.295545 	0.284247 	-0.126058 	
0.765	0.0057129 	-0.119658 	-1.65161 	0.295186 	0.284836 	-0.124615 	
0.77	0.00571469 	-0.121005 	-1.65035 	0.294987 	0.285529 	-0.12343 	
0.775	0.00574747 	-0.122363 	-1.64909 	0.294915 	0.286304 	-0.122452 	
0.78	0.00580483 	-0.12373 	-1.64784 	0.294944 	0.287143 	-0.121639 	
0.785	0.00610474 	-0.125323 	-1.6467 	0.295673 	0.289525 	-0.120591 	
0.79	0.00637506 	-0.126881 	-1.64554 	0.296343 	0.291647 	-0.119721 	
0.795	0.00662158 	-0.128411 	-1.64435 	0.296965 	0.29356 	-0.118995 	
0.8	0.00659027 	-0.129775 	-1.64304 	0.296657 	0.294149 	-0.117718 	
0.805	0.00659529 	-0.131151 	-1.64174 	0.296497 	0.294834 	-0.116665 	
0.81	0.00662911 	-0.132537 	-1.64043 	0.296456 	0.295596 	-0.115793 	
0.815	0.00668575 	-0.133932 	-1.63912 	0.29651 	0.296418 	-0.115065 	
0.82	0.00694912 	-0.135569 	-1.63793 	0.297091 	0.298786 	-0.113757 	
0.825	0.0071886 	-0.137166 	-1.63671 	0.297643 	0.300889 	-0.112681 	
0.83	0.00740887 	-0.138733 	-1.63547 	0.298169 	0.302779 	-0.111789 	
0.835	0.00739221 	-0.14013 	-1.63412 	0.29794 	0.303414 	-0.110674 	
0.84	0.00740738 	-0.141536 	-1.63277 	0.297843 	0.30413 	-0.109752 	
0.845	0.00744773 	-0.142951 	-1.63142 	0.297851 	0.304908 	-0.108985 	
0.85	0.00750802 	-0.144373 	-1.63007 	0.297943 	0.305735 	-0.108341 	
0.855	0.0077352 	-0.14605 	-1.62882 	0.298381 	0.308089 	-0.106798 	
0.86	0.0079441 	-0.147684 	-1.62755 	0.298816 	0.310173 	-0.105533 	
0.865	0.0081383 	-0.149283 	-1.62625 	0.29925 	0.312041 	-0.104491 	
0.87	0.00832048 	-0.150856 	-1.62493 	0.299681 	0.313734 	-0.103628 	
0.875	0.00824909 	-0.15224 	-1.62352 	0.299302 	0.314079 	-0.102568 	
0.88	0.00821873 	-0.15364 	-1.6221 	0.299084 	0.314554 	-0.101691 	
0.885	0.00822093 	-0.155053 	-1.62069 	0.298995 	0.315131 	-0.100959 	
0.89	0.0084376 	-0.156738 	-1.61939 	0.299445 	0.317367 	-0.0996027 	
0.895	0.00863653 	-0.158381 	-1.61806 	0.299889 	0.319349 	-0.0984876 	
0.9	0.00882118 	-0.159991 	-1.61671 	0.300329 	0.321128 	-0.097566 	
0.905	0.00899414 	-0.161575 	-1.61534 	0.300765 	0.322742 	-0.0967989 	
0.91	0.00891991 	-0.163022 	-1.6139 	0.300334 	0.323293 	-0.095478 	
0.915	0.00888565 	-0.164475 	-1.61246 	0.300073 	0.323925 	-0.0943921 	
0.92	0.0088831 	-0.165934 	-1.61102 	0.299948 	0.324619 	-0.0934943 	
0.925	0.00908243 	-0.167615 	-1.60965 	0.30039 	0.326692 	-0.0923216 	
0.93	0.00926594 	-0.169258 	-1.60827 	0.300828 	0.328536 	-0.0913543 	
0.935	0.00943667 	-0.17087 	-1.60687 	0.301261 	0.330196 	-0.0905513 	
0.94	0.00959694 	-0.172458 	-1.60545 	0.301691 	0.331708 	-0.0898798 	
0.945	0.00951804 	-0.173962 	-1.60399 	0.301206 	0.332447 	-0.0883248 	
0.95	0.00947841 	-0.175463 	-1.60252 	0.3009 	0.333222 	-0.0870522 	
0.955	0.00946998 	-0.176963 	-1.60105 	0.300739 	0.334023 	-0.0860057 	
0.96	0.00948628 	-0.17846 	-1.59958 	0.300694 	0.334844 	-0.0851402 	
0.965	0.00971975 	-0.180202 	-1.59818 	0.301263 	0.337149 	-0.0840288 	
0.97	0.00992874 	-0.181896 	-1.59675 	0.301801 	0.339169 	-0.0831112 	
0.975	0.010118 	-0.18355 	-1.59531 	0.302314 	0.340961 	-0.0823487 	
0.98	0.0100457 	-0.185055 	-1.59381 	0.301899 	0.341645 	-0.0809956 	
0.985	0.0100098 	-0.186558 	-1.59231 	0.301649 	0.342366 	-0.0798852 	
0.99	0.0100028 	-0.188059 	-1.59081 	0.301532 	0.343117 	-0.078969 	
0.995	0.0100187 	-0.18956 	-1.5893 	0.301521 	0.343892 	-0.0782082 	
1	0.0102093 	-0.191332 	-1.58786 	0.301912 	0.346196 	-0.0768459 	
1.005	0.0103824 	-0.193051 	-1.5864 	0.302307 	0.348209 	-0.0757282 	
1.01	0.0105414 	-0.194726 	-1.58492 	0.302705 	0.349987 	-0.0748065 	
1.015	0.010689 	-0.196366 	-1.58343 	0.303105 	0.351577 	-0.0740414 	
1.02	0.0105549 	-0.197835 	-1.58189 	0.302507 	0.351951 	-0.0726925 	
1.025	0.0104679 	-0.199309 	-1.58034 	0.302111 	0.352417 	-0.0715864 	
1.03	0.0104185 	-0.200788 	-1.5788 	0.301875 	0.352955 	-0.0706746 	
1.035	0.0105983 	-0.202543 	-1.57731 	0.302288 	0.355097 	-0.0695107 	
1.04	0.0107614 	-0.204246 	-1.57581 	0.302699 	0.356972 	-0.0685525 	
1.045	0.010911 	-0.205909 	-1.5743 	0.303109 	0.358633 	-0.0677591 	
1.05	0.0108459 	-0.207451 	-1.57275 	0.302741 	0.359423 	-0.066466 	
1.055	0.0108128 	-0.208983 	-1.5712 	0.302529 	0.360214 	-0.065405 	
1.06	0.0108051 	-0.210509 	-1.56964 	0.302439 	0.361005 	-0.0645299 	
1.065	0.0108176 	-0.212028 	-1.56809 	0.302449 	0.361796 	-0.0638036 	
1.07	0.0109431 	-0.213796 	-1.56657 	0.302642 	0.363887 	-0.0623901 	
1.075	0.0110614 	-0.215511 	-1.56504 	0.302878 	0.365713 	-0.0612332 	
1.08	0.0111737 	-0.217181 	-1.56349 	0.303146 	0.367328 	-0.0602817 	
1.085	0.0112812 	-0.218817 	-1.56194 	0.303441 	0.368772 	-0.0594945 	
1.09	0.011168 	-0.220319 	-1.56036 	0.302939 	0.3693 	-0.0582392 	
1.095	0.0110949 	-0.221818 	-1.55878 	0.302618 	0.369875 	-0.0572095 	
1.1	0.0110538 	-0.223315 	-1.55721 	0.302441 	0.370485 	-0.0563605 	
1.105	0.011038 	-0.22481 	-1.55562 	0.302379 	0.371123 	-0.0556561 	
1.11	0.0111955 	-0.226637 	-1.55408 	0.302676 	0.373498 	-0.0542254 	
1.115	0.0113377 	-0.228396 	-1.55253 	0.302993 	0.375544 	-0.0530558 	
1.12	0.0114677 	-0.230101 	-1.55096 	0.303325 	0.377325 	-0.0520952 	
1.125	0.0113632 	-0.231579 	-1.54937 	0.302905 	0.377771 	-0.0510428 	
1.13	0.0112959 	-0.233057 	-1.54777 	0.302647 	0.378272 	-0.0501763 	
1.135	0.011258 	-0.234535 	-1.54618 	0.302521 	0.378817 	-0.0494588 	
1.14	0.0113414 	-0.236272 	-1.54461 	0.30262 	0.380685 	-0.0481395 	
1.145	0.0114233 	-0.237957 	-1.54303 	0.302779 	0.38232 	-0.0470598 	
1.15	0.0115042 	-0.2396 	-1.54144 	0.302985 	0.383767 	-0.0461721 	
1.155	0.011584 	-0.241208 	-1.53985 	0.303228 	0.385063 	-0.0454378 	
1.16	0.0114703 	-0.242735 	-1.53825 	0.302718 	0.385744 	-0.0441385 	
1.165	0.0113944 	-0.24425 	-1.53665 	0.302388 	0.386426 	-0.0430756 	
1.17	0.0113485 	-0.245754 	-1.53505 	0.302203 	0.387108 	-0.0422019 	
1.175	0.0113266 	-0.247249 	-1.53346 	0.302133 	0.38779 	-0.0414797 	
1.18	0.0114276 	-0.24901 	-1.53187 	0.302301 	0.389809 	-0.0401874 	
1.185	0.0115224 	-0.250711 	-1.53027 	0.302513 	0.391557 	-0.0391305 	
1.19	0.0116123 	-0.252362 	-1.52867 	0.302761 	0.393087 	-0.0382621 	
1.195	0.0116981 	-0.253973 	-1.52707 	0.303037 	0.394442 	-0.0375444 	
1.2	0.011525 	-0.25543 	-1.52547 	0.302349 	0.394788 	-0.0362754 	
1.205	0.0114005 	-0.256883 	-1.52386 	0.301876 	0.395196 	-0.0352379 	
1.21	0.0113147 	-0.258334 	-1.52226 	0.301575 	0.395651 	-0.0343858 	
1.215	0.011413 	-0.260046 	-1.52066 	0.301795 	0.397492 	-0.0333035 	
1.22	0.0115046 	-0.261704 	-1.51906 	0.302048 	0.399091 	-0.0324157 	
1.225	0.0115911 	-0.263316 	-1.51745 	0.302328 	0.400496 	-0.0316835 	
1.23	0.0114776 	-0.264817 	-1.51585 	0.301848 	0.401171 	-0.0304865 	
1.235	0.0113999 	-0.266303 	-1.51425 	0.301542 	0.401837 	-0.0295074 	
1.24	0.0113506 	-0.267775 	-1.51265 	0.301373 	0.402494 	-0.0287029 	
1.245	0.0113239 	-0.269236 	-1.51105 	0.301316 	0.403143 	-0.028038 	
1.25	0.0113663 	-0.270938 	-1.50945 	0.301303 	0.404921 	-0.0267462 	
1.255	0.0114125 	-0.272582 	-1.50784 	0.30137 	0.406463 	-0.0256919 	
1.26	0.0114616 	-0.274178 	-1.50624 	0.301501 	0.407818 	-0.0248276 	
1.265	0.0115131 	-0.275735 	-1.50464 	0.301681 	0.409021 	-0.0241155 	
1.27	0.01136 	-0.277167 	-1.50305 	0.30109 	0.409439 	-0.0229795 	
1.275	0.0112497 	-0.27859 	-1.50146 	0.300694 	0.409893 	-0.0220506 	
1.28	0.0111736 	-0.280006 	-1.49987 	0.300453 	0.410374 	-0.0212873 	
1.285	0.0111246 	-0.281415 	-1.49829 	0.300337 	0.410877 	-0.0206567 	
1.29	0.0111933 	-0.283139 	-1.49668 	0.300413 	0.412866 	-0.0193761 	
1.295	0.0112596 	-0.284794 	-1.49508 	0.300551 	0.414572 	-0.0183319 	
1.3	0.011324 	-0.286393 	-1.49349 	0.300736 	0.416051 	-0.017477 	
1.305	0.0113868 	-0.287945 	-1.49189 	0.30096 	0.417348 	-0.0167735 	
1.31	0.0111754 	-0.28927 	-1.49033 	0.3002 	0.417365 	-0.0157164 	
1.315	0.0110179 	-0.2906 	-1.48876 	0.299668 	0.417492 	-0.0148517 	
1.32	0.0109033 	-0.291934 	-1.4872 	0.299318 	0.417708 	-0.0141411 	
1.325	0.0109747 	-0.293592 	-1.48561 	0.299464 	0.419514 	-0.0130712 	
1.33	0.0110426 	-0.295187 	-1.48402 	0.299657 	0.421069 	-0.0121967 	
1.335	0.0111078 	-0.296731 	-1.48244 	0.299886 	0.422423 	-0.0114785 	
1.34	0.010961 	-0.298106 	-1.48088 	0.299339 	0.422835 	-0.0104522 	
1.345	0.0108545 	-0.299471 	-1.47933 	0.298977 	0.423275 	-0.00961308 	
1.35	0.0107803 	-0.300827 	-1.47779 	0.298763 	0.423737 	-0.00892369 	
1.355	0.0107317 	-0.302175 	-1.47624 	0.298667 	0.424215 	-0.00835421 	
1.36	0.0107451 	-0.303795 	-1.47467 	0.298577 	0.425902 	-0.00712326 	
1.365	0.0107662 	-0.305352 	-1.4731 	0.29858 	0.427358 	-0.00612084 	
1.37	0.0107935 	-0.306858 	-1.47154 	0.298657 	0.42863 	-0.00530142 	
1.375	0.0108258 	-0.308321 	-1.46999 	0.298794 	0.429753 	-0.00462841 	
1.38	0.0106424 	-0.309597 	-1.46848 	0.298148 	0.429866 	-0.00369633 	
1.385	0.0105064 	-0.310873 	-1.46697 	0.297707 	0.430063 	-0.00293365 	
1.39	0.0104082 	-0.312149 	-1.46546 	0.297428 	0.430326 	-0.00230659 	
1.395	0.0103401 	-0.313423 	-1.46396 	0.297281 	0.430642 	-0.00178812 	
1.4	0.0103839 	-0.315058 	-1.4624 	0.297285 	0.432574 	-0.000551785 	
1.405	0.0104289 	-0.316619 	-1.46086 	0.297363 	0.434222 	0.000453837 	
1.41	0.0104751 	-0.318118 	-1.45932 	0.2975 	0.435643 	0.00127469 	
1.415	0.0103137 	-0.31933 	-1.45785 	0.296976 	0.435681 	0.002016 	
1.42	0.010195 	-0.320546 	-1.45638 	0.296631 	0.435816 	0.00262514 	
1.425	0.0101105 	-0.321765 	-1.45491 	0.296429 	0.436026 	0.00312851 	
1.43	0.0100994 	-0.323259 	-1.4534 	0.296298 	0.437442 	0.00420507 	
1.435	0.0101006 	-0.324697 	-1.4519 	0.296267 	0.438676 	0.00508208 	
1.44	0.0101116 	-0.32609 	-1.45041 	0.296317 	0.439763 	0.00579931 	
1.445	0.0101304 	-0.327446 	-1.44893 	0.296431 	0.440734 	0.00638871 	
1.45	0.0101556 	-0.32877 	-1.44747 	0.296596 	0.441611 	0.00687584 	
1.455	0.00991517 	-0.329963 	-1.44604 	0.295689 	0.441672 	0.00797832 	
1.46	0.00973319 	-0.331154 	-1.44462 	0.295037 	0.441822 	0.00887531 	
1.465	0.00959794 	-0.332342 	-1.4432 	0.294589 	0.442042 	0.00960776 	
1.47	0.00950005 	-0.333526 	-1.44179 	0.294305 	0.442319 	0.0102085 	
1.475	0.00958805 	-0.335007 	-1.44032 	0.294582 	0.444016 	0.0110029 	
1.48	0.00966838 	-0.336424 	-1.43886 	0.294877 	0.445472 	0.0116531 	
1.485	0.00974271 	-0.337787 	-1.43741 	0.295187 	0.446735 	0.0121878 	
1.49	0.00952815 	-0.338905 	-1.43605 	0.294415 	0.446716 	0.0130946 	
1.495	0.00936692 	-0.340025 	-1.43468 	0.293871 	0.4468 	0.0138343 	
1.5	0.00924833 	-0.341146 	-1.43332 	0.29351 	0.446966 	0.0144402 	
1.505	0.00916387 	-0.342266 	-1.43196 	0.293295 	0.447199 	0.014939 	
1.51	0.00920169 	-0.343687 	-1.43054 	0.293361 	0.448773 	0.0158485 	
1.515	0.00924206 	-0.345044 	-1.42913 	0.293487 	0.45013 	0.0165901 	
1.52	0.0092846 	-0.346349 	-1.42774 	0.293661 	0.451313 	0.0171972 	
1.525	0.00910477 	-0.347401 	-1.42643 	0.29305 	0.451281 	0.0179236 	
1.53	0.0089715 	-0.348458 	-1.42512 	0.292634 	0.451353 	0.0185183 	
1.535	0.00887548 	-0.349518 	-1.42382 	0.292375 	0.451511 	0.0190075 	
1.54	0.00880929 	-0.350578 	-1.42253 	0.292242 	0.451735 	0.0194124 	
1.545	0.00880156 	-0.351928 	-1.42116 	0.292118 	0.453173 	0.0204078 	
1.55	0.0088058 	-0.353217 	-1.41981 	0.292093 	0.45442 	0.0212173 	
1.555	0.00881977 	-0.354457 	-1.41849 	0.292146 	0.455516 	0.021878 	
1.56	0.00884156 	-0.355654 	-1.41718 	0.292262 	0.456489 	0.0224198 	
1.565	0.00862976 	-0.356561 	-1.41596 	0.291564 	0.456108 	0.0230238 	
1.57	0.00847137 	-0.35749 	-1.41475 	0.291079 	0.455902 	0.0235199 	
1.575	0.00835572 	-0.358433 	-1.41354 	0.290765 	0.455837 	0.0239295 	
1.58	0.00827429 	-0.359386 	-1.41233 	0.290587 	0.455884 	0.02427 	
1.585	0.00830707 	-0.360737 	-1.41102 	0.290587 	0.45761 	0.0252741 	
1.59	0.00834412 	-0.362015 	-1.40972 	0.29066 	0.459089 	0.0260899 	
1.595	0.0083848 	-0.363231 	-1.40845 	0.290792 	0.46037 	0.026755 	
1.6	0.00820455 	-0.364063 	-1.40732 	0.290235 	0.459971 	0.0272025 	
1.605	0.00807186 	-0.364919 	-1.40618 	0.289863 	0.459752 	0.0275729 	
1.61	0.00797721 	-0.365793 	-1.40505 	0.289639 	0.459676 	0.0278815 	
1.615	0.00791308 	-0.366678 	-1.40391 	0.289534 	0.459717 	0.0281408 	
1.62	0.00790274 	-0.367934 	-1.40267 	0.289363 	0.46125 	0.0291824 	
1.625	0.00790588 	-0.369123 	-1.40146 	0.289299 	0.462575 	0.0300278 	
1.63	0.00792003 	-0.370256 	-1.40027 	0.289322 	0.463735 	0.0307161 	
1.635	0.00777521 	-0.371024 	-1.39921 	0.288911 	0.463378 	0.0310354 	
1.64	0.00767144 	-0.371816 	-1.39815 	0.288656 	0.463193 	0.0313028 	
1.645	0.00760051 	-0.372625 	-1.3971 	0.288525 	0.463147 	0.0315287 	
1.65	0.00755596 	-0.373446 	-1.39604 	0.288494 	0.463212 	0.0317214 	
1.655	0.00750757 	-0.374599 	-1.39489 	0.288175 	0.464545 	0.0327762 	
1.66	0.00748098 	-0.375693 	-1.39376 	0.287993 	0.465713 	0.0336317 	
1.665	0.00747205 	-0.376736 	-1.39266 	0.287921 	0.466749 	0.0343278 	
1.67	0.00747734 	-0.377737 	-1.39158 	0.287938 	0.467679 	0.0348963 	
1.675	0.00731869 	-0.378328 	-1.39065 	0.287524 	0.466934 	0.0350025 	
1.68	0.00720467 	-0.378963 	-1.38972 	0.287268 	0.466442 	0.0350991 	
1.685	0.00712641 	-0.379631 	-1.38878 	0.287136 	0.466153 	0.035188 	
1.69	0.00710289 	-0.380686 	-1.38772 	0.286942 	0.467394 	0.0360765 	
1.695	0.007097 	-0.381687 	-1.38668 	0.286861 	0.46849 	0.0367989 	
1.7	0.00710543 	-0.382642 	-1.38567 	0.28687 	0.469472 	0.0373881 	
1.705	0.00712542 	-0.38356 	-1.38467 	0.286952 	0.470362 	0.0378711 	
1.71	0.00694739 	-0.384088 	-1.38384 	0.286427 	0.469626 	0.0380543 	
1.715	0.0068187 	-0.384659 	-1.38299 	0.286081 	0.469145 	0.0382123 	
1.72	0.00672954 	-0.385262 	-1.38215 	0.285878 	0.468867 	0.0383501 	
1.725	0.00672715 	-0.386208 	-1.38118 	0.285796 	0.469985 	0.0390715 	
1.73	0.00673907 	-0.387108 	-1.38024 	0.285805 	0.470987 	0.0396599 	
1.735	0.00676265 	-0.387968 	-1.37933 	0.285886 	0.471897 	0.040142 	
1.74	0.00679566 	-0.388796 	-1.37843 	0.286026 	0.472734 	0.0405391 	
1.745	0.00660178 	-0.389252 	-1.37769 	0.285408 	0.471988 	0.0407734 	
1.75	0.00646131 	-0.389751 	-1.37694 	0.284989 	0.471501 	0.0409721 	
1.755	0.00636367 	-0.390283 	-1.37619 	0.284727 	0.471224 	0.0411424 	
1.76	0.00630043 	-0.390839 	-1.37544 	0.284593 	0.471114 	0.04129 	
1.765	0.00633779 	-0.391757 	-1.37456 	0.284632 	0.472479 	0.0420175 	
1.77	0.00638259 	-0.392618 	-1.37371 	0.284738 	0.473683 	0.0426109 	
1.775	0.00643356 	-0.393431 	-1.37288 	0.284897 	0.474759 	0.043097 	
1.78	0.00627652 	-0.393814 	-1.37224 	0.284424 	0.474067 	0.0432233 	
1.785	0.0061665 	-0.39424 	-1.3716 	0.28412 	0.473629 	0.0433357 	
1.79	0.00609421 	-0.394698 	-1.37094 	0.283952 	0.473394 	0.043437 	
1.795	0.00605224 	-0.395181 	-1.37029 	0.283892 	0.473323 	0.0435295 	
1.8	0.00603468 	-0.395681 	-1.36964 	0.283919 	0.473383 	0.0436151 	
1.805	0.00602147 	-0.3965 	-1.36888 	0.283719 	0.474643 	0.0444679 	
1.81	0.00602701 	-0.397265 	-1.36815 	0.283634 	0.475768 	0.0451616 	
1.815	0.0060478 	-0.397985 	-1.36744 	0.28364 	0.476786 	0.045728 	
1.82	0.00593944 	-0.398241 	-1.36693 	0.28339 	0.476023 	0.0456207 	
1.825	0.00586958 	-0.39855 	-1.36641 	0.283265 	0.475534 	0.0455464 	
1.83	0.00583064 	-0.398898 	-1.36588 	0.28324 	0.475263 	0.0454987 	
1.835	0.00581661 	-0.399275 	-1.36535 	0.283296 	0.475169 	0.0454723 	
1.84	0.00577664 	-0.399955 	-1.36472 	0.283 	0.47618 	0.046267 	
1.845	0.00576196 	-0.400594 	-1.36411 	0.282839 	0.477112 	0.0469145 	
1.85	0.00576773 	-0.401198 	-1.36352 	0.282785 	0.477981 	0.0474441 	
1.855	0.0056943 	-0.401396 	-1.36311 	0.282656 	0.477338 	0.047283 	
1.86	0.00565352 	-0.401642 	-1.36269 	0.282628 	0.47695 	0.0471659 	
1.865	0.005639 	-0.401925 	-1.36226 	0.282682 	0.476766 	0.0470842 	
1.87	0.00564567 	-0.402234 	-1.36184 	0.2828 	0.476747 	0.047031 	
1.875	0.0055799 	-0.402762 	-1.36134 	0.28242 	0.477468 	0.0477376 	
1.88	0.00554581 	-0.403264 	-1.36086 	0.282192 	0.478174 	0.0483149 	
1.885	0.00553728 	-0.403743 	-1.3604 	0.282085 	0.478869 	0.0487888 	
1.89	0.00549627 	-0.403881 	-1.36009 	0.282065 	0.478345 	0.0485847 	
1.895	0.00548262 	-0.404064 	-1.35977 	0.282125 	0.478058 	0.0484336 	
1.9	0.00549103 	-0.404281 	-1.35945 	0.282249 	0.477961 	0.0483251 	
1.905	0.00551727 	-0.404523 	-1.35913 	0.282424 	0.478017 	0.0482508 	
1.91	0.00555795 	-0.404783 	-1.35881 	0.28264 	0.478197 	0.0482041 	
1.915	0.00542545 	-0.405147 	-1.35847 	0.281983 	0.478594 	0.0489545 	
1.92	0.00533943 	-0.405501 	-1.35814 	0.281533 	0.479048 	0.0495674 	
1.925	0.0052908 	-0.405844 	-1.35783 	0.28125 	0.479548 	0.0500701 	
1.93	0.00531783 	-0.405896 	-1.35764 	0.281506 	0.479138 	0.0496873 	
1.935	0.00536004 	-0.405992 	-1.35744 	0.281788 	0.478949 	0.0493939 	
1.94	0.00541459 	-0.406123 	-1.35724 	0.282091 	0.478938 	0.0491722 	
1.945	0.0054792 	-0.406278 	-1.35704 	0.282409 	0.479069 	0.049008 	
1.95	0.00533244 	-0.406492 	-1.35685 	0.281713 	0.479212 	0.0496492 	
1.955	0.00523633 	-0.40671 	-1.35665 	0.281233 	0.479469 	0.0501752 	
1.96	0.00518094 	-0.406929 	-1.35647 	0.280925 	0.479818 	0.050609 	
1.965	0.00523154 	-0.406919 	-1.35639 	0.281251 	0.479518 	0.0502142 	
1.97	0.00529393 	-0.406951 	-1.35629 	0.281588 	0.479425 	0.0499117 	
1.975	0.00536593 	-0.407015 	-1.3562 	0.281935 	0.479496 	0.0496833 	
1.98	0.00544583 	-0.407101 	-1.35611 	0.28229 	0.479701 	0.0495145 	
1.985	0.00528902 	-0.407157 	-1.35605 	0.281579 	0.479567 	0.0500159 	
1.99	0.00518622 	-0.407232 	-1.356 	0.281087 	0.47961 	0.0504308 	
1.995	0.00512682 	-0.407321 	-1.35595 	0.280771 	0.479795 	0.0507764 	
2	0.00510233 	-0.407419 	-1.35591 	0.280596 	0.480094 	0.0510666 	
2.005	0.00519939 	-0.407278 	-1.35595 	0.281143 	0.479689 	0.0504258 	
2.01	0.00529752 	-0.407204 	-1.35596 	0.281657 	0.479502 	0.0499255 	
2.015	0.0053962 	-0.407186 	-1.35593 	0.282145 	0.479488 	0.0495377 	
2.02	0.00527567 	-0.407285 	-1.35585 	0.281562 	0.479614 	0.0500066 	
2.025	0.00519871 	-0.407407 	-1.35575 	0.281172 	0.479847 	0.0503934 	
2.03	0.00515627 	-0.407548 	-1.35563 	0.280936 	0.480163 	0.0507141 	
2.035	0.00514112 	-0.407706 	-1.35548 	0.280823 	0.480543 	0.0509817 	
2.04	0.00520016 	-0.407645 	-1.35541 	0.281212 	0.480205 	0.0503844 	
2.045	0.00526553 	-0.407642 	-1.3553 	0.281598 	0.480058 	0.0499174 	
2.05	0.00533564 	-0.407688 	-1.35516 	0.281983 	0.480062 	0.0495544 	
2.055	0.00524549 	-0.407892 	-1.35495 	0.281536 	0.480422 	0.0499799 	
2.06	0.00519049 	-0.408104 	-1.35473 	0.281253 	0.480828 	0.0503304 	
2.065	0.00516328 	-0.408325 	-1.35449 	0.281102 	0.481269 	0.0506205 	
2.07	0.00515798 	-0.408553 	-1.35423 	0.281054 	0.481736 	0.0508621 	
2.075	0.00516989 	-0.408787 	-1.35395 	0.281091 	0.482222 	0.0510647 	
2.08	0.0051858 	-0.408774 	-1.35376 	0.28133 	0.48181 	0.0503285 	
2.085	0.00521404 	-0.408818 	-1.35354 	0.281595 	0.481589 	0.0497486 	
2.09	0.00525184 	-0.408908 	-1.35329 	0.281881 	0.48152 	0.0492936 	
2.095	0.00519307 	-0.409263 	-1.35292 	0.28155 	0.482257 	0.0498358 	
2.1	0.00516053 	-0.409603 	-1.35254 	0.281358 	0.48295 	0.0502779 	
2.105	0.00514872 	-0.409934 	-1.35216 	0.281278 	0.483605 	0.0506396 	
2.11	0.00515318 	-0.410257 	-1.35176 	0.281287 	0.484228 	0.0509367 	
2.115	0.00514659 	-0.410343 	-1.35145 	0.281421 	0.48398 	0.0502305 	
2.12	0.00515467 	-0.410472 	-1.35112 	0.2816 	0.483877 	0.0496731 	
2.125	0.00517417 	-0.410637 	-1.35075 	0.281816 	0.483889 	0.0492346 	
2.13	0.00513453 	-0.411063 	-1.35027 	0.281589 	0.484737 	0.0497259 	
2.135	0.00511518 	-0.411467 	-1.34979 	0.281479 	0.485506 	0.0501259 	
2.14	0.00511182 	-0.411854 	-1.3493 	0.281463 	0.486209 	0.0504525 	
2.145	0.00512096 	-0.412228 	-1.3488 	0.281522 	0.486859 	0.0507201 	
2.15	0.00513983 	-0.412592 	-1.3483 	0.281641 	0.487463 	0.0509404 	
2.155	0.00509108 	-0.412766 	-1.34787 	0.281593 	0.487303 	0.0500817 	
2.16	0.00506314 	-0.412972 	-1.34742 	0.281625 	0.487257 	0.0494007 	
2.165	0.00505156 	-0.413204 	-1.34694 	0.281723 	0.487301 	0.0488618 	
2.17	0.00504356 	-0.413729 	-1.34633 	0.281642 	0.488357 	0.0494834 	
2.175	0.00504729 	-0.414218 	-1.34572 	0.281648 	0.489278 	0.0499861 	
2.18	0.00506021 	-0.414679 	-1.34511 	0.281723 	0.49009 	0.0503933 	
2.185	0.00508022 	-0.415118 	-1.3445 	0.281853 	0.490812 	0.050724 	
2.19	0.00501732 	-0.415398 	-1.34396 	0.281724 	0.490867 	0.0499047 	
2.195	0.00497624 	-0.415693 	-1.3434 	0.281691 	0.490982 	0.0492539 	
2.2	0.00495239 	-0.416001 	-1.34283 	0.281735 	0.491143 	0.0487379 	
2.205	0.0049542 	-0.416566 	-1.34213 	0.281727 	0.49221 	0.0492987 	
2.21	0.00496408 	-0.417091 	-1.34144 	0.281791 	0.493128 	0.0497514 	
2.215	0.00498025 	-0.417585 	-1.34075 	0.281911 	0.493927 	0.0501175 	
2.22	0.00500124 	-0.418055 	-1.34006 	0.282076 	0.494628 	0.0504142 	
2.225	0.00502587 	-0.418506 	-1.33937 	0.282278 	0.495251 	0.0506551 	
2.23	0.00492057 	-0.418906 	-1.33871 	0.281931 	0.495537 	0.0496696 	
2.235	0.00484379 	-0.419302 	-1.33804 	0.281723 	0.495825 	0.0488846 	
2.24	0.00478965 	-0.419696 	-1.33736 	0.281626 	0.496113 	0.0482599 	
2.245	0.00482387 	-0.420295 	-1.33657 	0.281796 	0.497198 	0.0489655 	
2.25	0.00485807 	-0.420853 	-1.3358 	0.282001 	0.498119 	0.0495329 	
2.255	0.00489212 	-0.421376 	-1.33503 	0.282233 	0.49891 	0.0499897 	
2.26	0.00492587 	-0.421873 	-1.33426 	0.282487 	0.499595 	0.0503577 	
2.265	0.00481275 	-0.422369 	-1.33351 	0.282084 	0.500095 	0.0494219 	
2.27	0.00472845 	-0.422844 	-1.33275 	0.281829 	0.500545 	0.0486758 	
2.275	0.00466707 	-0.423303 	-1.33199 	0.281694 	0.500954 	0.0480813 	
2.28	0.00470372 	-0.423914 	-1.33115 	0.281907 	0.501978 	0.0487158 	
2.285	0.00473875 	-0.424482 	-1.33032 	0.282144 	0.502844 	0.0492256 	
2.29	0.00477241 	-0.425018 	-1.3295 	0.282402 	0.503582 	0.0496354 	
2.295	0.00480483 	-0.425526 	-1.32868 	0.282675 	0.504217 	0.0499653 	
2.3	0.00468723 	-0.42611 	-1.32784 	0.282228 	0.504931 	0.0491061 	
2.305	0.00459837 	-0.426659 	-1.32701 	0.281936 	0.505545 	0.0484205 	
2.31	0.00453245 	-0.427179 	-1.32619 	0.281771 	0.506078 	0.0478738 	
2.315	0.00448479 	-0.427676 	-1.32537 	0.281705 	0.506547 	0.0474381 	
2.32	0.00454756 	-0.428337 	-1.32445 	0.282036 	0.507682 	0.0483365 	
2.325	0.00460261 	-0.428948 	-1.32355 	0.282367 	0.50863 	0.0490567 	
2.33	0.00465145 	-0.429519 	-1.32267 	0.282699 	0.509427 	0.0496342 	
2.335	0.00454735 	-0.430095 	-1.3218 	0.282341 	0.510067 	0.0488286 	
2.34	0.00446871 	-0.430639 	-1.32094 	0.282121 	0.510616 	0.0481854 	
2.345	0.00441042 	-0.431155 	-1.32009 	0.282012 	0.511093 	0.0476722 	
2.35	0.00436838 	-0.431651 	-1.31925 	0.281991 	0.511512 	0.0472629 	
2.355	0.00440805 	-0.432374 	-1.31828 	0.282197 	0.512779 	0.0480458 	
2.36	0.00444419 	-0.433036 	-1.31733 	0.282428 	0.513827 	0.0486733 	
2.365	0.00447754 	-0.433648 	-1.31641 	0.282679 	0.514701 	0.0491763 	
2.37	0.00450863 	-0.434219 	-1.31551 	0.282945 	0.515434 	0.0495797 	
2.375	0.00437742 	-0.434786 	-1.31463 	0.282486 	0.515971 	0.0484851 	
2.38	0.00427685 	-0.435321 	-1.31376 	0.282185 	0.516435 	0.0476106 	
2.385	0.00420084 	-0.435831 	-1.31289 	0.282011 	0.51684 	0.046912 	
2.39	0.00424434 	-0.436518 	-1.31193 	0.282265 	0.517958 	0.0476571 	
2.395	0.00428353 	-0.437149 	-1.31098 	0.282535 	0.518885 	0.0482543 	
2.4	0.00431935 	-0.437735 	-1.31007 	0.282816 	0.519661 	0.0487331 	
2.405	0.00435249 	-0.438286 	-1.30917 	0.283107 	0.520315 	0.0491171 	
2.41	0.0042186 	-0.438904 	-1.30826 	0.282606 	0.521012 	0.0481131 	
2.415	0.00411602 	-0.43948 	-1.30736 	0.282272 	0.521603 	0.0473109 	
2.42	0.00403861 	-0.440021 	-1.30648 	0.28207 	0.52211 	0.0466704 	
2.425	0.00408195 	-0.440657 	-1.30554 	0.282352 	0.523058 	0.0473394 	
2.43	0.00412136 	-0.441245 	-1.30463 	0.282644 	0.523851 	0.0478759 	
2.435	0.00415774 	-0.441796 	-1.30373 	0.282942 	0.524519 	0.0483064 	
2.44	0.00419177 	-0.442316 	-1.30286 	0.283247 	0.525088 	0.0486522 	
2.445	0.0040554 	-0.442964 	-1.30194 	0.28271 	0.525897 	0.0477343 	
2.45	0.00395133 	-0.443562 	-1.30104 	0.282345 	0.526579 	0.0470015 	
2.455	0.00387329 	-0.444118 	-1.30017 	0.28212 	0.527159 	0.0464168 	
2.46	0.0038162 	-0.444641 	-1.29931 	0.282005 	0.52766 	0.0459509 	
2.465	0.00389033 	-0.445242 	-1.2984 	0.28243 	0.528563 	0.0469048 	
2.47	0.00395519 	-0.445801 	-1.29752 	0.282835 	0.529321 	0.0476698 	
2.475	0.00401279 	-0.446323 	-1.29666 	0.283225 	0.529965 	0.0482837 	
2.48	0.00389219 	-0.446904 	-1.29579 	0.28278 	0.530614 	0.0474271 	
2.485	0.00380166 	-0.447445 	-1.29495 	0.28249 	0.531172 	0.046744 	
2.49	0.0037354 	-0.447951 	-1.29413 	0.282324 	0.531657 	0.0461997 	
2.495	0.00368873 	-0.448431 	-1.29333 	0.282257 	0.532085 	0.0457668 	
2.5	0.00373709 	-0.44903 	-1.29245 	0.282543 	0.53301 	0.0466023 	
2.505	0.0037824 	-0.449583 	-1.2916 	0.282837 	0.533791 	0.0472734 	
2.51	0.00382549 	-0.450098 	-1.29078 	0.283139 	0.534458 	0.047813 	
2.515	0.00372505 	-0.450604 	-1.28999 	0.282798 	0.534959 	0.0470554 	
2.52	0.00365192 	-0.451081 	-1.28922 	0.282592 	0.535403 	0.0464524 	
2.525	0.00360085 	-0.451532 	-1.28847 	0.282494 	0.535805 	0.0459733 	
2.53	0.00356765 	-0.451962 	-1.28773 	0.282482 	0.536172 	0.0455935 	
2.535	0.00354897 	-0.452375 	-1.28701 	0.282539 	0.536513 	0.0452934 	
2.54	0.00357334 	-0.452993 	-1.28617 	0.282667 	0.537564 	0.0462379 	
2.545	0.00360105 	-0.453555 	-1.28537 	0.282837 	0.538454 	0.0469975 	
2.55	0.00363174 	-0.454071 	-1.2846 	0.283039 	0.539215 	0.0476091 	
2.555	0.00354844 	-0.454446 	-1.28394 	0.282805 	0.539425 	0.046745 	
2.56	0.00349084 	-0.45481 	-1.28329 	0.282685 	0.539645 	0.0460583 	
2.565	0.00345403 	-0.455166 	-1.28266 	0.282657 	0.539876 	0.0455136 	
2.57	0.00343413 	-0.455513 	-1.28203 	0.282701 	0.540117 	0.0450829 	
2.575	0.00343854 	-0.456074 	-1.28128 	0.282729 	0.541072 	0.045945 	
2.58	0.00345204 	-0.456585 	-1.28056 	0.282819 	0.541894 	0.04664 	
2.585	0.00347313 	-0.457054 	-1.27988 	0.282959 	0.542611 	0.0472014 	
2.59	0.00340923 	-0.45735 	-1.27933 	0.282807 	0.542716 	0.0464377 	
2.595	0.003369 	-0.457646 	-1.27878 	0.282753 	0.542862 	0.0458327 	
2.6	0.00334798 	-0.45794 	-1.27824 	0.282778 	0.543044 	0.0453549 	
2.605	0.00334262 	-0.458233 	-1.27771 	0.282867 	0.543255 	0.0449793 	
2.61	0.00332528 	-0.458711 	-1.27708 	0.282792 	0.544056 	0.0457337 	
2.615	0.00336281 	-0.45899 	-1.27656 	0.282978 	0.544258 	0.0460476 	
2.62	0.0033781 	-0.45923 	-1.2761 	0.283237 	0.544432 	0.0463078 	
2.625	0.00341322 	-0.45945 	-1.27565 	0.283498 	0.544532 	0.0464077 	
2.63	0.00344673 	-0.459644 	-1.27522 	0.283739 	0.544561 	0.0462759 	
2.635	0.00330053 	-0.460218 	-1.2746 	0.283021 	0.545643 	0.0458929 	
2.64	0.00321794 	-0.460613 	-1.27409 	0.282674 	0.546251 	0.0455544 	
2.645	0.00317116 	-0.460911 	-1.27364 	0.28246 	0.546575 	0.0453391 	
2.65	0.00313352 	-0.461139 	-1.27325 	0.282349 	0.546731 	0.0451783 	
2.655	0.00309701 	-0.461307 	-1.27291 	0.282292 	0.546744 	0.0450519 	
2.66	0.0030734 	-0.46138 	-1.2726 	0.282343 	0.546472 	0.0450038 	
2.665	0.00310752 	-0.46137 	-1.27249 	0.2824 	0.546295 	0.044744 	
2.67	0.00316496 	-0.461293 	-1.27242 	0.282548 	0.545977 	0.0444846 	
2.675	0.0032284 	-0.461164 	-1.27241 	0.282751 	0.545598 	0.0442194 	
2.68	0.00327236 	-0.461005 	-1.27248 	0.28285 	0.545262 	0.0441551 	
2.685	0.00329812 	-0.460821 	-1.27261 	0.282913 	0.544907 	0.0441739 	
2.69	0.00331071 	-0.460618 	-1.27277 	0.282955 	0.544523 	0.0442065 	
2.695	0.0033137 	-0.4604 	-1.27295 	0.282984 	0.544113 	0.0442368 	
2.7	0.00330916 	-0.46017 	-1.27316 	0.283001 	0.543682 	0.0442607 	
2.705	0.00329867 	-0.459931 	-1.27337 	0.283008 	0.543234 	0.0442758 	
2.71	0.00328375 	-0.459685 	-1.2736 	0.283006 	0.542771 	0.0442823 	
2.715	0.00326575 	-0.459434 	-1.27383 	0.282998 	0.542299 	0.0442832 	
2.72	0.00324576 	-0.459179 	-1.27408 	0.282987 	0.541819 	0.0442821 	
2.725	0.00322439 	-0.45892 	-1.27432 	0.282974 	0.541333 	0.0442815 	
2.73	0.00320201 	-0.45866 	-1.27457 	0.28296 	0.540842 	0.0442818 	
2.735	0.00317888 	-0.458398 	-1.27483 	0.282945 	0.540347 	0.044283 	
2.74	0.00315411 	-0.458135 	-1.27508 	0.28293 	0.53984 	0.0442484 	
2.745	0.00312835 	-0.457871 	-1.27533 	0.282914 	0.539321 	0.0441856 	
2.75	0.00310215 	-0.457606 	-1.27558 	0.282897 	0.538793 	0.0441001 	
2.755	0.00307596 	-0.45734 	-1.27582 	0.28288 	0.538259 	0.043996 	
2.76	0.00305006 	-0.457074 	-1.27607 	0.282864 	0.537718 	0.0438764 	
2.765	0.00302459 	-0.456807 	-1.27631 	0.282849 	0.537174 	0.0437452 	
2.77	0.00299914 	-0.45654 	-1.27655 	0.282835 	0.536627 	0.0436081 	
2.775	0.00297375 	-0.456272 	-1.2768 	0.282821 	0.536078 	0.0434663 	
2.78	0.00294842 	-0.456005 	-1.27704 	0.282808 	0.535528 	0.0433208 	
2.785	0.00292316 	-0.455737 	-1.27728 	0.282796 	0.534975 	0.0431722 	
2.79	0.00289801 	-0.45547 	-1.27752 	0.282785 	0.534421 	0.0430211 	
2.795	0.00287301 	-0.455202 	-1.27776 	0.282776 	0.533866 	0.0428679 	
2.8	0.00284819 	-0.454934 	-1.278 	0.282768 	0.53331 	0.042713 	
2.805	0.00282359 	-0.454666 	-1.27824 	0.282761 	0.532752 	0.0425567 	
2.81	0.00279923 	-0.454397 	-1.27848 	0.282755 	0.532193 	0.0423993 	
2.815	0.00277515 	-0.454129 	-1.27872 	0.282751 	0.531633 	0.042241 	
2.82	0.00275135 	-0.45386 	-1.27896 	0.282748 	0.531073 	0.042082 	
2.825	0.00272785 	-0.453591 	-1.2792 	0.282746 	0.530511 	0.0419224 	
2.83	0.00267524 	-0.453325 	-1.27942 	0.282684 	0.529918 	0.0418189 	
2.835	0.00257843 	-0.453066 	-1.27962 	0.282507 	0.529274 	0.0418053 	
2.84	0.00249172 	-0.452814 	-1.27981 	0.282333 	0.528605 	0.0417961 	
2.845	0.00243602 	-0.452555 	-1.28 	0.28225 	0.527914 	0.041744 	
2.85	0.00239898 	-0.452292 	-1.28017 	0.282228 	0.527205 	0.041666 	
2.855	0.00235017 	-0.452028 	-1.28034 	0.282189 	0.526483 	0.0416066 	
2.86	0.00225305 	-0.451772 	-1.2805 	0.282016 	0.525752 	0.041637 	
2.865	0.00211104 	-0.451523 	-1.2807 	0.281751 	0.525118 	0.041849 	
2.87	0.00192569 	-0.451279 	-1.28089 	0.281405 	0.524457 	0.0421011 	
2.875	0.00173805 	-0.451057 	-1.28109 	0.281004 	0.523773 	0.0423626 	
2.88	0.00159767 	-0.450824 	-1.28126 	0.280785 	0.523061 	0.0425117 	
2.885	0.00150947 	-0.450582 	-1.28142 	0.280708 	0.522332 	0.0425581 	
2.89	0.00144455 	-0.450312 	-1.28154 	0.280819 	0.521613 	0.0425501 	
2.895	0.00134485 	-0.450048 	-1.28165 	0.280714 	0.520837 	0.0425879 	
2.9	0.0012058 	-0.449791 	-1.28179 	0.280453 	0.520072 	0.0427025 	
2.905	0.00106297 	-0.449532 	-1.28193 	0.280208 	0.519303 	0.0428145 	
2.91	0.000943462 	-0.44926 	-1.28216 	0.279949 	0.518706 	0.042825 	
2.915	0.000840854 	-0.448987 	-1.28238 	0.279762 	0.518073 	0.0428234 	
2.92	0.000762847 	-0.448705 	-1.28262 	0.279621 	0.517478 	0.0428004 	
2.925	0.000703476 	-0.448416 	-1.28287 	0.279526 	0.516894 	0.0427865 	
2.93	0.000683033 	-0.448121 	-1.28313 	0.279527 	0.516317 	0.0427258 	
2.935	0.00069251 	-0.447821 	-1.28337 	0.279594 	0.515741 	0.0426447 	
2.94	0.00069566 	-0.447519 	-1.28362 	0.279637 	0.515161 	0.0425873 	
2.945	0.000693043 	-0.447216 	-1.28387 	0.27967 	0.514579 	0.0425498 	
2.95	0.000684677 	-0.446914 	-1.28412 	0.279693 	0.513995 	0.0425269 	
2.955	0.000670774 	-0.446611 	-1.28437 	0.279707 	0.513409 	0.0425144 	
2.96	0.000678417 	-0.446305 	-1.28462 	0.279776 	0.512814 	0.0424693 	
2.965	0.000703391 	-0.445998 	-1.28486 	0.27988 	0.512215 	0.0424012 	
2.97	0.00073687 	-0.44569 	-1.2851 	0.280007 	0.511614 	0.0423187 	
2.975	0.000773701 	-0.445382 	-1.28534 	0.280142 	0.511016 	0.0422265 	
2.98	0.000812194 	-0.445076 	-1.28557 	0.280286 	0.510404 	0.0421288 	
2.985	0.000847842 	-0.444773 	-1.2858 	0.280431 	0.509792 	0.0420248 	
2.99	0.000881665 	-0.444472 	-1.28604 	0.280565 	0.509201 	0.0419139 	
2.995	0.000913671 	-0.444172 	-1.28628 	0.280695 	0.508617 	0.0418008 	
3	0.000947863 	-0.443872 	-1.28653 	0.280836 	0.50804 	0.0416732 	
3.005	0.000971444 	-0.443575 	-1.28677 	0.280969 	0.507464 	0.041582 	
3.01	0.000991023 	-0.443279 	-1.28702 	0.28109 	0.506896 	0.0414948 	
3.015	0.00100864 	-0.442983 	-1.28727 	0.281207 	0.506329 	0.0414087 	
3.02	0.00102549 	-0.442687 	-1.28752 	0.281321 	0.505763 	0.0413237 	
3.025	0.00104217 	-0.44239 	-1.28778 	0.281434 	0.505196 	0.0412413 	
3.03	0.00105889 	-0.442091 	-1.28803 	0.281546 	0.504629 	0.0411629 	
3.035	0.00106474 	-0.441796 	-1.28827 	0.281627 	0.504044 	0.0410802 	
3.04	0.00107028 	-0.4415 	-1.28851 	0.281692 	0.503452 	0.040991 	
3.045	0.00108002 	-0.441203 	-1.28875 	0.281767 	0.502856 	0.0408684 	
3.05	0.00107895 	-0.440905 	-1.289 	0.281803 	0.502265 	0.04073 	
3.055	0.00107245 	-0.440606 	-1.28925 	0.281816 	0.501678 	0.0405811 	
3.06	0.00106774 	-0.440305 	-1.2895 	0.281852 	0.501086 	0.0404301 	
3.065	0.00106893 	-0.440002 	-1.28974 	0.281904 	0.500491 	0.0402673 	
3.07	0.00107449 	-0.439698 	-1.28998 	0.28197 	0.499892 	0.0400918 	
3.075	0.00107274 	-0.439396 	-1.29023 	0.281999 	0.499299 	0.039963 	
3.08	0.00106849 	-0.439093 	-1.29049 	0.282027 	0.498706 	0.039861 	
3.085	0.00103682 	-0.438795 	-1.29074 	0.281992 	0.498107 	0.0398002 	
3.09	0.000998704 	-0.438496 	-1.29099 	0.281944 	0.497509 	0.0397526 	
3.095	0.000947178 	-0.438197 	-1.29125 	0.281867 	0.496908 	0.039723 	
3.1	0.000902355 	-0.437894 	-1.2915 	0.281809 	0.496304 	0.0396568 	
3.105	0.000855611 	-0.43759 	-1.29175 	0.281748 	0.49568 	0.0395458 	
3.11	0.000813265 	-0.437283 	-1.29199 	0.281688 	0.495052 	0.0394054 	
3.115	0.000783241 	-0.436971 	-1.29224 	0.281657 	0.494419 	0.0392483 	
3.12	0.000769488 	-0.436653 	-1.29248 	0.281668 	0.493783 	0.0390787 	
3.125	0.000762022 	-0.436332 	-1.29272 	0.281693 	0.493145 	0.0389034 	
3.13	0.000756475 	-0.436009 	-1.29296 	0.281722 	0.492504 	0.0387256 	
3.135	0.000750966 	-0.435686 	-1.29321 	0.281749 	0.491862 	0.0385467 	
3.14	0.000722534 	-0.435366 	-1.29346 	0.281724 	0.491228 	0.0384733 	
3.145	0.000684115 	-0.435049 	-1.29371 	0.281683 	0.490594 	0.0384504 	
3.15	0.000643221 	-0.434733 	-1.29396 	0.281644 	0.489961 	0.0384523 	
3.155	0.000596904 	-0.434419 	-1.29422 	0.281586 	0.489331 	0.0384641 	
3.16	0.000549354 	-0.434106 	-1.29448 	0.281525 	0.488704 	0.0384743 	
3.165	0.000507798 	-0.433792 	-1.29474 	0.281482 	0.488083 	0.0384571 	
3.17	0.000485105 	-0.433474 	-1.295 	0.281491 	0.487471 	0.0384401 	
3.175	0.000473924 	-0.433154 	-1.29526 	0.281525 	0.486857 	0.038394 	
3.18	0.000456214 	-0.432836 	-1.29552 	0.281536 	0.486242 	0.038383 	
3.185	0.000430662 	-0.432519 	-1.29578 	0.281531 	0.485623 	0.0383843 	
3.19	0.000408557 	-0.432199 	-1.29604 	0.281543 	0.485 	0.0383641 	
3.195	0.00039031 	-0.431879 	-1.29631 	0.281566 	0.484383 	0.0383456 	
3.2	0.000366655 	-0.431561 	-1.29657 	0.28157 	0.483765 	0.0383357 	
3.205	0.000338866 	-0.431243 	-1.29683 	0.281567 	0.483142 	0.0383283 	
3.21	0.000315169 	-0.430924 	-1.29709 	0.281578 	0.482523 	0.0383248 	
3.215	0.000290259 	-0.430605 	-1.29735 	0.281582 	0.481899 	0.038318 	
3.22	0.000271886 	-0.430286 	-1.29761 	0.281609 	0.48128 	0.0383212 	
3.225	0.000255919 	-0.429967 	-1.29786 	0.281643 	0.480663 	0.0383292 	
3.23	0.00023171 	-0.429652 	-1.29812 	0.281649 	0.480042 	0.0383388 	
3.235	0.000192672 	-0.429341 	-1.29837 	0.281611 	0.479417 	0.038377 	
3.24	0.000147754 	-0.429032 	-1.29863 	0.281557 	0.478792 	0.0384212 	
3.245	0.000105122 	-0.428722 	-1.29889 	0.281514 	0.478172 	0.0384528 	
3.25	6.35311e-05 	-0.428413 	-1.29914 	0.281474 	0.477553 	0.0384792 	
3.255	2.20698e-05 	-0.428105 	-1.2994 	0.281433 	0.476935 	0.038505 	
3.26	-1.7814e-05 	-0.427796 	-1.29966 	0.281398 	0.476319 	0.038523 	
3.265	-5.56266e-05 	-0.427487 	-1.29991 	0.281368 	0.475704 	0.038534 	
3.27	-9.12353e-05 	-0.427178 	-1.30017 	0.281345 	0.47509 	0.0385401 	
3.275	-0.000125679 	-0.426869 	-1.30042 	0.281326 	0.474476 	0.0385447 	
3.28	-0.000159086 	-0.426559 	-1.30068 	0.281309 	0.473862 	0.0385431 	
3.285	-0.000192294 	-0.42625 	-1.30094 	0.281293 	0.473247 	0.0385391 	
3.29	-0.000225597 	-0.42594 	-1.30119 	0.281277 	0.472632 	0.038534 	
3.295	-0.0002591 	-0.425631 	-1.30144 	0.281261 	0.472016 	0.0385285 	
3.3	-0.000292778 	-0.425321 	-1.3017 	0.281243 	0.4714 	0.0385131 	
3.305	-0.000316021 	-0.425009 	-1.30195 	0.281247 	0.470785 	0.0384871 	
3.31	-0.000352163 	-0.424699 	-1.3022 	0.281211 	0.470159 	0.0384934 	
3.315	-0.000416571 	-0.424395 	-1.30244 	0.281113 	0.469517 	0.0385559 	
3.32	-0.000485387 	-0.42409 	-1.30268 	0.281006 	0.468876 	0.0385537 	
3.325	-0.000578271 	-0.423789 	-1.30292 	0.280845 	0.468228 	0.0385829 	
3.33	-0.000682355 	-0.423489 	-1.30317 	0.28067 	0.467579 	0.0386157 	
3.335	-0.000790118 	-0.423187 	-1.30341 	0.280483 	0.466927 	0.038649 	
3.34	-0.000893538 	-0.422883 	-1.30366 	0.280305 	0.466272 	0.0386687 	
3.345	-0.000989181 	-0.422574 	-1.30391 	0.280149 	0.465617 	0.0386861 	
3.35	-0.00107464 	-0.422261 	-1.30416 	0.280021 	0.464959 	0.0386922 	
3.355	-0.0011839 	-0.421953 	-1.3044 	0.279834 	0.464289 	0.0387395 	
3.36	-0.00129873 	-0.421655 	-1.30466 	0.279597 	0.463615 	0.0388071 	
3.365	-0.00137536 	-0.421349 	-1.30492 	0.279451 	0.462968 	0.038818 	
3.37	-0.00142443 	-0.421037 	-1.30518 	0.279383 	0.462331 	0.0388152 	
3.375	-0.001458 	-0.420722 	-1.30543 	0.279353 	0.461697 	0.0388077 	
3.38	-0.00148028 	-0.420405 	-1.30568 	0.279355 	0.461059 	0.0388001 	
3.385	-0.0014956 	-0.420085 	-1.30593 	0.279372 	0.460419 	0.038791 	
3.39	-0.00151655 	-0.419768 	-1.30618 	0.27936 	0.459777 	0.0387777 	
3.395	-0.00152657 	-0.419447 	-1.30643 	0.279383 	0.459143 	0.0387606 	
3.4	-0.00154645 	-0.41913 	-1.30668 	0.279387 	0.458503 	0.0387758 	
3.405	-0.0015732 	-0.418815 	-1.30692 	0.279377 	0.457861 	0.0388068 	
3.41	-0.0016038 	-0.418501 	-1.30717 	0.27936 	0.457217 	0.0388348 	
3.415	-0.00163667 	-0.418187 	-1.30741 	0.279339 	0.456573 	0.038851 	
3.42	-0.00167421 	-0.417875 	-1.30766 	0.279306 	0.455926 	0.0388678 	
3.425	-0.00171441 	-0.417563 	-1.3079 	0.279268 	0.455278 	0.0388742 	
3.43	-0.00174649 	-0.417248 	-1.30814 	0.279253 	0.454639 	0.0388741 	
3.435	-0.00178209 	-0.416932 	-1.30838 	0.279232 	0.453985 	0.0388759 	
3.44	-0.00181756 	-0.416617 	-1.30862 	0.279208 	0.453329 	0.0388492 	
3.445	-0.00185475 	-0.416302 	-1.30886 	0.279178 	0.452673 	0.0388088 	
3.45	-0.00189069 	-0.415986 	-1.3091 	0.279147 	0.45202 	0.0387481 	
3.455	-0.00192577 	-0.41567 	-1.30934 	0.279116 	0.451368 	0.0386718 	
3.46	-0.00196362 	-0.415355 	-1.30959 	0.279077 	0.450717 	0.0386051 	
3.465	-0.0020003 	-0.41504 	-1.30983 	0.279041 	0.450065 	0.0385238 	
3.47	-0.00203674 	-0.414724 	-1.31007 	0.279009 	0.449415 	0.038475 	
3.475	-0.00207808 	-0.414408 	-1.31031 	0.278965 	0.448766 	0.0384588 	
3.48	-0.00211912 	-0.414092 	-1.31056 	0.278944 	0.448118 	0.0384292 	
3.485	-0.00215492 	-0.413774 	-1.31081 	0.278941 	0.44747 	0.0383932 	
3.49	-0.00219542 	-0.413456 	-1.31105 	0.278921 	0.446819 	0.0383876 	
3.495	-0.00223873 	-0.413138 	-1.3113 	0.278893 	0.446167 	0.0383921 	
3.5	-0.00229006 	-0.412821 	-1.31154 	0.278853 	0.445511 	0.0383973 	
3.505	-0.00233896 	-0.412502 	-1.31179 	0.278818 	0.444853 	0.0383941 	
3.51	-0.00239007 	-0.412183 	-1.31204 	0.278774 	0.444192 	0.0383998 	
3.515	-0.00242792 	-0.41186 	-1.31228 	0.278768 	0.443534 	0.038399 	
3.52	-0.00246022 	-0.411535 	-1.31252 	0.27878 	0.442875 	0.0384024 	
3.525	-0.00249929 	-0.411213 	-1.31277 	0.278762 	0.442211 	0.038404 	
3.53	-0.0025389 	-0.410891 	-1.31301 	0.278741 	0.441548 	0.0384048 	
3.535	-0.00257212 	-0.410567 	-1.31326 	0.278733 	0.440887 	0.0384048 	
3.54	-0.00260342 	-0.410242 	-1.3135 	0.278732 	0.440226 	0.0384045 	
3.545	-0.00262089 	-0.409913 	-1.31374 	0.278769 	0.439567 	0.0384049 	
3.55	-0.00263497 	-0.409581 	-1.31398 	0.278825 	0.4389 	0.038413 	
3.555	-0.00263701 	-0.409246 	-1.31422 	0.278907 	0.438237 	0.0384159 	
3.56	-0.00264606 	-0.408912 	-1.31446 	0.278964 	0.437569 	0.0384153 	
3.565	-0.0026754 	-0.408584 	-1.3147 	0.278964 	0.436888 	0.0384282 	
3.57	-0.00270529 	-0.408255 	-1.31493 	0.278969 	0.436207 	0.0384428 	
3.575	-0.0027491 	-0.407929 	-1.31517 	0.278934 	0.435522 	0.0384502 	
3.58	-0.00279302 	-0.407605 	-1.31541 	0.278901 	0.434848 	0.0384507 	
3.585	-0.00282146 	-0.407276 	-1.31565 	0.278911 	0.434179 	0.0384504 	
3.59	-0.00285463 	-0.406948 	-1.31589 	0.278899 	0.433504 	0.0384373 	
3.595	-0.00289046 	-0.40662 	-1.31613 	0.278882 	0.432826 	0.0384245 	
3.6	-0.00293828 	-0.406295 	-1.31636 	0.27883 	0.432135 	0.0384331 	
3.605	-0.00297234 	-0.40597 	-1.3166 	0.278821 	0.431461 	0.0384505 	
3.61	-0.00300382 	-0.405646 	-1.31684 	0.278814 	0.430786 	0.0384463 	
3.615	-0.0030277 	-0.405322 	-1.31707 	0.278809 	0.430115 	0.0384451 	
3.62	-0.00304825 	-0.404998 	-1.3173 	0.278817 	0.429448 	0.0384573 	
3.625	-0.00306799 	-0.404677 	-1.31754 	0.278828 	0.428783 	0.0384722 	
3.63	-0.0030799 	-0.404355 	-1.31777 	0.278873 	0.428124 	0.0384848 	
3.635	-0.003104 	-0.404274 	-1.31792 	0.278892 	0.427794 	0.0384927 	
3.64	-0.00311919 	-0.404189 	-1.31806 	0.278878 	0.427446 	0.0384999 	
3.645	-0.00312763 	-0.404092 	-1.31819 	0.27887 	0.427093 	0.0384983 	
3.65	-0.00313155 	-0.403981 	-1.31832 	0.27887 	0.426733 	0.0385067 	
3.655	-0.00314121 	-0.403853 	-1.31845 	0.278855 	0.426353 	0.0385197 	
3.66	-0.0031567 	-0.403709 	-1.31859 	0.278832 	0.425951 	0.0385345 	
3.665	-0.00317636 	-0.403549 	-1.31873 	0.278806 	0.425523 	0.0385402 	
3.67	-0.00319995 	-0.403373 	-1.31888 	0.278776 	0.425072 	0.0385323 	
3.675	-0.00322711 	-0.403181 	-1.31903 	0.278741 	0.424598 	0.0385119 	
3.68	-0.00325736 	-0.402976 	-1.31919 	0.278703 	0.424102 	0.0384867 	
3.685	-0.00329035 	-0.402757 	-1.31936 	0.278665 	0.423584 	0.0384662 	
3.69	-0.00332592 	-0.402527 	-1.31953 	0.278625 	0.423047 	0.0384527 	
3.695	-0.00336405 	-0.402286 	-1.31971 	0.278585 	0.422491 	0.0384509 	
3.7	-0.003404 	-0.402035 	-1.3199 	0.278541 	0.421918 	0.0384263 	
3.705	-0.00344367 	-0.401774 	-1.32009 	0.278508 	0.421333 	0.0384463 	
3.71	-0.00348648 	-0.401506 	-1.32028 	0.278469 	0.420732 	0.0384703 	
3.715	-0.00353129 	-0.401232 	-1.32048 	0.278429 	0.420118 	0.0385028 	
3.72	-0.00357754 	-0.400951 	-1.32068 	0.278387 	0.419493 	0.038538 	
3.725	-0.00362497 	-0.400666 	-1.32089 	0.278345 	0.418857 	0.0385743 	
3.73	-0.00367438 	-0.400374 	-1.3211 	0.278292 	0.418217 	0.0385861 	
3.735	-0.00372553 	-0.400077 	-1.32131 	0.278235 	0.41757 	0.0385896 	
3.74	-0.00377795 	-0.399775 	-1.32153 	0.278177 	0.416914 	0.0385909 	
3.745	-0.00383032 	-0.39947 	-1.32175 	0.278119 	0.416255 	0.0385833 	
3.75	-0.00388395 	-0.399161 	-1.32197 	0.278062 	0.415587 	0.0385857 	
3.755	-0.00393863 	-0.398849 	-1.32219 	0.278004 	0.414913 	0.0385907 	
3.76	-0.00399426 	-0.398534 	-1.32241 	0.277945 	0.414232 	0.0385963 	
3.765	-0.00404305 	-0.398215 	-1.32264 	0.277909 	0.413551 	0.0385919 	
3.77	-0.00409042 	-0.397895 	-1.32286 	0.277876 	0.412867 	0.0385869 	
3.775	-0.0041372 	-0.397573 	-1.32309 	0.277843 	0.412179 	0.0385816 	
3.78	-0.00419051 	-0.397251 	-1.32332 	0.277788 	0.411485 	0.038577 	
3.785	-0.00424066 	-0.396928 	-1.32354 	0.277745 	0.410791 	0.0385698 	
3.79	-0.00428693 	-0.396603 	-1.32377 	0.277715 	0.410097 	0.0385688 	
3.795	-0.00433214 	-0.396275 	-1.324 	0.277689 	0.409397 	0.0385674 	
3.8	-0.00437001 	-0.395942 	-1.32422 	0.277677 	0.408694 	0.0385668 	
3.805	-0.00439839 	-0.395606 	-1.32445 	0.277695 	0.407989 	0.0385685 	
3.81	-0.00443819 	-0.395271 	-1.32468 	0.277668 	0.407276 	0.0385663 	
3.815	-0.00448052 	-0.394936 	-1.3249 	0.277638 	0.406558 	0.038567 	
3.82	-0.00452584 	-0.3946 	-1.32513 	0.277604 	0.405837 	0.038561 	
3.825	-0.00457609 	-0.394265 	-1.32535 	0.277556 	0.405113 	0.0385476 	
3.83	-0.00463625 	-0.39393 	-1.32557 	0.277511 	0.404388 	0.0385396 	
3.835	-0.00469821 	-0.393595 	-1.3258 	0.277482 	0.403664 	0.0385218 	
3.84	-0.00475586 	-0.393261 	-1.32602 	0.277464 	0.402942 	0.0385197 	
3.845	-0.00481205 	-0.392926 	-1.32625 	0.277443 	0.402219 	0.0385146 	
3.85	-0.00486876 	-0.392589 	-1.32647 	0.277406 	0.401489 	0.0384841 	
3.855	-0.0049218 	-0.392261 	-1.32669 	0.277377 	0.400775 	0.0384593 	
3.86	-0.00497789 	-0.391953 	-1.3269 	0.277332 	0.400087 	0.0384335 	
3.865	-0.00502853 	-0.391653 	-1.32711 	0.277297 	0.399412 	0.0384078 	
3.87	-0.00507532 	-0.39136 	-1.32732 	0.277269 	0.39875 	0.0383828 	
3.875	-0.00511961 	-0.391074 	-1.32752 	0.277243 	0.398101 	0.0383596 	
3.88	-0.00516196 	-0.390797 	-1.32772 	0.277219 	0.397464 	0.0383394 	
3.885	-0.00520259 	-0.390526 	-1.32791 	0.277196 	0.396839 	0.0383232 	
3.89	-0.00524167 	-0.390261 	-1.3281 	0.277176 	0.396223 	0.0383119 	
3.895	-0.00527933 	-0.390003 	-1.32829 	0.277158 	0.395617 	0.0383062 	
3.9	-0.00531567 	-0.389749 	-1.32847 	0.277142 	0.395019 	0.0383066 	
3.905	-0.00535244 	-0.389489 	-1.32866 	0.27712 	0.394415 	0.038305 	
3.91	-0.00538987 	-0.389222 	-1.32884 	0.277096 	0.393802 	0.0383052 	
3.915	-0.00542898 	-0.388949 	-1.32903 	0.277073 	0.393179 	0.0383049 	
3.92	-0.00546952 	-0.388669 	-1.32923 	0.277047 	0.392547 	0.0383057 	
3.925	-0.00551069 	-0.388384 	-1.32942 	0.277021 	0.391905 	0.0383068 	
3.93	-0.0055499 	-0.388091 	-1.32962 	0.277 	0.391254 	0.0383043 	
3.935	-0.00559042 	-0.387794 	-1.32982 	0.276975 	0.390593 	0.0383041 	
3.94	-0.00562962 	-0.387504 	-1.33002 	0.276959 	0.389938 	0.0383145 	
3.945	-0.00566565 	-0.387221 	-1.33021 	0.276955 	0.389292 	0.0383351 	
3.95	-0.00569492 	-0.386937 	-1.3304 	0.276973 	0.388647 	0.0383554 	
3.955	-0.00572145 	-0.386653 	-1.33058 	0.276998 	0.388002 	0.0383765 	
3.96	-0.00574671 	-0.386367 	-1.33077 	0.277025 	0.387354 	0.038399 	
3.965	-0.0057713 	-0.386081 	-1.33096 	0.277053 	0.386704 	0.038423 	
3.97	-0.00579549 	-0.385795 	-1.33114 	0.277083 	0.386053 	0.0384485 	
3.975	-0.0058194 	-0.385507 	-1.33133 	0.277112 	0.385399 	0.0384754 	
3.98	-0.00584311 	-0.385219 	-1.33151 	0.277143 	0.384744 	0.0385035 	
3.985	-0.00586666 	-0.38493 	-1.3317 	0.277174 	0.384087 	0.0385329 	
3.99	-0.00588094 	-0.384637 	-1.33189 	0.277216 	0.383425 	0.0385605 	
3.995	-0.00588469 	-0.384336 	-1.33207 	0.277286 	0.382757 	0.0385821 	
4	-0.00588521 	-0.384029 	-1.33226 	0.277366 	0.382082 	0.0386015 	
4.005	-0.00588619 	-0.383719 	-1.33245 	0.277447 	0.381399 	0.0386206 	
4.01	-0.00589652 	-0.383412 	-1.33263 	0.277493 	0.380717 	0.0386355 	
4.015	-0.00590393 	-0.383101 	-1.33282 	0.277559 	0.380031 	0.0386542 	
4.02	-0.00591358 	-0.382792 	-1.33301 	0.27762 	0.379346 	0.038674 	
4.025	-0.00593122 	-0.382479 	-1.3332 	0.277653 	0.378648 	0.0386868 	
4.03	-0.00597056 	-0.382177 	-1.33338 	0.277616 	0.377946 	0.0387145 	
4.035	-0.00601314 	-0.381887 	-1.33357 	0.277578 	0.377268 	0.0387386 	
4.04	-0.0060587 	-0.381625 	-1.33374 	0.277531 	0.376634 	0.0387628 	
4.045	-0.00610339 	-0.381389 	-1.33391 	0.277482 	0.376041 	0.038784 	
4.05	-0.00614518 	-0.381192 	-1.33406 	0.277437 	0.375511 	0.0388019 	
4.055	-0.00618707 	-0.380997 	-1.33421 	0.277377 	0.37498 	0.0388029 	
4.06	-0.00620749 	-0.380792 	-1.33436 	0.277394 	0.374458 	0.0388148 	
4.065	-0.00621931 	-0.380575 	-1.3345 	0.277434 	0.373925 	0.0388295 	
4.07	-0.00622816 	-0.380347 	-1.33465 	0.277484 	0.373375 	0.0388495 	
4.075	-0.00623456 	-0.380104 	-1.3348 	0.27754 	0.372803 	0.0388723 	
4.08	-0.006238 	-0.379848 	-1.33496 	0.277608 	0.372209 	0.0388962 	
4.085	-0.00625014 	-0.379585 	-1.33512 	0.277656 	0.371595 	0.0389302 	
4.09	-0.00627078 	-0.379317 	-1.33528 	0.277683 	0.370962 	0.0389645 	
4.095	-0.00629404 	-0.379041 	-1.33545 	0.277708 	0.370316 	0.038976 	
4.1	-0.00633118 	-0.378762 	-1.33562 	0.277689 	0.369654 	0.0390082 	
4.105	-0.00637191 	-0.378476 	-1.3358 	0.27766 	0.368988 	0.0390206 	
4.11	-0.00642211 	-0.378196 	-1.33598 	0.277623 	0.368316 	0.0390313 	
4.115	-0.006476 	-0.37795 	-1.33614 	0.277581 	0.367691 	0.039059 	
4.12	-0.00652625 	-0.3777 	-1.33631 	0.277545 	0.36706 	0.039096 	
4.125	-0.0065753 	-0.377446 	-1.33648 	0.277513 	0.366422 	0.0391392 	
4.13	-0.00662419 	-0.377186 	-1.33664 	0.27748 	0.365777 	0.0391848 	
4.135	-0.0066786 	-0.376932 	-1.33681 	0.277422 	0.365141 	0.0391968 	
4.14	-0.00673368 	-0.376688 	-1.33697 	0.277358 	0.364523 	0.0391972 	
4.145	-0.00678797 	-0.376454 	-1.33712 	0.277292 	0.36392 	0.0391895 	
4.15	-0.00683333 	-0.376292 	-1.33727 	0.277237 	0.363397 	0.0391987 	
4.155	-0.00687035 	-0.376128 	-1.33742 	0.277196 	0.362872 	0.0391672 	
4.16	-0.00690608 	-0.375958 	-1.33755 	0.277156 	0.362348 	0.039153 	
4.165	-0.00694086 	-0.375782 	-1.33769 	0.277123 	0.361827 	0.0391687 	
4.17	-0.00697282 	-0.375604 	-1.33783 	0.2771 	0.361309 	0.039205 	
4.175	-0.00700548 	-0.37543 	-1.33796 	0.277081 	0.360822 	0.03923 	
4.18	-0.00703828 	-0.375246 	-1.33809 	0.277057 	0.360323 	0.039242 	
4.185	-0.00707132 	-0.375048 	-1.33823 	0.277034 	0.359805 	0.0392477 	
4.19	-0.00710554 	-0.374836 	-1.33837 	0.277011 	0.359264 	0.0392513 	
4.195	-0.00714146 	-0.374609 	-1.33852 	0.276986 	0.358699 	0.0392546 	
4.2	-0.00717916 	-0.374368 	-1.33867 	0.276961 	0.358111 	0.0392579 	
4.205	-0.00721859 	-0.374116 	-1.33883 	0.276935 	0.357502 	0.0392613 	
4.21	-0.00726037 	-0.373853 	-1.33899 	0.276905 	0.356872 	0.0392529 	
4.215	-0.00730313 	-0.373579 	-1.33916 	0.276876 	0.356224 	0.0392536 	
4.22	-0.00734719 	-0.373297 	-1.33933 	0.276847 	0.35556 	0.0392614 	
4.225	-0.00739275 	-0.373006 	-1.33951 	0.276818 	0.354881 	0.0392705 	
4.23	-0.00743582 	-0.372707 	-1.33968 	0.276817 	0.354195 	0.0392823 	
4.235	-0.00748 	-0.372406 	-1.33986 	0.276807 	0.353502 	0.0393077 	
4.24	-0.00752409 	-0.372104 	-1.34004 	0.276794 	0.352804 	0.0393381 	
4.245	-0.0075678 	-0.371802 	-1.34022 	0.27678 	0.352102 	0.0393707 	
4.25	-0.00761444 	-0.371501 	-1.3404 	0.276759 	0.351395 	0.0393843 	
4.255	-0.00766181 	-0.3712 	-1.34058 	0.276738 	0.350685 	0.0393975 	
4.26	-0.0077109 	-0.370899 	-1.34076 	0.27671 	0.349974 	0.0394022 	
4.265	-0.00776172 	-0.370597 	-1.34094 	0.276677 	0.349256 	0.0394173 	
4.27	-0.00781367 	-0.370292 	-1.34112 	0.276642 	0.348532 	0.0394353 	
4.275	-0.00786519 	-0.369984 	-1.3413 	0.276606 	0.347807 	0.0394393 	
4.28	-0.00791696 	-0.369671 	-1.34148 	0.27657 	0.347075 	0.0394403 	
4.285	-0.00796911 	-0.369371 	-1.34166 	0.276542 	0.346368 	0.0394724 	
4.29	-0.00802006 	-0.369072 	-1.34183 	0.27652 	0.345656 	0.0395317 	
4.295	-0.0080727 	-0.368769 	-1.342 	0.276486 	0.344932 	0.0395706 	
4.3	-0.00811811 	-0.368459 	-1.34218 	0.276478 	0.3442 	0.0395879 	
4.305	-0.0081627 	-0.368146 	-1.34235 	0.276472 	0.343459 	0.0395993 	
4.31	-0.00820647 	-0.367913 	-1.34251 	0.27646 	0.342852 	0.0395752 	
4.315	-0.0082442 	-0.367675 	-1.34266 	0.276452 	0.342232 	0.0395604 	
4.32	-0.00827959 	-0.367429 	-1.34281 	0.276448 	0.341604 	0.039551 	
4.325	-0.00831429 	-0.367175 	-1.34297 	0.276448 	0.340965 	0.0395434 	
4.33	-0.00834932 	-0.366913 	-1.34312 	0.276449 	0.340316 	0.0395368 	
4.335	-0.00838552 	-0.366644 	-1.34328 	0.276448 	0.339654 	0.0395315 	
4.34	-0.00842355 	-0.366367 	-1.34344 	0.276446 	0.33898 	0.0395284 	
4.345	-0.00846535 	-0.366084 	-1.3436 	0.276434 	0.338293 	0.0395326 	
4.35	-0.00850993 	-0.365796 	-1.34376 	0.276418 	0.337597 	0.0395421 	
4.355	-0.00855828 	-0.365505 	-1.34392 	0.276395 	0.336886 	0.0395709 	
4.36	-0.00860169 	-0.365363 	-1.34405 	0.276376 	0.336433 	0.0395625 	
4.365	-0.00863118 	-0.365208 	-1.34418 	0.276366 	0.335956 	0.039555 	
4.37	-0.00865731 	-0.36504 	-1.3443 	0.276354 	0.335459 	0.0395478 	
4.375	-0.00868541 	-0.364857 	-1.34442 	0.276336 	0.334942 	0.0395438 	
4.38	-0.0087167 	-0.36466 	-1.34455 	0.276312 	0.334403 	0.0395384 	
4.385	-0.00875061 	-0.364449 	-1.34468 	0.276286 	0.333842 	0.0395326 	
4.39	-0.0087869 	-0.364223 	-1.34482 	0.276259 	0.333257 	0.0395267 	
4.395	-0.00882541 	-0.363985 	-1.34496 	0.27623 	0.33265 	0.0395207 	
4.4	-0.00886599 	-0.363734 	-1.3451 	0.2762 	0.332021 	0.0395144 	
4.405	-0.0089085 	-0.363471 	-1.34525 	0.276169 	0.331371 	0.0395077 	
4.41	-0.00895277 	-0.363199 	-1.3454 	0.276137 	0.330701 	0.0395003 	
4.415	-0.00899866 	-0.362917 	-1.34556 	0.276104 	0.330012 	0.0394923 	
4.42	-0.00904603 	-0.362626 	-1.34572 	0.27607 	0.329308 	0.0394835 	
4.425	-0.00909333 	-0.362327 	-1.34588 	0.276041 	0.328589 	0.0394796 	
4.43	-0.00914245 	-0.362022 	-1.34604 	0.27601 	0.327856 	0.0394802 	
4.435	-0.00919174 	-0.36171 	-1.34621 	0.275981 	0.327111 	0.0394784 	
4.44	-0.00924161 	-0.361392 	-1.34638 	0.275952 	0.326355 	0.0394757 	
4.445	-0.00929093 	-0.361069 	-1.34655 	0.275928 	0.325589 	0.0394708 	
4.45	-0.00934183 	-0.360742 	-1.34672 	0.2759 	0.324813 	0.039467 	
4.455	-0.00938806 	-0.36041 	-1.3469 	0.275889 	0.324028 	0.0394615 	
4.46	-0.00944078 	-0.360079 	-1.34707 	0.275852 	0.323238 	0.0394641 	
4.465	-0.00947686 	-0.359839 	-1.34725 	0.275815 	0.32253 	0.0392728 	
4.47	-0.00951229 	-0.359607 	-1.34742 	0.275779 	0.321852 	0.0392024 	
4.475	-0.0095454 	-0.359377 	-1.34757 	0.275758 	0.321196 	0.0391791 	
4.48	-0.00957538 	-0.359143 	-1.34772 	0.275746 	0.320551 	0.0391664 	
4.485	-0.00961026 	-0.358905 	-1.34786 	0.275719 	0.319904 	0.039155 	
4.49	-0.00964776 	-0.35866 	-1.34801 	0.275689 	0.319252 	0.039143 	
4.495	-0.00968698 	-0.358408 	-1.34815 	0.275659 	0.318594 	0.0391396 	
4.5	-0.00972841 	-0.358148 	-1.3483 	0.275627 	0.317923 	0.0391291 	
4.505	-0.00977166 	-0.357878 	-1.34844 	0.275594 	0.317238 	0.0391165 	
4.51	-0.00981623 	-0.357601 	-1.34859 	0.275562 	0.316541 	0.039112 	
4.515	-0.00986235 	-0.357315 	-1.34874 	0.27553 	0.315831 	0.0391096 	
4.52	-0.00990998 	-0.357023 	-1.3489 	0.275497 	0.315108 	0.0391075 	
4.525	-0.00995853 	-0.356723 	-1.34905 	0.275466 	0.314372 	0.0391064 	
4.53	-0.0100034 	-0.356415 	-1.34921 	0.275449 	0.313625 	0.0391213 	
4.535	-0.0100452 	-0.3561 	-1.34937 	0.275444 	0.312868 	0.039149 	
4.54	-0.0100867 	-0.35578 	-1.34953 	0.275443 	0.312099 	0.0391826 	
4.545	-0.0101378 	-0.355458 	-1.34969 	0.275408 	0.311316 	0.0391944 	
4.55	-0.010192 	-0.355134 	-1.34986 	0.275367 	0.310525 	0.0392073 	
4.555	-0.0102459 	-0.354809 	-1.35002 	0.27533 	0.309732 	0.0392158 	
4.56	-0.0102986 	-0.354482 	-1.35019 	0.275298 	0.308936 	0.0392255 	
4.565	-0.0103538 	-0.354153 	-1.35035 	0.27526 	0.308136 	0.0392339 	
4.57	-0.0104135 	-0.35383 	-1.35051 	0.275201 	0.307334 	0.0391626 	
4.575	-0.0104748 	-0.353508 	-1.35067 	0.275135 	0.306531 	0.0390697 	
4.58	-0.0105334 	-0.353211 	-1.35082 	0.275078 	0.305771 	0.0389882 	
4.585	-0.0105921 	-0.352915 	-1.35097 	0.275015 	0.305007 	0.0388959 	
4.59	-0.0106513 	-0.352618 	-1.35112 	0.274947 	0.304243 	0.0387984 	
4.595	-0.0107113 	-0.352321 	-1.35127 	0.274878 	0.303476 	0.0386978 	
4.6	-0.0107721 	-0.352023 	-1.35142 	0.274806 	0.302709 	0.0385948 	
4.605	-0.0108306 	-0.351725 	-1.35156 	0.274745 	0.301942 	0.0385002 	
4.61	-0.0108912 	-0.35144 	-1.35171 	0.274673 	0.301196 	0.038413 	
4.615	-0.0109502 	-0.351166 	-1.35185 	0.274602 	0.300468 	0.0383283 	
4.62	-0.0110067 	-0.350901 	-1.35198 	0.274535 	0.299759 	0.0382472 	
4.625	-0.0110592 	-0.350637 	-1.35212 	0.274479 	0.299055 	0.0381641 	
4.63	-0.0111119 	-0.350369 	-1.35225 	0.274421 	0.298342 	0.0380791 	
4.635	-0.0111636 	-0.350126 	-1.35238 	0.274379 	0.297709 	0.0380252 	
4.64	-0.0112134 	-0.349876 	-1.3525 	0.274332 	0.297052 	0.0379541 	
4.645	-0.0112628 	-0.34962 	-1.35262 	0.274287 	0.296378 	0.0379112 	
4.65	-0.011312 	-0.349371 	-1.35275 	0.274247 	0.295722 	0.0378774 	
4.655	-0.011359 	-0.349146 	-1.35287 	0.27421 	0.295112 	0.0378437 	
4.66	-0.0114018 	-0.348927 	-1.35299 	0.274174 	0.294489 	0.0378199 	
4.665	-0.0114442 	-0.348709 	-1.3531 	0.274137 	0.293873 	0.0377935 	
4.67	-0.011488 	-0.348523 	-1.35321 	0.27409 	0.293341 	0.0377207 	
4.675	-0.0115145 	-0.348499 	-1.35329 	0.274071 	0.293089 	0.0377047 	
4.68	-0.0115305 	-0.348478 	-1.35335 	0.274045 	0.292861 	0.0376923 	
4.685	-0.0115491 	-0.34843 	-1.35341 	0.273997 	0.292576 	0.0376933 	
4.69	-0.0115747 	-0.348357 	-1.35347 	0.273931 	0.292243 	0.0376999 	
4.695	-0.0115923 	-0.348253 	-1.35354 	0.27391 	0.291864 	0.0376877 	
4.7	-0.0116112 	-0.348122 	-1.35362 	0.273894 	0.291442 	0.0376763 	
4.705	-0.0116337 	-0.347967 	-1.35371 	0.273877 	0.290978 	0.0376722 	
4.71	-0.0116618 	-0.34779 	-1.3538 	0.273852 	0.290469 	0.0376637 	
4.715	-0.0116947 	-0.347593 	-1.3539 	0.27382 	0.289919 	0.0376486 	
4.72	-0.0117316 	-0.347376 	-1.354 	0.273784 	0.289332 	0.0376303 	
4.725	-0.0117715 	-0.347143 	-1.35411 	0.273747 	0.28871 	0.0376112 	
4.73	-0.0118135 	-0.346894 	-1.35423 	0.273712 	0.288058 	0.0375923 	
4.735	-0.011857 	-0.346631 	-1.35435 	0.273679 	0.287377 	0.0375743 	
4.74	-0.0119015 	-0.346358 	-1.35448 	0.27365 	0.286673 	0.0375573 	
4.745	-0.0119464 	-0.346075 	-1.35461 	0.273625 	0.285948 	0.0375418 	
4.75	-0.0119954 	-0.345784 	-1.35474 	0.273589 	0.285205 	0.0375187 	
4.755	-0.0120446 	-0.345484 	-1.35488 	0.273558 	0.284444 	0.0374977 	
4.76	-0.0120967 	-0.345178 	-1.35502 	0.273522 	0.283668 	0.0374843 	
4.765	-0.0121285 	-0.344859 	-1.35515 	0.273549 	0.282878 	0.0374232 	
4.77	-0.0121778 	-0.344539 	-1.35529 	0.273512 	0.28207 	0.03739 	
4.775	-0.0122295 	-0.344216 	-1.35543 	0.273472 	0.281252 	0.037369 	
4.78	-0.0122822 	-0.343887 	-1.35557 	0.273436 	0.280426 	0.0373584 	
4.785	-0.0123361 	-0.343556 	-1.35572 	0.273401 	0.279592 	0.0373506 	
4.79	-0.0123903 	-0.34322 	-1.35586 	0.273371 	0.278752 	0.0373708 	
4.795	-0.0124434 	-0.342881 	-1.35601 	0.273348 	0.277906 	0.0373933 	
4.8	-0.0124995 	-0.34254 	-1.35615 	0.27332 	0.277051 	0.0374134 	
4.805	-0.0125575 	-0.342203 	-1.3563 	0.27329 	0.276195 	0.0374417 	
4.81	-0.0126153 	-0.34187 	-1.35644 	0.273264 	0.275344 	0.037485 	
4.815	-0.0126722 	-0.341541 	-1.35658 	0.273243 	0.274497 	0.0375428 	
4.82	-0.0127289 	-0.341224 	-1.35672 	0.273221 	0.273669 	0.0376009 	
4.825	-0.0127833 	-0.340914 	-1.35685 	0.273196 	0.272847 	0.0376762 	
4.83	-0.0128358 	-0.340615 	-1.35698 	0.273173 	0.272048 	0.0377471 	
4.835	-0.0128859 	-0.340329 	-1.35711 	0.273154 	0.271273 	0.0378128 	
4.84	-0.0129351 	-0.340053 	-1.35724 	0.273133 	0.270517 	0.0378693 	
4.845	-0.0129839 	-0.339785 	-1.35736 	0.273109 	0.269777 	0.0379167 	
4.85	-0.0130325 	-0.339523 	-1.35748 	0.273082 	0.269048 	0.0379556 	
4.855	-0.0130812 	-0.339265 	-1.3576 	0.273053 	0.268329 	0.0379868 	
4.86	-0.0131299 	-0.339011 	-1.35771 	0.273022 	0.267617 	0.0380111 	
4.865	-0.0131792 	-0.338756 	-1.35783 	0.272988 	0.266906 	0.0380288 	
4.87	-0.0132308 	-0.338498 	-1.35794 	0.272951 	0.266193 	0.0380408 	
4.875	-0.0132853 	-0.338232 	-1.35806 	0.272908 	0.265461 	0.038058 	
4.88	-0.0133423 	-0.337958 	-1.35817 	0.27286 	0.264713 	0.0380784 	
4.885	-0.0134013 	-0.337676 	-1.35829 	0.272811 	0.263949 	0.0380998 	
4.89	-0.0134466 	-0.337555 	-1.35839 	0.272781 	0.263486 	0.0381064 	
4.895	-0.0134814 	-0.337423 	-1.35848 	0.272737 	0.262995 	0.0380807 	
4.9	-0.0135113 	-0.337274 	-1.35857 	0.272702 	0.262484 	0.038058 	
4.905	-0.0135403 	-0.337107 	-1.35866 	0.272675 	0.261948 	0.0380449 	
4.91	-0.0135722 	-0.336924 	-1.35875 	0.272648 	0.261385 	0.0380269 	
4.915	-0.0136079 	-0.336723 	-1.35884 	0.272619 	0.260793 	0.0380075 	
4.92	-0.0136396 	-0.336504 	-1.35894 	0.27261 	0.260173 	0.0379984 	
4.925	-0.0136696 	-0.336268 	-1.35904 	0.272611 	0.259524 	0.0379905 	
4.93	-0.0137006 	-0.336017 	-1.35915 	0.272619 	0.258846 	0.0379815 	
4.935	-0.0137278 	-0.335751 	-1.35925 	0.272642 	0.258141 	0.0379682 	
4.94	-0.0137546 	-0.335471 	-1.35936 	0.272674 	0.25741 	0.0379518 	
4.945	-0.0137943 	-0.335185 	-1.35947 	0.272665 	0.256653 	0.0379438 	
4.95	-0.0138407 	-0.33489 	-1.35959 	0.272642 	0.255875 	0.0379384 	
4.955	-0.0138896 	-0.334587 	-1.35971 	0.27262 	0.255081 	0.0379387 	
4.96	-0.0139664 	-0.334283 	-1.35982 	0.272522 	0.254263 	0.0379579 	
4.965	-0.0140367 	-0.333975 	-1.35994 	0.272445 	0.253442 	0.0379705 	
4.97	-0.0140946 	-0.333673 	-1.36007 	0.272412 	0.252644 	0.0379666 	
4.975	-0.0141495 	-0.333393 	-1.3602 	0.272378 	0.251891 	0.0379656 	
4.98	-0.0141998 	-0.333147 	-1.36032 	0.27235 	0.251205 	0.0379665 	
4.985	-0.0142442 	-0.332921 	-1.36044 	0.272331 	0.25056 	0.0379633 	
4.99	-0.0142832 	-0.332697 	-1.36055 	0.272325 	0.249915 	0.0379503 	
4.995	-0.0143502 	-0.332469 	-1.36064 	0.272235 	0.249233 	0.0379487 	
5	-0.014443 	-0.332235 	-1.36073 	0.272079 	0.248523 	0.0379488 	
5.005	-0.0145601 	-0.331996 	-1.36082 	0.271863 	0.247787 	0.0379508 	
5.01	-0.0146592 	-0.331737 	-1.36092 	0.271709 	0.247036 	0.0379421 	
5.015	-0.0147422 	-0.331461 	-1.36103 	0.271605 	0.246262 	0.0379271 	
5.02	-0.0147969 	-0.331277 	-1.36113 	0.271584 	0.24569 	0.0379144 	
5.025	-0.0148501 	-0.331082 	-1.36123 	0.27154 	0.245076 	0.0378983 	
5.03	-0.0149179 	-0.330876 	-1.36131 	0.271448 	0.244432 	0.0378402 	
5.035	-0.0149903 	-0.330656 	-1.36139 	0.27134 	0.243761 	0.0377529 	
5.04	-0.0150664 	-0.330423 	-1.36147 	0.27122 	0.243064 	0.0376479 	
5.045	-0.0151498 	-0.330177 	-1.36154 	0.271086 	0.24234 	0.0375256 	
5.05	-0.0152001 	-0.330047 	-1.36164 	0.271052 	0.241854 	0.0374915 	
5.055	-0.015245 	-0.329904 	-1.36171 	0.270994 	0.24133 	0.0374312 	
5.06	-0.0152843 	-0.329744 	-1.36179 	0.270955 	0.240785 	0.0374275 	
5.065	-0.0153308 	-0.329568 	-1.36187 	0.2709 	0.240213 	0.0374355 	
5.07	-0.0153805 	-0.329382 	-1.36195 	0.270831 	0.23964 	0.0373805 	
5.075	-0.0154147 	-0.329322 	-1.36203 	0.270797 	0.239329 	0.0373419 	
5.08	-0.0154886 	-0.329256 	-1.36206 	0.270659 	0.238941 	0.0373335 	
5.085	-0.0155584 	-0.329162 	-1.36211 	0.270525 	0.238518 	0.0372837 	
5.09	-0.0156149 	-0.329039 	-1.36217 	0.270411 	0.238047 	0.0372199 	
5.095	-0.0156582 	-0.328887 	-1.36223 	0.270342 	0.23754 	0.0372174 	
5.1	-0.0157041 	-0.328712 	-1.3623 	0.270279 	0.236985 	0.0372373 	
5.105	-0.01575 	-0.328514 	-1.36237 	0.270226 	0.23639 	0.0372415 	
5.11	-0.0157929 	-0.328294 	-1.36246 	0.270194 	0.235753 	0.0372335 	
5.115	-0.0158372 	-0.328057 	-1.36254 	0.270166 	0.235079 	0.0372316 	
5.12	-0.0158817 	-0.327803 	-1.36263 	0.270149 	0.234373 	0.0372486 	
5.125	-0.0159358 	-0.327538 	-1.36272 	0.270112 	0.233637 	0.0372677 	
5.13	-0.0159913 	-0.32726 	-1.36282 	0.270082 	0.232875 	0.0372962 	
5.135	-0.01605 	-0.326972 	-1.36292 	0.270046 	0.232089 	0.0373285 	
5.14	-0.0161267 	-0.326679 	-1.36302 	0.269955 	0.231274 	0.0373108 	
5.145	-0.0162252 	-0.326383 	-1.36311 	0.269812 	0.23043 	0.037305 	
5.15	-0.0163398 	-0.326083 	-1.3632 	0.269633 	0.229566 	0.0372937 	
5.155	-0.0164292 	-0.325767 	-1.36331 	0.269549 	0.228694 	0.0372707 	
5.16	-0.0165082 	-0.32544 	-1.36342 	0.269501 	0.227813 	0.0372743 	
5.165	-0.0165605 	-0.325357 	-1.36351 	0.269484 	0.227402 	0.0372551 	
5.17	-0.0166006 	-0.325261 	-1.36359 	0.26942 	0.226946 	0.0371823 	
5.175	-0.0166271 	-0.325144 	-1.36366 	0.269392 	0.226476 	0.0371785 	
5.18	-0.0166561 	-0.325009 	-1.36372 	0.269355 	0.225977 	0.0371816 	
5.185	-0.0166882 	-0.324851 	-1.36379 	0.269316 	0.22544 	0.0371861 	
5.19	-0.016728 	-0.324676 	-1.36385 	0.269265 	0.224864 	0.0372354 	
5.195	-0.0167724 	-0.324481 	-1.36392 	0.26921 	0.224255 	0.0372923 	
5.2	-0.0168176 	-0.324275 	-1.36399 	0.269155 	0.223627 	0.0372951 	
5.205	-0.0168636 	-0.324057 	-1.36407 	0.269101 	0.222985 	0.0372707 	
5.21	-0.0169107 	-0.32383 	-1.36415 	0.269048 	0.222328 	0.0372263 	
5.215	-0.016955 	-0.323609 	-1.36423 	0.269002 	0.221694 	0.0371701 	
5.22	-0.016998 	-0.323415 	-1.36431 	0.268963 	0.22109 	0.0371897 	
5.225	-0.017035 	-0.323211 	-1.36439 	0.268932 	0.220485 	0.0371421 	
5.23	-0.017079 	-0.322997 	-1.36447 	0.268891 	0.219865 	0.0370754 	
5.235	-0.0171409 	-0.322774 	-1.36453 	0.268813 	0.219188 	0.0370863 	
5.24	-0.017217 	-0.32254 	-1.36459 	0.268702 	0.218469 	0.0371246 	
5.245	-0.0172886 	-0.322288 	-1.36467 	0.26861 	0.217725 	0.0371721 	
5.25	-0.0173595 	-0.322021 	-1.36474 	0.268522 	0.216952 	0.0371971 	
5.255	-0.0174293 	-0.32174 	-1.36482 	0.268442 	0.216152 	0.0372139 	
5.26	-0.0174886 	-0.321448 	-1.36491 	0.268403 	0.215334 	0.037224 	
5.265	-0.0175435 	-0.321156 	-1.365 	0.268377 	0.214518 	0.0372326 	
5.27	-0.0176037 	-0.320861 	-1.36509 	0.26833 	0.21369 	0.0372432 	
5.275	-0.0176665 	-0.320557 	-1.36517 	0.268274 	0.21284 	0.0372548 	
5.28	-0.0177318 	-0.320246 	-1.36526 	0.268215 	0.211969 	0.037266 	
5.285	-0.0178165 	-0.319931 	-1.36534 	0.268101 	0.211075 	0.0372596 	
5.29	-0.0178849 	-0.319609 	-1.36545 	0.268022 	0.210229 	0.03712 	
5.295	-0.017961 	-0.319285 	-1.36554 	0.267945 	0.20934 	0.0370841 	
5.3	-0.0180228 	-0.31898 	-1.36563 	0.267915 	0.208478 	0.0370665 	
5.305	-0.0180756 	-0.318713 	-1.36572 	0.267919 	0.207722 	0.03705 	
5.31	-0.0181283 	-0.318442 	-1.3658 	0.267906 	0.206949 	0.0370697 	
5.315	-0.0181757 	-0.318168 	-1.36589 	0.267903 	0.206171 	0.0370965 	
5.32	-0.018224 	-0.317899 	-1.36597 	0.267887 	0.2054 	0.0371352 	
5.325	-0.0182518 	-0.317757 	-1.36605 	0.267921 	0.204894 	0.0371415 	
5.33	-0.0182758 	-0.317606 	-1.36611 	0.267926 	0.204354 	0.0371347 	
5.335	-0.0183044 	-0.317438 	-1.36618 	0.267909 	0.203783 	0.0371514 	
5.34	-0.0183369 	-0.317254 	-1.36624 	0.267884 	0.20318 	0.0371753 	
5.345	-0.0183702 	-0.317054 	-1.36631 	0.267846 	0.202566 	0.0371261 	
5.35	-0.0184076 	-0.316859 	-1.36638 	0.267795 	0.201989 	0.0370402 	
5.355	-0.0184355 	-0.316733 	-1.36645 	0.267759 	0.201546 	0.0369635 	
5.36	-0.0184559 	-0.316621 	-1.36652 	0.26773 	0.201135 	0.0368775 	
5.365	-0.0184807 	-0.316489 	-1.36657 	0.267695 	0.200656 	0.0368519 	
5.37	-0.0185097 	-0.316333 	-1.36662 	0.267659 	0.200124 	0.0368475 	
5.375	-0.0185426 	-0.316154 	-1.36668 	0.267637 	0.199542 	0.0368502 	
5.38	-0.0185644 	-0.315947 	-1.36673 	0.267664 	0.198916 	0.0368428 	
5.385	-0.0186013 	-0.315723 	-1.36679 	0.267639 	0.19824 	0.0368561 	
5.39	-0.0186479 	-0.315483 	-1.36685 	0.267592 	0.197522 	0.036879 	
5.395	-0.0186947 	-0.315225 	-1.36692 	0.267557 	0.19677 	0.0368908 	
5.4	-0.0186955 	-0.314992 	-1.36699 	0.267661 	0.196071 	0.0369419 	
5.405	-0.0186837 	-0.314773 	-1.36704 	0.267802 	0.19538 	0.0370291 	
5.41	-0.0186611 	-0.314566 	-1.36709 	0.267956 	0.194706 	0.0371206 	
5.415	-0.0186316 	-0.314367 	-1.36713 	0.268117 	0.194052 	0.0372105 	
5.42	-0.0186189 	-0.314319 	-1.36718 	0.268162 	0.19375 	0.0372329 	
5.425	-0.0186013 	-0.314356 	-1.36722 	0.26817 	0.193603 	0.0372389 	
5.43	-0.018582 	-0.314396 	-1.36725 	0.268168 	0.193485 	0.0372376 	
5.435	-0.0185696 	-0.314409 	-1.36728 	0.268154 	0.193324 	0.0372366 	
5.44	-0.0185687 	-0.314393 	-1.3673 	0.268119 	0.193093 	0.0372336 	
5.445	-0.0185688 	-0.314354 	-1.36733 	0.26809 	0.192812 	0.0372265 	
5.45	-0.0185715 	-0.314282 	-1.36737 	0.268076 	0.19247 	0.0372378 	
5.455	-0.0185795 	-0.314179 	-1.36741 	0.268065 	0.192066 	0.0372569 	
5.46	-0.018593 	-0.314093 	-1.36745 	0.268036 	0.191697 	0.0372611 	
5.465	-0.0186113 	-0.313996 	-1.36749 	0.267997 	0.191304 	0.0372623 	
5.47	-0.0186195 	-0.313967 	-1.36754 	0.267981 	0.191043 	0.0372656 	
5.475	-0.0186356 	-0.313914 	-1.36758 	0.267935 	0.190717 	0.0372851 	
5.48	-0.0186517 	-0.313873 	-1.36762 	0.267872 	0.190397 	0.0372624 	
5.485	-0.0186546 	-0.313872 	-1.36766 	0.267847 	0.190177 	0.0372439 	
5.49	-0.0186491 	-0.313858 	-1.3677 	0.26784 	0.18995 	0.0372143 	
5.495	-0.0186425 	-0.313823 	-1.36774 	0.267846 	0.189697 	0.0372246 	
5.5	-0.0186363 	-0.31384 	-1.36777 	0.267844 	0.189556 	0.0372275 	
5.505	-0.018626 	-0.313877 	-1.3678 	0.267841 	0.189449 	0.0372281 	
5.51	-0.018613 	-0.313922 	-1.36782 	0.267838 	0.189358 	0.0372282 	
5.515	-0.0185972 	-0.31394 	-1.36784 	0.267858 	0.189235 	0.0372356 	
5.52	-0.0185872 	-0.313957 	-1.36787 	0.267855 	0.1891 	0.037236 	
5.525	-0.0185834 	-0.313946 	-1.36789 	0.26784 	0.188907 	0.0372311 	
5.53	-0.0185856 	-0.313899 	-1.36792 	0.267827 	0.188635 	0.0372174 	
5.535	-0.0185935 	-0.313817 	-1.36794 	0.267808 	0.18828 	0.0371682 	
5.54	-0.018596 	-0.31377 	-1.36799 	0.267793 	0.187968 	0.0371153 	
5.545	-0.0186141 	-0.31371 	-1.36802 	0.267732 	0.187606 	0.0371111 	
5.55	-0.0186098 	-0.313638 	-1.36806 	0.267769 	0.187277 	0.0370936 	
5.555	-0.0186075 	-0.313639 	-1.36809 	0.267776 	0.18712 	0.0370883 	
5.56	-0.0186009 	-0.313662 	-1.36812 	0.267777 	0.187002 	0.0370862 	
5.565	-0.0185909 	-0.3137 	-1.36814 	0.267774 	0.186907 	0.0370858 	
5.57	-0.0185809 	-0.313727 	-1.36816 	0.267769 	0.1868 	0.0370847 	
5.575	-0.0185755 	-0.313722 	-1.36818 	0.267758 	0.186624 	0.0370828 	
5.58	-0.0185757 	-0.313693 	-1.36821 	0.267741 	0.186392 	0.037079 	
5.585	-0.0185824 	-0.313627 	-1.36823 	0.267721 	0.186078 	0.0370815 	
5.59	-0.0185886 	-0.31353 	-1.36827 	0.267719 	0.185705 	0.0370806 	
5.595	-0.0185966 	-0.31341 	-1.36831 	0.267722 	0.185282 	0.0370742 	
5.6	-0.0185997 	-0.313407 	-1.36836 	0.26772 	0.185081 	0.0370722 	
5.605	-0.0185937 	-0.313438 	-1.36839 	0.267714 	0.184929 	0.0370717 	
5.61	-0.018592 	-0.313439 	-1.36842 	0.26769 	0.18471 	0.0370421 	
5.615	-0.0185858 	-0.313484 	-1.36845 	0.267681 	0.184604 	0.0370341 	
5.62	-0.0185846 	-0.313496 	-1.36848 	0.267653 	0.184428 	0.0370343 	
5.625	-0.0185895 	-0.31348 	-1.3685 	0.267626 	0.184206 	0.0370372 	
5.63	-0.0185973 	-0.313426 	-1.36852 	0.267599 	0.183909 	0.0370117 	
5.635	-0.0186148 	-0.313338 	-1.36855 	0.26757 	0.183533 	0.0369895 	
5.64	-0.0186227 	-0.313324 	-1.36858 	0.267563 	0.183318 	0.0369782 	
5.645	-0.0186238 	-0.313299 	-1.36862 	0.26756 	0.18306 	0.0369737 	
5.65	-0.0186179 	-0.313285 	-1.36866 	0.267574 	0.182816 	0.0369869 	
5.655	-0.0186127 	-0.313245 	-1.3687 	0.267591 	0.182518 	0.0370069 	
5.66	-0.0186132 	-0.313174 	-1.36873 	0.267602 	0.182157 	0.0370056 	
5.665	-0.0186188 	-0.313072 	-1.36876 	0.267611 	0.181736 	0.0369942 	
5.67	-0.0186279 	-0.31294 	-1.3688 	0.267624 	0.181256 	0.0369882 	
5.675	-0.0186406 	-0.31278 	-1.36883 	0.267639 	0.180719 	0.0369758 	
5.68	-0.0186556 	-0.312593 	-1.36888 	0.267659 	0.180126 	0.036957 	
5.685	-0.0186733 	-0.312383 	-1.36892 	0.267682 	0.179481 	0.0369341 	
5.69	-0.0186982 	-0.312152 	-1.36897 	0.267693 	0.178785 	0.0369118 	
5.695	-0.0187283 	-0.311902 	-1.36902 	0.2677 	0.178044 	0.0368896 	
5.7	-0.0187629 	-0.311635 	-1.36908 	0.267702 	0.177262 	0.0368682 	
5.705	-0.0188023 	-0.311354 	-1.36913 	0.267699 	0.176437 	0.0368344 	
5.71	-0.0188241 	-0.311267 	-1.36918 	0.267719 	0.176114 	0.0368281 	
5.715	-0.01884 	-0.311151 	-1.36922 	0.267717 	0.175691 	0.0368182 	
5.72	-0.0188521 	-0.311004 	-1.36926 	0.267728 	0.175196 	0.0368109 	
5.725	-0.0188677 	-0.310832 	-1.3693 	0.267736 	0.174639 	0.0368069 	
5.73	-0.0188911 	-0.310637 	-1.36934 	0.267734 	0.174024 	0.0368117 	
5.735	-0.0189218 	-0.31042 	-1.36939 	0.267727 	0.173354 	0.0368173 	
5.74	-0.0189602 	-0.310183 	-1.36943 	0.26771 	0.172636 	0.0368232 	
5.745	-0.0190102 	-0.309931 	-1.36948 	0.267668 	0.171873 	0.0368327 	
5.75	-0.0190693 	-0.309665 	-1.36953 	0.267608 	0.17107 	0.0368437 	
5.755	-0.0191303 	-0.309383 	-1.36958 	0.267557 	0.170231 	0.0368597 	
5.76	-0.0191613 	-0.309316 	-1.36965 	0.267532 	0.169814 	0.036882 	
5.765	-0.0191919 	-0.309242 	-1.36969 	0.267476 	0.169349 	0.0368909 	
5.77	-0.0192068 	-0.309146 	-1.36973 	0.267444 	0.168853 	0.0368853 	
5.775	-0.0192145 	-0.309026 	-1.36976 	0.267445 	0.168329 	0.0368686 	
5.78	-0.01922 	-0.30888 	-1.3698 	0.267465 	0.167772 	0.0368565 	
5.785	-0.0192178 	-0.308707 	-1.36983 	0.26755 	0.167163 	0.0368298 	
5.79	-0.0192263 	-0.308513 	-1.36987 	0.267598 	0.166516 	0.0368037 	
5.795	-0.0192409 	-0.308298 	-1.36992 	0.267637 	0.165833 	0.036783 	
5.8	-0.0192629 	-0.308065 	-1.36996 	0.267664 	0.165106 	0.0367513 	
5.805	-0.0192911 	-0.307814 	-1.37001 	0.267683 	0.16434 	0.0367235 	
5.81	-0.0193246 	-0.307547 	-1.37006 	0.267695 	0.163537 	0.0367071 	
5.815	-0.0193471 	-0.30726 	-1.3701 	0.267759 	0.162695 	0.0366942 	
5.82	-0.0193941 	-0.306967 	-1.37015 	0.267789 	0.161821 	0.0366738 	
5.825	-0.0194556 	-0.306668 	-1.3702 	0.267776 	0.160924 	0.0366666 	
5.83	-0.0195266 	-0.306364 	-1.37025 	0.267738 	0.160005 	0.0366676 	
5.835	-0.0195949 	-0.306052 	-1.37031 	0.267711 	0.159077 	0.0366651 	
5.84	-0.0196568 	-0.305731 	-1.37037 	0.267712 	0.158132 	0.0366563 	
5.845	-0.0197295 	-0.305408 	-1.37043 	0.26767 	0.157169 	0.0366575 	
5.85	-0.0197941 	-0.305181 	-1.37048 	0.267633 	0.156427 	0.0366995 	
5.855	-0.0198475 	-0.304992 	-1.37054 	0.2676 	0.15575 	0.0367486 	
5.86	-0.0198942 	-0.304813 	-1.37059 	0.267568 	0.155101 	0.036767 	
5.865	-0.0199369 	-0.304626 	-1.37063 	0.267541 	0.154453 	0.0367736 	
5.87	-0.0199755 	-0.304435 	-1.37067 	0.267527 	0.153811 	0.0367751 	
5.875	-0.0200165 	-0.304239 	-1.37071 	0.267505 	0.153159 	0.0367789 	
5.88	-0.02006 	-0.304043 	-1.37075 	0.267477 	0.152507 	0.036785 	
5.885	-0.0201037 	-0.303851 	-1.37079 	0.267448 	0.151863 	0.0367977 	
5.89	-0.0201467 	-0.303664 	-1.37082 	0.267419 	0.151228 	0.0368144 	
5.895	-0.0201884 	-0.30348 	-1.37086 	0.267392 	0.150602 	0.0368293 	
5.9	-0.0202295 	-0.303284 	-1.3709 	0.267364 	0.149944 	0.0368367 	
5.905	-0.0202711 	-0.303078 	-1.37094 	0.267336 	0.149261 	0.0368419 	
5.91	-0.0203134 	-0.302864 	-1.37098 	0.267308 	0.148557 	0.0368463 	
5.915	-0.0203567 	-0.302642 	-1.37102 	0.267281 	0.147833 	0.0368504 	
5.92	-0.0204041 	-0.302415 	-1.37106 	0.267241 	0.147089 	0.0368567 	
5.925	-0.0204531 	-0.302182 	-1.3711 	0.267199 	0.146331 	0.0368633 	
5.93	-0.020503 	-0.301944 	-1.37115 	0.267156 	0.14556 	0.0368698 	
5.935	-0.0205535 	-0.301702 	-1.37119 	0.267113 	0.144779 	0.0368761 	
5.94	-0.0206041 	-0.301455 	-1.37123 	0.26707 	0.143987 	0.0368815 	
5.945	-0.020653 	-0.301258 	-1.37127 	0.267068 	0.143362 	0.0370106 	
5.95	-0.0206868 	-0.301161 	-1.37131 	0.267041 	0.142919 	0.0370521 	
5.955	-0.020715 	-0.301051 	-1.37134 	0.267008 	0.142432 	0.0370664 	
5.96	-0.0207432 	-0.300925 	-1.37137 	0.266975 	0.141908 	0.0370739 	
5.965	-0.0207731 	-0.30078 	-1.3714 	0.26694 	0.141339 	0.0370823 	
5.97	-0.0208064 	-0.300616 	-1.37142 	0.26691 	0.140736 	0.0370865 	
5.975	-0.0208399 	-0.300436 	-1.37145 	0.266892 	0.140101 	0.037088 	
5.98	-0.0208789 	-0.300241 	-1.37148 	0.266873 	0.139433 	0.0370902 	
5.985	-0.0209206 	-0.300034 	-1.37151 	0.266856 	0.138736 	0.037092 	
5.99	-0.0209647 	-0.299816 	-1.37154 	0.266835 	0.138014 	0.0370939 	
5.995	-0.0210103 	-0.299588 	-1.37158 	0.266813 	0.137267 	0.0370957 	
6	-0.0210566 	-0.299353 	-1.37162 	0.26679 	0.136506 	0.0370976 	
6.005	-0.0211032 	-0.299116 	-1.37166 	0.266767 	0.135736 	0.0370998 	
6.01	-0.0211497 	-0.298876 	-1.3717 	0.266743 	0.134958 	0.0371025 	
6.015	-0.0211961 	-0.298635 	-1.37174 	0.266719 	0.134174 	0.0371053 	
6.02	-0.0212398 	-0.298391 	-1.37179 	0.266707 	0.133386 	0.0371059 	
6.025	-0.0212824 	-0.298147 	-1.37183 	0.266697 	0.132594 	0.037106 	
6.03	-0.0213271 	-0.297899 	-1.37188 	0.266676 	0.131795 	0.0371087 	
6.035	-0.0213688 	-0.297651 	-1.37192 	0.266673 	0.130993 	0.0371087 	
6.04	-0.0214093 	-0.297401 	-1.37197 	0.266673 	0.13019 	0.0371081 	
6.045	-0.0214494 	-0.297152 	-1.37201 	0.266672 	0.129385 	0.0371077 	
6.05	-0.0214974 	-0.296902 	-1.37205 	0.26664 	0.12857 	0.0371114 	
6.055	-0.0215356 	-0.296646 	-1.3721 	0.26665 	0.127751 	0.0371082 	
6.06	-0.0215678 	-0.296387 	-1.37214 	0.266688 	0.126928 	0.0370941 	
6.065	-0.0216034 	-0.296127 	-1.37218 	0.266707 	0.126098 	0.0370889 	
6.07	-0.0216502 	-0.29587 	-1.37222 	0.266685 	0.125259 	0.0370903 	
6.075	-0.0216882 	-0.295609 	-1.37226 	0.26667 	0.124419 	0.0370916 	
6.08	-0.0217367 	-0.29535 	-1.3723 	0.266618 	0.123568 	0.0370984 	
6.085	-0.0217898 	-0.295091 	-1.37233 	0.266555 	0.122712 	0.0371077 	
6.09	-0.0218392 	-0.294829 	-1.37236 	0.266518 	0.121853 	0.0371127 	
6.095	-0.0218881 	-0.294567 	-1.3724 	0.266472 	0.120991 	0.0371194 	
6.1	-0.0219326 	-0.294304 	-1.37244 	0.266447 	0.120133 	0.0371225 	
6.105	-0.0219567 	-0.294214 	-1.37249 	0.26643 	0.119665 	0.0371254 	
6.11	-0.0219783 	-0.294119 	-1.37252 	0.266389 	0.119155 	0.0371289 	
6.115	-0.0219918 	-0.294009 	-1.37254 	0.266374 	0.118625 	0.0371454 	
6.12	-0.0219991 	-0.293886 	-1.37257 	0.266379 	0.118097 	0.0371474 	
6.125	-0.0220072 	-0.293751 	-1.3726 	0.266388 	0.117552 	0.0371371 	
6.13	-0.0220189 	-0.293603 	-1.37263 	0.266395 	0.116979 	0.037119 	
6.135	-0.0220346 	-0.293442 	-1.37265 	0.2664 	0.116375 	0.037092 	
6.14	-0.0220603 	-0.293273 	-1.37267 	0.266373 	0.115744 	0.0370812 	
6.145	-0.0220953 	-0.293091 	-1.37269 	0.266333 	0.115072 	0.0370965 	
6.15	-0.0221373 	-0.292895 	-1.37271 	0.266285 	0.114363 	0.0371252 	
6.155	-0.0221805 	-0.292684 	-1.37273 	0.266243 	0.11363 	0.0371391 	
6.16	-0.0222196 	-0.292461 	-1.37275 	0.266228 	0.112876 	0.0371404 	
6.165	-0.0222589 	-0.292228 	-1.37278 	0.266216 	0.112099 	0.0371384 	
6.17	-0.0222994 	-0.291988 	-1.3728 	0.266212 	0.111302 	0.0371342 	
6.175	-0.0223435 	-0.291743 	-1.37283 	0.266195 	0.110489 	0.0371327 	
6.18	-0.0223929 	-0.291493 	-1.37286 	0.266162 	0.10966 	0.0371342 	
6.185	-0.0224412 	-0.291238 	-1.37289 	0.266137 	0.108821 	0.037134 	
6.19	-0.022496 	-0.290981 	-1.37292 	0.266091 	0.107968 	0.0371363 	
6.195	-0.0225404 	-0.290716 	-1.37295 	0.266087 	0.10711 	0.0371308 	
6.2	-0.0225828 	-0.290449 	-1.37298 	0.26609 	0.106244 	0.0371237 	
6.205	-0.0226264 	-0.290179 	-1.37301 	0.266089 	0.10537 	0.0371164 	
6.21	-0.0226732 	-0.289908 	-1.37304 	0.266082 	0.104487 	0.0371105 	
6.215	-0.0227387 	-0.289595 	-1.37304 	0.266073 	0.103754 	0.0371355 	
6.22	-0.0228202 	-0.289252 	-1.37303 	0.266044 	0.102984 	0.0371429 	
6.225	-0.0229191 	-0.288894 	-1.37301 	0.265957 	0.102162 	0.0371617 	
6.23	-0.0230275 	-0.288544 	-1.373 	0.265846 	0.101371 	0.0371787 	
6.235	-0.0231727 	-0.288212 	-1.37298 	0.265602 	0.10058 	0.0372144 	
6.24	-0.0232675 	-0.287892 	-1.373 	0.265535 	0.0998885 	0.03722 	
6.245	-0.0233416 	-0.28774 	-1.373 	0.265521 	0.0997469 	0.0372222 	
6.25	-0.0233866 	-0.287609 	-1.373 	0.265512 	0.0996023 	0.0372255 	
6.255	-0.0234179 	-0.287489 	-1.373 	0.265519 	0.0994638 	0.0372258 	
6.26	-0.0234434 	-0.287402 	-1.373 	0.265518 	0.0993559 	0.0372264 	
6.265	-0.0234651 	-0.287354 	-1.37299 	0.265518 	0.0993586 	0.0372268 	
6.27	-0.0234823 	-0.28732 	-1.37297 	0.265518 	0.0993889 	0.0372272 	
6.275	-0.0234965 	-0.287293 	-1.37295 	0.265517 	0.0994262 	0.0372274 	
6.28	-0.0235089 	-0.28727 	-1.37293 	0.265517 	0.0994656 	0.0372275 	
6.285	-0.0235202 	-0.287249 	-1.37291 	0.265517 	0.0995056 	0.0372276 	
6.29	-0.0235309 	-0.287231 	-1.37289 	0.265517 	0.0995461 	0.0372277 	
6.295	-0.023541 	-0.287214 	-1.37287 	0.265516 	0.0995869 	0.0372278 	
6.3	-0.0235508 	-0.287199 	-1.37285 	0.265516 	0.0996279 	0.0372279 	
6.305	-0.0235602 	-0.287185 	-1.37284 	0.265516 	0.0996692 	0.037228 	
6.31	-0.0235693 	-0.287172 	-1.37282 	0.265515 	0.0997106 	0.0372281 	
6.315	-0.0235782 	-0.28716 	-1.3728 	0.265515 	0.0997522 	0.0372282 	
6.32	-0.023587 	-0.287149 	-1.37278 	0.265514 	0.0997938 	0.0372282 	
6.325	-0.0235954 	-0.287138 	-1.37276 	0.265514 	0.0998343 	0.0372282 	
6.33	-0.0236039 	-0.287127 	-1.37275 	0.265514 	0.0998758 	0.0372282 	
6.335	-0.0236123 	-0.287117 	-1.37273 	0.265514 	0.0999176 	0.0372283 	
6.34	-0.0236206 	-0.287108 	-1.37271 	0.265513 	0.0999596 	0.0372283 	
6.345	-0.0236288 	-0.287099 	-1.37269 	0.265513 	0.100002 	0.0372284 	
6.35	-0.0236369 	-0.28709 	-1.37267 	0.265512 	0.100044 	0.0372284 	
6.355	-0.023645 	-0.287082 	-1.37266 	0.265512 	0.100086 	0.0372285 	
6.36	-0.0236531 	-0.287074 	-1.37264 	0.265511 	0.100128 	0.0372286 	
6.365	-0.0236611 	-0.287066 	-1.37262 	0.265511 	0.10017 	0.0372286 	
6.37	-0.0236691 	-0.287058 	-1.3726 	0.26551 	0.100213 	0.0372287 	
6.375	-0.023677 	-0.287051 	-1.37259 	0.26551 	0.100255 	0.0372287 	
6.38	-0.0236849 	-0.287043 	-1.37257 	0.265509 	0.100297 	0.0372288 	
6.385	-0.0236929 	-0.287036 	-1.37255 	0.265509 	0.10034 	0.0372288 	
6.39	-0.0237008 	-0.287029 	-1.37254 	0.265508 	0.100382 	0.0372289 	
6.395	-0.0237087 	-0.287022 	-1.37252 	0.265507 	0.100424 	0.037229 	
6.4	-0.0237151 	-0.287013 	-1.3725 	0.265514 	0.100463 	0.0372354 	
6.405	-0.0237226 	-0.287005 	-1.37248 	0.265515 	0.100505 	0.0372371 	
6.41	-0.0237304 	-0.286998 	-1.37247 	0.265515 	0.100547 	0.0372375 	
6.415	-0.0237383 	-0.286991 	-1.37245 	0.265515 	0.100589 	0.0372377 	
6.42	-0.0237462 	-0.286984 	-1.37243 	0.265514 	0.100632 	0.0372378 	
6.425	-0.0237541 	-0.286977 	-1.37242 	0.265514 	0.100674 	0.0372378 	
6.43	-0.023762 	-0.28697 	-1.3724 	0.265513 	0.100716 	0.0372379 	
6.435	-0.0237699 	-0.286963 	-1.37238 	0.265513 	0.100759 	0.0372379 	
6.44	-0.0237778 	-0.286956 	-1.37236 	0.265512 	0.100801 	0.037238 	
6.445	-0.0237857 	-0.286949 	-1.37235 	0.265512 	0.100844 	0.037238 	
6.45	-0.0237936 	-0.286942 	-1.37233 	0.265511 	0.100886 	0.0372381 	
6.455	-0.0238016 	-0.286935 	-1.37231 	0.265511 	0.100929 	0.0372382 	
6.46	-0.0238095 	-0.286928 	-1.3723 	0.26551 	0.100971 	0.0372382 	
6.465	-0.0238175 	-0.286921 	-1.37228 	0.265509 	0.101013 	0.0372383 	
6.47	-0.0238254 	-0.286914 	-1.37226 	0.265509 	0.101056 	0.0372383 	
6.475	-0.0238334 	-0.286907 	-1.37224 	0.265508 	0.101098 	0.0372384 	
6.48	-0.0238414 	-0.2869 	-1.37223 	0.265508 	0.101141 	0.0372384 	
6.485	-0.0238494 	-0.286893 	-1.37221 	0.265507 	0.101183 	0.0372385 	
6.49	-0.0238574 	-0.286886 	-1.37219 	0.265507 	0.101226 	0.0372386 	
6.495	-0.0238654 	-0.286879 	-1.37218 	0.265506 	0.101268 	0.0372386 	
6.5	-0.0238734 	-0.286871 	-1.37216 	0.265506 	0.101311 	0.0372387 	
6.505	-0.0238814 	-0.286864 	-1.37214 	0.265505 	0.101353 	0.0372387 	
6.51	-0.0238895 	-0.286857 	-1.37212 	0.265505 	0.101396 	0.0372388 	
6.515	-0.0238975 	-0.28685 	-1.37211 	0.265504 	0.101438 	0.0372388 	
6.52	-0.0239056 	-0.286843 	-1.37209 	0.265503 	0.10148 	0.0372389 	
6.525	-0.0239136 	-0.286835 	-1.37207 	0.265503 	0.101523 	0.037239 	
6.53	-0.0239217 	-0.286828 	-1.37206 	0.265502 	0.101565 	0.037239 	
6.535	-0.0239299 	-0.286821 	-1.37204 	0.265502 	0.101608 	0.0372391 	
6.54	-0.023938 	-0.286813 	-1.37202 	0.265501 	0.10165 	0.0372391 	
6.545	-0.0239461 	-0.286806 	-1.372 	0.2655 	0.101692 	0.0372392 	
6.55	-0.0239537 	-0.28679 	-1.37199 	0.265505 	0.101719 	0.0372246 	
6.555	-0.0239621 	-0.286769 	-1.37197 	0.265507 	0.101739 	0.0372125 	
6.56	-0.0239712 	-0.286744 	-1.37196 	0.26551 	0.101749 	0.0371985 	
6.565	-0.0239814 	-0.286727 	-1.37194 	0.265511 	0.101782 	0.0371949 	
6.57	-0.0239905 	-0.286712 	-1.37193 	0.265514 	0.101816 	0.0371932 	
6.575	-0.0239999 	-0.2867 	-1.37191 	0.265515 	0.101856 	0.0371928 	
6.58	-0.0240083 	-0.286681 	-1.37189 	0.26552 	0.101884 	0.0371837 	
6.585	-0.0240176 	-0.286666 	-1.37187 	0.265521 	0.101923 	0.0371814 	
6.59	-0.0240271 	-0.286653 	-1.37186 	0.26552 	0.101962 	0.037181 	
6.595	-0.0240364 	-0.286641 	-1.37184 	0.26552 	0.102003 	0.0371809 	
6.6	-0.0240454 	-0.28663 	-1.37182 	0.265519 	0.102045 	0.0371808 	
6.605	-0.0240543 	-0.28662 	-1.3718 	0.265519 	0.102089 	0.0371808 	
6.61	-0.0240598 	-0.2866 	-1.37179 	0.265535 	0.102108 	0.0371919 	
6.615	-0.0240691 	-0.286585 	-1.37177 	0.265535 	0.102132 	0.0371964 	
6.62	-0.0240825 	-0.286556 	-1.37176 	0.265523 	0.102126 	0.0371823 	
6.625	-0.0240981 	-0.28652 	-1.37174 	0.265511 	0.10211 	0.0371613 	
6.63	-0.0241131 	-0.286488 	-1.37173 	0.265502 	0.102102 	0.0371412 	
6.635	-0.0241263 	-0.286468 	-1.37171 	0.265499 	0.10213 	0.0371363 	
6.64	-0.0241378 	-0.286452 	-1.3717 	0.265498 	0.102168 	0.0371352 	
6.645	-0.0241554 	-0.286413 	-1.37168 	0.265485 	0.102154 	0.0371383 	
6.65	-0.0241746 	-0.286366 	-1.37166 	0.265474 	0.102115 	0.0371407 	
6.655	-0.0242039 	-0.286318 	-1.37164 	0.265424 	0.10206 	0.037134 	
6.66	-0.0242468 	-0.286267 	-1.37162 	0.265325 	0.10198 	0.0371235 	
6.665	-0.0242735 	-0.286234 	-1.3716 	0.265297 	0.101989 	0.037122 	
6.67	-0.024308 	-0.286183 	-1.37158 	0.265247 	0.10195 	0.0371293 	
6.675	-0.0243308 	-0.286119 	-1.37156 	0.265244 	0.101884 	0.0371304 	
