0	0.333706 	-0.17241 	0.0336918 	-0.369617 	-1.57018 	0.369649 	
0.005	0.332479 	-0.183034 	0.0339483 	-2.5918 	-1.56823 	2.1216 	
0.01	0.333443 	-0.178384 	0.0337494 	-0.652107 	-1.57035 	0.38925 	
0.015	0.333472 	-0.178321 	0.0337415 	-0.648879 	-1.56995 	0.385544 	
0.02	0.333487 	-0.178296 	0.0337472 	-0.618568 	-1.57024 	0.357167 	
0.025	0.333483 	-0.178289 	0.0337403 	-0.614482 	-1.56988 	0.35365 	
0.03	0.333473 	-0.178287 	0.0337307 	-0.614354 	-1.56937 	0.354012 	
0.035	0.333524 	-0.178303 	0.0337479 	-0.623053 	-1.57023 	0.361266 	
0.04	0.333532 	-0.178313 	0.0337445 	-0.627282 	-1.57003 	0.365207 	
0.045	0.333533 	-0.178323 	0.0337376 	-0.628544 	-1.56965 	0.366273 	
0.05	0.33353 	-0.178335 	0.0337279 	-0.628558 	-1.56912 	0.366165 	
0.055	0.333598 	-0.178288 	0.0337437 	-0.618797 	-1.56991 	0.357796 	
0.06	0.333617 	-0.17828 	0.0337398 	-0.616712 	-1.56968 	0.356212 	
0.065	0.333629 	-0.178276 	0.0337326 	-0.616539 	-1.56927 	0.356476 	
0.07	0.333637 	-0.178276 	0.0337227 	-0.61696 	-1.56872 	0.357281 	
0.075	0.3337 	-0.178297 	0.0337377 	-0.620483 	-1.56945 	0.359249 	
0.08	0.333724 	-0.178308 	0.0337335 	-0.62252 	-1.56919 	0.36092 	
0.085	0.333742 	-0.17832 	0.0337261 	-0.623857 	-1.56876 	0.362 	
0.09	0.333757 	-0.178333 	0.0337161 	-0.624607 	-1.56818 	0.362579 	
0.095	0.333841 	-0.178271 	0.0337297 	-0.61712 	-1.56884 	0.357218 	
0.1	0.333877 	-0.178258 	0.0337251 	-0.615688 	-1.56855 	0.356531 	
0.105	0.333907 	-0.17825 	0.0337174 	-0.615206 	-1.56809 	0.356681 	
0.11	0.333959 	-0.178281 	0.033721 	-0.617316 	-1.56822 	0.357192 	
0.115	0.333991 	-0.178294 	0.0337138 	-0.618393 	-1.56777 	0.357975 	
0.12	0.334019 	-0.178306 	0.033704 	-0.619333 	-1.5672 	0.358716 	
0.125	0.334045 	-0.178319 	0.0336923 	-0.620071 	-1.56651 	0.35933 	
0.13	0.334164 	-0.178252 	0.0337133 	-0.614387 	-1.56754 	0.355696 	
0.135	0.334221 	-0.178237 	0.0337109 	-0.613237 	-1.56734 	0.355282 	
0.14	0.334271 	-0.178227 	0.033705 	-0.612797 	-1.56696 	0.355465 	
0.145	0.334317 	-0.178222 	0.0336964 	-0.612774 	-1.56643 	0.355975 	
0.15	0.334376 	-0.178262 	0.0336958 	-0.613373 	-1.56631 	0.354721 	
0.155	0.334421 	-0.178279 	0.0336869 	-0.614114 	-1.56576 	0.355042 	
0.16	0.334464 	-0.178294 	0.033676 	-0.614913 	-1.56509 	0.355541 	
0.165	0.334576 	-0.178232 	0.0336876 	-0.610908 	-1.56561 	0.353775 	
0.17	0.334642 	-0.178219 	0.0336822 	-0.610316 	-1.56524 	0.353922 	
0.175	0.334702 	-0.178211 	0.0336741 	-0.610133 	-1.56472 	0.354365 	
0.18	0.334759 	-0.178208 	0.0336637 	-0.610182 	-1.56407 	0.354949 	
0.185	0.334853 	-0.178232 	0.0336707 	-0.608377 	-1.56433 	0.351653 	
0.19	0.33492 	-0.178243 	0.033664 	-0.608352 	-1.56388 	0.351339 	
0.195	0.334984 	-0.178254 	0.0336548 	-0.608676 	-1.56329 	0.351466 	
0.2	0.335086 	-0.178205 	0.0336567 	-0.606244 	-1.56328 	0.351094 	
0.205	0.335161 	-0.178195 	0.0336487 	-0.605949 	-1.56275 	0.351512 	
0.21	0.335232 	-0.178189 	0.0336386 	-0.605934 	-1.5621 	0.352101 	
0.215	0.3353 	-0.178187 	0.0336268 	-0.606079 	-1.56136 	0.352763 	
0.22	0.335426 	-0.178196 	0.0336396 	-0.602733 	-1.56192 	0.348315 	
0.225	0.335514 	-0.178202 	0.0336346 	-0.602148 	-1.56153 	0.347571 	
0.23	0.335597 	-0.17821 	0.0336269 	-0.602054 	-1.561 	0.347386 	
0.235	0.335677 	-0.178218 	0.0336171 	-0.602294 	-1.56035 	0.347588 	
0.24	0.33579 	-0.178161 	0.0336156 	-0.599609 	-1.56015 	0.347407 	
0.245	0.335879 	-0.178148 	0.0336063 	-0.599151 	-1.55952 	0.347876 	
0.25	0.335965 	-0.178139 	0.0335953 	-0.598999 	-1.5588 	0.348499 	
0.255	0.336087 	-0.178159 	0.0336001 	-0.596812 	-1.55892 	0.345062 	
0.26	0.336183 	-0.178166 	0.0335927 	-0.596496 	-1.55839 	0.344626 	
0.265	0.336277 	-0.178174 	0.0335833 	-0.596556 	-1.55774 	0.344626 	
0.27	0.336368 	-0.178183 	0.0335722 	-0.596866 	-1.557 	0.344922 	
0.275	0.33651 	-0.178119 	0.0335759 	-0.592599 	-1.55707 	0.343204 	
0.28	0.336618 	-0.178103 	0.0335682 	-0.59165 	-1.55652 	0.343206 	
0.285	0.336723 	-0.178092 	0.0335585 	-0.591162 	-1.55585 	0.343513 	
0.29	0.336825 	-0.178086 	0.0335473 	-0.590999 	-1.55509 	0.34402 	
0.295	0.336957 	-0.178113 	0.03355 	-0.58876 	-1.55509 	0.340248 	
0.3	0.337068 	-0.178124 	0.033542 	-0.58841 	-1.55449 	0.339641 	
0.305	0.337177 	-0.178134 	0.0335321 	-0.588441 	-1.5538 	0.339501 	
0.31	0.337315 	-0.178076 	0.0335286 	-0.585282 	-1.55347 	0.338961 	
0.315	0.337433 	-0.178063 	0.0335189 	-0.584588 	-1.55279 	0.339187 	
0.32	0.337548 	-0.178054 	0.0335078 	-0.584275 	-1.55202 	0.339643 	
0.325	0.337662 	-0.17805 	0.0334956 	-0.584232 	-1.55118 	0.34025 	
0.33	0.337775 	-0.178048 	0.0334825 	-0.584375 	-1.5503 	0.340946 	
0.335	0.337954 	-0.178053 	0.0334962 	-0.578773 	-1.5509 	0.334146 	
0.34	0.33809 	-0.178057 	0.0334916 	-0.577325 	-1.55048 	0.332519 	
0.345	0.338223 	-0.178063 	0.0334846 	-0.576525 	-1.54993 	0.331609 	
0.35	0.338342 	-0.17802 	0.0334675 	-0.576027 	-1.54882 	0.33377 	
0.355	0.338466 	-0.178009 	0.0334541 	-0.575888 	-1.54791 	0.334586 	
0.36	0.33859 	-0.178003 	0.0334403 	-0.575963 	-1.54697 	0.335458 	
0.365	0.338714 	-0.178001 	0.0334259 	-0.576186 	-1.54599 	0.336353 	
0.37	0.338914 	-0.177995 	0.0334416 	-0.569677 	-1.54672 	0.328941 	
0.375	0.339067 	-0.177995 	0.0334375 	-0.567914 	-1.54631 	0.327145 	
0.38	0.339215 	-0.177997 	0.033431 	-0.566849 	-1.54576 	0.326088 	
0.385	0.339336 	-0.177965 	0.03341 	-0.566818 	-1.54442 	0.328412 	
0.39	0.33947 	-0.177957 	0.0333956 	-0.566746 	-1.54343 	0.329229 	
0.395	0.339605 	-0.177953 	0.033381 	-0.566879 	-1.54243 	0.330105 	
0.4	0.339741 	-0.177952 	0.0333663 	-0.567155 	-1.5414 	0.33101 	
0.405	0.339878 	-0.177954 	0.0333514 	-0.567529 	-1.54037 	0.331921 	
0.41	0.340121 	-0.177921 	0.0333758 	-0.557621 	-1.54162 	0.32165 	
0.415	0.340298 	-0.177913 	0.0333748 	-0.554647 	-1.54138 	0.318786 	
0.42	0.340469 	-0.177909 	0.0333709 	-0.552621 	-1.54098 	0.316881 	
0.425	0.340568 	-0.177897 	0.0333371 	-0.555732 	-1.53886 	0.322167 	
0.43	0.340708 	-0.177895 	0.0333193 	-0.556333 	-1.53765 	0.323631 	
0.435	0.340851 	-0.177895 	0.0333021 	-0.556955 	-1.53647 	0.324977 	
0.44	0.340996 	-0.177898 	0.0332854 	-0.557587 	-1.5353 	0.326222 	
0.445	0.341256 	-0.177854 	0.0333103 	-0.547076 	-1.53662 	0.315681 	
0.45	0.341445 	-0.177842 	0.033309 	-0.543977 	-1.53636 	0.312837 	
0.455	0.341629 	-0.177836 	0.033305 	-0.541836 	-1.53593 	0.310933 	
0.46	0.341737 	-0.177832 	0.0332701 	-0.544818 	-1.53373 	0.31579 	
0.465	0.341888 	-0.177832 	0.0332521 	-0.54536 	-1.53248 	0.31713 	
0.47	0.342042 	-0.177834 	0.0332348 	-0.545953 	-1.53127 	0.318394 	
0.475	0.342199 	-0.177837 	0.0332182 	-0.546579 	-1.53008 	0.31959 	
0.48	0.342467 	-0.177783 	0.0332405 	-0.535742 	-1.53128 	0.309208 	
0.485	0.342668 	-0.177768 	0.0332384 	-0.53253 	-1.53097 	0.306409 	
0.49	0.342864 	-0.177758 	0.0332339 	-0.530289 	-1.53051 	0.30453 	
0.495	0.34298 	-0.177762 	0.0331989 	-0.533225 	-1.52826 	0.309036 	
0.5	0.343143 	-0.177764 	0.0331808 	-0.533735 	-1.52699 	0.310281 	
0.505	0.343308 	-0.177767 	0.0331637 	-0.534317 	-1.52575 	0.311482 	
0.51	0.343477 	-0.177772 	0.0331472 	-0.534947 	-1.52455 	0.312639 	
0.515	0.343752 	-0.177707 	0.0331663 	-0.523695 	-1.52561 	0.302308 	
0.52	0.343963 	-0.177689 	0.0331633 	-0.520343 	-1.52525 	0.299517 	
0.525	0.344169 	-0.177677 	0.0331582 	-0.517983 	-1.52475 	0.297639 	
0.53	0.344372 	-0.17767 	0.0331515 	-0.516415 	-1.52414 	0.296489 	
0.535	0.344481 	-0.17768 	0.0331094 	-0.519649 	-1.52144 	0.301441 	
0.54	0.344647 	-0.177684 	0.0330883 	-0.520452 	-1.51996 	0.303049 	
0.545	0.344818 	-0.17769 	0.0330687 	-0.521245 	-1.51856 	0.304518 	
0.55	0.345103 	-0.177633 	0.0330871 	-0.511733 	-1.51956 	0.295644 	
0.555	0.345321 	-0.177619 	0.0330829 	-0.509055 	-1.51911 	0.29348 	
0.56	0.345536 	-0.177609 	0.033077 	-0.507214 	-1.51854 	0.292082 	
0.565	0.345747 	-0.177604 	0.0330696 	-0.506036 	-1.51787 	0.291291 	
0.57	0.345877 	-0.177596 	0.0330305 	-0.505965 	-1.51538 	0.293305 	
0.575	0.346056 	-0.177595 	0.0330103 	-0.505832 	-1.51396 	0.294096 	
0.58	0.346241 	-0.177597 	0.0329917 	-0.505926 	-1.5126 	0.29496 	
0.585	0.34643 	-0.177601 	0.0329743 	-0.506192 	-1.51131 	0.295874 	
0.59	0.346739 	-0.177537 	0.0329964 	-0.496124 	-1.51258 	0.286375 	
0.595	0.346976 	-0.17752 	0.0329945 	-0.493035 	-1.51226 	0.283765 	
0.6	0.347208 	-0.177509 	0.0329905 	-0.490862 	-1.5118 	0.282006 	
0.605	0.347335 	-0.177514 	0.0329482 	-0.492372 	-1.50905 	0.285354 	
0.61	0.347524 	-0.177516 	0.0329282 	-0.49244 	-1.5076 	0.286267 	
0.615	0.347719 	-0.177519 	0.0329098 	-0.492694 	-1.50624 	0.287229 	
0.62	0.347918 	-0.177525 	0.0328928 	-0.493089 	-1.50494 	0.288221 	
0.625	0.348227 	-0.17745 	0.03291 	-0.482064 	-1.50599 	0.278283 	
0.63	0.34847 	-0.177429 	0.0329066 	-0.478691 	-1.50559 	0.275553 	
0.635	0.34871 	-0.177415 	0.0329015 	-0.47629 	-1.50507 	0.273698 	
0.64	0.34885 	-0.177429 	0.0328619 	-0.478335 	-1.50241 	0.277213 	
0.645	0.34905 	-0.177433 	0.0328426 	-0.478516 	-1.50098 	0.278153 	
0.65	0.349254 	-0.177438 	0.0328249 	-0.478863 	-1.49963 	0.279139 	
0.655	0.349463 	-0.177446 	0.0328085 	-0.479336 	-1.49834 	0.280153 	
0.66	0.34977 	-0.17736 	0.0328204 	-0.467486 	-1.49915 	0.269884 	
0.665	0.35002 	-0.177336 	0.0328155 	-0.463857 	-1.49868 	0.267054 	
0.67	0.350265 	-0.177319 	0.0328092 	-0.46125 	-1.49809 	0.265117 	
0.675	0.350508 	-0.177309 	0.0328019 	-0.459458 	-1.49742 	0.263891 	
0.68	0.350637 	-0.177331 	0.0327562 	-0.462132 	-1.49433 	0.268077 	
0.685	0.350837 	-0.17734 	0.0327341 	-0.462711 	-1.49269 	0.269438 	
0.69	0.351044 	-0.177349 	0.0327142 	-0.463357 	-1.49118 	0.270739 	
0.695	0.351363 	-0.177273 	0.0327276 	-0.45325 	-1.49205 	0.26187 	
0.7	0.351619 	-0.177253 	0.0327222 	-0.450292 	-1.49152 	0.259629 	
0.705	0.351871 	-0.177241 	0.0327156 	-0.448209 	-1.49089 	0.25815 	
0.71	0.352121 	-0.177234 	0.0327081 	-0.44682 	-1.49019 	0.257274 	
0.715	0.352263 	-0.177234 	0.0326635 	-0.446287 	-1.48724 	0.258717 	
0.72	0.352473 	-0.177236 	0.0326419 	-0.445935 	-1.48564 	0.259291 	
0.725	0.352689 	-0.17724 	0.0326225 	-0.445868 	-1.48417 	0.259995 	
0.73	0.353005 	-0.177182 	0.032633 	-0.438324 	-1.48479 	0.253355 	
0.735	0.353265 	-0.177167 	0.0326268 	-0.436015 	-1.48419 	0.251685 	
0.74	0.353523 	-0.177159 	0.0326196 	-0.43444 	-1.48351 	0.25065 	
0.745	0.353701 	-0.177148 	0.0325851 	-0.432486 	-1.48119 	0.250471 	
0.75	0.353928 	-0.177146 	0.0325672 	-0.431601 	-1.47983 	0.250451 	
0.755	0.354159 	-0.177148 	0.0325508 	-0.431131 	-1.47854 	0.250702 	
0.76	0.354394 	-0.177152 	0.0325357 	-0.430983 	-1.4773 	0.25116 	
0.765	0.354633 	-0.177159 	0.0325215 	-0.431085 	-1.47612 	0.251775 	
0.77	0.354937 	-0.177061 	0.0325226 	-0.419117 	-1.47638 	0.241959 	
0.775	0.355203 	-0.177034 	0.032515 	-0.415315 	-1.47576 	0.239146 	
0.78	0.355467 	-0.177015 	0.0325069 	-0.41256 	-1.47507 	0.237212 	
0.785	0.355729 	-0.177004 	0.0324983 	-0.410637 	-1.47431 	0.235974 	
0.79	0.355884 	-0.177034 	0.0324566 	-0.41321 	-1.47132 	0.239697 	
0.795	0.356106 	-0.177046 	0.0324358 	-0.413732 	-1.4697 	0.240912 	
0.8	0.356336 	-0.177059 	0.0324172 	-0.41435 	-1.4682 	0.242112 	
0.805	0.356659 	-0.176968 	0.0324227 	-0.403732 	-1.46871 	0.233278 	
0.81	0.356931 	-0.176946 	0.0324152 	-0.400578 	-1.46808 	0.231006 	
0.815	0.3572 	-0.176931 	0.0324072 	-0.398329 	-1.46737 	0.229492 	
0.82	0.357468 	-0.176924 	0.0323988 	-0.3968 	-1.46661 	0.228577 	
0.825	0.357629 	-0.176929 	0.0323566 	-0.396235 	-1.46368 	0.229699 	
0.83	0.357857 	-0.176933 	0.0323358 	-0.395829 	-1.46208 	0.230151 	
0.835	0.358093 	-0.176941 	0.0323172 	-0.395726 	-1.46061 	0.230762 	
0.84	0.358415 	-0.176871 	0.0323218 	-0.387756 	-1.46097 	0.224145 	
0.845	0.35869 	-0.176855 	0.032314 	-0.385276 	-1.46029 	0.22244 	
0.85	0.358963 	-0.176846 	0.0323059 	-0.383557 	-1.45955 	0.221369 	
0.855	0.359234 	-0.176842 	0.0322974 	-0.382441 	-1.45877 	0.220798 	
0.86	0.359401 	-0.176822 	0.032255 	-0.379122 	-1.45591 	0.21966 	
0.865	0.359634 	-0.17682 	0.0322342 	-0.377916 	-1.45434 	0.219463 	
0.87	0.359874 	-0.176822 	0.0322156 	-0.377191 	-1.45288 	0.219571 	
0.875	0.36012 	-0.176828 	0.0321989 	-0.376841 	-1.45153 	0.219914 	
0.88	0.360461 	-0.176752 	0.0322071 	-0.368496 	-1.45218 	0.212867 	
0.885	0.360748 	-0.176733 	0.0322014 	-0.365785 	-1.45164 	0.210902 	
0.89	0.361031 	-0.176722 	0.0321949 	-0.363879 	-1.45103 	0.20962 	
0.895	0.361199 	-0.176722 	0.0321536 	-0.362566 	-1.44811 	0.210071 	
0.9	0.361437 	-0.176724 	0.0321339 	-0.361776 	-1.44658 	0.210169 	
0.905	0.361683 	-0.17673 	0.0321163 	-0.361377 	-1.44516 	0.210506 	
0.91	0.361933 	-0.176739 	0.0321004 	-0.361284 	-1.44383 	0.211026 	
0.915	0.362261 	-0.176646 	0.0321022 	-0.351328 	-1.44418 	0.202914 	
0.92	0.362545 	-0.176622 	0.0320945 	-0.348143 	-1.44355 	0.200641 	
0.925	0.362827 	-0.176608 	0.0320865 	-0.34586 	-1.44286 	0.199114 	
0.93	0.363011 	-0.176621 	0.0320506 	-0.345873 	-1.44019 	0.200429 	
0.935	0.363256 	-0.176626 	0.0320323 	-0.345411 	-1.43873 	0.200736 	
0.94	0.363506 	-0.176636 	0.0320159 	-0.34527 	-1.43737 	0.201235 	
0.945	0.363762 	-0.176648 	0.0320009 	-0.34538 	-1.43609 	0.201883 	
0.95	0.364075 	-0.176539 	0.0319967 	-0.334076 	-1.43613 	0.19292 	
0.955	0.364356 	-0.176511 	0.0319873 	-0.330492 	-1.43541 	0.190395 	
0.96	0.364637 	-0.176493 	0.0319779 	-0.327892 	-1.43465 	0.188669 	
0.965	0.364916 	-0.176484 	0.0319685 	-0.326075 	-1.43386 	0.187576 	
0.97	0.365086 	-0.176508 	0.0319296 	-0.326954 	-1.4309 	0.189652 	
0.975	0.365326 	-0.17652 	0.0319097 	-0.326945 	-1.42929 	0.190361 	
0.98	0.365573 	-0.176534 	0.0318921 	-0.327157 	-1.42782 	0.191172 	
0.985	0.365898 	-0.17644 	0.0318917 	-0.317632 	-1.42806 	0.183562 	
0.99	0.366182 	-0.176419 	0.0318827 	-0.314704 	-1.42735 	0.181563 	
0.995	0.366464 	-0.176407 	0.0318736 	-0.31262 	-1.42659 	0.180247 	
1	0.366744 	-0.176402 	0.0318646 	-0.311208 	-1.42581 	0.179473 	
1.005	0.366914 	-0.176397 	0.0318245 	-0.309266 	-1.42288 	0.179277 	
1.01	0.367153 	-0.176401 	0.0318044 	-0.308426 	-1.42129 	0.179318 	
1.015	0.367401 	-0.176409 	0.0317866 	-0.307986 	-1.41984 	0.179607 	
1.02	0.367654 	-0.17642 	0.0317706 	-0.30786 	-1.41849 	0.180088 	
1.025	0.367995 	-0.176316 	0.0317737 	-0.297758 	-1.41904 	0.17192 	
1.03	0.368287 	-0.17629 	0.0317666 	-0.294495 	-1.41849 	0.169594 	
1.035	0.368575 	-0.176275 	0.031759 	-0.292142 	-1.41786 	0.168015 	
1.04	0.368745 	-0.176294 	0.0317211 	-0.292333 	-1.41493 	0.16946 	
1.045	0.368988 	-0.176303 	0.0317023 	-0.291905 	-1.41341 	0.169786 	
1.05	0.369237 	-0.176315 	0.0316855 	-0.29179 	-1.41201 	0.170297 	
1.055	0.369548 	-0.176234 	0.0316813 	-0.2838 	-1.41194 	0.164082 	
1.06	0.369827 	-0.176217 	0.0316713 	-0.281292 	-1.41115 	0.162462 	
1.065	0.370105 	-0.176209 	0.0316614 	-0.27954 	-1.41035 	0.161441 	
1.07	0.370383 	-0.176208 	0.0316517 	-0.278385 	-1.40952 	0.160895 	
1.075	0.370564 	-0.176185 	0.0316161 	-0.274862 	-1.40691 	0.159263 	
1.08	0.370807 	-0.176184 	0.0315974 	-0.273562 	-1.40543 	0.158884 	
1.085	0.371056 	-0.176189 	0.0315806 	-0.27276 	-1.40407 	0.158841 	
1.09	0.37131 	-0.176198 	0.0315654 	-0.272351 	-1.4028 	0.159061 	
1.095	0.37163 	-0.176112 	0.0315638 	-0.264194 	-1.40295 	0.152638 	
1.1	0.371913 	-0.176093 	0.0315553 	-0.261517 	-1.4023 	0.150833 	
1.105	0.372194 	-0.176084 	0.0315465 	-0.259627 	-1.4016 	0.149661 	
1.11	0.372474 	-0.176082 	0.0315377 	-0.258363 	-1.40086 	0.148994 	
1.115	0.372623 	-0.176069 	0.0314961 	-0.255769 	-1.3977 	0.148308 	
1.12	0.372855 	-0.176073 	0.0314756 	-0.25475 	-1.39606 	0.148211 	
1.125	0.373094 	-0.176081 	0.0314573 	-0.254168 	-1.39457 	0.148386 	
1.13	0.373428 	-0.176015 	0.03146 	-0.247822 	-1.39499 	0.143278 	
1.135	0.37371 	-0.176002 	0.0314519 	-0.245719 	-1.39436 	0.141914 	
1.14	0.373989 	-0.175999 	0.0314436 	-0.244282 	-1.39368 	0.14109 	
1.145	0.37417 	-0.175978 	0.0314108 	-0.241171 	-1.39117 	0.139716 	
1.15	0.374411 	-0.175978 	0.0313935 	-0.239913 	-1.38979 	0.139323 	
1.155	0.374658 	-0.175983 	0.0313778 	-0.239144 	-1.38852 	0.139266 	
1.16	0.374909 	-0.175994 	0.0313635 	-0.23876 	-1.38732 	0.139473 	
1.165	0.375205 	-0.175908 	0.0313571 	-0.230801 	-1.38713 	0.133367 	
1.17	0.375477 	-0.17589 	0.0313471 	-0.228201 	-1.38639 	0.131665 	
1.175	0.375747 	-0.175881 	0.0313373 	-0.22637 	-1.38562 	0.130573 	
1.18	0.376017 	-0.17588 	0.0313275 	-0.22515 	-1.38484 	0.129963 	
1.185	0.376183 	-0.175866 	0.0312936 	-0.222553 	-1.38217 	0.129042 	
1.19	0.376415 	-0.175869 	0.0312753 	-0.221547 	-1.3807 	0.128876 	
1.195	0.376653 	-0.175878 	0.0312589 	-0.220975 	-1.37935 	0.128996 	
1.2	0.376896 	-0.175891 	0.031244 	-0.220746 	-1.37811 	0.12934 	
1.205	0.377213 	-0.17579 	0.0312434 	-0.211876 	-1.37844 	0.12233 	
1.21	0.377488 	-0.175768 	0.0312353 	-0.209001 	-1.37787 	0.120347 	
1.215	0.37776 	-0.175756 	0.0312268 	-0.206948 	-1.37725 	0.119027 	
1.22	0.377925 	-0.175769 	0.031195 	-0.206488 	-1.37462 	0.119743 	
1.225	0.378155 	-0.175778 	0.031178 	-0.205935 	-1.37322 	0.119896 	
1.23	0.378391 	-0.175792 	0.0311625 	-0.205722 	-1.37193 	0.120265 	
1.235	0.378679 	-0.175713 	0.0311567 	-0.19862 	-1.37177 	0.114844 	
1.24	0.378939 	-0.175699 	0.0311465 	-0.196378 	-1.37101 	0.113433 	
1.245	0.379198 	-0.175694 	0.0311364 	-0.194829 	-1.37024 	0.112566 	
1.25	0.379456 	-0.175696 	0.0311264 	-0.19383 	-1.36946 	0.112131 	
1.255	0.379626 	-0.175666 	0.0310969 	-0.190153 	-1.36711 	0.110214 	
1.26	0.379852 	-0.175665 	0.0310801 	-0.188846 	-1.36576 	0.109757 	
1.265	0.380082 	-0.175671 	0.0310648 	-0.188035 	-1.36452 	0.109645 	
1.27	0.380317 	-0.175682 	0.0310507 	-0.187618 	-1.36336 	0.109803 	
1.275	0.38061 	-0.1756 	0.0310474 	-0.180469 	-1.36342 	0.104264 	
1.28	0.380869 	-0.175584 	0.0310386 	-0.178134 	-1.3628 	0.102729 	
1.285	0.381126 	-0.175578 	0.0310295 	-0.176508 	-1.36213 	0.101761 	
1.29	0.38138 	-0.17558 	0.0310203 	-0.175447 	-1.36144 	0.101243 	
1.295	0.381519 	-0.175559 	0.0309869 	-0.172589 	-1.35865 	0.100125 	
1.3	0.381729 	-0.175562 	0.0309689 	-0.171543 	-1.35718 	0.0999148 	
1.305	0.381946 	-0.175571 	0.0309527 	-0.170938 	-1.35585 	0.0999945 	
1.31	0.382168 	-0.175585 	0.0309378 	-0.170682 	-1.35462 	0.100302 	
1.315	0.382487 	-0.175491 	0.0309414 	-0.162824 	-1.35533 	0.0939689 	
1.32	0.382748 	-0.175471 	0.0309347 	-0.160285 	-1.35492 	0.0921957 	
1.325	0.383005 	-0.175463 	0.0309273 	-0.158495 	-1.35443 	0.0910335 	
1.33	0.383137 	-0.17547 	0.0308954 	-0.157695 	-1.35165 	0.0915075 	
1.335	0.383344 	-0.175479 	0.0308786 	-0.157113 	-1.35026 	0.0916232 	
1.34	0.383556 	-0.175492 	0.0308633 	-0.156875 	-1.34899 	0.0919587 	
1.345	0.383837 	-0.175419 	0.0308609 	-0.150533 	-1.34912 	0.0870306 	
1.35	0.38408 	-0.175407 	0.0308518 	-0.148542 	-1.34849 	0.0857681 	
1.355	0.38432 	-0.175404 	0.0308426 	-0.147188 	-1.34782 	0.0850116 	
1.36	0.384558 	-0.175409 	0.0308333 	-0.146341 	-1.34714 	0.0846573 	
1.365	0.3847 	-0.175375 	0.0308054 	-0.142698 	-1.34476 	0.0827571 	
1.37	0.384901 	-0.175374 	0.0307894 	-0.14145 	-1.34345 	0.0823251 	
1.375	0.385106 	-0.17538 	0.0307746 	-0.140685 	-1.34225 	0.082227 	
1.38	0.385316 	-0.175391 	0.0307609 	-0.140302 	-1.34113 	0.0823916 	
1.385	0.385601 	-0.175316 	0.0307614 	-0.13399 	-1.34154 	0.0773807 	
1.39	0.385841 	-0.175303 	0.0307539 	-0.131954 	-1.34106 	0.0760212 	
1.395	0.386077 	-0.1753 	0.0307459 	-0.130562 	-1.34052 	0.0751845 	
1.4	0.386309 	-0.175304 	0.0307375 	-0.129684 	-1.33994 	0.0747646 	
1.405	0.386413 	-0.175278 	0.0307056 	-0.126767 	-1.33708 	0.0736146 	
1.41	0.386595 	-0.175281 	0.0306884 	-0.125762 	-1.33563 	0.0734187 	
1.415	0.386784 	-0.175289 	0.0306727 	-0.125187 	-1.33432 	0.0735049 	
1.42	0.387075 	-0.175237 	0.030676 	-0.120544 	-1.33499 	0.0696895 	
1.425	0.387306 	-0.175231 	0.0306688 	-0.119028 	-1.33454 	0.0687216 	
1.43	0.387533 	-0.175233 	0.0306611 	-0.118049 	-1.33403 	0.0681943 	
1.435	0.387665 	-0.175205 	0.0306366 	-0.115061 	-1.33185 	0.066734 	
1.44	0.387852 	-0.175206 	0.0306223 	-0.113994 	-1.33067 	0.0663886 	
1.445	0.388043 	-0.175213 	0.0306089 	-0.113371 	-1.32958 	0.0663557 	
1.45	0.388236 	-0.175226 	0.0305962 	-0.1131 	-1.32856 	0.0665692 	
1.455	0.38843 	-0.175243 	0.0305842 	-0.113108 	-1.3276 	0.0669769 	
1.46	0.388689 	-0.175131 	0.0305839 	-0.104548 	-1.32797 	0.0602243 	
1.465	0.388907 	-0.175106 	0.0305768 	-0.10185 	-1.32754 	0.058328 	
1.47	0.389121 	-0.175094 	0.0305691 	-0.0999287 	-1.32704 	0.0570599 	
1.475	0.389331 	-0.17509 	0.0305609 	-0.0986283 	-1.3265 	0.0562934 	
1.48	0.389426 	-0.175117 	0.0305332 	-0.099392 	-1.32386 	0.0579152 	
1.485	0.389589 	-0.175136 	0.0305175 	-0.099524 	-1.32252 	0.0585582 	
1.49	0.389758 	-0.175157 	0.0305032 	-0.0998498 	-1.32129 	0.059304 	
1.495	0.390025 	-0.175061 	0.0305063 	-0.0925217 	-1.32201 	0.0533914 	
1.5	0.390233 	-0.175044 	0.0304996 	-0.0903702 	-1.32161 	0.0519082 	
1.505	0.390437 	-0.175038 	0.0304922 	-0.0888834 	-1.32115 	0.0509668 	
1.51	0.390636 	-0.175039 	0.0304844 	-0.0879275 	-1.32064 	0.0504579 	
1.515	0.390727 	-0.175036 	0.0304589 	-0.0867983 	-1.31818 	0.0505233 	
1.52	0.390882 	-0.175045 	0.0304442 	-0.0863881 	-1.31692 	0.0507118 	
1.525	0.391041 	-0.175059 	0.0304306 	-0.0862844 	-1.31577 	0.0510975 	
1.53	0.391293 	-0.174993 	0.0304332 	-0.0809693 	-1.31641 	0.0467758 	
1.535	0.391489 	-0.174984 	0.0304266 	-0.079378 	-1.31601 	0.0457261 	
1.54	0.39168 	-0.174984 	0.0304193 	-0.078337 	-1.31556 	0.0451283 	
1.545	0.391867 	-0.17499 	0.0304115 	-0.0777351 	-1.31505 	0.0448909 	
1.55	0.391955 	-0.17496 	0.0303888 	-0.0749574 	-1.31283 	0.0435842 	
1.555	0.392101 	-0.174961 	0.0303753 	-0.0740925 	-1.31165 	0.0433859 	
1.56	0.39225 	-0.174969 	0.0303625 	-0.0736283 	-1.31057 	0.0434644 	
1.565	0.392402 	-0.174982 	0.0303505 	-0.0734815 	-1.30956 	0.0437612 	
1.57	0.392661 	-0.174914 	0.0303565 	-0.0681559 	-1.31059 	0.0392797 	
1.575	0.392852 	-0.174904 	0.0303516 	-0.0665407 	-1.31039 	0.0381353 	
1.58	0.393036 	-0.174902 	0.0303458 	-0.0654793 	-1.31009 	0.0374594 	
1.585	0.393214 	-0.174907 	0.0303393 	-0.0648608 	-1.30971 	0.0371583 	
1.59	0.393256 	-0.174887 	0.0303126 	-0.0628718 	-1.30693 	0.0366731 	
1.595	0.393377 	-0.174892 	0.0302981 	-0.0622764 	-1.3056 	0.0367378 	
1.6	0.393504 	-0.174901 	0.0302846 	-0.0620245 	-1.3044 	0.0370224 	
1.605	0.393762 	-0.174855 	0.0302922 	-0.0581239 	-1.30564 	0.0335635 	
1.61	0.39394 	-0.174851 	0.0302875 	-0.0569765 	-1.30546 	0.0327759 	
1.615	0.394111 	-0.174855 	0.0302818 	-0.0562877 	-1.30517 	0.0323831 	
1.62	0.394275 	-0.174864 	0.0302754 	-0.0559654 	-1.3048 	0.0323058 	
1.625	0.394318 	-0.174822 	0.0302524 	-0.0526574 	-1.30233 	0.030679 	
1.63	0.394431 	-0.174819 	0.0302393 	-0.0517028 	-1.30112 	0.0304207 	
1.635	0.394548 	-0.174823 	0.030227 	-0.051166 	-1.30002 	0.0304489 	
1.64	0.394784 	-0.1748 	0.030233 	-0.0487772 	-1.30111 	0.0282113 	
1.645	0.394946 	-0.174802 	0.0302282 	-0.0480653 	-1.3009 	0.027765 	
1.65	0.395102 	-0.17481 	0.0302225 	-0.0477235 	-1.3006 	0.0276432 	
1.655	0.395251 	-0.174823 	0.0302161 	-0.0476772 	-1.30023 	0.0277804 	
1.66	0.395297 	-0.174762 	0.030197 	-0.0432763 	-1.2981 	0.0251788 	
1.665	0.395401 	-0.174753 	0.0301853 	-0.0420333 	-1.29701 	0.0246515 	
1.67	0.395508 	-0.174752 	0.0301743 	-0.0412676 	-1.296 	0.0244654 	
1.675	0.395617 	-0.174758 	0.0301637 	-0.0408804 	-1.29506 	0.0245489 	
1.68	0.39586 	-0.174741 	0.0301731 	-0.0389326 	-1.2966 	0.0224681 	
1.685	0.396017 	-0.174746 	0.0301701 	-0.038428 	-1.29661 	0.0220933 	
1.69	0.396165 	-0.174756 	0.030166 	-0.0382513 	-1.29649 	0.0220272 	
1.695	0.39619 	-0.174715 	0.0301464 	-0.0352223 	-1.29425 	0.0205477 	
1.7	0.396282 	-0.174712 	0.0301354 	-0.0344151 	-1.29322 	0.0203403 	
1.705	0.396376 	-0.174716 	0.0301251 	-0.0339951 	-1.29226 	0.0204066 	
1.71	0.39647 	-0.174725 	0.0301151 	-0.0338823 	-1.29135 	0.0206894 	
1.715	0.396697 	-0.174689 	0.0301247 	-0.0308172 	-1.29289 	0.0177231 	
1.72	0.396839 	-0.174688 	0.0301222 	-0.0300116 	-1.29292 	0.017102 	
1.725	0.396971 	-0.174692 	0.0301184 	-0.029594 	-1.29281 	0.016838 	
1.73	0.396991 	-0.174672 	0.0301005 	-0.0279384 	-1.29075 	0.0163662 	
1.735	0.397071 	-0.174675 	0.0300904 	-0.0275291 	-1.28979 	0.0164411 	
1.74	0.397152 	-0.174683 	0.0300808 	-0.0274252 	-1.28889 	0.0167304 	
1.745	0.397234 	-0.174694 	0.0300715 	-0.0275635 	-1.28803 	0.0171892 	
1.75	0.397445 	-0.174642 	0.0300816 	-0.0235971 	-1.28958 	0.0135029 	
1.755	0.397571 	-0.174636 	0.0300797 	-0.022559 	-1.28964 	0.0126861 	
1.76	0.397688 	-0.174636 	0.0300765 	-0.0219551 	-1.28955 	0.0122648 	
1.765	0.397796 	-0.174642 	0.0300723 	-0.0216991 	-1.28934 	0.0121604 	
1.77	0.397784 	-0.174628 	0.0300531 	-0.020587 	-1.28704 	0.0122139 	
1.775	0.397838 	-0.174633 	0.0300426 	-0.0204245 	-1.28596 	0.0125274 	
1.78	0.397895 	-0.174643 	0.0300327 	-0.0205155 	-1.28497 	0.0130044 	
1.785	0.398095 	-0.174608 	0.0300431 	-0.0177023 	-1.2866 	0.0101767 	
1.79	0.398204 	-0.174607 	0.0300411 	-0.0170578 	-1.28664 	0.00967166 	
1.795	0.398303 	-0.174611 	0.030038 	-0.0167682 	-1.28654 	0.0094986 	
1.8	0.398394 	-0.17462 	0.030034 	-0.0167624 	-1.28632 	0.00959121 	
1.805	0.398477 	-0.174632 	0.0300293 	-0.0169831 	-1.28602 	0.00989579 	
1.81	0.398463 	-0.174581 	0.0300143 	-0.0137404 	-1.28405 	0.00815801 	
1.815	0.398502 	-0.174574 	0.0300052 	-0.0129957 	-1.28305 	0.00798525 	
1.82	0.398542 	-0.174574 	0.0299965 	-0.0126241 	-1.28212 	0.00807602 	
1.825	0.398728 	-0.174578 	0.0300066 	-0.0121222 	-1.28382 	0.00701308 	
1.83	0.398821 	-0.174586 	0.030005 	-0.0121356 	-1.28391 	0.00699815 	
1.835	0.398903 	-0.174598 	0.0300024 	-0.0123715 	-1.28385 	0.00721609 	
1.84	0.398976 	-0.174612 	0.0299989 	-0.012785 	-1.28367 	0.00761996 	
1.845	0.398961 	-0.17455 	0.0299869 	-0.00897787 	-1.28199 	0.00532629 	
1.85	0.398991 	-0.17454 	0.0299795 	-0.00810148 	-1.28115 	0.00499117 	
1.855	0.399021 	-0.174537 	0.0299722 	-0.00762547 	-1.28034 	0.00495257 	
1.86	0.399175 	-0.174554 	0.0299802 	-0.00803266 	-1.28178 	0.00469469 	
1.865	0.399248 	-0.174566 	0.0299785 	-0.00833258 	-1.28182 	0.00491998 	
1.87	0.39931 	-0.174579 	0.0299759 	-0.00879707 	-1.28172 	0.0053292 	
1.875	0.399364 	-0.174595 	0.0299724 	-0.0093925 	-1.28151 	0.00588488 	
1.88	0.399361 	-0.174526 	0.029965 	-0.00516127 	-1.28035 	0.00305593 	
1.885	0.399383 	-0.174513 	0.0299593 	-0.00419817 	-1.27968 	0.00258341 	
1.89	0.399403 	-0.174507 	0.0299535 	-0.00365327 	-1.27901 	0.00243507 	
1.895	0.399524 	-0.174535 	0.0299595 	-0.00483626 	-1.28017 	0.0028868 	
1.9	0.399577 	-0.17455 	0.0299577 	-0.00538757 	-1.28016 	0.0033251 	
1.905	0.39962 	-0.174565 	0.0299551 	-0.00605255 	-1.28003 	0.00390387 	
1.91	0.399654 	-0.174582 	0.0299519 	-0.00680749 	-1.27979 	0.00459405 	
1.915	0.399682 	-0.174599 	0.0299481 	-0.00763324 	-1.27947 	0.00537224 	
1.92	0.399695 	-0.174497 	0.029947 	-0.00151009 	-1.27899 	0.000793769 	
1.925	0.399709 	-0.174473 	0.0299436 	4.31521e-05 	-1.27852 	-0.000221454 	
1.93	0.399718 	-0.174458 	0.0299398 	0.00105836 	-1.27801 	-0.000802453 	
1.935	0.399802 	-0.174526 	0.0299427 	-0.00257514 	-1.27888 	0.00167574 	
1.94	0.399832 	-0.17455 	0.0299407 	-0.00383062 	-1.27882 	0.00268062 	
1.945	0.399853 	-0.174573 	0.0299381 	-0.00505769 	-1.27865 	0.00371127 	
1.95	0.399866 	-0.174596 	0.0299349 	-0.00626054 	-1.27838 	0.00476109 	
1.955	0.399883 	-0.174487 	0.0299372 	0.000186497 	-1.27828 	-0.000226126 	
1.96	0.399887 	-0.174462 	0.0299354 	0.0017235 	-1.27797 	-0.00129307 	
1.965	0.399885 	-0.174445 	0.0299329 	0.00272621 	-1.27759 	-0.00191607 	
1.97	0.399938 	-0.174518 	0.0299343 	-0.00129515 	-1.27821 	0.000961633 	
1.975	0.399948 	-0.174543 	0.0299324 	-0.00269238 	-1.27811 	0.00209284 	
1.98	0.399949 	-0.174566 	0.02993 	-0.00403221 	-1.27791 	0.00322381 	
1.985	0.399942 	-0.174589 	0.029927 	-0.00532456 	-1.27761 	0.00435305 	
1.99	0.399969 	-0.174482 	0.0299331 	0.000958172 	-1.27801 	-0.000709935 	
1.995	0.399965 	-0.174458 	0.0299328 	0.00240795 	-1.27786 	-0.00177879 	
2	0.399953 	-0.174441 	0.0299317 	0.00334152 	-1.27762 	-0.00240404 	
2.005	0.399934 	-0.174431 	0.0299298 	0.00386224 	-1.2773 	-0.00267457 	
2.01	0.399978 	-0.174525 	0.0299303 	-0.00150586 	-1.27805 	0.00118753 	
2.015	0.39998 	-0.17456 	0.0299251 	-0.0035546 	-1.27802 	0.00279547 	
2.02	0.399976 	-0.174592 	0.0299176 	-0.00541541 	-1.27787 	0.00430766 	
2.025	0.39997 	-0.174488 	0.0299127 	0.000668065 	-1.2777 	-0.000455426 	
2.03	0.399959 	-0.174467 	0.0299025 	0.00184322 	-1.2774 	-0.0012797 	
2.035	0.399946 	-0.174454 	0.0298899 	0.00255748 	-1.27704 	-0.00170964 	
2.04	0.399931 	-0.174447 	0.0298752 	0.00290374 	-1.27662 	-0.00182488 	
2.045	0.39998 	-0.174521 	0.0298634 	-0.00122238 	-1.27728 	0.00093646 	
2.05	0.399987 	-0.17455 	0.0298464 	-0.00288934 	-1.27718 	0.00220596 	
2.055	0.399988 	-0.174576 	0.029827 	-0.0044441 	-1.27698 	0.00344674 	
2.06	0.399968 	-0.174491 	0.0298072 	0.000486422 	-1.2764 	-0.00029451 	
2.065	0.399957 	-0.174475 	0.0297843 	0.00136089 	-1.27594 	-0.000852359 	
2.07	0.399945 	-0.174465 	0.0297592 	0.00183619 	-1.27544 	-0.00107071 	
2.075	0.399932 	-0.174462 	0.0297323 	0.00199336 	-1.27492 	-0.00101872 	
2.08	0.39992 	-0.174462 	0.0297034 	0.00189726 	-1.27437 	-0.000751726 	
2.085	0.399986 	-0.17452 	0.0296802 	-0.00113133 	-1.27517 	0.000767823 	
2.09	0.400003 	-0.174546 	0.0296504 	-0.00256281 	-1.27508 	0.00172917 	
2.095	0.400014 	-0.17457 	0.0296184 	-0.00392805 	-1.27488 	0.0027223 	
2.1	0.399964 	-0.174491 	0.029581 	0.000414155 	-1.2736 	-0.000176886 	
2.105	0.399948 	-0.174477 	0.0295438 	0.00114909 	-1.2729 	-0.000525614 	
2.11	0.399934 	-0.174469 	0.029505 	0.00151565 	-1.27221 	-0.000579564 	
2.115	0.399922 	-0.174466 	0.0294645 	0.00158919 	-1.27153 	-0.000399419 	
2.12	0.399985 	-0.174515 	0.0294294 	-0.000857195 	-1.27213 	0.000540347 	
2.125	0.400003 	-0.174537 	0.0293883 	-0.00201701 	-1.27192 	0.00126024 	
2.13	0.400016 	-0.174557 	0.0293452 	-0.00316232 	-1.27163 	0.00205758 	
2.135	0.399964 	-0.174494 	0.029296 	0.000256385 	-1.27017 	-4.44193e-05 	
2.14	0.39995 	-0.174484 	0.0292477 	0.000746366 	-1.26937 	-0.000184544 	
2.145	0.399939 	-0.174479 	0.0291981 	0.000920732 	-1.26861 	-7.53688e-05 	
2.15	0.399931 	-0.174479 	0.0291472 	0.000844298 	-1.26787 	0.000231518 	
2.155	0.399926 	-0.174483 	0.0290949 	0.000568702 	-1.26715 	0.000695077 	
2.16	0.399988 	-0.174513 	0.0290478 	-0.000684886 	-1.26757 	0.000282719 	
2.165	0.400009 	-0.17453 	0.0289951 	-0.0015399 	-1.26728 	0.000617739 	
2.17	0.400027 	-0.174548 	0.0289407 	-0.0024384 	-1.26693 	0.00110418 	
2.175	0.399962 	-0.174496 	0.0288781 	0.000141533 	-1.26511 	0.000119833 	
2.18	0.399947 	-0.174488 	0.0288182 	0.000429094 	-1.26416 	0.000258444 	
2.185	0.399938 	-0.174486 	0.0287574 	0.000447089 	-1.26327 	0.000585025 	
2.19	0.399932 	-0.174488 	0.0286955 	0.000251041 	-1.26244 	0.00106034 	
2.195	0.399984 	-0.17451 	0.0286378 	-0.000478723 	-1.26258 	0.000128648 	
2.2	0.400004 	-0.174523 	0.0285757 	-0.00111431 	-1.26215 	0.000278266 	
2.205	0.400022 	-0.174537 	0.0285122 	-0.00183368 	-1.26168 	0.000612763 	
2.21	0.399963 	-0.174498 	0.0284413 	2.30992e-05 	-1.25987 	0.000209991 	
2.215	0.399953 	-0.174494 	0.028373 	0.000124579 	-1.25889 	0.000493992 	
2.22	0.399947 	-0.174494 	0.028304 	-1.51036e-06 	-1.25797 	0.000932121 	
2.225	0.399946 	-0.174498 	0.0282341 	-0.000308214 	-1.25712 	0.0014921 	
2.23	0.399948 	-0.174505 	0.0281635 	-0.000758168 	-1.25632 	0.00214833 	
2.235	0.399983 	-0.174506 	0.0280952 	-0.000236263 	-1.25601 	-0.000206739 	
2.24	0.400001 	-0.174514 	0.028024 	-0.000512931 	-1.25544 	-0.000503067 	
2.245	0.400019 	-0.174524 	0.0279517 	-0.000941785 	-1.25486 	-0.000528747 	
2.25	0.399964 	-0.1745 	0.0278726 	-0.000129192 	-1.25304 	0.000415977 	
2.255	0.399957 	-0.174501 	0.0277963 	-0.00028451 	-1.25201 	0.00103979 	
2.26	0.399955 	-0.174504 	0.0277196 	-0.00060912 	-1.25107 	0.00174284 	
2.265	0.399957 	-0.174511 	0.0276423 	-0.00106813 	-1.25019 	0.00250827 	
2.27	0.399979 	-0.174504 	0.0275665 	-0.000104593 	-1.24957 	-0.000280109 	
2.275	0.399993 	-0.174508 	0.0274888 	-0.000222681 	-1.24886 	-0.000696435 	
2.28	0.400009 	-0.174516 	0.0274104 	-0.000520706 	-1.24818 	-0.000822098 	
2.285	0.399966 	-0.174502 	0.0273266 	-0.000205393 	-1.2465 	0.000460645 	
2.29	0.399963 	-0.174505 	0.0272452 	-0.000483685 	-1.24548 	0.00116179 	
2.295	0.399965 	-0.174511 	0.0271635 	-0.000901884 	-1.24455 	0.00192196 	
2.3	0.399972 	-0.174519 	0.0270815 	-0.00143112 	-1.24368 	0.00272847 	
2.305	0.399975 	-0.174502 	0.0269996 	1.5678e-06 	-1.24268 	-0.00034645 	
2.31	0.399985 	-0.174503 	0.026917 	3.02134e-05 	-1.24184 	-0.00085491 	
2.315	0.399998 	-0.174508 	0.0268341 	-0.00014634 	-1.24105 	-0.00105838 	
2.32	0.400014 	-0.174516 	0.0267507 	-0.000485307 	-1.2403 	-0.00101956 	
2.325	0.399964 	-0.174502 	0.0266623 	-0.000245815 	-1.23845 	0.000671042 	
2.33	0.399958 	-0.174505 	0.0265766 	-0.000555191 	-1.23736 	0.00156518 	
2.335	0.399959 	-0.174511 	0.026491 	-0.000991626 	-1.23636 	0.00247308 	
2.34	0.399976 	-0.174503 	0.0264068 	-0.000111007 	-1.23556 	-0.000159766 	
2.345	0.399989 	-0.174507 	0.0263217 	-0.000236913 	-1.23475 	-0.000483759 	
2.35	0.400005 	-0.174514 	0.0262363 	-0.000531552 	-1.23398 	-0.000545202 	
2.355	0.400023 	-0.174523 	0.0261509 	-0.000959675 	-1.23325 	-0.000398064 	
2.36	0.399961 	-0.1745 	0.0260603 	-0.000105612 	-1.23116 	0.000481589 	
2.365	0.399953 	-0.1745 	0.0259729 	-0.000224291 	-1.22998 	0.00112205 	
2.37	0.399952 	-0.174504 	0.0258858 	-0.000504903 	-1.22893 	0.00182373 	
2.375	0.399956 	-0.17451 	0.025799 	-0.000914231 	-1.22797 	0.00257357 	
2.38	0.39998 	-0.174504 	0.025714 	-0.00011854 	-1.22727 	-0.000335319 	
2.385	0.399997 	-0.174509 	0.0256281 	-0.000258283 	-1.22652 	-0.00082038 	
2.39	0.400016 	-0.174517 	0.0255423 	-0.000559468 	-1.2258 	-0.00101518 	
2.395	0.399965 	-0.174502 	0.0254527 	-0.000175484 	-1.2239 	0.000474754 	
2.4	0.399961 	-0.174505 	0.0253657 	-0.000409192 	-1.2228 	0.00120369 	
2.405	0.399963 	-0.17451 	0.0252792 	-0.000777345 	-1.22181 	0.0019717 	
2.41	0.39997 	-0.174518 	0.0251932 	-0.00125238 	-1.2209 	0.00277034 	
2.415	0.399976 	-0.174502 	0.0251083 	-1.94702e-05 	-1.21991 	-0.000385413 	
2.42	0.399987 	-0.174504 	0.0250233 	-2.20988e-05 	-1.21906 	-0.000945886 	
2.425	0.400002 	-0.174509 	0.0249387 	-0.000209672 	-1.21828 	-0.00120494 	
2.43	0.399968 	-0.174504 	0.0248519 	-0.000235168 	-1.21671 	0.00050363 	
2.435	0.399968 	-0.174509 	0.0247672 	-0.000568091 	-1.21571 	0.00128152 	
2.44	0.399973 	-0.174516 	0.0246832 	-0.00101166 	-1.21479 	0.00208479 	
2.445	0.399981 	-0.174525 	0.0245998 	-0.00154315 	-1.21395 	0.0029078 	
2.45	0.399972 	-0.1745 	0.0245171 	6.64726e-05 	-1.21273 	-0.000429306 	
2.455	0.399979 	-0.174499 	0.024435 	0.000182685 	-1.21183 	-0.00105054 	
2.46	0.399988 	-0.174502 	0.0243535 	9.3912e-05 	-1.211 	-0.00136193 	
2.465	0.4 	-0.174508 	0.0242726 	-0.000157146 	-1.21022 	-0.00142714 	
2.47	0.399967 	-0.174505 	0.0241904 	-0.000302884 	-1.20873 	0.000750222 	
2.475	0.399965 	-0.174511 	0.0241101 	-0.000692704 	-1.20776 	0.00175526 	
2.48	0.399968 	-0.174519 	0.0240308 	-0.00117648 	-1.20687 	0.00273492 	
2.485	0.399974 	-0.174502 	0.0239533 	-5.05189e-05 	-1.20596 	-0.000234384 	
2.49	0.399982 	-0.174504 	0.023876 	-8.1362e-05 	-1.20516 	-0.000677122 	
2.495	0.399993 	-0.174509 	0.0237995 	-0.000283078 	-1.20442 	-0.000850424 	
2.5	0.400005 	-0.174516 	0.0237239 	-0.000620148 	-1.20371 	-0.000809484 	
2.505	0.399965 	-0.174502 	0.0236475 	-0.000166274 	-1.20216 	0.000561804 	
2.51	0.39996 	-0.174505 	0.0235731 	-0.000370894 	-1.20119 	0.00131542 	
2.515	0.399959 	-0.174511 	0.0234998 	-0.000704299 	-1.20031 	0.00209171 	
2.52	0.399975 	-0.174503 	0.0234286 	-0.000132517 	-1.19967 	-0.00011976 	
2.525	0.399985 	-0.174508 	0.0233578 	-0.000300013 	-1.19897 	-0.000372289 	
2.53	0.399995 	-0.174515 	0.023288 	-0.000606901 	-1.1983 	-0.000397565 	
2.535	0.400006 	-0.174524 	0.0232192 	-0.00102424 	-1.19765 	-0.000242051 	
2.54	0.400017 	-0.174534 	0.0231515 	-0.00152903 	-1.19703 	5.7223e-05 	
2.545	0.39996 	-0.174497 	0.0230839 	0.00010181 	-1.19527 	0.000384964 	
2.55	0.399946 	-0.174493 	0.0230181 	0.000258612 	-1.19426 	0.000856799 	
2.555	0.399938 	-0.174492 	0.0229535 	0.000216607 	-1.19335 	0.00140536 	
2.56	0.399979 	-0.174507 	0.0228915 	-0.000298544 	-1.19326 	-6.34416e-06 	
2.565	0.399993 	-0.174517 	0.02283 	-0.000742216 	-1.19275 	-6.21601e-05 	
2.57	0.400005 	-0.174529 	0.0227696 	-0.00126612 	-1.19224 	6.60578e-05 	
2.575	0.400016 	-0.174541 	0.0227104 	-0.00185345 	-1.19172 	0.000340809 	
2.58	0.39996 	-0.174496 	0.0226523 	0.000179957 	-1.19008 	0.000239262 	
2.585	0.399946 	-0.174489 	0.0225957 	0.000452659 	-1.18916 	0.000547676 	
2.59	0.399935 	-0.174487 	0.0225404 	0.000505007 	-1.18831 	0.000963876 	
2.595	0.399979 	-0.174508 	0.0224875 	-0.000346694 	-1.1884 	7.87639e-05 	
2.6	0.399991 	-0.17452 	0.0224353 	-0.00087225 	-1.18797 	0.000158904 	
2.605	0.400001 	-0.174532 	0.0223845 	-0.00145896 	-1.18753 	0.000393198 	
2.61	0.400008 	-0.174546 	0.0223351 	-0.00209394 	-1.18707 	0.000750224 	
2.615	0.40004 	-0.17452 	0.022475 	-0.000572289 	-1.18614 	0.00062768 	
2.62	0.400009 	-0.174506 	0.0222676 	-0.000973209 	-1.18575 	0.0012859 	
2.625	0.400017 	-0.174533 	0.0222459 	-0.00154931 	-1.18543 	0.00195922 	
2.63	0.400038 	-0.174536 	0.0222387 	-0.0023088 	-1.18517 	0.00258634 	
2.635	0.400064 	-0.174568 	0.0221838 	-0.00343794 	-1.18502 	0.00350502 	
2.64	0.400008 	-0.174509 	0.0221595 	-4.89556e-05 	-1.18331 	-0.000203883 	
2.645	0.399997 	-0.174502 	0.022122 	0.000327564 	-1.18284 	-0.000741021 	
2.65	0.400003 	-0.174491 	0.0220852 	0.000471923 	-1.18252 	-0.00100636 	
2.655	0.398512 	-0.1765 	0.0777471 	0.000494727 	-1.18233 	-0.00112415 	
2.66	0.398536 	-0.176494 	0.0777068 	0.000282021 	-1.18237 	-0.000924376 	
2.665	0.398541 	-0.176483 	0.0776872 	-0.000148907 	-1.18244 	-0.00072362 	
2.67	0.398548 	-0.176456 	0.077665 	-0.000828499 	-1.18262 	-0.000245333 	
2.675	0.398546 	-0.17644 	0.0776435 	-0.00166805 	-1.18287 	0.000352105 	
2.68	0.398534 	-0.176427 	0.0776311 	-0.00202777 	-1.18313 	0.000666028 	
2.685	0.398521 	-0.176412 	0.0776222 	-0.00221413 	-1.18344 	0.000896953 	
2.69	0.398505 	-0.176402 	0.0776153 	-0.00233768 	-1.18378 	0.00106719 	
2.695	0.398487 	-0.176395 	0.0776099 	-0.00242985 	-1.18416 	0.00119646 	
2.7	0.398468 	-0.176391 	0.0776056 	-0.0025002 	-1.18456 	0.00129236 	
2.705	0.398448 	-0.176388 	0.0776024 	-0.0025538 	-1.18498 	0.0013592 	
2.71	0.398427 	-0.176386 	0.0776001 	-0.0025954 	-1.18542 	0.00140312 	
2.715	0.398405 	-0.176385 	0.0775986 	-0.00262854 	-1.18587 	0.00143123 	
2.72	0.398383 	-0.176384 	0.0775978 	-0.0026559 	-1.18633 	0.00145012 	
2.725	0.398361 	-0.176384 	0.0775975 	-0.002679 	-1.1868 	0.00146384 	
2.73	0.398339 	-0.176385 	0.0775977 	-0.00269912 	-1.18728 	0.00147453 	
2.735	0.398317 	-0.176385 	0.0775983 	-0.00271732 	-1.18776 	0.00148324 	
2.74	0.398295 	-0.176386 	0.0775985 	-0.00277092 	-1.18825 	0.00149181 	
2.745	0.398273 	-0.176387 	0.0775984 	-0.00285113 	-1.18875 	0.00149855 	
2.75	0.398252 	-0.176388 	0.077598 	-0.00295382 	-1.18925 	0.00150561 	
2.755	0.39823 	-0.176389 	0.0775974 	-0.00307655 	-1.18976 	0.0015147 	
2.76	0.39821 	-0.17639 	0.0775966 	-0.00321757 	-1.19027 	0.00152716 	
2.765	0.398189 	-0.17639 	0.0775957 	-0.00337317 	-1.19079 	0.00154311 	
2.77	0.398168 	-0.176391 	0.0775948 	-0.0035352 	-1.19131 	0.00155962 	
2.775	0.398147 	-0.176391 	0.0775939 	-0.00370472 	-1.19183 	0.00157904 	
2.78	0.398127 	-0.176392 	0.077593 	-0.00388117 	-1.19235 	0.00160146 	
2.785	0.398106 	-0.176392 	0.077592 	-0.00406401 	-1.19287 	0.00162706 	
2.79	0.398085 	-0.176393 	0.077591 	-0.00425274 	-1.19339 	0.00165592 	
2.795	0.398065 	-0.176393 	0.07759 	-0.00444704 	-1.19391 	0.00168816 	
2.8	0.398044 	-0.176394 	0.0775889 	-0.00464662 	-1.19443 	0.00172388 	
2.805	0.398024 	-0.176394 	0.0775878 	-0.00485122 	-1.19496 	0.00176319 	
2.81	0.398003 	-0.176395 	0.0775866 	-0.00506066 	-1.19548 	0.00180614 	
2.815	0.397983 	-0.176395 	0.0775854 	-0.0052747 	-1.19601 	0.00185275 	
2.82	0.397962 	-0.176395 	0.0775842 	-0.00549315 	-1.19653 	0.00190307 	
2.825	0.397942 	-0.176396 	0.0775829 	-0.00571583 	-1.19706 	0.00195707 	
2.83	0.39792 	-0.176402 	0.0775772 	-0.00572313 	-1.19759 	0.0018458 	
2.835	0.397899 	-0.176414 	0.0775658 	-0.00533556 	-1.19816 	0.00143184 	
2.84	0.397883 	-0.17642 	0.0775601 	-0.00495387 	-1.19876 	0.00104186 	
2.845	0.397871 	-0.176421 	0.0775537 	-0.00486403 	-1.19937 	0.000904823 	
2.85	0.397858 	-0.176421 	0.0775453 	-0.00496735 	-1.19998 	0.000930692 	
2.855	0.397844 	-0.176425 	0.0775343 	-0.00500754 	-1.2006 	0.000904988 	
2.86	0.397826 	-0.176438 	0.0775196 	-0.00459128 	-1.20121 	0.000508191 	
2.865	0.397801 	-0.176463 	0.0775076 	-0.00373109 	-1.20177 	-0.00017752 	
2.87	0.397777 	-0.176491 	0.077492 	-0.00260828 	-1.20235 	-0.00108137 	
2.875	0.397761 	-0.176521 	0.0774902 	-0.00132665 	-1.20298 	-0.00213497 	
2.88	0.397749 	-0.17654 	0.0774822 	-0.00065778 	-1.2036 	-0.00267877 	
2.885	0.397738 	-0.176557 	0.0774756 	-0.000481413 	-1.20423 	-0.00284232 	
2.89	0.397717 	-0.176575 	0.0774478 	-0.000878943 	-1.20478 	-0.00250994 	
2.895	0.397696 	-0.176591 	0.0774201 	-0.000640031 	-1.20539 	-0.00273709 	
2.9	0.397676 	-0.17661 	0.0773966 	0.000107666 	-1.20601 	-0.00338478 	
2.905	0.397658 	-0.176626 	0.0773747 	0.000812797 	-1.20664 	-0.00398891 	
2.91	0.397627 	-0.176643 	0.0773622 	0.00147475 	-1.20717 	-0.00466191 	
2.915	0.397604 	-0.176651 	0.0773529 	0.00192317 	-1.20774 	-0.00511847 	
2.92	0.397576 	-0.17666 	0.0773448 	0.00222611 	-1.20828 	-0.00546044 	
2.925	0.397548 	-0.176665 	0.0773374 	0.00241403 	-1.20881 	-0.00567281 	
2.93	0.397523 	-0.176661 	0.0773324 	0.0022892 	-1.20934 	-0.00560815 	
2.935	0.397498 	-0.176653 	0.0773274 	0.00195662 	-1.20987 	-0.00535318 	
2.94	0.39747 	-0.176647 	0.0773207 	0.00171533 	-1.21039 	-0.00516921 	
2.945	0.397444 	-0.17664 	0.0773137 	0.00152329 	-1.21092 	-0.00500961 	
2.95	0.397417 	-0.176634 	0.0773066 	0.00137055 	-1.21145 	-0.00487749 	
2.955	0.39739 	-0.17663 	0.0772996 	0.00125334 	-1.21198 	-0.00477325 	
2.96	0.397365 	-0.176619 	0.0772934 	0.000946352 	-1.21252 	-0.00450096 	
2.965	0.397341 	-0.176606 	0.0772874 	0.00051894 	-1.21305 	-0.0041317 	
2.97	0.397317 	-0.176593 	0.0772812 	1.04731e-05 	-1.21359 	-0.00369411 	
2.975	0.397293 	-0.176578 	0.0772753 	-0.000532219 	-1.21413 	-0.00323139 	
2.98	0.397271 	-0.176563 	0.0772683 	-0.0011113 	-1.21467 	-0.00273502 	
2.985	0.397249 	-0.17655 	0.0772638 	-0.00169742 	-1.21522 	-0.00224481 	
2.99	0.397227 	-0.176538 	0.0772604 	-0.00225827 	-1.21575 	-0.00178792 	
2.995	0.397204 	-0.176526 	0.0772572 	-0.0028109 	-1.21628 	-0.00134016 	
3	0.397181 	-0.176513 	0.0772537 	-0.00341156 	-1.21681 	-0.000860418 	
3.005	0.397157 	-0.176506 	0.0772519 	-0.00395135 	-1.21734 	-0.000417086 	
3.01	0.397134 	-0.176498 	0.0772501 	-0.00445538 	-1.21786 	-4.51162e-06 	
3.015	0.397109 	-0.176491 	0.0772482 	-0.00494646 	-1.21838 	0.000395907 	
3.02	0.397085 	-0.176484 	0.0772459 	-0.00543008 	-1.2189 	0.000789919 	
3.025	0.39706 	-0.176477 	0.0772435 	-0.0059083 	-1.21943 	0.00118148 	
3.03	0.397035 	-0.17647 	0.0772408 	-0.00638079 	-1.21995 	0.00157187 	
3.035	0.397011 	-0.176465 	0.0772379 	-0.00677391 	-1.22048 	0.00187723 	
3.04	0.396987 	-0.176457 	0.0772342 	-0.00712805 	-1.22102 	0.00214615 	
3.045	0.396963 	-0.176449 	0.0772299 	-0.0075447 	-1.22156 	0.00244583 	
3.05	0.396938 	-0.176443 	0.0772258 	-0.00786501 	-1.22209 	0.00262952 	
3.055	0.396912 	-0.176436 	0.0772213 	-0.00813114 	-1.22263 	0.00275467 	
3.06	0.396886 	-0.176429 	0.0772164 	-0.00846616 	-1.22317 	0.00294432 	
3.065	0.39686 	-0.176421 	0.077211 	-0.00885888 	-1.22371 	0.00317899 	
3.07	0.396834 	-0.176413 	0.0772055 	-0.0093081 	-1.22424 	0.00345742 	
3.075	0.396807 	-0.176407 	0.0772009 	-0.00960309 	-1.22478 	0.00362672 	
3.08	0.396781 	-0.1764 	0.0771965 	-0.00986716 	-1.22532 	0.0037957 	
3.085	0.396753 	-0.1764 	0.0771914 	-0.00990695 	-1.22587 	0.00376854 	
3.09	0.396725 	-0.176399 	0.077186 	-0.0098988 	-1.22642 	0.00371126 	
3.095	0.396695 	-0.176402 	0.0771801 	-0.00978352 	-1.22696 	0.00355697 	
3.1	0.396666 	-0.176403 	0.0771735 	-0.00976257 	-1.22751 	0.00346664 	
3.105	0.396637 	-0.176404 	0.0771649 	-0.00978022 	-1.22807 	0.00336869 	
3.11	0.396608 	-0.176403 	0.077156 	-0.00983085 	-1.22863 	0.00327794 	
3.115	0.396579 	-0.176399 	0.0771465 	-0.00998502 	-1.22919 	0.00328056 	
3.12	0.396549 	-0.176392 	0.077136 	-0.0102734 	-1.22975 	0.0034086 	
3.125	0.39652 	-0.176385 	0.0771253 	-0.010612 	-1.23031 	0.00358079 	
3.13	0.39649 	-0.176376 	0.0771144 	-0.0109639 	-1.23086 	0.00376587 	
3.135	0.396461 	-0.176367 	0.0771036 	-0.0113125 	-1.23143 	0.00394753 	
3.14	0.396429 	-0.176366 	0.0770934 	-0.0113997 	-1.23199 	0.00395994 	
3.145	0.396398 	-0.176364 	0.0770837 	-0.0113914 	-1.23255 	0.00392962 	
3.15	0.396367 	-0.176363 	0.0770747 	-0.0113627 	-1.23311 	0.00389858 	
3.155	0.396335 	-0.176365 	0.0770666 	-0.0112664 	-1.23368 	0.00380681 	
3.16	0.396304 	-0.176367 	0.077059 	-0.0111604 	-1.23424 	0.00370486 	
3.165	0.396273 	-0.176367 	0.0770516 	-0.0111373 	-1.2348 	0.00365905 	
3.17	0.396242 	-0.176364 	0.0770443 	-0.0112669 	-1.23535 	0.00376936 	
3.175	0.396212 	-0.176359 	0.0770371 	-0.0115023 	-1.2359 	0.00395766 	
3.18	0.39618 	-0.176357 	0.0770311 	-0.0116354 	-1.23646 	0.00407422 	
3.185	0.396149 	-0.176355 	0.0770247 	-0.0117056 	-1.23701 	0.00414275 	
3.19	0.396119 	-0.176351 	0.0770173 	-0.0118521 	-1.23757 	0.00426737 	
3.195	0.396087 	-0.176349 	0.0770108 	-0.0120285 	-1.23813 	0.00442019 	
3.2	0.396056 	-0.176347 	0.0770045 	-0.012142 	-1.23868 	0.00451761 	
3.205	0.396025 	-0.176346 	0.0769975 	-0.0122286 	-1.23924 	0.00459185 	
3.21	0.395994 	-0.176344 	0.0769907 	-0.0123586 	-1.2398 	0.00471308 	
3.215	0.395962 	-0.176342 	0.0769838 	-0.0124662 	-1.24036 	0.00480869 	
3.22	0.395931 	-0.176339 	0.0769766 	-0.0126373 	-1.24091 	0.00497958 	
3.225	0.3959 	-0.176336 	0.0769697 	-0.0128236 	-1.24146 	0.00516827 	
3.23	0.395869 	-0.176335 	0.0769627 	-0.0129257 	-1.24202 	0.00527354 	
3.235	0.395838 	-0.176336 	0.0769563 	-0.0128621 	-1.24258 	0.00524009 	
3.24	0.395807 	-0.176337 	0.0769501 	-0.0127481 	-1.24314 	0.00516414 	
3.245	0.395777 	-0.176338 	0.076944 	-0.0126754 	-1.2437 	0.00511618 	
3.25	0.395746 	-0.17634 	0.076938 	-0.012617 	-1.24426 	0.00507552 	
3.255	0.395715 	-0.176341 	0.0769323 	-0.0125594 	-1.24482 	0.00503501 	
3.26	0.395684 	-0.176343 	0.0769267 	-0.0125235 	-1.24537 	0.00500879 	
3.265	0.395653 	-0.176343 	0.0769212 	-0.0125132 	-1.24593 	0.00500122 	
3.27	0.395622 	-0.176344 	0.0769158 	-0.0125284 	-1.24648 	0.00501421 	
3.275	0.395591 	-0.176345 	0.0769104 	-0.0125561 	-1.24704 	0.00503809 	
3.28	0.395561 	-0.176345 	0.076905 	-0.0125987 	-1.24759 	0.00507105 	
3.285	0.39553 	-0.176345 	0.0768995 	-0.0126453 	-1.24814 	0.00510573 	
3.29	0.395499 	-0.176345 	0.0768939 	-0.0126932 	-1.2487 	0.00514072 	
3.295	0.395468 	-0.176346 	0.0768884 	-0.0127414 	-1.24925 	0.00517553 	
3.3	0.395437 	-0.176346 	0.0768827 	-0.0127955 	-1.24981 	0.00520668 	
3.305	0.395406 	-0.176343 	0.0768768 	-0.012929 	-1.25036 	0.00531237 	
3.31	0.395375 	-0.176344 	0.07687 	-0.0129034 	-1.25091 	0.00528652 	
3.315	0.395343 	-0.176349 	0.0768617 	-0.0126321 	-1.25148 	0.00506469 	
3.32	0.395311 	-0.176354 	0.0768526 	-0.0123956 	-1.25205 	0.00481768 	
3.325	0.395278 	-0.176366 	0.076843 	-0.0119561 	-1.25262 	0.00438495 	
3.33	0.395245 	-0.176379 	0.0768332 	-0.011468 	-1.2532 	0.00390508 	
3.335	0.39521 	-0.176393 	0.0768231 	-0.0109403 	-1.25377 	0.00338496 	
3.34	0.395176 	-0.176405 	0.076813 	-0.0104551 	-1.25435 	0.00289565 	
3.345	0.395142 	-0.176417 	0.0768029 	-0.0100386 	-1.25493 	0.00247336 	
3.35	0.395107 	-0.176427 	0.0767929 	-0.00972223 	-1.25551 	0.002142 	
3.355	0.395071 	-0.176443 	0.0767817 	-0.00917545 	-1.2561 	0.00161076 	
3.36	0.395039 	-0.176457 	0.0767761 	-0.00845138 	-1.25671 	0.000932277 	
3.365	0.395009 	-0.176461 	0.0767721 	-0.00806619 	-1.2573 	0.000552495 	
3.37	0.394977 	-0.176463 	0.0767678 	-0.00794293 	-1.25787 	0.000418367 	
3.375	0.394946 	-0.176462 	0.076763 	-0.00794419 	-1.25844 	0.000406962 	
3.38	0.394914 	-0.176459 	0.0767565 	-0.00805141 	-1.25901 	0.000507033 	
3.385	0.394883 	-0.176454 	0.0767495 	-0.0082082 	-1.25957 	0.000657169 	
3.39	0.394852 	-0.17645 	0.0767432 	-0.00827439 	-1.26014 	0.000712773 	
3.395	0.394821 	-0.176442 	0.0767367 	-0.00845903 	-1.26071 	0.000890187 	
3.4	0.394789 	-0.176439 	0.0767305 	-0.00855138 	-1.26127 	0.000997043 	
3.405	0.394758 	-0.176436 	0.0767241 	-0.00858344 	-1.26184 	0.00106028 	
3.41	0.394727 	-0.176433 	0.0767176 	-0.00859519 	-1.26241 	0.00109864 	
3.415	0.394696 	-0.176432 	0.076711 	-0.00860378 	-1.26298 	0.00112095 	
3.42	0.394665 	-0.176431 	0.0767042 	-0.00857669 	-1.26355 	0.0011066 	
3.425	0.394634 	-0.176431 	0.0766973 	-0.00854022 	-1.26412 	0.00107227 	
3.43	0.394602 	-0.17643 	0.0766904 	-0.00858773 	-1.26469 	0.00111692 	
3.435	0.39457 	-0.176429 	0.0766813 	-0.00861595 	-1.26525 	0.00114377 	
3.44	0.394538 	-0.176428 	0.0766732 	-0.00866196 	-1.26583 	0.00116002 	
3.445	0.394506 	-0.176427 	0.0766653 	-0.00869934 	-1.2664 	0.00115435 	
3.45	0.394474 	-0.176425 	0.0766577 	-0.00875616 	-1.26698 	0.00114914 	
3.455	0.394442 	-0.176423 	0.0766501 	-0.0088293 	-1.26755 	0.00114538 	
3.46	0.39441 	-0.176422 	0.0766427 	-0.00886402 	-1.26812 	0.0011112 	
3.465	0.394378 	-0.17642 	0.0766351 	-0.00892328 	-1.26869 	0.00108939 	
3.47	0.394346 	-0.176419 	0.0766277 	-0.00896623 	-1.26926 	0.00108065 	
3.475	0.394313 	-0.176419 	0.07662 	-0.00893394 	-1.26983 	0.00102756 	
3.48	0.39428 	-0.17642 	0.0766127 	-0.00898944 	-1.2704 	0.00104563 	
3.485	0.394247 	-0.17642 	0.076605 	-0.00911477 	-1.27097 	0.0011259 	
3.49	0.394214 	-0.176423 	0.0765975 	-0.00915396 	-1.27154 	0.00114711 	
3.495	0.39418 	-0.176424 	0.07659 	-0.00915364 	-1.27211 	0.00114131 	
3.5	0.394146 	-0.176428 	0.0765822 	-0.00911658 	-1.27269 	0.00109434 	
3.505	0.394113 	-0.176431 	0.0765741 	-0.00910046 	-1.27326 	0.00106326 	
3.51	0.394078 	-0.176434 	0.0765658 	-0.00904758 	-1.27384 	0.00100239 	
3.515	0.394045 	-0.176434 	0.0765573 	-0.00913177 	-1.27441 	0.00107865 	
3.52	0.39401 	-0.176435 	0.0765484 	-0.00927015 	-1.27499 	0.00121063 	
3.525	0.393976 	-0.176436 	0.0765399 	-0.00930855 	-1.27556 	0.00124049 	
3.53	0.393942 	-0.176436 	0.0765316 	-0.00933956 	-1.27614 	0.00126603 	
3.535	0.393908 	-0.176434 	0.0765232 	-0.00941795 	-1.27671 	0.0013408 	
3.54	0.393874 	-0.176433 	0.0765148 	-0.00951805 	-1.27729 	0.00143596 	
3.545	0.393841 	-0.176428 	0.0765059 	-0.00974654 	-1.27786 	0.00166619 	
3.55	0.393806 	-0.176424 	0.0764951 	-0.0100362 	-1.27843 	0.00196257 	
3.555	0.393772 	-0.176417 	0.0764848 	-0.0104208 	-1.27899 	0.00235407 	
3.56	0.393737 	-0.176412 	0.0764748 	-0.010725 	-1.27957 	0.00265853 	
3.565	0.393703 	-0.17641 	0.0764646 	-0.010822 	-1.28015 	0.00276656 	
3.57	0.393669 	-0.176406 	0.0764541 	-0.0109332 	-1.28073 	0.00289436 	
3.575	0.393634 	-0.176407 	0.0764433 	-0.0109157 	-1.28132 	0.00287817 	
3.58	0.393599 	-0.176406 	0.0764336 	-0.0109107 	-1.2819 	0.00287019 	
3.585	0.393565 	-0.176403 	0.0764238 	-0.0110583 	-1.28247 	0.00301727 	
3.59	0.39353 	-0.176402 	0.0764142 	-0.011141 	-1.28305 	0.00308271 	
3.595	0.393495 	-0.1764 	0.0764048 	-0.0112039 	-1.28364 	0.00313123 	
3.6	0.39346 	-0.176401 	0.0763945 	-0.0111285 	-1.28423 	0.00306018 	
3.605	0.393427 	-0.176397 	0.0763857 	-0.0111923 	-1.28481 	0.00314255 	
3.61	0.393393 	-0.176396 	0.0763771 	-0.0112839 	-1.28539 	0.00322824 	
3.615	0.393359 	-0.17639 	0.0763682 	-0.0113798 	-1.28597 	0.00332885 	
3.62	0.393326 	-0.176385 	0.0763598 	-0.011506 	-1.28654 	0.00347275 	
3.625	0.393293 	-0.17638 	0.0763519 	-0.0116428 	-1.28712 	0.00362962 	
3.63	0.393261 	-0.176373 	0.0763432 	-0.0119012 	-1.28768 	0.00390707 	
3.635	0.393273 	-0.176377 	0.076379 	-0.0120184 	-1.28808 	0.00401638 	
3.64	0.393275 	-0.176395 	0.0764105 	-0.0120225 	-1.28847 	0.00397681 	
3.645	0.393279 	-0.176399 	0.0764365 	-0.0120591 	-1.28886 	0.00399828 	
3.65	0.393279 	-0.1764 	0.0764576 	-0.0121117 	-1.28923 	0.00405247 	
3.655	0.393276 	-0.176401 	0.0764741 	-0.012112 	-1.28961 	0.00406077 	
3.66	0.39327 	-0.176402 	0.0764867 	-0.0120862 	-1.29 	0.00404621 	
3.665	0.393261 	-0.176402 	0.076496 	-0.0120632 	-1.29041 	0.00402574 	
3.67	0.393249 	-0.176403 	0.0765026 	-0.0120408 	-1.29083 	0.00399209 	
3.675	0.393234 	-0.176403 	0.0765067 	-0.0120187 	-1.29126 	0.00394616 	
3.68	0.393217 	-0.176404 	0.0765088 	-0.011995 	-1.2917 	0.00389389 	
3.685	0.393198 	-0.176405 	0.0765091 	-0.0119672 	-1.29217 	0.00384148 	
3.69	0.393177 	-0.176406 	0.076508 	-0.0119327 	-1.29264 	0.00378876 	
3.695	0.393154 	-0.176407 	0.0765056 	-0.0118856 	-1.29313 	0.00373416 	
3.7	0.39313 	-0.176409 	0.0765019 	-0.0118525 	-1.29363 	0.00367164 	
3.705	0.393104 	-0.17641 	0.0764975 	-0.0118136 	-1.29414 	0.00364598 	
3.71	0.393077 	-0.176412 	0.0764923 	-0.0117534 	-1.29466 	0.00360229 	
3.715	0.393049 	-0.176414 	0.0764864 	-0.0116808 	-1.29519 	0.00355444 	
3.72	0.39302 	-0.176416 	0.0764798 	-0.0116031 	-1.29573 	0.00350388 	
3.725	0.39299 	-0.176418 	0.0764726 	-0.0115223 	-1.29627 	0.00345116 	
3.73	0.392959 	-0.176421 	0.0764649 	-0.01143 	-1.29682 	0.00336263 	
3.735	0.392927 	-0.176423 	0.0764567 	-0.0113315 	-1.29738 	0.00326061 	
3.74	0.392894 	-0.176425 	0.0764479 	-0.01123 	-1.29794 	0.00315308 	
3.745	0.392861 	-0.176427 	0.076439 	-0.0111415 	-1.2985 	0.00304974 	
3.75	0.392827 	-0.176429 	0.0764296 	-0.011044 	-1.29907 	0.00294624 	
3.755	0.392793 	-0.176431 	0.0764199 	-0.0109426 	-1.29965 	0.00284134 	
3.76	0.392758 	-0.176434 	0.0764099 	-0.0108389 	-1.30022 	0.00273434 	
3.765	0.392723 	-0.176435 	0.0764002 	-0.0108285 	-1.3008 	0.00271275 	
3.77	0.392688 	-0.176436 	0.0763904 	-0.0108304 	-1.30139 	0.0027013 	
3.775	0.392652 	-0.176437 	0.0763806 	-0.0108354 	-1.30197 	0.00269396 	
3.78	0.392616 	-0.17644 	0.0763702 	-0.0107574 	-1.30256 	0.00260306 	
3.785	0.392581 	-0.17644 	0.07636 	-0.0107254 	-1.30315 	0.00255864 	
3.79	0.392545 	-0.176441 	0.0763498 	-0.0107358 	-1.30374 	0.00256175 	
3.795	0.392509 	-0.176441 	0.0763387 	-0.010763 	-1.30433 	0.00258176 	
3.8	0.392472 	-0.176439 	0.0763272 	-0.0108426 	-1.30492 	0.00266022 	
3.805	0.392436 	-0.176435 	0.0763149 	-0.0110327 	-1.30551 	0.00285398 	
3.81	0.392398 	-0.176434 	0.0763029 	-0.0110617 	-1.30611 	0.00287844 	
3.815	0.392361 	-0.176432 	0.0762907 	-0.0110743 	-1.30671 	0.00289388 	
3.82	0.392324 	-0.176431 	0.0762784 	-0.0110835 	-1.30731 	0.00289592 	
3.825	0.392287 	-0.176431 	0.0762662 	-0.0110422 	-1.30792 	0.0028384 	
3.83	0.392249 	-0.176434 	0.0762522 	-0.0110123 	-1.30852 	0.00278957 	
3.835	0.39221 	-0.176439 	0.0762386 	-0.0110476 	-1.30912 	0.00279012 	
3.84	0.392172 	-0.176443 	0.076225 	-0.0111102 	-1.30972 	0.00283532 	
3.845	0.392133 	-0.176447 	0.0762113 	-0.0111673 	-1.31032 	0.00287089 	
3.85	0.392094 	-0.17645 	0.0761975 	-0.0111875 	-1.31093 	0.00284939 	
3.855	0.392058 	-0.176452 	0.0761862 	-0.0112304 	-1.31153 	0.00285843 	
3.86	0.392024 	-0.176456 	0.0761776 	-0.0112075 	-1.31211 	0.00279733 	
3.865	0.391992 	-0.176459 	0.0761704 	-0.0112236 	-1.31268 	0.00277571 	
3.87	0.391961 	-0.176461 	0.0761644 	-0.0112602 	-1.31325 	0.00277661 	
3.875	0.391932 	-0.176464 	0.0761595 	-0.0113026 	-1.31381 	0.00278577 	
3.88	0.391903 	-0.176466 	0.0761555 	-0.0113469 	-1.31436 	0.0028003 	
3.885	0.391876 	-0.176468 	0.0761523 	-0.0113924 	-1.3149 	0.00282036 	
3.89	0.39185 	-0.17647 	0.0761498 	-0.0114391 	-1.31543 	0.00284681 	
3.895	0.391825 	-0.176472 	0.0761481 	-0.0114871 	-1.31596 	0.00288032 	
3.9	0.391801 	-0.176474 	0.0761469 	-0.0115369 	-1.31648 	0.00292171 	
3.905	0.391774 	-0.176476 	0.0761444 	-0.0115639 	-1.317 	0.00293832 	
3.91	0.391747 	-0.176476 	0.0761406 	-0.0115857 	-1.31753 	0.00295483 	
3.915	0.391719 	-0.176477 	0.0761357 	-0.0116122 	-1.31806 	0.00297497 	
3.92	0.391689 	-0.176478 	0.0761299 	-0.0116276 	-1.3186 	0.00298518 	
3.925	0.391659 	-0.176479 	0.0761232 	-0.0116441 	-1.31914 	0.0029976 	
3.93	0.391628 	-0.176478 	0.0761156 	-0.0116855 	-1.31969 	0.00303345 	
3.935	0.391596 	-0.176478 	0.0761073 	-0.0117134 	-1.32025 	0.00305726 	
3.94	0.391565 	-0.176477 	0.0761004 	-0.0117645 	-1.3208 	0.00311603 	
3.945	0.391536 	-0.176477 	0.0760947 	-0.0118494 	-1.32135 	0.00321649 	
3.95	0.391507 	-0.176477 	0.0760885 	-0.0120271 	-1.3219 	0.00341007 	
3.955	0.391478 	-0.176476 	0.0760819 	-0.0122302 	-1.32244 	0.00363054 	
3.96	0.391449 	-0.176474 	0.0760752 	-0.0124423 	-1.32298 	0.00386301 	
3.965	0.391419 	-0.176472 	0.0760683 	-0.0126591 	-1.32353 	0.00410255 	
3.97	0.39139 	-0.17647 	0.0760613 	-0.0128794 	-1.32407 	0.00434767 	
3.975	0.391361 	-0.176467 	0.0760542 	-0.0131027 	-1.32462 	0.0045976 	
3.98	0.391331 	-0.176465 	0.0760469 	-0.013329 	-1.32517 	0.00485203 	
3.985	0.391302 	-0.176462 	0.0760395 	-0.013558 	-1.32572 	0.00511063 	
3.99	0.391272 	-0.176457 	0.0760322 	-0.0138365 	-1.32627 	0.00542427 	
3.995	0.391242 	-0.176448 	0.0760236 	-0.0142349 	-1.32682 	0.00585668 	
4	0.391211 	-0.17644 	0.0760138 	-0.0146812 	-1.32737 	0.00633584 	
4.005	0.391179 	-0.176431 	0.0760034 	-0.0151369 	-1.32793 	0.00682454 	
4.01	0.391147 	-0.176423 	0.0759932 	-0.0154555 	-1.32849 	0.00717064 	
4.015	0.391115 	-0.176414 	0.0759821 	-0.0158515 	-1.32905 	0.00759995 	
4.02	0.391083 	-0.176407 	0.0759717 	-0.0162278 	-1.32961 	0.00800686 	
4.025	0.391049 	-0.176401 	0.0759604 	-0.0165034 	-1.33018 	0.00830395 	
4.03	0.391017 	-0.176399 	0.0759509 	-0.0164731 	-1.33077 	0.00830597 	
4.035	0.390987 	-0.176396 	0.0759422 	-0.016436 	-1.33133 	0.00829855 	
4.04	0.390961 	-0.176396 	0.0759385 	-0.0163527 	-1.33187 	0.00823676 	
4.045	0.390939 	-0.176399 	0.0759389 	-0.0162564 	-1.33239 	0.0081538 	
4.05	0.390924 	-0.176402 	0.0759455 	-0.0161662 	-1.33286 	0.00807053 	
4.055	0.390907 	-0.176408 	0.0759515 	-0.0160286 	-1.33334 	0.00791904 	
4.06	0.390891 	-0.176407 	0.0759549 	-0.0162029 	-1.3338 	0.00810422 	
4.065	0.390871 	-0.176406 	0.0759558 	-0.0164769 	-1.33426 	0.0083902 	
4.07	0.390851 	-0.176403 	0.0759546 	-0.0167887 	-1.33473 	0.00872393 	
4.075	0.390828 	-0.176398 	0.0759509 	-0.0171322 	-1.3352 	0.0090966 	
4.08	0.390803 	-0.176391 	0.0759452 	-0.0175292 	-1.3357 	0.00952673 	
4.085	0.390777 	-0.176387 	0.0759385 	-0.017834 	-1.3362 	0.0098719 	
4.09	0.39075 	-0.176383 	0.0759318 	-0.0180599 	-1.33673 	0.0101361 	
4.095	0.390722 	-0.17638 	0.0759239 	-0.0183015 	-1.33726 	0.0103942 	
4.1	0.390692 	-0.176379 	0.0759161 	-0.0183414 	-1.33781 	0.0104652 	
4.105	0.390662 	-0.176377 	0.0759078 	-0.018356 	-1.33836 	0.0104936 	
4.11	0.390632 	-0.17638 	0.0759015 	-0.0183419 	-1.33892 	0.0104823 	
4.115	0.390609 	-0.176383 	0.0759003 	-0.0182778 	-1.33946 	0.0104355 	
4.12	0.390583 	-0.17639 	0.0758984 	-0.0182354 	-1.34 	0.0104126 	
4.125	0.390557 	-0.176394 	0.0758952 	-0.0181981 	-1.34054 	0.0104063 	
4.13	0.390531 	-0.176397 	0.0758907 	-0.0181617 	-1.34108 	0.0104049 	
4.135	0.390505 	-0.176401 	0.0758865 	-0.0180445 	-1.34162 	0.0102897 	
4.14	0.39048 	-0.176405 	0.0758837 	-0.0179105 	-1.34214 	0.0101461 	
4.145	0.390457 	-0.176409 	0.0758827 	-0.0177706 	-1.34266 	0.0099868 	
4.15	0.390451 	-0.176416 	0.0759019 	-0.0176498 	-1.34316 	0.00985699 	
4.155	0.390442 	-0.176424 	0.0759186 	-0.017626 	-1.34366 	0.0097794 	
4.16	0.390433 	-0.176429 	0.0759318 	-0.0175914 	-1.34414 	0.0097162 	
4.165	0.390421 	-0.176434 	0.0759422 	-0.0175541 	-1.34462 	0.00968307 	
4.17	0.39041 	-0.176437 	0.0759524 	-0.0175446 	-1.34509 	0.00969867 	
4.175	0.390397 	-0.17644 	0.0759597 	-0.0175506 	-1.34552 	0.00971974 	
4.18	0.390381 	-0.176444 	0.0759652 	-0.0175521 	-1.34597 	0.00972105 	
4.185	0.390364 	-0.176447 	0.075968 	-0.0175679 	-1.34642 	0.00973472 	
4.19	0.390343 	-0.176448 	0.0759682 	-0.0175894 	-1.34689 	0.0097538 	
4.195	0.390321 	-0.176449 	0.0759663 	-0.017613 	-1.34736 	0.00977609 	
4.2	0.390296 	-0.17645 	0.0759625 	-0.0176378 	-1.34786 	0.00980031 	
4.205	0.390269 	-0.17645 	0.0759571 	-0.0176634 	-1.34837 	0.00982605 	
4.21	0.390241 	-0.17645 	0.0759503 	-0.017684 	-1.34889 	0.00983568 	
4.215	0.390211 	-0.17645 	0.0759423 	-0.0177095 	-1.34942 	0.00985959 	
4.22	0.390179 	-0.17645 	0.0759332 	-0.0177326 	-1.34997 	0.00988811 	
4.225	0.390146 	-0.17645 	0.0759232 	-0.0177513 	-1.35052 	0.00991378 	
4.23	0.390112 	-0.17645 	0.0759117 	-0.0179018 	-1.35108 	0.0100731 	
4.235	0.390078 	-0.176451 	0.0759006 	-0.0179983 	-1.35164 	0.0101901 	
4.24	0.390043 	-0.17645 	0.0758898 	-0.018079 	-1.35221 	0.0102982 	
4.245	0.390009 	-0.17645 	0.0758793 	-0.0181517 	-1.35278 	0.0104011 	
4.25	0.389975 	-0.176451 	0.0758687 	-0.018218 	-1.35336 	0.0104765 	
4.255	0.389941 	-0.176451 	0.0758587 	-0.0182812 	-1.35394 	0.0105488 	
4.26	0.389907 	-0.176452 	0.075849 	-0.0183235 	-1.35452 	0.0105909 	
4.265	0.389873 	-0.176453 	0.0758388 	-0.0183361 	-1.35511 	0.0106135 	
4.27	0.389838 	-0.176454 	0.0758281 	-0.0183354 	-1.3557 	0.0106264 	
4.275	0.389803 	-0.176455 	0.075817 	-0.0183452 	-1.35629 	0.0106365 	
4.28	0.389766 	-0.176455 	0.0758054 	-0.0183559 	-1.35688 	0.0106452 	
4.285	0.389732 	-0.176455 	0.0757941 	-0.018373 	-1.35746 	0.0106911 	
4.29	0.389698 	-0.176457 	0.075783 	-0.018388 	-1.35803 	0.0107572 	
4.295	0.389663 	-0.176459 	0.0757716 	-0.0183738 	-1.35862 	0.0107756 	
4.3	0.389628 	-0.176458 	0.0757592 	-0.0185001 	-1.35921 	0.0109194 	
4.305	0.389592 	-0.176457 	0.0757463 	-0.018649 	-1.3598 	0.011078 	
4.31	0.389571 	-0.176458 	0.0757484 	-0.0187737 	-1.36032 	0.0111732 	
4.315	0.389547 	-0.176464 	0.0757488 	-0.0189121 	-1.36085 	0.011279 	
4.32	0.389522 	-0.176465 	0.0757471 	-0.0190675 	-1.36138 	0.0114189 	
4.325	0.389497 	-0.176466 	0.0757435 	-0.0192396 	-1.36191 	0.01158 	
4.33	0.389469 	-0.176465 	0.0757381 	-0.0194201 	-1.36244 	0.0117516 	
4.335	0.38944 	-0.176465 	0.0757312 	-0.0195984 	-1.36299 	0.0119232 	
4.34	0.38941 	-0.176464 	0.0757232 	-0.0197654 	-1.36354 	0.0120857 	
4.345	0.389379 	-0.176464 	0.0757142 	-0.0198886 	-1.36409 	0.0122109 	
4.35	0.389347 	-0.176464 	0.0757045 	-0.019984 	-1.36466 	0.0123137 	
4.355	0.389314 	-0.176464 	0.0756941 	-0.020031 	-1.36523 	0.0123863 	
4.36	0.389309 	-0.176467 	0.0757108 	-0.0200779 	-1.36566 	0.0124147 	
4.365	0.389297 	-0.176479 	0.0757241 	-0.020169 	-1.3661 	0.0124647 	
4.37	0.389285 	-0.176483 	0.0757334 	-0.0202582 	-1.36655 	0.0125367 	
4.375	0.38927 	-0.176484 	0.0757394 	-0.0203171 	-1.367 	0.0125857 	
4.38	0.389252 	-0.176485 	0.0757423 	-0.0203538 	-1.36746 	0.0126137 	
4.385	0.389232 	-0.176485 	0.0757424 	-0.0203854 	-1.36794 	0.0126373 	
4.39	0.38921 	-0.176485 	0.0757402 	-0.020416 	-1.36843 	0.0126605 	
4.395	0.389185 	-0.176485 	0.0757359 	-0.0204467 	-1.36893 	0.0126842 	
4.4	0.389158 	-0.176485 	0.0757298 	-0.0204779 	-1.36945 	0.0127085 	
4.405	0.389129 	-0.176484 	0.0757222 	-0.0205097 	-1.36998 	0.0127334 	
4.41	0.389098 	-0.176484 	0.0757132 	-0.0205421 	-1.37052 	0.0127586 	
4.415	0.389066 	-0.176483 	0.0757031 	-0.0205749 	-1.37107 	0.0127838 	
4.42	0.389033 	-0.176482 	0.075692 	-0.0206082 	-1.37164 	0.012809 	
4.425	0.388998 	-0.176481 	0.07568 	-0.0206652 	-1.37221 	0.0128631 	
4.43	0.388962 	-0.17648 	0.0756672 	-0.0207115 	-1.3728 	0.0129106 	
4.435	0.388925 	-0.176478 	0.0756538 	-0.0207741 	-1.37339 	0.0129728 	
4.44	0.388888 	-0.176477 	0.0756397 	-0.0208425 	-1.37399 	0.0130399 	
4.445	0.388849 	-0.176475 	0.0756251 	-0.0209397 	-1.3746 	0.0131344 	
4.45	0.38881 	-0.176474 	0.0756101 	-0.0210179 	-1.37521 	0.0132104 	
4.455	0.388771 	-0.17647 	0.075594 	-0.0211887 	-1.37583 	0.0133816 	
4.46	0.388731 	-0.176469 	0.0755788 	-0.0212219 	-1.37645 	0.0134182 	
4.465	0.388716 	-0.176468 	0.0755955 	-0.0214323 	-1.3771 	0.0134388 	
4.47	0.388697 	-0.176472 	0.0756078 	-0.0215212 	-1.3777 	0.0134451 	
4.475	0.388679 	-0.176472 	0.075616 	-0.021627 	-1.37828 	0.0135243 	
4.48	0.388658 	-0.176471 	0.0756205 	-0.0217707 	-1.37883 	0.0136552 	
4.485	0.388636 	-0.176471 	0.075622 	-0.0218348 	-1.37938 	0.0137071 	
4.49	0.388612 	-0.17647 	0.0756209 	-0.02188 	-1.37992 	0.0137416 	
4.495	0.388586 	-0.176469 	0.0756176 	-0.0219236 	-1.38047 	0.0137825 	
4.5	0.388558 	-0.176468 	0.0756121 	-0.021963 	-1.38102 	0.013813 	
4.505	0.388529 	-0.176466 	0.0756049 	-0.0220015 	-1.38157 	0.0138406 	
4.51	0.388498 	-0.176465 	0.0755963 	-0.0220443 	-1.38214 	0.0138803 	
4.515	0.388465 	-0.176464 	0.0755864 	-0.0220882 	-1.38271 	0.0139234 	
4.52	0.388431 	-0.176463 	0.0755754 	-0.0221323 	-1.38328 	0.0139671 	
4.525	0.388396 	-0.176461 	0.0755634 	-0.0221864 	-1.38387 	0.0140219 	
4.53	0.38836 	-0.176459 	0.0755502 	-0.0223028 	-1.38446 	0.0141576 	
4.535	0.388323 	-0.176456 	0.0755361 	-0.0224729 	-1.38505 	0.0143611 	
4.54	0.388284 	-0.176452 	0.0755212 	-0.0226647 	-1.38566 	0.0145924 	
4.545	0.388245 	-0.176451 	0.0755062 	-0.0227013 	-1.38627 	0.0146436 	
4.55	0.388207 	-0.176448 	0.0754912 	-0.0227085 	-1.38689 	0.0146677 	
4.555	0.388168 	-0.176446 	0.0754764 	-0.0227407 	-1.38752 	0.0147117 	
4.56	0.388128 	-0.176445 	0.0754618 	-0.0228036 	-1.38815 	0.0147871 	
4.565	0.388089 	-0.176443 	0.0754466 	-0.0228335 	-1.38877 	0.0148269 	
4.57	0.38805 	-0.176442 	0.0754314 	-0.0228263 	-1.3894 	0.0147517 	
4.575	0.388011 	-0.176441 	0.0754163 	-0.0228042 	-1.39004 	0.014639 	
4.58	0.387977 	-0.17644 	0.0754061 	-0.0228088 	-1.39064 	0.0145628 	
4.585	0.387943 	-0.176441 	0.0753955 	-0.0227868 	-1.39125 	0.0144446 	
4.59	0.387908 	-0.176441 	0.0753845 	-0.0227489 	-1.39186 	0.0143089 	
4.595	0.387874 	-0.176441 	0.075373 	-0.0227001 	-1.39247 	0.0141595 	
4.6	0.387839 	-0.176441 	0.075361 	-0.0226431 	-1.39308 	0.0139997 	
4.605	0.387804 	-0.17644 	0.0753492 	-0.022631 	-1.39369 	0.0138937 	
4.61	0.387771 	-0.176441 	0.0753392 	-0.0225485 	-1.39429 	0.0137228 	
4.615	0.38774 	-0.176441 	0.0753309 	-0.0224639 	-1.39487 	0.0135508 	
4.62	0.387711 	-0.176442 	0.0753243 	-0.0223893 	-1.39545 	0.0133922 	
4.625	0.387682 	-0.176443 	0.0753173 	-0.0223744 	-1.39601 	0.0132922 	
4.63	0.387652 	-0.176443 	0.0753094 	-0.0223526 	-1.39658 	0.0131839 	
4.635	0.387625 	-0.176443 	0.0753013 	-0.0223634 	-1.39709 	0.0131412 	
4.64	0.387595 	-0.176445 	0.0752927 	-0.0223738 	-1.39761 	0.0130732 	
4.645	0.387566 	-0.176446 	0.0752839 	-0.0223739 	-1.39815 	0.0130291 	
4.65	0.387537 	-0.176445 	0.0752752 	-0.0223831 	-1.39867 	0.0130042 	
4.655	0.387513 	-0.176446 	0.075271 	-0.0223973 	-1.39917 	0.0129808 	
4.66	0.387491 	-0.176449 	0.0752711 	-0.0224177 	-1.39968 	0.0129687 	
4.665	0.387469 	-0.176451 	0.0752702 	-0.0224254 	-1.40019 	0.0129462 	
4.67	0.387452 	-0.176451 	0.0752704 	-0.0223971 	-1.40064 	0.0128425 	
4.675	0.387465 	-0.176458 	0.0753034 	-0.0224007 	-1.40094 	0.0128117 	
4.68	0.387472 	-0.176472 	0.0753311 	-0.0223461 	-1.4012 	0.0127079 	
4.685	0.387476 	-0.176478 	0.0753523 	-0.0221601 	-1.4015 	0.0125056 	
4.69	0.387477 	-0.176482 	0.0753677 	-0.0218832 	-1.40182 	0.0122274 	
4.695	0.387473 	-0.176481 	0.0753787 	-0.0218989 	-1.40216 	0.0122321 	
4.7	0.387464 	-0.176481 	0.0753856 	-0.0219545 	-1.40252 	0.0122753 	
4.705	0.387451 	-0.17648 	0.075389 	-0.0220122 	-1.40292 	0.0123305 	
4.71	0.387434 	-0.176479 	0.075389 	-0.0220379 	-1.40334 	0.0123501 	
4.715	0.387414 	-0.176478 	0.0753861 	-0.0220408 	-1.40378 	0.012341 	
4.72	0.387391 	-0.176476 	0.0753807 	-0.0220361 	-1.40426 	0.0123219 	
4.725	0.387365 	-0.176474 	0.0753733 	-0.0220363 	-1.40475 	0.0123071 	
4.73	0.387336 	-0.176472 	0.0753641 	-0.0220558 	-1.40526 	0.0123122 	
4.735	0.387306 	-0.17647 	0.0753535 	-0.0220997 	-1.4058 	0.0123428 	
4.74	0.387273 	-0.176467 	0.075342 	-0.0221726 	-1.40635 	0.0124037 	
4.745	0.38724 	-0.176465 	0.0753296 	-0.0222759 	-1.40691 	0.0124969 	
4.75	0.387205 	-0.176462 	0.0753162 	-0.0223205 	-1.40749 	0.0125226 	
4.755	0.387168 	-0.176459 	0.0753017 	-0.0224077 	-1.40808 	0.012595 	
4.76	0.387131 	-0.176457 	0.0752869 	-0.0224539 	-1.40868 	0.0126318 	
4.765	0.387093 	-0.176449 	0.0752697 	-0.0229456 	-1.40929 	0.0130823 	
4.77	0.387053 	-0.176447 	0.0752523 	-0.0230209 	-1.40991 	0.0131284 	
4.775	0.387013 	-0.176442 	0.0752349 	-0.0230706 	-1.41053 	0.0131692 	
4.78	0.386973 	-0.176437 	0.0752174 	-0.0231354 	-1.41117 	0.0132325 	
4.785	0.386932 	-0.176434 	0.0751996 	-0.023205 	-1.41181 	0.0133023 	
4.79	0.38689 	-0.17643 	0.075181 	-0.023286 	-1.41245 	0.0134111 	
4.795	0.386847 	-0.176426 	0.0751622 	-0.0234105 	-1.41309 	0.0135661 	
4.8	0.386804 	-0.176423 	0.0751429 	-0.0235082 	-1.41375 	0.0136898 	
4.805	0.386762 	-0.176421 	0.0751247 	-0.0235828 	-1.4144 	0.0137981 	
4.81	0.386721 	-0.176419 	0.0751073 	-0.0236692 	-1.41505 	0.0139314 	
4.815	0.386681 	-0.176417 	0.0750905 	-0.0237739 	-1.4157 	0.0140964 	
4.82	0.386642 	-0.176416 	0.0750757 	-0.0238688 	-1.41634 	0.0142507 	
4.825	0.386605 	-0.176415 	0.0750624 	-0.0239286 	-1.41698 	0.0143868 	
4.83	0.386571 	-0.176414 	0.0750512 	-0.0239956 	-1.41761 	0.0145267 	
4.835	0.386538 	-0.176413 	0.0750418 	-0.0240876 	-1.41822 	0.0146848 	
4.84	0.386507 	-0.176413 	0.0750336 	-0.0241705 	-1.41881 	0.0148235 	
4.845	0.386477 	-0.176413 	0.0750262 	-0.0242388 	-1.4194 	0.0149381 	
4.85	0.386447 	-0.176413 	0.0750195 	-0.0242941 	-1.41998 	0.015031 	
4.855	0.386419 	-0.176413 	0.075013 	-0.0243382 	-1.42055 	0.0151048 	
4.86	0.38639 	-0.176414 	0.0750068 	-0.0243726 	-1.42112 	0.0151617 	
4.865	0.386362 	-0.176414 	0.0750001 	-0.0243979 	-1.42168 	0.015203 	
4.87	0.386332 	-0.176414 	0.0749917 	-0.0244058 	-1.42224 	0.0152209 	
4.875	0.386301 	-0.176415 	0.0749817 	-0.0243726 	-1.42281 	0.0152026 	
4.88	0.386268 	-0.176415 	0.0749702 	-0.0243155 	-1.42339 	0.0151648 	
4.885	0.386234 	-0.176415 	0.0749574 	-0.0242506 	-1.42399 	0.0151203 	
4.89	0.386232 	-0.176418 	0.0749765 	-0.0242298 	-1.42442 	0.0150977 	
4.895	0.386222 	-0.17643 	0.0749918 	-0.0241529 	-1.42486 	0.0149629 	
4.9	0.386212 	-0.176432 	0.0750024 	-0.0241402 	-1.42531 	0.0149216 	
4.905	0.386198 	-0.176432 	0.0750085 	-0.0241839 	-1.42576 	0.014951 	
4.91	0.386181 	-0.176431 	0.0750108 	-0.0242363 	-1.42623 	0.014986 	
4.915	0.386161 	-0.17643 	0.0750099 	-0.0242909 	-1.42671 	0.0150224 	
4.92	0.386138 	-0.176427 	0.0750057 	-0.0244795 	-1.4272 	0.0152087 	
4.925	0.386111 	-0.176424 	0.0749989 	-0.0247467 	-1.42771 	0.0154767 	
4.93	0.386083 	-0.176419 	0.0749897 	-0.025076 	-1.42824 	0.0158068 	
4.935	0.386052 	-0.176413 	0.0749784 	-0.0255248 	-1.42878 	0.0162574 	
4.94	0.386019 	-0.176407 	0.0749653 	-0.0260616 	-1.42934 	0.0167931 	
4.945	0.385984 	-0.176403 	0.0749512 	-0.0263038 	-1.42992 	0.0170368 	
4.95	0.385948 	-0.176398 	0.0749359 	-0.0264584 	-1.43051 	0.0171969 	
4.955	0.38591 	-0.176394 	0.0749196 	-0.0266224 	-1.43111 	0.0173707 	
4.96	0.38587 	-0.176396 	0.0749008 	-0.0262413 	-1.43173 	0.0170024 	
4.965	0.385831 	-0.176395 	0.0748837 	-0.0260092 	-1.43235 	0.016786 	
4.97	0.385794 	-0.176393 	0.0748705 	-0.0260991 	-1.43297 	0.0168739 	
4.975	0.38576 	-0.176394 	0.0748623 	-0.0261721 	-1.43356 	0.0169422 	
4.98	0.385732 	-0.176395 	0.0748599 	-0.0262546 	-1.43412 	0.0170199 	
4.985	0.385707 	-0.176398 	0.0748597 	-0.0263941 	-1.43464 	0.0171479 	
4.99	0.385683 	-0.176399 	0.0748591 	-0.0266401 	-1.43517 	0.017375 	
4.995	0.385656 	-0.176406 	0.0748534 	-0.0262727 	-1.43571 	0.0169882 	
5	0.385627 	-0.176414 	0.0748439 	-0.0254187 	-1.43627 	0.0161125 	
5.005	0.385595 	-0.176427 	0.074831 	-0.024124 	-1.43684 	0.0147882 	
5.01	0.385562 	-0.176433 	0.0748183 	-0.0232876 	-1.43742 	0.0139249 	
5.015	0.385526 	-0.176438 	0.0748039 	-0.0228398 	-1.43801 	0.0134487 	
5.02	0.38551 	-0.176441 	0.0748093 	-0.0229372 	-1.43849 	0.0135232 	
5.025	0.385487 	-0.176453 	0.074811 	-0.0228833 	-1.439 	0.0134223 	
5.03	0.385463 	-0.176459 	0.0748059 	-0.0225155 	-1.43951 	0.0129796 	
5.035	0.385437 	-0.176463 	0.0747967 	-0.0220514 	-1.44003 	0.0124176 	
5.04	0.385408 	-0.176467 	0.0747844 	-0.0215262 	-1.44056 	0.011778 	
5.045	0.385376 	-0.176471 	0.074769 	-0.0209102 	-1.44111 	0.0110289 	
5.05	0.385371 	-0.176474 	0.0747837 	-0.0208982 	-1.44154 	0.0109728 	
5.055	0.385357 	-0.176486 	0.0747932 	-0.0207261 	-1.442 	0.0107091 	
5.06	0.385344 	-0.176489 	0.0747991 	-0.0206587 	-1.44245 	0.0106288 	
5.065	0.385326 	-0.176492 	0.074801 	-0.0204616 	-1.44292 	0.0104299 	
5.07	0.385306 	-0.176494 	0.0748004 	-0.0202118 	-1.44339 	0.0101184 	
5.075	0.385312 	-0.176497 	0.0748228 	-0.0201314 	-1.4437 	0.0099911 	
5.08	0.385306 	-0.17652 	0.0748335 	-0.0192211 	-1.44405 	0.0090132 	
5.085	0.3853 	-0.176531 	0.0748413 	-0.0183928 	-1.44441 	0.0081059 	
5.09	0.38529 	-0.176537 	0.0748471 	-0.017749 	-1.44481 	0.00738336 	
5.095	0.385276 	-0.176539 	0.074849 	-0.0174113 	-1.44523 	0.00703751 	
5.1	0.385257 	-0.176541 	0.0748466 	-0.0171103 	-1.44567 	0.00675105 	
5.105	0.385234 	-0.176541 	0.0748407 	-0.0169235 	-1.44614 	0.00656778 	
5.11	0.385209 	-0.176539 	0.0748328 	-0.0169206 	-1.44663 	0.00656049 	
5.115	0.38518 	-0.176537 	0.0748226 	-0.0169627 	-1.44714 	0.0066038 	
5.12	0.385149 	-0.176535 	0.0748105 	-0.0170854 	-1.44768 	0.00674879 	
5.125	0.385116 	-0.176534 	0.0747963 	-0.0170642 	-1.44824 	0.00674686 	
5.13	0.38508 	-0.176533 	0.074781 	-0.0170905 	-1.44881 	0.00680418 	
5.135	0.385043 	-0.176532 	0.0747645 	-0.0170803 	-1.4494 	0.00682683 	
5.14	0.385004 	-0.176534 	0.0747461 	-0.0166746 	-1.45001 	0.00639663 	
5.145	0.384963 	-0.17654 	0.0747258 	-0.0158365 	-1.45064 	0.00553639 	
5.15	0.384921 	-0.176548 	0.074704 	-0.0147014 	-1.45128 	0.00436697 	
5.155	0.384879 	-0.17655 	0.0746827 	-0.0143621 	-1.45193 	0.00399714 	
5.16	0.384834 	-0.176553 	0.0746612 	-0.0142947 	-1.45258 	0.0039225 	
5.165	0.384839 	-0.17656 	0.0746892 	-0.0143559 	-1.45299 	0.00394483 	
5.17	0.384833 	-0.176579 	0.0747105 	-0.0140828 	-1.45342 	0.00354845 	
5.175	0.384827 	-0.176582 	0.0747253 	-0.0140394 	-1.45384 	0.00349243 	
5.18	0.384818 	-0.176583 	0.0747339 	-0.013925 	-1.45426 	0.00337719 	
5.185	0.384804 	-0.176582 	0.0747373 	-0.0138053 	-1.4547 	0.00326249 	
5.19	0.384786 	-0.176582 	0.0747362 	-0.01355 	-1.45516 	0.00305652 	
5.195	0.384765 	-0.176581 	0.0747315 	-0.0132666 	-1.45564 	0.00283166 	
5.2	0.384742 	-0.176579 	0.0747255 	-0.0130356 	-1.45613 	0.00260669 	
5.205	0.384716 	-0.176578 	0.074718 	-0.0128526 	-1.45662 	0.00240218 	
5.21	0.384689 	-0.176576 	0.0747093 	-0.0126963 	-1.45713 	0.00220459 	
5.215	0.384662 	-0.176573 	0.0747015 	-0.012599 	-1.45762 	0.00205655 	
5.22	0.384642 	-0.176573 	0.0746997 	-0.0124824 	-1.4581 	0.00195837 	
5.225	0.384618 	-0.176572 	0.074696 	-0.0125041 	-1.45858 	0.00193229 	
5.23	0.384592 	-0.176572 	0.0746885 	-0.0124555 	-1.45906 	0.00181678 	
5.235	0.384564 	-0.176573 	0.0746769 	-0.0120185 	-1.45957 	0.0013849 	
5.24	0.384534 	-0.176577 	0.074662 	-0.0112687 	-1.4601 	0.000664286 	
5.245	0.384501 	-0.176578 	0.0746467 	-0.0106871 	-1.46066 	0.000125963 	
5.25	0.384466 	-0.176578 	0.0746298 	-0.0101706 	-1.46123 	-0.000368357 	
5.255	0.384429 	-0.176577 	0.0746113 	-0.00973789 	-1.46182 	-0.000784592 	
5.26	0.384391 	-0.176574 	0.074593 	-0.00969073 	-1.46243 	-0.00081527 	
5.265	0.384353 	-0.176571 	0.0745758 	-0.00976366 	-1.46304 	-0.000727401 	
5.27	0.384314 	-0.176569 	0.0745571 	-0.0096404 	-1.46365 	-0.000836434 	
5.275	0.384274 	-0.176566 	0.0745372 	-0.0094526 	-1.46427 	-0.00100669 	
5.28	0.384233 	-0.176563 	0.0745159 	-0.00922545 	-1.46491 	-0.00121598 	
5.285	0.384189 	-0.176563 	0.0744926 	-0.00851794 	-1.46557 	-0.0019341 	
5.29	0.384144 	-0.176559 	0.0744704 	-0.0082434 	-1.46619 	-0.00233924 	
5.295	0.384099 	-0.176557 	0.0744462 	-0.00788848 	-1.46683 	-0.00272937 	
5.3	0.38406 	-0.176554 	0.0744295 	-0.00796387 	-1.46748 	-0.00266509 	
5.305	0.384027 	-0.176553 	0.0744162 	-0.00831898 	-1.46805 	-0.00232534 	
5.31	0.383991 	-0.176555 	0.0744021 	-0.00849019 	-1.46862 	-0.00214056 	
5.315	0.383956 	-0.176552 	0.0743878 	-0.00874792 	-1.46921 	-0.00184966 	
5.32	0.383922 	-0.176549 	0.0743749 	-0.00886993 	-1.46978 	-0.00168423 	
5.325	0.383914 	-0.176547 	0.0743863 	-0.0094195 	-1.47022 	-0.00112328 	
5.33	0.383899 	-0.176554 	0.0743936 	-0.00971168 	-1.47067 	-0.000856085 	
5.335	0.383883 	-0.176553 	0.0743967 	-0.00977095 	-1.47113 	-0.000779985 	
5.34	0.383865 	-0.176551 	0.0743957 	-0.00976409 	-1.47161 	-0.000757556 	
5.345	0.383842 	-0.176547 	0.0743924 	-0.00970029 	-1.47209 	-0.000862281 	
5.35	0.38382 	-0.176543 	0.0743873 	-0.00951847 	-1.47254 	-0.00112133 	
5.355	0.383811 	-0.176541 	0.0743969 	-0.00942337 	-1.47292 	-0.00128994 	
5.36	0.383803 	-0.176543 	0.0744083 	-0.0093993 	-1.47328 	-0.0014077 	
5.365	0.383791 	-0.176543 	0.0744146 	-0.00928366 	-1.47368 	-0.0015514 	
5.37	0.383776 	-0.176541 	0.0744159 	-0.00915524 	-1.47411 	-0.00167995 	
5.375	0.383757 	-0.176539 	0.0744126 	-0.00918255 	-1.47456 	-0.00164429 	
5.38	0.383735 	-0.176532 	0.074405 	-0.00973921 	-1.47503 	-0.00107724 	
5.385	0.383707 	-0.176529 	0.0743945 	-0.00976362 	-1.47554 	-0.00103208 	
5.39	0.383677 	-0.176524 	0.0743812 	-0.00957241 	-1.47607 	-0.00118964 	
5.395	0.383645 	-0.176518 	0.0743658 	-0.0095148 	-1.47663 	-0.00122208 	
5.4	0.383623 	-0.176503 	0.0743606 	-0.0108884 	-1.47716 	0.000244799 	
5.405	0.383602 	-0.176492 	0.074356 	-0.0126272 	-1.47769 	0.0021022 	
5.41	0.383585 	-0.176478 	0.0743543 	-0.0145182 	-1.47821 	0.00412376 	
5.415	0.38357 	-0.176463 	0.0743551 	-0.0164994 	-1.47871 	0.00623802 	
5.42	0.383578 	-0.176457 	0.0743782 	-0.0171312 	-1.47901 	0.00690902 	
5.425	0.3836 	-0.17646 	0.0744188 	-0.0173247 	-1.47924 	0.00710081 	
5.43	0.383621 	-0.176462 	0.0744547 	-0.0173927 	-1.47943 	0.00716186 	
5.435	0.383636 	-0.176462 	0.0744823 	-0.017346 	-1.47963 	0.00711451 	
5.44	0.383645 	-0.176461 	0.0745033 	-0.017113 	-1.47987 	0.00688128 	
5.445	0.383652 	-0.176458 	0.0745231 	-0.0169628 	-1.48015 	0.00673175 	
5.45	0.383652 	-0.176454 	0.0745368 	-0.016991 	-1.48045 	0.00678061 	
5.455	0.383647 	-0.17645 	0.0745447 	-0.0170734 	-1.48079 	0.00689327 	
5.46	0.383644 	-0.176446 	0.0745563 	-0.0169578 	-1.48112 	0.00678957 	
5.465	0.383639 	-0.176446 	0.074566 	-0.0167493 	-1.48146 	0.00658269 	
5.47	0.383648 	-0.176445 	0.0745906 	-0.0167353 	-1.48173 	0.00657357 	
5.475	0.383649 	-0.17645 	0.0746083 	-0.016389 	-1.48204 	0.0062311 	
5.48	0.383657 	-0.176451 	0.074632 	-0.0158904 	-1.48236 	0.00570598 	
5.485	0.383672 	-0.176452 	0.0746633 	-0.0157742 	-1.48262 	0.00556929 	
5.49	0.383682 	-0.176454 	0.0746906 	-0.0158657 	-1.48287 	0.00562549 	
5.495	0.383689 	-0.176452 	0.0747112 	-0.0160811 	-1.48313 	0.00585564 	
5.5	0.383705 	-0.176451 	0.0747399 	-0.0161566 	-1.48332 	0.00593601 	
5.505	0.383724 	-0.176455 	0.0747727 	-0.0162037 	-1.48349 	0.00597421 	
5.51	0.383744 	-0.176457 	0.0748061 	-0.0162422 	-1.48365 	0.00600643 	
5.515	0.383759 	-0.176457 	0.0748314 	-0.0165484 	-1.48382 	0.00632051 	
5.52	0.383773 	-0.176458 	0.0748572 	-0.0166168 	-1.48399 	0.00638894 	
5.525	0.383782 	-0.176458 	0.074878 	-0.0165732 	-1.4842 	0.00634 	
5.53	0.383785 	-0.176456 	0.074892 	-0.016597 	-1.48445 	0.00635524 	
5.535	0.383782 	-0.176452 	0.0748995 	-0.0166264 	-1.48475 	0.00634603 	
5.54	0.383789 	-0.176449 	0.0749225 	-0.0167058 	-1.48506 	0.00637831 	
5.545	0.383791 	-0.176452 	0.0749401 	-0.0162131 	-1.4854 	0.00587421 	
5.55	0.383793 	-0.176445 	0.0749532 	-0.0168686 	-1.48569 	0.00653068 	
5.555	0.383804 	-0.176445 	0.0749767 	-0.0170639 	-1.48588 	0.00671904 	
5.56	0.383819 	-0.17645 	0.0750044 	-0.0171635 	-1.48605 	0.0068053 	
5.565	0.383837 	-0.176452 	0.0750352 	-0.0172129 	-1.4862 	0.00684695 	
5.57	0.383853 	-0.176454 	0.0750622 	-0.0172295 	-1.48636 	0.00685791 	
5.575	0.383862 	-0.176454 	0.0750822 	-0.0172182 	-1.48655 	0.00684455 	
5.58	0.383868 	-0.176453 	0.0750985 	-0.017177 	-1.48678 	0.00680406 	
5.585	0.383867 	-0.176451 	0.0751089 	-0.0171305 	-1.48706 	0.00676519 	
5.59	0.383861 	-0.176446 	0.075116 	-0.0173308 	-1.48737 	0.00697671 	
5.595	0.383852 	-0.176441 	0.0751206 	-0.0176231 	-1.48772 	0.00727552 	
5.6	0.383867 	-0.176439 	0.0751497 	-0.0177369 	-1.48795 	0.00739049 	
5.605	0.383885 	-0.176447 	0.0751865 	-0.01779 	-1.48817 	0.00742398 	
5.61	0.383898 	-0.17645 	0.075215 	-0.017683 	-1.48842 	0.00727702 	
5.615	0.383921 	-0.176451 	0.0752501 	-0.0176821 	-1.4886 	0.00726597 	
5.62	0.383934 	-0.176456 	0.0752773 	-0.0174705 	-1.48882 	0.00704101 	
5.625	0.383942 	-0.176457 	0.0752967 	-0.017287 	-1.48904 	0.00685955 	
5.63	0.383944 	-0.176455 	0.0753096 	-0.0171674 	-1.48931 	0.00671773 	
5.635	0.383939 	-0.176454 	0.0753159 	-0.0170671 	-1.48962 	0.00659868 	
5.64	0.38395 	-0.176453 	0.0753391 	-0.017138 	-1.48986 	0.00666097 	
5.645	0.383957 	-0.176458 	0.0753636 	-0.0172871 	-1.49013 	0.00679207 	
5.65	0.38397 	-0.176458 	0.0753924 	-0.0176202 	-1.4904 	0.0071379 	
5.655	0.383976 	-0.176458 	0.0754143 	-0.018016 	-1.49069 	0.00755414 	
5.66	0.383977 	-0.176455 	0.0754289 	-0.0183819 	-1.49101 	0.00792687 	
5.665	0.383973 	-0.176451 	0.0754371 	-0.0187799 	-1.49136 	0.00832561 	
5.67	0.383962 	-0.176445 	0.07544 	-0.0192551 	-1.49174 	0.00880994 	
5.675	0.383947 	-0.176438 	0.0754382 	-0.0198035 	-1.49216 	0.0093643 	
5.68	0.383927 	-0.17643 	0.0754324 	-0.0204536 	-1.49261 	0.0100173 	
5.685	0.383903 	-0.176421 	0.075423 	-0.021184 	-1.49309 	0.0107486 	
5.69	0.383875 	-0.176413 	0.0754104 	-0.0217991 	-1.4936 	0.0113639 	
5.695	0.383843 	-0.176404 	0.075395 	-0.022393 	-1.49414 	0.0119594 	
5.7	0.383809 	-0.176395 	0.0753772 	-0.0229712 	-1.4947 	0.0125399 	
5.705	0.383773 	-0.176386 	0.0753571 	-0.0235127 	-1.49529 	0.0130719 	
5.71	0.383771 	-0.176379 	0.0753662 	-0.0240281 	-1.49558 	0.0135969 	
5.715	0.383757 	-0.176387 	0.0753705 	-0.0243291 	-1.49592 	0.0138672 	
5.72	0.383742 	-0.176382 	0.0753704 	-0.0248373 	-1.49631 	0.0143819 	
5.725	0.383724 	-0.176375 	0.0753664 	-0.0253482 	-1.49673 	0.0149067 	
5.73	0.383701 	-0.176368 	0.0753585 	-0.0257681 	-1.49719 	0.0153494 	
5.735	0.383675 	-0.176361 	0.0753472 	-0.0261513 	-1.49769 	0.015756 	
5.74	0.383645 	-0.176355 	0.075333 	-0.026447 	-1.49821 	0.0160736 	
5.745	0.383612 	-0.17635 	0.0753162 	-0.0264245 	-1.49877 	0.0160724 	
5.75	0.383576 	-0.176346 	0.0752971 	-0.0261775 	-1.49935 	0.0158458 	
5.755	0.383538 	-0.176342 	0.0752762 	-0.0260799 	-1.49995 	0.0157748 	
5.76	0.383546 	-0.176341 	0.0753052 	-0.026078 	-1.50036 	0.0157954 	
5.765	0.383545 	-0.176354 	0.0753282 	-0.0256723 	-1.50079 	0.0153623 	
5.77	0.383545 	-0.176352 	0.0753455 	-0.0256267 	-1.50122 	0.0153182 	
5.775	0.383539 	-0.176346 	0.0753562 	-0.0260924 	-1.50166 	0.015782 	
5.78	0.383529 	-0.176338 	0.0753611 	-0.0268408 	-1.5021 	0.0165396 	
5.785	0.383515 	-0.176328 	0.0753617 	-0.0286151 	-1.50257 	0.0183189 	
5.79	0.383495 	-0.17632 	0.0753583 	-0.0298734 	-1.50307 	0.019573 	
5.795	0.383472 	-0.17631 	0.0753509 	-0.0310558 	-1.50358 	0.0207619 	
5.8	0.383444 	-0.1763 	0.0753399 	-0.0321162 	-1.50411 	0.0218171 	
5.805	0.383413 	-0.176291 	0.0753259 	-0.0330983 	-1.50467 	0.0227964 	
5.81	0.383379 	-0.176282 	0.0753093 	-0.0340069 	-1.50525 	0.0237131 	
5.815	0.383343 	-0.176268 	0.0752888 	-0.0357513 	-1.50585 	0.025483 	
5.82	0.383303 	-0.176265 	0.0752682 	-0.0370497 	-1.50647 	0.0267722 	
5.825	0.383263 	-0.176261 	0.0752463 	-0.0377146 	-1.50711 	0.0274396 	
5.83	0.38322 	-0.176258 	0.075223 	-0.0379884 	-1.50777 	0.0277197 	
5.835	0.383177 	-0.176256 	0.0752003 	-0.0384756 	-1.50843 	0.0282114 	
5.84	0.383132 	-0.176251 	0.0751765 	-0.0394445 	-1.50911 	0.0291834 	
5.845	0.383086 	-0.176249 	0.0751519 	-0.0397377 	-1.50979 	0.0294816 	
5.85	0.38306 	-0.176248 	0.075145 	-0.0398878 	-1.51036 	0.0296749 	
5.855	0.383038 	-0.176254 	0.0751464 	-0.0400385 	-1.51089 	0.0298581 	
5.86	0.383019 	-0.176257 	0.0751474 	-0.0402024 	-1.5114 	0.0300323 	
5.865	0.382997 	-0.176257 	0.0751447 	-0.0404682 	-1.5119 	0.0303035 	
5.87	0.382975 	-0.176254 	0.0751396 	-0.0409387 	-1.51239 	0.0307812 	
5.875	0.382951 	-0.176253 	0.0751328 	-0.0412962 	-1.51288 	0.0311467 	
5.88	0.382927 	-0.176251 	0.0751252 	-0.0415405 	-1.51337 	0.0314015 	
5.885	0.382904 	-0.176249 	0.0751185 	-0.0417612 	-1.51385 	0.0316386 	
5.89	0.382882 	-0.176248 	0.0751125 	-0.0419873 	-1.51433 	0.0318841 	
5.895	0.38286 	-0.176246 	0.0751071 	-0.0422257 	-1.5148 	0.0321401 	
5.9	0.382836 	-0.176245 	0.0751005 	-0.0425008 	-1.5153 	0.0324267 	
5.905	0.382811 	-0.176241 	0.0750927 	-0.0428128 	-1.51581 	0.0327517 	
5.91	0.382785 	-0.176238 	0.0750841 	-0.0431597 	-1.51634 	0.0331122 	
5.915	0.382757 	-0.176234 	0.0750747 	-0.0435326 	-1.51687 	0.0334991 	
5.92	0.382729 	-0.17623 	0.0750643 	-0.0437238 	-1.51743 	0.0337053 	
5.925	0.382699 	-0.176226 	0.0750533 	-0.0438798 	-1.51799 	0.0338772 	
5.93	0.382669 	-0.176222 	0.075042 	-0.0440365 	-1.51856 	0.0340497 	
5.935	0.382638 	-0.176217 	0.0750305 	-0.0442017 	-1.51914 	0.0342307 	
5.94	0.382606 	-0.176213 	0.0750187 	-0.0444094 	-1.51972 	0.034454 	
5.945	0.382581 	-0.176209 	0.0750057 	-0.0450458 	-1.52017 	0.0352291 	
5.95	0.382576 	-0.176214 	0.0750194 	-0.0451298 	-1.52056 	0.0353408 	
5.955	0.382567 	-0.176219 	0.0750298 	-0.0451769 	-1.52096 	0.0353884 	
5.96	0.382557 	-0.176218 	0.0750358 	-0.0452577 	-1.52139 	0.0354784 	
5.965	0.382543 	-0.176215 	0.0750369 	-0.0453437 	-1.52183 	0.0355803 	
5.97	0.382526 	-0.176212 	0.0750345 	-0.0455981 	-1.52229 	0.035847 	
5.975	0.382505 	-0.176207 	0.0750296 	-0.0461211 	-1.52277 	0.0363828 	
5.98	0.382482 	-0.176204 	0.0750221 	-0.0466954 	-1.52327 	0.0369682 	
5.985	0.382457 	-0.1762 	0.0750132 	-0.0473566 	-1.52378 	0.0376403 	
5.99	0.382429 	-0.176197 	0.0750032 	-0.0479832 	-1.52432 	0.0382778 	
5.995	0.3824 	-0.176193 	0.0749921 	-0.0486248 	-1.52487 	0.0389311 	
6	0.38237 	-0.176188 	0.0749809 	-0.0492915 	-1.52543 	0.0396102 	
6.005	0.382339 	-0.176184 	0.0749698 	-0.049984 	-1.52599 	0.0403155 	
6.01	0.382309 	-0.17618 	0.0749591 	-0.0507018 	-1.52657 	0.0410466 	
6.015	0.382278 	-0.176175 	0.0749486 	-0.051444 	-1.52715 	0.0418024 	
6.02	0.382247 	-0.17617 	0.074938 	-0.0524769 	-1.52773 	0.0428492 	
6.025	0.382216 	-0.176164 	0.0749275 	-0.0536162 	-1.52832 	0.0440021 	
6.03	0.382184 	-0.176159 	0.0749171 	-0.054528 	-1.52891 	0.0449288 	
6.035	0.382152 	-0.176153 	0.0749065 	-0.0558873 	-1.5295 	0.0463043 	
6.04	0.38212 	-0.176147 	0.074896 	-0.057367 	-1.53009 	0.0477987 	
6.045	0.382089 	-0.176141 	0.0748857 	-0.0588954 	-1.53068 	0.0493426 	
6.05	0.382056 	-0.176136 	0.0748747 	-0.0596749 	-1.53129 	0.0501368 	
6.055	0.382024 	-0.176128 	0.0748631 	-0.0615662 	-1.53189 	0.052047 	
6.06	0.381991 	-0.17612 	0.0748508 	-0.0642787 	-1.53248 	0.0547685 	
6.065	0.381957 	-0.176113 	0.0748389 	-0.0665496 	-1.53309 	0.0570535 	
6.07	0.381924 	-0.176107 	0.0748258 	-0.06783 	-1.5337 	0.0583504 	
6.075	0.381891 	-0.176097 	0.0748145 	-0.0693492 	-1.53432 	0.0598952 	
6.08	0.381857 	-0.17609 	0.0748017 	-0.0699162 	-1.53494 	0.0604849 	
6.085	0.381823 	-0.176083 	0.0747883 	-0.070191 	-1.53557 	0.060785 	
6.09	0.381789 	-0.176075 	0.0747739 	-0.0712248 	-1.5362 	0.0618433 	
6.095	0.381754 	-0.176068 	0.0747607 	-0.0720557 	-1.53683 	0.0626977 	
6.1	0.381721 	-0.17606 	0.0747476 	-0.073544 	-1.53745 	0.0642106 	
6.105	0.381722 	-0.176056 	0.0747693 	-0.0744873 	-1.53787 	0.0651657 	
6.11	0.381717 	-0.176062 	0.0747871 	-0.0747765 	-1.53832 	0.0654409 	
6.115	0.381712 	-0.176058 	0.0748006 	-0.0759191 	-1.53876 	0.0666113 	
6.12	0.381705 	-0.176052 	0.0748112 	-0.077701 	-1.53919 	0.0684118 	
6.125	0.381694 	-0.176044 	0.0748183 	-0.0797029 	-1.53963 	0.0704237 	
6.13	0.381681 	-0.176037 	0.0748221 	-0.0817583 	-1.54008 	0.0724814 	
6.135	0.381666 	-0.176029 	0.0748229 	-0.0838922 	-1.54054 	0.0746093 	
6.14	0.381648 	-0.176023 	0.0748223 	-0.0850759 	-1.54102 	0.0757979 	
6.145	0.381627 	-0.176017 	0.0748183 	-0.0859425 	-1.54153 	0.0766936 	
6.15	0.381604 	-0.176012 	0.0748113 	-0.0866861 	-1.54206 	0.077478 	
6.155	0.381577 	-0.176006 	0.0748022 	-0.0877334 	-1.5426 	0.0785523 	
6.16	0.381549 	-0.175999 	0.0747912 	-0.0898241 	-1.54314 	0.0806639 	
6.165	0.381519 	-0.175992 	0.0747791 	-0.0922464 	-1.54371 	0.0831023 	
6.17	0.381487 	-0.175985 	0.0747663 	-0.0951009 	-1.54428 	0.0859709 	
6.175	0.381455 	-0.175979 	0.0747533 	-0.0976528 	-1.54487 	0.0885377 	
6.18	0.381421 	-0.175973 	0.0747396 	-0.0997916 	-1.54547 	0.0906928 	
6.185	0.381387 	-0.175966 	0.0747261 	-0.102389 	-1.54607 	0.0933068 	
6.19	0.381352 	-0.17596 	0.0747116 	-0.104278 	-1.54669 	0.0952097 	
6.195	0.381317 	-0.175952 	0.0746971 	-0.108084 	-1.54731 	0.0990323 	
6.2	0.381281 	-0.175944 	0.0746827 	-0.112459 	-1.54792 	0.10342 	
6.205	0.381244 	-0.175937 	0.0746681 	-0.116897 	-1.54855 	0.107872 	
6.21	0.381208 	-0.175929 	0.0746533 	-0.121395 	-1.54918 	0.112383 	
6.215	0.381148 	-0.17592 	0.0745973 	-0.12439 	-1.54959 	0.115427 	
6.22	0.381079 	-0.175913 	0.0745285 	-0.126526 	-1.54999 	0.117589 	
6.225	0.381006 	-0.175906 	0.0744558 	-0.126208 	-1.55043 	0.117301 	
6.23	0.380934 	-0.175903 	0.0743857 	-0.124563 	-1.55086 	0.115675 	
6.235	0.380862 	-0.175908 	0.0743147 	-0.116093 	-1.5513 	0.107212 	
6.24	0.380798 	-0.175904 	0.0742573 	-0.116057 	-1.55169 	0.107188 	
6.245	0.380758 	-0.175905 	0.0742059 	-0.115349 	-1.55166 	0.106478 	
6.25	0.380718 	-0.175916 	0.0741668 	-0.115115 	-1.55167 	0.106215 	
6.255	0.380687 	-0.175917 	0.0741326 	-0.115727 	-1.55168 	0.106824 	
6.26	0.380664 	-0.175918 	0.0741076 	-0.115923 	-1.5517 	0.107018 	
6.265	0.380648 	-0.175918 	0.0740839 	-0.115462 	-1.55163 	0.106556 	
6.27	0.380634 	-0.175921 	0.0740618 	-0.114856 	-1.55155 	0.105943 	
6.275	0.380621 	-0.175922 	0.0740411 	-0.114234 	-1.55147 	0.105318 	
6.28	0.38061 	-0.175923 	0.0740216 	-0.113622 	-1.55138 	0.104705 	
6.285	0.3806 	-0.175923 	0.0740033 	-0.113026 	-1.5513 	0.104108 	
6.29	0.38059 	-0.175924 	0.0739858 	-0.112446 	-1.55122 	0.103528 	
6.295	0.380581 	-0.175924 	0.0739692 	-0.111881 	-1.55114 	0.102962 	
6.3	0.380573 	-0.175924 	0.0739532 	-0.111328 	-1.55107 	0.102408 	
6.305	0.380565 	-0.175925 	0.0739377 	-0.110787 	-1.55099 	0.101866 	
6.31	0.380557 	-0.175925 	0.0739228 	-0.110255 	-1.55092 	0.101334 	
6.315	0.38055 	-0.175926 	0.0739082 	-0.109733 	-1.55085 	0.100811 	
6.32	0.380543 	-0.175926 	0.073894 	-0.109218 	-1.55078 	0.100295 	
6.325	0.380536 	-0.175926 	0.0738799 	-0.108742 	-1.55071 	0.0998188 	
6.33	0.380529 	-0.175927 	0.0738659 	-0.108247 	-1.55064 	0.0993232 	
6.335	0.380522 	-0.175927 	0.0738523 	-0.107752 	-1.55057 	0.0988272 	
6.34	0.380515 	-0.175928 	0.0738388 	-0.107262 	-1.5505 	0.0983354 	
6.345	0.380509 	-0.175928 	0.0738256 	-0.106776 	-1.55043 	0.0978486 	
6.35	0.380502 	-0.175929 	0.0738125 	-0.106295 	-1.55036 	0.0973667 	
6.355	0.380496 	-0.17593 	0.0737995 	-0.105819 	-1.55029 	0.0968893 	
6.36	0.38049 	-0.17593 	0.0737866 	-0.105347 	-1.55022 	0.0964163 	
6.365	0.380484 	-0.175931 	0.0737738 	-0.104879 	-1.55015 	0.0959473 	
6.37	0.380478 	-0.175931 	0.0737611 	-0.104415 	-1.55009 	0.0954823 	
6.375	0.380472 	-0.175932 	0.0737485 	-0.103955 	-1.55002 	0.0950208 	
6.38	0.380466 	-0.175932 	0.0737359 	-0.103498 	-1.54995 	0.094563 	
6.385	0.38046 	-0.175933 	0.0737234 	-0.103045 	-1.54988 	0.0941084 	
6.39	0.380454 	-0.175934 	0.0737109 	-0.102595 	-1.54982 	0.0936572 	
6.395	0.380448 	-0.175934 	0.0736984 	-0.102148 	-1.54975 	0.0932089 	
6.4	0.380442 	-0.175935 	0.0736858 	-0.10205 	-1.54968 	0.093118 	
6.405	0.380436 	-0.175935 	0.0736733 	-0.101695 	-1.54961 	0.092763 	
6.41	0.38043 	-0.175936 	0.0736609 	-0.101277 	-1.54955 	0.0923444 	
6.415	0.380424 	-0.175936 	0.0736486 	-0.100846 	-1.54948 	0.091912 	
6.42	0.380419 	-0.175937 	0.0736362 	-0.100413 	-1.54941 	0.0914782 	
6.425	0.380413 	-0.175938 	0.0736238 	-0.0999824 	-1.54935 	0.0910461 	
6.43	0.380407 	-0.175938 	0.0736114 	-0.099554 	-1.54928 	0.0906164 	
6.435	0.380401 	-0.175939 	0.0735991 	-0.0991283 	-1.54921 	0.0901893 	
6.44	0.380395 	-0.17594 	0.0735867 	-0.098705 	-1.54914 	0.0897648 	
6.445	0.380389 	-0.17594 	0.0735743 	-0.0982844 	-1.54908 	0.0893428 	
6.45	0.380384 	-0.175941 	0.0735619 	-0.0978661 	-1.54901 	0.0889232 	
6.455	0.380378 	-0.175942 	0.0735495 	-0.0974504 	-1.54894 	0.0885061 	
6.46	0.380372 	-0.175942 	0.0735372 	-0.0970371 	-1.54888 	0.0880915 	
6.465	0.380366 	-0.175943 	0.0735248 	-0.0966264 	-1.54881 	0.0876794 	
6.47	0.38036 	-0.175943 	0.0735124 	-0.096218 	-1.54874 	0.0872697 	
6.475	0.380354 	-0.175944 	0.0735 	-0.0958121 	-1.54867 	0.0868624 	
6.48	0.380348 	-0.175945 	0.0734875 	-0.0954085 	-1.54861 	0.0864574 	
6.485	0.380343 	-0.175945 	0.0734751 	-0.0950075 	-1.54854 	0.086055 	
6.49	0.380337 	-0.175946 	0.0734627 	-0.0946087 	-1.54847 	0.0856549 	
6.495	0.380331 	-0.175947 	0.0734503 	-0.0942121 	-1.5484 	0.0852569 	
6.5	0.380325 	-0.175947 	0.0734379 	-0.0938178 	-1.54834 	0.0848613 	
6.505	0.380319 	-0.175948 	0.0734254 	-0.0934257 	-1.54827 	0.0844678 	
6.51	0.380313 	-0.175949 	0.073413 	-0.0930359 	-1.5482 	0.0840766 	
6.515	0.380307 	-0.175949 	0.0734005 	-0.092648 	-1.54814 	0.0836873 	
6.52	0.380301 	-0.17595 	0.073388 	-0.0922624 	-1.54807 	0.0833003 	
6.525	0.380295 	-0.175951 	0.0733755 	-0.0918789 	-1.548 	0.0829154 	
6.53	0.380289 	-0.175951 	0.073363 	-0.0914977 	-1.54793 	0.0825328 	
6.535	0.380283 	-0.175952 	0.0733505 	-0.0911132 	-1.54787 	0.0821469 	
6.54	0.380277 	-0.175953 	0.073338 	-0.0907325 	-1.5478 	0.0817647 	
6.545	0.380271 	-0.175954 	0.0733255 	-0.0903566 	-1.54773 	0.0813874 	
6.55	0.380263 	-0.175954 	0.0733114 	-0.0902469 	-1.54767 	0.0812629 	
6.555	0.380255 	-0.175954 	0.0732968 	-0.0900958 	-1.54761 	0.0811008 	
6.56	0.380245 	-0.175953 	0.0732813 	-0.0900052 	-1.54756 	0.0809973 	
6.565	0.380237 	-0.175953 	0.0732661 	-0.0896933 	-1.5475 	0.0806826 	
6.57	0.380229 	-0.175954 	0.0732518 	-0.0895258 	-1.54743 	0.0805118 	
6.575	0.380222 	-0.175955 	0.0732377 	-0.0891944 	-1.54736 	0.0801782 	
6.58	0.380213 	-0.175955 	0.0732223 	-0.0891175 	-1.54729 	0.0800921 	
6.585	0.380205 	-0.175955 	0.0732073 	-0.0888112 	-1.54722 	0.0797836 	
6.59	0.380198 	-0.175956 	0.0731926 	-0.0884237 	-1.54715 	0.0793942 	
6.595	0.38019 	-0.175956 	0.0731783 	-0.0880489 	-1.54708 	0.0790181 	
6.6	0.380183 	-0.175957 	0.0731641 	-0.0876803 	-1.54701 	0.0786481 	
6.605	0.380176 	-0.175957 	0.0731502 	-0.0873206 	-1.54694 	0.0782871 	
6.61	0.380168 	-0.175957 	0.073136 	-0.0877337 	-1.54688 	0.0787127 	
6.615	0.38016 	-0.175958 	0.0731223 	-0.0874507 	-1.54682 	0.0784336 	
6.62	0.38015 	-0.175958 	0.0731061 	-0.0867956 	-1.54678 	0.0777616 	
6.625	0.380138 	-0.175958 	0.0730887 	-0.0861927 	-1.54675 	0.0771381 	
6.63	0.380127 	-0.175958 	0.0730723 	-0.0856956 	-1.54671 	0.0766206 	
6.635	0.380118 	-0.175958 	0.0730563 	-0.0852725 	-1.54665 	0.0761916 	
6.64	0.38011 	-0.17596 	0.0730408 	-0.0848942 	-1.54657 	0.0758087 	
6.645	0.380096 	-0.175961 	0.0730203 	-0.0841835 	-1.54653 	0.0750965 	
6.65	0.380081 	-0.175961 	0.0729995 	-0.083651 	-1.5465 	0.0745668 	
6.655	0.380066 	-0.175963 	0.0729783 	-0.0816281 	-1.54649 	0.0725301 	
6.66	0.380049 	-0.175966 	0.0729552 	-0.0776775 	-1.5465 	0.0685549 	
6.665	0.380037 	-0.175966 	0.0729342 	-0.0762597 	-1.54644 	0.0671346 	
6.67	0.380019 	-0.175971 	0.0729086 	-0.0741385 	-1.5464 	0.0650038 	
6.675	0.380001 	-0.175971 	0.0728855 	-0.0740187 	-1.54639 	0.0648854 	
