0	0.556278 	-0.0521204 	-0.340329 	-0.00155664 	-0.0222476 	-0.00123478 	
0.005	14.8993 	-4.41953 	-6.6183 	-0.136995 	-0.582914 	0.10572 	
0.01	10.7718 	-0.916018 	-4.75276 	-0.0107999 	-0.416223 	0.0715023 	
0.015	9.64685 	-0.846137 	-4.3407 	-0.00998094 	-0.372282 	0.0635577 	
0.02	8.69002 	-0.765047 	-3.98297 	-0.00855877 	-0.334802 	0.0566371 	
0.025	7.86978 	-0.708228 	-3.6822 	-0.0077573 	-0.302775 	0.0508095 	
0.03	7.16894 	-0.660711 	-3.42626 	-0.00710095 	-0.275431 	0.045846 	
0.035	6.57281 	-0.630948 	-3.19926 	-0.00705782 	-0.252049 	0.0414873 	
0.04	6.06153 	-0.599418 	-3.0113 	-0.00670401 	-0.232077 	0.0378614 	
0.045	5.62463 	-0.572034 	-2.85178 	-0.00636865 	-0.215025 	0.0347862 	
0.05	5.25143 	-0.548316 	-2.71632 	-0.00605708 	-0.200472 	0.0321784 	
0.055	4.93598 	-0.520107 	-2.59459 	-0.00558596 	-0.188059 	0.029825 	
0.06	4.66405 	-0.500846 	-2.49478 	-0.00531042 	-0.17745 	0.0278833 	
0.065	4.43157 	-0.484848 	-2.41033 	-0.00508339 	-0.1684 	0.0262362 	
0.07	4.23295 	-0.471516 	-2.33889 	-0.00489401 	-0.160684 	0.0248406 	
0.075	4.06462 	-0.466419 	-2.27318 	-0.00502448 	-0.154064 	0.0235879 	
0.08	3.91965 	-0.458451 	-2.22041 	-0.00494913 	-0.148414 	0.0225768 	
0.085	3.79577 	-0.451348 	-2.17606 	-0.00486091 	-0.143597 	0.0217322 	
0.09	3.69 	-0.44505 	-2.13883 	-0.00476585 	-0.139497 	0.0210284 	
0.095	3.60238 	-0.431585 	-2.103 	-0.00445761 	-0.136019 	0.0203246 	
0.1	3.52552 	-0.424915 	-2.07516 	-0.00433829 	-0.133048 	0.0197683 	
0.105	3.45973 	-0.419642 	-2.05203 	-0.0042463 	-0.130522 	0.0193004 	
0.11	3.40358 	-0.42148 	-2.0306 	-0.00441417 	-0.128334 	0.0188936 	
0.115	3.35541 	-0.419588 	-2.01404 	-0.00440164 	-0.126482 	0.0185799 	
0.12	3.31432 	-0.417765 	-2.00051 	-0.00437235 	-0.124914 	0.0183298 	
0.125	3.27933 	-0.416041 	-1.98955 	-0.00433124 	-0.123591 	0.018133 	
0.13	3.25249 	-0.407423 	-1.97507 	-0.0041203 	-0.122474 	0.0178428 	
0.135	3.22726 	-0.404314 	-1.96584 	-0.00405625 	-0.121518 	0.0176453 	
0.14	3.20555 	-0.402021 	-1.95858 	-0.00400944 	-0.120715 	0.0174833 	
0.145	3.18697 	-0.400345 	-1.95298 	-0.00397371 	-0.120043 	0.0173533 	
0.15	3.17097 	-0.40527 	-1.94723 	-0.00417733 	-0.119442 	0.0172503 	
0.155	3.15736 	-0.405895 	-1.94367 	-0.00419612 	-0.118949 	0.0171927 	
0.16	3.14586 	-0.406167 	-1.94121 	-0.00419152 	-0.118544 	0.0171627 	
0.165	3.13831 	-0.398815 	-1.9356 	-0.00397557 	-0.118225 	0.0170436 	
0.17	3.13022 	-0.396905 	-1.93316 	-0.00392168 	-0.117956 	0.0169808 	
0.175	3.12327 	-0.395598 	-1.93166 	-0.00388208 	-0.117741 	0.0169343 	
0.18	3.11737 	-0.394735 	-1.93096 	-0.00385156 	-0.117575 	0.0169031 	
0.185	3.11269 	-0.398934 	-1.92788 	-0.00403254 	-0.1174 	0.0168509 	
0.19	3.10834 	-0.3998 	-1.92724 	-0.00405448 	-0.117269 	0.0168464 	
0.195	3.10473 	-0.400361 	-1.9273 	-0.00405596 	-0.117173 	0.0168604 	
0.2	3.10319 	-0.394431 	-1.92568 	-0.00386082 	-0.117129 	0.016817 	
0.205	3.1009 	-0.393084 	-1.92582 	-0.00381193 	-0.117099 	0.0168056 	
0.21	3.09899 	-0.392222 	-1.92649 	-0.00377519 	-0.117092 	0.0168035 	
0.215	3.09745 	-0.391712 	-1.9276 	-0.00374614 	-0.117105 	0.0168105 	
0.22	3.09694 	-0.394833 	-1.92484 	-0.00389912 	-0.117077 	0.0167616 	
0.225	3.09579 	-0.395598 	-1.92499 	-0.00392001 	-0.117073 	0.0167679 	
0.23	3.09489 	-0.396148 	-1.92573 	-0.00392381 	-0.117085 	0.0167898 	
0.235	3.09427 	-0.396528 	-1.92694 	-0.00391428 	-0.117114 	0.0168247 	
0.24	3.09538 	-0.389763 	-1.92678 	-0.00368211 	-0.117194 	0.0168014 	
0.245	3.09538 	-0.388211 	-1.92789 	-0.0036244 	-0.117267 	0.0168019 	
0.25	3.09543 	-0.387263 	-1.92936 	-0.00358442 	-0.117349 	0.0168078 	
0.255	3.09562 	-0.391332 	-1.92826 	-0.00375375 	-0.117378 	0.0167858 	
0.26	3.0956 	-0.39226 	-1.9292 	-0.00377469 	-0.11743 	0.0168047 	
0.265	3.09574 	-0.39295 	-1.93058 	-0.00377921 	-0.117493 	0.0168374 	
0.27	3.09604 	-0.393452 	-1.93229 	-0.00377091 	-0.117568 	0.0168811 	
0.275	3.09825 	-0.386491 	-1.93145 	-0.0035453 	-0.117678 	0.0168404 	
0.28	3.09892 	-0.384961 	-1.93245 	-0.00349339 	-0.117777 	0.0168354 	
0.285	3.09953 	-0.384051 	-1.93383 	-0.00345926 	-0.117881 	0.0168365 	
0.29	3.10016 	-0.383588 	-1.93552 	-0.00343663 	-0.117991 	0.0168443 	
0.295	3.10077 	-0.38861 	-1.93493 	-0.00363596 	-0.118048 	0.0168328 	
0.3	3.10125 	-0.389945 	-1.93614 	-0.00366806 	-0.118124 	0.0168605 	
0.305	3.10185 	-0.390912 	-1.93772 	-0.003679 	-0.11821 	0.0169022 	
0.31	3.10396 	-0.383966 	-1.93812 	-0.00343695 	-0.118346 	0.0168864 	
0.315	3.10494 	-0.382576 	-1.93956 	-0.00338425 	-0.118469 	0.0168928 	
0.32	3.10587 	-0.381761 	-1.94128 	-0.00334852 	-0.118594 	0.0169038 	
0.325	3.10681 	-0.38136 	-1.94322 	-0.0033239 	-0.118722 	0.0169201 	
0.33	3.10779 	-0.38125 	-1.94533 	-0.00330616 	-0.118854 	0.016942 	
0.335	3.1094 	-0.384821 	-1.94277 	-0.00348762 	-0.118922 	0.0168877 	
0.34	3.11012 	-0.385893 	-1.94331 	-0.00352296 	-0.119004 	0.0168982 	
0.345	3.11088 	-0.386698 	-1.94435 	-0.00353872 	-0.119092 	0.0169244 	
0.35	3.11259 	-0.380221 	-1.94724 	-0.00327947 	-0.119267 	0.016957 	
0.355	3.11387 	-0.378924 	-1.94946 	-0.00322048 	-0.119419 	0.0169792 	
0.36	3.1151 	-0.378187 	-1.95176 	-0.00317986 	-0.119569 	0.0170024 	
0.365	3.11633 	-0.377851 	-1.95413 	-0.00315166 	-0.119721 	0.017028 	
0.37	3.11824 	-0.38056 	-1.95107 	-0.0033129 	-0.119796 	0.0169553 	
0.375	3.11908 	-0.381368 	-1.95145 	-0.00334428 	-0.119887 	0.0169559 	
0.38	3.11996 	-0.382023 	-1.95236 	-0.00336019 	-0.119985 	0.016972 	
0.385	3.12151 	-0.376682 	-1.95601 	-0.00313201 	-0.120172 	0.0170177 	
0.39	3.12292 	-0.37567 	-1.95847 	-0.00308001 	-0.120335 	0.0170441 	
0.395	3.12428 	-0.375141 	-1.96093 	-0.00304417 	-0.120496 	0.0170712 	
0.4	3.12564 	-0.374956 	-1.9634 	-0.00301914 	-0.120658 	0.0171003 	
0.405	3.12701 	-0.375007 	-1.96587 	-0.00300096 	-0.12082 	0.0171321 	
0.41	3.12988 	-0.375663 	-1.96117 	-0.00312045 	-0.120905 	0.0170131 	
0.415	3.13087 	-0.376064 	-1.96088 	-0.00315187 	-0.120999 	0.0169913 	
0.42	3.13181 	-0.376471 	-1.96122 	-0.00317186 	-0.121098 	0.0169867 	
0.425	3.13302 	-0.372361 	-1.9675 	-0.00295008 	-0.121321 	0.017088 	
0.43	3.13466 	-0.371637 	-1.97077 	-0.0028977 	-0.12151 	0.0171314 	
0.435	3.13624 	-0.371326 	-1.9738 	-0.00286135 	-0.121693 	0.0171714 	
0.44	3.13777 	-0.371304 	-1.97665 	-0.00283585 	-0.121873 	0.0172101 	
0.445	3.14079 	-0.370977 	-1.97159 	-0.00292938 	-0.121964 	0.0170709 	
0.45	3.14183 	-0.371126 	-1.9712 	-0.00295629 	-0.122068 	0.0170395 	
0.455	3.14282 	-0.371389 	-1.97146 	-0.00297599 	-0.122176 	0.0170254 	
0.46	3.14395 	-0.36834 	-1.97803 	-0.00278934 	-0.122406 	0.0171297 	
0.465	3.14565 	-0.367889 	-1.98134 	-0.00274625 	-0.122601 	0.0171728 	
0.47	3.14728 	-0.367781 	-1.98439 	-0.00271687 	-0.122791 	0.0172127 	
0.475	3.14887 	-0.367907 	-1.98723 	-0.00269658 	-0.122978 	0.0172516 	
0.48	3.15197 	-0.366219 	-1.98241 	-0.00274175 	-0.123083 	0.017103 	
0.485	3.15311 	-0.366076 	-1.98208 	-0.00276152 	-0.123199 	0.0170646 	
0.49	3.15421 	-0.366165 	-1.98234 	-0.00277891 	-0.123321 	0.0170434 	
0.495	3.15532 	-0.364171 	-1.98906 	-0.00262949 	-0.123556 	0.017149 	
0.5	3.1571 	-0.363981 	-1.99241 	-0.00259587 	-0.123759 	0.0171917 	
0.505	3.15879 	-0.364066 	-1.99547 	-0.00257364 	-0.123956 	0.0172316 	
0.51	3.16045 	-0.364336 	-1.99829 	-0.00255873 	-0.124149 	0.0172708 	
0.515	3.16364 	-0.361335 	-1.99384 	-0.00255652 	-0.12427 	0.0171134 	
0.52	3.1649 	-0.36091 	-1.9936 	-0.00256921 	-0.124401 	0.0170687 	
0.525	3.1661 	-0.360831 	-1.99391 	-0.00258421 	-0.124536 	0.0170409 	
0.53	3.16732 	-0.360988 	-1.99469 	-0.00259876 	-0.124676 	0.017028 	
0.535	3.16898 	-0.358954 	-2.00339 	-0.00242616 	-0.124965 	0.0171682 	
0.54	3.17114 	-0.358818 	-2.00759 	-0.00238597 	-0.125202 	0.017225 	
0.545	3.1731 	-0.35897 	-2.01121 	-0.00236051 	-0.125425 	0.0172737 	
0.55	3.17605 	-0.356989 	-2.00656 	-0.00239712 	-0.125547 	0.017116 	
0.555	3.17728 	-0.356823 	-2.00643 	-0.00241694 	-0.125687 	0.0170748 	
0.56	3.17851 	-0.356936 	-2.00682 	-0.00243681 	-0.12583 	0.0170503 	
0.565	3.17979 	-0.357233 	-2.00764 	-0.00245469 	-0.125977 	0.0170404 	
0.57	3.18168 	-0.353827 	-2.01564 	-0.00225421 	-0.126277 	0.0171391 	
0.575	3.18386 	-0.353398 	-2.01953 	-0.00221347 	-0.12652 	0.0171776 	
0.58	3.18584 	-0.353372 	-2.0229 	-0.00219031 	-0.126749 	0.0172105 	
0.585	3.1877 	-0.353622 	-2.02587 	-0.00217889 	-0.126968 	0.0172408 	
0.59	3.19102 	-0.351608 	-2.02037 	-0.00223189 	-0.127088 	0.0170589 	
0.595	3.1923 	-0.351475 	-2.01969 	-0.00226282 	-0.127223 	0.0170029 	
0.6	3.19355 	-0.351627 	-2.01964 	-0.0022922 	-0.127362 	0.0169662 	
0.605	3.19501 	-0.349331 	-2.0284 	-0.00211625 	-0.12766 	0.0170846 	
0.61	3.19716 	-0.34919 	-2.03231 	-0.00208487 	-0.127903 	0.0171233 	
0.615	3.19912 	-0.349374 	-2.03566 	-0.00206857 	-0.128133 	0.0171568 	
0.62	3.20096 	-0.349778 	-2.0386 	-0.00206213 	-0.128353 	0.0171879 	
0.625	3.20426 	-0.346228 	-2.03382 	-0.00205776 	-0.128491 	0.0169939 	
0.63	3.20562 	-0.345758 	-2.03335 	-0.00207883 	-0.12864 	0.0169309 	
0.635	3.20694 	-0.345702 	-2.03344 	-0.00210395 	-0.128792 	0.0168869 	
0.64	3.20832 	-0.344628 	-2.04175 	-0.00197684 	-0.129083 	0.0170012 	
0.645	3.21044 	-0.344781 	-2.04551 	-0.0019578 	-0.129326 	0.0170373 	
0.65	3.21239 	-0.345183 	-2.04874 	-0.00195067 	-0.129556 	0.0170693 	
0.655	3.21424 	-0.345745 	-2.05157 	-0.00195099 	-0.129777 	0.0170999 	
0.66	3.21756 	-0.34073 	-2.04768 	-0.00189067 	-0.129936 	0.016895 	
0.665	3.21904 	-0.339943 	-2.04748 	-0.00190259 	-0.130101 	0.0168254 	
0.67	3.22047 	-0.339695 	-2.04773 	-0.00192386 	-0.130268 	0.0167746 	
0.675	3.2219 	-0.339822 	-2.04837 	-0.00194954 	-0.130437 	0.0167406 	
0.68	3.22385 	-0.339032 	-2.05883 	-0.00180829 	-0.13078 	0.0168923 	
0.685	3.22633 	-0.339363 	-2.06349 	-0.00178557 	-0.131053 	0.0169446 	
0.69	3.2285 	-0.339914 	-2.06731 	-0.00177696 	-0.131307 	0.0169874 	
0.695	3.23163 	-0.33606 	-2.06274 	-0.00176426 	-0.13146 	0.0167819 	
0.7	3.23303 	-0.335597 	-2.0625 	-0.00178623 	-0.131628 	0.0167162 	
0.705	3.23442 	-0.335582 	-2.06271 	-0.00181423 	-0.131798 	0.0166692 	
0.71	3.23583 	-0.335875 	-2.0633 	-0.00184431 	-0.131969 	0.0166386 	
0.715	3.23796 	-0.333283 	-2.07341 	-0.00166154 	-0.132327 	0.0167396 	
0.72	3.24044 	-0.333206 	-2.07787 	-0.00163535 	-0.132607 	0.0167703 	
0.725	3.24259 	-0.333497 	-2.08149 	-0.0016272 	-0.132866 	0.0167946 	
0.73	3.24537 	-0.331146 	-2.0774 	-0.00165396 	-0.13302 	0.0166184 	
0.735	3.24675 	-0.331033 	-2.07729 	-0.0016846 	-0.133192 	0.0165603 	
0.74	3.24816 	-0.331273 	-2.0776 	-0.00171825 	-0.133365 	0.0165199 	
0.745	3.24985 	-0.32877 	-2.08488 	-0.00157884 	-0.13367 	0.0165568 	
0.75	3.25198 	-0.328703 	-2.08818 	-0.00156908 	-0.133923 	0.0165608 	
0.755	3.25392 	-0.329004 	-2.09099 	-0.00157351 	-0.134162 	0.016566 	
0.76	3.25576 	-0.329555 	-2.09343 	-0.00158678 	-0.13439 	0.0165738 	
0.765	3.25754 	-0.330264 	-2.09562 	-0.00160495 	-0.134611 	0.016585 	
0.77	3.26077 	-0.323607 	-2.09369 	-0.00147937 	-0.134811 	0.0163565 	
0.775	3.26247 	-0.322499 	-2.09393 	-0.00148559 	-0.135004 	0.0162705 	
0.78	3.26408 	-0.322086 	-2.09444 	-0.00150779 	-0.135197 	0.0162048 	
0.785	3.26566 	-0.322167 	-2.09519 	-0.00153915 	-0.135388 	0.0161566 	
0.79	3.26751 	-0.322711 	-2.10528 	-0.00145612 	-0.135732 	0.0162934 	
0.795	3.26995 	-0.323478 	-2.10974 	-0.00145554 	-0.136011 	0.0163349 	
0.8	3.27207 	-0.324378 	-2.11332 	-0.00146543 	-0.136268 	0.0163692 	
0.805	3.27524 	-0.318796 	-2.10998 	-0.00139298 	-0.136455 	0.016132 	
0.81	3.2768 	-0.31804 	-2.11001 	-0.00141137 	-0.136646 	0.0160502 	
0.815	3.2783 	-0.317877 	-2.11035 	-0.00144165 	-0.136836 	0.0159884 	
0.82	3.27981 	-0.318131 	-2.11096 	-0.00147817 	-0.137025 	0.015944 	
0.825	3.28182 	-0.316538 	-2.12107 	-0.00134202 	-0.137389 	0.0160237 	
0.83	3.28425 	-0.316802 	-2.12542 	-0.00133515 	-0.137676 	0.0160416 	
0.835	3.28633 	-0.317372 	-2.12887 	-0.00134366 	-0.13794 	0.0160557 	
0.84	3.28915 	-0.313626 	-2.12562 	-0.00132375 	-0.13812 	0.0158529 	
0.845	3.29062 	-0.313287 	-2.12565 	-0.0013535 	-0.13831 	0.0157798 	
0.85	3.29209 	-0.313424 	-2.12599 	-0.0013911 	-0.138499 	0.0157256 	
0.855	3.29358 	-0.313889 	-2.1266 	-0.00143207 	-0.138687 	0.0156879 	
0.86	3.29581 	-0.310258 	-2.13681 	-0.00124511 	-0.139068 	0.0157097 	
0.865	3.29826 	-0.310054 	-2.14111 	-0.00123186 	-0.139361 	0.0157052 	
0.87	3.30033 	-0.310319 	-2.14448 	-0.00123871 	-0.13963 	0.0157005 	
0.875	3.30218 	-0.310906 	-2.1472 	-0.00125861 	-0.13988 	0.0156975 	
0.88	3.30523 	-0.307038 	-2.14288 	-0.00125199 	-0.140045 	0.0154673 	
0.885	3.30665 	-0.306679 	-2.14229 	-0.00129088 	-0.140222 	0.0153792 	
0.89	3.30805 	-0.306815 	-2.14213 	-0.00133643 	-0.140399 	0.0153132 	
0.895	3.30964 	-0.304873 	-2.15212 	-0.00120063 	-0.140756 	0.0153605 	
0.9	3.31187 	-0.305052 	-2.15612 	-0.00120151 	-0.141036 	0.015358 	
0.905	3.3138 	-0.305592 	-2.15927 	-0.00121813 	-0.141294 	0.015356 	
0.91	3.31555 	-0.306374 	-2.16182 	-0.00124454 	-0.141536 	0.0153561 	
0.915	3.31859 	-0.300579 	-2.15898 	-0.00116853 	-0.141725 	0.0150949 	
0.92	3.32009 	-0.299785 	-2.15883 	-0.00119485 	-0.141917 	0.0149947 	
0.925	3.32154 	-0.299638 	-2.15896 	-0.00123428 	-0.142106 	0.0149177 	
0.93	3.32288 	-0.299303 	-2.16759 	-0.00116375 	-0.142435 	0.014972 	
0.935	3.32493 	-0.299845 	-2.17116 	-0.00118014 	-0.142703 	0.0149698 	
0.94	3.32674 	-0.300648 	-2.174 	-0.00120763 	-0.142951 	0.0149692 	
0.945	3.32842 	-0.301615 	-2.17633 	-0.00124142 	-0.143186 	0.0149714 	
0.95	3.3315 	-0.294044 	-2.17504 	-0.00110128 	-0.143401 	0.0146796 	
0.955	3.33313 	-0.29285 	-2.17534 	-0.00111638 	-0.143607 	0.0145677 	
0.96	3.33464 	-0.292444 	-2.17575 	-0.00115041 	-0.143809 	0.0144803 	
0.965	3.3361 	-0.2926 	-2.17631 	-0.00119563 	-0.144008 	0.0144136 	
0.97	3.33765 	-0.292936 	-2.18649 	-0.00113098 	-0.144365 	0.0144998 	
0.975	3.33982 	-0.293784 	-2.1907 	-0.00114996 	-0.144647 	0.0145129 	
0.98	3.34167 	-0.294811 	-2.19396 	-0.00117944 	-0.144906 	0.0145238 	
0.985	3.34461 	-0.288732 	-2.19133 	-0.00109694 	-0.145102 	0.0142475 	
0.99	3.34606 	-0.28796 	-2.19136 	-0.00112494 	-0.1453 	0.0141451 	
0.995	3.34745 	-0.287851 	-2.19158 	-0.00116701 	-0.145495 	0.0140661 	
1	3.34883 	-0.288208 	-2.19198 	-0.00121678 	-0.145688 	0.0140068 	
1.005	3.35051 	-0.286132 	-2.20248 	-0.00109188 	-0.146062 	0.0140215 	
1.01	3.35266 	-0.286393 	-2.20668 	-0.00110183 	-0.14635 	0.0140082 	
1.015	3.35446 	-0.287023 	-2.20987 	-0.00112768 	-0.146612 	0.0139973 	
1.02	3.35604 	-0.2879 	-2.21235 	-0.00116332 	-0.146855 	0.0139899 	
1.025	3.35927 	-0.281339 	-2.20862 	-0.00108276 	-0.147031 	0.0136769 	
1.03	3.36067 	-0.280392 	-2.20799 	-0.00111547 	-0.147213 	0.0135557 	
1.035	3.36198 	-0.28017 	-2.20768 	-0.00116277 	-0.147394 	0.0134614 	
1.04	3.36295 	-0.280174 	-2.21757 	-0.00110232 	-0.147737 	0.0135156 	
1.045	3.36483 	-0.280845 	-2.22135 	-0.00112755 	-0.148008 	0.0135069 	
1.05	3.36644 	-0.281769 	-2.22424 	-0.00116376 	-0.148256 	0.0135007 	
1.055	3.36897 	-0.276478 	-2.22253 	-0.00109536 	-0.148456 	0.013246 	
1.06	3.37031 	-0.275923 	-2.22278 	-0.00112883 	-0.148655 	0.0131481 	
1.065	3.37159 	-0.275982 	-2.22313 	-0.0011752 	-0.148849 	0.0130729 	
1.07	3.37288 	-0.27647 	-2.2236 	-0.00122848 	-0.149039 	0.0130168 	
1.075	3.37439 	-0.273241 	-2.23287 	-0.00109771 	-0.14939 	0.0129609 	
1.08	3.3763 	-0.273232 	-2.23655 	-0.00111201 	-0.149664 	0.0129221 	
1.085	3.37789 	-0.273687 	-2.23933 	-0.00114308 	-0.149914 	0.0128917 	
1.09	3.37931 	-0.274461 	-2.24149 	-0.00118448 	-0.150147 	0.0128692 	
1.095	3.38201 	-0.269031 	-2.23894 	-0.00112322 	-0.150329 	0.0125932 	
1.1	3.38331 	-0.268392 	-2.23868 	-0.00116124 	-0.150513 	0.0124833 	
1.105	3.38456 	-0.268398 	-2.23863 	-0.00121182 	-0.150694 	0.0123988 	
1.11	3.3858 	-0.268855 	-2.2388 	-0.00126893 	-0.150874 	0.0123354 	
1.115	3.38726 	-0.266006 	-2.25081 	-0.00112528 	-0.151264 	0.0123161 	
1.12	3.38927 	-0.266124 	-2.25536 	-0.00113671 	-0.151554 	0.0122883 	
1.125	3.39085 	-0.266677 	-2.2587 	-0.00116611 	-0.151814 	0.0122657 	
1.13	3.39347 	-0.263162 	-2.25447 	-0.00117369 	-0.151969 	0.0120208 	
1.135	3.39455 	-0.262972 	-2.25387 	-0.00122449 	-0.152141 	0.0119233 	
1.14	3.39564 	-0.26329 	-2.25358 	-0.00128278 	-0.152311 	0.0118493 	
1.145	3.39651 	-0.260417 	-2.26206 	-0.00117488 	-0.152629 	0.0117805 	
1.15	3.39808 	-0.260459 	-2.2652 	-0.00119803 	-0.15288 	0.0117319 	
1.155	3.39941 	-0.260957 	-2.26757 	-0.00123593 	-0.153112 	0.0116948 	
1.16	3.40062 	-0.261768 	-2.26942 	-0.00128263 	-0.153328 	0.0116678 	
1.165	3.40297 	-0.255928 	-2.26831 	-0.00119964 	-0.153519 	0.0113851 	
1.17	3.4042 	-0.255206 	-2.26845 	-0.0012341 	-0.153705 	0.0112727 	
1.175	3.40535 	-0.255163 	-2.26867 	-0.00128295 	-0.153887 	0.0111863 	
1.18	3.40649 	-0.255598 	-2.269 	-0.00133974 	-0.154065 	0.0111213 	
1.185	3.40749 	-0.253053 	-2.27852 	-0.00123565 	-0.154401 	0.0110675 	
1.19	3.4091 	-0.253232 	-2.28218 	-0.00125891 	-0.154661 	0.0110278 	
1.195	3.41043 	-0.25383 	-2.2849 	-0.00129683 	-0.154896 	0.0109975 	
1.2	3.41159 	-0.254714 	-2.28696 	-0.00134352 	-0.155115 	0.0109759 	
1.205	3.41447 	-0.248181 	-2.28386 	-0.001265 	-0.155276 	0.010642 	
1.21	3.41564 	-0.247268 	-2.28327 	-0.00130257 	-0.155443 	0.010513 	
1.215	3.41672 	-0.247091 	-2.28293 	-0.00135472 	-0.155609 	0.0104135 	
1.22	3.41704 	-0.246766 	-2.29167 	-0.00131501 	-0.155911 	0.0104172 	
1.225	3.41839 	-0.247374 	-2.29488 	-0.00135181 	-0.156151 	0.0103883 	
1.23	3.41953 	-0.248275 	-2.29729 	-0.00139821 	-0.156372 	0.0103677 	
1.235	3.42174 	-0.242998 	-2.29589 	-0.00133512 	-0.156551 	0.0100914 	
1.24	3.4228 	-0.242456 	-2.29604 	-0.00137397 	-0.156728 	0.00998503 	
1.245	3.4238 	-0.242538 	-2.29626 	-0.00142536 	-0.156902 	0.00990399 	
1.25	3.4248 	-0.243058 	-2.29657 	-0.00148346 	-0.157071 	0.00984384 	
1.255	3.42559 	-0.239513 	-2.30474 	-0.00137474 	-0.157374 	0.00972943 	
1.26	3.42693 	-0.239421 	-2.30786 	-0.00139948 	-0.157612 	0.00966982 	
1.265	3.42804 	-0.239828 	-2.31017 	-0.0014393 	-0.15783 	0.00962483 	
1.27	3.42903 	-0.24058 	-2.31193 	-0.00148816 	-0.158033 	0.00959229 	
1.275	3.43139 	-0.235288 	-2.30965 	-0.00143348 	-0.158191 	0.00930211 	
1.28	3.43243 	-0.234685 	-2.30932 	-0.00147519 	-0.158352 	0.00918807 	
1.285	3.43339 	-0.234721 	-2.30918 	-0.00152879 	-0.158511 	0.0091013 	
1.29	3.43434 	-0.235206 	-2.30923 	-0.00158852 	-0.158667 	0.00903695 	
1.295	3.43486 	-0.232024 	-2.31958 	-0.00147241 	-0.158994 	0.00895405 	
1.3	3.4362 	-0.232033 	-2.32338 	-0.00149442 	-0.15924 	0.00890478 	
1.305	3.43723 	-0.23251 	-2.32615 	-0.00153194 	-0.159462 	0.00886784 	
1.31	3.4381 	-0.233311 	-2.3282 	-0.00157891 	-0.159665 	0.00884157 	
1.315	3.44119 	-0.22764 	-2.32339 	-0.00153907 	-0.159788 	0.0085075 	
1.32	3.44217 	-0.226915 	-2.32218 	-0.0015849 	-0.159924 	0.00838033 	
1.325	3.44305 	-0.226857 	-2.32136 	-0.00164184 	-0.160061 	0.0082832 	
1.33	3.44276 	-0.225816 	-2.33099 	-0.00158316 	-0.160352 	0.00826592 	
1.335	3.44379 	-0.22625 	-2.33431 	-0.0016169 	-0.160576 	0.00823054 	
1.34	3.44461 	-0.227022 	-2.33677 	-0.00166123 	-0.160779 	0.00820552 	
1.345	3.4468 	-0.222374 	-2.33399 	-0.00162741 	-0.160918 	0.00792699 	
1.35	3.4476 	-0.221938 	-2.33365 	-0.00167142 	-0.161066 	0.00782131 	
1.355	3.44835 	-0.222082 	-2.3335 	-0.00172545 	-0.161212 	0.00774185 	
1.36	3.4491 	-0.222631 	-2.33354 	-0.00178437 	-0.161356 	0.00768386 	
1.365	3.44934 	-0.218688 	-2.34197 	-0.00167095 	-0.161634 	0.0075474 	
1.37	3.45033 	-0.218467 	-2.34505 	-0.00169416 	-0.16185 	0.00748198 	
1.375	3.45111 	-0.218771 	-2.34731 	-0.00173243 	-0.162047 	0.00743351 	
1.38	3.45179 	-0.219442 	-2.34902 	-0.00177986 	-0.16223 	0.0073991 	
1.385	3.45429 	-0.214939 	-2.34525 	-0.00175773 	-0.162349 	0.00711396 	
1.39	3.45512 	-0.214492 	-2.34439 	-0.00180473 	-0.162479 	0.00700431 	
1.395	3.45588 	-0.214619 	-2.34386 	-0.00186041 	-0.162609 	0.00692207 	
1.4	3.45662 	-0.215144 	-2.34364 	-0.00191998 	-0.162738 	0.00686227 	
1.405	3.4565 	-0.211384 	-2.35456 	-0.00179212 	-0.163043 	0.00675656 	
1.41	3.45747 	-0.21121 	-2.35845 	-0.00181013 	-0.163267 	0.00670176 	
1.415	3.45815 	-0.211542 	-2.36125 	-0.00184411 	-0.163468 	0.00666161 	
1.42	3.46071 	-0.209103 	-2.35597 	-0.00188378 	-0.163564 	0.00643256 	
1.425	3.46136 	-0.209109 	-2.35487 	-0.00193979 	-0.163681 	0.00634252 	
1.43	3.46198 	-0.209542 	-2.35419 	-0.00199972 	-0.163798 	0.00627657 	
1.435	3.46159 	-0.206161 	-2.36146 	-0.00190797 	-0.164031 	0.00615047 	
1.44	3.46225 	-0.206026 	-2.36395 	-0.00193494 	-0.164216 	0.00608761 	
1.445	3.46279 	-0.206373 	-2.36583 	-0.00197434 	-0.164387 	0.00604233 	
1.45	3.46328 	-0.207055 	-2.36729 	-0.00202102 	-0.164547 	0.00601146 	
1.455	3.46376 	-0.207961 	-2.36848 	-0.00207118 	-0.164699 	0.00599247 	
1.46	3.46645 	-0.200534 	-2.3657 	-0.00197222 	-0.164811 	0.0056056 	
1.465	3.46729 	-0.199313 	-2.36503 	-0.00200142 	-0.16493 	0.00546545 	
1.47	3.46797 	-0.19888 	-2.36457 	-0.00204601 	-0.165049 	0.00535906 	
1.475	3.46858 	-0.199011 	-2.36437 	-0.00209935 	-0.165168 	0.00528013 	
1.48	3.46772 	-0.199356 	-2.3737 	-0.00207716 	-0.165418 	0.00531583 	
1.485	3.46829 	-0.200178 	-2.37712 	-0.00211374 	-0.165609 	0.00530804 	
1.49	3.46872 	-0.201191 	-2.37967 	-0.00215656 	-0.165782 	0.00530652 	
1.495	3.47159 	-0.19532 	-2.37503 	-0.00210816 	-0.165873 	0.0049591 	
1.5	3.47225 	-0.19454 	-2.37407 	-0.00214543 	-0.16598 	0.00484014 	
1.505	3.47281 	-0.194401 	-2.37344 	-0.00219331 	-0.166088 	0.00475115 	
1.51	3.47331 	-0.194716 	-2.37313 	-0.00224659 	-0.166197 	0.00468658 	
1.515	3.47243 	-0.192935 	-2.38175 	-0.00218263 	-0.16643 	0.00463516 	
1.52	3.47287 	-0.193184 	-2.38486 	-0.00221003 	-0.166609 	0.00460094 	
1.525	3.47319 	-0.193782 	-2.38718 	-0.00224707 	-0.166771 	0.00457894 	
1.53	3.47572 	-0.19009 	-2.38255 	-0.00224675 	-0.166854 	0.0043144 	
1.535	3.47628 	-0.189781 	-2.38162 	-0.00229065 	-0.166953 	0.00421991 	
1.54	3.47676 	-0.18996 	-2.38107 	-0.00234067 	-0.167052 	0.00415107 	
1.545	3.4772 	-0.190478 	-2.38085 	-0.002393 	-0.167153 	0.00410315 	
1.55	3.47643 	-0.186837 	-2.38868 	-0.00229342 	-0.167366 	0.00397305 	
1.555	3.4768 	-0.186595 	-2.39152 	-0.00231233 	-0.167532 	0.00391662 	
1.56	3.47704 	-0.186832 	-2.39366 	-0.00234379 	-0.167684 	0.0038775 	
1.565	3.47724 	-0.187406 	-2.39532 	-0.00238286 	-0.167826 	0.00385243 	
1.57	3.48046 	-0.18397 	-2.38951 	-0.00239677 	-0.167891 	0.00358541 	
1.575	3.48115 	-0.183693 	-2.38803 	-0.00244303 	-0.167971 	0.00349044 	
1.58	3.48168 	-0.183873 	-2.38708 	-0.00249354 	-0.168053 	0.00342153 	
1.585	3.48213 	-0.184371 	-2.3866 	-0.00254499 	-0.168136 	0.00337393 	
1.59	3.48076 	-0.180881 	-2.39721 	-0.00242675 	-0.168373 	0.00328169 	
1.595	3.48101 	-0.180667 	-2.40094 	-0.00243808 	-0.168546 	0.00323885 	
1.6	3.48109 	-0.180912 	-2.4037 	-0.00246307 	-0.1687 	0.00321042 	
1.605	3.48437 	-0.179336 	-2.39672 	-0.00252704 	-0.168747 	0.00300228 	
1.61	3.48488 	-0.179457 	-2.39514 	-0.00257872 	-0.168816 	0.00292838 	
1.615	3.48527 	-0.179901 	-2.39415 	-0.00263068 	-0.168887 	0.00287689 	
1.62	3.48559 	-0.180562 	-2.39365 	-0.00268088 	-0.16896 	0.00284373 	
1.625	3.48422 	-0.175627 	-2.40289 	-0.00253949 	-0.169166 	0.00268362 	
1.63	3.48431 	-0.175017 	-2.40611 	-0.00254476 	-0.169319 	0.00262208 	
1.635	3.48427 	-0.174968 	-2.40852 	-0.00256542 	-0.169458 	0.00257946 	
1.64	3.48717 	-0.174992 	-2.40211 	-0.00265836 	-0.169502 	0.00244155 	
1.645	3.48758 	-0.175458 	-2.40073 	-0.00271249 	-0.169565 	0.00238924 	
1.65	3.48789 	-0.176128 	-2.39993 	-0.00276383 	-0.16963 	0.00235564 	
1.655	3.48814 	-0.176928 	-2.3996 	-0.00281137 	-0.169698 	0.00233728 	
1.66	3.48694 	-0.170834 	-2.40744 	-0.00265312 	-0.169874 	0.00212006 	
1.665	3.48696 	-0.169902 	-2.41023 	-0.00265299 	-0.17001 	0.002044 	
1.67	3.48686 	-0.169608 	-2.41235 	-0.00266956 	-0.170135 	0.00199045 	
1.675	3.48673 	-0.169775 	-2.41402 	-0.00269701 	-0.170253 	0.00195487 	
1.68	3.49062 	-0.170743 	-2.40645 	-0.00282086 	-0.170288 	0.0018394 	
1.685	3.49129 	-0.1715 	-2.40454 	-0.00288159 	-0.170334 	0.00179923 	
1.69	3.49172 	-0.17234 	-2.40335 	-0.00293488 	-0.170381 	0.001776 	
1.695	3.48973 	-0.167479 	-2.41134 	-0.00279455 	-0.170537 	0.00162398 	
1.7	3.48955 	-0.166876 	-2.41398 	-0.0027965 	-0.170655 	0.00157028 	
1.705	3.48931 	-0.166793 	-2.41606 	-0.00281201 	-0.170766 	0.00153483 	
1.71	3.48907 	-0.167081 	-2.41774 	-0.00283625 	-0.170871 	0.001514 	
1.715	3.493 	-0.166571 	-2.41053 	-0.00292162 	-0.170903 	0.00134802 	
1.72	3.49363 	-0.166918 	-2.40877 	-0.00297096 	-0.170944 	0.00129503 	
1.725	3.49399 	-0.167453 	-2.40768 	-0.00301629 	-0.170986 	0.00126148 	
1.73	3.49187 	-0.164276 	-2.41475 	-0.00291615 	-0.171117 	0.0011736 	
1.735	3.49156 	-0.164027 	-2.41716 	-0.00292259 	-0.17122 	0.00114002 	
1.74	3.49123 	-0.164175 	-2.41913 	-0.00293906 	-0.171318 	0.00112092 	
1.745	3.49093 	-0.164604 	-2.42079 	-0.00296176 	-0.171412 	0.00111347 	
1.75	3.49496 	-0.162887 	-2.4139 	-0.00301601 	-0.171441 	0.000905339 	
1.755	3.49559 	-0.162908 	-2.41226 	-0.00305621 	-0.171477 	0.000842139 	
1.76	3.49592 	-0.163198 	-2.41126 	-0.00309495 	-0.171514 	0.000800451 	
1.765	3.49608 	-0.163673 	-2.41081 	-0.00313104 	-0.171553 	0.00077636 	
1.77	3.49374 	-0.160673 	-2.4193 	-0.00302231 	-0.171697 	0.000715941 	
1.775	3.49329 	-0.160438 	-2.42243 	-0.00302127 	-0.171804 	0.000695509 	
1.78	3.49281 	-0.160582 	-2.4249 	-0.00303127 	-0.171904 	0.000686744 	
1.785	3.49679 	-0.160315 	-2.41754 	-0.00311934 	-0.171922 	0.000532092 	
1.79	3.49726 	-0.160634 	-2.41599 	-0.00316132 	-0.171952 	0.000488273 	
1.795	3.49746 	-0.161116 	-2.4151 	-0.00319908 	-0.171983 	0.000462628 	
1.8	3.4975 	-0.161706 	-2.41475 	-0.0032324 	-0.172016 	0.000451789 	
1.805	3.49744 	-0.162364 	-2.41485 	-0.00326133 	-0.172052 	0.000452919 	
1.81	3.49551 	-0.156974 	-2.42223 	-0.00310924 	-0.172177 	0.000283589 	
1.815	3.495 	-0.156074 	-2.42509 	-0.0030958 	-0.172273 	0.000233662 	
1.82	3.49444 	-0.15573 	-2.42738 	-0.00309752 	-0.172363 	0.000201969 	
1.825	3.49851 	-0.158356 	-2.4199 	-0.00324903 	-0.172376 	0.000161388 	
1.83	3.49898 	-0.159315 	-2.41837 	-0.00329961 	-0.172398 	0.000151963 	
1.835	3.49916 	-0.16022 	-2.41754 	-0.00333967 	-0.172419 	0.000154818 	
1.84	3.49916 	-0.161074 	-2.41727 	-0.00337101 	-0.172443 	0.00016758 	
1.845	3.49723 	-0.155122 	-2.4233 	-0.00321101 	-0.172536 	-2.97625e-05 	
1.85	3.49663 	-0.154077 	-2.42561 	-0.00319429 	-0.172612 	-8.45805e-05 	
1.855	3.49602 	-0.153604 	-2.42753 	-0.00319244 	-0.172685 	-0.000119628 	
1.86	3.49945 	-0.156913 	-2.42121 	-0.00334515 	-0.172695 	-0.000112634 	
1.865	3.49978 	-0.158002 	-2.42007 	-0.00339157 	-0.172713 	-0.000105716 	
1.87	3.49984 	-0.158979 	-2.41956 	-0.00342668 	-0.172732 	-8.93238e-05 	
1.875	3.49974 	-0.159862 	-2.41957 	-0.0034527 	-0.172753 	-6.53907e-05 	
1.88	3.49839 	-0.153836 	-2.42356 	-0.00330347 	-0.172818 	-0.000283836 	
1.885	3.49782 	-0.152731 	-2.42528 	-0.00328597 	-0.172874 	-0.000341101 	
1.89	3.49723 	-0.15219 	-2.42683 	-0.00328218 	-0.172932 	-0.000377628 	
1.895	3.50004 	-0.155981 	-2.42178 	-0.00343089 	-0.172941 	-0.000329412 	
1.9	3.50025 	-0.157161 	-2.42105 	-0.00347253 	-0.172957 	-0.000307953 	
1.905	3.50021 	-0.158183 	-2.42089 	-0.00350241 	-0.172973 	-0.000279563 	
1.91	3.50003 	-0.159079 	-2.42118 	-0.00352308 	-0.172993 	-0.000245763 	
1.915	3.49974 	-0.159874 	-2.42182 	-0.00353656 	-0.173015 	-0.000207799 	
1.92	3.49961 	-0.152207 	-2.42357 	-0.00337 	-0.173055 	-0.00052219 	
1.925	3.4992 	-0.15056 	-2.4247 	-0.00334472 	-0.173095 	-0.000607893 	
1.93	3.49867 	-0.149611 	-2.42582 	-0.00333576 	-0.173138 	-0.00066673 	
1.935	3.50079 	-0.155971 	-2.42212 	-0.00352624 	-0.173142 	-0.000494666 	
1.94	3.50086 	-0.157732 	-2.42184 	-0.00357182 	-0.173153 	-0.000435968 	
1.945	3.50071 	-0.15914 	-2.42204 	-0.00360103 	-0.173166 	-0.000376969 	
1.95	3.50042 	-0.160278 	-2.42264 	-0.00361796 	-0.173181 	-0.000318087 	
1.955	3.50083 	-0.152474 	-2.42305 	-0.00345438 	-0.173205 	-0.000645425 	
1.96	3.50048 	-0.150843 	-2.42373 	-0.00342813 	-0.173231 	-0.00072725 	
1.965	3.49996 	-0.149875 	-2.42454 	-0.00341668 	-0.173261 	-0.000782724 	
1.97	3.50146 	-0.156226 	-2.42194 	-0.00359266 	-0.173262 	-0.000588319 	
1.975	3.50135 	-0.157949 	-2.42198 	-0.00363097 	-0.173269 	-0.000520424 	
1.98	3.50106 	-0.15931 	-2.42246 	-0.00365356 	-0.173278 	-0.000453905 	
1.985	3.50063 	-0.160396 	-2.42327 	-0.00366452 	-0.17329 	-0.000388886 	
1.99	3.50192 	-0.153271 	-2.42203 	-0.00352712 	-0.173301 	-0.000705267 	
1.995	3.50169 	-0.151769 	-2.42225 	-0.00350298 	-0.173314 	-0.000780011 	
2	3.50122 	-0.150862 	-2.42273 	-0.00349103 	-0.17333 	-0.000829593 	
2.005	3.50061 	-0.1504 	-2.42346 	-0.00348725 	-0.173349 	-0.000858937 	
2.01	3.50249 	-0.158417 	-2.42093 	-0.00369862 	-0.173338 	-0.000598996 	
2.015	3.50247 	-0.16072 	-2.42107 	-0.00374269 	-0.173332 	-0.000497321 	
2.02	3.5022 	-0.162448 	-2.42163 	-0.00376505 	-0.173331 	-0.000402702 	
2.025	3.50211 	-0.154845 	-2.42237 	-0.0035985 	-0.173345 	-0.000705704 	
2.03	3.50159 	-0.153362 	-2.42321 	-0.00356618 	-0.173362 	-0.000764306 	
2.035	3.50098 	-0.15244 	-2.42422 	-0.00354612 	-0.173383 	-0.000800627 	
2.04	3.50032 	-0.15194 	-2.42539 	-0.00353464 	-0.173408 	-0.000819221 	
2.045	3.502 	-0.158682 	-2.42301 	-0.00372462 	-0.173404 	-0.000615444 	
2.05	3.50197 	-0.160567 	-2.42334 	-0.00376016 	-0.173407 	-0.000529405 	
2.055	3.50177 	-0.161979 	-2.42408 	-0.00377646 	-0.173414 	-0.000447408 	
2.06	3.50107 	-0.155345 	-2.42627 	-0.00361975 	-0.173445 	-0.000692358 	
2.065	3.50054 	-0.154029 	-2.42773 	-0.00358572 	-0.173477 	-0.000734754 	
2.07	3.49999 	-0.153213 	-2.42924 	-0.00356299 	-0.173513 	-0.000757944 	
2.075	3.49945 	-0.152777 	-2.43079 	-0.00354837 	-0.173552 	-0.000765983 	
2.08	3.49894 	-0.152626 	-2.4324 	-0.00353946 	-0.173595 	-0.000762085 	
2.085	3.50122 	-0.15913 	-2.42942 	-0.0037539 	-0.173603 	-0.000608386 	
2.09	3.50149 	-0.160989 	-2.42966 	-0.00379464 	-0.173617 	-0.000529995 	
2.095	3.50157 	-0.162346 	-2.43035 	-0.00381289 	-0.173634 	-0.000453317 	
2.1	3.50006 	-0.155119 	-2.43525 	-0.003609 	-0.173699 	-0.00066963 	
2.105	3.49956 	-0.153627 	-2.43763 	-0.00356245 	-0.173756 	-0.000705099 	
2.11	3.4991 	-0.152691 	-2.4398 	-0.00353087 	-0.173816 	-0.00072313 	
2.115	3.49868 	-0.152176 	-2.44183 	-0.00351029 	-0.173876 	-0.000727483 	
2.12	3.50064 	-0.158353 	-2.43919 	-0.0037275 	-0.173896 	-0.00059789 	
2.125	3.50092 	-0.159983 	-2.43964 	-0.00376537 	-0.173925 	-0.000530266 	
2.13	3.50109 	-0.161173 	-2.44048 	-0.00378196 	-0.173956 	-0.000462214 	
2.135	3.49961 	-0.154823 	-2.44599 	-0.00359065 	-0.174042 	-0.000632506 	
2.14	3.49927 	-0.153531 	-2.44865 	-0.0035456 	-0.174116 	-0.000654791 	
2.145	3.49898 	-0.152734 	-2.45102 	-0.00351431 	-0.174189 	-0.000662332 	
2.15	3.49873 	-0.152314 	-2.45319 	-0.00349321 	-0.174262 	-0.000658362 	
2.155	3.49855 	-0.152176 	-2.45522 	-0.00347955 	-0.174336 	-0.000645383 	
2.16	3.50038 	-0.158121 	-2.45303 	-0.00372644 	-0.174373 	-0.000570449 	
2.165	3.5008 	-0.159726 	-2.45358 	-0.00377192 	-0.174416 	-0.000513155 	
2.17	3.50114 	-0.160856 	-2.4545 	-0.00379202 	-0.174461 	-0.000452273 	
2.175	3.49955 	-0.153986 	-2.46153 	-0.00354692 	-0.17458 	-0.000580793 	
2.18	3.49936 	-0.152564 	-2.46472 	-0.00348903 	-0.174675 	-0.000593304 	
2.185	3.4992 	-0.151692 	-2.46745 	-0.00344935 	-0.174767 	-0.000594074 	
2.19	3.49909 	-0.151235 	-2.46985 	-0.00342321 	-0.174856 	-0.000585595 	
2.195	3.50049 	-0.156895 	-2.46843 	-0.00367506 	-0.174906 	-0.000535737 	
2.2	3.50086 	-0.158301 	-2.46928 	-0.00371814 	-0.174963 	-0.000488287 	
2.205	3.50121 	-0.159287 	-2.4704 	-0.00373687 	-0.175021 	-0.000435153 	
2.21	3.49987 	-0.153255 	-2.47725 	-0.00350764 	-0.175151 	-0.000526827 	
2.215	3.49982 	-0.152029 	-2.48044 	-0.00345253 	-0.175256 	-0.000528952 	
2.22	3.4998 	-0.151294 	-2.48315 	-0.00341423 	-0.175356 	-0.000521465 	
2.225	3.49983 	-0.150931 	-2.48553 	-0.00338847 	-0.175452 	-0.000506413 	
2.23	3.49992 	-0.150847 	-2.48768 	-0.00337189 	-0.175546 	-0.000485372 	
2.235	3.50072 	-0.156254 	-2.48788 	-0.00365858 	-0.175621 	-0.000497998 	
2.24	3.50109 	-0.157611 	-2.48914 	-0.00371071 	-0.175695 	-0.000464386 	
2.245	3.50148 	-0.158509 	-2.49051 	-0.0037334 	-0.175767 	-0.000420581 	
2.25	3.50044 	-0.152014 	-2.49729 	-0.00344216 	-0.175915 	-0.000456539 	
2.255	3.50052 	-0.150685 	-2.50053 	-0.00337277 	-0.176031 	-0.000445524 	
2.26	3.50063 	-0.149906 	-2.50326 	-0.00332555 	-0.17614 	-0.000429048 	
2.265	3.50079 	-0.149539 	-2.50563 	-0.00329478 	-0.176244 	-0.000408041 	
2.27	3.50119 	-0.154696 	-2.50695 	-0.00358828 	-0.176334 	-0.000446848 	
2.275	3.50151 	-0.15588 	-2.50858 	-0.00363814 	-0.17642 	-0.000422061 	
2.28	3.50187 	-0.156654 	-2.51018 	-0.00365951 	-0.176503 	-0.000385073 	
2.285	3.50111 	-0.150961 	-2.51619 	-0.00338812 	-0.17665 	-0.000393916 	
2.29	3.50127 	-0.14982 	-2.51921 	-0.00332268 	-0.176768 	-0.000375246 	
2.295	3.50147 	-0.149171 	-2.52176 	-0.00327767 	-0.176879 	-0.000352516 	
2.3	3.50171 	-0.148892 	-2.524 	-0.00324781 	-0.176984 	-0.000326377 	
2.305	3.50164 	-0.153159 	-2.52689 	-0.00351817 	-0.177093 	-0.000393852 	
2.31	3.50191 	-0.154111 	-2.52895 	-0.00356255 	-0.177192 	-0.000377436 	
2.315	3.50223 	-0.154717 	-2.53081 	-0.00358035 	-0.177286 	-0.000346963 	
2.32	3.5026 	-0.155083 	-2.53255 	-0.0035794 	-0.177377 	-0.000306648 	
2.325	3.50185 	-0.148439 	-2.53931 	-0.0032578 	-0.177549 	-0.000312298 	
2.33	3.50204 	-0.146974 	-2.54258 	-0.00317607 	-0.177681 	-0.000294446 	
2.335	3.50223 	-0.146144 	-2.54525 	-0.00312262 	-0.177803 	-0.000274117 	
2.34	3.50247 	-0.151202 	-2.54706 	-0.00341332 	-0.177903 	-0.000313866 	
2.345	3.50276 	-0.152245 	-2.54884 	-0.00345729 	-0.178 	-0.000291254 	
2.35	3.50311 	-0.152943 	-2.55048 	-0.00347602 	-0.178093 	-0.000256773 	
2.355	3.50352 	-0.153398 	-2.55205 	-0.00347688 	-0.178183 	-0.000214021 	
2.36	3.50243 	-0.147032 	-2.5599 	-0.00319368 	-0.178365 	-0.00025616 	
2.365	3.50255 	-0.145624 	-2.56341 	-0.00312136 	-0.178502 	-0.000247615 	
2.37	3.50268 	-0.144807 	-2.5662 	-0.00307334 	-0.178627 	-0.000233403 	
2.375	3.50283 	-0.144433 	-2.5685 	-0.00304324 	-0.178743 	-0.000214444 	
2.38	3.50325 	-0.150597 	-2.56975 	-0.00338846 	-0.178846 	-0.000247262 	
2.385	3.50359 	-0.152018 	-2.5712 	-0.00344951 	-0.178941 	-0.00021962 	
2.39	3.50397 	-0.152932 	-2.57259 	-0.00347671 	-0.17903 	-0.000179692 	
2.395	3.50299 	-0.146258 	-2.57931 	-0.00315609 	-0.179195 	-0.000193527 	
2.4	3.5031 	-0.144908 	-2.58239 	-0.00308049 	-0.179323 	-0.000176591 	
2.405	3.50324 	-0.144124 	-2.58488 	-0.00302922 	-0.179441 	-0.000155694 	
2.41	3.50342 	-0.143765 	-2.58697 	-0.00299595 	-0.179551 	-0.000131377 	
2.415	3.50333 	-0.148988 	-2.58956 	-0.00331532 	-0.179663 	-0.000192845 	
2.42	3.50356 	-0.150139 	-2.59136 	-0.0033688 	-0.179762 	-0.000173743 	
2.425	3.50383 	-0.150859 	-2.59295 	-0.00339094 	-0.179855 	-0.000140615 	
2.43	3.50319 	-0.145057 	-2.59808 	-0.00309493 	-0.180001 	-0.000129956 	
2.435	3.50331 	-0.14389 	-2.60067 	-0.00302328 	-0.180119 	-0.000106184 	
2.44	3.50347 	-0.143232 	-2.60282 	-0.00297406 	-0.180228 	-7.96022e-05 	
2.445	3.50368 	-0.142956 	-2.6047 	-0.00294146 	-0.180332 	-5.05337e-05 	
2.45	3.50321 	-0.147269 	-2.60833 	-0.00323464 	-0.180451 	-0.000138273 	
2.455	3.50334 	-0.148187 	-2.61039 	-0.00328203 	-0.180553 	-0.000127222 	
2.46	3.50351 	-0.148744 	-2.61214 	-0.00330036 	-0.180647 	-0.000100578 	
2.465	3.50374 	-0.149053 	-2.61369 	-0.00329826 	-0.180736 	-6.29865e-05 	
2.47	3.50319 	-0.142305 	-2.61858 	-0.00294869 	-0.180888 	-4.70964e-05 	
2.475	3.5033 	-0.140834 	-2.62107 	-0.00286019 	-0.181006 	-2.33726e-05 	
2.48	3.50342 	-0.140021 	-2.62315 	-0.00280264 	-0.181114 	1.34364e-06 	
2.485	3.50328 	-0.145142 	-2.62534 	-0.00311801 	-0.181212 	-5.96022e-05 	
2.49	3.50342 	-0.14617 	-2.62698 	-0.00316554 	-0.181303 	-4.24341e-05 	
2.495	3.50359 	-0.146839 	-2.62844 	-0.00318557 	-0.181387 	-1.20802e-05 	
2.5	3.50381 	-0.147256 	-2.6298 	-0.0031861 	-0.181469 	2.75627e-05 	
2.505	3.50298 	-0.14081 	-2.63496 	-0.00287878 	-0.181611 	3.85936e-06 	
2.51	3.50298 	-0.139415 	-2.63746 	-0.00280135 	-0.181723 	1.68093e-05 	
2.515	3.50299 	-0.138632 	-2.63952 	-0.0027506 	-0.181825 	3.41034e-05 	
2.52	3.50319 	-0.143473 	-2.6406 	-0.00302708 	-0.181908 	6.96523e-06 	
2.525	3.50332 	-0.144484 	-2.64188 	-0.00306806 	-0.181988 	3.09157e-05 	
2.53	3.5035 	-0.145169 	-2.64311 	-0.00308479 	-0.182064 	6.55154e-05 	
2.535	3.5037 	-0.145625 	-2.64433 	-0.0030843 	-0.182138 	0.000107628 	
2.54	3.50392 	-0.145925 	-2.64556 	-0.00307184 	-0.18221 	0.000154927 	
2.545	3.50266 	-0.138321 	-2.65187 	-0.00276295 	-0.182359 	5.03763e-05 	
2.55	3.5025 	-0.136555 	-2.65466 	-0.00268382 	-0.182471 	3.83709e-05 	
2.555	3.50233 	-0.135516 	-2.65689 	-0.00263344 	-0.182573 	3.61217e-05 	
2.56	3.5034 	-0.142113 	-2.65571 	-0.00294819 	-0.182631 	8.01374e-05 	
2.565	3.50363 	-0.143568 	-2.65634 	-0.00299863 	-0.182694 	0.000121479 	
2.57	3.50386 	-0.144578 	-2.65711 	-0.00302146 	-0.182755 	0.00016948 	
2.575	3.50407 	-0.145266 	-2.65803 	-0.00302454 	-0.182814 	0.000221978 	
2.58	3.50267 	-0.137399 	-2.6638 	-0.00272213 	-0.182942 	8.78368e-05 	
2.585	3.50241 	-0.135649 	-2.66631 	-0.00264853 	-0.18304 	6.86108e-05 	
2.59	3.50214 	-0.134601 	-2.66835 	-0.00260108 	-0.18313 	6.14195e-05 	
2.595	3.50342 	-0.140831 	-2.66666 	-0.00288008 	-0.183176 	0.000127497 	
2.6	3.50364 	-0.142221 	-2.6671 	-0.00292324 	-0.183228 	0.000172971 	
2.605	3.50381 	-0.143206 	-2.66775 	-0.00294197 	-0.183279 	0.000223484 	
2.61	3.50395 	-0.143898 	-2.66858 	-0.00294322 	-0.18333 	0.000277349 	
2.615	3.50275 	-0.138039 	-2.67059 	-0.00271682 	-0.183392 	0.000179815 	
2.62	3.50302 	-0.137573 	-2.67112 	-0.00267514 	-0.183447 	0.000205245 	
2.625	-1.78001 	2.66301 	9.57783 	-0.189994 	0.294366 	-0.0573442 	
2.63	-0.805226 	2.26023 	7.96488 	-0.171394 	0.22533 	-0.0368214 	
2.635	-0.82159 	2.29593 	8.3906 	-0.1832 	0.238966 	-0.0272527 	
2.64	-0.774089 	2.37589 	8.77783 	-0.193285 	0.249443 	-0.0211471 	
2.645	-1.08452 	2.07638 	9.43333 	-0.169387 	0.27633 	0.0113946 	
2.65	-1.19486 	2.05018 	9.90844 	-0.165594 	0.29261 	0.0141865 	
2.655	-1.26931 	1.86524 	10.2806 	-0.147829 	0.305754 	0.0146243 	
2.66	-0.838828 	1.59963 	11.3039 	-0.116513 	0.3257 	0.00669296 	
2.665	-0.915656 	1.53904 	11.1727 	-0.108936 	0.324301 	-0.00410482 	
2.67	-0.616889 	1.56934 	10.8918 	-0.118173 	0.31011 	0.00209463 	
2.675	-0.308953 	1.44729 	10.584 	-0.108519 	0.294206 	0.00195474 	
2.68	-0.432187 	1.14095 	10.7676 	-0.078098 	0.302537 	0.00426333 	
2.685	-0.517585 	1.00505 	10.9026 	-0.0630047 	0.30868 	-0.000700631 	
2.69	-0.584198 	0.880134 	11.0097 	-0.0495848 	0.313535 	-0.00363948 	
2.695	-0.644522 	0.779011 	11.1044 	-0.0386065 	0.317863 	-0.00614247 	
2.7	-0.702855 	0.703833 	11.1924 	-0.0301955 	0.321934 	-0.00826068 	
2.705	-0.759927 	0.651024 	11.2751 	-0.024065 	0.325809 	-0.00980109 	
2.71	-0.81289 	0.612913 	11.35 	-0.0196239 	0.329341 	-0.0103622 	
2.715	-0.860259 	0.584606 	11.4161 	-0.0165686 	0.332473 	-0.00954192 	
2.72	-0.904001 	0.564825 	11.4753 	-0.0146392 	0.33531 	-0.00786176 	
2.725	-0.942231 	0.548409 	11.526 	-0.0130854 	0.337742 	-0.00622801 	
2.73	-0.975573 	0.534717 	11.5691 	-0.0117961 	0.339818 	-0.00479965 	
2.735	-1.00508 	0.523874 	11.6061 	-0.0107885 	0.341607 	-0.00351049 	
2.74	-1.01884 	0.542658 	11.6235 	-0.0113324 	0.34235 	-0.00786866 	
2.745	-1.03655 	0.561578 	11.6444 	-0.012151 	0.343312 	-0.0108602 	
2.75	-1.05245 	0.58009 	11.6623 	-0.0130042 	0.344144 	-0.0135887 	
2.755	-1.06639 	0.596877 	11.6772 	-0.0137754 	0.34484 	-0.0160544 	
2.76	-1.07848 	0.611484 	11.6892 	-0.014419 	0.345409 	-0.0182806 	
2.765	-1.0882 	0.624511 	11.698 	-0.0149807 	0.345831 	-0.020336 	
2.77	-1.10903 	0.618688 	11.717 	-0.0140904 	0.346769 	-0.0203886 	
2.775	-1.12556 	0.61723 	11.7313 	-0.0135829 	0.347482 	-0.020774 	
2.78	-1.14099 	0.616706 	11.7441 	-0.0131947 	0.34813 	-0.0211123 	
2.785	-1.1555 	0.616967 	11.7556 	-0.012905 	0.348723 	-0.0214124 	
2.79	-1.16913 	0.617905 	11.7661 	-0.0127034 	0.349265 	-0.0216765 	
2.795	-1.18195 	0.619365 	11.7755 	-0.0125732 	0.349761 	-0.021908 	
2.8	-1.19399 	0.621227 	11.7839 	-0.0125028 	0.350213 	-0.0221082 	
2.805	-1.2053 	0.623365 	11.7914 	-0.0124789 	0.350623 	-0.0222793 	
2.81	-1.21592 	0.625652 	11.7982 	-0.0124867 	0.350996 	-0.0224244 	
2.815	-1.22585 	0.628057 	11.804 	-0.0125253 	0.351331 	-0.0225429 	
2.82	-1.2352 	0.630492 	11.8092 	-0.0125833 	0.351635 	-0.0226381 	
2.825	-1.24395 	0.632973 	11.8137 	-0.0126647 	0.351905 	-0.022709 	
2.83	-0.925769 	0.146557 	11.3946 	0.0382568 	0.330928 	-0.0239388 	
2.835	-0.674383 	-0.143633 	11.0892 	0.0657105 	0.315589 	-0.0221288 	
2.84	-0.888175 	0.570704 	11.8201 	-0.0134862 	0.34354 	-0.00926361 	
2.845	-0.780658 	0.864018 	11.5179 	-0.0456553 	0.332528 	-0.00506256 	
2.85	-0.72837 	0.748076 	11.4252 	-0.0310689 	0.328047 	-0.00724879 	
2.855	-0.628017 	0.200694 	11.186 	0.0314494 	0.317275 	-0.0161617 	
2.86	-0.544204 	-0.211099 	11.0222 	0.0721556 	0.310005 	-0.0186173 	
2.865	-0.461982 	-0.580895 	10.8766 	0.106111 	0.30336 	-0.0193878 	
2.87	-0.397758 	-0.889297 	10.7539 	0.135295 	0.297789 	-0.020529 	
2.875	-0.863779 	0.0965458 	12.2523 	0.0286792 	0.35353 	-0.00410254 	
2.88	-0.715653 	0.420364 	11.7273 	-0.00673441 	0.334851 	-0.00064617 	
2.885	-0.676862 	0.763634 	11.576 	-0.0424908 	0.329647 	0.00273512 	
2.89	-0.444338 	0.715927 	10.6703 	-0.0623803 	0.299953 	0.0163582 	
2.895	-0.43567 	0.142812 	10.7141 	0.0108688 	0.299108 	0.00238642 	
2.9	-0.391874 	-0.256778 	10.6233 	0.054441 	0.294818 	-0.00280515 	
2.905	-0.166502 	-0.309889 	10.3865 	0.0612331 	0.282023 	-0.00542934 	
2.91	0.140718 	-0.241805 	10.0481 	0.0508083 	0.264682 	-0.00445461 	
2.915	-1.41897 	0.262789 	11.6126 	0.018419 	0.338549 	-0.0094837 	
2.92	-1.27693 	0.411441 	11.4681 	-0.00349973 	0.328149 	0.00732556 	
2.925	-1.37318 	0.541704 	11.553 	-0.0183288 	0.329129 	0.0158166 	
2.93	-1.42553 	0.874986 	11.6557 	-0.051294 	0.339455 	0.0189922 	
2.935	-1.45126 	1.08503 	11.7085 	-0.0725242 	0.344663 	0.0227238 	
2.94	-1.47634 	0.895998 	11.682 	-0.0527195 	0.336649 	0.0184811 	
2.945	-1.49863 	0.811454 	11.6743 	-0.0436675 	0.332345 	0.016125 	
2.95	-1.51823 	0.741301 	11.6675 	-0.0361266 	0.328675 	0.0140459 	
2.955	-1.53562 	0.683396 	11.6617 	-0.0298894 	0.325556 	0.0122673 	
2.96	-1.53441 	1.02003 	11.7146 	-0.063993 	0.334907 	0.0172658 	
2.965	-1.60381 	1.17981 	11.8139 	-0.0794396 	0.343048 	0.0187279 	
2.97	-1.53584 	1.06682 	11.7687 	-0.0668562 	0.34196 	0.0125808 	
2.975	-1.49936 	1.01886 	11.7509 	-0.0610916 	0.342419 	0.00875784 	
2.98	-1.43241 	0.986548 	11.7008 	-0.057403 	0.341487 	0.00632995 	
2.985	-1.87398 	0.802821 	12.1512 	-0.0338386 	0.361258 	-0.00457541 	
2.99	-1.69991 	0.82329 	11.9871 	-0.0367756 	0.355055 	-0.00388624 	
2.995	-1.64037 	0.806357 	11.934 	-0.0349463 	0.353379 	-0.00500006 	
3	-1.58889 	0.782303 	11.8873 	-0.032556 	0.351864 	-0.00541005 	
3.005	-1.83629 	0.464024 	12.1165 	0.00309975 	0.358034 	-0.0101628 	
3.01	-1.72824 	0.544318 	11.9961 	-0.00643088 	0.352623 	-0.00826352 	
3.015	-1.72197 	0.567827 	11.9691 	-0.010418 	0.35049 	-0.00215381 	
3.02	-1.73235 	0.596355 	11.9569 	-0.0151823 	0.349011 	0.00555578 	
3.025	-1.74403 	0.622456 	11.9479 	-0.0194887 	0.347791 	0.0124979 	
3.03	-1.74864 	0.642804 	11.9355 	-0.0227521 	0.346611 	0.0174335 	
3.035	-1.70027 	0.669154 	11.8973 	-0.0237421 	0.345914 	0.0104079 	
3.04	-1.58685 	0.846203 	11.7859 	-0.0421009 	0.342809 	0.006656 	
3.045	-1.59724 	0.893063 	11.7894 	-0.0448484 	0.342619 	0.000400073 	
3.05	-1.62542 	0.701111 	11.7668 	-0.021265 	0.338029 	-0.0123403 	
3.055	-1.65018 	0.767752 	11.7461 	-0.0285454 	0.332806 	-0.0109563 	
3.06	-1.63818 	0.663837 	11.7262 	-0.0158281 	0.332238 	-0.0180452 	
3.065	-1.58442 	0.783981 	11.6935 	-0.0284691 	0.33307 	-0.0175214 	
3.07	-1.58408 	0.749781 	11.6873 	-0.0257732 	0.332274 	-0.0148811 	
3.075	-1.58395 	0.838386 	11.6941 	-0.0384835 	0.332339 	-0.00303571 	
3.08	-1.57338 	0.800322 	11.6785 	-0.0339842 	0.331822 	-0.00541713 	
3.085	-1.51872 	0.405662 	11.5658 	0.00786745 	0.324526 	-0.0156493 	
3.09	-1.57184 	0.495806 	11.5845 	-0.00198864 	0.321727 	-0.0124324 	
3.095	-1.575 	0.361664 	11.5311 	0.0104863 	0.314806 	-0.0108268 	
3.1	-1.61344 	0.507043 	11.5547 	-0.00327258 	0.314567 	-0.0128307 	
3.105	-1.63603 	0.497571 	11.5604 	-0.000230512 	0.314426 	-0.0197024 	
3.11	-1.66154 	0.616247 	11.5699 	-0.012196 	0.31333 	-0.018921 	
3.115	-1.71242 	0.775313 	11.5982 	-0.0285522 	0.313073 	-0.0156896 	
3.12	-1.75542 	0.910158 	11.6167 	-0.0422087 	0.312184 	-0.0136681 	
3.125	-1.74006 	0.862918 	11.597 	-0.0367959 	0.31099 	-0.0167226 	
3.13	-1.73822 	0.85446 	11.5871 	-0.0355165 	0.310055 	-0.0183535 	
3.135	-1.73699 	0.847 	11.5778 	-0.0344026 	0.309206 	-0.0197234 	
3.14	-1.64737 	0.521183 	11.4453 	-0.00340785 	0.301356 	-0.0184744 	
3.145	-1.69773 	0.545463 	11.5054 	-0.00801893 	0.305665 	-0.00812278 	
3.15	-1.66628 	0.53485 	11.5022 	-0.00640285 	0.308266 	-0.0107853 	
3.155	-1.67925 	0.545387 	11.5206 	-0.00757077 	0.310025 	-0.0103462 	
3.16	-1.68273 	0.550952 	11.5311 	-0.00837766 	0.311533 	-0.00950953 	
3.165	-1.66294 	0.546691 	11.5336 	-0.00791898 	0.31402 	-0.0100688 	
3.17	-1.72097 	0.753353 	11.6006 	-0.0311447 	0.319241 	0.00252165 	
3.175	-1.71861 	0.787437 	11.6069 	-0.0346687 	0.320648 	0.0034084 	
3.18	-1.71658 	0.668319 	11.5711 	-0.0226996 	0.316296 	0.0018781 	
3.185	-1.71705 	0.600993 	11.5503 	-0.0160349 	0.313807 	0.00132606 	
3.19	-1.7603 	0.596395 	11.5583 	-0.0165497 	0.311508 	0.00558257 	
3.195	-1.73366 	0.588045 	11.5567 	-0.015346 	0.314118 	0.00396985 	
3.2	-1.72539 	0.581872 	11.5557 	-0.0146379 	0.315176 	0.00352274 	
3.205	-1.75298 	0.561082 	11.5439 	-0.0125197 	0.311467 	0.00319663 	
3.21	-1.73781 	0.548419 	11.5382 	-0.0110584 	0.31241 	0.00204364 	
3.215	-1.75525 	0.627602 	11.5781 	-0.0194353 	0.315787 	0.00367309 	
3.22	-1.73647 	0.621129 	11.5841 	-0.0193156 	0.318902 	0.00601901 	
3.225	-1.72213 	0.616338 	11.5872 	-0.0189925 	0.321162 	0.00680291 	
3.23	-1.71001 	0.591476 	11.5758 	-0.0155898 	0.321356 	0.00302929 	
3.235	-1.72083 	0.558753 	11.5712 	-0.00950641 	0.321224 	-0.00757106 	
3.24	-1.70852 	0.556263 	11.5668 	-0.0100877 	0.322083 	-0.00463513 	
3.245	-1.70208 	0.550626 	11.5634 	-0.00995791 	0.322768 	-0.00308475 	
3.25	-1.69692 	0.545807 	11.5597 	-0.00977589 	0.32329 	-0.00201179 	
3.255	-1.68974 	0.538839 	11.5556 	-0.00933291 	0.323928 	-0.00118007 	
3.26	-1.68413 	0.530585 	11.5512 	-0.00887722 	0.32441 	0.000108135 	
3.265	-1.6795 	0.522599 	11.5469 	-0.00846359 	0.324808 	0.00146639 	
3.27	-1.67584 	0.515235 	11.5426 	-0.00808101 	0.32513 	0.00275733 	
3.275	-1.67305 	0.50905 	11.5385 	-0.00772497 	0.325388 	0.00372294 	
3.28	-1.67269 	0.503155 	11.5331 	-0.00699406 	0.325251 	0.00324538 	
3.285	-1.67242 	0.497612 	11.5285 	-0.0064495 	0.325208 	0.00333614 	
3.29	-1.67221 	0.491274 	11.5237 	-0.0058499 	0.325144 	0.00348955 	
3.295	-1.67236 	0.485551 	11.5192 	-0.00532025 	0.325086 	0.00368266 	
3.3	-1.67528 	0.489552 	11.5163 	-0.00540608 	0.324976 	0.00267597 	
3.305	-1.72478 	0.7073 	11.5633 	-0.0277316 	0.32822 	0.00784012 	
3.31	-1.71224 	0.650753 	11.542 	-0.0201378 	0.326789 	-0.00119921 	
3.315	-1.58446 	0.292518 	11.3734 	0.0139008 	0.317467 	-0.0013106 	
3.32	-1.59777 	0.285178 	11.3555 	0.0165919 	0.314916 	-0.00870133 	
3.325	-1.5077 	0.00296267 	11.2408 	0.0429531 	0.309161 	-0.00721349 	
3.33	-1.43958 	-0.191967 	11.151 	0.0613972 	0.304446 	-0.00733813 	
3.335	-1.53883 	-0.0252951 	11.2231 	0.045202 	0.304671 	-0.00596918 	
3.34	-1.59277 	0.0488869 	11.2553 	0.0377377 	0.304089 	-0.00449217 	
3.345	-1.66075 	0.108258 	11.2983 	0.0300819 	0.304245 	0.00364639 	
3.35	-1.71259 	0.153041 	11.3363 	0.0240325 	0.305227 	0.0109959 	
3.355	-1.5747 	-0.127054 	11.1914 	0.0516429 	0.299692 	0.00598639 	
3.36	-2.10035 	0.423274 	11.9814 	0.00725774 	0.335072 	-0.0123036 	
3.365	-2.06856 	0.795877 	11.8707 	-0.0350397 	0.333321 	0.00779533 	
3.37	-2.02922 	0.779542 	11.8138 	-0.0334559 	0.331524 	0.00657084 	
3.375	-2.01111 	0.83412 	11.7825 	-0.0393162 	0.33131 	0.00801302 	
3.38	-1.99935 	0.879795 	11.7596 	-0.0443555 	0.331364 	0.00993833 	
3.385	-1.98838 	0.919082 	11.738 	-0.0485856 	0.331294 	0.0112328 	
3.39	-1.95499 	0.9139 	11.6902 	-0.0468287 	0.328995 	0.00536513 	
3.395	-1.95463 	0.955938 	11.6799 	-0.0516359 	0.329355 	0.00820437 	
3.4	-1.82468 	0.716336 	11.5525 	-0.0294099 	0.324768 	0.00929426 	
3.405	-1.81321 	0.701079 	11.5443 	-0.026931 	0.325633 	0.00476028 	
3.41	-1.79067 	0.665754 	11.5229 	-0.02282 	0.325641 	0.00175418 	
3.415	-1.77187 	0.635296 	11.5041 	-0.0192825 	0.325622 	-0.000784321 	
3.42	-1.75364 	0.598799 	11.481 	-0.0152538 	0.324906 	-0.00315239 	
3.425	-1.73915 	0.567785 	11.4623 	-0.0118568 	0.324438 	-0.00495415 	
3.43	-1.76058 	0.602758 	11.4706 	-0.0157781 	0.324539 	-0.00220521 	
3.435	-1.78221 	0.577757 	11.4584 	-0.0133564 	0.321423 	-0.00194153 	
3.44	-1.75622 	0.579651 	11.4388 	-0.0125752 	0.321773 	-0.00612955 	
3.445	-1.74432 	0.559383 	11.4247 	-0.0101757 	0.321575 	-0.00789478 	
3.45	-1.73591 	0.572368 	11.4188 	-0.0108912 	0.322149 	-0.00993685 	
3.455	-1.72886 	0.579257 	11.412 	-0.0111013 	0.322464 	-0.0116256 	
3.46	-1.72434 	0.558041 	11.4063 	-0.00892118 	0.322742 	-0.0119114 	
3.465	-1.71969 	0.574052 	11.4004 	-0.0100415 	0.32292 	-0.0135663 	
3.47	-1.76715 	0.552241 	11.4274 	-0.0105205 	0.323553 	-0.00221887 	
3.475	-1.76818 	0.552061 	11.4227 	-0.0102638 	0.323269 	-0.00322619 	
3.48	-1.80456 	0.246347 	11.4376 	0.0197752 	0.323028 	-0.00269433 	
3.485	-1.83196 	0.34038 	11.4443 	0.00897909 	0.322267 	0.00404616 	
3.49	-1.82848 	0.363286 	11.4335 	0.00709209 	0.321528 	0.00246319 	
3.495	-1.82651 	0.376236 	11.4254 	0.00586444 	0.321128 	0.00211936 	
3.5	-1.78409 	0.144309 	11.3773 	0.0281919 	0.318424 	0.00187015 	
3.505	-1.84224 	0.318779 	11.4095 	0.0101601 	0.318862 	0.00699022 	
3.51	-1.84252 	0.316724 	11.3935 	0.0108273 	0.317076 	0.00483433 	
3.515	-1.87712 	0.457433 	11.4289 	-0.00411203 	0.320052 	0.0107279 	
3.52	-1.85755 	0.431342 	11.4132 	-0.000908922 	0.319904 	0.00781879 	
3.525	-1.85264 	0.445281 	11.4085 	-0.00202767 	0.320195 	0.00680727 	
3.53	-1.84801 	0.453847 	11.4031 	-0.00265055 	0.320376 	0.00588939 	
3.535	-1.88221 	0.593715 	11.4306 	-0.0169242 	0.322202 	0.0093924 	
3.54	-1.86477 	0.542666 	11.4114 	-0.0114029 	0.321394 	0.00683943 	
3.545	-1.91188 	0.723406 	11.4497 	-0.0299149 	0.323776 	0.0118538 	
3.55	-1.94251 	0.616893 	11.3969 	-0.0188623 	0.313943 	0.00873726 	
3.555	-1.97159 	0.791067 	11.4408 	-0.0365958 	0.318647 	0.013321 	
3.56	-1.93228 	0.693851 	11.414 	-0.0263206 	0.318594 	0.00957311 	
3.565	-1.89399 	0.548056 	11.3523 	-0.0107483 	0.315253 	0.00272049 	
3.57	-1.90747 	0.606896 	11.3711 	-0.0168476 	0.316748 	0.00463121 	
3.575	-1.8691 	0.461878 	11.3118 	-0.00145943 	0.313596 	-0.00175678 	
3.58	-1.8559 	0.457112 	11.3185 	-0.00104787 	0.31544 	-0.00144415 	
3.585	-1.91215 	0.657135 	11.3679 	-0.0216513 	0.318371 	0.00479321 	
3.59	-1.90377 	0.601652 	11.3523 	-0.0157689 	0.316934 	0.00264129 	
3.595	-1.91247 	0.549786 	11.3638 	-0.0121359 	0.318313 	0.00860177 	
3.6	-1.91569 	0.560516 	11.3576 	-0.0125596 	0.31727 	0.00601667 	
3.605	-1.86364 	0.586639 	11.3794 	-0.0152014 	0.324947 	0.00561355 	
3.61	-1.83735 	0.577323 	11.3665 	-0.0138211 	0.325932 	0.00396519 	
3.615	-1.81854 	0.9166 	11.3248 	-0.0495366 	0.330904 	0.0174713 	
3.62	-1.78231 	0.801034 	11.3449 	-0.0373659 	0.334307 	0.0126395 	
3.625	-1.75463 	0.767117 	11.3505 	-0.0337801 	0.33715 	0.0112043 	
3.63	-1.73481 	0.707413 	11.3405 	-0.0272544 	0.337937 	0.00935259 	
3.635	4.05024 	-0.299727 	11.5978 	0.0642128 	0.906892 	-0.0185313 	
3.64	1.95568 	0.1863 	11.5453 	0.018644 	0.706899 	-0.00529926 	
3.645	1.37564 	0.221189 	11.5039 	0.0165508 	0.647094 	-0.00560613 	
3.65	0.849817 	0.395931 	11.5257 	-0.00157415 	0.603527 	0.00470406 	
3.655	0.445368 	0.405094 	11.4725 	-0.000110256 	0.557794 	-0.00175639 	
3.66	0.0952822 	0.394989 	11.4455 	0.00217467 	0.5218 	-0.00405407 	
3.665	-0.17304 	0.399577 	11.4119 	0.0025765 	0.492032 	-0.00561833 	
3.67	-0.408536 	0.403018 	11.3845 	0.00304148 	0.466359 	-0.0070803 	
3.675	-0.609754 	0.406017 	11.3606 	0.00343663 	0.44443 	-0.00832807 	
3.68	-0.781761 	0.408501 	11.3396 	0.0037831 	0.425695 	-0.00939638 	
3.685	-0.929655 	0.403546 	11.3234 	0.0039542 	0.409949 	-0.00716049 	
3.69	-1.05563 	0.400352 	11.3082 	0.00415342 	0.396416 	-0.00589224 	
3.695	-1.16218 	0.397901 	11.2941 	0.00410433 	0.384893 	-0.0044893 	
3.7	-1.25488 	0.403334 	11.2803 	0.00438623 	0.374734 	-0.00683784 	
3.705	-1.33329 	0.404069 	11.2675 	0.00472222 	0.366093 	-0.00809753 	
3.71	-1.40308 	0.393953 	11.2695 	0.00560315 	0.360399 	-0.00729447 	
3.715	-1.46084 	0.395936 	11.258 	0.00505058 	0.353877 	-0.00551614 	
3.72	-1.5109 	0.396133 	11.2498 	0.00479032 	0.348555 	-0.00428249 	
3.725	-1.55407 	0.396748 	11.2422 	0.00451596 	0.343982 	-0.0032024 	
3.73	-1.61775 	0.396183 	11.2388 	0.004758 	0.338338 	-0.0033008 	
3.735	-1.66774 	0.395621 	11.2344 	0.00490924 	0.333754 	-0.00321768 	
3.74	-1.71097 	0.395312 	11.2302 	0.00500861 	0.329828 	-0.00309995 	
3.745	-1.72977 	0.395701 	11.2311 	0.00539784 	0.328978 	-0.00443707 	
3.75	-1.77409 	0.381913 	11.2288 	0.00617771 	0.325259 	-0.00189107 	
3.755	-1.8077 	0.373046 	11.2267 	0.00672137 	0.322559 	-0.000374526 	
3.76	-1.8368 	0.365294 	11.2243 	0.00719582 	0.320233 	0.000937365 	
3.765	-1.83511 	0.382183 	11.2294 	0.00579331 	0.321478 	0.000247687 	
3.77	-1.84549 	0.395074 	11.2282 	0.00466919 	0.320894 	-3.33411e-05 	
3.775	-1.85446 	0.406339 	11.2283 	0.00368798 	0.3206 	-0.000246194 	
3.78	-1.87227 	0.401871 	11.22 	0.00427068 	0.318479 	-0.000788715 	
3.785	-1.87354 	0.417122 	11.2233 	0.00285288 	0.319313 	-0.000848993 	
3.79	-1.88336 	0.427479 	11.2251 	0.00186736 	0.319239 	-0.000662104 	
3.795	-1.92102 	0.442271 	11.2187 	0.000519162 	0.315658 	-0.000549169 	
3.8	-1.99252 	0.638102 	11.2631 	-0.0194333 	0.316916 	0.00542487 	
3.805	-2.02135 	0.649597 	11.2584 	-0.0204573 	0.314334 	0.00550429 	
3.81	-2.01337 	0.607023 	11.2423 	-0.0160504 	0.313267 	0.00397285 	
3.815	-2.02914 	0.591989 	11.2313 	-0.0144658 	0.310835 	0.00342984 	
3.82	-2.05968 	0.520754 	11.2448 	-0.00483536 	0.311429 	-0.00460156 	
3.825	-2.03908 	0.508917 	11.2256 	-0.00442236 	0.310829 	-0.00306323 	
3.83	-1.62369 	0.00208932 	10.7957 	0.0389845 	0.29218 	0.00195958 	
3.835	-1.63529 	-0.175559 	10.8292 	0.0543755 	0.295405 	0.0107568 	
3.84	-1.69838 	0.0431128 	10.9101 	0.0342665 	0.301119 	0.00957657 	
3.845	-1.76366 	0.0800532 	10.9427 	0.0312289 	0.300005 	0.00908638 	
3.85	-1.81156 	0.221104 	10.9719 	0.0195485 	0.299885 	0.00305325 	
3.855	-1.60662 	0.21874 	11.0174 	0.0193363 	0.324833 	0.00382223 	
3.86	-1.32724 	0.205711 	11.0606 	0.0205272 	0.356631 	0.00215817 	
3.865	-1.31702 	0.23887 	11.0857 	0.0175213 	0.361349 	0.00206483 	
3.87	-1.24285 	0.255499 	11.1097 	0.015942 	0.371608 	0.00189943 	
3.875	-1.17769 	0.269021 	11.13 	0.0146532 	0.380572 	0.00174241 	
3.88	-1.11578 	0.279512 	11.1472 	0.0136171 	0.38879 	0.00167711 	
3.885	-1.05878 	0.287627 	11.1617 	0.0127993 	0.396177 	0.00162127 	
3.89	-1.00773 	0.293815 	11.1739 	0.012166 	0.402735 	0.00156441 	
3.895	-0.962395 	0.29884 	11.1841 	0.0116469 	0.408506 	0.00150906 	
3.9	-0.922161 	0.30269 	11.1925 	0.0112308 	0.413559 	0.00149448 	
3.905	-1.12524 	0.33518 	11.186 	0.00871436 	0.394815 	0.00115383 	
3.91	-1.25394 	0.358472 	11.1825 	0.00686774 	0.383178 	0.000929939 	
3.915	-1.3579 	0.310125 	11.1786 	0.0116502 	0.373256 	0.000847532 	
3.92	-1.45496 	0.356262 	11.1759 	0.0075721 	0.364819 	0.000665129 	
3.925	-1.534 	0.373445 	11.172 	0.00618324 	0.357704 	0.000493899 	
3.93	-1.61102 	0.446006 	11.1701 	-0.000272347 	0.351449 	0.000286646 	
3.935	-1.66869 	0.441649 	11.1657 	0.000247875 	0.346075 	0.000190554 	
3.94	-1.47142 	0.430512 	11.1765 	0.000628847 	0.36536 	0.00130761 	
3.945	-1.35684 	0.423243 	11.1831 	0.000934925 	0.376917 	0.00181401 	
3.95	-1.41017 	0.44493 	11.1787 	-0.00113567 	0.372185 	0.0022395 	
3.955	-1.42596 	0.458139 	11.1764 	-0.00244231 	0.371025 	0.0025868 	
3.96	-1.4395 	0.469881 	11.1741 	-0.00359832 	0.370048 	0.0028885 	
3.965	-1.45123 	0.480079 	11.1716 	-0.00459981 	0.369214 	0.00315837 	
3.97	-1.46182 	0.48853 	11.1691 	-0.00541753 	0.368462 	0.00336569 	
3.975	-1.47121 	0.495908 	11.1665 	-0.0061206 	0.367805 	0.0035247 	
3.98	-1.47921 	0.502615 	11.1638 	-0.00676176 	0.367262 	0.00368592 	
3.985	-1.48651 	0.508343 	11.1611 	-0.00729579 	0.366769 	0.00379749 	
3.99	-1.54067 	0.828074 	11.243 	-0.0378031 	0.378168 	0.0064445 	
3.995	-1.66591 	0.896405 	11.2428 	-0.0447474 	0.367016 	0.00936819 	
4	-1.70724 	0.87096 	11.2223 	-0.0421503 	0.36081 	0.00899968 	
4.005	-1.74899 	0.825746 	11.2039 	-0.0375319 	0.354398 	0.0082163 	
4.01	-1.79351 	0.846429 	11.1938 	-0.0394233 	0.350376 	0.00829326 	
4.015	-1.82281 	0.804654 	11.179 	-0.0351966 	0.345446 	0.00768549 	
4.02	-1.72354 	0.757458 	11.1766 	-0.030622 	0.354276 	0.00662579 	
4.025	-1.86059 	0.729452 	11.1708 	-0.026264 	0.342208 	0.00231933 	
4.03	-1.65487 	0.658889 	11.1704 	-0.0195123 	0.36003 	-0.000189441 	
4.035	-1.55537 	0.606303 	11.1627 	-0.0148629 	0.368398 	-0.000337976 	
4.04	-1.02311 	0.506226 	11.204 	-0.00599104 	0.422007 	-0.00234826 	
4.045	-0.669429 	0.434862 	11.2301 	0.000264848 	0.457616 	-0.00346173 	
4.05	-0.0221634 	0.318237 	11.2776 	0.0104913 	0.522407 	-0.00569519 	
4.055	-0.294264 	0.344395 	11.2514 	0.00849326 	0.494251 	-0.00527362 	
4.06	-0.594474 	0.44503 	11.229 	-0.00103966 	0.465592 	-0.00271272 	
4.065	-0.806409 	0.50966 	11.2121 	-0.00712934 	0.44499 	-0.000912203 	
4.07	-0.983337 	0.540485 	11.1949 	-0.00992733 	0.42713 	0.000340325 	
4.075	-1.16065 	0.605931 	11.1792 	-0.0161584 	0.40991 	0.00245163 	
4.08	-1.33657 	0.68428 	11.1755 	-0.0237127 	0.39432 	0.00473196 	
4.085	-1.40607 	0.582386 	11.1398 	-0.0135556 	0.382227 	0.00298074 	
4.09	-1.36752 	0.487577 	11.122 	-0.00435103 	0.382595 	0.00141672 	
4.095	-1.47289 	0.477976 	11.0959 	-0.00300625 	0.369909 	0.000656249 	
4.1	-1.51722 	0.466416 	11.0812 	-0.00203854 	0.364207 	0.0013566 	
4.105	-1.60335 	0.469905 	11.078 	-0.00194304 	0.356602 	0.000671151 	
4.11	-0.790833 	0.0113323 	10.7635 	0.035614 	0.386538 	0.00796708 	
4.115	-0.335617 	0.0623922 	10.9413 	0.0319014 	0.452217 	0.00277663 	
4.12	-0.705289 	0.128044 	10.9299 	0.0264475 	0.417741 	0.00351057 	
4.125	-0.868274 	0.165795 	10.9368 	0.0233634 	0.404378 	0.00351225 	
4.13	-1.00799 	0.198135 	10.9421 	0.0207231 	0.392943 	0.00350088 	
4.135	-0.949815 	0.216243 	10.979 	0.019627 	0.403525 	0.00138323 	
4.14	-0.807695 	0.215264 	11.0137 	0.0199125 	0.421331 	-6.69369e-05 	
4.145	-0.684726 	0.21059 	11.0426 	0.0206662 	0.436537 	-0.00201692 	
4.15	1.77988 	-0.12899 	11.2919 	0.0492811 	0.69122 	-0.00909507 	
4.155	0.556012 	0.0612014 	11.3054 	0.0335229 	0.58632 	-0.000821589 	
4.16	0.276537 	0.0790207 	11.2194 	0.028551 	0.54947 	0.0128968 	
4.165	0.0347561 	0.115271 	11.1895 	0.0266778 	0.523685 	0.00840217 	
4.17	0.11595 	0.115584 	11.194 	0.0264069 	0.531953 	0.0086593 	
4.175	-0.251597 	0.167317 	11.1557 	0.0219358 	0.49414 	0.00966999 	
4.18	-0.397876 	0.194039 	11.1413 	0.0201108 	0.479221 	0.00788582 	
4.185	-0.679014 	0.240554 	11.1176 	0.0166518 	0.451377 	0.0065238 	
4.19	-0.891815 	0.275455 	11.0984 	0.0140737 	0.430202 	0.00540974 	
4.195	-1.07387 	0.305672 	11.0814 	0.0118325 	0.41211 	0.0044669 	
4.2	-1.22964 	0.331584 	11.0664 	0.00990834 	0.396643 	0.00366339 	
4.205	-1.36296 	0.353718 	11.0529 	0.00826465 	0.383413 	0.00297684 	
4.21	-1.47676 	0.372294 	11.039 	0.00700362 	0.371825 	0.00191941 	
4.215	-1.57469 	0.388308 	11.0285 	0.00578051 	0.362213 	0.00157566 	
4.22	-1.6581 	0.40206 	11.0194 	0.00470154 	0.354107 	0.00138563 	
4.225	-1.72974 	0.412785 	11.0103 	0.0038967 	0.347075 	0.00112635 	
4.23	-1.66645 	0.130773 	10.8596 	0.0300179 	0.333221 	-0.00185716 	
4.235	-1.66952 	0.252561 	10.9168 	0.0182534 	0.340955 	0.001347 	
4.24	-1.65815 	0.289569 	10.9325 	0.0146185 	0.344471 	0.0025809 	
4.245	-1.64396 	0.318902 	10.9454 	0.0117544 	0.347861 	0.00348542 	
4.25	-1.65616 	0.325929 	10.945 	0.0110266 	0.347156 	0.00355895 	
4.255	-1.58665 	0.323249 	10.9536 	0.0112112 	0.354924 	0.00314795 	
4.26	-1.58957 	0.328887 	10.9504 	0.0101987 	0.354745 	0.0049642 	
4.265	-1.64663 	0.342532 	10.9439 	0.00925939 	0.349133 	0.00414733 	
4.27	-1.69138 	0.351792 	10.9369 	0.00853625 	0.344615 	0.00386233 	
4.275	-1.75832 	0.369711 	10.938 	0.0073226 	0.339482 	0.00282779 	
4.28	-1.80992 	0.383489 	10.9373 	0.00636468 	0.335403 	0.00210907 	
4.285	-1.71626 	0.373559 	10.9363 	0.00763485 	0.344202 	0.00118916 	
4.29	-1.6842 	0.371391 	10.938 	0.00729576 	0.34774 	0.00251207 	
4.295	-1.74473 	0.37833 	10.9272 	0.00678187 	0.341266 	0.00222851 	
4.3	-1.78225 	0.371694 	10.9162 	0.00704418 	0.336894 	0.00365967 	
4.305	-1.78942 	0.355852 	10.8953 	0.0079327 	0.333617 	0.00552854 	
4.31	-0.0650228 	0.112623 	11.0891 	0.0286807 	0.513003 	-0.000529321 	
4.315	-0.687581 	0.173907 	11.0107 	0.0221006 	0.447856 	0.0077308 	
4.32	-0.878821 	0.195134 	10.986 	0.020111 	0.427965 	0.00929571 	
4.325	-1.04592 	0.219551 	10.9658 	0.0182027 	0.410795 	0.0092463 	
4.33	-1.18966 	0.24252 	10.9483 	0.0165207 	0.396047 	0.00865545 	
4.335	-1.31173 	0.262162 	10.9325 	0.0151315 	0.383469 	0.00792487 	
4.34	-1.41445 	0.278509 	10.9183 	0.0139843 	0.372839 	0.00726555 	
4.345	-1.49971 	0.300553 	10.9078 	0.0122288 	0.36439 	0.00688177 	
4.35	-1.558 	0.314799 	10.8988 	0.0111314 	0.358512 	0.00650687 	
4.355	-1.62031 	0.333813 	10.8923 	0.00983066 	0.352628 	0.00519741 	
4.36	1.49723 	-0.113529 	11.261 	0.0468321 	0.678132 	-0.00142066 	
4.365	0.305892 	0.109003 	11.1467 	0.0278472 	0.558747 	0.0028677 	
4.37	-0.0681617 	0.187089 	11.1075 	0.0216045 	0.520873 	0.00225104 	
4.375	-0.381319 	0.231783 	11.0763 	0.0182567 	0.489292 	0.00156641 	
4.38	-0.642335 	0.267125 	11.0435 	0.0157056 	0.462163 	0.000764116 	
4.385	-0.86727 	0.29912 	11.0163 	0.0133509 	0.438996 	0.000132094 	
4.39	-1.05963 	0.325941 	10.9923 	0.0113667 	0.41919 	-0.000352649 	
4.395	-1.22417 	0.348889 	10.9712 	0.00967062 	0.402252 	-0.000775672 	
4.4	-1.36492 	0.368454 	10.9524 	0.00822718 	0.387759 	-0.00114167 	
4.405	-1.48532 	0.38508 	10.9357 	0.00700059 	0.375351 	-0.00145647 	
4.41	-1.58835 	0.399433 	10.9206 	0.00595116 	0.364725 	-0.00176377 	
4.415	-1.67652 	0.411505 	10.907 	0.00506778 	0.355617 	-0.00202177 	
4.42	-1.75202 	0.421702 	10.8946 	0.00432364 	0.347804 	-0.00225096 	
4.425	-1.82253 	0.433499 	10.8863 	0.00334476 	0.341052 	-0.0021486 	
4.43	-1.88284 	0.440384 	10.8754 	0.00278863 	0.334846 	-0.00205675 	
4.435	-1.93375 	0.449477 	10.8684 	0.00205052 	0.330005 	-0.00206328 	
4.44	-1.97914 	0.459317 	10.8626 	0.0012265 	0.325808 	-0.00202571 	
4.445	-2.01566 	0.462722 	10.8541 	0.000991963 	0.322052 	-0.00207428 	
4.45	-2.04909 	0.469151 	10.8483 	0.000464048 	0.318902 	-0.00206256 	
4.455	-2.09257 	0.536398 	10.845 	-0.00572061 	0.315954 	-0.00166724 	
4.46	-2.04708 	0.513364 	10.8536 	-0.00364233 	0.321224 	-0.00182862 	
4.465	1.47818 	-0.0169219 	11.2767 	0.0403766 	0.687833 	-0.0100463 	
4.47	0.181248 	0.194439 	11.1602 	0.0210562 	0.559657 	-0.000259895 	
4.475	-0.16546 	0.232777 	11.1009 	0.0186271 	0.521346 	-0.00190953 	
4.48	-0.504302 	0.343661 	11.0837 	0.00797525 	0.490888 	0.00356792 	
4.485	-0.750154 	0.350351 	11.0346 	0.0083873 	0.462615 	0.00107887 	
4.49	-0.969123 	0.371881 	10.9988 	0.00711855 	0.438897 	-3.65963e-05 	
4.495	-1.14885 	0.386521 	10.9686 	0.00611187 	0.419346 	-0.000191761 	
4.5	-1.3117 	0.40368 	10.9411 	0.00515068 	0.401761 	-0.00132265 	
4.505	-1.44921 	0.417372 	10.9169 	0.00435829 	0.386854 	-0.00210773 	
4.51	-1.56129 	0.425466 	10.8962 	0.00375022 	0.374604 	-0.00197126 	
4.515	-1.65838 	0.433112 	10.8777 	0.00321682 	0.364015 	-0.0020274 	
4.52	-1.74148 	0.439515 	10.8612 	0.00277369 	0.354942 	-0.0020827 	
4.525	-1.816 	0.446306 	10.8463 	0.00225052 	0.346904 	-0.00196928 	
4.53	-1.91813 	0.528452 	10.8604 	-0.00621262 	0.34163 	0.0034113 	
4.535	-1.98819 	0.564344 	10.8593 	-0.00983362 	0.33637 	0.00560277 	
4.54	-2.01815 	0.535305 	10.8363 	-0.00664572 	0.330598 	0.00321496 	
4.545	-2.04591 	0.52043 	10.8208 	-0.00511534 	0.326369 	0.00250731 	
4.55	-2.05181 	0.516974 	10.8177 	-0.00474005 	0.325567 	0.0021792 	
4.555	-2.04519 	0.509197 	10.8139 	-0.0039612 	0.325885 	0.00173899 	
4.56	-2.04177 	0.502345 	10.8094 	-0.00326867 	0.325884 	0.0013574 	
4.565	-2.07389 	0.490987 	10.7934 	-0.00205498 	0.321412 	0.000724628 	
4.57	-2.00203 	0.464012 	10.7747 	0.00115049 	0.325432 	-0.00319922 	
4.575	-1.95941 	0.444412 	10.7595 	0.00345702 	0.327419 	-0.00585013 	
4.58	-1.39346 	0.33899 	10.8104 	0.0134868 	0.383329 	-0.0125904 	
4.585	-1.54607 	0.355537 	10.7766 	0.012374 	0.366017 	-0.0129785 	
4.59	-1.57165 	0.352201 	10.76 	0.0130061 	0.361961 	-0.0141848 	
4.595	-1.59398 	0.349441 	10.7453 	0.0135327 	0.358453 	-0.0152058 	
4.6	-1.61347 	0.347065 	10.7321 	0.0139785 	0.355411 	-0.0160671 	
4.605	-1.60621 	0.353254 	10.7347 	0.0133056 	0.356788 	-0.0156378 	
4.61	-1.39937 	0.345909 	10.7769 	0.0136537 	0.380769 	-0.0157794 	
4.615	-1.26776 	0.341153 	10.8032 	0.0137579 	0.396127 	-0.0154018 	
4.62	-1.15499 	0.337358 	10.8255 	0.013907 	0.409261 	-0.0154285 	
4.625	-1.26149 	0.345956 	10.8019 	0.0132708 	0.397238 	-0.0153126 	
4.63	-1.33591 	0.342211 	10.7745 	0.0139728 	0.387558 	-0.0164176 	
4.635	-1.37212 	0.349712 	10.769 	0.0132239 	0.384031 	-0.0159112 	
4.64	-1.40791 	0.35446 	10.7607 	0.0128053 	0.380182 	-0.0157294 	
4.645	-1.41392 	0.369165 	10.7687 	0.0111042 	0.381131 	-0.0142583 	
4.65	-1.4213 	0.377663 	10.7717 	0.0100947 	0.381249 	-0.0134118 	
4.655	-0.950419 	0.31329 	10.8331 	0.0141847 	0.43187 	-0.00994169 	
4.66	-0.532361 	0.255358 	10.8915 	0.0182385 	0.476892 	-0.00826942 	
4.665	-0.790154 	0.300048 	10.8607 	0.0147153 	0.450312 	-0.00854255 	
4.67	-0.731234 	0.299794 	10.8749 	0.0148643 	0.457433 	-0.00922522 	
4.675	2.7857 	-0.119553 	11.4483 	0.0478711 	0.839071 	-0.0145151 	
4.68	1.20089 	0.203732 	11.2649 	0.0186274 	0.680957 	-0.0019765 	
4.685	0.703839 	0.23289 	11.1753 	0.0172015 	0.624893 	-0.00352889 	
4.69	0.281143 	0.25077 	11.0926 	0.016591 	0.576952 	-0.00485572 	
4.695	-0.084719 	0.288738 	11.0401 	0.013525 	0.538135 	-0.00352929 	
4.7	-0.412463 	0.322813 	10.982 	0.0110647 	0.50206 	-0.00373676 	
4.705	-0.68277 	0.348052 	10.9378 	0.00917684 	0.472962 	-0.00332051 	
4.71	-0.919961 	0.377879 	10.8994 	0.0068186 	0.447317 	-0.00320015 	
4.715	-1.12353 	0.401955 	10.8652 	0.00493156 	0.425262 	-0.00308379 	
4.72	-1.29726 	0.422208 	10.8357 	0.00332609 	0.406497 	-0.00289353 	
4.725	-1.44525 	0.439594 	10.8101 	0.00194628 	0.390539 	-0.00270348 	
4.73	-1.57012 	0.454346 	10.7875 	0.000778379 	0.377045 	-0.00256712 	
4.735	-1.67163 	0.465589 	10.7674 	-8.03633e-05 	0.365916 	-0.00259186 	
4.74	-1.7373 	0.473642 	10.7537 	-0.000668013 	0.358799 	-0.00259494 	
4.745	-1.79746 	0.480377 	10.7403 	-0.00115567 	0.35223 	-0.0026052 	
4.75	-1.86663 	0.483595 	10.7251 	-0.00124573 	0.344721 	-0.00284945 	
4.755	-1.9344 	0.487438 	10.7042 	-0.0014201 	0.336615 	-0.00313513 	
4.76	-1.96416 	0.479473 	10.6928 	-0.000630885 	0.333021 	-0.00319574 	
4.765	-2.05901 	0.743606 	10.6978 	-0.0233492 	0.32849 	-0.0075305 	
4.77	-2.07917 	0.657553 	10.6872 	-0.0161165 	0.324975 	-0.00496985 	
4.775	-2.10831 	0.631238 	10.6711 	-0.013671 	0.320649 	-0.00503383 	
4.78	-2.13048 	0.606306 	10.6584 	-0.0114959 	0.317432 	-0.00465661 	
4.785	-2.15082 	0.58668 	10.6475 	-0.00973184 	0.314626 	-0.00447092 	
4.79	-2.17504 	0.585552 	10.6421 	-0.00968208 	0.312032 	-0.00414131 	
4.795	-2.17966 	0.579244 	10.6363 	-0.00907813 	0.311218 	-0.00410281 	
4.8	-2.18016 	0.526324 	10.5986 	-0.00382133 	0.305588 	-0.00675225 	
4.805	-2.07977 	0.508141 	10.6125 	-0.00322157 	0.316745 	-0.00332732 	
4.81	-2.01081 	0.488657 	10.617 	-0.00224169 	0.323674 	-0.000830753 	
4.815	-1.95792 	0.472083 	10.6186 	-0.00115371 	0.328945 	0.0002944 	
4.82	-1.78129 	0.437656 	10.6402 	0.00156744 	0.347494 	0.000422575 	
4.825	-1.72586 	0.555821 	10.7243 	-0.00725293 	0.363607 	-0.0061766 	
4.83	-1.52326 	0.468982 	10.7208 	-0.000609644 	0.38085 	-0.00321337 	
4.835	-1.39703 	0.431578 	10.7278 	0.00260881 	0.393225 	-0.0038158 	
4.84	-1.30178 	0.39975 	10.7304 	0.0052671 	0.402192 	-0.00374829 	
4.845	-1.2378 	0.373883 	10.7289 	0.00741481 	0.40784 	-0.00354643 	
4.85	-1.19724 	0.355518 	10.7258 	0.00896687 	0.411349 	-0.00351707 	
4.855	-1.1705 	0.340889 	10.7215 	0.0102131 	0.413499 	-0.00349069 	
4.86	-1.15575 	0.327991 	10.7156 	0.0112458 	0.4143 	-0.0031822 	
4.865	-1.19963 	0.324729 	10.7002 	0.011541 	0.408811 	-0.00294631 	
4.87	-1.36569 	0.299706 	10.6545 	0.0136781 	0.389927 	-0.00112415 	
4.875	-1.48269 	0.319296 	10.632 	0.0121739 	0.377081 	-0.00138086 	
4.88	-1.58703 	0.332479 	10.6139 	0.011223 	0.366235 	-0.00152378 	
4.885	-1.67488 	0.342488 	10.5966 	0.010494 	0.356883 	-0.00158495 	
4.89	1.66834 	-0.0999322 	11.1896 	0.0456842 	0.722476 	-0.00741501 	
4.895	0.271708 	0.237393 	11.0583 	0.014225 	0.589368 	0.0101851 	
4.9	-0.103292 	0.259456 	10.9685 	0.0136521 	0.544825 	0.00679594 	
4.905	-0.432968 	0.288553 	10.8964 	0.0120345 	0.506911 	0.00495049 	
4.91	-0.716512 	0.284716 	10.841 	0.0125373 	0.475523 	0.00654454 	
4.915	-0.959268 	0.28833 	10.7924 	0.0124701 	0.448548 	0.00735468 	
4.92	-1.2026 	0.4516 	10.7739 	-0.00127467 	0.426381 	0.00560482 	
4.925	-1.39008 	0.514647 	10.743 	-0.00632664 	0.406771 	0.00454205 	
4.93	-1.52327 	0.477125 	10.6971 	-0.00253422 	0.389121 	0.00358358 	
4.935	-1.68757 	0.613741 	10.6919 	-0.0142179 	0.37561 	0.00281678 	
4.94	-1.77856 	0.559302 	10.6508 	-0.00902463 	0.362215 	0.00207778 	
4.945	-1.85835 	0.538032 	10.6147 	-0.00655561 	0.3505 	3.44373e-05 	
4.95	-1.92802 	0.520272 	10.5842 	-0.00455443 	0.340552 	-0.00142001 	
4.955	-1.99099 	0.513067 	10.5626 	-0.00370902 	0.332597 	-0.00190527 	
4.96	-1.90796 	0.204865 	10.3954 	0.0233445 	0.317846 	-0.00337855 	
4.965	-1.83159 	0.415203 	10.4814 	0.00710493 	0.332393 	-0.0157742 	
4.97	-1.70573 	0.35808 	10.5386 	0.0113194 	0.351959 	-0.0111256 	
4.975	-1.33879 	0.295645 	10.5994 	0.0164212 	0.391481 	-0.0118895 	
4.98	-0.867982 	0.237101 	10.6934 	0.0207241 	0.444899 	-0.0111221 	
4.985	-0.78428 	0.222843 	10.7248 	0.0217568 	0.456663 	-0.0100557 	
4.99	-0.866341 	0.234166 	10.736 	0.0208444 	0.451443 	-0.00883483 	
4.995	-0.998403 	-0.0252002 	10.5263 	0.043703 	0.413255 	-0.0095022 	
5	-1.09036 	-0.195504 	10.3904 	0.0586301 	0.388099 	-0.00970796 	
5.005	-1.16855 	-0.341858 	10.2731 	0.0713949 	0.366546 	-0.00985405 	
5.01	-1.48004 	-0.00445704 	10.3866 	0.0393945 	0.358771 	0.00266827 	
5.015	-1.74204 	0.192496 	10.4632 	0.0191632 	0.350424 	0.0176913 	
5.02	0.290116 	-0.118681 	10.7989 	0.0452821 	0.566547 	0.00861405 	
5.025	-0.552734 	-0.000523832 	10.6782 	0.0349877 	0.479534 	0.0146641 	
5.03	-0.758018 	-0.0263927 	10.5521 	0.0400579 	0.445825 	0.00337363 	
5.035	-1.01155 	0.0766162 	10.5251 	0.0326213 	0.419961 	-6.87153e-05 	
5.04	-1.21826 	0.136178 	10.4894 	0.0285151 	0.397431 	-0.00285717 	
5.045	-1.30432 	0.0481322 	10.3694 	0.0380818 	0.375519 	-0.0116179 	
5.05	1.42314 	-0.310114 	10.8923 	0.0651085 	0.676149 	-0.011984 	
5.055	0.257676 	0.0655055 	10.7275 	0.0349805 	0.554797 	-0.0166024 	
5.06	-0.123092 	0.0793573 	10.671 	0.0334783 	0.515147 	-0.0125594 	
5.065	-0.418504 	0.0435234 	10.5899 	0.0369155 	0.479721 	-0.0120841 	
5.07	-0.616842 	0.0980985 	10.5925 	0.0329294 	0.464148 	-0.0136095 	
5.075	1.61236 	-0.12974 	11.0909 	0.0493964 	0.718795 	-0.0131346 	
5.08	0.974798 	-0.600557 	10.4529 	0.088699 	0.580393 	-0.00974154 	
5.085	0.397612 	-0.322108 	10.5308 	0.0653284 	0.541525 	-0.00781211 	
5.09	-0.0947249 	0.0926661 	10.5643 	0.0296435 	0.506544 	-0.00736276 	
5.095	-0.576243 	0.359936 	10.6755 	0.00593955 	0.478864 	0.000190105 	
5.1	-0.824371 	0.303712 	10.5765 	0.0112343 	0.44515 	-0.000722391 	
5.105	-1.05967 	0.31408 	10.5321 	0.0108753 	0.41969 	-0.00126144 	
5.11	-1.25722 	0.341873 	10.5031 	0.0089027 	0.399007 	-0.00162301 	
5.115	-1.42512 	0.356669 	10.4761 	0.00790765 	0.381322 	-0.0015237 	
5.12	-1.56832 	0.378456 	10.4591 	0.00612021 	0.367357 	-0.000787844 	
5.125	-1.6362 	0.255945 	10.3907 	0.017256 	0.353171 	-0.00219779 	
5.13	-1.7542 	0.305919 	10.3915 	0.0128547 	0.343568 	-0.00103617 	
5.135	-1.83711 	0.320664 	10.3823 	0.011599 	0.335727 	-0.000496673 	
5.14	-1.83917 	0.156626 	10.2808 	0.0272594 	0.322271 	-0.00681465 	
5.145	-1.78604 	-0.0612533 	10.1504 	0.0454122 	0.308736 	-0.00545101 	
5.15	-1.77593 	-0.180783 	10.0737 	0.0556691 	0.299303 	-0.00594554 	
5.155	-2.01602 	0.0478653 	10.2114 	0.0335991 	0.302296 	0.00759916 	
5.16	-2.03874 	0.0881652 	10.2122 	0.0308975 	0.299914 	0.00427249 	
5.165	2.9711 	-0.632378 	11.1459 	0.0847926 	0.844724 	0.00685927 	
5.17	1.07134 	-0.136488 	10.9139 	0.0430538 	0.657267 	0.0149561 	
5.175	0.587297 	-0.0901718 	10.8122 	0.0406254 	0.602031 	0.0114595 	
5.18	0.142213 	-0.0273603 	10.7204 	0.0362993 	0.55196 	0.00943813 	
5.185	-0.235056 	0.0300255 	10.6451 	0.0322454 	0.509986 	0.00785163 	
5.19	-0.519668 	0.0717848 	10.594 	0.0293691 	0.47952 	0.00680401 	
5.195	-0.767011 	0.108542 	10.5475 	0.026803 	0.452759 	0.00586243 	
5.2	-0.871113 	0.126638 	10.5402 	0.0261569 	0.443598 	0.00251997 	
5.205	-0.966723 	0.115966 	10.5063 	0.027571 	0.431276 	0.000845323 	
5.21	-1.05165 	0.113747 	10.4832 	0.028252 	0.421397 	-0.000866127 	
5.215	-0.808751 	0.14956 	10.4268 	0.0234693 	0.432757 	0.00332495 	
5.22	-0.267664 	0.0809099 	10.5891 	0.0292885 	0.500572 	0.000985683 	
5.225	-0.552487 	0.0401855 	10.4638 	0.0323506 	0.45902 	0.00251651 	
5.23	-0.183965 	-0.197487 	9.964 	0.0348234 	0.404864 	0.0604396 	
5.235	-0.548922 	-0.157236 	10.0261 	0.0377235 	0.389365 	0.0407309 	
5.24	-0.776273 	-0.15299 	10.0359 	0.0397946 	0.373225 	0.0333975 	
5.245	-1.03398 	-0.0142286 	10.0848 	0.0297176 	0.360439 	0.0285797 	
5.25	-1.2227 	0.0309296 	10.0964 	0.0275338 	0.347851 	0.023828 	
5.255	-1.38527 	0.0763049 	10.1076 	0.0249741 	0.33724 	0.0201399 	
5.26	-1.42277 	0.135195 	10.1623 	0.0209428 	0.342912 	0.0170921 	
5.265	-1.37731 	0.162838 	10.2248 	0.0199471 	0.356953 	0.0123165 	
5.27	-1.55238 	0.193162 	10.2043 	0.0180414 	0.340433 	0.0108592 	
5.275	-1.663 	0.218014 	10.1991 	0.0165581 	0.331444 	0.00921238 	
5.28	-1.76014 	0.230098 	10.1881 	0.0161185 	0.322726 	0.00764056 	
5.285	-1.72639 	-0.000889716 	10.0566 	0.0366968 	0.308313 	0.00350002 	
5.29	-1.75387 	0.107695 	10.1463 	0.0286399 	0.320187 	0.00019818 	
5.295	-1.73266 	0.0821563 	10.0138 	0.0313995 	0.301714 	-0.00609663 	
5.3	-1.10726 	0.0510172 	10.2313 	0.0332542 	0.384852 	-0.00459933 	
5.305	-0.937274 	-0.13293 	10.1179 	0.0484524 	0.384773 	-0.0036932 	
5.31	-1.11586 	0.00173773 	10.1824 	0.0372745 	0.379425 	-0.00284022 	
5.315	-1.18999 	0.0822499 	10.2284 	0.0305151 	0.380323 	-0.00224285 	
5.32	-1.13715 	0.101544 	10.2773 	0.0288054 	0.391996 	-0.00156457 	
5.325	1.25782 	-0.278333 	10.7898 	0.0586363 	0.661052 	-0.00407495 	
5.33	0.195569 	0.00190776 	10.6254 	0.0361492 	0.55099 	-0.00391659 	
5.335	-0.161432 	0.0297187 	10.5489 	0.0339868 	0.51142 	-0.00258433 	
5.34	-0.477272 	0.08408 	10.4961 	0.0295981 	0.47849 	-0.00167915 	
5.345	-0.682933 	0.149685 	10.512 	0.025701 	0.465397 	-0.00625338 	
5.35	-0.854414 	0.181575 	10.4929 	0.0237966 	0.449456 	-0.00788868 	
5.355	0.558638 	0.0470681 	10.842 	0.0329234 	0.613589 	-0.00616367 	
5.36	0.403024 	0.0168512 	10.7711 	0.0356848 	0.591244 	-0.00634683 	
5.365	-0.109185 	0.0890029 	10.6501 	0.0295333 	0.53208 	-0.0039399 	
5.37	-0.442429 	0.109874 	10.5595 	0.0276036 	0.492212 	-0.00178423 	
5.375	-0.669497 	-0.0151689 	10.435 	0.0383208 	0.455308 	-0.000772552 	
5.38	-1.00745 	0.252093 	10.4349 	0.0162045 	0.429108 	-0.00234548 	
5.385	-1.21313 	0.245631 	10.3799 	0.017247 	0.404905 	-0.00273999 	
5.39	-1.39425 	0.268175 	10.3346 	0.0156312 	0.384136 	-0.00308934 	
5.395	-1.5401 	0.309168 	10.3098 	0.0121788 	0.369057 	-0.00262341 	
5.4	-0.690891 	0.734719 	10.4265 	-0.0269097 	0.459754 	-0.000575301 	
5.405	-0.641678 	0.548288 	10.4589 	-0.0114577 	0.466604 	0.00834258 	
5.41	-0.588968 	0.652615 	10.6443 	-0.0202023 	0.497814 	0.00956804 	
5.415	-0.450678 	0.673215 	10.6929 	-0.0215793 	0.514848 	0.00662361 	
5.42	1.55975 	0.309821 	11.1457 	0.00737519 	0.742339 	0.00365473 	
5.425	2.76172 	0.0874611 	11.4165 	0.0251445 	0.878182 	0.00163057 	
5.43	1.8116 	0.149398 	11.1947 	0.0223458 	0.770855 	-0.00278098 	
5.435	1.20156 	0.0842477 	10.9677 	0.0282841 	0.689392 	-0.0018547 	
5.44	0.820652 	0.0582168 	10.8855 	0.0317721 	0.648011 	-0.00400993 	
5.445	0.676235 	0.148651 	11.0008 	0.0277015 	0.655185 	-0.0148425 	
5.45	0.152147 	0.19207 	10.8325 	0.0230868 	0.587554 	-0.00971948 	
5.455	-0.223961 	0.231227 	10.733 	0.0196577 	0.542583 	-0.00782974 	
5.46	0.274588 	0.142631 	10.8348 	0.0262255 	0.596994 	-0.00711516 	
5.465	0.0527899 	0.12477 	10.7487 	0.0274715 	0.566602 	-0.00542489 	
5.47	1.52631 	-0.0678782 	11.0817 	0.0420241 	0.732811 	-0.0069216 	
5.475	0.599185 	0.0313691 	10.8487 	0.0340668 	0.624274 	-0.00494597 	
5.48	1.4156 	-0.0716588 	11.0384 	0.0419162 	0.717735 	-0.00581508 	
5.485	1.82442 	-0.111911 	11.1464 	0.0450137 	0.766289 	-0.00636734 	
5.49	1.17625 	0.0202228 	11.0505 	0.0357136 	0.700979 	-0.00955428 	
5.495	0.640628 	0.0923058 	10.9168 	0.0291544 	0.638942 	-0.00450523 	
5.5	1.5295 	-0.0311943 	11.1076 	0.0383389 	0.737642 	-0.00517884 	
5.505	1.77517 	-0.0754814 	11.1538 	0.041757 	0.763744 	-0.00531741 	
5.51	1.70677 	-0.067736 	11.1359 	0.0411326 	0.755462 	-0.00514549 	
5.515	0.965456 	0.0113818 	10.942 	0.0353552 	0.667409 	-0.00493229 	
5.52	1.17555 	-0.0262475 	10.9871 	0.0382839 	0.690748 	-0.00515651 	
5.525	0.671609 	0.0211373 	10.8725 	0.0350894 	0.633772 	-0.00571988 	
5.53	0.233068 	0.0713945 	10.7403 	0.0313105 	0.579754 	-0.00672054 	
5.535	-0.0978745 	0.169932 	10.596 	0.0243931 	0.531791 	-0.0134492 	
5.54	1.64137 	-0.124397 	10.9519 	0.0449201 	0.721807 	-0.00563475 	
5.545	0.760016 	0.0148124 	10.7973 	0.0344703 	0.628042 	-0.00515858 	
5.55	0.328866 	0.122293 	10.7596 	0.0271466 	0.588845 	-0.00764308 	
5.555	1.20784 	0.0176803 	10.9957 	0.0351607 	0.694462 	-0.00878561 	
5.56	1.42177 	-0.037769 	11.0272 	0.039392 	0.71605 	-0.00796292 	
5.565	1.59781 	-0.0624505 	11.0684 	0.0411396 	0.736189 	-0.00758295 	
5.57	1.14166 	0.0133101 	10.9763 	0.0350472 	0.686396 	-0.00622438 	
5.575	0.603043 	0.0581993 	10.8148 	0.0317589 	0.619987 	-0.00604228 	
5.58	0.47008 	0.0623988 	10.7682 	0.0315009 	0.602693 	-0.00598971 	
5.585	0.00857297 	0.110686 	10.6479 	0.0277275 	0.548358 	-0.00496372 	
5.59	-0.253021 	0.174729 	10.621 	0.0226793 	0.52323 	-0.00453517 	
5.595	-0.438191 	0.216684 	10.5993 	0.0194624 	0.505303 	-0.00442911 	
5.6	2.08401 	-0.152898 	11.162 	0.0475639 	0.789824 	-0.00580877 	
5.605	2.23364 	-0.161632 	11.2108 	0.0481578 	0.808656 	-0.005768 	
5.61	1.24738 	-0.133197 	10.9642 	0.0442731 	0.695401 	0.00680655 	
5.615	2.065 	-0.272034 	11.1207 	0.0558752 	0.782444 	0.00156805 	
5.62	1.11584 	-0.0500868 	10.9551 	0.038824 	0.682261 	0.00208457 	
5.625	0.62746 	-0.0426196 	10.7777 	0.0385255 	0.618139 	0.000718064 	
5.63	0.200104 	0.0402391 	10.668 	0.033107 	0.568033 	-0.00382786 	
5.635	-0.169444 	0.0381345 	10.5445 	0.0333005 	0.521297 	-0.0029652 	
5.64	1.50899 	-0.209725 	10.9494 	0.0519716 	0.71404 	-0.00208341 	
5.645	1.25488 	-0.141886 	10.9101 	0.0467794 	0.688203 	-0.00260562 	
5.65	1.61752 	-0.178923 	11.0037 	0.0495722 	0.730791 	-0.00308104 	
5.655	0.871823 	-0.0302443 	10.8375 	0.037314 	0.647182 	-0.000634391 	
5.66	0.395301 	0.0240581 	10.701 	0.0337633 	0.589517 	-0.00240124 	
5.665	-0.030851 	0.0843165 	10.6078 	0.0296311 	0.542431 	-0.00345085 	
5.67	-0.404111 	0.17619 	10.527 	0.0221782 	0.501264 	-0.00303396 	
5.675	-0.707206 	0.245711 	10.4551 	0.0167177 	0.466939 	-0.00340041 	
5.68	-0.969227 	0.315057 	10.3997 	0.011339 	0.43841 	-0.0039572 	
5.685	-1.19137 	0.36939 	10.3485 	0.00710057 	0.413664 	-0.00423031 	
5.69	-1.37069 	0.368907 	10.2857 	0.00729421 	0.390757 	-0.00371833 	
5.695	-1.52883 	0.387025 	10.2381 	0.00594631 	0.371735 	-0.00361246 	
5.7	-1.66576 	0.408655 	10.1986 	0.00429087 	0.355601 	-0.00365173 	
5.705	-1.77327 	0.420898 	10.1702 	0.00426084 	0.343751 	-0.00700102 	
5.71	0.612496 	0.177739 	10.8016 	0.0199976 	0.620351 	-0.000245324 	
5.715	-0.339046 	0.304839 	10.558 	0.0109893 	0.511173 	-0.00231775 	
5.72	-0.65197 	0.351959 	10.4868 	0.00741234 	0.476575 	-0.00218671 	
5.725	-0.899049 	0.372869 	10.4209 	0.00594207 	0.447974 	-0.00206535 	
5.73	-1.10518 	0.335195 	10.3306 	0.00957407 	0.419135 	-0.0030685 	
5.735	-1.27794 	0.298756 	10.2521 	0.012608 	0.394606 	-0.00223472 	
5.74	-1.42803 	0.276263 	10.1877 	0.014591 	0.373966 	-0.00201996 	
5.745	-1.5522 	0.245694 	10.1271 	0.0170737 	0.355908 	-0.00127793 	
5.75	-1.6645 	0.238121 	10.0827 	0.0177533 	0.341169 	-0.00112658 	
5.755	-1.76663 	0.240537 	10.0465 	0.0176885 	0.328433 	-0.00138119 	
5.76	2.80433 	-0.206096 	11.3361 	0.051234 	0.877734 	-0.00769821 	
5.765	1.16121 	-0.131895 	10.8233 	0.0463122 	0.673521 	-0.00515078 	
5.77	0.241114 	0.390267 	11.0373 	0.00168106 	0.63753 	0.00230964 	
5.775	-0.0888032 	0.346535 	10.8139 	0.00637434 	0.577515 	-0.000140215 	
5.78	-0.438429 	0.378296 	10.695 	0.00427762 	0.532395 	-0.000435099 	
5.785	-1.55995 	0.38596 	11.2227 	0.0133508 	0.523931 	-0.00344348 	
5.79	-1.55437 	0.396969 	10.9151 	0.0105865 	0.479202 	-0.00651144 	
5.795	-1.69058 	0.424282 	10.7761 	0.00747028 	0.44782 	-0.00511324 	
5.8	-1.81372 	0.422389 	10.6505 	0.00734141 	0.419936 	-0.00499136 	
5.805	-1.96284 	0.428649 	10.5669 	0.00617803 	0.39704 	-0.00169628 	
5.81	-2.03158 	0.4504 	10.4715 	0.00387882 	0.377385 	-0.00205071 	
5.815	-2.13015 	0.712441 	10.3837 	-0.0193335 	0.357899 	-0.00320979 	
5.82	-1.73472 	-0.343663 	10.0382 	0.0700073 	0.335353 	0.00209554 	
5.825	-1.86324 	-0.10004 	10.0458 	0.0490044 	0.32744 	0.00083272 	
5.83	-1.89996 	-0.0650777 	10.0056 	0.0456652 	0.318942 	0.000842118 	
5.835	-1.92254 	-0.00391929 	10.0149 	0.0403942 	0.318621 	0.000342318 	
5.84	-1.97939 	0.065172 	9.9948 	0.0344872 	0.31185 	0.000105166 	
5.845	-2.00408 	0.073954 	9.97281 	0.0335264 	0.306895 	-0.000111369 	
5.85	-0.416122 	-0.105509 	10.3782 	0.0453755 	0.490984 	0.00298472 	
5.855	-0.0581278 	-0.106089 	10.5039 	0.0454296 	0.537931 	0.00130011 	
5.86	-0.364723 	-0.0359137 	10.4896 	0.0397674 	0.512277 	0.00365819 	
5.865	-0.7174 	0.0361606 	10.3629 	0.0340708 	0.466378 	0.00233457 	
5.87	-0.895154 	0.0683554 	10.322 	0.0316806 	0.446195 	0.00170657 	
5.875	-0.9851 	0.0800541 	10.3128 	0.0296319 	0.437923 	0.00235403 	
5.88	-1.06403 	0.114456 	10.3451 	0.0270472 	0.437021 	0.00409784 	
5.885	-1.02337 	0.122425 	10.3878 	0.0263021 	0.446965 	0.00521409 	
5.89	-1.00301 	0.131897 	10.4195 	0.0254966 	0.453614 	0.00602243 	
5.895	-1.00201 	0.142455 	10.4437 	0.0245947 	0.457674 	0.00682628 	
5.9	-1.11036 	0.180163 	10.4054 	0.021933 	0.443133 	0.00490848 	
5.905	-1.17988 	0.206022 	10.384 	0.0200808 	0.434423 	0.00380781 	
5.91	-1.239 	0.227775 	10.365 	0.0185248 	0.426982 	0.00286862 	
5.915	-1.2888 	0.243563 	10.3475 	0.0174277 	0.420553 	0.00207577 	
5.92	-1.33292 	0.259369 	10.3331 	0.0162925 	0.415063 	0.0013923 	
5.925	-1.3693 	0.271912 	10.32 	0.0153926 	0.410439 	0.00081832 	
5.93	-1.39974 	0.282231 	10.308 	0.0146511 	0.406498 	0.000329781 	
5.935	-1.42525 	0.290788 	10.2972 	0.0140372 	0.403145 	-8.05304e-05 	
5.94	-1.45152 	0.302634 	10.2853 	0.0131234 	0.399691 	-0.000452444 	
5.945	-1.5324 	0.210111 	10.1082 	0.0179033 	0.368243 	0.00874285 	
5.95	1.04423 	-0.073018 	10.8293 	0.0391358 	0.676973 	0.00479987 	
5.955	0.124765 	0.0550318 	10.6048 	0.0300301 	0.571665 	0.00392935 	
5.96	-0.212635 	0.104756 	10.5442 	0.0265376 	0.536643 	0.00398087 	
5.965	-0.561696 	0.222938 	10.4537 	0.0173766 	0.496824 	0.00230351 	
5.97	-0.62141 	0.0893007 	10.2808 	0.0281208 	0.468383 	0.00259465 	
5.975	-0.826693 	0.158036 	10.2865 	0.0230946 	0.452535 	0.00172901 	
5.98	-0.846061 	0.0258081 	10.1299 	0.0333376 	0.429669 	0.0020823 	
5.985	-1.01368 	0.0463677 	10.1582 	0.0325448 	0.418993 	0.00117019 	
5.99	-1.13919 	0.10682 	10.1539 	0.0278847 	0.408818 	0.000673842 	
5.995	-1.24349 	0.145634 	10.1498 	0.0249939 	0.400162 	0.000232134 	
6	-1.27912 	0.172013 	10.1597 	0.0230303 	0.399004 	-0.000171269 	
6.005	-1.27707 	0.18917 	10.1734 	0.0217039 	0.401345 	-0.000418102 	
6.01	-1.28433 	0.205531 	10.1832 	0.0204674 	0.402429 	-0.000644036 	
6.015	-1.29026 	0.219251 	10.1908 	0.019424 	0.40333 	-0.000836087 	
6.02	-1.2983 	0.234453 	10.1956 	0.0182424 	0.403736 	-0.00100882 	
6.025	-1.30419 	0.246636 	10.1993 	0.0173 	0.404161 	-0.00116029 	
6.03	-1.34875 	0.261253 	10.1917 	0.0161817 	0.399894 	-0.0012419 	
6.035	-1.33993 	0.239565 	10.197 	0.0180822 	0.401253 	-0.00133648 	
6.04	-1.33971 	0.255624 	10.1985 	0.0167655 	0.40202 	-0.00144995 	
6.045	-1.3389 	0.263656 	10.1993 	0.0161241 	0.402632 	-0.00154392 	
6.05	-1.38423 	0.283172 	10.1906 	0.014574 	0.398249 	-0.00161793 	
6.055	-1.42307 	0.285267 	10.1786 	0.014589 	0.393769 	-0.00142105 	
6.06	-1.42679 	0.284268 	10.1744 	0.0147266 	0.393126 	-0.00172505 	
6.065	-1.45794 	0.291168 	10.1652 	0.014193 	0.389821 	-0.0017526 	
6.07	-1.47686 	0.297494 	10.1616 	0.0136667 	0.388159 	-0.00179549 	
6.075	-1.80092 	0.705967 	10.4882 	-0.0174414 	0.406363 	-0.00285022 	
6.08	-1.73659 	0.576768 	10.3651 	-0.0076469 	0.39536 	-0.00248503 	
6.085	-1.73463 	0.544407 	10.3263 	-0.00522912 	0.390683 	-0.00237859 	
6.09	-1.71827 	0.518571 	10.2952 	-0.00331299 	0.388269 	-0.0023398 	
6.095	-1.77022 	0.621617 	10.3917 	-0.0111382 	0.397468 	-0.00277176 	
6.1	-1.70726 	0.550432 	10.3321 	-0.00575769 	0.394932 	-0.00255991 	
6.105	1.37287 	0.124618 	11.2271 	0.0257654 	0.764936 	-0.00346757 	
6.11	0.322641 	0.271956 	10.8892 	0.014509 	0.635516 	-0.00269453 	
6.115	-0.0147813 	0.347085 	10.7903 	0.0107407 	0.595552 	-0.0104877 	
6.12	-0.216902 	0.331159 	10.7023 	0.0114177 	0.567721 	-0.00729614 	
6.125	-0.405864 	0.324316 	10.6203 	0.0121752 	0.541363 	-0.00741289 	
6.13	-0.581126 	0.329597 	10.5512 	0.0121042 	0.518201 	-0.00674969 	
6.135	-0.760368 	0.324509 	10.5026 	0.0126339 	0.498214 	-0.00233665 	
6.14	-0.858203 	0.325521 	10.4506 	0.012409 	0.483337 	-0.0035189 	
6.145	-1.10061 	0.339216 	10.3751 	0.0118358 	0.454751 	-0.00513339 	
6.15	-1.27909 	0.348653 	10.317 	0.0114084 	0.433416 	-0.00627209 	
6.155	-1.42153 	0.350464 	10.2598 	0.0114122 	0.414812 	-0.00688065 	
6.16	-1.46498 	0.349508 	10.2297 	0.0111624 	0.406962 	-0.00604704 	
6.165	-1.51334 	0.347454 	10.1993 	0.0111273 	0.398917 	-0.00556217 	
6.17	-1.55109 	0.345514 	10.1724 	0.0111045 	0.392221 	-0.00508627 	
6.175	-1.58305 	0.345565 	10.1492 	0.0109319 	0.386596 	-0.00471055 	
6.18	-1.60798 	0.344641 	10.1291 	0.010844 	0.382005 	-0.00437818 	
6.185	-1.62753 	0.343434 	10.1112 	0.0108024 	0.378193 	-0.00410053 	
6.19	-1.6464 	0.344871 	10.0974 	0.0105598 	0.37501 	-0.00385855 	
6.195	-1.65025 	0.329146 	10.0854 	0.0117407 	0.373176 	-0.00360185 	
6.2	-1.65696 	0.324137 	10.0723 	0.0120525 	0.371087 	-0.00341628 	
6.205	-1.66728 	0.322258 	10.0592 	0.0121182 	0.368779 	-0.00325653 	
6.21	-1.67801 	0.316797 	10.0417 	0.0124744 	0.365796 	-0.00309274 	
6.215	-1.17895 	0.247076 	10.1849 	0.0174561 	0.425955 	-0.00258366 	
6.22	-1.34459 	0.269164 	10.13 	0.0157992 	0.405064 	-0.00262853 	
6.225	-1.1624 	0.126909 	9.99053 	0.0278867 	0.39982 	-0.00229361 	
6.23	-1.13554 	0.12436 	10.0592 	0.0277415 	0.411255 	-0.00199544 	
6.235	-1.00801 	0.0245184 	10.0438 	0.0351535 	0.418835 	-0.00185224 	
6.24	-0.445413 	0.00238159 	10.2621 	0.0365851 	0.494524 	-0.00339724 	
6.245	0.0548577 	-0.038595 	10.4206 	0.0391744 	0.556578 	-0.00304056 	
6.25	0.585719 	0.283183 	10.9734 	0.0143271 	0.67637 	-0.00397313 	
6.255	0.891578 	0.133244 	10.9426 	0.0254355 	0.696399 	-0.00362648 	
6.26	1.91309 	-0.0266461 	11.1134 	0.0363883 	0.80303 	-0.00364414 	
6.265	1.90018 	-0.0403215 	11.1213 	0.037525 	0.802611 	-0.00350453 	
6.27	2.03626 	-0.0724281 	11.1508 	0.0398651 	0.817432 	-0.00340969 	
6.275	2.15244 	-0.0998364 	11.1761 	0.041861 	0.830076 	-0.0033292 	
6.28	2.2516 	-0.123248 	11.1976 	0.043565 	0.840866 	-0.00326095 	
6.285	2.3362 	-0.143223 	11.2159 	0.0450186 	0.850071 	-0.00320261 	
6.29	2.40844 	-0.160288 	11.2316 	0.0462602 	0.857928 	-0.003153 	
6.295	2.47015 	-0.174866 	11.2449 	0.0473209 	0.86464 	-0.00311085 	
6.3	2.52275 	-0.187318 	11.2563 	0.0482271 	0.870356 	-0.00307488 	
6.305	2.56771 	-0.197945 	11.2661 	0.0490003 	0.875243 	-0.00304447 	
6.31	2.60614 	-0.207031 	11.2744 	0.0496615 	0.879416 	-0.00301852 	
6.315	2.63887 	-0.214779 	11.2814 	0.0502254 	0.882969 	-0.00299664 	
6.32	2.6668 	-0.221329 	11.2875 	0.0507019 	0.886008 	-0.00297826 	
6.325	2.64665 	-0.213114 	11.2918 	0.0501084 	0.884909 	-0.00300117 	
6.33	2.68214 	-0.222726 	11.2964 	0.0508068 	0.888374 	-0.00297481 	
6.335	2.70374 	-0.228185 	11.3003 	0.0512038 	0.890603 	-0.00295993 	
6.34	2.72209 	-0.232831 	11.3035 	0.0515417 	0.892492 	-0.00294734 	
6.345	2.73782 	-0.236819 	11.3062 	0.0518319 	0.894108 	-0.00293669 	
6.35	2.7512 	-0.240213 	11.3086 	0.0520789 	0.89548 	-0.00292772 	
6.355	2.7626 	-0.243111 	11.3105 	0.0522898 	0.896646 	-0.00292017 	
6.36	2.77234 	-0.245588 	11.3122 	0.0524702 	0.897637 	-0.00291381 	
6.365	2.78065 	-0.247704 	11.3136 	0.0526242 	0.898481 	-0.00290854 	
6.37	2.78774 	-0.249511 	11.3148 	0.0527559 	0.899196 	-0.00290414 	
6.375	2.79428 	-0.251167 	11.3159 	0.0528756 	0.899849 	-0.00289741 	
6.38	2.79926 	-0.252445 	11.3168 	0.0529692 	0.900346 	-0.00289548 	
6.385	2.80361 	-0.253561 	11.3175 	0.0530506 	0.900778 	-0.00289336 	
6.39	2.80731 	-0.254515 	11.3181 	0.0531204 	0.901141 	-0.00289165 	
6.395	2.81063 	-0.255312 	11.3187 	0.0531786 	0.901468 	-0.00289186 	
6.4	2.81542 	-0.256976 	11.319 	0.053314 	0.901868 	-0.00293485 	
6.405	2.8169 	-0.257191 	11.3194 	0.0533263 	0.902025 	-0.0029224 	
6.41	2.8186 	-0.257601 	11.3197 	0.0533558 	0.902186 	-0.00291851 	
6.415	2.82008 	-0.257951 	11.3199 	0.0533809 	0.902322 	-0.00291509 	
6.42	2.8213 	-0.258255 	11.3201 	0.0534028 	0.90243 	-0.00291221 	
6.425	2.82234 	-0.258514 	11.3202 	0.0534215 	0.902518 	-0.00290982 	
6.43	2.82322 	-0.258736 	11.3204 	0.0534377 	0.902589 	-0.0029079 	
6.435	2.82394 	-0.258921 	11.3204 	0.0534511 	0.902643 	-0.00290635 	
6.44	2.82455 	-0.259081 	11.3205 	0.0534628 	0.902685 	-0.00290519 	
6.445	2.82507 	-0.259217 	11.3206 	0.0534729 	0.902717 	-0.00290427 	
6.45	2.82553 	-0.259338 	11.3206 	0.0534817 	0.902741 	-0.00290362 	
6.455	2.82591 	-0.259442 	11.3206 	0.0534895 	0.902758 	-0.00290317 	
6.46	2.82617 	-0.259521 	11.3206 	0.0534954 	0.902763 	-0.00290284 	
6.465	2.82642 	-0.259593 	11.3206 	0.0535009 	0.902765 	-0.00290273 	
6.47	2.82661 	-0.259654 	11.3206 	0.0535056 	0.902761 	-0.00290274 	
6.475	2.82679 	-0.259706 	11.3205 	0.0535096 	0.902755 	-0.00290287 	
6.48	2.82691 	-0.259749 	11.3205 	0.053513 	0.902745 	-0.00290311 	
6.485	2.82874 	-0.259872 	11.3207 	0.0535193 	0.902906 	-0.00290329 	
6.49	2.82825 	-0.259876 	11.3206 	0.0535209 	0.902832 	-0.00290387 	
6.495	2.82812 	-0.259894 	11.3205 	0.0535228 	0.902795 	-0.00290425 	
6.5	2.82804 	-0.259911 	11.3204 	0.0535246 	0.902762 	-0.00290477 	
6.505	2.82794 	-0.259925 	11.3204 	0.0535261 	0.902728 	-0.00290531 	
6.51	2.82786 	-0.259938 	11.3203 	0.0535276 	0.902696 	-0.00290593 	
6.515	2.82722 	-0.259876 	11.3201 	0.0535238 	0.902603 	-0.00290484 	
6.52	2.82723 	-0.259896 	11.3201 	0.0535257 	0.902579 	-0.00290575 	
6.525	2.82721 	-0.259909 	11.32 	0.0535271 	0.902553 	-0.00290664 	
6.53	2.82722 	-0.259925 	11.32 	0.0535286 	0.902529 	-0.00290743 	
6.535	2.82797 	-0.25966 	11.3202 	0.0535068 	0.902612 	-0.00290844 	
6.54	2.82847 	-0.259896 	11.3202 	0.0535249 	0.902629 	-0.00290926 	
6.545	2.82804 	-0.259879 	11.32 	0.0535245 	0.902557 	-0.00290989 	
6.55	2.6436 	-0.203752 	11.3037 	0.0495689 	0.886356 	-0.00550875 	
6.555	2.58112 	-0.198986 	11.2961 	0.0493566 	0.880103 	-0.00557087 	
6.56	2.49672 	-0.18499 	11.2872 	0.0484528 	0.872087 	-0.00600202 	
6.565	2.57379 	-0.201414 	11.2949 	0.0495608 	0.879193 	-0.00535542 	
6.57	2.68612 	-0.241617 	11.3033 	0.0525166 	0.889138 	-0.00488127 	
6.575	2.6912 	-0.237933 	11.3045 	0.0521923 	0.889676 	-0.00462387 	
6.58	2.51285 	-0.182903 	11.2903 	0.0482511 	0.874095 	-0.0066727 	
6.585	2.59791 	-0.205664 	11.2977 	0.0498452 	0.881622 	-0.00567529 	
6.59	2.64013 	-0.212511 	11.3035 	0.0502857 	0.885714 	-0.00529332 	
6.595	2.6654 	-0.219613 	11.3051 	0.0507787 	0.88785 	-0.00494746 	
6.6	2.68884 	-0.225464 	11.3071 	0.0511799 	0.889904 	-0.00465562 	
6.605	2.70362 	-0.230009 	11.3068 	0.0514963 	0.890976 	-0.00442591 	
6.61	2.72635 	-0.235429 	11.31 	0.0518396 	0.893166 	-0.00416576 	
6.615	2.74249 	-0.238404 	11.312 	0.0520502 	0.89469 	-0.00401577 	
6.62	2.46608 	-0.208208 	11.2734 	0.0503416 	0.868147 	-0.00476411 	
6.625	2.36694 	-0.164704 	11.2762 	0.0470368 	0.859851 	-0.00407193 	
6.63	2.4855 	-0.191171 	11.2868 	0.0488795 	0.870812 	-0.00386379 	
6.635	2.52558 	-0.19868 	11.2903 	0.0493652 	0.874421 	-0.00373563 	
6.64	2.57047 	-0.208036 	11.2943 	0.0500088 	0.878502 	-0.00362058 	
6.645	2.05492 	-0.20429 	11.132 	0.0500849 	0.813699 	-0.00270051 	
6.65	2.13613 	-0.195673 	11.1617 	0.0492304 	0.824334 	-0.00280773 	
6.655	2.11817 	-0.18863 	11.1687 	0.0488127 	0.823612 	-0.00300768 	
6.66	1.99886 	-0.173138 	11.1457 	0.0477604 	0.810265 	-0.00357589 	
6.665	2.1864 	-0.191623 	11.1862 	0.0489098 	0.83131 	-0.0033292 	
6.67	1.7815 	-0.265854 	11.0052 	0.055223 	0.773475 	-0.00251706 	
6.675	2.01137 	-0.244678 	11.0882 	0.0533031 	0.803697 	-0.00272612 	
