0	-0.0104961 	-0.000607109 	-1.74306 	0.26553 	0.164412 	-0.206081 	
0.005	-0.0105905 	-0.000580041 	-1.74311 	0.265534 	0.164411 	-0.206829 	
0.01	-0.0104538 	-0.00065755 	-1.74308 	0.265638 	0.164694 	-0.207573 	
0.015	-0.010465 	-0.000673202 	-1.74304 	0.265602 	0.164614 	-0.206783 	
0.02	-0.0104346 	-0.000732962 	-1.74305 	0.26567 	0.164841 	-0.206119 	
0.025	-0.0103704 	-0.000830037 	-1.74308 	0.26582 	0.165314 	-0.205554 	
0.03	-0.0104229 	-0.000835631 	-1.74296 	0.265687 	0.164898 	-0.206104 	
0.035	-0.010425 	-0.000893222 	-1.74289 	0.265676 	0.164857 	-0.206511 	
0.04	-0.0103866 	-0.000994325 	-1.74286 	0.265764 	0.165116 	-0.206805 	
0.045	-0.0103158 	-0.0011322 	-1.74286 	0.265931 	0.165613 	-0.207006 	
0.05	-0.0103591 	-0.00118476 	-1.74271 	0.265811 	0.165269 	-0.206322 	
0.055	-0.0103534 	-0.00128763 	-1.74262 	0.265811 	0.165284 	-0.205743 	
0.06	-0.0103085 	-0.00143265 	-1.74255 	0.265907 	0.165588 	-0.205247 	
0.065	-0.0102322 	-0.00161337 	-1.74252 	0.266081 	0.166122 	-0.204818 	
0.07	-0.0102643 	-0.00171044 	-1.74235 	0.265988 	0.165836 	-0.205492 	
0.075	-0.0102493 	-0.00185661 	-1.74222 	0.26601 	0.165899 	-0.205999 	
0.08	-0.0101967 	-0.00204399 	-1.74212 	0.266124 	0.166241 	-0.206372 	
0.085	-0.0101138 	-0.00226629 	-1.74205 	0.266312 	0.166806 	-0.206639 	
0.09	-0.0101367 	-0.00240996 	-1.74185 	0.266233 	0.16659 	-0.205578 	
0.095	-0.010114 	-0.00260108 	-1.7417 	0.266266 	0.166708 	-0.204697 	
0.1	-0.0100549 	-0.00283207 	-1.74157 	0.266389 	0.167094 	-0.203961 	
0.105	-0.0100353 	-0.0030381 	-1.74139 	0.266416 	0.167178 	-0.204526 	
0.11	-0.00997841 	-0.00328486 	-1.74124 	0.266533 	0.167536 	-0.204946 	
0.115	-0.00989169 	-0.00356615 	-1.74112 	0.266722 	0.168114 	-0.205251 	
0.12	-0.00978101 	-0.00387705 	-1.74101 	0.26697 	0.168867 	-0.205463 	
0.125	-0.00982575 	-0.00406627 	-1.74071 	0.266831 	0.168468 	-0.20442 	
0.13	-0.00982006 	-0.00430721 	-1.74047 	0.266816 	0.168439 	-0.203553 	
0.135	-0.00977402 	-0.00459139 	-1.74026 	0.266899 	0.168707 	-0.202829 	
0.14	-0.00969562 	-0.00491209 	-1.74007 	0.267063 	0.169212 	-0.202219 	
0.145	-0.00964319 	-0.00522045 	-1.73985 	0.267159 	0.169525 	-0.202983 	
0.15	-0.00955955 	-0.00556432 	-1.73966 	0.267333 	0.170065 	-0.203564 	
0.155	-0.00945088 	-0.00593855 	-1.73948 	0.267568 	0.170788 	-0.203997 	
0.16	-0.00944554 	-0.00623413 	-1.73917 	0.267546 	0.170742 	-0.202952 	
0.165	-0.00939937 	-0.0065734 	-1.7389 	0.267624 	0.170996 	-0.202084 	
0.17	-0.00932052 	-0.00694951 	-1.73866 	0.267783 	0.171489 	-0.201359 	
0.175	-0.00921546 	-0.00735704 	-1.73844 	0.268005 	0.172173 	-0.200748 	
0.18	-0.00918703 	-0.00771052 	-1.73812 	0.268033 	0.1723 	-0.201311 	
0.185	-0.00912219 	-0.00810364 	-1.73783 	0.26815 	0.172692 	-0.201731 	
0.19	-0.00902819 	-0.00853039 	-1.73757 	0.26834 	0.173295 	-0.202036 	
0.195	-0.00897716 	-0.00892873 	-1.73725 	0.268425 	0.173572 	-0.201035 	
0.2	-0.0088941 	-0.00936334 	-1.73695 	0.268588 	0.174083 	-0.200204 	
0.205	-0.00878538 	-0.00982887 	-1.73667 	0.268815 	0.174782 	-0.199508 	
0.21	-0.0086561 	-0.0103211 	-1.73641 	0.269092 	0.175629 	-0.19892 	
0.215	-0.00864564 	-0.0107244 	-1.73601 	0.269065 	0.17562 	-0.19928 	
0.22	-0.00859486 	-0.0111704 	-1.73564 	0.269139 	0.175901 	-0.199536 	
0.225	-0.00851182 	-0.0116524 	-1.73529 	0.269293 	0.176415 	-0.199711 	
0.23	-0.00840294 	-0.0121651 	-1.73497 	0.269513 	0.177115 	-0.19982 	
0.235	-0.00832509 	-0.0126592 	-1.7346 	0.269657 	0.177578 	-0.198486 	
0.24	-0.00822029 	-0.0131853 	-1.73425 	0.269867 	0.178236 	-0.197389 	
0.245	-0.00809392 	-0.0137388 	-1.73391 	0.270131 	0.17905 	-0.19648 	
0.25	-0.00804214 	-0.0142414 	-1.73349 	0.270199 	0.179339 	-0.196781 	
0.255	-0.00795811 	-0.0147796 	-1.73309 	0.270349 	0.179858 	-0.19699 	
0.26	-0.00784829 	-0.0153483 	-1.73271 	0.270564 	0.180561 	-0.197128 	
0.265	-0.00771781 	-0.0159431 	-1.73234 	0.270832 	0.18141 	-0.197207 	
0.27	-0.00765743 	-0.0164872 	-1.73188 	0.270923 	0.181746 	-0.195836 	
0.275	-0.00756646 	-0.0170658 	-1.73145 	0.27109 	0.182302 	-0.194708 	
0.28	-0.00745102 	-0.017674 	-1.73104 	0.27132 	0.183033 	-0.193776 	
0.285	-0.00731601 	-0.0183076 	-1.73063 	0.271599 	0.183903 	-0.193 	
0.29	-0.00724862 	-0.018898 	-1.73015 	0.271694 	0.184316 	-0.193516 	
0.295	-0.00715202 	-0.019521 	-1.72969 	0.271865 	0.184932 	-0.193899 	
0.3	-0.00703206 	-0.0201717 	-1.72925 	0.272098 	0.18571 	-0.194175 	
0.305	-0.00693634 	-0.020809 	-1.72876 	0.272271 	0.186301 	-0.192854 	
0.31	-0.00681709 	-0.0214747 	-1.7283 	0.272505 	0.187058 	-0.191766 	
0.315	-0.00667902 	-0.0221649 	-1.72784 	0.272787 	0.187948 	-0.190866 	
0.32	-0.00652591 	-0.0228766 	-1.72739 	0.273108 	0.188944 	-0.190115 	
0.325	-0.00636077 	-0.0236072 	-1.72694 	0.273459 	0.190023 	-0.189485 	
0.33	-0.00634383 	-0.0242316 	-1.72633 	0.273408 	0.190109 	-0.189881 	
0.335	-0.0062876 	-0.0248957 	-1.72576 	0.273462 	0.19046 	-0.190167 	
0.34	-0.00620002 	-0.0255933 	-1.72521 	0.273599 	0.191023 	-0.190366 	
0.345	-0.00604121 	-0.0263544 	-1.72472 	0.273931 	0.192061 	-0.188988 	
0.35	-0.00587163 	-0.0271332 	-1.72422 	0.274291 	0.193172 	-0.187855 	
0.355	-0.00569344 	-0.0279278 	-1.72373 	0.274674 	0.194342 	-0.186918 	
0.36	-0.00550839 	-0.0287369 	-1.72323 	0.275074 	0.195559 	-0.186139 	
0.365	-0.00549714 	-0.0294211 	-1.72256 	0.274997 	0.195629 	-0.186306 	
0.37	-0.00544564 	-0.0301449 	-1.72193 	0.275029 	0.195966 	-0.18641 	
0.375	-0.00536203 	-0.030902 	-1.72131 	0.275149 	0.196515 	-0.186463 	
0.38	-0.00518216 	-0.0317442 	-1.72077 	0.27553 	0.197712 	-0.185186 	
0.385	-0.00499597 	-0.0325996 	-1.72023 	0.275928 	0.198949 	-0.184135 	
0.39	-0.00480476 	-0.0334673 	-1.71968 	0.276341 	0.200216 	-0.183263 	
0.395	-0.00460958 	-0.0343466 	-1.71913 	0.276765 	0.201508 	-0.182536 	
0.4	-0.00441129 	-0.0352367 	-1.71857 	0.277198 	0.202818 	-0.181923 	
0.405	-0.00445458 	-0.0359532 	-1.71779 	0.276954 	0.202576 	-0.181868 	
0.41	-0.00444701 	-0.0367159 	-1.71704 	0.276853 	0.202659 	-0.181794 	
0.415	-0.0043989 	-0.0375172 	-1.71632 	0.276866 	0.203002 	-0.181704 	
0.42	-0.00415588 	-0.0384803 	-1.71577 	0.277414 	0.204635 	-0.180461 	
0.425	-0.00391962 	-0.0394458 	-1.7152 	0.277946 	0.206216 	-0.179436 	
0.43	-0.0036888 	-0.0404146 	-1.71461 	0.278465 	0.207754 	-0.178586 	
0.435	-0.00346243 	-0.0413879 	-1.71401 	0.278974 	0.209259 	-0.177875 	
0.44	-0.00350402 	-0.0421691 	-1.71318 	0.278722 	0.209072 	-0.177593 	
0.445	-0.00349556 	-0.0429948 	-1.71238 	0.278614 	0.209197 	-0.177338 	
0.45	-0.00344722 	-0.0438576 	-1.7116 	0.278621 	0.209569 	-0.177104 	
0.455	-0.00319633 	-0.0448898 	-1.71099 	0.279185 	0.211276 	-0.175959 	
0.46	-0.00295431 	-0.0459214 	-1.71036 	0.27973 	0.212913 	-0.175013 	
0.465	-0.00271944 	-0.0469542 	-1.70971 	0.280258 	0.214493 	-0.174225 	
0.47	-0.0024904 	-0.0479893 	-1.70905 	0.280774 	0.216026 	-0.173565 	
0.475	-0.00252486 	-0.04884 	-1.70817 	0.280528 	0.215942 	-0.173037 	
0.48	-0.0025113 	-0.0497318 	-1.70732 	0.280423 	0.216145 	-0.172585 	
0.485	-0.0024595 	-0.0506582 	-1.70648 	0.280433 	0.216576 	-0.172193 	
0.49	-0.00220413 	-0.0517552 	-1.70581 	0.281007 	0.218336 	-0.171144 	
0.495	-0.00195921 	-0.0528492 	-1.70512 	0.281559 	0.220011 	-0.170275 	
0.5	-0.00172271 	-0.0539423 	-1.70442 	0.282093 	0.221617 	-0.169548 	
0.505	-0.00149307 	-0.0550362 	-1.70369 	0.282612 	0.223167 	-0.168936 	
0.51	-0.00152026 	-0.0559564 	-1.70276 	0.28237 	0.223198 	-0.168174 	
0.515	-0.00150161 	-0.0569143 	-1.70186 	0.282269 	0.223487 	-0.167534 	
0.52	-0.0014465 	-0.0579035 	-1.70098 	0.28228 	0.223984 	-0.166991 	
0.525	-0.00136235 	-0.0589194 	-1.7001 	0.282381 	0.224645 	-0.166527 	
0.53	-0.001051 	-0.0601322 	-1.69941 	0.283106 	0.226811 	-0.165356 	
0.535	-0.00076223 	-0.0613306 	-1.69869 	0.283777 	0.228806 	-0.164388 	
0.54	-0.000491582 	-0.0625188 	-1.69793 	0.284406 	0.230662 	-0.163583 	
0.545	-0.000495159 	-0.0635108 	-1.69697 	0.284235 	0.230859 	-0.162893 	
0.55	-0.000458512 	-0.0645358 	-1.69602 	0.284189 	0.231277 	-0.162311 	
0.555	-0.000389902 	-0.0655885 	-1.69509 	0.284245 	0.231871 	-0.161815 	
0.56	-0.000295857 	-0.0666648 	-1.69417 	0.284381 	0.232605 	-0.161387 	
0.565	-1.36667e-05 	-0.0679249 	-1.6934 	0.285002 	0.234682 	-0.160026 	
0.57	0.000250807 	-0.0691705 	-1.6926 	0.285589 	0.2366 	-0.158906 	
0.575	0.000501031 	-0.0704058 	-1.69177 	0.286151 	0.238389 	-0.157979 	
0.58	0.000739669 	-0.071634 	-1.69092 	0.286691 	0.240076 	-0.157207 	
0.585	0.000687645 	-0.0726515 	-1.68987 	0.286377 	0.240022 	-0.156576 	
0.59	0.000684465 	-0.0737074 	-1.68883 	0.286217 	0.240233 	-0.156041 	
0.595	0.00072012 	-0.074795 	-1.68781 	0.28618 	0.240656 	-0.155583 	
0.6	0.00100398 	-0.0761103 	-1.68698 	0.286815 	0.242757 	-0.154338 	
0.605	0.00126871 	-0.077409 	-1.68611 	0.287413 	0.244689 	-0.153311 	
0.61	0.00151807 	-0.0786955 	-1.68523 	0.287982 	0.246484 	-0.152459 	
0.615	0.00175492 	-0.0799735 	-1.68432 	0.288528 	0.24817 	-0.151746 	
0.62	0.00171163 	-0.0810632 	-1.68322 	0.288215 	0.248285 	-0.150854 	
0.625	0.0017143 	-0.0821853 	-1.68214 	0.288055 	0.248625 	-0.15011 	
0.63	0.00175349 	-0.0833345 	-1.68108 	0.288018 	0.249146 	-0.149484 	
0.635	0.00202886 	-0.0846942 	-1.68018 	0.28864 	0.251206 	-0.148367 	
0.64	0.00228564 	-0.0860366 	-1.67925 	0.289227 	0.253099 	-0.147443 	
0.645	0.00252744 	-0.0873664 	-1.67829 	0.289787 	0.254858 	-0.146672 	
0.65	0.00275703 	-0.0886871 	-1.67732 	0.290324 	0.256508 	-0.146024 	
0.655	0.00272165 	-0.089848 	-1.67619 	0.29001 	0.256795 	-0.144887 	
0.66	0.00272939 	-0.091035 	-1.67507 	0.289848 	0.257267 	-0.143946 	
0.665	0.00277138 	-0.0922441 	-1.67396 	0.289809 	0.257887 	-0.143162 	
0.67	0.00284058 	-0.093472 	-1.67286 	0.289867 	0.258624 	-0.142505 	
0.675	0.00316837 	-0.0949383 	-1.67192 	0.290642 	0.261067 	-0.141338 	
0.68	0.00346558 	-0.0963752 	-1.67095 	0.291351 	0.263259 	-0.140374 	
0.685	0.00373823 	-0.0977893 	-1.66995 	0.292007 	0.26525 	-0.139571 	
0.69	0.0037177 	-0.0990013 	-1.66878 	0.291756 	0.265622 	-0.138559 	
0.695	0.00373599 	-0.100237 	-1.66761 	0.291644 	0.266155 	-0.137718 	
0.7	0.00378508 	-0.101492 	-1.66645 	0.291643 	0.266818 	-0.137014 	
0.705	0.0038586 	-0.102763 	-1.6653 	0.291731 	0.267583 	-0.136421 	
0.71	0.00415227 	-0.104275 	-1.6643 	0.292377 	0.269974 	-0.135023 	
0.715	0.00442078 	-0.105755 	-1.66326 	0.292982 	0.272118 	-0.133874 	
0.72	0.00466905 	-0.107211 	-1.66219 	0.293554 	0.274063 	-0.132924 	
0.725	0.0046681 	-0.108475 	-1.66098 	0.293381 	0.274546 	-0.132029 	
0.73	0.00470064 	-0.109759 	-1.65977 	0.293331 	0.275162 	-0.131283 	
0.735	0.00475969 	-0.111059 	-1.65857 	0.29338 	0.275884 	-0.130655 	
0.74	0.00497591 	-0.112545 	-1.65747 	0.29381 	0.277825 	-0.129363 	
0.745	0.00518125 	-0.114011 	-1.65635 	0.294242 	0.279603 	-0.128298 	
0.75	0.00537776 	-0.115459 	-1.65521 	0.294676 	0.28125 	-0.127416 	
0.755	0.00556697 	-0.116896 	-1.65405 	0.29511 	0.282791 	-0.126678 	
0.76	0.00575015 	-0.118323 	-1.65287 	0.295545 	0.284247 	-0.126058 	
0.765	0.0057129 	-0.119658 	-1.65161 	0.295186 	0.284836 	-0.124615 	
0.77	0.00571469 	-0.121005 	-1.65035 	0.294987 	0.285529 	-0.12343 	
0.775	0.00574747 	-0.122363 	-1.64909 	0.294915 	0.286304 	-0.122452 	
0.78	0.00580483 	-0.12373 	-1.64784 	0.294944 	0.287143 	-0.121639 	
0.785	0.00610474 	-0.125323 	-1.6467 	0.295673 	0.289525 	-0.120591 	
0.79	0.00637506 	-0.126881 	-1.64554 	0.296343 	0.291647 	-0.119721 	
0.795	0.00662158 	-0.128411 	-1.64435 	0.296965 	0.29356 	-0.118995 	
0.8	0.00659027 	-0.129775 	-1.64304 	0.296657 	0.294149 	-0.117718 	
0.805	0.00659529 	-0.131151 	-1.64174 	0.296497 	0.294834 	-0.116665 	
0.81	0.00662911 	-0.132537 	-1.64043 	0.296456 	0.295596 	-0.115793 	
0.815	0.00668575 	-0.133932 	-1.63912 	0.29651 	0.296418 	-0.115065 	
0.82	0.00694912 	-0.135569 	-1.63793 	0.297091 	0.298786 	-0.113757 	
0.825	0.0071886 	-0.137166 	-1.63671 	0.297643 	0.300889 	-0.112681 	
0.83	0.00740887 	-0.138733 	-1.63547 	0.298169 	0.302779 	-0.111789 	
0.835	0.00739221 	-0.14013 	-1.63412 	0.29794 	0.303414 	-0.110674 	
0.84	0.00740738 	-0.141536 	-1.63277 	0.297843 	0.30413 	-0.109752 	
0.845	0.00744773 	-0.142951 	-1.63142 	0.297851 	0.304908 	-0.108985 	
0.85	0.00750802 	-0.144373 	-1.63007 	0.297943 	0.305735 	-0.108341 	
0.855	0.0077352 	-0.14605 	-1.62882 	0.298381 	0.308089 	-0.106798 	
0.86	0.0079441 	-0.147684 	-1.62755 	0.298816 	0.310173 	-0.105533 	
0.865	0.0081383 	-0.149283 	-1.62625 	0.29925 	0.312041 	-0.104491 	
0.87	0.00832048 	-0.150856 	-1.62493 	0.299681 	0.313734 	-0.103628 	
0.875	0.00824909 	-0.15224 	-1.62352 	0.299302 	0.314079 	-0.102568 	
0.88	0.00821873 	-0.15364 	-1.6221 	0.299084 	0.314554 	-0.101691 	
0.885	0.00822093 	-0.155053 	-1.62069 	0.298995 	0.315131 	-0.100959 	
0.89	0.0084376 	-0.156738 	-1.61939 	0.299445 	0.317367 	-0.0996027 	
0.895	0.00863653 	-0.158381 	-1.61806 	0.299889 	0.319349 	-0.0984876 	
0.9	0.00882118 	-0.159991 	-1.61671 	0.300329 	0.321128 	-0.097566 	
0.905	0.00899414 	-0.161575 	-1.61534 	0.300765 	0.322742 	-0.0967989 	
0.91	0.00891991 	-0.163022 	-1.6139 	0.300334 	0.323293 	-0.095478 	
0.915	0.00888565 	-0.164475 	-1.61246 	0.300073 	0.323925 	-0.0943921 	
0.92	0.0088831 	-0.165934 	-1.61102 	0.299948 	0.324619 	-0.0934943 	
0.925	0.00908243 	-0.167615 	-1.60965 	0.30039 	0.326692 	-0.0923216 	
0.93	0.00926594 	-0.169258 	-1.60827 	0.300828 	0.328536 	-0.0913543 	
0.935	0.00943667 	-0.17087 	-1.60687 	0.301261 	0.330196 	-0.0905513 	
0.94	0.00959694 	-0.172458 	-1.60545 	0.301691 	0.331708 	-0.0898798 	
0.945	0.00951804 	-0.173962 	-1.60399 	0.301206 	0.332447 	-0.0883248 	
0.95	0.00947841 	-0.175463 	-1.60252 	0.3009 	0.333222 	-0.0870522 	
0.955	0.00946998 	-0.176963 	-1.60105 	0.300739 	0.334023 	-0.0860057 	
0.96	0.00948628 	-0.17846 	-1.59958 	0.300694 	0.334844 	-0.0851402 	
0.965	0.00971975 	-0.180202 	-1.59818 	0.301263 	0.337149 	-0.0840288 	
0.97	0.00992874 	-0.181896 	-1.59675 	0.301801 	0.339169 	-0.0831112 	
0.975	0.010118 	-0.18355 	-1.59531 	0.302314 	0.340961 	-0.0823487 	
0.98	0.0100457 	-0.185055 	-1.59381 	0.301899 	0.341645 	-0.0809956 	
0.985	0.0100098 	-0.186558 	-1.59231 	0.301649 	0.342366 	-0.0798852 	
0.99	0.0100028 	-0.188059 	-1.59081 	0.301532 	0.343117 	-0.078969 	
0.995	0.0100187 	-0.18956 	-1.5893 	0.301521 	0.343892 	-0.0782082 	
1	0.0102093 	-0.191332 	-1.58786 	0.301912 	0.346196 	-0.0768459 	
1.005	0.0103824 	-0.193051 	-1.5864 	0.302307 	0.348209 	-0.0757282 	
1.01	0.0105414 	-0.194726 	-1.58492 	0.302705 	0.349987 	-0.0748065 	
1.015	0.010689 	-0.196366 	-1.58343 	0.303105 	0.351577 	-0.0740414 	
1.02	0.0105549 	-0.197835 	-1.58189 	0.302507 	0.351951 	-0.0726925 	
1.025	0.0104679 	-0.199309 	-1.58034 	0.302111 	0.352417 	-0.0715864 	
1.03	0.0104185 	-0.200788 	-1.5788 	0.301875 	0.352955 	-0.0706746 	
1.035	0.0105983 	-0.202543 	-1.57731 	0.302288 	0.355097 	-0.0695107 	
1.04	0.0107614 	-0.204246 	-1.57581 	0.302699 	0.356972 	-0.0685525 	
1.045	0.010911 	-0.205909 	-1.5743 	0.303109 	0.358633 	-0.0677591 	
1.05	0.0108459 	-0.207451 	-1.57275 	0.302741 	0.359423 	-0.066466 	
1.055	0.0108128 	-0.208983 	-1.5712 	0.302529 	0.360214 	-0.065405 	
1.06	0.0108051 	-0.210509 	-1.56964 	0.302439 	0.361005 	-0.0645299 	
1.065	0.0108176 	-0.212028 	-1.56809 	0.302449 	0.361796 	-0.0638036 	
1.07	0.0109431 	-0.213796 	-1.56657 	0.302642 	0.363887 	-0.0623901 	
1.075	0.0110614 	-0.215511 	-1.56504 	0.302878 	0.365713 	-0.0612332 	
1.08	0.0111737 	-0.217181 	-1.56349 	0.303146 	0.367328 	-0.0602817 	
1.085	0.0112812 	-0.218817 	-1.56194 	0.303441 	0.368772 	-0.0594945 	
1.09	0.011168 	-0.220319 	-1.56036 	0.302939 	0.3693 	-0.0582392 	
1.095	0.0110949 	-0.221818 	-1.55878 	0.302618 	0.369875 	-0.0572095 	
1.1	0.0110538 	-0.223315 	-1.55721 	0.302441 	0.370485 	-0.0563605 	
1.105	0.011038 	-0.22481 	-1.55562 	0.302379 	0.371123 	-0.0556561 	
1.11	0.0111955 	-0.226637 	-1.55408 	0.302676 	0.373498 	-0.0542254 	
1.115	0.0113377 	-0.228396 	-1.55253 	0.302993 	0.375544 	-0.0530558 	
1.12	0.0114677 	-0.230101 	-1.55096 	0.303325 	0.377325 	-0.0520952 	
1.125	0.0113632 	-0.231579 	-1.54937 	0.302905 	0.377771 	-0.0510428 	
1.13	0.0112959 	-0.233057 	-1.54777 	0.302647 	0.378272 	-0.0501763 	
1.135	0.011258 	-0.234535 	-1.54618 	0.302521 	0.378817 	-0.0494588 	
1.14	0.0113414 	-0.236272 	-1.54461 	0.30262 	0.380685 	-0.0481395 	
1.145	0.0114233 	-0.237957 	-1.54303 	0.302779 	0.38232 	-0.0470598 	
1.15	0.0115042 	-0.2396 	-1.54144 	0.302985 	0.383767 	-0.0461721 	
1.155	0.011584 	-0.241208 	-1.53985 	0.303228 	0.385063 	-0.0454378 	
1.16	0.0114703 	-0.242735 	-1.53825 	0.302718 	0.385744 	-0.0441385 	
1.165	0.0113944 	-0.24425 	-1.53665 	0.302388 	0.386426 	-0.0430756 	
1.17	0.0113485 	-0.245754 	-1.53505 	0.302203 	0.387108 	-0.0422019 	
1.175	0.0113266 	-0.247249 	-1.53346 	0.302133 	0.38779 	-0.0414797 	
1.18	0.0114276 	-0.24901 	-1.53187 	0.302301 	0.389809 	-0.0401874 	
1.185	0.0115224 	-0.250711 	-1.53027 	0.302513 	0.391557 	-0.0391305 	
1.19	0.0116123 	-0.252362 	-1.52867 	0.302761 	0.393087 	-0.0382621 	
1.195	0.0116981 	-0.253973 	-1.52707 	0.303037 	0.394442 	-0.0375444 	
1.2	0.011525 	-0.25543 	-1.52547 	0.302349 	0.394788 	-0.0362754 	
1.205	0.0114005 	-0.256883 	-1.52386 	0.301876 	0.395196 	-0.0352379 	
1.21	0.0113147 	-0.258334 	-1.52226 	0.301575 	0.395651 	-0.0343858 	
1.215	0.011413 	-0.260046 	-1.52066 	0.301795 	0.397492 	-0.0333035 	
1.22	0.0115046 	-0.261704 	-1.51906 	0.302048 	0.399091 	-0.0324157 	
1.225	0.0115911 	-0.263316 	-1.51745 	0.302328 	0.400496 	-0.0316835 	
1.23	0.0114776 	-0.264817 	-1.51585 	0.301848 	0.401171 	-0.0304865 	
1.235	0.0113999 	-0.266303 	-1.51425 	0.301542 	0.401837 	-0.0295074 	
1.24	0.0113506 	-0.267775 	-1.51265 	0.301373 	0.402494 	-0.0287029 	
1.245	0.0113239 	-0.269236 	-1.51105 	0.301316 	0.403143 	-0.028038 	
1.25	0.0113663 	-0.270938 	-1.50945 	0.301303 	0.404921 	-0.0267462 	
1.255	0.0114125 	-0.272582 	-1.50784 	0.30137 	0.406463 	-0.0256919 	
1.26	0.0114616 	-0.274178 	-1.50624 	0.301501 	0.407818 	-0.0248276 	
1.265	0.0115131 	-0.275735 	-1.50464 	0.301681 	0.409021 	-0.0241155 	
1.27	0.01136 	-0.277167 	-1.50305 	0.30109 	0.409439 	-0.0229795 	
1.275	0.0112497 	-0.27859 	-1.50146 	0.300694 	0.409893 	-0.0220506 	
1.28	0.0111736 	-0.280006 	-1.49987 	0.300453 	0.410374 	-0.0212873 	
1.285	0.0111246 	-0.281415 	-1.49829 	0.300337 	0.410877 	-0.0206567 	
1.29	0.0111933 	-0.283139 	-1.49668 	0.300413 	0.412866 	-0.0193761 	
1.295	0.0112596 	-0.284794 	-1.49508 	0.300551 	0.414572 	-0.0183319 	
1.3	0.011324 	-0.286393 	-1.49349 	0.300736 	0.416051 	-0.017477 	
1.305	0.0113868 	-0.287945 	-1.49189 	0.30096 	0.417348 	-0.0167735 	
1.31	0.0111754 	-0.28927 	-1.49033 	0.3002 	0.417365 	-0.0157164 	
1.315	0.0110179 	-0.2906 	-1.48876 	0.299668 	0.417492 	-0.0148517 	
1.32	0.0109033 	-0.291934 	-1.4872 	0.299318 	0.417708 	-0.0141411 	
1.325	0.0109747 	-0.293592 	-1.48561 	0.299464 	0.419514 	-0.0130712 	
1.33	0.0110426 	-0.295187 	-1.48402 	0.299657 	0.421069 	-0.0121967 	
1.335	0.0111078 	-0.296731 	-1.48244 	0.299886 	0.422423 	-0.0114785 	
1.34	0.010961 	-0.298106 	-1.48088 	0.299339 	0.422835 	-0.0104522 	
1.345	0.0108545 	-0.299471 	-1.47933 	0.298977 	0.423275 	-0.00961308 	
1.35	0.0107803 	-0.300827 	-1.47779 	0.298763 	0.423737 	-0.00892369 	
1.355	0.0107317 	-0.302175 	-1.47624 	0.298667 	0.424215 	-0.00835421 	
1.36	0.0107451 	-0.303795 	-1.47467 	0.298577 	0.425902 	-0.00712326 	
1.365	0.0107662 	-0.305352 	-1.4731 	0.29858 	0.427358 	-0.00612084 	
1.37	0.0107935 	-0.306858 	-1.47154 	0.298657 	0.42863 	-0.00530142 	
1.375	0.0108258 	-0.308321 	-1.46999 	0.298794 	0.429753 	-0.00462841 	
1.38	0.0106424 	-0.309597 	-1.46848 	0.298148 	0.429866 	-0.00369633 	
1.385	0.0105064 	-0.310873 	-1.46697 	0.297707 	0.430063 	-0.00293365 	
1.39	0.0104082 	-0.312149 	-1.46546 	0.297428 	0.430326 	-0.00230659 	
1.395	0.0103401 	-0.313423 	-1.46396 	0.297281 	0.430642 	-0.00178812 	
1.4	0.0103839 	-0.315058 	-1.4624 	0.297285 	0.432574 	-0.000551785 	
1.405	0.0104289 	-0.316619 	-1.46086 	0.297363 	0.434222 	0.000453837 	
1.41	0.0104751 	-0.318118 	-1.45932 	0.2975 	0.435643 	0.00127469 	
1.415	0.0103137 	-0.31933 	-1.45785 	0.296976 	0.435681 	0.002016 	
1.42	0.010195 	-0.320546 	-1.45638 	0.296631 	0.435816 	0.00262514 	
1.425	0.0101105 	-0.321765 	-1.45491 	0.296429 	0.436026 	0.00312851 	
1.43	0.0100994 	-0.323259 	-1.4534 	0.296298 	0.437442 	0.00420507 	
1.435	0.0101006 	-0.324697 	-1.4519 	0.296267 	0.438676 	0.00508208 	
1.44	0.0101116 	-0.32609 	-1.45041 	0.296317 	0.439763 	0.00579931 	
1.445	0.0101304 	-0.327446 	-1.44893 	0.296431 	0.440734 	0.00638871 	
1.45	0.0101556 	-0.32877 	-1.44747 	0.296596 	0.441611 	0.00687584 	
1.455	0.00991517 	-0.329963 	-1.44604 	0.295689 	0.441672 	0.00797832 	
1.46	0.00973319 	-0.331154 	-1.44462 	0.295037 	0.441822 	0.00887531 	
1.465	0.00959794 	-0.332342 	-1.4432 	0.294589 	0.442042 	0.00960776 	
1.47	0.00950005 	-0.333526 	-1.44179 	0.294305 	0.442319 	0.0102085 	
1.475	0.00958805 	-0.335007 	-1.44032 	0.294582 	0.444016 	0.0110029 	
1.48	0.00966838 	-0.336424 	-1.43886 	0.294877 	0.445472 	0.0116531 	
1.485	0.00974271 	-0.337787 	-1.43741 	0.295187 	0.446735 	0.0121878 	
1.49	0.00952815 	-0.338905 	-1.43605 	0.294415 	0.446716 	0.0130946 	
1.495	0.00936692 	-0.340025 	-1.43468 	0.293871 	0.4468 	0.0138343 	
1.5	0.00924833 	-0.341146 	-1.43332 	0.29351 	0.446966 	0.0144402 	
1.505	0.00916387 	-0.342266 	-1.43196 	0.293295 	0.447199 	0.014939 	
1.51	0.00920169 	-0.343687 	-1.43054 	0.293361 	0.448773 	0.0158485 	
1.515	0.00924206 	-0.345044 	-1.42913 	0.293487 	0.45013 	0.0165901 	
1.52	0.0092846 	-0.346349 	-1.42774 	0.293661 	0.451313 	0.0171972 	
1.525	0.00910477 	-0.347401 	-1.42643 	0.29305 	0.451281 	0.0179236 	
1.53	0.0089715 	-0.348458 	-1.42512 	0.292634 	0.451353 	0.0185183 	
1.535	0.00887548 	-0.349518 	-1.42382 	0.292375 	0.451511 	0.0190075 	
1.54	0.00880929 	-0.350578 	-1.42253 	0.292242 	0.451735 	0.0194124 	
1.545	0.00880156 	-0.351928 	-1.42116 	0.292118 	0.453173 	0.0204078 	
1.55	0.0088058 	-0.353217 	-1.41981 	0.292093 	0.45442 	0.0212173 	
1.555	0.00881977 	-0.354457 	-1.41849 	0.292146 	0.455516 	0.021878 	
1.56	0.00884156 	-0.355654 	-1.41718 	0.292262 	0.456489 	0.0224198 	
1.565	0.00862976 	-0.356561 	-1.41596 	0.291564 	0.456108 	0.0230238 	
1.57	0.00847137 	-0.35749 	-1.41475 	0.291079 	0.455902 	0.0235199 	
1.575	0.00835572 	-0.358433 	-1.41354 	0.290765 	0.455837 	0.0239295 	
1.58	0.00827429 	-0.359386 	-1.41233 	0.290587 	0.455884 	0.02427 	
1.585	0.00830707 	-0.360737 	-1.41102 	0.290587 	0.45761 	0.0252741 	
1.59	0.00834412 	-0.362015 	-1.40972 	0.29066 	0.459089 	0.0260899 	
1.595	0.0083848 	-0.363231 	-1.40845 	0.290792 	0.46037 	0.026755 	
1.6	0.00820455 	-0.364063 	-1.40732 	0.290235 	0.459971 	0.0272025 	
1.605	0.00807186 	-0.364919 	-1.40618 	0.289863 	0.459752 	0.0275729 	
1.61	0.00797721 	-0.365793 	-1.40505 	0.289639 	0.459676 	0.0278815 	
1.615	0.00791308 	-0.366678 	-1.40391 	0.289534 	0.459717 	0.0281408 	
1.62	0.00790274 	-0.367934 	-1.40267 	0.289363 	0.46125 	0.0291824 	
1.625	0.00790588 	-0.369123 	-1.40146 	0.289299 	0.462575 	0.0300278 	
1.63	0.00792003 	-0.370256 	-1.40027 	0.289322 	0.463735 	0.0307161 	
1.635	0.00777521 	-0.371024 	-1.39921 	0.288911 	0.463378 	0.0310354 	
1.64	0.00767144 	-0.371816 	-1.39815 	0.288656 	0.463193 	0.0313028 	
1.645	0.00760051 	-0.372625 	-1.3971 	0.288525 	0.463147 	0.0315287 	
1.65	0.00755596 	-0.373446 	-1.39604 	0.288494 	0.463212 	0.0317214 	
1.655	0.00750757 	-0.374599 	-1.39489 	0.288175 	0.464545 	0.0327762 	
1.66	0.00748098 	-0.375693 	-1.39376 	0.287993 	0.465713 	0.0336317 	
1.665	0.00747205 	-0.376736 	-1.39266 	0.287921 	0.466749 	0.0343278 	
1.67	0.00747734 	-0.377737 	-1.39158 	0.287938 	0.467679 	0.0348963 	
1.675	0.00731869 	-0.378328 	-1.39065 	0.287524 	0.466934 	0.0350025 	
1.68	0.00720467 	-0.378963 	-1.38972 	0.287268 	0.466442 	0.0350991 	
1.685	0.00712641 	-0.379631 	-1.38878 	0.287136 	0.466153 	0.035188 	
1.69	0.00710289 	-0.380686 	-1.38772 	0.286942 	0.467394 	0.0360765 	
1.695	0.007097 	-0.381687 	-1.38668 	0.286861 	0.46849 	0.0367989 	
1.7	0.00710543 	-0.382642 	-1.38567 	0.28687 	0.469472 	0.0373881 	
1.705	0.00712542 	-0.38356 	-1.38467 	0.286952 	0.470362 	0.0378711 	
1.71	0.00694739 	-0.384088 	-1.38384 	0.286427 	0.469626 	0.0380543 	
1.715	0.0068187 	-0.384659 	-1.38299 	0.286081 	0.469145 	0.0382123 	
1.72	0.00672954 	-0.385262 	-1.38215 	0.285878 	0.468867 	0.0383501 	
1.725	0.00672715 	-0.386208 	-1.38118 	0.285796 	0.469985 	0.0390715 	
1.73	0.00673907 	-0.387108 	-1.38024 	0.285805 	0.470987 	0.0396599 	
1.735	0.00676265 	-0.387968 	-1.37933 	0.285886 	0.471897 	0.040142 	
1.74	0.00679566 	-0.388796 	-1.37843 	0.286026 	0.472734 	0.0405391 	
1.745	0.00660178 	-0.389252 	-1.37769 	0.285408 	0.471988 	0.0407734 	
1.75	0.00646131 	-0.389751 	-1.37694 	0.284989 	0.471501 	0.0409721 	
1.755	0.00636367 	-0.390283 	-1.37619 	0.284727 	0.471224 	0.0411424 	
1.76	0.00630043 	-0.390839 	-1.37544 	0.284593 	0.471114 	0.04129 	
1.765	0.00633779 	-0.391757 	-1.37456 	0.284632 	0.472479 	0.0420175 	
1.77	0.00638259 	-0.392618 	-1.37371 	0.284738 	0.473683 	0.0426109 	
1.775	0.00643356 	-0.393431 	-1.37288 	0.284897 	0.474759 	0.043097 	
1.78	0.00627652 	-0.393814 	-1.37224 	0.284424 	0.474067 	0.0432233 	
1.785	0.0061665 	-0.39424 	-1.3716 	0.28412 	0.473629 	0.0433357 	
1.79	0.00609421 	-0.394698 	-1.37094 	0.283952 	0.473394 	0.043437 	
1.795	0.00605224 	-0.395181 	-1.37029 	0.283892 	0.473323 	0.0435295 	
1.8	0.00603468 	-0.395681 	-1.36964 	0.283919 	0.473383 	0.0436151 	
1.805	0.00602147 	-0.3965 	-1.36888 	0.283719 	0.474643 	0.0444679 	
1.81	0.00602701 	-0.397265 	-1.36815 	0.283634 	0.475768 	0.0451616 	
1.815	0.0060478 	-0.397985 	-1.36744 	0.28364 	0.476786 	0.045728 	
1.82	0.00593944 	-0.398241 	-1.36693 	0.28339 	0.476023 	0.0456207 	
1.825	0.00586958 	-0.39855 	-1.36641 	0.283265 	0.475534 	0.0455464 	
1.83	0.00583064 	-0.398898 	-1.36588 	0.28324 	0.475263 	0.0454987 	
1.835	0.00581661 	-0.399275 	-1.36535 	0.283296 	0.475169 	0.0454723 	
1.84	0.00577664 	-0.399955 	-1.36472 	0.283 	0.47618 	0.046267 	
1.845	0.00576196 	-0.400594 	-1.36411 	0.282839 	0.477112 	0.0469145 	
1.85	0.00576773 	-0.401198 	-1.36352 	0.282785 	0.477981 	0.0474441 	
1.855	0.0056943 	-0.401396 	-1.36311 	0.282656 	0.477338 	0.047283 	
1.86	0.00565352 	-0.401642 	-1.36269 	0.282628 	0.47695 	0.0471659 	
1.865	0.005639 	-0.401925 	-1.36226 	0.282682 	0.476766 	0.0470842 	
1.87	0.00564567 	-0.402234 	-1.36184 	0.2828 	0.476747 	0.047031 	
1.875	0.0055799 	-0.402762 	-1.36134 	0.28242 	0.477468 	0.0477376 	
1.88	0.00554581 	-0.403264 	-1.36086 	0.282192 	0.478174 	0.0483149 	
1.885	0.00553728 	-0.403743 	-1.3604 	0.282085 	0.478869 	0.0487888 	
1.89	0.00549627 	-0.403881 	-1.36009 	0.282065 	0.478345 	0.0485847 	
1.895	0.00548262 	-0.404064 	-1.35977 	0.282125 	0.478058 	0.0484336 	
1.9	0.00549103 	-0.404281 	-1.35945 	0.282249 	0.477961 	0.0483251 	
1.905	0.00551727 	-0.404523 	-1.35913 	0.282424 	0.478017 	0.0482508 	
1.91	0.00555795 	-0.404783 	-1.35881 	0.28264 	0.478197 	0.0482041 	
1.915	0.00542545 	-0.405147 	-1.35847 	0.281983 	0.478594 	0.0489545 	
1.92	0.00533943 	-0.405501 	-1.35814 	0.281533 	0.479048 	0.0495674 	
1.925	0.0052908 	-0.405844 	-1.35783 	0.28125 	0.479548 	0.0500701 	
1.93	0.00531783 	-0.405896 	-1.35764 	0.281506 	0.479138 	0.0496873 	
1.935	0.00536004 	-0.405992 	-1.35744 	0.281788 	0.478949 	0.0493939 	
1.94	0.00541459 	-0.406123 	-1.35724 	0.282091 	0.478938 	0.0491722 	
1.945	0.0054792 	-0.406278 	-1.35704 	0.282409 	0.479069 	0.049008 	
1.95	0.00533244 	-0.406492 	-1.35685 	0.281713 	0.479212 	0.0496492 	
1.955	0.00523633 	-0.40671 	-1.35665 	0.281233 	0.479469 	0.0501752 	
1.96	0.00518094 	-0.406929 	-1.35647 	0.280925 	0.479818 	0.050609 	
1.965	0.00523154 	-0.406919 	-1.35639 	0.281251 	0.479518 	0.0502142 	
1.97	0.00529393 	-0.406951 	-1.35629 	0.281588 	0.479425 	0.0499117 	
1.975	0.00536593 	-0.407015 	-1.3562 	0.281935 	0.479496 	0.0496833 	
1.98	0.00544583 	-0.407101 	-1.35611 	0.28229 	0.479701 	0.0495145 	
1.985	0.00528902 	-0.407157 	-1.35605 	0.281579 	0.479567 	0.0500159 	
1.99	0.00518622 	-0.407232 	-1.356 	0.281087 	0.47961 	0.0504308 	
1.995	0.00512682 	-0.407321 	-1.35595 	0.280771 	0.479795 	0.0507764 	
2	0.00510233 	-0.407419 	-1.35591 	0.280596 	0.480094 	0.0510666 	
2.005	0.00519939 	-0.407278 	-1.35595 	0.281143 	0.479689 	0.0504258 	
2.01	0.00529752 	-0.407204 	-1.35596 	0.281657 	0.479502 	0.0499255 	
2.015	0.0053962 	-0.407186 	-1.35593 	0.282145 	0.479488 	0.0495377 	
2.02	0.00527567 	-0.407285 	-1.35585 	0.281562 	0.479614 	0.0500066 	
2.025	0.00519871 	-0.407407 	-1.35575 	0.281172 	0.479847 	0.0503934 	
2.03	0.00515627 	-0.407548 	-1.35563 	0.280936 	0.480163 	0.0507141 	
2.035	0.00514112 	-0.407706 	-1.35548 	0.280823 	0.480543 	0.0509817 	
2.04	0.00520016 	-0.407645 	-1.35541 	0.281212 	0.480205 	0.0503844 	
2.045	0.00526553 	-0.407642 	-1.3553 	0.281598 	0.480058 	0.0499174 	
2.05	0.00533564 	-0.407688 	-1.35516 	0.281983 	0.480062 	0.0495544 	
2.055	0.00524549 	-0.407892 	-1.35495 	0.281536 	0.480422 	0.0499799 	
2.06	0.00519049 	-0.408104 	-1.35473 	0.281253 	0.480828 	0.0503304 	
2.065	0.00516328 	-0.408325 	-1.35449 	0.281102 	0.481269 	0.0506205 	
2.07	0.00515798 	-0.408553 	-1.35423 	0.281054 	0.481736 	0.0508621 	
2.075	0.00516989 	-0.408787 	-1.35395 	0.281091 	0.482222 	0.0510647 	
2.08	0.0051858 	-0.408774 	-1.35376 	0.28133 	0.48181 	0.0503285 	
2.085	0.00521404 	-0.408818 	-1.35354 	0.281595 	0.481589 	0.0497486 	
2.09	0.00525184 	-0.408908 	-1.35329 	0.281881 	0.48152 	0.0492936 	
2.095	0.00519307 	-0.409263 	-1.35292 	0.28155 	0.482257 	0.0498358 	
2.1	0.00516053 	-0.409603 	-1.35254 	0.281358 	0.48295 	0.0502779 	
2.105	0.00514872 	-0.409934 	-1.35216 	0.281278 	0.483605 	0.0506396 	
2.11	0.00515318 	-0.410257 	-1.35176 	0.281287 	0.484228 	0.0509367 	
2.115	0.00514659 	-0.410343 	-1.35145 	0.281421 	0.48398 	0.0502305 	
2.12	0.00515467 	-0.410472 	-1.35112 	0.2816 	0.483877 	0.0496731 	
2.125	0.00517417 	-0.410637 	-1.35075 	0.281816 	0.483889 	0.0492346 	
2.13	0.00513453 	-0.411063 	-1.35027 	0.281589 	0.484737 	0.0497259 	
2.135	0.00511518 	-0.411467 	-1.34979 	0.281479 	0.485506 	0.0501259 	
2.14	0.00511182 	-0.411854 	-1.3493 	0.281463 	0.486209 	0.0504525 	
2.145	0.00512096 	-0.412228 	-1.3488 	0.281522 	0.486859 	0.0507201 	
2.15	0.00513983 	-0.412592 	-1.3483 	0.281641 	0.487463 	0.0509404 	
2.155	0.00509108 	-0.412766 	-1.34787 	0.281593 	0.487303 	0.0500817 	
2.16	0.00506314 	-0.412972 	-1.34742 	0.281625 	0.487257 	0.0494007 	
2.165	0.00505156 	-0.413204 	-1.34694 	0.281723 	0.487301 	0.0488618 	
2.17	0.00504356 	-0.413729 	-1.34633 	0.281642 	0.488357 	0.0494834 	
2.175	0.00504729 	-0.414218 	-1.34572 	0.281648 	0.489278 	0.0499861 	
2.18	0.00506021 	-0.414679 	-1.34511 	0.281723 	0.49009 	0.0503933 	
2.185	0.00508022 	-0.415118 	-1.3445 	0.281853 	0.490812 	0.050724 	
2.19	0.00501732 	-0.415398 	-1.34396 	0.281724 	0.490867 	0.0499047 	
2.195	0.00497624 	-0.415693 	-1.3434 	0.281691 	0.490982 	0.0492539 	
2.2	0.00495239 	-0.416001 	-1.34283 	0.281735 	0.491143 	0.0487379 	
2.205	0.0049542 	-0.416566 	-1.34213 	0.281727 	0.49221 	0.0492987 	
2.21	0.00496408 	-0.417091 	-1.34144 	0.281791 	0.493128 	0.0497514 	
2.215	0.00498025 	-0.417585 	-1.34075 	0.281911 	0.493927 	0.0501175 	
2.22	0.00500124 	-0.418055 	-1.34006 	0.282076 	0.494628 	0.0504142 	
2.225	0.00502587 	-0.418506 	-1.33937 	0.282278 	0.495251 	0.0506551 	
2.23	0.00492057 	-0.418906 	-1.33871 	0.281931 	0.495537 	0.0496696 	
2.235	0.00484379 	-0.419302 	-1.33804 	0.281723 	0.495825 	0.0488846 	
2.24	0.00478965 	-0.419696 	-1.33736 	0.281626 	0.496113 	0.0482599 	
2.245	0.00482387 	-0.420295 	-1.33657 	0.281796 	0.497198 	0.0489655 	
2.25	0.00485807 	-0.420853 	-1.3358 	0.282001 	0.498119 	0.0495329 	
2.255	0.00489212 	-0.421376 	-1.33503 	0.282233 	0.49891 	0.0499897 	
2.26	0.00492587 	-0.421873 	-1.33426 	0.282487 	0.499595 	0.0503577 	
2.265	0.00481275 	-0.422369 	-1.33351 	0.282084 	0.500095 	0.0494219 	
2.27	0.00472845 	-0.422844 	-1.33275 	0.281829 	0.500545 	0.0486758 	
2.275	0.00466707 	-0.423303 	-1.33199 	0.281694 	0.500954 	0.0480813 	
2.28	0.00470372 	-0.423914 	-1.33115 	0.281907 	0.501978 	0.0487158 	
2.285	0.00473875 	-0.424482 	-1.33032 	0.282144 	0.502844 	0.0492256 	
2.29	0.00477241 	-0.425018 	-1.3295 	0.282402 	0.503582 	0.0496354 	
2.295	0.00480483 	-0.425526 	-1.32868 	0.282675 	0.504217 	0.0499653 	
2.3	0.00468723 	-0.42611 	-1.32784 	0.282228 	0.504931 	0.0491061 	
2.305	0.00459837 	-0.426659 	-1.32701 	0.281936 	0.505545 	0.0484205 	
2.31	0.00453245 	-0.427179 	-1.32619 	0.281771 	0.506078 	0.0478738 	
2.315	0.00448479 	-0.427676 	-1.32537 	0.281705 	0.506547 	0.0474381 	
2.32	0.00454756 	-0.428337 	-1.32445 	0.282036 	0.507682 	0.0483365 	
2.325	0.00460261 	-0.428948 	-1.32355 	0.282367 	0.50863 	0.0490567 	
2.33	0.00465145 	-0.429519 	-1.32267 	0.282699 	0.509427 	0.0496342 	
2.335	0.00454735 	-0.430095 	-1.3218 	0.282341 	0.510067 	0.0488286 	
2.34	0.00446871 	-0.430639 	-1.32094 	0.282121 	0.510616 	0.0481854 	
2.345	0.00441042 	-0.431155 	-1.32009 	0.282012 	0.511093 	0.0476722 	
2.35	0.00436838 	-0.431651 	-1.31925 	0.281991 	0.511512 	0.0472629 	
2.355	0.00440805 	-0.432374 	-1.31828 	0.282197 	0.512779 	0.0480458 	
2.36	0.00444419 	-0.433036 	-1.31733 	0.282428 	0.513827 	0.0486733 	
2.365	0.00447754 	-0.433648 	-1.31641 	0.282679 	0.514701 	0.0491763 	
2.37	0.00450863 	-0.434219 	-1.31551 	0.282945 	0.515434 	0.0495797 	
2.375	0.00437742 	-0.434786 	-1.31463 	0.282486 	0.515971 	0.0484851 	
2.38	0.00427685 	-0.435321 	-1.31376 	0.282185 	0.516435 	0.0476106 	
2.385	0.00420084 	-0.435831 	-1.31289 	0.282011 	0.51684 	0.046912 	
2.39	0.00424434 	-0.436518 	-1.31193 	0.282265 	0.517958 	0.0476571 	
2.395	0.00428353 	-0.437149 	-1.31098 	0.282535 	0.518885 	0.0482543 	
2.4	0.00431935 	-0.437735 	-1.31007 	0.282816 	0.519661 	0.0487331 	
2.405	0.00435249 	-0.438286 	-1.30917 	0.283107 	0.520315 	0.0491171 	
2.41	0.0042186 	-0.438904 	-1.30826 	0.282606 	0.521012 	0.0481131 	
2.415	0.00411602 	-0.43948 	-1.30736 	0.282272 	0.521603 	0.0473109 	
2.42	0.00403861 	-0.440021 	-1.30648 	0.28207 	0.52211 	0.0466704 	
2.425	0.00408195 	-0.440657 	-1.30554 	0.282352 	0.523058 	0.0473394 	
2.43	0.00412136 	-0.441245 	-1.30463 	0.282644 	0.523851 	0.0478759 	
2.435	0.00415774 	-0.441796 	-1.30373 	0.282942 	0.524519 	0.0483064 	
2.44	0.00419177 	-0.442316 	-1.30286 	0.283247 	0.525088 	0.0486522 	
2.445	0.0040554 	-0.442964 	-1.30194 	0.28271 	0.525897 	0.0477343 	
2.45	0.00395133 	-0.443562 	-1.30104 	0.282345 	0.526579 	0.0470015 	
2.455	0.00387329 	-0.444118 	-1.30017 	0.28212 	0.527159 	0.0464168 	
2.46	0.0038162 	-0.444641 	-1.29931 	0.282005 	0.52766 	0.0459509 	
2.465	0.00389033 	-0.445242 	-1.2984 	0.28243 	0.528563 	0.0469048 	
2.47	0.00395519 	-0.445801 	-1.29752 	0.282835 	0.529321 	0.0476698 	
2.475	0.00401279 	-0.446323 	-1.29666 	0.283225 	0.529965 	0.0482837 	
2.48	0.00389219 	-0.446904 	-1.29579 	0.28278 	0.530614 	0.0474271 	
2.485	0.00380166 	-0.447445 	-1.29495 	0.28249 	0.531172 	0.046744 	
2.49	0.0037354 	-0.447951 	-1.29413 	0.282324 	0.531657 	0.0461997 	
2.495	0.00368873 	-0.448431 	-1.29333 	0.282257 	0.532085 	0.0457668 	
2.5	0.00373709 	-0.44903 	-1.29245 	0.282543 	0.53301 	0.0466023 	
2.505	0.0037824 	-0.449583 	-1.2916 	0.282837 	0.533791 	0.0472734 	
2.51	0.00382549 	-0.450098 	-1.29078 	0.283139 	0.534458 	0.047813 	
2.515	0.00372505 	-0.450604 	-1.28999 	0.282798 	0.534959 	0.0470554 	
2.52	0.00365192 	-0.451081 	-1.28922 	0.282592 	0.535403 	0.0464524 	
2.525	0.00360085 	-0.451532 	-1.28847 	0.282494 	0.535805 	0.0459733 	
2.53	0.00356765 	-0.451962 	-1.28773 	0.282482 	0.536172 	0.0455935 	
2.535	0.00354897 	-0.452375 	-1.28701 	0.282539 	0.536513 	0.0452934 	
2.54	0.00357334 	-0.452993 	-1.28617 	0.282667 	0.537564 	0.0462379 	
2.545	0.00360105 	-0.453555 	-1.28537 	0.282837 	0.538454 	0.0469975 	
2.55	0.00363174 	-0.454071 	-1.2846 	0.283039 	0.539215 	0.0476091 	
2.555	0.00354844 	-0.454446 	-1.28394 	0.282805 	0.539425 	0.046745 	
2.56	0.00349084 	-0.45481 	-1.28329 	0.282685 	0.539645 	0.0460583 	
2.565	0.00345403 	-0.455166 	-1.28266 	0.282657 	0.539876 	0.0455136 	
2.57	0.00343413 	-0.455513 	-1.28203 	0.282701 	0.540117 	0.0450829 	
2.575	0.00343854 	-0.456074 	-1.28128 	0.282729 	0.541072 	0.045945 	
2.58	0.00345204 	-0.456585 	-1.28056 	0.282819 	0.541894 	0.04664 	
2.585	0.00347313 	-0.457054 	-1.27988 	0.282959 	0.542611 	0.0472014 	
2.59	0.00340923 	-0.45735 	-1.27933 	0.282807 	0.542716 	0.0464377 	
2.595	0.003369 	-0.457646 	-1.27878 	0.282753 	0.542862 	0.0458327 	
2.6	0.00334798 	-0.45794 	-1.27824 	0.282778 	0.543044 	0.0453549 	
2.605	0.00334262 	-0.458233 	-1.27771 	0.282867 	0.543255 	0.0449793 	
2.61	0.00332528 	-0.458711 	-1.27708 	0.282792 	0.544056 	0.0457337 	
2.615	0.00336281 	-0.45899 	-1.27656 	0.282978 	0.544258 	0.0460476 	
2.62	0.0033781 	-0.45923 	-1.2761 	0.283237 	0.544432 	0.0463078 	
2.625	0.00341322 	-0.45945 	-1.27565 	0.283498 	0.544532 	0.0464077 	
2.63	0.00344673 	-0.459644 	-1.27522 	0.283739 	0.544561 	0.0462759 	
2.635	0.00330053 	-0.460218 	-1.2746 	0.283021 	0.545643 	0.0458929 	
2.64	0.00321794 	-0.460613 	-1.27409 	0.282674 	0.546251 	0.0455544 	
2.645	0.00317116 	-0.460911 	-1.27364 	0.28246 	0.546575 	0.0453391 	
2.65	0.00313352 	-0.461139 	-1.27325 	0.282349 	0.546731 	0.0451783 	
2.655	0.00309701 	-0.461307 	-1.27291 	0.282292 	0.546744 	0.0450519 	
2.66	0.0030734 	-0.46138 	-1.2726 	0.282343 	0.546472 	0.0450038 	
2.665	0.00310752 	-0.46137 	-1.27249 	0.2824 	0.546295 	0.044744 	
2.67	0.00316496 	-0.461293 	-1.27242 	0.282548 	0.545977 	0.0444846 	
2.675	0.0032284 	-0.461164 	-1.27241 	0.282751 	0.545598 	0.0442194 	
2.68	0.00327236 	-0.461005 	-1.27248 	0.28285 	0.545262 	0.0441551 	
2.685	0.00329812 	-0.460821 	-1.27261 	0.282913 	0.544907 	0.0441739 	
2.69	0.00331071 	-0.460618 	-1.27277 	0.282955 	0.544523 	0.0442065 	
2.695	0.0033137 	-0.4604 	-1.27295 	0.282984 	0.544113 	0.0442368 	
2.7	0.00330916 	-0.46017 	-1.27316 	0.283001 	0.543682 	0.0442607 	
2.705	0.00329867 	-0.459931 	-1.27337 	0.283008 	0.543234 	0.0442758 	
2.71	0.00328375 	-0.459685 	-1.2736 	0.283006 	0.542771 	0.0442823 	
2.715	0.00326575 	-0.459434 	-1.27383 	0.282998 	0.542299 	0.0442832 	
2.72	0.00324576 	-0.459179 	-1.27408 	0.282987 	0.541819 	0.0442821 	
2.725	0.00322439 	-0.45892 	-1.27432 	0.282974 	0.541333 	0.0442815 	
2.73	0.00320201 	-0.45866 	-1.27457 	0.28296 	0.540842 	0.0442818 	
2.735	0.00317888 	-0.458398 	-1.27483 	0.282945 	0.540347 	0.044283 	
2.74	0.00315411 	-0.458135 	-1.27508 	0.28293 	0.53984 	0.0442484 	
2.745	0.00312835 	-0.457871 	-1.27533 	0.282914 	0.539321 	0.0441856 	
2.75	0.00310215 	-0.457606 	-1.27558 	0.282897 	0.538793 	0.0441001 	
2.755	0.00307596 	-0.45734 	-1.27582 	0.28288 	0.538259 	0.043996 	
2.76	0.00305006 	-0.457074 	-1.27607 	0.282864 	0.537718 	0.0438764 	
2.765	0.00302459 	-0.456807 	-1.27631 	0.282849 	0.537174 	0.0437452 	
2.77	0.00299914 	-0.45654 	-1.27655 	0.282835 	0.536627 	0.0436081 	
2.775	0.00297375 	-0.456272 	-1.2768 	0.282821 	0.536078 	0.0434663 	
2.78	0.00294842 	-0.456005 	-1.27704 	0.282808 	0.535528 	0.0433208 	
2.785	0.00292316 	-0.455737 	-1.27728 	0.282796 	0.534975 	0.0431722 	
2.79	0.00289801 	-0.45547 	-1.27752 	0.282785 	0.534421 	0.0430211 	
2.795	0.00287301 	-0.455202 	-1.27776 	0.282776 	0.533866 	0.0428679 	
2.8	0.00284811 	-0.454934 	-1.278 	0.282768 	0.533309 	0.0427134 	
2.805	0.00282347 	-0.454666 	-1.27824 	0.282761 	0.532752 	0.0425573 	
2.81	0.00279909 	-0.454397 	-1.27848 	0.282755 	0.532193 	0.0424001 	
2.815	0.00277501 	-0.454129 	-1.27872 	0.28275 	0.531633 	0.0422419 	
2.82	0.00275121 	-0.45386 	-1.27896 	0.282747 	0.531073 	0.0420829 	
2.825	0.00272773 	-0.453591 	-1.2792 	0.282746 	0.530511 	0.0419234 	
2.83	0.00267513 	-0.453326 	-1.27942 	0.282683 	0.529918 	0.04182 	
2.835	0.00257833 	-0.453066 	-1.27962 	0.282506 	0.529273 	0.0418064 	
2.84	0.00249164 	-0.452814 	-1.27981 	0.282333 	0.528605 	0.0417972 	
2.845	0.00243595 	-0.452555 	-1.28 	0.28225 	0.527914 	0.0417451 	
2.85	0.00239891 	-0.452292 	-1.28017 	0.282228 	0.527204 	0.0416672 	
2.855	0.0023499 	-0.452029 	-1.28034 	0.282192 	0.526482 	0.0416092 	
2.86	0.0022527 	-0.451772 	-1.2805 	0.28202 	0.525752 	0.0416403 	
2.865	0.00211068 	-0.451523 	-1.2807 	0.281756 	0.525117 	0.0418525 	
2.87	0.00192534 	-0.451279 	-1.28088 	0.28141 	0.524456 	0.0421048 	
2.875	0.00173774 	-0.451057 	-1.28109 	0.281009 	0.523772 	0.0423665 	
2.88	0.00159741 	-0.450824 	-1.28126 	0.28079 	0.52306 	0.0425156 	
2.885	0.00150926 	-0.450582 	-1.28142 	0.280713 	0.522331 	0.0425621 	
2.89	0.00144439 	-0.450312 	-1.28154 	0.280824 	0.521611 	0.0425541 	
2.895	0.00134474 	-0.450048 	-1.28165 	0.280719 	0.520836 	0.042592 	
2.9	0.00120573 	-0.449791 	-1.28179 	0.280458 	0.52007 	0.0427067 	
2.905	0.00106343 	-0.449532 	-1.28193 	0.280225 	0.519296 	0.0428177 	
2.91	0.000944468 	-0.44926 	-1.28216 	0.279967 	0.518706 	0.0428408 	
2.915	0.000834317 	-0.448981 	-1.28236 	0.279773 	0.518062 	0.0428415 	
2.92	0.000754684 	-0.44869 	-1.28259 	0.279647 	0.517464 	0.0428291 	
2.925	0.000716922 	-0.448393 	-1.28283 	0.279619 	0.516888 	0.0427702 	
2.93	0.000677994 	-0.448093 	-1.28308 	0.279579 	0.516304 	0.042728 	
2.935	0.000638205 	-0.447791 	-1.28332 	0.279535 	0.515717 	0.0427003 	
2.94	0.000598955 	-0.447488 	-1.28357 	0.279491 	0.515127 	0.0426815 	
2.945	0.000559181 	-0.447185 	-1.28382 	0.279449 	0.514531 	0.0426473 	
2.95	0.000526437 	-0.446878 	-1.28408 	0.279418 	0.513944 	0.0426128 	
2.955	0.000481611 	-0.446578 	-1.28434 	0.27936 	0.513361 	0.0426191 	
2.96	0.000429157 	-0.446282 	-1.2846 	0.279283 	0.512779 	0.0426439 	
2.965	0.000385665 	-0.445984 	-1.28486 	0.279243 	0.512194 	0.0426786 	
2.97	0.000344959 	-0.445685 	-1.28512 	0.279211 	0.511608 	0.0427119 	
2.975	0.000306018 	-0.445385 	-1.28537 	0.279189 	0.511015 	0.0427174 	
2.98	0.000259756 	-0.445088 	-1.28562 	0.279148 	0.510408 	0.042732 	
2.985	0.000249099 	-0.444782 	-1.28587 	0.279184 	0.509807 	0.0426195 	
2.99	0.000233073 	-0.44448 	-1.28613 	0.279182 	0.50923 	0.0426021 	
2.995	0.000216492 	-0.444181 	-1.28639 	0.279182 	0.508662 	0.0426011 	
3	0.000209764 	-0.44388 	-1.28664 	0.279222 	0.508081 	0.0425296 	
3.005	0.000207033 	-0.443579 	-1.28689 	0.279272 	0.507494 	0.042437 	
3.01	0.000205075 	-0.443278 	-1.28714 	0.279322 	0.506904 	0.042342 	
3.015	0.000207512 	-0.442976 	-1.28737 	0.279376 	0.506291 	0.042171 	
3.02	0.000216799 	-0.442673 	-1.28759 	0.279439 	0.505659 	0.0419336 	
3.025	0.000231207 	-0.442369 	-1.28781 	0.279508 	0.505018 	0.0416623 	
3.03	0.000247953 	-0.442065 	-1.28803 	0.279578 	0.504371 	0.0413787 	
3.035	0.000258372 	-0.441762 	-1.28824 	0.279633 	0.503724 	0.0411242 	
3.04	0.000262885 	-0.441461 	-1.28846 	0.279676 	0.503081 	0.0408919 	
3.045	0.000248495 	-0.441163 	-1.28869 	0.27968 	0.502442 	0.0407064 	
3.05	0.000220268 	-0.440869 	-1.28892 	0.279647 	0.50181 	0.0405557 	
3.055	0.00018651 	-0.440576 	-1.28915 	0.279603 	0.501184 	0.0404123 	
3.06	0.000150326 	-0.440282 	-1.28939 	0.279554 	0.50056 	0.0402669 	
3.065	0.000111716 	-0.43999 	-1.28963 	0.279501 	0.499937 	0.0401263 	
3.07	7.26615e-05 	-0.439697 	-1.28986 	0.279446 	0.499316 	0.0399842 	
3.075	3.42247e-05 	-0.439405 	-1.2901 	0.279391 	0.498698 	0.0398374 	
3.08	8.62474e-06 	-0.439109 	-1.29034 	0.279369 	0.498092 	0.0396953 	
3.085	-1.74126e-05 	-0.438812 	-1.29059 	0.279345 	0.497488 	0.0395791 	
3.09	-3.59786e-05 	-0.438514 	-1.29083 	0.279339 	0.496886 	0.0394556 	
3.095	-4.91086e-05 	-0.438214 	-1.29108 	0.279343 	0.496285 	0.0393297 	
3.1	-5.29579e-05 	-0.437911 	-1.29133 	0.279379 	0.495693 	0.0392347 	
3.105	-6.95799e-05 	-0.43761 	-1.29158 	0.279386 	0.4951 	0.0392034 	
3.11	-9.29156e-05 	-0.437311 	-1.29183 	0.279378 	0.494505 	0.0391934 	
3.115	-0.000118391 	-0.437011 	-1.29208 	0.279366 	0.493912 	0.0391713 	
3.12	-0.000144097 	-0.436711 	-1.29234 	0.279353 	0.49332 	0.0391333 	
3.125	-0.000169671 	-0.436411 	-1.29259 	0.279342 	0.492727 	0.0390912 	
3.13	-0.000195383 	-0.436111 	-1.29285 	0.279331 	0.492134 	0.039048 	
3.135	-0.000221288 	-0.43581 	-1.2931 	0.27932 	0.491541 	0.0390046 	
3.14	-0.000253299 	-0.435509 	-1.29336 	0.279296 	0.490944 	0.0389935 	
3.145	-0.000276198 	-0.435204 	-1.29361 	0.279296 	0.490347 	0.0389454 	
3.15	-0.00029701 	-0.434899 	-1.29387 	0.2793 	0.489746 	0.0388959 	
3.155	-0.00030921 	-0.434592 	-1.29412 	0.279324 	0.489144 	0.0388138 	
3.16	-0.000314994 	-0.434283 	-1.29437 	0.27936 	0.488542 	0.0387148 	
3.165	-0.000336575 	-0.433977 	-1.29461 	0.279369 	0.487924 	0.0386786 	
3.17	-0.000368949 	-0.433673 	-1.29486 	0.279349 	0.4873 	0.0386754 	
3.175	-0.000405349 	-0.43337 	-1.2951 	0.27932 	0.486676 	0.0386782 	
3.18	-0.000441993 	-0.433067 	-1.29535 	0.279285 	0.486063 	0.0386612 	
3.185	-0.000478558 	-0.432762 	-1.2956 	0.27925 	0.485453 	0.0386351 	
3.19	-0.00051094 	-0.432457 	-1.29586 	0.279227 	0.484847 	0.0386084 	
3.195	-0.000540315 	-0.43215 	-1.29611 	0.279213 	0.484242 	0.0385842 	
3.2	-0.000556963 	-0.43184 	-1.29636 	0.279227 	0.483641 	0.0385486 	
3.205	-0.000565294 	-0.431528 	-1.29662 	0.279264 	0.48304 	0.0385106 	
3.21	-0.000579094 	-0.431218 	-1.29687 	0.279275 	0.482431 	0.0384375 	
3.215	-0.000592875 	-0.430908 	-1.29712 	0.279283 	0.481821 	0.0383456 	
3.22	-0.000605444 	-0.430599 	-1.29737 	0.279292 	0.481212 	0.0382426 	
3.225	-0.000616774 	-0.430289 	-1.29762 	0.279304 	0.480603 	0.0381321 	
3.23	-0.000639725 	-0.429984 	-1.29788 	0.279283 	0.479995 	0.0380795 	
3.235	-0.000667418 	-0.429679 	-1.29813 	0.279255 	0.47939 	0.0380424 	
3.24	-0.000693671 	-0.429374 	-1.29838 	0.279234 	0.478785 	0.0379899 	
3.245	-0.000720436 	-0.429069 	-1.29863 	0.279213 	0.47818 	0.0379361 	
3.25	-0.000748376 	-0.428765 	-1.29889 	0.279191 	0.477574 	0.0378858 	
3.255	-0.000778195 	-0.42846 	-1.29914 	0.279165 	0.476968 	0.037843 	
3.26	-0.000828762 	-0.428161 	-1.29939 	0.279078 	0.476351 	0.0378474 	
3.265	-0.00088441 	-0.427862 	-1.29963 	0.278981 	0.475733 	0.0378561 	
3.27	-0.000961597 	-0.427567 	-1.29988 	0.278842 	0.475106 	0.0379004 	
3.275	-0.0010593 	-0.427274 	-1.30012 	0.278662 	0.474469 	0.0379635 	
3.28	-0.00116056 	-0.42698 	-1.30036 	0.278474 	0.47383 	0.0380323 	
3.285	-0.00125861 	-0.426682 	-1.3006 	0.278293 	0.473191 	0.0380877 	
3.29	-0.00135168 	-0.426381 	-1.30085 	0.278125 	0.47255 	0.038132 	
3.295	-0.00143944 	-0.426076 	-1.3011 	0.277969 	0.471908 	0.0381672 	
3.3	-0.00151099 	-0.425765 	-1.30135 	0.277854 	0.471263 	0.0381487 	
3.305	-0.00157896 	-0.425452 	-1.3016 	0.277749 	0.47061 	0.0381454 	
3.31	-0.00163847 	-0.425138 	-1.30185 	0.277664 	0.469964 	0.0381565 	
3.315	-0.00168881 	-0.424821 	-1.30211 	0.2776 	0.469324 	0.0381403 	
3.32	-0.00174084 	-0.424504 	-1.30236 	0.277534 	0.46868 	0.0381549 	
3.325	-0.00180012 	-0.42419 	-1.30261 	0.277446 	0.468032 	0.0381709 	
3.33	-0.00184413 	-0.423872 	-1.30287 	0.277392 	0.467394 	0.03815 	
3.335	-0.00187997 	-0.423553 	-1.30313 	0.27736 	0.466757 	0.0381072 	
3.34	-0.0019081 	-0.423232 	-1.30338 	0.277343 	0.46612 	0.0380418 	
3.345	-0.00193361 	-0.422912 	-1.30363 	0.277332 	0.465482 	0.0379638 	
3.35	-0.00196723 	-0.422594 	-1.30389 	0.277303 	0.464844 	0.0379093 	
3.355	-0.00199792 	-0.422276 	-1.30414 	0.27729 	0.464209 	0.0378756 	
3.36	-0.00203029 	-0.421959 	-1.30439 	0.277274 	0.463574 	0.0378566 	
3.365	-0.00206958 	-0.421645 	-1.30464 	0.277239 	0.462932 	0.0378452 	
3.37	-0.00211184 	-0.421332 	-1.30489 	0.277195 	0.462288 	0.0378207 	
3.375	-0.00215576 	-0.421019 	-1.30514 	0.277146 	0.461643 	0.0377795 	
3.38	-0.00220083 	-0.420707 	-1.30539 	0.277091 	0.460999 	0.0377229 	
3.385	-0.00224039 	-0.420395 	-1.30564 	0.277039 	0.460357 	0.0376623 	
3.39	-0.00226746 	-0.420079 	-1.30589 	0.277027 	0.459722 	0.037634 	
3.395	-0.00228823 	-0.41976 	-1.30614 	0.277032 	0.459089 	0.0376195 	
3.4	-0.0023176 	-0.419444 	-1.30638 	0.276999 	0.458449 	0.0376136 	
3.405	-0.00233987 	-0.419126 	-1.30663 	0.276993 	0.457813 	0.0376107 	
3.41	-0.00236685 	-0.418808 	-1.30688 	0.276967 	0.457174 	0.0375543 	
3.415	-0.00238485 	-0.418487 	-1.30712 	0.276971 	0.456535 	0.0375146 	
3.42	-0.00239746 	-0.418166 	-1.30737 	0.276993 	0.455896 	0.0374832 	
3.425	-0.00240825 	-0.417843 	-1.30761 	0.277023 	0.455256 	0.0374572 	
3.43	-0.00242971 	-0.417524 	-1.30786 	0.27702 	0.454614 	0.0374569 	
3.435	-0.00245755 	-0.417205 	-1.3081 	0.277003 	0.45397 	0.0374649 	
3.44	-0.0024882 	-0.416887 	-1.30835 	0.276982 	0.453327 	0.0374729 	
3.445	-0.00252071 	-0.416569 	-1.3086 	0.276959 	0.452683 	0.0374811 	
3.45	-0.00254549 	-0.416248 	-1.30885 	0.276963 	0.452038 	0.0374629 	
3.455	-0.00256782 	-0.415927 	-1.30909 	0.276974 	0.451397 	0.0374827 	
3.46	-0.00260728 	-0.41561 	-1.30934 	0.276944 	0.450745 	0.0375141 	
3.465	-0.00263982 	-0.41529 	-1.30958 	0.276931 	0.450094 	0.0375129 	
3.47	-0.00266176 	-0.414967 	-1.30982 	0.276948 	0.449446 	0.0375063 	
3.475	-0.00267719 	-0.414643 	-1.31007 	0.276981 	0.448801 	0.0375287 	
3.48	-0.00268813 	-0.414318 	-1.31031 	0.277025 	0.448158 	0.0375584 	
3.485	-0.00269988 	-0.413993 	-1.31055 	0.277066 	0.447511 	0.0375667 	
3.49	-0.00271562 	-0.413668 	-1.3108 	0.277094 	0.446861 	0.037564 	
3.495	-0.00273597 	-0.413344 	-1.31104 	0.277109 	0.446206 	0.0375546 	
3.5	-0.00278783 	-0.413027 	-1.31128 	0.277042 	0.445542 	0.0375634 	
3.505	-0.00285575 	-0.412714 	-1.31152 	0.276943 	0.444873 	0.0375834 	
3.51	-0.00292877 	-0.412401 	-1.31175 	0.276834 	0.444203 	0.0375988 	
3.515	-0.00301619 	-0.412091 	-1.31199 	0.276687 	0.443532 	0.0376095 	
3.52	-0.00307842 	-0.411774 	-1.31223 	0.27661 	0.44287 	0.0376019 	
3.525	-0.00312611 	-0.411453 	-1.31248 	0.276561 	0.442208 	0.0375795 	
3.53	-0.00316617 	-0.411129 	-1.31272 	0.276533 	0.441545 	0.0375524 	
3.535	-0.00320153 	-0.410809 	-1.31296 	0.276521 	0.440883 	0.0375334 	
3.54	-0.00323657 	-0.410489 	-1.3132 	0.276505 	0.440222 	0.0375128 	
3.545	-0.00327176 	-0.410167 	-1.31344 	0.276488 	0.439559 	0.0374923 	
3.55	-0.00329845 	-0.409848 	-1.31368 	0.276501 	0.438903 	0.0374739 	
3.555	-0.00332117 	-0.40953 	-1.31392 	0.276525 	0.43825 	0.0374548 	
3.56	-0.00334224 	-0.409215 	-1.31416 	0.276552 	0.4376 	0.0374356 	
3.565	-0.00336736 	-0.408902 	-1.31439 	0.276556 	0.436948 	0.0374071 	
3.57	-0.00338761 	-0.408591 	-1.31462 	0.276578 	0.436299 	0.0373563 	
3.575	-0.00340222 	-0.408279 	-1.31485 	0.276612 	0.435657 	0.0373433 	
3.58	-0.00342185 	-0.407968 	-1.31508 	0.276637 	0.435013 	0.0373315 	
3.585	-0.00344543 	-0.407661 	-1.31531 	0.276644 	0.434365 	0.0373006 	
3.59	-0.00347072 	-0.407354 	-1.31554 	0.276646 	0.43372 	0.0372777 	
3.595	-0.00349673 	-0.407048 	-1.31577 	0.276645 	0.433076 	0.0372554 	
3.6	-0.00352284 	-0.406743 	-1.316 	0.276644 	0.432432 	0.0372331 	
3.605	-0.00354882 	-0.406438 	-1.31623 	0.276642 	0.431789 	0.037211 	
3.61	-0.00357553 	-0.406132 	-1.31646 	0.276636 	0.431144 	0.0371871 	
3.615	-0.00360167 	-0.405827 	-1.31668 	0.276632 	0.4305 	0.0371637 	
3.62	-0.0036321 	-0.405522 	-1.31691 	0.276617 	0.429847 	0.0371469 	
3.625	-0.00364984 	-0.405212 	-1.31713 	0.276643 	0.429201 	0.0371555 	
3.63	-0.00366209 	-0.404899 	-1.31735 	0.276687 	0.428553 	0.0371698 	
3.635	-0.00367952 	-0.404587 	-1.31758 	0.276718 	0.427903 	0.0371821 	
3.64	-0.00370545 	-0.404276 	-1.3178 	0.276718 	0.427244 	0.0371801 	
3.645	-0.00373771 	-0.403964 	-1.31803 	0.276702 	0.426579 	0.0371782 	
3.65	-0.00377371 	-0.40365 	-1.31825 	0.276681 	0.425911 	0.0371795 	
3.655	-0.00381118 	-0.403333 	-1.31848 	0.276659 	0.425236 	0.0371722 	
3.66	-0.00384967 	-0.403015 	-1.3187 	0.27663 	0.424558 	0.0371269 	
3.665	-0.00388864 	-0.402695 	-1.31893 	0.276597 	0.423877 	0.0370613 	
3.67	-0.00391614 	-0.402447 	-1.31914 	0.276601 	0.423279 	0.0370407 	
3.675	-0.00393638 	-0.402237 	-1.31935 	0.276609 	0.422736 	0.0370445 	
3.68	-0.00394753 	-0.40203 	-1.31953 	0.276623 	0.422197 	0.0370239 	
3.685	-0.00395268 	-0.401823 	-1.31971 	0.276645 	0.421669 	0.0369973 	
3.69	-0.00395852 	-0.401615 	-1.31989 	0.276661 	0.421153 	0.0369617 	
3.695	-0.00396866 	-0.401403 	-1.32006 	0.276667 	0.420636 	0.0369649 	
3.7	-0.00397309 	-0.401182 	-1.32024 	0.276698 	0.420116 	0.0369731 	
3.705	-0.00397045 	-0.400948 	-1.32042 	0.27675 	0.419587 	0.0369752 	
3.71	-0.00396379 	-0.400701 	-1.3206 	0.276818 	0.419044 	0.0369787 	
3.715	-0.00395568 	-0.400444 	-1.32078 	0.276894 	0.418487 	0.0369844 	
3.72	-0.00394736 	-0.400176 	-1.32097 	0.276974 	0.417915 	0.0369909 	
3.725	-0.00393254 	-0.399896 	-1.32116 	0.277069 	0.417328 	0.0369755 	
3.73	-0.00391193 	-0.399604 	-1.32135 	0.277184 	0.416726 	0.0369489 	
3.735	-0.00391637 	-0.399314 	-1.32156 	0.277282 	0.416108 	0.0369216 	
3.74	-0.00392417 	-0.399016 	-1.32176 	0.277367 	0.41548 	0.0368933 	
3.745	-0.00393159 	-0.398712 	-1.32197 	0.277444 	0.414841 	0.0368651 	
3.75	-0.00393232 	-0.3984 	-1.32218 	0.277535 	0.414193 	0.0368372 	
3.755	-0.00392548 	-0.39808 	-1.32239 	0.277644 	0.413538 	0.0368095 	
3.76	-0.00392696 	-0.397758 	-1.32261 	0.277726 	0.412873 	0.036819 	
3.765	-0.00393501 	-0.397435 	-1.32282 	0.27779 	0.412201 	0.0368351 	
3.77	-0.00396187 	-0.397116 	-1.32304 	0.277792 	0.411523 	0.0368434 	
3.775	-0.0039985 	-0.396799 	-1.32326 	0.277767 	0.410842 	0.0368473 	
3.78	-0.00403919 	-0.396481 	-1.32349 	0.277735 	0.41016 	0.0368472 	
3.785	-0.0040772 	-0.396161 	-1.32371 	0.277714 	0.409474 	0.0368236 	
3.79	-0.00411363 	-0.395843 	-1.32393 	0.277698 	0.408787 	0.0367954 	
3.795	-0.004147 	-0.395638 	-1.32411 	0.277706 	0.408273 	0.0368077 	
3.8	-0.00417791 	-0.395429 	-1.32429 	0.277688 	0.407749 	0.03681 	
3.805	-0.00419685 	-0.395209 	-1.32447 	0.277698 	0.407219 	0.0368235 	
3.81	-0.00420664 	-0.394981 	-1.32464 	0.27773 	0.406689 	0.0368312 	
3.815	-0.00420707 	-0.39474 	-1.32481 	0.277776 	0.406145 	0.0368478 	
3.82	-0.00420648 	-0.394489 	-1.32499 	0.277827 	0.40559 	0.0368824 	
3.825	-0.00420807 	-0.394229 	-1.32517 	0.277876 	0.405022 	0.0369292 	
3.83	-0.00421131 	-0.393959 	-1.32536 	0.277926 	0.404441 	0.036981 	
3.835	-0.00421602 	-0.393682 	-1.32555 	0.277977 	0.403848 	0.0370353 	
3.84	-0.00421386 	-0.393394 	-1.32574 	0.278054 	0.403238 	0.0370652 	
3.845	-0.00420826 	-0.393097 	-1.32593 	0.278143 	0.402613 	0.0370893 	
3.85	-0.00419303 	-0.392789 	-1.32613 	0.278257 	0.401973 	0.0370852 	
3.855	-0.00419785 	-0.39248 	-1.32633 	0.27831 	0.401313 	0.0370829 	
3.86	-0.00421659 	-0.39217 	-1.32653 	0.278327 	0.400643 	0.0370958 	
3.865	-0.00423616 	-0.391854 	-1.32674 	0.278355 	0.399966 	0.0371016 	
3.87	-0.00426721 	-0.391536 	-1.32694 	0.278348 	0.399278 	0.0371055 	
3.875	-0.00430988 	-0.391218 	-1.32715 	0.278309 	0.398581 	0.0371163 	
3.88	-0.00435805 	-0.390897 	-1.32736 	0.278259 	0.397877 	0.0371135 	
3.885	-0.00440982 	-0.390575 	-1.32758 	0.278203 	0.397166 	0.0371068 	
3.89	-0.00445832 	-0.39025 	-1.3278 	0.278161 	0.396459 	0.0371037 	
3.895	-0.00450417 	-0.389923 	-1.32801 	0.278129 	0.395751 	0.0371038 	
3.9	-0.00454931 	-0.389594 	-1.32823 	0.278099 	0.395039 	0.0371042 	
3.905	-0.00459991 	-0.389265 	-1.32845 	0.278053 	0.39432 	0.0371042 	
3.91	-0.00465293 	-0.388935 	-1.32867 	0.278001 	0.393597 	0.037104 	
3.915	-0.00469826 	-0.388621 	-1.32888 	0.277984 	0.392904 	0.0371269 	
3.92	-0.00472885 	-0.388316 	-1.32908 	0.278019 	0.392235 	0.0371556 	
3.925	-0.0047612 	-0.388026 	-1.32928 	0.278032 	0.391581 	0.037187 	
3.93	-0.0047931 	-0.387749 	-1.32947 	0.278038 	0.390946 	0.037218 	
3.935	-0.00482387 	-0.387485 	-1.32966 	0.278042 	0.390331 	0.0372482 	
3.94	-0.00485505 	-0.387234 	-1.32984 	0.278044 	0.389735 	0.0372891 	
3.945	-0.00488552 	-0.386995 	-1.33002 	0.278045 	0.389158 	0.0373315 	
3.95	-0.00491495 	-0.386768 	-1.33019 	0.278046 	0.388599 	0.0373729 	
3.955	-0.00493427 	-0.386537 	-1.33035 	0.278082 	0.388047 	0.037402 	
3.96	-0.00494884 	-0.386292 	-1.33052 	0.278122 	0.387479 	0.0374107 	
3.965	-0.00496236 	-0.386035 	-1.33069 	0.278165 	0.386893 	0.0374153 	
3.97	-0.00497632 	-0.385768 	-1.33086 	0.278206 	0.38629 	0.0374171 	
3.975	-0.00499092 	-0.385491 	-1.33104 	0.278247 	0.385671 	0.0374175 	
3.98	-0.00501965 	-0.38521 	-1.33123 	0.278239 	0.385035 	0.037417 	
3.985	-0.00505018 	-0.384937 	-1.33141 	0.278237 	0.384403 	0.0374513 	
3.99	-0.00508483 	-0.384658 	-1.3316 	0.278218 	0.383764 	0.0374594 	
3.995	-0.00511782 	-0.384389 	-1.33178 	0.278214 	0.383133 	0.0374955 	
4	-0.0051535 	-0.384113 	-1.33197 	0.278195 	0.382496 	0.0375039 	
4.005	-0.00519088 	-0.383832 	-1.33216 	0.278171 	0.38185 	0.0375053 	
4.01	-0.00523139 	-0.383554 	-1.33234 	0.278151 	0.381211 	0.037523 	
4.015	-0.00527132 	-0.383288 	-1.33252 	0.278137 	0.38059 	0.0375513 	
4.02	-0.00531059 	-0.383048 	-1.3327 	0.27812 	0.380005 	0.0375733 	
4.025	-0.00534882 	-0.382819 	-1.33286 	0.278096 	0.379435 	0.0375735 	
4.03	-0.00538237 	-0.382617 	-1.33302 	0.278088 	0.37891 	0.0375993 	
4.035	-0.00541366 	-0.382433 	-1.33317 	0.278075 	0.378413 	0.0376089 	
4.04	-0.00544063 	-0.382242 	-1.33332 	0.278061 	0.377908 	0.0376075 	
4.045	-0.00546557 	-0.382044 	-1.33347 	0.278054 	0.377394 	0.0376115 	
4.05	-0.00549015 	-0.381839 	-1.33362 	0.278049 	0.376871 	0.0376174 	
4.055	-0.0055216 	-0.381632 	-1.33377 	0.278027 	0.376339 	0.0376427 	
4.06	-0.00555586 	-0.381418 	-1.33392 	0.277999 	0.375793 	0.0376711 	
4.065	-0.00559192 	-0.381197 	-1.33407 	0.27797 	0.375236 	0.0377008 	
4.07	-0.00562938 	-0.38097 	-1.33422 	0.277939 	0.374667 	0.0377311 	
4.075	-0.00566317 	-0.380755 	-1.33438 	0.277924 	0.37412 	0.0377647 	
4.08	-0.0056948 	-0.380557 	-1.33453 	0.277914 	0.373601 	0.0377986 	
4.085	-0.00572789 	-0.380351 	-1.33467 	0.27789 	0.373065 	0.03783 	
4.09	-0.00576019 	-0.380139 	-1.33482 	0.27787 	0.372522 	0.0378592 	
4.095	-0.00579182 	-0.379921 	-1.33498 	0.277854 	0.371971 	0.0378872 	
4.1	-0.00582381 	-0.379696 	-1.33513 	0.277839 	0.371409 	0.0379153 	
4.105	-0.00585484 	-0.379465 	-1.33529 	0.277831 	0.370838 	0.037944 	
4.11	-0.00588598 	-0.379228 	-1.33545 	0.277823 	0.370259 	0.0379728 	
4.115	-0.00591755 	-0.378986 	-1.33561 	0.277815 	0.36967 	0.0379981 	
4.12	-0.00594879 	-0.378737 	-1.33577 	0.277808 	0.369071 	0.0380215 	
4.125	-0.00597804 	-0.378483 	-1.33593 	0.27781 	0.368464 	0.0380412 	
4.13	-0.00600434 	-0.378224 	-1.3361 	0.277822 	0.367853 	0.0380547 	
4.135	-0.00603332 	-0.37796 	-1.33627 	0.277821 	0.36723 	0.0380695 	
4.14	-0.00606572 	-0.377691 	-1.33645 	0.277811 	0.366596 	0.038096 	
4.145	-0.00610609 	-0.377418 	-1.33662 	0.277792 	0.365953 	0.0381272 	
4.15	-0.00614705 	-0.37714 	-1.33679 	0.27777 	0.365301 	0.03816 	
4.155	-0.00619022 	-0.376857 	-1.33697 	0.277742 	0.364638 	0.0381882 	
4.16	-0.00623184 	-0.37657 	-1.33715 	0.277719 	0.363968 	0.0382148 	
4.165	-0.00627278 	-0.376279 	-1.33733 	0.277696 	0.363291 	0.0382408 	
4.17	-0.00631403 	-0.375985 	-1.33751 	0.277671 	0.362606 	0.0382647 	
4.175	-0.00635466 	-0.375688 	-1.33769 	0.277649 	0.361917 	0.0382841 	
4.18	-0.00639682 	-0.37539 	-1.33787 	0.277626 	0.361222 	0.0383024 	
4.185	-0.00643247 	-0.375088 	-1.33805 	0.277633 	0.360528 	0.0383264 	
4.19	-0.00646771 	-0.374786 	-1.33824 	0.277632 	0.359831 	0.0383327 	
4.195	-0.00650297 	-0.37449 	-1.33842 	0.277635 	0.359147 	0.038347 	
4.2	-0.00653896 	-0.374194 	-1.3386 	0.277633 	0.358461 	0.0383792 	
4.205	-0.0065742 	-0.373945 	-1.33878 	0.277634 	0.357851 	0.038401 	
4.21	-0.00660624 	-0.373694 	-1.33894 	0.277633 	0.357236 	0.0384253 	
4.215	-0.00663716 	-0.373441 	-1.33911 	0.27763 	0.356616 	0.0384609 	
4.22	-0.00666754 	-0.373183 	-1.33927 	0.277626 	0.35599 	0.0385095 	
4.225	-0.00670094 	-0.372921 	-1.33943 	0.277609 	0.355356 	0.0385549 	
4.23	-0.00673596 	-0.372656 	-1.3396 	0.277588 	0.354714 	0.0385764 	
4.235	-0.00676862 	-0.372386 	-1.33976 	0.277575 	0.354068 	0.0386127 	
4.24	-0.00680366 	-0.372112 	-1.33993 	0.277556 	0.353412 	0.0386305 	
4.245	-0.00684172 	-0.371835 	-1.3401 	0.277528 	0.352747 	0.0386424 	
4.25	-0.00688375 	-0.371553 	-1.34027 	0.277497 	0.352073 	0.038648 	
4.255	-0.00692812 	-0.371266 	-1.34044 	0.277464 	0.351392 	0.038652 	
4.26	-0.00697262 	-0.37098 	-1.34062 	0.277434 	0.350715 	0.0386513 	
4.265	-0.00701601 	-0.370699 	-1.34079 	0.277405 	0.350042 	0.0386465 	
4.27	-0.00705916 	-0.370415 	-1.34096 	0.277376 	0.349365 	0.0386442 	
4.275	-0.00710249 	-0.370129 	-1.34113 	0.277347 	0.348685 	0.0386428 	
4.28	-0.00714624 	-0.369839 	-1.3413 	0.27732 	0.347993 	0.0386474 	
4.285	-0.00719066 	-0.369544 	-1.34148 	0.277295 	0.347293 	0.0386565 	
4.29	-0.00724108 	-0.369248 	-1.34165 	0.277262 	0.346586 	0.0386674 	
4.295	-0.00729993 	-0.368952 	-1.34183 	0.277198 	0.345875 	0.0386724 	
4.3	-0.00735183 	-0.36865 	-1.34201 	0.277162 	0.34516 	0.038685 	
4.305	-0.0074046 	-0.368345 	-1.34219 	0.277125 	0.344436 	0.0387013 	
4.31	-0.00745275 	-0.368035 	-1.34236 	0.277107 	0.343703 	0.0387149 	
4.315	-0.00750328 	-0.367721 	-1.34254 	0.277082 	0.34296 	0.0387404 	
4.32	-0.00755442 	-0.367406 	-1.34272 	0.277054 	0.342211 	0.0387759 	
4.325	-0.00760555 	-0.36709 	-1.3429 	0.27703 	0.341458 	0.0388167 	
4.33	-0.00765856 	-0.366774 	-1.34307 	0.277002 	0.340702 	0.0388589 	
4.335	-0.00771115 	-0.366463 	-1.34325 	0.276969 	0.339949 	0.0388962 	
4.34	-0.00776641 	-0.366157 	-1.34342 	0.276926 	0.339199 	0.0389296 	
4.345	-0.00781127 	-0.366041 	-1.34356 	0.276906 	0.338784 	0.0389387 	
4.35	-0.00784474 	-0.365918 	-1.34368 	0.276868 	0.338339 	0.0389221 	
4.355	-0.0078643 	-0.365776 	-1.34379 	0.276857 	0.337887 	0.0389187 	
4.36	-0.00787916 	-0.365619 	-1.34391 	0.276833 	0.337416 	0.0389189 	
4.365	-0.0078954 	-0.365446 	-1.34403 	0.276811 	0.336923 	0.0389188 	
4.37	-0.00791571 	-0.365257 	-1.34415 	0.276786 	0.336407 	0.0389211 	
4.375	-0.00794002 	-0.365054 	-1.34428 	0.27676 	0.335866 	0.0389241 	
4.38	-0.00796807 	-0.364836 	-1.34441 	0.276732 	0.3353 	0.0389274 	
4.385	-0.00799954 	-0.364604 	-1.34455 	0.276703 	0.334712 	0.0389307 	
4.39	-0.00803397 	-0.36436 	-1.34469 	0.276673 	0.334101 	0.0389315 	
4.395	-0.0080712 	-0.364104 	-1.34484 	0.276641 	0.333468 	0.0389316 	
4.4	-0.00811099 	-0.363837 	-1.34499 	0.276609 	0.332816 	0.0389314 	
4.405	-0.008152 	-0.363561 	-1.34514 	0.276579 	0.332145 	0.038928 	
4.41	-0.00819446 	-0.363275 	-1.3453 	0.27655 	0.331456 	0.0389221 	
4.415	-0.00823803 	-0.362982 	-1.34546 	0.276523 	0.330751 	0.0389188 	
4.42	-0.00828295 	-0.362681 	-1.34563 	0.276495 	0.330032 	0.038916 	
4.425	-0.00832945 	-0.362374 	-1.3458 	0.276466 	0.329301 	0.0389116 	
4.43	-0.00837834 	-0.362064 	-1.34596 	0.276434 	0.32856 	0.0389043 	
4.435	-0.00843062 	-0.361753 	-1.34613 	0.276393 	0.327813 	0.038894 	
4.44	-0.00848412 	-0.361437 	-1.3463 	0.276359 	0.327057 	0.03889 	
4.445	-0.00853743 	-0.361116 	-1.34648 	0.276328 	0.326293 	0.0388875 	
4.45	-0.00859007 	-0.360791 	-1.34665 	0.276299 	0.325521 	0.0388843 	
4.455	-0.0086438 	-0.360463 	-1.34683 	0.276267 	0.324741 	0.0388818 	
4.46	-0.00869948 	-0.360134 	-1.347 	0.276229 	0.323956 	0.0388806 	
4.465	-0.00875614 	-0.359802 	-1.34718 	0.276189 	0.323166 	0.0388796 	
4.47	-0.00881384 	-0.359472 	-1.34736 	0.276146 	0.322375 	0.0388675 	
4.475	-0.00886144 	-0.359347 	-1.34749 	0.276124 	0.321939 	0.0388586 	
4.48	-0.00889858 	-0.359216 	-1.34761 	0.276086 	0.321483 	0.0388536 	
4.485	-0.00893086 	-0.359075 	-1.34772 	0.276054 	0.321012 	0.038851 	
4.49	-0.00896122 	-0.358918 	-1.34784 	0.276029 	0.320526 	0.0388484 	
4.495	-0.00899268 	-0.358746 	-1.34795 	0.276003 	0.320017 	0.0388353 	
4.5	-0.00902544 	-0.358558 	-1.34807 	0.275978 	0.319482 	0.0388125 	
4.505	-0.0090592 	-0.358355 	-1.34819 	0.275958 	0.318928 	0.0388009 	
4.51	-0.00909499 	-0.358136 	-1.34832 	0.275938 	0.318351 	0.0387979 	
4.515	-0.00913324 	-0.357904 	-1.34845 	0.275917 	0.31775 	0.0387983 	
4.52	-0.00917439 	-0.35766 	-1.34858 	0.275894 	0.317125 	0.0387981 	
4.525	-0.00921851 	-0.357405 	-1.34872 	0.275868 	0.31648 	0.0387964 	
4.53	-0.00926575 	-0.35714 	-1.34886 	0.275837 	0.315814 	0.038789 	
4.535	-0.00931604 	-0.356866 	-1.34901 	0.2758 	0.315128 	0.0387858 	
4.54	-0.00936825 	-0.356583 	-1.34916 	0.275761 	0.314425 	0.0387838 	
4.545	-0.00942443 	-0.356295 	-1.34931 	0.275712 	0.313708 	0.0387823 	
4.55	-0.00948037 	-0.356 	-1.34947 	0.275668 	0.312978 	0.0387806 	
4.555	-0.00954257 	-0.355702 	-1.34962 	0.27562 	0.312234 	0.0387808 	
4.56	-0.00961037 	-0.355404 	-1.34978 	0.275553 	0.311483 	0.0387826 	
4.565	-0.00967312 	-0.355098 	-1.34994 	0.275508 	0.310727 	0.0387808 	
4.57	-0.00973393 	-0.354787 	-1.3501 	0.275467 	0.30996 	0.0387743 	
4.575	-0.00979486 	-0.354471 	-1.35026 	0.275425 	0.309184 	0.0387705 	
4.58	-0.00985697 	-0.354151 	-1.35042 	0.27538 	0.308397 	0.038773 	
4.585	-0.00991965 	-0.353827 	-1.35059 	0.275334 	0.307602 	0.0387757 	
4.59	-0.00998162 	-0.353501 	-1.35075 	0.275289 	0.306803 	0.0387788 	
4.595	-0.0100418 	-0.353174 	-1.35092 	0.27525 	0.306002 	0.0387844 	
4.6	-0.010096 	-0.352845 	-1.35108 	0.275233 	0.305201 	0.0388007 	
4.605	-0.010151 	-0.352516 	-1.35124 	0.275209 	0.304396 	0.0388045 	
4.61	-0.0102157 	-0.352191 	-1.3514 	0.275149 	0.303584 	0.0388058 	
4.615	-0.0102707 	-0.351951 	-1.35156 	0.275103 	0.302881 	0.0388186 	
4.62	-0.0103251 	-0.351716 	-1.35171 	0.275039 	0.302194 	0.038815 	
4.625	-0.0103678 	-0.351478 	-1.35185 	0.275018 	0.301525 	0.0388271 	
4.63	-0.0104059 	-0.351236 	-1.35199 	0.275013 	0.300861 	0.0388463 	
4.635	-0.0104446 	-0.350989 	-1.35212 	0.275006 	0.300195 	0.0388697 	
4.64	-0.0104889 	-0.350738 	-1.35226 	0.274979 	0.299518 	0.0388829 	
4.645	-0.0105355 	-0.35048 	-1.35239 	0.274946 	0.298831 	0.0388943 	
4.65	-0.0105834 	-0.350215 	-1.35253 	0.274913 	0.298135 	0.0389055 	
4.655	-0.0106321 	-0.349943 	-1.35267 	0.27488 	0.297426 	0.0389168 	
4.66	-0.010682 	-0.349665 	-1.35281 	0.274847 	0.296705 	0.0389299 	
4.665	-0.0107327 	-0.34938 	-1.35295 	0.274825 	0.295976 	0.0389478 	
4.67	-0.0107843 	-0.349092 	-1.35309 	0.2748 	0.295238 	0.0389561 	
4.675	-0.0108335 	-0.348795 	-1.35323 	0.274787 	0.29449 	0.0389767 	
4.68	-0.0108828 	-0.34849 	-1.35338 	0.274776 	0.293728 	0.0389994 	
4.685	-0.0109341 	-0.34818 	-1.35352 	0.274759 	0.292952 	0.0390187 	
4.69	-0.010988 	-0.347864 	-1.35367 	0.274735 	0.292164 	0.0390309 	
4.695	-0.0110447 	-0.347544 	-1.35382 	0.274702 	0.291366 	0.0390386 	
4.7	-0.0111055 	-0.347223 	-1.35397 	0.274666 	0.290565 	0.0390636 	
4.705	-0.0111713 	-0.346923 	-1.35411 	0.274598 	0.28979 	0.0390021 	
4.71	-0.0112368 	-0.346647 	-1.35424 	0.274527 	0.289061 	0.0389281 	
4.715	-0.0113001 	-0.346389 	-1.35437 	0.274458 	0.288371 	0.0388522 	
4.72	-0.0113626 	-0.346197 	-1.35448 	0.274393 	0.287847 	0.0388194 	
4.725	-0.0114238 	-0.346025 	-1.35457 	0.274308 	0.28737 	0.0386558 	
4.73	-0.0114746 	-0.345848 	-1.35467 	0.274252 	0.286858 	0.0385793 	
4.735	-0.0115112 	-0.34574 	-1.35477 	0.274216 	0.286415 	0.0385548 	
4.74	-0.0115434 	-0.345621 	-1.35487 	0.274182 	0.285958 	0.0385495 	
4.745	-0.0115823 	-0.345488 	-1.35496 	0.274123 	0.285479 	0.0385533 	
4.75	-0.0116276 	-0.345338 	-1.35505 	0.274057 	0.284978 	0.0385554 	
4.755	-0.0116664 	-0.345168 	-1.35515 	0.274022 	0.284453 	0.0385507 	
4.76	-0.0117054 	-0.34498 	-1.35526 	0.273992 	0.2839 	0.0385414 	
4.765	-0.0117459 	-0.344776 	-1.35536 	0.273962 	0.28332 	0.0385325 	
4.77	-0.0117865 	-0.344555 	-1.35547 	0.273939 	0.282712 	0.0385273 	
4.775	-0.0118299 	-0.34432 	-1.35559 	0.273912 	0.282074 	0.0385201 	
4.78	-0.0118738 	-0.344071 	-1.3557 	0.273888 	0.281411 	0.0385043 	
4.785	-0.011919 	-0.343813 	-1.35582 	0.273865 	0.280728 	0.0384843 	
4.79	-0.0119657 	-0.343547 	-1.35595 	0.27384 	0.280027 	0.0384632 	
4.795	-0.0120168 	-0.343273 	-1.35607 	0.273812 	0.27931 	0.0384437 	
4.8	-0.0120636 	-0.343062 	-1.35619 	0.273793 	0.278706 	0.0384259 	
4.805	-0.0121066 	-0.342842 	-1.3563 	0.273771 	0.278082 	0.0384071 	
4.81	-0.0121492 	-0.34261 	-1.35641 	0.273748 	0.277435 	0.0383917 	
4.815	-0.0121958 	-0.342373 	-1.35653 	0.273711 	0.276776 	0.0383787 	
4.82	-0.0122481 	-0.342127 	-1.35665 	0.273655 	0.276098 	0.0383568 	
4.825	-0.0123034 	-0.341872 	-1.35676 	0.273593 	0.275402 	0.0383209 	
4.83	-0.0123587 	-0.341606 	-1.35688 	0.273536 	0.274688 	0.0382882 	
4.835	-0.0124195 	-0.341333 	-1.357 	0.273461 	0.273956 	0.03825 	
4.84	-0.0124717 	-0.341089 	-1.35712 	0.273419 	0.273281 	0.0382353 	
4.845	-0.0125285 	-0.34084 	-1.35724 	0.273351 	0.272587 	0.0382061 	
4.85	-0.0125878 	-0.340584 	-1.35735 	0.273276 	0.27188 	0.0381736 	
4.855	-0.0126476 	-0.34032 	-1.35747 	0.273202 	0.271159 	0.038145 	
4.86	-0.0127067 	-0.34005 	-1.35759 	0.273138 	0.270428 	0.0381091 	
4.865	-0.0127667 	-0.339776 	-1.35771 	0.273077 	0.269686 	0.038075 	
4.87	-0.0128284 	-0.339499 	-1.35783 	0.273012 	0.268942 	0.0380486 	
4.875	-0.0128748 	-0.33921 	-1.35795 	0.272989 	0.268183 	0.0379904 	
4.88	-0.0129248 	-0.338915 	-1.35807 	0.272952 	0.267407 	0.0379563 	
4.885	-0.0129775 	-0.338613 	-1.35819 	0.272908 	0.266617 	0.037941 	
4.89	-0.0130306 	-0.338308 	-1.35832 	0.272867 	0.265817 	0.0379336 	
4.895	-0.0130822 	-0.337996 	-1.35845 	0.272839 	0.265008 	0.03793 	
4.9	-0.0131329 	-0.337676 	-1.35858 	0.272817 	0.264188 	0.0379309 	
4.905	-0.0131842 	-0.337352 	-1.35871 	0.272798 	0.263356 	0.0379331 	
4.91	-0.0132408 	-0.337024 	-1.35884 	0.272764 	0.262511 	0.0379426 	
4.915	-0.0132905 	-0.336693 	-1.35897 	0.272762 	0.261668 	0.03796 	
4.92	-0.0133477 	-0.336361 	-1.35911 	0.272733 	0.26081 	0.0379745 	
4.925	-0.0134061 	-0.336036 	-1.35924 	0.272707 	0.259957 	0.0380177 	
4.93	-0.0134641 	-0.335721 	-1.35936 	0.272686 	0.259117 	0.0380812 	
4.935	-0.0135216 	-0.335434 	-1.35948 	0.272659 	0.258328 	0.0381345 	
4.94	-0.0135752 	-0.33517 	-1.3596 	0.272633 	0.257574 	0.038185 	
4.945	-0.0136251 	-0.334912 	-1.35972 	0.272613 	0.256834 	0.0382439 	
4.95	-0.013678 	-0.334649 	-1.35983 	0.272583 	0.256083 	0.038316 	
4.955	-0.0137327 	-0.334379 	-1.35994 	0.27255 	0.255321 	0.0383883 	
4.96	-0.0137893 	-0.334102 	-1.36005 	0.272516 	0.254548 	0.0384607 	
4.965	-0.0138477 	-0.333818 	-1.36016 	0.272481 	0.253762 	0.0385357 	
4.97	-0.0139082 	-0.333528 	-1.36027 	0.272445 	0.252962 	0.0386163 	
4.975	-0.0139705 	-0.333231 	-1.36038 	0.272408 	0.252149 	0.0387009 	
4.98	-0.0140344 	-0.332928 	-1.36049 	0.27237 	0.251323 	0.0387877 	
4.985	-0.0140998 	-0.33262 	-1.36061 	0.272332 	0.250485 	0.0388761 	
4.99	-0.0141558 	-0.332302 	-1.36072 	0.272316 	0.249634 	0.0389207 	
4.995	-0.0142046 	-0.332054 	-1.36084 	0.272289 	0.248858 	0.0389265 	
5	-0.0142533 	-0.331811 	-1.36095 	0.272256 	0.248099 	0.0389864 	
5.005	-0.0142823 	-0.331776 	-1.36104 	0.272237 	0.247752 	0.0390002 	
5.01	-0.0142991 	-0.33173 	-1.36112 	0.272212 	0.247394 	0.0390055 	
5.015	-0.0143099 	-0.331666 	-1.36119 	0.2722 	0.247022 	0.0389928 	
5.02	-0.0143489 	-0.331594 	-1.36124 	0.272127 	0.246628 	0.0390077 	
5.025	-0.0143935 	-0.331501 	-1.3613 	0.272047 	0.246209 	0.0390164 	
5.03	-0.0144278 	-0.331405 	-1.36137 	0.271997 	0.245799 	0.0389777 	
5.035	-0.0144998 	-0.331299 	-1.36142 	0.271862 	0.24533 	0.0389648 	
5.04	-0.0145709 	-0.33117 	-1.36148 	0.271729 	0.244834 	0.0389725 	
5.045	-0.0146301 	-0.331017 	-1.36155 	0.271648 	0.244318 	0.038992 	
5.05	-0.0146801 	-0.330839 	-1.36163 	0.271607 	0.243763 	0.0390173 	
5.055	-0.0147279 	-0.330639 	-1.36171 	0.271584 	0.24317 	0.0390389 	
5.06	-0.0147775 	-0.33042 	-1.36179 	0.27156 	0.242536 	0.0390619 	
5.065	-0.0148293 	-0.330182 	-1.36188 	0.271536 	0.241864 	0.0390865 	
5.07	-0.0148811 	-0.329928 	-1.36197 	0.271501 	0.241157 	0.0391143 	
5.075	-0.0149374 	-0.32966 	-1.36207 	0.271457 	0.240419 	0.0391508 	
5.08	-0.0149973 	-0.32938 	-1.36217 	0.27141 	0.239652 	0.0391907 	
5.085	-0.0150605 	-0.329089 	-1.36227 	0.27136 	0.238858 	0.0392338 	
5.09	-0.0151325 	-0.328803 	-1.36237 	0.271278 	0.238068 	0.0392911 	
5.095	-0.0152114 	-0.328524 	-1.36248 	0.271176 	0.237285 	0.03934 	
5.1	-0.0152931 	-0.328253 	-1.36258 	0.271067 	0.236509 	0.0393867 	
5.105	-0.0153758 	-0.327986 	-1.36268 	0.270954 	0.235741 	0.0394327 	
5.11	-0.0154528 	-0.327719 	-1.36279 	0.270857 	0.234979 	0.0394769 	
5.115	-0.0155201 	-0.327442 	-1.36289 	0.270796 	0.234204 	0.0395147 	
5.12	-0.0156013 	-0.327194 	-1.36298 	0.270704 	0.233508 	0.0395079 	
5.125	-0.0156737 	-0.326928 	-1.36307 	0.27064 	0.232772 	0.0395313 	
5.13	-0.0157429 	-0.326648 	-1.36316 	0.270588 	0.232003 	0.0395629 	
5.135	-0.0158119 	-0.326357 	-1.36326 	0.270538 	0.231208 	0.0395976 	
5.14	-0.01588 	-0.326055 	-1.36336 	0.270492 	0.230382 	0.0396073 	
5.145	-0.0159611 	-0.325749 	-1.36345 	0.270404 	0.229527 	0.0396125 	
5.15	-0.0160344 	-0.325431 	-1.36355 	0.270348 	0.228656 	0.0396085 	
5.155	-0.0160964 	-0.3252 	-1.36365 	0.27031 	0.227957 	0.0396277 	
5.16	-0.016153 	-0.32496 	-1.36375 	0.270272 	0.227235 	0.0396386 	
5.165	-0.0162082 	-0.32471 	-1.36384 	0.270233 	0.226492 	0.0396343 	
5.17	-0.0162643 	-0.324449 	-1.36393 	0.270193 	0.22573 	0.0396289 	
5.175	-0.0163221 	-0.324178 	-1.36402 	0.270153 	0.224948 	0.0396253 	
5.18	-0.0163831 	-0.323897 	-1.36411 	0.270108 	0.224151 	0.0396486 	
5.185	-0.0164469 	-0.323607 	-1.36421 	0.270062 	0.223335 	0.0396846 	
5.19	-0.0165131 	-0.323308 	-1.3643 	0.270015 	0.222499 	0.0397244 	
5.195	-0.0165727 	-0.323062 	-1.3644 	0.269978 	0.22177 	0.0397515 	
5.2	-0.0166217 	-0.322883 	-1.36449 	0.26995 	0.221172 	0.0397717 	
5.205	-0.0166676 	-0.322693 	-1.36457 	0.269916 	0.220548 	0.0397952 	
5.21	-0.0167141 	-0.322489 	-1.36465 	0.26988 	0.2199 	0.0398206 	
5.215	-0.016761 	-0.32227 	-1.36473 	0.269844 	0.219223 	0.0398138 	
5.22	-0.0168098 	-0.322034 	-1.3648 	0.269824 	0.218526 	0.0398086 	
5.225	-0.0168596 	-0.321786 	-1.36487 	0.269798 	0.217794 	0.0397885 	
5.23	-0.0169108 	-0.321523 	-1.36495 	0.269771 	0.217033 	0.0397597 	
5.235	-0.0169699 	-0.321251 	-1.36503 	0.269722 	0.216245 	0.0397541 	
5.24	-0.0170113 	-0.321065 	-1.36514 	0.269697 	0.21557 	0.0397106 	
5.245	-0.0170346 	-0.320891 	-1.36523 	0.269711 	0.214949 	0.0397067 	
5.25	-0.0171039 	-0.320718 	-1.36539 	0.269428 	0.21436 	0.0397417 	
5.255	-0.0171965 	-0.320538 	-1.36548 	0.26921 	0.213719 	0.0397914 	
5.26	-0.0173092 	-0.320348 	-1.36553 	0.26897 	0.213039 	0.0398526 	
5.265	-0.0174408 	-0.320147 	-1.36558 	0.268693 	0.212325 	0.0399218 	
5.27	-0.0175903 	-0.319935 	-1.36563 	0.268376 	0.211578 	0.039995 	
5.275	-0.0177568 	-0.319713 	-1.36567 	0.268022 	0.2108 	0.0400684 	
5.28	-0.0179388 	-0.31948 	-1.36571 	0.267634 	0.209991 	0.0401428 	
5.285	-0.0181346 	-0.319237 	-1.36576 	0.267215 	0.209152 	0.0402194 	
5.29	-0.0183428 	-0.318985 	-1.3658 	0.266769 	0.208284 	0.0403006 	
5.295	-0.0185336 	-0.318715 	-1.36587 	0.266379 	0.207405 	0.0403996 	
5.3	-0.0187114 	-0.318437 	-1.36594 	0.266 	0.206499 	0.0404901 	
5.305	-0.0188429 	-0.318135 	-1.36603 	0.265757 	0.205593 	0.040535 	
5.31	-0.0189629 	-0.317822 	-1.36611 	0.265556 	0.204663 	0.0406137 	
5.315	-0.0190221 	-0.31773 	-1.36621 	0.2655 	0.204214 	0.0406137 	
5.32	-0.0190756 	-0.317632 	-1.36627 	0.265403 	0.203717 	0.0406009 	
5.325	-0.0191281 	-0.317519 	-1.36633 	0.265295 	0.203195 	0.0406164 	
5.33	-0.0191698 	-0.317383 	-1.36638 	0.265221 	0.202647 	0.0406143 	
5.335	-0.0192241 	-0.317228 	-1.36644 	0.265119 	0.202069 	0.0406371 	
5.34	-0.0192934 	-0.317056 	-1.36649 	0.264991 	0.201457 	0.0406632 	
5.345	-0.0193499 	-0.316914 	-1.36655 	0.264904 	0.200924 	0.0406844 	
5.35	-0.0193951 	-0.316781 	-1.36661 	0.26484 	0.20039 	0.040715 	
5.355	-0.0194193 	-0.316751 	-1.36667 	0.264808 	0.200083 	0.040727 	
5.36	-0.0194325 	-0.316742 	-1.36672 	0.264777 	0.199824 	0.0407561 	
5.365	-0.0194424 	-0.316708 	-1.36676 	0.264757 	0.199526 	0.0407755 	
5.37	-0.0194464 	-0.316698 	-1.36681 	0.264748 	0.199285 	0.0407828 	
5.375	-0.019456 	-0.316661 	-1.36684 	0.264727 	0.19898 	0.0408291 	
5.38	-0.0194639 	-0.316594 	-1.36688 	0.264717 	0.198636 	0.0408527 	
5.385	-0.0194757 	-0.3165 	-1.36692 	0.264703 	0.198237 	0.0408808 	
5.39	-0.019485 	-0.316377 	-1.36697 	0.264714 	0.197791 	0.0409026 	
5.395	-0.0194945 	-0.316226 	-1.36702 	0.264735 	0.197294 	0.0409019 	
5.4	-0.0195061 	-0.316049 	-1.36708 	0.264764 	0.19675 	0.0409083 	
5.405	-0.0195209 	-0.315849 	-1.36714 	0.264796 	0.196157 	0.0409177 	
5.41	-0.0195396 	-0.315629 	-1.3672 	0.264825 	0.19552 	0.0409284 	
5.415	-0.0195629 	-0.31539 	-1.36726 	0.264848 	0.194838 	0.04092 	
5.42	-0.0195909 	-0.315135 	-1.36733 	0.264863 	0.194117 	0.040905 	
5.425	-0.0196239 	-0.314865 	-1.3674 	0.264868 	0.193359 	0.0408862 	
5.43	-0.0196621 	-0.314582 	-1.36748 	0.264863 	0.19257 	0.0408766 	
5.435	-0.0197185 	-0.31429 	-1.36755 	0.264814 	0.191755 	0.0409173 	
5.44	-0.0197932 	-0.313995 	-1.36762 	0.264724 	0.190907 	0.0409509 	
5.445	-0.0198437 	-0.313819 	-1.36769 	0.264684 	0.190295 	0.0409781 	
5.45	-0.0198855 	-0.313636 	-1.36777 	0.264641 	0.189666 	0.0409906 	
5.455	-0.0199204 	-0.313442 	-1.36784 	0.264619 	0.189026 	0.0409957 	
5.46	-0.0199577 	-0.31324 	-1.3679 	0.264584 	0.188376 	0.0410033 	
5.465	-0.019997 	-0.313029 	-1.36797 	0.264546 	0.187711 	0.0410118 	
5.47	-0.020035 	-0.312812 	-1.36804 	0.264522 	0.187038 	0.0410206 	
5.475	-0.0200738 	-0.312589 	-1.36811 	0.264501 	0.186357 	0.0410318 	
5.48	-0.020116 	-0.31236 	-1.36817 	0.26447 	0.185661 	0.0410299 	
5.485	-0.0201622 	-0.312122 	-1.36824 	0.26443 	0.184944 	0.0410232 	
5.49	-0.0202125 	-0.311876 	-1.36831 	0.264381 	0.184207 	0.0410152 	
5.495	-0.0202615 	-0.311617 	-1.36838 	0.264341 	0.183445 	0.0410063 	
5.5	-0.0203112 	-0.311347 	-1.36845 	0.264304 	0.182659 	0.040997 	
5.505	-0.0203445 	-0.311084 	-1.36854 	0.264343 	0.181958 	0.0409799 	
5.51	-0.0203771 	-0.310981 	-1.36859 	0.264379 	0.181669 	0.040968 	
5.515	-0.0204032 	-0.31095 	-1.36862 	0.264386 	0.181531 	0.0409657 	
5.52	-0.0204112 	-0.310929 	-1.36866 	0.26441 	0.181378 	0.0409592 	
5.525	-0.0204153 	-0.310884 	-1.36869 	0.264437 	0.181173 	0.0409537 	
5.53	-0.0204283 	-0.310803 	-1.36872 	0.264432 	0.18086 	0.0409495 	
5.535	-0.0204477 	-0.310687 	-1.36875 	0.264416 	0.180461 	0.0409448 	
5.54	-0.0204702 	-0.310542 	-1.36879 	0.264411 	0.179992 	0.0409409 	
5.545	-0.0204705 	-0.310397 	-1.36884 	0.264544 	0.179596 	0.0409417 	
5.55	-0.0204627 	-0.31026 	-1.36889 	0.264682 	0.179192 	0.0409348 	
5.555	-0.020439 	-0.310155 	-1.36895 	0.264764 	0.178775 	0.040928 	
5.56	-0.0204385 	-0.310035 	-1.36899 	0.264757 	0.178297 	0.04093 	
5.565	-0.0204411 	-0.309894 	-1.36904 	0.264759 	0.177789 	0.0409321 	
5.57	-0.0204498 	-0.309735 	-1.36909 	0.264758 	0.177247 	0.0409235 	
5.575	-0.0204673 	-0.309558 	-1.36914 	0.264737 	0.176667 	0.0409048 	
5.58	-0.0204916 	-0.309365 	-1.3692 	0.26471 	0.176053 	0.0408852 	
5.585	-0.0205203 	-0.309156 	-1.36925 	0.264681 	0.175403 	0.0408609 	
5.59	-0.0205704 	-0.308936 	-1.3693 	0.264599 	0.174713 	0.0408534 	
5.595	-0.0205999 	-0.308725 	-1.36937 	0.264605 	0.174093 	0.040853 	
5.6	-0.0206002 	-0.308538 	-1.36944 	0.264702 	0.173551 	0.0408416 	
5.605	-0.0205881 	-0.308373 	-1.36952 	0.264814 	0.173051 	0.0408166 	
5.61	-0.0205642 	-0.308228 	-1.36959 	0.264921 	0.172568 	0.0408078 	
5.615	-0.0205533 	-0.308191 	-1.36964 	0.264943 	0.172273 	0.0408053 	
5.62	-0.0205449 	-0.308149 	-1.36968 	0.264938 	0.171952 	0.0408052 	
5.625	-0.0205376 	-0.308087 	-1.36973 	0.264926 	0.171607 	0.0407725 	
5.63	-0.0205262 	-0.308103 	-1.36977 	0.264919 	0.171419 	0.0407627 	
5.635	-0.0205075 	-0.308129 	-1.3698 	0.264919 	0.171262 	0.0407439 	
5.64	-0.0204912 	-0.308124 	-1.36983 	0.26492 	0.171045 	0.0407532 	
5.645	-0.0204765 	-0.308097 	-1.36986 	0.264923 	0.170796 	0.0407396 	
5.65	-0.0204652 	-0.3081 	-1.36989 	0.264922 	0.170651 	0.0407311 	
5.655	-0.0204571 	-0.30808 	-1.36991 	0.264916 	0.170452 	0.040729 	
5.66	-0.0204469 	-0.308095 	-1.36994 	0.26491 	0.170308 	0.040728 	
5.665	-0.0204334 	-0.30813 	-1.36996 	0.264906 	0.170202 	0.0407277 	
5.67	-0.020417 	-0.308174 	-1.36999 	0.264902 	0.170107 	0.0407273 	
5.675	-0.0203995 	-0.30821 	-1.37001 	0.264899 	0.170006 	0.0407232 	
5.68	-0.020382 	-0.308247 	-1.37003 	0.264898 	0.169907 	0.0407195 	
5.685	-0.0203668 	-0.308266 	-1.37005 	0.264895 	0.169781 	0.0407176 	
5.69	-0.020353 	-0.308265 	-1.37007 	0.264896 	0.169617 	0.0407161 	
5.695	-0.0203397 	-0.308288 	-1.3701 	0.264895 	0.169495 	0.0407155 	
5.7	-0.0203248 	-0.308326 	-1.37012 	0.264891 	0.169398 	0.0407153 	
5.705	-0.0203101 	-0.308362 	-1.37014 	0.264884 	0.169293 	0.040715 	
5.71	-0.020297 	-0.30839 	-1.37016 	0.264875 	0.169169 	0.0407152 	
5.715	-0.0202838 	-0.308422 	-1.37018 	0.264869 	0.169057 	0.0407155 	
5.72	-0.0202708 	-0.308455 	-1.3702 	0.264863 	0.168954 	0.0407147 	
5.725	-0.0202644 	-0.308455 	-1.37022 	0.264843 	0.168777 	0.0407046 	
5.73	-0.0202557 	-0.308484 	-1.37025 	0.264836 	0.168668 	0.0407022 	
5.735	-0.0202472 	-0.308501 	-1.37027 	0.264827 	0.168533 	0.0407018 	
5.74	-0.0202437 	-0.308488 	-1.37029 	0.26481 	0.168334 	0.0407092 	
5.745	-0.020245 	-0.308445 	-1.3703 	0.264798 	0.168055 	0.0406774 	
5.75	-0.0202417 	-0.308447 	-1.37033 	0.264787 	0.167872 	0.0406732 	
5.755	-0.0202331 	-0.308474 	-1.37035 	0.264779 	0.167738 	0.040673 	
5.76	-0.0202348 	-0.30847 	-1.37037 	0.264767 	0.167507 	0.040724 	
5.765	-0.0202339 	-0.308432 	-1.37037 	0.264789 	0.167178 	0.0406761 	
5.77	-0.0202373 	-0.308355 	-1.37038 	0.264791 	0.166792 	0.0406471 	
5.775	-0.0202419 	-0.308241 	-1.3704 	0.264802 	0.166346 	0.0406337 	
5.78	-0.0202482 	-0.308095 	-1.37043 	0.264825 	0.16584 	0.0406246 	
5.785	-0.020266 	-0.307921 	-1.37047 	0.264832 	0.165268 	0.0406254 	
5.79	-0.0202944 	-0.307722 	-1.3705 	0.264828 	0.164634 	0.0406401 	
5.795	-0.0203281 	-0.307498 	-1.37054 	0.264825 	0.163943 	0.040658 	
5.8	-0.0203153 	-0.307243 	-1.37056 	0.265007 	0.163207 	0.0406069 	
5.805	-0.0202784 	-0.306974 	-1.37058 	0.265308 	0.162417 	0.0405105 	
5.81	-0.0202659 	-0.3067 	-1.37059 	0.26548 	0.161568 	0.0403842 	
5.815	-0.0202712 	-0.30642 	-1.3706 	0.265588 	0.160678 	0.0402478 	
5.82	-0.0203 	-0.306138 	-1.37064 	0.265614 	0.159809 	0.0402137 	
5.825	-0.0203386 	-0.305855 	-1.37068 	0.265616 	0.158948 	0.0402056 	
5.83	-0.0203699 	-0.305566 	-1.37072 	0.265649 	0.158065 	0.0401303 	
5.835	-0.020405 	-0.305273 	-1.37077 	0.265663 	0.157183 	0.0400979 	
5.84	-0.0204397 	-0.304976 	-1.37082 	0.265683 	0.156287 	0.0400533 	
5.845	-0.0204686 	-0.304673 	-1.37087 	0.265722 	0.155385 	0.0399943 	
5.85	-0.0204924 	-0.304366 	-1.37092 	0.26579 	0.154473 	0.0399307 	
5.855	-0.0205203 	-0.304058 	-1.37096 	0.265842 	0.153538 	0.0398566 	
5.86	-0.0205585 	-0.303768 	-1.37101 	0.265832 	0.152686 	0.0398808 	
5.865	-0.0205844 	-0.303468 	-1.37105 	0.26588 	0.151799 	0.0398462 	
5.87	-0.0205991 	-0.303156 	-1.37108 	0.265961 	0.150878 	0.0397755 	
5.875	-0.0206046 	-0.303099 	-1.37113 	0.265984 	0.15054 	0.0397502 	
5.88	-0.0205995 	-0.303026 	-1.37115 	0.266008 	0.150122 	0.0397007 	
5.885	-0.020597 	-0.302928 	-1.37116 	0.266013 	0.149651 	0.0396808 	
5.89	-0.0206013 	-0.302805 	-1.37118 	0.266017 	0.149146 	0.0396756 	
5.895	-0.0206039 	-0.302676 	-1.37121 	0.266038 	0.148656 	0.0396752 	
5.9	-0.0206077 	-0.302537 	-1.37124 	0.266065 	0.14815 	0.0396762 	
5.905	-0.0206226 	-0.302386 	-1.37127 	0.266063 	0.147601 	0.0396849 	
5.91	-0.0206349 	-0.302229 	-1.37131 	0.26608 	0.147056 	0.0396888 	
5.915	-0.0206484 	-0.302065 	-1.37134 	0.266101 	0.146495 	0.0396911 	
5.92	-0.0206664 	-0.301893 	-1.37138 	0.266138 	0.145905 	0.0396785 	
5.925	-0.0206852 	-0.30171 	-1.37142 	0.266178 	0.145293 	0.0396612 	
5.93	-0.0207111 	-0.301523 	-1.37146 	0.266212 	0.144671 	0.039651 	
5.935	-0.0207413 	-0.301338 	-1.37151 	0.266241 	0.144037 	0.0396512 	
5.94	-0.0207711 	-0.301144 	-1.37155 	0.266264 	0.143385 	0.0396495 	
5.945	-0.0208019 	-0.300948 	-1.3716 	0.26628 	0.142716 	0.0396512 	
5.95	-0.0208339 	-0.300743 	-1.37164 	0.266294 	0.142026 	0.0396494 	
5.955	-0.0208672 	-0.300529 	-1.37169 	0.266307 	0.141318 	0.0396468 	
5.96	-0.0209016 	-0.300307 	-1.37173 	0.266319 	0.140591 	0.0396441 	
5.965	-0.0209376 	-0.300079 	-1.37177 	0.266326 	0.139848 	0.0396418 	
5.97	-0.0209747 	-0.299843 	-1.37182 	0.266332 	0.139089 	0.0396401 	
5.975	-0.0210073 	-0.2996 	-1.37186 	0.266343 	0.138317 	0.0396387 	
5.98	-0.0210423 	-0.299353 	-1.37191 	0.266344 	0.137531 	0.0396384 	
5.985	-0.021079 	-0.299102 	-1.37195 	0.266343 	0.136735 	0.0396389 	
5.99	-0.021117 	-0.298847 	-1.372 	0.266339 	0.135929 	0.0396396 	
5.995	-0.021156 	-0.29859 	-1.37205 	0.266335 	0.135117 	0.0396408 	
6	-0.0211728 	-0.298506 	-1.37212 	0.266334 	0.134606 	0.0396485 	
6.005	-0.0211857 	-0.298427 	-1.37215 	0.266325 	0.134077 	0.0396448 	
6.01	-0.0212049 	-0.298336 	-1.37217 	0.266309 	0.13352 	0.0396461 	
6.015	-0.0212177 	-0.29822 	-1.37218 	0.266301 	0.132942 	0.0396438 	
6.02	-0.0212339 	-0.298079 	-1.3722 	0.266297 	0.132341 	0.0396545 	
6.025	-0.0212553 	-0.297915 	-1.37223 	0.266296 	0.131713 	0.0396758 	
6.03	-0.0212837 	-0.297728 	-1.37225 	0.266295 	0.131049 	0.0397087 	
6.035	-0.0213206 	-0.297522 	-1.37228 	0.266288 	0.130344 	0.0397486 	
6.04	-0.0213647 	-0.297297 	-1.37231 	0.266279 	0.129595 	0.0397923 	
6.045	-0.0214155 	-0.297055 	-1.37234 	0.266263 	0.128804 	0.0398376 	
6.05	-0.0214699 	-0.296797 	-1.37236 	0.266246 	0.127974 	0.0398831 	
6.055	-0.0215269 	-0.296524 	-1.37239 	0.26623 	0.127106 	0.0399287 	
6.06	-0.0215862 	-0.296238 	-1.37242 	0.266214 	0.126204 	0.0399744 	
6.065	-0.0216482 	-0.295944 	-1.37245 	0.266187 	0.12528 	0.0399923 	
6.07	-0.0217134 	-0.295644 	-1.37248 	0.266151 	0.124338 	0.0400003 	
6.075	-0.0217712 	-0.295342 	-1.37252 	0.26614 	0.123406 	0.0399881 	
6.08	-0.0218289 	-0.295044 	-1.37256 	0.266119 	0.122481 	0.0399738 	
6.085	-0.0218835 	-0.294744 	-1.37261 	0.266106 	0.121553 	0.0399673 	
6.09	-0.021934 	-0.294445 	-1.37265 	0.26611 	0.120622 	0.0399593 	
6.095	-0.0219911 	-0.294149 	-1.37269 	0.266089 	0.119685 	0.0399548 	
6.1	-0.0220492 	-0.293854 	-1.37273 	0.266085 	0.118755 	0.0399495 	
6.105	-0.0221099 	-0.293564 	-1.37278 	0.266064 	0.117834 	0.0399486 	
6.11	-0.0221711 	-0.29328 	-1.37283 	0.266036 	0.116924 	0.0399497 	
6.115	-0.0222406 	-0.293003 	-1.37287 	0.265972 	0.116016 	0.0399558 	
6.12	-0.0223045 	-0.292725 	-1.3729 	0.265935 	0.115109 	0.0399566 	
6.125	-0.0223663 	-0.292448 	-1.37294 	0.2659 	0.114204 	0.0399567 	
6.13	-0.0224271 	-0.292172 	-1.37297 	0.265862 	0.113302 	0.039957 	
6.135	-0.0224872 	-0.291897 	-1.37301 	0.265823 	0.112401 	0.0399577 	
6.14	-0.022547 	-0.291623 	-1.37305 	0.265783 	0.111504 	0.0399588 	
6.145	-0.0226084 	-0.291352 	-1.37308 	0.265731 	0.110612 	0.0399626 	
6.15	-0.0226752 	-0.291085 	-1.37312 	0.265655 	0.109724 	0.03997 	
6.155	-0.0227477 	-0.290831 	-1.37315 	0.265556 	0.108853 	0.0399833 	
6.16	-0.0228279 	-0.290586 	-1.37318 	0.265455 	0.108004 	0.0399969 	
6.165	-0.022915 	-0.290338 	-1.3732 	0.265385 	0.10715 	0.0400017 	
6.17	-0.0230072 	-0.290078 	-1.37321 	0.265303 	0.106257 	0.0400057 	
6.175	-0.0230909 	-0.289806 	-1.37322 	0.265254 	0.105346 	0.0400286 	
6.18	-0.0231727 	-0.289529 	-1.37324 	0.265209 	0.104427 	0.0400652 	
6.185	-0.0232375 	-0.289399 	-1.37326 	0.265209 	0.104044 	0.0400722 	
6.19	-0.0232961 	-0.289248 	-1.37325 	0.265209 	0.103665 	0.0400718 	
6.195	-0.0233523 	-0.289107 	-1.37325 	0.265196 	0.103321 	0.0400694 	
6.2	-0.0234041 	-0.288934 	-1.37323 	0.265222 	0.10291 	0.0400671 	
6.205	-0.023447 	-0.288858 	-1.37321 	0.26523 	0.10281 	0.0400653 	
6.21	-0.0234904 	-0.28875 	-1.3732 	0.265212 	0.102617 	0.0400651 	
6.215	-0.0235382 	-0.288606 	-1.37318 	0.265188 	0.102333 	0.0400674 	
6.22	-0.0235974 	-0.288445 	-1.37316 	0.265127 	0.101994 	0.0400764 	
6.225	-0.0236459 	-0.288344 	-1.37315 	0.265109 	0.101868 	0.0400789 	
6.23	-0.0236806 	-0.288252 	-1.37313 	0.265114 	0.101746 	0.0400768 	
6.235	-0.0237121 	-0.288166 	-1.37312 	0.265108 	0.101629 	0.0400757 	
6.24	-0.0237368 	-0.288113 	-1.37311 	0.265117 	0.10161 	0.0400742 	
6.245	-0.0237646 	-0.288071 	-1.37309 	0.265092 	0.101604 	0.0400977 	
6.25	-0.0237869 	-0.288042 	-1.37307 	0.265083 	0.10163 	0.0401041 	
6.255	-0.0238018 	-0.288012 	-1.37306 	0.265091 	0.101654 	0.0401074 	
6.26	-0.0238123 	-0.287982 	-1.37304 	0.265106 	0.101675 	0.0401091 	
6.265	-0.0238246 	-0.287959 	-1.37302 	0.26511 	0.101711 	0.0401096 	
6.27	-0.0238367 	-0.287941 	-1.373 	0.26511 	0.10175 	0.0401099 	
6.275	-0.0238482 	-0.287924 	-1.37298 	0.26511 	0.101791 	0.0401101 	
6.28	-0.0238591 	-0.287909 	-1.37297 	0.26511 	0.101832 	0.0401102 	
6.285	-0.0238695 	-0.287896 	-1.37295 	0.265109 	0.101873 	0.0401103 	
6.29	-0.0238796 	-0.287883 	-1.37293 	0.265109 	0.101914 	0.0401104 	
6.295	-0.0238893 	-0.287872 	-1.37291 	0.265108 	0.101956 	0.0401105 	
6.3	-0.0238987 	-0.287861 	-1.37289 	0.265108 	0.101998 	0.0401106 	
6.305	-0.0239078 	-0.28785 	-1.37287 	0.265107 	0.102039 	0.0401107 	
6.31	-0.0239168 	-0.287841 	-1.37286 	0.265107 	0.102081 	0.0401108 	
6.315	-0.0239256 	-0.287831 	-1.37284 	0.265106 	0.102123 	0.0401108 	
6.32	-0.0239342 	-0.287823 	-1.37282 	0.265106 	0.102165 	0.0401109 	
6.325	-0.0239427 	-0.287814 	-1.3728 	0.265105 	0.102207 	0.040111 	
6.33	-0.0239511 	-0.287806 	-1.37279 	0.265105 	0.102248 	0.0401117 	
6.335	-0.0239593 	-0.287798 	-1.37277 	0.265104 	0.10229 	0.0401119 	
6.34	-0.0239675 	-0.287791 	-1.37275 	0.265104 	0.102333 	0.040112 	
6.345	-0.0239756 	-0.287783 	-1.37273 	0.265103 	0.102375 	0.0401121 	
6.35	-0.0239837 	-0.287776 	-1.37272 	0.265103 	0.102417 	0.0401121 	
6.355	-0.0239917 	-0.287769 	-1.3727 	0.265102 	0.10246 	0.0401122 	
6.36	-0.0239997 	-0.287762 	-1.37268 	0.265101 	0.102502 	0.0401122 	
6.365	-0.0240077 	-0.287755 	-1.37267 	0.265101 	0.102544 	0.0401123 	
6.37	-0.0240157 	-0.287748 	-1.37265 	0.2651 	0.102587 	0.0401124 	
6.375	-0.0240237 	-0.287741 	-1.37263 	0.2651 	0.102629 	0.0401124 	
6.38	-0.0240316 	-0.287734 	-1.37261 	0.265099 	0.102672 	0.0401124 	
6.385	-0.0240396 	-0.287727 	-1.3726 	0.265099 	0.102714 	0.0401125 	
6.39	-0.0240476 	-0.28772 	-1.37258 	0.265098 	0.102756 	0.0401126 	
6.395	-0.0240555 	-0.287713 	-1.37256 	0.265098 	0.102799 	0.0401126 	
6.4	-0.0240635 	-0.287706 	-1.37255 	0.265097 	0.102841 	0.0401127 	
6.405	-0.0240715 	-0.287699 	-1.37253 	0.265097 	0.102884 	0.0401127 	
6.41	-0.0240794 	-0.287692 	-1.37251 	0.265096 	0.102926 	0.0401128 	
6.415	-0.0240873 	-0.287684 	-1.37249 	0.265096 	0.102968 	0.0401123 	
6.42	-0.0240954 	-0.287677 	-1.37248 	0.265095 	0.10301 	0.0401122 	
6.425	-0.0241034 	-0.28767 	-1.37246 	0.265095 	0.103052 	0.0401122 	
6.43	-0.0241142 	-0.28766 	-1.37244 	0.265087 	0.103088 	0.0401092 	
6.435	-0.0241243 	-0.287651 	-1.37243 	0.265083 	0.103128 	0.0401073 	
6.44	-0.0241335 	-0.287643 	-1.37241 	0.265081 	0.10317 	0.0401069 	
6.445	-0.0241424 	-0.287635 	-1.37239 	0.265081 	0.103212 	0.0401068 	
6.45	-0.024151 	-0.287628 	-1.37238 	0.26508 	0.103254 	0.0401068 	
6.455	-0.024165 	-0.287613 	-1.37236 	0.26507 	0.103286 	0.0401026 	
6.46	-0.0241726 	-0.28761 	-1.37235 	0.265035 	0.103303 	0.0400964 	
6.465	-0.0241733 	-0.287611 	-1.37233 	0.265026 	0.103341 	0.0400949 	
6.47	-0.0241724 	-0.287612 	-1.37232 	0.265024 	0.103384 	0.0400945 	
6.475	-0.024179 	-0.287605 	-1.3723 	0.26501 	0.103414 	0.0400925 	
6.48	-0.0241846 	-0.287599 	-1.37228 	0.265006 	0.103453 	0.0400921 	
6.485	-0.0241902 	-0.287593 	-1.37227 	0.265005 	0.103495 	0.040092 	
6.49	-0.0241966 	-0.287582 	-1.37225 	0.265003 	0.103522 	0.0400903 	
6.495	-0.0242039 	-0.28757 	-1.37223 	0.265 	0.103544 	0.0400899 	
6.5	-0.0242087 	-0.287547 	-1.37222 	0.265009 	0.103557 	0.0400878 	
6.505	-0.0242157 	-0.287531 	-1.3722 	0.265012 	0.103589 	0.0400869 	
6.51	-0.0242233 	-0.287518 	-1.37218 	0.265012 	0.103628 	0.0400868 	
6.515	-0.024231 	-0.287506 	-1.37217 	0.265012 	0.10367 	0.0400868 	
6.52	-0.0242387 	-0.287495 	-1.37215 	0.265012 	0.103711 	0.0400868 	
6.525	-0.0242466 	-0.287485 	-1.37213 	0.265011 	0.103753 	0.0400867 	
6.53	-0.0242545 	-0.287475 	-1.37211 	0.265011 	0.103795 	0.0400867 	
6.535	-0.0242624 	-0.287465 	-1.3721 	0.26501 	0.103837 	0.0400868 	
6.54	-0.0242704 	-0.287456 	-1.37208 	0.26501 	0.103879 	0.0400868 	
6.545	-0.0242785 	-0.287447 	-1.37206 	0.265009 	0.10392 	0.0400868 	
6.55	-0.0242866 	-0.287438 	-1.37205 	0.265009 	0.103962 	0.0400868 	
6.555	-0.0242954 	-0.287413 	-1.37203 	0.265019 	0.103976 	0.0400598 	
6.56	-0.0243092 	-0.287374 	-1.37201 	0.265025 	0.103961 	0.0400121 	
6.565	-0.0243305 	-0.287335 	-1.372 	0.265002 	0.103943 	0.0399584 	
6.57	-0.0243461 	-0.287287 	-1.372 	0.265002 	0.10391 	0.0399231 	
6.575	-0.0243616 	-0.287258 	-1.37198 	0.265001 	0.103929 	0.0399142 	
6.58	-0.0243753 	-0.287237 	-1.37197 	0.265001 	0.103965 	0.0399119 	
6.585	-0.0243878 	-0.287218 	-1.37195 	0.265 	0.104002 	0.0399113 	
6.59	-0.0243993 	-0.287202 	-1.37193 	0.265 	0.104042 	0.0399111 	
6.595	-0.0244102 	-0.287187 	-1.37191 	0.264999 	0.104083 	0.0399111 	
6.6	-0.0244205 	-0.287173 	-1.3719 	0.264998 	0.104122 	0.039911 	
6.605	-0.0244305 	-0.287161 	-1.37188 	0.264998 	0.104163 	0.039911 	
6.61	-0.0244402 	-0.287149 	-1.37186 	0.264997 	0.104204 	0.039911 	
6.615	-0.024456 	-0.287131 	-1.37184 	0.264973 	0.10421 	0.0399175 	
6.62	-0.0244709 	-0.287109 	-1.37182 	0.264957 	0.104203 	0.0399269 	
6.625	-0.0244853 	-0.287086 	-1.37181 	0.264944 	0.104192 	0.0399342 	
6.63	-0.024499 	-0.287039 	-1.37179 	0.264943 	0.104137 	0.0399358 	
6.635	-0.0245218 	-0.286977 	-1.37177 	0.264924 	0.104039 	0.0399378 	
6.64	-0.0245459 	-0.286902 	-1.37176 	0.264908 	0.103916 	0.0399387 	
6.645	-0.0245696 	-0.286812 	-1.37175 	0.264899 	0.103767 	0.0399401 	
6.65	-0.024604 	-0.286724 	-1.37174 	0.264848 	0.103614 	0.0399331 	
6.655	-0.0246265 	-0.286682 	-1.37174 	0.264821 	0.103559 	0.039932 	
6.66	-0.0246458 	-0.286641 	-1.37173 	0.264796 	0.103506 	0.039931 	
6.665	-0.0246593 	-0.286591 	-1.37173 	0.264794 	0.103437 	0.0399277 	
6.67	-0.0246745 	-0.286533 	-1.37172 	0.264789 	0.103348 	0.0399272 	
6.675	-0.0246925 	-0.286457 	-1.37171 	0.264784 	0.103228 	0.03993 	
