0	0.333706 	-0.17241 	0.0336918 	-0.369617 	-1.57018 	0.369649 	
0.005	0.332479 	-0.183034 	0.0339483 	-2.5918 	-1.56823 	2.1216 	
0.01	0.333443 	-0.178384 	0.0337494 	-0.652107 	-1.57035 	0.38925 	
0.015	0.333472 	-0.178321 	0.0337415 	-0.648879 	-1.56995 	0.385544 	
0.02	0.333487 	-0.178296 	0.0337472 	-0.618568 	-1.57024 	0.357167 	
0.025	0.333483 	-0.178289 	0.0337403 	-0.614482 	-1.56988 	0.35365 	
0.03	0.333473 	-0.178287 	0.0337307 	-0.614354 	-1.56937 	0.354012 	
0.035	0.333524 	-0.178303 	0.0337479 	-0.623053 	-1.57023 	0.361266 	
0.04	0.333532 	-0.178313 	0.0337445 	-0.627282 	-1.57003 	0.365207 	
0.045	0.333533 	-0.178323 	0.0337376 	-0.628544 	-1.56965 	0.366273 	
0.05	0.33353 	-0.178335 	0.0337279 	-0.628558 	-1.56912 	0.366165 	
0.055	0.333598 	-0.178288 	0.0337437 	-0.618797 	-1.56991 	0.357796 	
0.06	0.333617 	-0.17828 	0.0337398 	-0.616712 	-1.56968 	0.356212 	
0.065	0.333629 	-0.178276 	0.0337326 	-0.616539 	-1.56927 	0.356476 	
0.07	0.333637 	-0.178276 	0.0337227 	-0.61696 	-1.56872 	0.357281 	
0.075	0.3337 	-0.178297 	0.0337377 	-0.620483 	-1.56945 	0.359249 	
0.08	0.333724 	-0.178308 	0.0337335 	-0.62252 	-1.56919 	0.36092 	
0.085	0.333742 	-0.17832 	0.0337261 	-0.623857 	-1.56876 	0.362 	
0.09	0.333757 	-0.178333 	0.0337161 	-0.624607 	-1.56818 	0.362579 	
0.095	0.333841 	-0.178271 	0.0337297 	-0.61712 	-1.56884 	0.357218 	
0.1	0.333877 	-0.178258 	0.0337251 	-0.615688 	-1.56855 	0.356531 	
0.105	0.333907 	-0.17825 	0.0337174 	-0.615206 	-1.56809 	0.356681 	
0.11	0.333959 	-0.178281 	0.033721 	-0.617316 	-1.56822 	0.357192 	
0.115	0.333991 	-0.178294 	0.0337138 	-0.618393 	-1.56777 	0.357975 	
0.12	0.334019 	-0.178306 	0.033704 	-0.619333 	-1.5672 	0.358716 	
0.125	0.334045 	-0.178319 	0.0336923 	-0.620071 	-1.56651 	0.35933 	
0.13	0.334164 	-0.178252 	0.0337133 	-0.614387 	-1.56754 	0.355696 	
0.135	0.334221 	-0.178237 	0.0337109 	-0.613237 	-1.56734 	0.355282 	
0.14	0.334271 	-0.178227 	0.033705 	-0.612797 	-1.56696 	0.355465 	
0.145	0.334317 	-0.178222 	0.0336964 	-0.612774 	-1.56643 	0.355975 	
0.15	0.334376 	-0.178262 	0.0336958 	-0.613373 	-1.56631 	0.354721 	
0.155	0.334421 	-0.178279 	0.0336869 	-0.614114 	-1.56576 	0.355042 	
0.16	0.334464 	-0.178294 	0.033676 	-0.614913 	-1.56509 	0.355541 	
0.165	0.334576 	-0.178232 	0.0336876 	-0.610908 	-1.56561 	0.353775 	
0.17	0.334642 	-0.178219 	0.0336822 	-0.610316 	-1.56524 	0.353922 	
0.175	0.334702 	-0.178211 	0.0336741 	-0.610133 	-1.56472 	0.354365 	
0.18	0.334759 	-0.178208 	0.0336637 	-0.610182 	-1.56407 	0.354949 	
0.185	0.334853 	-0.178232 	0.0336707 	-0.608377 	-1.56433 	0.351653 	
0.19	0.33492 	-0.178243 	0.033664 	-0.608352 	-1.56388 	0.351339 	
0.195	0.334984 	-0.178254 	0.0336548 	-0.608676 	-1.56329 	0.351466 	
0.2	0.335086 	-0.178205 	0.0336567 	-0.606244 	-1.56328 	0.351094 	
0.205	0.335161 	-0.178195 	0.0336487 	-0.605949 	-1.56275 	0.351512 	
0.21	0.335232 	-0.178189 	0.0336386 	-0.605934 	-1.5621 	0.352101 	
0.215	0.3353 	-0.178187 	0.0336268 	-0.606079 	-1.56136 	0.352763 	
0.22	0.335426 	-0.178196 	0.0336396 	-0.602733 	-1.56192 	0.348315 	
0.225	0.335514 	-0.178202 	0.0336346 	-0.602148 	-1.56153 	0.347571 	
0.23	0.335597 	-0.17821 	0.0336269 	-0.602054 	-1.561 	0.347386 	
0.235	0.335677 	-0.178218 	0.0336171 	-0.602294 	-1.56035 	0.347588 	
0.24	0.33579 	-0.178161 	0.0336156 	-0.599609 	-1.56015 	0.347407 	
0.245	0.335879 	-0.178148 	0.0336063 	-0.599151 	-1.55952 	0.347876 	
0.25	0.335965 	-0.178139 	0.0335953 	-0.598999 	-1.5588 	0.348499 	
0.255	0.336087 	-0.178159 	0.0336001 	-0.596812 	-1.55892 	0.345062 	
0.26	0.336183 	-0.178166 	0.0335927 	-0.596496 	-1.55839 	0.344626 	
0.265	0.336277 	-0.178174 	0.0335833 	-0.596556 	-1.55774 	0.344626 	
0.27	0.336368 	-0.178183 	0.0335722 	-0.596866 	-1.557 	0.344922 	
0.275	0.33651 	-0.178119 	0.0335759 	-0.592599 	-1.55707 	0.343204 	
0.28	0.336618 	-0.178103 	0.0335682 	-0.59165 	-1.55652 	0.343206 	
0.285	0.336723 	-0.178092 	0.0335585 	-0.591162 	-1.55585 	0.343513 	
0.29	0.336825 	-0.178086 	0.0335473 	-0.590999 	-1.55509 	0.34402 	
0.295	0.336957 	-0.178113 	0.03355 	-0.58876 	-1.55509 	0.340248 	
0.3	0.337068 	-0.178124 	0.033542 	-0.58841 	-1.55449 	0.339641 	
0.305	0.337177 	-0.178134 	0.0335321 	-0.588441 	-1.5538 	0.339501 	
0.31	0.337315 	-0.178076 	0.0335286 	-0.585282 	-1.55347 	0.338961 	
0.315	0.337433 	-0.178063 	0.0335189 	-0.584588 	-1.55279 	0.339187 	
0.32	0.337548 	-0.178054 	0.0335078 	-0.584275 	-1.55202 	0.339643 	
0.325	0.337662 	-0.17805 	0.0334956 	-0.584232 	-1.55118 	0.34025 	
0.33	0.337775 	-0.178048 	0.0334825 	-0.584375 	-1.5503 	0.340946 	
0.335	0.337954 	-0.178053 	0.0334962 	-0.578773 	-1.5509 	0.334146 	
0.34	0.33809 	-0.178057 	0.0334916 	-0.577325 	-1.55048 	0.332519 	
0.345	0.338223 	-0.178063 	0.0334846 	-0.576525 	-1.54993 	0.331609 	
0.35	0.338342 	-0.17802 	0.0334675 	-0.576027 	-1.54882 	0.33377 	
0.355	0.338466 	-0.178009 	0.0334541 	-0.575888 	-1.54791 	0.334586 	
0.36	0.33859 	-0.178003 	0.0334403 	-0.575963 	-1.54697 	0.335458 	
0.365	0.338714 	-0.178001 	0.0334259 	-0.576186 	-1.54599 	0.336353 	
0.37	0.338914 	-0.177995 	0.0334416 	-0.569677 	-1.54672 	0.328941 	
0.375	0.339067 	-0.177995 	0.0334375 	-0.567914 	-1.54631 	0.327145 	
0.38	0.339215 	-0.177997 	0.033431 	-0.566849 	-1.54576 	0.326088 	
0.385	0.339336 	-0.177965 	0.03341 	-0.566818 	-1.54442 	0.328412 	
0.39	0.33947 	-0.177957 	0.0333956 	-0.566746 	-1.54343 	0.329229 	
0.395	0.339605 	-0.177953 	0.033381 	-0.566879 	-1.54243 	0.330105 	
0.4	0.339741 	-0.177952 	0.0333663 	-0.567155 	-1.5414 	0.33101 	
0.405	0.339878 	-0.177954 	0.0333514 	-0.567529 	-1.54037 	0.331921 	
0.41	0.340121 	-0.177921 	0.0333758 	-0.557621 	-1.54162 	0.32165 	
0.415	0.340298 	-0.177913 	0.0333748 	-0.554647 	-1.54138 	0.318786 	
0.42	0.340469 	-0.177909 	0.0333709 	-0.552621 	-1.54098 	0.316881 	
0.425	0.340568 	-0.177897 	0.0333371 	-0.555732 	-1.53886 	0.322167 	
0.43	0.340708 	-0.177895 	0.0333193 	-0.556333 	-1.53765 	0.323631 	
0.435	0.340851 	-0.177895 	0.0333021 	-0.556955 	-1.53647 	0.324977 	
0.44	0.340996 	-0.177898 	0.0332854 	-0.557587 	-1.5353 	0.326222 	
0.445	0.341256 	-0.177854 	0.0333103 	-0.547076 	-1.53662 	0.315681 	
0.45	0.341445 	-0.177842 	0.033309 	-0.543977 	-1.53636 	0.312837 	
0.455	0.341629 	-0.177836 	0.033305 	-0.541836 	-1.53593 	0.310933 	
0.46	0.341737 	-0.177832 	0.0332701 	-0.544818 	-1.53373 	0.31579 	
0.465	0.341888 	-0.177832 	0.0332521 	-0.54536 	-1.53248 	0.31713 	
0.47	0.342042 	-0.177834 	0.0332348 	-0.545953 	-1.53127 	0.318394 	
0.475	0.342199 	-0.177837 	0.0332182 	-0.546579 	-1.53008 	0.31959 	
0.48	0.342467 	-0.177783 	0.0332405 	-0.535742 	-1.53128 	0.309208 	
0.485	0.342668 	-0.177768 	0.0332384 	-0.53253 	-1.53097 	0.306409 	
0.49	0.342864 	-0.177758 	0.0332339 	-0.530289 	-1.53051 	0.30453 	
0.495	0.34298 	-0.177762 	0.0331989 	-0.533225 	-1.52826 	0.309036 	
0.5	0.343143 	-0.177764 	0.0331808 	-0.533735 	-1.52699 	0.310281 	
0.505	0.343308 	-0.177767 	0.0331637 	-0.534317 	-1.52575 	0.311482 	
0.51	0.343477 	-0.177772 	0.0331472 	-0.534947 	-1.52455 	0.312639 	
0.515	0.343752 	-0.177707 	0.0331663 	-0.523695 	-1.52561 	0.302308 	
0.52	0.343963 	-0.177689 	0.0331633 	-0.520343 	-1.52525 	0.299517 	
0.525	0.344169 	-0.177677 	0.0331582 	-0.517983 	-1.52475 	0.297639 	
0.53	0.344372 	-0.17767 	0.0331515 	-0.516415 	-1.52414 	0.296489 	
0.535	0.344481 	-0.17768 	0.0331094 	-0.519649 	-1.52144 	0.301441 	
0.54	0.344647 	-0.177684 	0.0330883 	-0.520452 	-1.51996 	0.303049 	
0.545	0.344818 	-0.17769 	0.0330687 	-0.521245 	-1.51856 	0.304518 	
0.55	0.345103 	-0.177633 	0.0330871 	-0.511733 	-1.51956 	0.295644 	
0.555	0.345321 	-0.177619 	0.0330829 	-0.509055 	-1.51911 	0.29348 	
0.56	0.345536 	-0.177609 	0.033077 	-0.507214 	-1.51854 	0.292082 	
0.565	0.345747 	-0.177604 	0.0330696 	-0.506036 	-1.51787 	0.291291 	
0.57	0.345877 	-0.177596 	0.0330305 	-0.505965 	-1.51538 	0.293305 	
0.575	0.346056 	-0.177595 	0.0330103 	-0.505832 	-1.51396 	0.294096 	
0.58	0.346241 	-0.177597 	0.0329917 	-0.505926 	-1.5126 	0.29496 	
0.585	0.34643 	-0.177601 	0.0329743 	-0.506192 	-1.51131 	0.295874 	
0.59	0.346739 	-0.177537 	0.0329964 	-0.496124 	-1.51258 	0.286375 	
0.595	0.346976 	-0.17752 	0.0329945 	-0.493035 	-1.51226 	0.283765 	
0.6	0.347208 	-0.177509 	0.0329905 	-0.490862 	-1.5118 	0.282006 	
0.605	0.347335 	-0.177514 	0.0329482 	-0.492372 	-1.50905 	0.285354 	
0.61	0.347524 	-0.177516 	0.0329282 	-0.49244 	-1.5076 	0.286267 	
0.615	0.347719 	-0.177519 	0.0329098 	-0.492694 	-1.50624 	0.287229 	
0.62	0.347918 	-0.177525 	0.0328928 	-0.493089 	-1.50494 	0.288221 	
0.625	0.348227 	-0.17745 	0.03291 	-0.482064 	-1.50599 	0.278283 	
0.63	0.34847 	-0.177429 	0.0329066 	-0.478691 	-1.50559 	0.275553 	
0.635	0.34871 	-0.177415 	0.0329015 	-0.47629 	-1.50507 	0.273698 	
0.64	0.34885 	-0.177429 	0.0328619 	-0.478335 	-1.50241 	0.277213 	
0.645	0.34905 	-0.177433 	0.0328426 	-0.478516 	-1.50098 	0.278153 	
0.65	0.349254 	-0.177438 	0.0328249 	-0.478863 	-1.49963 	0.279139 	
0.655	0.349463 	-0.177446 	0.0328085 	-0.479336 	-1.49834 	0.280153 	
0.66	0.34977 	-0.17736 	0.0328204 	-0.467486 	-1.49915 	0.269884 	
0.665	0.35002 	-0.177336 	0.0328155 	-0.463857 	-1.49868 	0.267054 	
0.67	0.350265 	-0.177319 	0.0328092 	-0.46125 	-1.49809 	0.265117 	
0.675	0.350508 	-0.177309 	0.0328019 	-0.459458 	-1.49742 	0.263891 	
0.68	0.350637 	-0.177331 	0.0327562 	-0.462132 	-1.49433 	0.268077 	
0.685	0.350837 	-0.17734 	0.0327341 	-0.462711 	-1.49269 	0.269438 	
0.69	0.351044 	-0.177349 	0.0327142 	-0.463357 	-1.49118 	0.270739 	
0.695	0.351363 	-0.177273 	0.0327276 	-0.45325 	-1.49205 	0.26187 	
0.7	0.351619 	-0.177253 	0.0327222 	-0.450292 	-1.49152 	0.259629 	
0.705	0.351871 	-0.177241 	0.0327156 	-0.448209 	-1.49089 	0.25815 	
0.71	0.352121 	-0.177234 	0.0327081 	-0.44682 	-1.49019 	0.257274 	
0.715	0.352263 	-0.177234 	0.0326635 	-0.446287 	-1.48724 	0.258717 	
0.72	0.352473 	-0.177236 	0.0326419 	-0.445935 	-1.48564 	0.259291 	
0.725	0.352689 	-0.17724 	0.0326225 	-0.445868 	-1.48417 	0.259995 	
0.73	0.353005 	-0.177182 	0.032633 	-0.438324 	-1.48479 	0.253355 	
0.735	0.353265 	-0.177167 	0.0326268 	-0.436015 	-1.48419 	0.251685 	
0.74	0.353523 	-0.177159 	0.0326196 	-0.43444 	-1.48351 	0.25065 	
0.745	0.353701 	-0.177148 	0.0325851 	-0.432486 	-1.48119 	0.250471 	
0.75	0.353928 	-0.177146 	0.0325672 	-0.431601 	-1.47983 	0.250451 	
0.755	0.354159 	-0.177148 	0.0325508 	-0.431131 	-1.47854 	0.250702 	
0.76	0.354394 	-0.177152 	0.0325357 	-0.430983 	-1.4773 	0.25116 	
0.765	0.354633 	-0.177159 	0.0325215 	-0.431085 	-1.47612 	0.251775 	
0.77	0.354937 	-0.177061 	0.0325226 	-0.419117 	-1.47638 	0.241959 	
0.775	0.355203 	-0.177034 	0.032515 	-0.415315 	-1.47576 	0.239146 	
0.78	0.355467 	-0.177015 	0.0325069 	-0.41256 	-1.47507 	0.237212 	
0.785	0.355729 	-0.177004 	0.0324983 	-0.410637 	-1.47431 	0.235974 	
0.79	0.355884 	-0.177034 	0.0324566 	-0.41321 	-1.47132 	0.239697 	
0.795	0.356106 	-0.177046 	0.0324358 	-0.413732 	-1.4697 	0.240912 	
0.8	0.356336 	-0.177059 	0.0324172 	-0.41435 	-1.4682 	0.242112 	
0.805	0.356659 	-0.176968 	0.0324227 	-0.403732 	-1.46871 	0.233278 	
0.81	0.356931 	-0.176946 	0.0324152 	-0.400578 	-1.46808 	0.231006 	
0.815	0.3572 	-0.176931 	0.0324072 	-0.398329 	-1.46737 	0.229492 	
0.82	0.357468 	-0.176924 	0.0323988 	-0.3968 	-1.46661 	0.228577 	
0.825	0.357629 	-0.176929 	0.0323566 	-0.396235 	-1.46368 	0.229699 	
0.83	0.357857 	-0.176933 	0.0323358 	-0.395829 	-1.46208 	0.230151 	
0.835	0.358093 	-0.176941 	0.0323172 	-0.395726 	-1.46061 	0.230762 	
0.84	0.358415 	-0.176871 	0.0323218 	-0.387756 	-1.46097 	0.224145 	
0.845	0.35869 	-0.176855 	0.032314 	-0.385276 	-1.46029 	0.22244 	
0.85	0.358963 	-0.176846 	0.0323059 	-0.383557 	-1.45955 	0.221369 	
0.855	0.359234 	-0.176842 	0.0322974 	-0.382441 	-1.45877 	0.220798 	
0.86	0.359401 	-0.176822 	0.032255 	-0.379122 	-1.45591 	0.21966 	
0.865	0.359634 	-0.17682 	0.0322342 	-0.377916 	-1.45434 	0.219463 	
0.87	0.359874 	-0.176822 	0.0322156 	-0.377191 	-1.45288 	0.219571 	
0.875	0.36012 	-0.176828 	0.0321989 	-0.376841 	-1.45153 	0.219914 	
0.88	0.360461 	-0.176752 	0.0322071 	-0.368496 	-1.45218 	0.212867 	
0.885	0.360748 	-0.176733 	0.0322014 	-0.365785 	-1.45164 	0.210902 	
0.89	0.361031 	-0.176722 	0.0321949 	-0.363879 	-1.45103 	0.20962 	
0.895	0.361199 	-0.176722 	0.0321536 	-0.362566 	-1.44811 	0.210071 	
0.9	0.361437 	-0.176724 	0.0321339 	-0.361776 	-1.44658 	0.210169 	
0.905	0.361683 	-0.17673 	0.0321163 	-0.361377 	-1.44516 	0.210506 	
0.91	0.361933 	-0.176739 	0.0321004 	-0.361284 	-1.44383 	0.211026 	
0.915	0.362261 	-0.176646 	0.0321022 	-0.351328 	-1.44418 	0.202914 	
0.92	0.362545 	-0.176622 	0.0320945 	-0.348143 	-1.44355 	0.200641 	
0.925	0.362827 	-0.176608 	0.0320865 	-0.34586 	-1.44286 	0.199114 	
0.93	0.363011 	-0.176621 	0.0320506 	-0.345873 	-1.44019 	0.200429 	
0.935	0.363256 	-0.176626 	0.0320323 	-0.345411 	-1.43873 	0.200736 	
0.94	0.363506 	-0.176636 	0.0320159 	-0.34527 	-1.43737 	0.201235 	
0.945	0.363762 	-0.176648 	0.0320009 	-0.34538 	-1.43609 	0.201883 	
0.95	0.364075 	-0.176539 	0.0319967 	-0.334076 	-1.43613 	0.19292 	
0.955	0.364356 	-0.176511 	0.0319873 	-0.330492 	-1.43541 	0.190395 	
0.96	0.364637 	-0.176493 	0.0319779 	-0.327892 	-1.43465 	0.188669 	
0.965	0.364916 	-0.176484 	0.0319685 	-0.326075 	-1.43386 	0.187576 	
0.97	0.365086 	-0.176508 	0.0319296 	-0.326954 	-1.4309 	0.189652 	
0.975	0.365326 	-0.17652 	0.0319097 	-0.326945 	-1.42929 	0.190361 	
0.98	0.365573 	-0.176534 	0.0318921 	-0.327157 	-1.42782 	0.191172 	
0.985	0.365898 	-0.17644 	0.0318917 	-0.317632 	-1.42806 	0.183562 	
0.99	0.366182 	-0.176419 	0.0318827 	-0.314704 	-1.42735 	0.181563 	
0.995	0.366464 	-0.176407 	0.0318736 	-0.31262 	-1.42659 	0.180247 	
1	0.366744 	-0.176402 	0.0318646 	-0.311208 	-1.42581 	0.179473 	
1.005	0.366914 	-0.176397 	0.0318245 	-0.309266 	-1.42288 	0.179277 	
1.01	0.367153 	-0.176401 	0.0318044 	-0.308426 	-1.42129 	0.179318 	
1.015	0.367401 	-0.176409 	0.0317866 	-0.307986 	-1.41984 	0.179607 	
1.02	0.367654 	-0.17642 	0.0317706 	-0.30786 	-1.41849 	0.180088 	
1.025	0.367995 	-0.176316 	0.0317737 	-0.297758 	-1.41904 	0.17192 	
1.03	0.368287 	-0.17629 	0.0317666 	-0.294495 	-1.41849 	0.169594 	
1.035	0.368575 	-0.176275 	0.031759 	-0.292142 	-1.41786 	0.168015 	
1.04	0.368745 	-0.176294 	0.0317211 	-0.292333 	-1.41493 	0.16946 	
1.045	0.368988 	-0.176303 	0.0317023 	-0.291905 	-1.41341 	0.169786 	
1.05	0.369237 	-0.176315 	0.0316855 	-0.29179 	-1.41201 	0.170297 	
1.055	0.369548 	-0.176234 	0.0316813 	-0.2838 	-1.41194 	0.164082 	
1.06	0.369827 	-0.176217 	0.0316713 	-0.281292 	-1.41115 	0.162462 	
1.065	0.370105 	-0.176209 	0.0316614 	-0.27954 	-1.41035 	0.161441 	
1.07	0.370383 	-0.176208 	0.0316517 	-0.278385 	-1.40952 	0.160895 	
1.075	0.370564 	-0.176185 	0.0316161 	-0.274862 	-1.40691 	0.159263 	
1.08	0.370807 	-0.176184 	0.0315974 	-0.273562 	-1.40543 	0.158884 	
1.085	0.371056 	-0.176189 	0.0315806 	-0.27276 	-1.40407 	0.158841 	
1.09	0.37131 	-0.176198 	0.0315654 	-0.272351 	-1.4028 	0.159061 	
1.095	0.37163 	-0.176112 	0.0315638 	-0.264194 	-1.40295 	0.152638 	
1.1	0.371913 	-0.176093 	0.0315553 	-0.261517 	-1.4023 	0.150833 	
1.105	0.372194 	-0.176084 	0.0315465 	-0.259627 	-1.4016 	0.149661 	
1.11	0.372474 	-0.176082 	0.0315377 	-0.258363 	-1.40086 	0.148994 	
1.115	0.372623 	-0.176069 	0.0314961 	-0.255769 	-1.3977 	0.148308 	
1.12	0.372855 	-0.176073 	0.0314756 	-0.25475 	-1.39606 	0.148211 	
1.125	0.373094 	-0.176081 	0.0314573 	-0.254168 	-1.39457 	0.148386 	
1.13	0.373428 	-0.176015 	0.03146 	-0.247822 	-1.39499 	0.143278 	
1.135	0.37371 	-0.176002 	0.0314519 	-0.245719 	-1.39436 	0.141914 	
1.14	0.373989 	-0.175999 	0.0314436 	-0.244282 	-1.39368 	0.14109 	
1.145	0.37417 	-0.175978 	0.0314108 	-0.241171 	-1.39117 	0.139716 	
1.15	0.374411 	-0.175978 	0.0313935 	-0.239913 	-1.38979 	0.139323 	
1.155	0.374658 	-0.175983 	0.0313778 	-0.239144 	-1.38852 	0.139266 	
1.16	0.374909 	-0.175994 	0.0313635 	-0.23876 	-1.38732 	0.139473 	
1.165	0.375205 	-0.175908 	0.0313571 	-0.230801 	-1.38713 	0.133367 	
1.17	0.375477 	-0.17589 	0.0313471 	-0.228201 	-1.38639 	0.131665 	
1.175	0.375747 	-0.175881 	0.0313373 	-0.22637 	-1.38562 	0.130573 	
1.18	0.376017 	-0.17588 	0.0313275 	-0.22515 	-1.38484 	0.129963 	
1.185	0.376183 	-0.175866 	0.0312936 	-0.222553 	-1.38217 	0.129042 	
1.19	0.376415 	-0.175869 	0.0312753 	-0.221547 	-1.3807 	0.128876 	
1.195	0.376653 	-0.175878 	0.0312589 	-0.220975 	-1.37935 	0.128996 	
1.2	0.376896 	-0.175891 	0.031244 	-0.220746 	-1.37811 	0.12934 	
1.205	0.377213 	-0.17579 	0.0312434 	-0.211876 	-1.37844 	0.12233 	
1.21	0.377488 	-0.175768 	0.0312353 	-0.209001 	-1.37787 	0.120347 	
1.215	0.37776 	-0.175756 	0.0312268 	-0.206948 	-1.37725 	0.119027 	
1.22	0.377925 	-0.175769 	0.031195 	-0.206488 	-1.37462 	0.119743 	
1.225	0.378155 	-0.175778 	0.031178 	-0.205935 	-1.37322 	0.119896 	
1.23	0.378391 	-0.175792 	0.0311625 	-0.205722 	-1.37193 	0.120265 	
1.235	0.378679 	-0.175713 	0.0311567 	-0.19862 	-1.37177 	0.114844 	
1.24	0.378939 	-0.175699 	0.0311465 	-0.196378 	-1.37101 	0.113433 	
1.245	0.379198 	-0.175694 	0.0311364 	-0.194829 	-1.37024 	0.112566 	
1.25	0.379456 	-0.175696 	0.0311264 	-0.19383 	-1.36946 	0.112131 	
1.255	0.379626 	-0.175666 	0.0310969 	-0.190153 	-1.36711 	0.110214 	
1.26	0.379852 	-0.175665 	0.0310801 	-0.188846 	-1.36576 	0.109757 	
1.265	0.380082 	-0.175671 	0.0310648 	-0.188035 	-1.36452 	0.109645 	
1.27	0.380317 	-0.175682 	0.0310507 	-0.187618 	-1.36336 	0.109803 	
1.275	0.38061 	-0.1756 	0.0310474 	-0.180469 	-1.36342 	0.104264 	
1.28	0.380869 	-0.175584 	0.0310386 	-0.178134 	-1.3628 	0.102729 	
1.285	0.381126 	-0.175578 	0.0310295 	-0.176508 	-1.36213 	0.101761 	
1.29	0.38138 	-0.17558 	0.0310203 	-0.175447 	-1.36144 	0.101243 	
1.295	0.381519 	-0.175559 	0.0309869 	-0.172589 	-1.35865 	0.100125 	
1.3	0.381729 	-0.175562 	0.0309689 	-0.171543 	-1.35718 	0.0999148 	
1.305	0.381946 	-0.175571 	0.0309527 	-0.170938 	-1.35585 	0.0999945 	
1.31	0.382168 	-0.175585 	0.0309378 	-0.170682 	-1.35462 	0.100302 	
1.315	0.382487 	-0.175491 	0.0309414 	-0.162824 	-1.35533 	0.0939689 	
1.32	0.382748 	-0.175471 	0.0309347 	-0.160285 	-1.35492 	0.0921957 	
1.325	0.383005 	-0.175463 	0.0309273 	-0.158495 	-1.35443 	0.0910335 	
1.33	0.383137 	-0.17547 	0.0308954 	-0.157695 	-1.35165 	0.0915075 	
1.335	0.383344 	-0.175479 	0.0308786 	-0.157113 	-1.35026 	0.0916232 	
1.34	0.383556 	-0.175492 	0.0308633 	-0.156875 	-1.34899 	0.0919587 	
1.345	0.383837 	-0.175419 	0.0308609 	-0.150533 	-1.34912 	0.0870306 	
1.35	0.38408 	-0.175407 	0.0308518 	-0.148542 	-1.34849 	0.0857681 	
1.355	0.38432 	-0.175404 	0.0308426 	-0.147188 	-1.34782 	0.0850116 	
1.36	0.384558 	-0.175409 	0.0308333 	-0.146341 	-1.34714 	0.0846573 	
1.365	0.3847 	-0.175375 	0.0308054 	-0.142698 	-1.34476 	0.0827571 	
1.37	0.384901 	-0.175374 	0.0307894 	-0.14145 	-1.34345 	0.0823251 	
1.375	0.385106 	-0.17538 	0.0307746 	-0.140685 	-1.34225 	0.082227 	
1.38	0.385316 	-0.175391 	0.0307609 	-0.140302 	-1.34113 	0.0823916 	
1.385	0.385601 	-0.175316 	0.0307614 	-0.13399 	-1.34154 	0.0773807 	
1.39	0.385841 	-0.175303 	0.0307539 	-0.131954 	-1.34106 	0.0760212 	
1.395	0.386077 	-0.1753 	0.0307459 	-0.130562 	-1.34052 	0.0751845 	
1.4	0.386309 	-0.175304 	0.0307375 	-0.129684 	-1.33994 	0.0747646 	
1.405	0.386413 	-0.175278 	0.0307056 	-0.126767 	-1.33708 	0.0736146 	
1.41	0.386595 	-0.175281 	0.0306884 	-0.125762 	-1.33563 	0.0734187 	
1.415	0.386784 	-0.175289 	0.0306727 	-0.125187 	-1.33432 	0.0735049 	
1.42	0.387075 	-0.175237 	0.030676 	-0.120544 	-1.33499 	0.0696895 	
1.425	0.387306 	-0.175231 	0.0306688 	-0.119028 	-1.33454 	0.0687216 	
1.43	0.387533 	-0.175233 	0.0306611 	-0.118049 	-1.33403 	0.0681943 	
1.435	0.387665 	-0.175205 	0.0306366 	-0.115061 	-1.33185 	0.066734 	
1.44	0.387852 	-0.175206 	0.0306223 	-0.113994 	-1.33067 	0.0663886 	
1.445	0.388043 	-0.175213 	0.0306089 	-0.113371 	-1.32958 	0.0663557 	
1.45	0.388236 	-0.175226 	0.0305962 	-0.1131 	-1.32856 	0.0665692 	
1.455	0.38843 	-0.175243 	0.0305842 	-0.113108 	-1.3276 	0.0669769 	
1.46	0.388689 	-0.175131 	0.0305839 	-0.104548 	-1.32797 	0.0602243 	
1.465	0.388907 	-0.175106 	0.0305768 	-0.10185 	-1.32754 	0.058328 	
1.47	0.389121 	-0.175094 	0.0305691 	-0.0999287 	-1.32704 	0.0570599 	
1.475	0.389331 	-0.17509 	0.0305609 	-0.0986283 	-1.3265 	0.0562934 	
1.48	0.389426 	-0.175117 	0.0305332 	-0.099392 	-1.32386 	0.0579152 	
1.485	0.389589 	-0.175136 	0.0305175 	-0.099524 	-1.32252 	0.0585582 	
1.49	0.389758 	-0.175157 	0.0305032 	-0.0998498 	-1.32129 	0.059304 	
1.495	0.390025 	-0.175061 	0.0305063 	-0.0925217 	-1.32201 	0.0533914 	
1.5	0.390233 	-0.175044 	0.0304996 	-0.0903702 	-1.32161 	0.0519082 	
1.505	0.390437 	-0.175038 	0.0304922 	-0.0888834 	-1.32115 	0.0509668 	
1.51	0.390636 	-0.175039 	0.0304844 	-0.0879275 	-1.32064 	0.0504579 	
1.515	0.390727 	-0.175036 	0.0304589 	-0.0867983 	-1.31818 	0.0505233 	
1.52	0.390882 	-0.175045 	0.0304442 	-0.0863881 	-1.31692 	0.0507118 	
1.525	0.391041 	-0.175059 	0.0304306 	-0.0862844 	-1.31577 	0.0510975 	
1.53	0.391293 	-0.174993 	0.0304332 	-0.0809693 	-1.31641 	0.0467758 	
1.535	0.391489 	-0.174984 	0.0304266 	-0.079378 	-1.31601 	0.0457261 	
1.54	0.39168 	-0.174984 	0.0304193 	-0.078337 	-1.31556 	0.0451283 	
1.545	0.391867 	-0.17499 	0.0304115 	-0.0777351 	-1.31505 	0.0448909 	
1.55	0.391955 	-0.17496 	0.0303888 	-0.0749574 	-1.31283 	0.0435842 	
1.555	0.392101 	-0.174961 	0.0303753 	-0.0740925 	-1.31165 	0.0433859 	
1.56	0.39225 	-0.174969 	0.0303625 	-0.0736283 	-1.31057 	0.0434644 	
1.565	0.392402 	-0.174982 	0.0303505 	-0.0734815 	-1.30956 	0.0437612 	
1.57	0.392661 	-0.174914 	0.0303565 	-0.0681559 	-1.31059 	0.0392797 	
1.575	0.392852 	-0.174904 	0.0303516 	-0.0665407 	-1.31039 	0.0381353 	
1.58	0.393036 	-0.174902 	0.0303458 	-0.0654793 	-1.31009 	0.0374594 	
1.585	0.393214 	-0.174907 	0.0303393 	-0.0648608 	-1.30971 	0.0371583 	
1.59	0.393256 	-0.174887 	0.0303126 	-0.0628718 	-1.30693 	0.0366731 	
1.595	0.393377 	-0.174892 	0.0302981 	-0.0622764 	-1.3056 	0.0367378 	
1.6	0.393504 	-0.174901 	0.0302846 	-0.0620245 	-1.3044 	0.0370224 	
1.605	0.393762 	-0.174855 	0.0302922 	-0.0581239 	-1.30564 	0.0335635 	
1.61	0.39394 	-0.174851 	0.0302875 	-0.0569765 	-1.30546 	0.0327759 	
1.615	0.394111 	-0.174855 	0.0302818 	-0.0562877 	-1.30517 	0.0323831 	
1.62	0.394275 	-0.174864 	0.0302754 	-0.0559654 	-1.3048 	0.0323058 	
1.625	0.394318 	-0.174822 	0.0302524 	-0.0526574 	-1.30233 	0.030679 	
1.63	0.394431 	-0.174819 	0.0302393 	-0.0517028 	-1.30112 	0.0304207 	
1.635	0.394548 	-0.174823 	0.030227 	-0.051166 	-1.30002 	0.0304489 	
1.64	0.394784 	-0.1748 	0.030233 	-0.0487772 	-1.30111 	0.0282113 	
1.645	0.394946 	-0.174802 	0.0302282 	-0.0480653 	-1.3009 	0.027765 	
1.65	0.395102 	-0.17481 	0.0302225 	-0.0477235 	-1.3006 	0.0276432 	
1.655	0.395251 	-0.174823 	0.0302161 	-0.0476772 	-1.30023 	0.0277804 	
1.66	0.395297 	-0.174762 	0.030197 	-0.0432763 	-1.2981 	0.0251788 	
1.665	0.395401 	-0.174753 	0.0301853 	-0.0420333 	-1.29701 	0.0246515 	
1.67	0.395508 	-0.174752 	0.0301743 	-0.0412676 	-1.296 	0.0244654 	
1.675	0.395617 	-0.174758 	0.0301637 	-0.0408804 	-1.29506 	0.0245489 	
1.68	0.39586 	-0.174741 	0.0301731 	-0.0389326 	-1.2966 	0.0224681 	
1.685	0.396017 	-0.174746 	0.0301701 	-0.038428 	-1.29661 	0.0220933 	
1.69	0.396165 	-0.174756 	0.030166 	-0.0382513 	-1.29649 	0.0220272 	
1.695	0.39619 	-0.174715 	0.0301464 	-0.0352223 	-1.29425 	0.0205477 	
1.7	0.396282 	-0.174712 	0.0301354 	-0.0344151 	-1.29322 	0.0203403 	
1.705	0.396376 	-0.174716 	0.0301251 	-0.0339951 	-1.29226 	0.0204066 	
1.71	0.39647 	-0.174725 	0.0301151 	-0.0338823 	-1.29135 	0.0206894 	
1.715	0.396697 	-0.174689 	0.0301247 	-0.0308172 	-1.29289 	0.0177231 	
1.72	0.396839 	-0.174688 	0.0301222 	-0.0300116 	-1.29292 	0.017102 	
1.725	0.396971 	-0.174692 	0.0301184 	-0.029594 	-1.29281 	0.016838 	
1.73	0.396991 	-0.174672 	0.0301005 	-0.0279384 	-1.29075 	0.0163662 	
1.735	0.397071 	-0.174675 	0.0300904 	-0.0275291 	-1.28979 	0.0164411 	
1.74	0.397152 	-0.174683 	0.0300808 	-0.0274252 	-1.28889 	0.0167304 	
1.745	0.397234 	-0.174694 	0.0300715 	-0.0275635 	-1.28803 	0.0171892 	
1.75	0.397445 	-0.174642 	0.0300816 	-0.0235971 	-1.28958 	0.0135029 	
1.755	0.397571 	-0.174636 	0.0300797 	-0.022559 	-1.28964 	0.0126861 	
1.76	0.397688 	-0.174636 	0.0300765 	-0.0219551 	-1.28955 	0.0122648 	
1.765	0.397796 	-0.174642 	0.0300723 	-0.0216991 	-1.28934 	0.0121604 	
1.77	0.397784 	-0.174628 	0.0300531 	-0.020587 	-1.28704 	0.0122139 	
1.775	0.397838 	-0.174633 	0.0300426 	-0.0204245 	-1.28596 	0.0125274 	
1.78	0.397895 	-0.174643 	0.0300327 	-0.0205155 	-1.28497 	0.0130044 	
1.785	0.398095 	-0.174608 	0.0300431 	-0.0177023 	-1.2866 	0.0101767 	
1.79	0.398204 	-0.174607 	0.0300411 	-0.0170578 	-1.28664 	0.00967166 	
1.795	0.398303 	-0.174611 	0.030038 	-0.0167682 	-1.28654 	0.0094986 	
1.8	0.398394 	-0.17462 	0.030034 	-0.0167624 	-1.28632 	0.00959121 	
1.805	0.398477 	-0.174632 	0.0300293 	-0.0169831 	-1.28602 	0.00989579 	
1.81	0.398463 	-0.174581 	0.0300143 	-0.0137404 	-1.28405 	0.00815801 	
1.815	0.398502 	-0.174574 	0.0300052 	-0.0129957 	-1.28305 	0.00798525 	
1.82	0.398542 	-0.174574 	0.0299965 	-0.0126241 	-1.28212 	0.00807602 	
1.825	0.398728 	-0.174578 	0.0300066 	-0.0121222 	-1.28382 	0.00701308 	
1.83	0.398821 	-0.174586 	0.030005 	-0.0121356 	-1.28391 	0.00699815 	
1.835	0.398903 	-0.174598 	0.0300024 	-0.0123715 	-1.28385 	0.00721609 	
1.84	0.398976 	-0.174612 	0.0299989 	-0.012785 	-1.28367 	0.00761996 	
1.845	0.398961 	-0.17455 	0.0299869 	-0.00897787 	-1.28199 	0.00532629 	
1.85	0.398991 	-0.17454 	0.0299795 	-0.00810148 	-1.28115 	0.00499117 	
1.855	0.399021 	-0.174537 	0.0299722 	-0.00762547 	-1.28034 	0.00495257 	
1.86	0.399175 	-0.174554 	0.0299802 	-0.00803266 	-1.28178 	0.00469469 	
1.865	0.399248 	-0.174566 	0.0299785 	-0.00833258 	-1.28182 	0.00491998 	
1.87	0.39931 	-0.174579 	0.0299759 	-0.00879707 	-1.28172 	0.0053292 	
1.875	0.399364 	-0.174595 	0.0299724 	-0.0093925 	-1.28151 	0.00588488 	
1.88	0.399361 	-0.174526 	0.029965 	-0.00516127 	-1.28035 	0.00305593 	
1.885	0.399383 	-0.174513 	0.0299593 	-0.00419817 	-1.27968 	0.00258341 	
1.89	0.399403 	-0.174507 	0.0299535 	-0.00365327 	-1.27901 	0.00243507 	
1.895	0.399524 	-0.174535 	0.0299595 	-0.00483626 	-1.28017 	0.0028868 	
1.9	0.399577 	-0.17455 	0.0299577 	-0.00538757 	-1.28016 	0.0033251 	
1.905	0.39962 	-0.174565 	0.0299551 	-0.00605255 	-1.28003 	0.00390387 	
1.91	0.399654 	-0.174582 	0.0299519 	-0.00680749 	-1.27979 	0.00459405 	
1.915	0.399682 	-0.174599 	0.0299481 	-0.00763324 	-1.27947 	0.00537224 	
1.92	0.399695 	-0.174497 	0.029947 	-0.00151009 	-1.27899 	0.000793769 	
1.925	0.399709 	-0.174473 	0.0299436 	4.31521e-05 	-1.27852 	-0.000221454 	
1.93	0.399718 	-0.174458 	0.0299398 	0.00105836 	-1.27801 	-0.000802453 	
1.935	0.399802 	-0.174526 	0.0299427 	-0.00257514 	-1.27888 	0.00167574 	
1.94	0.399832 	-0.17455 	0.0299407 	-0.00383062 	-1.27882 	0.00268062 	
1.945	0.399853 	-0.174573 	0.0299381 	-0.00505769 	-1.27865 	0.00371127 	
1.95	0.399866 	-0.174596 	0.0299349 	-0.00626054 	-1.27838 	0.00476109 	
1.955	0.399883 	-0.174487 	0.0299372 	0.000186497 	-1.27828 	-0.000226126 	
1.96	0.399887 	-0.174462 	0.0299354 	0.0017235 	-1.27797 	-0.00129307 	
1.965	0.399885 	-0.174445 	0.0299329 	0.00272621 	-1.27759 	-0.00191607 	
1.97	0.399938 	-0.174518 	0.0299343 	-0.00129515 	-1.27821 	0.000961633 	
1.975	0.399948 	-0.174543 	0.0299324 	-0.00269238 	-1.27811 	0.00209284 	
1.98	0.399949 	-0.174566 	0.02993 	-0.00403221 	-1.27791 	0.00322381 	
1.985	0.399942 	-0.174589 	0.029927 	-0.00532456 	-1.27761 	0.00435305 	
1.99	0.399969 	-0.174482 	0.0299331 	0.000958172 	-1.27801 	-0.000709935 	
1.995	0.399965 	-0.174458 	0.0299328 	0.00240795 	-1.27786 	-0.00177879 	
2	0.399953 	-0.174441 	0.0299317 	0.00334152 	-1.27762 	-0.00240404 	
2.005	0.399934 	-0.174431 	0.0299298 	0.00386224 	-1.2773 	-0.00267457 	
2.01	0.399978 	-0.174525 	0.0299303 	-0.00150586 	-1.27805 	0.00118753 	
2.015	0.39998 	-0.17456 	0.0299251 	-0.0035546 	-1.27802 	0.00279547 	
2.02	0.399976 	-0.174592 	0.0299176 	-0.00541541 	-1.27787 	0.00430766 	
2.025	0.39997 	-0.174488 	0.0299127 	0.000668065 	-1.2777 	-0.000455426 	
2.03	0.399959 	-0.174467 	0.0299025 	0.00184322 	-1.2774 	-0.0012797 	
2.035	0.399946 	-0.174454 	0.0298899 	0.00255748 	-1.27704 	-0.00170964 	
2.04	0.399931 	-0.174447 	0.0298752 	0.00290374 	-1.27662 	-0.00182488 	
2.045	0.39998 	-0.174521 	0.0298634 	-0.00122238 	-1.27728 	0.00093646 	
2.05	0.399987 	-0.17455 	0.0298464 	-0.00288934 	-1.27718 	0.00220596 	
2.055	0.399988 	-0.174576 	0.029827 	-0.0044441 	-1.27698 	0.00344674 	
2.06	0.399968 	-0.174491 	0.0298072 	0.000486422 	-1.2764 	-0.00029451 	
2.065	0.399957 	-0.174475 	0.0297843 	0.00136089 	-1.27594 	-0.000852359 	
2.07	0.399945 	-0.174465 	0.0297592 	0.00183619 	-1.27544 	-0.00107071 	
2.075	0.399932 	-0.174462 	0.0297323 	0.00199336 	-1.27492 	-0.00101872 	
2.08	0.39992 	-0.174462 	0.0297034 	0.00189726 	-1.27437 	-0.000751726 	
2.085	0.399986 	-0.17452 	0.0296802 	-0.00113133 	-1.27517 	0.000767823 	
2.09	0.400003 	-0.174546 	0.0296504 	-0.00256281 	-1.27508 	0.00172917 	
2.095	0.400014 	-0.17457 	0.0296184 	-0.00392805 	-1.27488 	0.0027223 	
2.1	0.399964 	-0.174491 	0.029581 	0.000414155 	-1.2736 	-0.000176886 	
2.105	0.399948 	-0.174477 	0.0295438 	0.00114909 	-1.2729 	-0.000525614 	
2.11	0.399934 	-0.174469 	0.029505 	0.00151565 	-1.27221 	-0.000579564 	
2.115	0.399922 	-0.174466 	0.0294645 	0.00158919 	-1.27153 	-0.000399419 	
2.12	0.399985 	-0.174515 	0.0294294 	-0.000857195 	-1.27213 	0.000540347 	
2.125	0.400003 	-0.174537 	0.0293883 	-0.00201701 	-1.27192 	0.00126024 	
2.13	0.400016 	-0.174557 	0.0293452 	-0.00316232 	-1.27163 	0.00205758 	
2.135	0.399964 	-0.174494 	0.029296 	0.000256385 	-1.27017 	-4.44193e-05 	
2.14	0.39995 	-0.174484 	0.0292477 	0.000746366 	-1.26937 	-0.000184544 	
2.145	0.399939 	-0.174479 	0.0291981 	0.000920732 	-1.26861 	-7.53688e-05 	
2.15	0.399931 	-0.174479 	0.0291472 	0.000844298 	-1.26787 	0.000231518 	
2.155	0.399926 	-0.174483 	0.0290949 	0.000568702 	-1.26715 	0.000695077 	
2.16	0.399988 	-0.174513 	0.0290478 	-0.000684886 	-1.26757 	0.000282719 	
2.165	0.400009 	-0.17453 	0.0289951 	-0.0015399 	-1.26728 	0.000617739 	
2.17	0.400027 	-0.174548 	0.0289407 	-0.0024384 	-1.26693 	0.00110418 	
2.175	0.399962 	-0.174496 	0.0288781 	0.000141533 	-1.26511 	0.000119833 	
2.18	0.399947 	-0.174488 	0.0288182 	0.000429094 	-1.26416 	0.000258444 	
2.185	0.399938 	-0.174486 	0.0287574 	0.000447089 	-1.26327 	0.000585025 	
2.19	0.399932 	-0.174488 	0.0286955 	0.000251041 	-1.26244 	0.00106034 	
2.195	0.399984 	-0.17451 	0.0286378 	-0.000478723 	-1.26258 	0.000128648 	
2.2	0.400004 	-0.174523 	0.0285757 	-0.00111431 	-1.26215 	0.000278266 	
2.205	0.400022 	-0.174537 	0.0285122 	-0.00183368 	-1.26168 	0.000612763 	
2.21	0.399963 	-0.174498 	0.0284413 	2.30992e-05 	-1.25987 	0.000209991 	
2.215	0.399953 	-0.174494 	0.028373 	0.000124579 	-1.25889 	0.000493992 	
2.22	0.399947 	-0.174494 	0.028304 	-1.51036e-06 	-1.25797 	0.000932121 	
2.225	0.399946 	-0.174498 	0.0282341 	-0.000308214 	-1.25712 	0.0014921 	
2.23	0.399948 	-0.174505 	0.0281635 	-0.000758168 	-1.25632 	0.00214833 	
2.235	0.399983 	-0.174506 	0.0280952 	-0.000236263 	-1.25601 	-0.000206739 	
2.24	0.400001 	-0.174514 	0.028024 	-0.000512931 	-1.25544 	-0.000503067 	
2.245	0.400019 	-0.174524 	0.0279517 	-0.000941785 	-1.25486 	-0.000528747 	
2.25	0.399964 	-0.1745 	0.0278726 	-0.000129192 	-1.25304 	0.000415977 	
2.255	0.399957 	-0.174501 	0.0277963 	-0.00028451 	-1.25201 	0.00103979 	
2.26	0.399955 	-0.174504 	0.0277196 	-0.00060912 	-1.25107 	0.00174284 	
2.265	0.399957 	-0.174511 	0.0276423 	-0.00106813 	-1.25019 	0.00250827 	
2.27	0.399979 	-0.174504 	0.0275665 	-0.000104593 	-1.24957 	-0.000280109 	
2.275	0.399993 	-0.174508 	0.0274888 	-0.000222681 	-1.24886 	-0.000696435 	
2.28	0.400009 	-0.174516 	0.0274104 	-0.000520706 	-1.24818 	-0.000822098 	
2.285	0.399966 	-0.174502 	0.0273266 	-0.000205393 	-1.2465 	0.000460645 	
2.29	0.399963 	-0.174505 	0.0272452 	-0.000483685 	-1.24548 	0.00116179 	
2.295	0.399965 	-0.174511 	0.0271635 	-0.000901884 	-1.24455 	0.00192196 	
2.3	0.399972 	-0.174519 	0.0270815 	-0.00143112 	-1.24368 	0.00272847 	
2.305	0.399975 	-0.174502 	0.0269996 	1.5678e-06 	-1.24268 	-0.00034645 	
2.31	0.399985 	-0.174503 	0.026917 	3.02134e-05 	-1.24184 	-0.00085491 	
2.315	0.399998 	-0.174508 	0.0268341 	-0.00014634 	-1.24105 	-0.00105838 	
2.32	0.400014 	-0.174516 	0.0267507 	-0.000485307 	-1.2403 	-0.00101956 	
2.325	0.399964 	-0.174502 	0.0266623 	-0.000245815 	-1.23845 	0.000671042 	
2.33	0.399958 	-0.174505 	0.0265766 	-0.000555191 	-1.23736 	0.00156518 	
2.335	0.399959 	-0.174511 	0.026491 	-0.000991626 	-1.23636 	0.00247308 	
2.34	0.399976 	-0.174503 	0.0264068 	-0.000111007 	-1.23556 	-0.000159766 	
2.345	0.399989 	-0.174507 	0.0263217 	-0.000236913 	-1.23475 	-0.000483759 	
2.35	0.400005 	-0.174514 	0.0262363 	-0.000531552 	-1.23398 	-0.000545202 	
2.355	0.400023 	-0.174523 	0.0261509 	-0.000959675 	-1.23325 	-0.000398064 	
2.36	0.399961 	-0.1745 	0.0260603 	-0.000105612 	-1.23116 	0.000481589 	
2.365	0.399953 	-0.1745 	0.0259729 	-0.000224291 	-1.22998 	0.00112205 	
2.37	0.399952 	-0.174504 	0.0258858 	-0.000504903 	-1.22893 	0.00182373 	
2.375	0.399956 	-0.17451 	0.025799 	-0.000914231 	-1.22797 	0.00257357 	
2.38	0.39998 	-0.174504 	0.025714 	-0.00011854 	-1.22727 	-0.000335319 	
2.385	0.399997 	-0.174509 	0.0256281 	-0.000258283 	-1.22652 	-0.00082038 	
2.39	0.400016 	-0.174517 	0.0255423 	-0.000559468 	-1.2258 	-0.00101518 	
2.395	0.399965 	-0.174502 	0.0254527 	-0.000175484 	-1.2239 	0.000474754 	
2.4	0.399961 	-0.174505 	0.0253657 	-0.000409192 	-1.2228 	0.00120369 	
2.405	0.399963 	-0.17451 	0.0252792 	-0.000777345 	-1.22181 	0.0019717 	
2.41	0.39997 	-0.174518 	0.0251932 	-0.00125238 	-1.2209 	0.00277034 	
2.415	0.399976 	-0.174502 	0.0251083 	-1.94702e-05 	-1.21991 	-0.000385413 	
2.42	0.399987 	-0.174504 	0.0250233 	-2.20988e-05 	-1.21906 	-0.000945886 	
2.425	0.400002 	-0.174509 	0.0249387 	-0.000209672 	-1.21828 	-0.00120494 	
2.43	0.399968 	-0.174504 	0.0248519 	-0.000235168 	-1.21671 	0.00050363 	
2.435	0.399968 	-0.174509 	0.0247672 	-0.000568091 	-1.21571 	0.00128152 	
2.44	0.399973 	-0.174516 	0.0246832 	-0.00101166 	-1.21479 	0.00208479 	
2.445	0.399981 	-0.174525 	0.0245998 	-0.00154315 	-1.21395 	0.0029078 	
2.45	0.399972 	-0.1745 	0.0245171 	6.64726e-05 	-1.21273 	-0.000429306 	
2.455	0.399979 	-0.174499 	0.024435 	0.000182685 	-1.21183 	-0.00105054 	
2.46	0.399988 	-0.174502 	0.0243535 	9.3912e-05 	-1.211 	-0.00136193 	
2.465	0.4 	-0.174508 	0.0242726 	-0.000157146 	-1.21022 	-0.00142714 	
2.47	0.399967 	-0.174505 	0.0241904 	-0.000302884 	-1.20873 	0.000750222 	
2.475	0.399965 	-0.174511 	0.0241101 	-0.000692704 	-1.20776 	0.00175526 	
2.48	0.399968 	-0.174519 	0.0240308 	-0.00117648 	-1.20687 	0.00273492 	
2.485	0.399974 	-0.174502 	0.0239533 	-5.05189e-05 	-1.20596 	-0.000234384 	
2.49	0.399982 	-0.174504 	0.023876 	-8.1362e-05 	-1.20516 	-0.000677122 	
2.495	0.399993 	-0.174509 	0.0237995 	-0.000283078 	-1.20442 	-0.000850424 	
2.5	0.400005 	-0.174516 	0.0237239 	-0.000620148 	-1.20371 	-0.000809484 	
2.505	0.399965 	-0.174502 	0.0236475 	-0.000166274 	-1.20216 	0.000561804 	
2.51	0.39996 	-0.174505 	0.0235731 	-0.000370894 	-1.20119 	0.00131542 	
2.515	0.399959 	-0.174511 	0.0234998 	-0.000704299 	-1.20031 	0.00209171 	
2.52	0.399975 	-0.174503 	0.0234286 	-0.000132517 	-1.19967 	-0.00011976 	
2.525	0.399985 	-0.174508 	0.0233578 	-0.000300013 	-1.19897 	-0.000372289 	
2.53	0.399995 	-0.174515 	0.023288 	-0.000606901 	-1.1983 	-0.000397565 	
2.535	0.400006 	-0.174524 	0.0232192 	-0.00102424 	-1.19765 	-0.000242051 	
2.54	0.400017 	-0.174534 	0.0231515 	-0.00152903 	-1.19703 	5.7223e-05 	
2.545	0.39996 	-0.174497 	0.0230839 	0.00010181 	-1.19527 	0.000384964 	
2.55	0.399946 	-0.174493 	0.0230181 	0.000258612 	-1.19426 	0.000856799 	
2.555	0.399938 	-0.174492 	0.0229535 	0.000216607 	-1.19335 	0.00140536 	
2.56	0.399979 	-0.174507 	0.0228915 	-0.000298544 	-1.19326 	-6.34416e-06 	
2.565	0.399993 	-0.174517 	0.02283 	-0.000742216 	-1.19275 	-6.21601e-05 	
2.57	0.400005 	-0.174529 	0.0227696 	-0.00126612 	-1.19224 	6.60578e-05 	
2.575	0.400016 	-0.174541 	0.0227104 	-0.00185345 	-1.19172 	0.000340809 	
2.58	0.39996 	-0.174496 	0.0226523 	0.000179957 	-1.19008 	0.000239262 	
2.585	0.399946 	-0.174489 	0.0225957 	0.000452659 	-1.18916 	0.000547676 	
2.59	0.399935 	-0.174487 	0.0225404 	0.000505007 	-1.18831 	0.000963876 	
2.595	0.399979 	-0.174508 	0.0224875 	-0.000346694 	-1.1884 	7.87639e-05 	
2.6	0.399991 	-0.17452 	0.0224353 	-0.00087225 	-1.18797 	0.000158904 	
2.605	0.400001 	-0.174532 	0.0223845 	-0.00145896 	-1.18753 	0.000393198 	
2.61	0.400008 	-0.174546 	0.0223351 	-0.00209394 	-1.18707 	0.000750224 	
2.615	0.40004 	-0.17452 	0.022475 	-0.000572289 	-1.18614 	0.00062768 	
2.62	0.400009 	-0.174506 	0.0222676 	-0.000973209 	-1.18575 	0.0012859 	
2.625	0.400017 	-0.174533 	0.0222459 	-0.00154931 	-1.18543 	0.00195922 	
2.63	0.400038 	-0.174536 	0.0222387 	-0.0023088 	-1.18517 	0.00258634 	
2.635	0.400064 	-0.174568 	0.0221838 	-0.00343794 	-1.18502 	0.00350502 	
2.64	0.400008 	-0.174509 	0.0221595 	-4.89556e-05 	-1.18331 	-0.000203883 	
2.645	0.399997 	-0.174502 	0.022122 	0.000327564 	-1.18284 	-0.000741021 	
2.65	0.400003 	-0.174491 	0.0220852 	0.000471923 	-1.18252 	-0.00100636 	
2.655	0.398512 	-0.1765 	0.0777471 	0.000494727 	-1.18233 	-0.00112415 	
2.66	0.398536 	-0.176494 	0.0777068 	0.000282021 	-1.18237 	-0.000924376 	
2.665	0.398541 	-0.176483 	0.0776872 	-0.000148907 	-1.18244 	-0.00072362 	
2.67	0.398548 	-0.176456 	0.077665 	-0.000828499 	-1.18262 	-0.000245333 	
2.675	0.398546 	-0.17644 	0.0776435 	-0.00166805 	-1.18287 	0.000352105 	
2.68	0.398534 	-0.176427 	0.0776311 	-0.00202777 	-1.18313 	0.000666028 	
2.685	0.398521 	-0.176412 	0.0776222 	-0.00221413 	-1.18344 	0.000896953 	
2.69	0.398505 	-0.176402 	0.0776153 	-0.00233768 	-1.18378 	0.00106719 	
2.695	0.398487 	-0.176395 	0.0776099 	-0.00242985 	-1.18416 	0.00119646 	
2.7	0.398468 	-0.176391 	0.0776056 	-0.0025002 	-1.18456 	0.00129236 	
2.705	0.398448 	-0.176388 	0.0776024 	-0.0025538 	-1.18498 	0.0013592 	
2.71	0.398427 	-0.176386 	0.0776001 	-0.0025954 	-1.18542 	0.00140312 	
2.715	0.398405 	-0.176385 	0.0775986 	-0.00262854 	-1.18587 	0.00143123 	
2.72	0.398383 	-0.176384 	0.0775978 	-0.0026559 	-1.18633 	0.00145012 	
2.725	0.398361 	-0.176384 	0.0775975 	-0.002679 	-1.1868 	0.00146384 	
2.73	0.398339 	-0.176385 	0.0775977 	-0.00269912 	-1.18728 	0.00147453 	
2.735	0.398317 	-0.176385 	0.0775983 	-0.00271732 	-1.18776 	0.00148324 	
2.74	0.398295 	-0.176386 	0.0775985 	-0.00277092 	-1.18825 	0.00149181 	
2.745	0.398273 	-0.176387 	0.0775984 	-0.00285113 	-1.18875 	0.00149855 	
2.75	0.398252 	-0.176388 	0.077598 	-0.00295382 	-1.18925 	0.00150561 	
2.755	0.39823 	-0.176389 	0.0775974 	-0.00307655 	-1.18976 	0.0015147 	
2.76	0.39821 	-0.17639 	0.0775966 	-0.00321757 	-1.19027 	0.00152716 	
2.765	0.398189 	-0.17639 	0.0775957 	-0.00337317 	-1.19079 	0.00154311 	
2.77	0.398168 	-0.176391 	0.0775948 	-0.0035352 	-1.19131 	0.00155962 	
2.775	0.398147 	-0.176391 	0.0775939 	-0.00370472 	-1.19183 	0.00157904 	
2.78	0.398127 	-0.176392 	0.077593 	-0.00388117 	-1.19235 	0.00160146 	
2.785	0.398106 	-0.176392 	0.077592 	-0.00406401 	-1.19287 	0.00162706 	
2.79	0.398085 	-0.176393 	0.077591 	-0.00425274 	-1.19339 	0.00165592 	
2.795	0.398065 	-0.176393 	0.07759 	-0.00444704 	-1.19391 	0.00168816 	
2.8	0.398044 	-0.176394 	0.0775889 	-0.00464594 	-1.19443 	0.00172354 	
2.805	0.398024 	-0.176394 	0.0775878 	-0.00485016 	-1.19496 	0.00176268 	
2.81	0.398003 	-0.176395 	0.0775866 	-0.00505935 	-1.19548 	0.00180553 	
2.815	0.397983 	-0.176395 	0.0775854 	-0.00527326 	-1.19601 	0.00185214 	
2.82	0.397962 	-0.176396 	0.0775842 	-0.00549165 	-1.19653 	0.00190246 	
2.825	0.397942 	-0.176396 	0.0775829 	-0.00571429 	-1.19706 	0.00195649 	
2.83	0.39792 	-0.176402 	0.0775772 	-0.00572159 	-1.1976 	0.00184527 	
2.835	0.397899 	-0.176414 	0.0775658 	-0.00533405 	-1.19816 	0.00143138 	
2.84	0.397883 	-0.17642 	0.0775601 	-0.0049524 	-1.19876 	0.00104147 	
2.845	0.397871 	-0.176421 	0.0775538 	-0.00486259 	-1.19937 	0.000904489 	
2.85	0.397858 	-0.176421 	0.0775453 	-0.00496594 	-1.19998 	0.000930414 	
2.855	0.397844 	-0.176426 	0.0775343 	-0.00501342 	-1.2006 	0.000912094 	
2.86	0.397826 	-0.176438 	0.0775197 	-0.00460044 	-1.20121 	0.000518757 	
2.865	0.397801 	-0.176464 	0.0775077 	-0.00374093 	-1.20177 	-0.000166107 	
2.87	0.397777 	-0.176492 	0.0774921 	-0.0026183 	-1.20235 	-0.00106963 	
2.875	0.397761 	-0.176522 	0.0774902 	-0.00133678 	-1.20298 	-0.00212297 	
2.88	0.397749 	-0.176541 	0.0774822 	-0.000667765 	-1.2036 	-0.00266678 	
2.885	0.397738 	-0.176557 	0.0774756 	-0.000491421 	-1.20423 	-0.00283018 	
2.89	0.397717 	-0.176575 	0.0774478 	-0.000889086 	-1.20479 	-0.00249758 	
2.895	0.397697 	-0.176592 	0.0774202 	-0.000650307 	-1.20539 	-0.0027245 	
2.9	0.397676 	-0.17661 	0.0773967 	9.72375e-05 	-1.20601 	-0.00337196 	
2.905	0.397658 	-0.176627 	0.0773746 	0.000767175 	-1.20664 	-0.00394426 	
2.91	0.397627 	-0.176645 	0.0773629 	0.00143928 	-1.20717 	-0.00461743 	
2.915	0.397601 	-0.176652 	0.0773454 	0.00190863 	-1.20772 	-0.00508805 	
2.92	0.39757 	-0.176662 	0.0773303 	0.00217987 	-1.20824 	-0.00538956 	
2.925	0.397542 	-0.176661 	0.0773199 	0.00213645 	-1.20876 	-0.00540964 	
2.93	0.397511 	-0.176664 	0.0773085 	0.00214385 	-1.20928 	-0.00547033 	
2.935	0.397481 	-0.176664 	0.0772977 	0.00217501 	-1.2098 	-0.00553456 	
2.94	0.397452 	-0.176664 	0.0772875 	0.00221425 	-1.21033 	-0.0055975 	
2.945	0.397422 	-0.176664 	0.0772769 	0.00223348 	-1.21086 	-0.00565531 	
2.95	0.397392 	-0.176664 	0.0772682 	0.00222052 	-1.21139 	-0.0056818 	
2.955	0.397363 	-0.176667 	0.0772615 	0.00232527 	-1.21193 	-0.00579226 	
2.96	0.397334 	-0.17667 	0.0772557 	0.00250467 	-1.21246 	-0.00595767 	
2.965	0.397306 	-0.176672 	0.0772497 	0.00258849 	-1.213 	-0.00601772 	
2.97	0.397277 	-0.176676 	0.0772439 	0.00264905 	-1.21354 	-0.00606045 	
2.975	0.397249 	-0.176678 	0.0772376 	0.00265224 	-1.21408 	-0.00607188 	
2.98	0.397221 	-0.176683 	0.0772303 	0.00271548 	-1.21463 	-0.0061363 	
2.985	0.397195 	-0.176675 	0.0772221 	0.00243392 	-1.21517 	-0.00596233 	
2.99	0.397166 	-0.176675 	0.0772173 	0.00236118 	-1.2157 	-0.00591711 	
2.995	0.397139 	-0.176671 	0.0772136 	0.00229706 	-1.21623 	-0.00585407 	
3	0.397113 	-0.176665 	0.0772085 	0.00204731 	-1.21676 	-0.00567395 	
3.005	0.397086 	-0.17666 	0.077203 	0.00174584 	-1.21729 	-0.00546814 	
3.01	0.39706 	-0.176654 	0.0771976 	0.00144137 	-1.21782 	-0.00526004 	
3.015	0.397036 	-0.176645 	0.0771905 	0.00104867 	-1.21837 	-0.00502907 	
3.02	0.397013 	-0.176634 	0.0771817 	0.00055893 	-1.21893 	-0.00476269 	
3.025	0.396989 	-0.176621 	0.0771722 	1.67027e-05 	-1.21948 	-0.00447457 	
3.03	0.396967 	-0.176608 	0.0771626 	-0.000545295 	-1.22005 	-0.00417597 	
3.035	0.396944 	-0.176596 	0.0771535 	-0.00103359 	-1.22061 	-0.00392579 	
3.04	0.396921 	-0.176585 	0.0771449 	-0.00146342 	-1.22117 	-0.00371205 	
3.045	0.396897 	-0.17658 	0.0771373 	-0.00173488 	-1.22174 	-0.0036201 	
3.05	0.396872 	-0.176577 	0.0771303 	-0.00186488 	-1.2223 	-0.00363639 	
3.055	0.396848 	-0.176574 	0.0771236 	-0.00195442 	-1.22286 	-0.00368685 	
3.06	0.396822 	-0.176573 	0.0771172 	-0.00203216 	-1.22342 	-0.00375361 	
3.065	0.396797 	-0.176572 	0.0771109 	-0.00209163 	-1.22398 	-0.00383525 	
3.07	0.396771 	-0.176571 	0.0771049 	-0.00214686 	-1.22454 	-0.00392313 	
3.075	0.396745 	-0.176571 	0.0770992 	-0.00220747 	-1.2251 	-0.00401024 	
3.08	0.396719 	-0.176567 	0.0770934 	-0.00235793 	-1.22565 	-0.00399938 	
3.085	0.396693 	-0.176565 	0.077088 	-0.00247551 	-1.22619 	-0.00399958 	
3.09	0.396666 	-0.17656 	0.0770825 	-0.00265173 	-1.22674 	-0.00394283 	
3.095	0.39664 	-0.176555 	0.077077 	-0.00286047 	-1.22728 	-0.00385553 	
3.1	0.396613 	-0.176548 	0.077072 	-0.00313341 	-1.22782 	-0.0036741 	
3.105	0.396585 	-0.176546 	0.0770674 	-0.00325463 	-1.22836 	-0.00358925 	
3.11	0.396558 	-0.176544 	0.077063 	-0.00331289 	-1.2289 	-0.00354329 	
3.115	0.39653 	-0.176542 	0.0770586 	-0.00337064 	-1.22944 	-0.00351137 	
3.12	0.396502 	-0.17654 	0.0770543 	-0.00344278 	-1.22999 	-0.00348151 	
3.125	0.396474 	-0.176538 	0.07705 	-0.003523 	-1.23053 	-0.00344827 	
3.13	0.396446 	-0.176537 	0.0770458 	-0.00360548 	-1.23107 	-0.00341412 	
3.135	0.396418 	-0.176536 	0.0770414 	-0.00368879 	-1.23161 	-0.00337951 	
3.14	0.396389 	-0.176536 	0.0770366 	-0.00370177 	-1.23216 	-0.00338624 	
3.145	0.396361 	-0.176533 	0.0770316 	-0.00382185 	-1.2327 	-0.00331569 	
3.15	0.396332 	-0.176531 	0.0770265 	-0.003957 	-1.23325 	-0.00323517 	
3.155	0.396304 	-0.176526 	0.077021 	-0.00418611 	-1.23379 	-0.00308759 	
3.16	0.396275 	-0.17652 	0.0770156 	-0.00446702 	-1.23433 	-0.00290402 	
3.165	0.396246 	-0.176519 	0.0770088 	-0.00460552 	-1.23488 	-0.00280773 	
3.17	0.396218 	-0.176518 	0.077002 	-0.00462766 	-1.23544 	-0.00279414 	
3.175	0.39619 	-0.176518 	0.0769954 	-0.004616 	-1.236 	-0.0028085 	
3.18	0.39616 	-0.176518 	0.0769891 	-0.00460577 	-1.23655 	-0.0028418 	
3.185	0.396131 	-0.176518 	0.0769829 	-0.0046005 	-1.2371 	-0.00287868 	
3.19	0.396101 	-0.176517 	0.0769769 	-0.00463613 	-1.23765 	-0.00287483 	
3.195	0.396071 	-0.176517 	0.076971 	-0.00469429 	-1.2382 	-0.00284699 	
3.2	0.396042 	-0.176512 	0.0769651 	-0.00484661 	-1.23874 	-0.0027303 	
3.205	0.396012 	-0.176507 	0.0769591 	-0.00507193 	-1.23928 	-0.00254353 	
3.21	0.395983 	-0.176503 	0.0769535 	-0.00525725 	-1.23983 	-0.00243091 	
3.215	0.395954 	-0.176497 	0.076948 	-0.00545053 	-1.24038 	-0.00232536 	
3.22	0.395925 	-0.176491 	0.0769426 	-0.00566054 	-1.24093 	-0.00221377 	
3.225	0.395896 	-0.176485 	0.0769371 	-0.00588595 	-1.24147 	-0.00209384 	
3.23	0.395867 	-0.176483 	0.0769322 	-0.00595359 	-1.24202 	-0.00207935 	
3.235	0.395838 	-0.17648 	0.0769274 	-0.00598179 	-1.24257 	-0.00208685 	
3.24	0.395808 	-0.176476 	0.0769225 	-0.00604822 	-1.24312 	-0.00207232 	
3.245	0.395779 	-0.176474 	0.0769175 	-0.00611737 	-1.24367 	-0.00205861 	
3.25	0.395749 	-0.176472 	0.0769126 	-0.00617807 	-1.24422 	-0.00205037 	
3.255	0.39572 	-0.176471 	0.0769077 	-0.00622041 	-1.24477 	-0.00205383 	
3.26	0.39569 	-0.176473 	0.0769019 	-0.00602727 	-1.24532 	-0.00225013 	
3.265	0.39566 	-0.176475 	0.076896 	-0.00579905 	-1.24588 	-0.00247324 	
3.27	0.395629 	-0.176483 	0.0768887 	-0.00540828 	-1.24644 	-0.00283532 	
3.275	0.395597 	-0.176495 	0.0768801 	-0.00486842 	-1.24701 	-0.0033324 	
3.28	0.395565 	-0.176506 	0.0768713 	-0.00429787 	-1.24758 	-0.00385361 	
3.285	0.395533 	-0.176517 	0.0768623 	-0.00376024 	-1.24815 	-0.0043553 	
3.29	0.3955 	-0.176528 	0.0768533 	-0.00326978 	-1.24872 	-0.00482014 	
3.295	0.395467 	-0.176537 	0.0768443 	-0.00282907 	-1.24929 	-0.00524322 	
3.3	0.395434 	-0.176542 	0.0768347 	-0.00256657 	-1.24986 	-0.00553484 	
3.305	0.395401 	-0.176548 	0.0768251 	-0.00232284 	-1.25043 	-0.00579563 	
3.31	0.395368 	-0.176552 	0.0768168 	-0.00212325 	-1.25101 	-0.00599538 	
3.315	0.395335 	-0.176554 	0.076809 	-0.00201903 	-1.25158 	-0.00612394 	
3.32	0.395302 	-0.176557 	0.0768011 	-0.00187554 	-1.25215 	-0.00626446 	
3.325	0.395269 	-0.176561 	0.0767931 	-0.00166161 	-1.25273 	-0.00647335 	
3.33	0.395237 	-0.17656 	0.0767858 	-0.00158805 	-1.25329 	-0.0065706 	
3.335	0.395204 	-0.176559 	0.0767787 	-0.00160778 	-1.25386 	-0.00659836 	
3.34	0.395172 	-0.176556 	0.0767714 	-0.00169736 	-1.25443 	-0.00657502 	
3.345	0.39514 	-0.176553 	0.0767641 	-0.00182097 	-1.25499 	-0.00652997 	
3.35	0.395108 	-0.176552 	0.0767572 	-0.00186274 	-1.25556 	-0.00654747 	
3.355	0.395076 	-0.17655 	0.0767503 	-0.00193391 	-1.25613 	-0.00651329 	
3.36	0.395044 	-0.17655 	0.0767436 	-0.00197872 	-1.25669 	-0.00649399 	
3.365	0.395012 	-0.17655 	0.0767368 	-0.00195825 	-1.25726 	-0.00653291 	
3.37	0.394981 	-0.176551 	0.07673 	-0.00192281 	-1.25783 	-0.00659932 	
3.375	0.394949 	-0.176552 	0.0767231 	-0.00188447 	-1.2584 	-0.00668521 	
3.38	0.394918 	-0.176552 	0.0767161 	-0.001846 	-1.25898 	-0.00678645 	
3.385	0.394887 	-0.176551 	0.0767099 	-0.00181945 	-1.25955 	-0.00687536 	
3.39	0.394855 	-0.176548 	0.0767036 	-0.00188659 	-1.26011 	-0.00683664 	
3.395	0.394823 	-0.176544 	0.076697 	-0.00199577 	-1.26067 	-0.00674266 	
3.4	0.394791 	-0.176542 	0.0766901 	-0.00197776 	-1.26124 	-0.00676694 	
3.405	0.39476 	-0.176537 	0.0766834 	-0.00203904 	-1.2618 	-0.00670336 	
3.41	0.394727 	-0.176533 	0.0766746 	-0.00209239 	-1.26236 	-0.00670273 	
3.415	0.394696 	-0.176526 	0.0766665 	-0.00222682 	-1.26292 	-0.00660106 	
3.42	0.394664 	-0.17652 	0.0766586 	-0.00241001 	-1.26348 	-0.00644449 	
3.425	0.394632 	-0.176514 	0.0766507 	-0.00261629 	-1.26404 	-0.00626017 	
3.43	0.394599 	-0.17651 	0.0766436 	-0.0026898 	-1.26461 	-0.00618709 	
3.435	0.394567 	-0.176507 	0.0766365 	-0.00270817 	-1.26518 	-0.00615924 	
3.44	0.394535 	-0.176504 	0.0766293 	-0.00271397 	-1.26575 	-0.0061458 	
3.445	0.394503 	-0.176502 	0.076622 	-0.00271295 	-1.26631 	-0.00614066 	
3.45	0.39447 	-0.176498 	0.0766142 	-0.00282721 	-1.26688 	-0.0060442 	
3.455	0.394437 	-0.176496 	0.0766067 	-0.00292842 	-1.26744 	-0.00592623 	
3.46	0.394404 	-0.176497 	0.0765985 	-0.00288315 	-1.26801 	-0.00594906 	
3.465	0.394372 	-0.176494 	0.07659 	-0.0029253 	-1.26858 	-0.00590814 	
3.47	0.394339 	-0.17649 	0.0765814 	-0.0030723 	-1.26915 	-0.00576837 	
3.475	0.394306 	-0.176486 	0.0765731 	-0.00324609 	-1.26971 	-0.00557325 	
3.48	0.394273 	-0.17648 	0.0765649 	-0.00345031 	-1.27027 	-0.00533857 	
3.485	0.39424 	-0.176475 	0.0765566 	-0.0036648 	-1.27083 	-0.00511479 	
3.49	0.394207 	-0.176471 	0.0765483 	-0.00384937 	-1.2714 	-0.00493203 	
3.495	0.394174 	-0.176466 	0.0765399 	-0.00399724 	-1.27197 	-0.00479286 	
3.5	0.39414 	-0.17647 	0.0765308 	-0.00385253 	-1.27255 	-0.00493909 	
3.505	0.394106 	-0.176474 	0.0765211 	-0.00359179 	-1.27313 	-0.00519043 	
3.51	0.394072 	-0.176479 	0.0765113 	-0.00329808 	-1.27371 	-0.00548184 	
3.515	0.394037 	-0.176489 	0.0765009 	-0.00288174 	-1.27429 	-0.0059073 	
3.52	0.394003 	-0.176491 	0.0764917 	-0.00271737 	-1.27487 	-0.00608732 	
3.525	0.393969 	-0.176493 	0.0764827 	-0.00266232 	-1.27544 	-0.00617403 	
3.53	0.393934 	-0.176493 	0.0764737 	-0.00268262 	-1.27602 	-0.00618716 	
3.535	0.393901 	-0.176492 	0.0764656 	-0.00274858 	-1.27659 	-0.0061456 	
3.54	0.393867 	-0.176492 	0.0764573 	-0.00280291 	-1.27717 	-0.00611838 	
3.545	0.393834 	-0.176491 	0.076449 	-0.00285345 	-1.27774 	-0.00609246 	
3.55	0.393802 	-0.176488 	0.0764416 	-0.00300597 	-1.27832 	-0.00596099 	
3.555	0.39377 	-0.176486 	0.0764348 	-0.00319688 	-1.27889 	-0.00579448 	
3.56	0.393738 	-0.176484 	0.0764285 	-0.0033975 	-1.27945 	-0.00561758 	
3.565	0.393706 	-0.176481 	0.0764216 	-0.00353082 	-1.28002 	-0.00551513 	
3.57	0.393676 	-0.176477 	0.0764151 	-0.00374604 	-1.28059 	-0.00534967 	
3.575	0.393644 	-0.176473 	0.0764082 	-0.00396788 	-1.28114 	-0.00514087 	
3.58	0.393613 	-0.17647 	0.0764012 	-0.00415458 	-1.2817 	-0.00496822 	
3.585	0.393583 	-0.176467 	0.0763953 	-0.00430056 	-1.28227 	-0.0048538 	
3.59	0.393552 	-0.176464 	0.0763897 	-0.00442142 	-1.28283 	-0.00475735 	
3.595	0.393522 	-0.176462 	0.0763842 	-0.00453283 	-1.2834 	-0.0046694 	
3.6	0.393491 	-0.176459 	0.0763786 	-0.00464129 	-1.28396 	-0.00458424 	
3.605	0.393461 	-0.176456 	0.0763729 	-0.00474899 	-1.28452 	-0.00449951 	
3.61	0.39343 	-0.176454 	0.0763669 	-0.00484478 	-1.28508 	-0.00442776 	
3.615	0.3934 	-0.176451 	0.0763609 	-0.00494746 	-1.28564 	-0.00434833 	
3.62	0.393369 	-0.176448 	0.0763542 	-0.00500288 	-1.28621 	-0.00430967 	
3.625	0.393338 	-0.176443 	0.0763467 	-0.00517994 	-1.28677 	-0.00412035 	
3.63	0.393307 	-0.176438 	0.0763388 	-0.00541801 	-1.28732 	-0.0038665 	
3.635	0.393275 	-0.176435 	0.0763311 	-0.00560836 	-1.28788 	-0.00366456 	
3.64	0.393243 	-0.176431 	0.0763231 	-0.00570814 	-1.28845 	-0.00356546 	
3.645	0.393211 	-0.176429 	0.0763146 	-0.00575365 	-1.28902 	-0.00352201 	
3.65	0.393178 	-0.176427 	0.0763056 	-0.00577689 	-1.28959 	-0.00349896 	
3.655	0.393145 	-0.176426 	0.0762962 	-0.00580477 	-1.29017 	-0.00347981 	
3.66	0.393111 	-0.176424 	0.0762864 	-0.00584577 	-1.29075 	-0.00348447 	
3.665	0.393078 	-0.176422 	0.0762765 	-0.00589782 	-1.29133 	-0.00349797 	
3.67	0.393061 	-0.176422 	0.0762866 	-0.00601972 	-1.29189 	-0.00340371 	
3.675	0.393048 	-0.176427 	0.0763034 	-0.00612972 	-1.29242 	-0.00330959 	
3.68	0.393037 	-0.176427 	0.0763174 	-0.00628081 	-1.29293 	-0.00318785 	
3.685	0.393024 	-0.176425 	0.0763288 	-0.00646818 	-1.29343 	-0.00302915 	
3.69	0.393011 	-0.176423 	0.0763386 	-0.00663961 	-1.29391 	-0.00289351 	
3.695	0.392996 	-0.17642 	0.0763463 	-0.00673666 	-1.29439 	-0.00279337 	
3.7	0.39298 	-0.176415 	0.076351 	-0.00692147 	-1.29487 	-0.00259587 	
3.705	0.392961 	-0.17641 	0.0763529 	-0.00718842 	-1.29534 	-0.00232155 	
3.71	0.39294 	-0.176403 	0.0763524 	-0.00751744 	-1.29582 	-0.00198148 	
3.715	0.392917 	-0.176395 	0.0763501 	-0.00787622 	-1.2963 	-0.00160824 	
3.72	0.392892 	-0.176386 	0.0763461 	-0.00825239 	-1.29679 	-0.00121584 	
3.725	0.392866 	-0.176375 	0.0763404 	-0.00871029 	-1.29729 	-0.000758102 	
3.73	0.392839 	-0.176363 	0.0763332 	-0.00925732 	-1.2978 	-0.000221011 	
3.735	0.39281 	-0.176361 	0.0763268 	-0.00974615 	-1.29833 	0.000233757 	
3.74	0.392781 	-0.176356 	0.0763193 	-0.0101881 	-1.29886 	0.000646323 	
3.745	0.39275 	-0.176351 	0.0763109 	-0.010607 	-1.2994 	0.00103772 	
3.75	0.392718 	-0.176344 	0.0763015 	-0.0110824 	-1.29994 	0.00149051 	
3.755	0.392686 	-0.176335 	0.0762912 	-0.0116219 	-1.30049 	0.0020113 	
3.76	0.392652 	-0.176329 	0.0762808 	-0.0120312 	-1.30105 	0.00243493 	
3.765	0.392619 	-0.176322 	0.0762701 	-0.0123721 	-1.30161 	0.00279873 	
3.77	0.392585 	-0.176319 	0.0762609 	-0.0124882 	-1.30219 	0.00292402 	
3.775	0.392551 	-0.176316 	0.0762518 	-0.0125126 	-1.30277 	0.0029545 	
3.78	0.392517 	-0.176315 	0.0762427 	-0.0125109 	-1.30335 	0.00295236 	
3.785	0.392483 	-0.176312 	0.0762331 	-0.0125784 	-1.30393 	0.00299711 	
3.79	0.392449 	-0.176311 	0.0762242 	-0.0126668 	-1.30451 	0.00305639 	
3.795	0.392436 	-0.176311 	0.0762345 	-0.0127781 	-1.30499 	0.00317208 	
3.8	0.392418 	-0.176322 	0.0762433 	-0.0128019 	-1.30548 	0.00316747 	
3.805	0.3924 	-0.176321 	0.0762487 	-0.0129231 	-1.30596 	0.00329726 	
3.81	0.392381 	-0.176318 	0.0762511 	-0.0131325 	-1.30644 	0.00351448 	
3.815	0.39236 	-0.176313 	0.0762508 	-0.0133863 	-1.30691 	0.00379146 	
3.82	0.392337 	-0.176306 	0.0762488 	-0.0136478 	-1.30739 	0.00409578 	
3.825	0.392312 	-0.176299 	0.0762453 	-0.0138905 	-1.30788 	0.00439408 	
3.83	0.392286 	-0.176292 	0.0762405 	-0.0141355 	-1.30838 	0.0047 	
3.835	0.392259 	-0.176286 	0.0762346 	-0.0143867 	-1.30888 	0.00501384 	
3.84	0.39223 	-0.176277 	0.0762272 	-0.0147668 	-1.30939 	0.00543633 	
3.845	0.3922 	-0.176268 	0.0762186 	-0.0152019 	-1.30992 	0.00590706 	
3.85	0.39217 	-0.176256 	0.0762087 	-0.0157623 	-1.31044 	0.00648192 	
3.855	0.392137 	-0.176249 	0.0761987 	-0.0160969 	-1.31099 	0.00682319 	
3.86	0.392105 	-0.176242 	0.0761884 	-0.0162809 	-1.31155 	0.00703031 	
3.865	0.392072 	-0.176236 	0.0761774 	-0.0165145 	-1.31211 	0.0072795 	
3.87	0.392037 	-0.176232 	0.0761661 	-0.0166185 	-1.31269 	0.00739047 	
3.875	0.392002 	-0.17623 	0.0761547 	-0.0165904 	-1.31327 	0.0073753 	
3.88	0.391967 	-0.176229 	0.0761431 	-0.0165388 	-1.31386 	0.00732218 	
3.885	0.391931 	-0.176229 	0.0761312 	-0.0164662 	-1.31445 	0.00724175 	
3.89	0.391895 	-0.176228 	0.0761199 	-0.0164434 	-1.31504 	0.00721432 	
3.895	0.391858 	-0.176228 	0.0761087 	-0.0164582 	-1.31564 	0.00722666 	
3.9	0.391822 	-0.176227 	0.0760973 	-0.0164841 	-1.31623 	0.00725033 	
3.905	0.391784 	-0.176228 	0.0760853 	-0.0164447 	-1.31683 	0.00720719 	
3.91	0.391747 	-0.176228 	0.076073 	-0.016385 	-1.31743 	0.00714431 	
3.915	0.391714 	-0.176227 	0.0760638 	-0.0164309 	-1.31802 	0.0072109 	
3.92	0.391681 	-0.176226 	0.076055 	-0.0166768 	-1.31858 	0.00747956 	
3.925	0.39165 	-0.176228 	0.0760491 	-0.0168267 	-1.31913 	0.00765124 	
3.93	0.391623 	-0.176228 	0.0760453 	-0.0169495 	-1.31967 	0.00779939 	
3.935	0.391597 	-0.176228 	0.0760432 	-0.0170634 	-1.3202 	0.00793702 	
3.94	0.391573 	-0.17623 	0.0760432 	-0.0171523 	-1.32072 	0.0080583 	
3.945	0.391552 	-0.176231 	0.0760448 	-0.0172334 	-1.32123 	0.00817266 	
3.95	0.391532 	-0.176234 	0.0760477 	-0.0173111 	-1.32173 	0.0082821 	
3.955	0.391511 	-0.176233 	0.0760483 	-0.017542 	-1.32221 	0.0085365 	
3.96	0.391488 	-0.176232 	0.0760463 	-0.0178152 	-1.32269 	0.00881442 	
3.965	0.391463 	-0.176229 	0.0760422 	-0.0181054 	-1.32319 	0.00911079 	
3.97	0.391436 	-0.176225 	0.0760365 	-0.0183993 	-1.3237 	0.00941019 	
3.975	0.391408 	-0.17622 	0.0760294 	-0.0186966 	-1.32421 	0.00971294 	
3.98	0.391378 	-0.176219 	0.0760223 	-0.0187992 	-1.32475 	0.00981599 	
3.985	0.391351 	-0.176216 	0.0760178 	-0.0188941 	-1.32528 	0.00994808 	
3.99	0.391322 	-0.176215 	0.0760123 	-0.0189467 	-1.32583 	0.010006 	
3.995	0.391296 	-0.176214 	0.076009 	-0.0190297 	-1.32636 	0.0101244 	
4	0.391267 	-0.176215 	0.0760044 	-0.0190798 	-1.32691 	0.0101781 	
4.005	0.391238 	-0.176214 	0.0759986 	-0.0191222 	-1.32745 	0.0102207 	
4.01	0.391208 	-0.176214 	0.0759921 	-0.0191637 	-1.32799 	0.0102768 	
4.015	0.391181 	-0.176215 	0.0759882 	-0.0192132 	-1.32852 	0.0103479 	
4.02	0.391159 	-0.176218 	0.0759887 	-0.0192518 	-1.32903 	0.0103982 	
4.025	0.391137 	-0.176222 	0.0759908 	-0.0192776 	-1.32953 	0.0104117 	
4.03	0.391121 	-0.176225 	0.075997 	-0.0193365 	-1.33 	0.010485 	
4.035	0.391107 	-0.17623 	0.0760057 	-0.0193846 	-1.33046 	0.0105269 	
4.04	0.391092 	-0.176233 	0.0760128 	-0.0194461 	-1.33092 	0.010576 	
4.045	0.391076 	-0.176234 	0.0760184 	-0.0195284 	-1.33138 	0.0106558 	
4.05	0.391059 	-0.176235 	0.0760228 	-0.0196196 	-1.33184 	0.0107477 	
4.055	0.391041 	-0.176236 	0.0760255 	-0.0196224 	-1.33231 	0.0107697 	
4.06	0.391022 	-0.176238 	0.0760268 	-0.0196016 	-1.33278 	0.0107715 	
4.065	0.391002 	-0.176239 	0.0760271 	-0.0195742 	-1.33326 	0.0107684 	
4.07	0.39098 	-0.176241 	0.0760265 	-0.0195444 	-1.33375 	0.0107632 	
4.075	0.390962 	-0.176242 	0.0760291 	-0.0195742 	-1.33423 	0.0108206 	
4.08	0.390946 	-0.176245 	0.0760347 	-0.0196154 	-1.3347 	0.0108848 	
4.085	0.390927 	-0.176249 	0.0760382 	-0.0196072 	-1.33517 	0.0108966 	
4.09	0.390909 	-0.17625 	0.0760407 	-0.0196173 	-1.33565 	0.01093 	
4.095	0.390889 	-0.176252 	0.076042 	-0.0196501 	-1.33613 	0.0109853 	
4.1	0.390868 	-0.176253 	0.0760423 	-0.0196889 	-1.33661 	0.0110471 	
4.105	0.390846 	-0.176253 	0.0760415 	-0.0197558 	-1.3371 	0.0111386 	
4.11	0.390823 	-0.176253 	0.07604 	-0.0198306 	-1.33759 	0.0112383 	
4.115	0.3908 	-0.176253 	0.0760377 	-0.0199077 	-1.3381 	0.0113372 	
4.12	0.390775 	-0.176253 	0.0760346 	-0.0199939 	-1.3386 	0.0114449 	
4.125	0.390749 	-0.176252 	0.0760309 	-0.0201256 	-1.33912 	0.0115952 	
4.13	0.390723 	-0.17625 	0.0760273 	-0.0203066 	-1.33963 	0.0117891 	
4.135	0.390696 	-0.176249 	0.0760228 	-0.0204349 	-1.34016 	0.0119317 	
4.14	0.390668 	-0.176248 	0.0760176 	-0.0205171 	-1.34069 	0.0120408 	
4.145	0.390639 	-0.176248 	0.0760107 	-0.0205531 	-1.34122 	0.0121044 	
4.15	0.390609 	-0.176248 	0.0760031 	-0.0205805 	-1.34176 	0.0121629 	
4.155	0.390578 	-0.176248 	0.075995 	-0.0205906 	-1.34231 	0.0121983 	
4.16	0.390547 	-0.176247 	0.0759865 	-0.0206199 	-1.34287 	0.0122536 	
4.165	0.390515 	-0.176246 	0.0759776 	-0.0206575 	-1.34343 	0.0123168 	
4.17	0.390483 	-0.176245 	0.0759684 	-0.0206902 	-1.34399 	0.0123737 	
4.175	0.39045 	-0.176244 	0.0759591 	-0.0207389 	-1.34456 	0.0124429 	
4.18	0.390417 	-0.176243 	0.0759496 	-0.0207884 	-1.34513 	0.0125102 	
4.185	0.390384 	-0.17624 	0.0759399 	-0.0209617 	-1.3457 	0.0127089 	
4.19	0.390351 	-0.176239 	0.0759312 	-0.0211236 	-1.34627 	0.0128766 	
4.195	0.390319 	-0.176237 	0.0759226 	-0.0212878 	-1.34684 	0.0130561 	
4.2	0.390287 	-0.176236 	0.0759142 	-0.021419 	-1.3474 	0.0132186 	
4.205	0.390263 	-0.176236 	0.0759143 	-0.0215544 	-1.34793 	0.0133725 	
4.21	0.390238 	-0.176238 	0.0759135 	-0.0216816 	-1.34845 	0.0135136 	
4.215	0.390212 	-0.176238 	0.0759113 	-0.0217886 	-1.34898 	0.0136539 	
4.22	0.390186 	-0.176237 	0.0759076 	-0.0218785 	-1.3495 	0.0137928 	
4.225	0.390159 	-0.176235 	0.0759029 	-0.0219171 	-1.35003 	0.0138778 	
4.23	0.390132 	-0.176234 	0.075898 	-0.0219638 	-1.35057 	0.0139478 	
4.235	0.390103 	-0.176231 	0.0758918 	-0.0220363 	-1.3511 	0.0140606 	
4.24	0.390074 	-0.176229 	0.0758855 	-0.0220967 	-1.35165 	0.0141409 	
4.245	0.390045 	-0.176227 	0.0758788 	-0.0221319 	-1.3522 	0.0141904 	
4.25	0.390014 	-0.176227 	0.0758711 	-0.0221544 	-1.35275 	0.0142182 	
4.255	0.389982 	-0.176226 	0.0758626 	-0.0221739 	-1.35331 	0.0142418 	
4.26	0.389951 	-0.176225 	0.0758541 	-0.0222135 	-1.35387 	0.0142803 	
4.265	0.38992 	-0.176225 	0.0758468 	-0.0222598 	-1.35443 	0.0143205 	
4.27	0.389889 	-0.176225 	0.0758391 	-0.0223043 	-1.35499 	0.0143609 	
4.275	0.389857 	-0.176224 	0.0758311 	-0.0223483 	-1.35555 	0.0144028 	
4.28	0.389825 	-0.176224 	0.0758222 	-0.0224011 	-1.35611 	0.014459 	
4.285	0.389792 	-0.176223 	0.0758125 	-0.0224563 	-1.35668 	0.0145229 	
4.29	0.389758 	-0.176224 	0.0758028 	-0.0224782 	-1.35726 	0.0145505 	
4.295	0.389724 	-0.176227 	0.0757936 	-0.0223624 	-1.35785 	0.0144325 	
4.3	0.38969 	-0.176227 	0.0757833 	-0.0223718 	-1.35843 	0.014453 	
4.305	0.389655 	-0.176228 	0.0757724 	-0.0223706 	-1.35902 	0.0144627 	
4.31	0.38962 	-0.176228 	0.0757605 	-0.0224685 	-1.35961 	0.0145726 	
4.315	0.389583 	-0.176228 	0.0757482 	-0.0225206 	-1.36021 	0.0146462 	
4.32	0.389547 	-0.176228 	0.0757357 	-0.0225529 	-1.36081 	0.0147122 	
4.325	0.389511 	-0.176228 	0.075723 	-0.0225988 	-1.36142 	0.014797 	
4.33	0.389474 	-0.176229 	0.0757103 	-0.0226256 	-1.36202 	0.0148623 	
4.335	0.389439 	-0.176229 	0.0756997 	-0.0226332 	-1.36263 	0.0149042 	
4.34	0.389405 	-0.17623 	0.0756897 	-0.0225975 	-1.36324 	0.0148977 	
4.345	0.389406 	-0.176234 	0.0757136 	-0.0226176 	-1.36367 	0.0149137 	
4.35	0.389399 	-0.176251 	0.0757339 	-0.0225785 	-1.3641 	0.0148141 	
4.355	0.389393 	-0.176254 	0.0757492 	-0.0226562 	-1.36452 	0.0148799 	
4.36	0.389383 	-0.176252 	0.07576 	-0.0226753 	-1.36495 	0.0149013 	
4.365	0.38937 	-0.176249 	0.075767 	-0.0227102 	-1.36539 	0.0149424 	
4.37	0.389355 	-0.176246 	0.0757709 	-0.0227323 	-1.36583 	0.0149731 	
4.375	0.389337 	-0.176244 	0.0757721 	-0.0227512 	-1.3663 	0.0150013 	
4.38	0.389316 	-0.176241 	0.075771 	-0.0227698 	-1.36677 	0.0150288 	
4.385	0.389292 	-0.176239 	0.0757678 	-0.022789 	-1.36726 	0.015056 	
4.39	0.389267 	-0.176236 	0.0757628 	-0.0228109 	-1.36777 	0.0150831 	
4.395	0.389239 	-0.176234 	0.0757564 	-0.0228338 	-1.36828 	0.0151097 	
4.4	0.38921 	-0.176232 	0.0757486 	-0.0228567 	-1.36882 	0.0151357 	
4.405	0.389179 	-0.17623 	0.0757395 	-0.0229026 	-1.36936 	0.0151816 	
4.41	0.389147 	-0.176229 	0.0757294 	-0.0229584 	-1.36992 	0.0152347 	
4.415	0.389113 	-0.176227 	0.0757183 	-0.0230237 	-1.37048 	0.0152997 	
4.42	0.389078 	-0.176225 	0.0757064 	-0.0230922 	-1.37106 	0.0153685 	
4.425	0.389042 	-0.176223 	0.0756938 	-0.0231588 	-1.37164 	0.0154336 	
4.43	0.389006 	-0.176221 	0.0756811 	-0.0232135 	-1.37223 	0.0154827 	
4.435	0.388969 	-0.176221 	0.0756685 	-0.0232328 	-1.37283 	0.0154919 	
4.44	0.388932 	-0.17622 	0.0756549 	-0.0232812 	-1.37343 	0.0155353 	
4.445	0.388894 	-0.17622 	0.0756408 	-0.0233433 	-1.37404 	0.0155942 	
4.45	0.388855 	-0.176219 	0.0756263 	-0.0234248 	-1.37466 	0.0156724 	
4.455	0.388815 	-0.176219 	0.0756116 	-0.0234906 	-1.37527 	0.0157353 	
4.46	0.388776 	-0.176218 	0.0755968 	-0.0235251 	-1.3759 	0.0157681 	
4.465	0.388736 	-0.176217 	0.0755819 	-0.0235502 	-1.37652 	0.015792 	
4.47	0.388696 	-0.176217 	0.0755673 	-0.0235705 	-1.37715 	0.0157999 	
4.475	0.388696 	-0.17622 	0.0755892 	-0.0236064 	-1.37758 	0.0158157 	
4.48	0.388686 	-0.176238 	0.0756086 	-0.0235586 	-1.37802 	0.0157148 	
4.485	0.388678 	-0.176244 	0.0756236 	-0.0235434 	-1.37846 	0.0156815 	
4.49	0.388668 	-0.176247 	0.0756342 	-0.0235625 	-1.3789 	0.0156878 	
4.495	0.388654 	-0.17625 	0.0756408 	-0.0235966 	-1.37934 	0.015702 	
4.5	0.388638 	-0.176251 	0.0756442 	-0.023651 	-1.3798 	0.0157291 	
4.505	0.388619 	-0.176252 	0.0756447 	-0.0237292 	-1.38026 	0.0157921 	
4.51	0.388596 	-0.176252 	0.0756429 	-0.0237986 	-1.38074 	0.0158557 	
4.515	0.388572 	-0.176253 	0.075639 	-0.0238727 	-1.38124 	0.0159277 	
4.52	0.388545 	-0.176253 	0.0756332 	-0.023942 	-1.38175 	0.0159942 	
4.525	0.388517 	-0.176254 	0.0756261 	-0.0240021 	-1.38227 	0.0160499 	
4.53	0.388487 	-0.176254 	0.0756177 	-0.0240482 	-1.38281 	0.0160855 	
4.535	0.388455 	-0.176255 	0.0756082 	-0.0240627 	-1.38336 	0.0160936 	
4.54	0.388422 	-0.176256 	0.0755975 	-0.0240686 	-1.38392 	0.0160949 	
4.545	0.388388 	-0.176257 	0.0755864 	-0.0240294 	-1.38449 	0.0160502 	
4.55	0.388353 	-0.176257 	0.0755744 	-0.0240198 	-1.38507 	0.0160362 	
4.555	0.388317 	-0.17626 	0.0755627 	-0.0239872 	-1.38567 	0.0159949 	
4.56	0.388281 	-0.176264 	0.0755512 	-0.0238597 	-1.38627 	0.0158594 	
4.565	0.388244 	-0.176266 	0.0755385 	-0.0238477 	-1.38687 	0.015839 	
4.57	0.388207 	-0.176268 	0.0755248 	-0.0238704 	-1.38747 	0.0158486 	
4.575	0.388168 	-0.176269 	0.0755105 	-0.0238874 	-1.38808 	0.0158564 	
4.58	0.388129 	-0.176271 	0.0754956 	-0.0238824 	-1.3887 	0.0158493 	
4.585	0.388089 	-0.176272 	0.0754803 	-0.0238705 	-1.38933 	0.0158361 	
4.59	0.388049 	-0.176272 	0.0754651 	-0.0238701 	-1.38995 	0.0158359 	
4.595	0.388009 	-0.176273 	0.0754499 	-0.023899 	-1.39058 	0.0158679 	
4.6	0.387969 	-0.176272 	0.0754346 	-0.0240447 	-1.39121 	0.0160297 	
4.605	0.387929 	-0.176272 	0.0754195 	-0.0241614 	-1.39184 	0.0161487 	
4.61	0.387889 	-0.176273 	0.075404 	-0.0240788 	-1.39248 	0.0160643 	
4.615	0.38787 	-0.176275 	0.0754121 	-0.024045 	-1.39309 	0.0160351 	
4.62	0.387846 	-0.176283 	0.0754171 	-0.0239159 	-1.39368 	0.0158822 	
4.625	0.387824 	-0.176284 	0.0754199 	-0.0240044 	-1.39424 	0.0159773 	
4.63	0.3878 	-0.176285 	0.0754203 	-0.0241731 	-1.3948 	0.0161593 	
4.635	0.387775 	-0.176286 	0.0754184 	-0.024332 	-1.39535 	0.0163374 	
4.64	0.387748 	-0.176287 	0.0754149 	-0.0243853 	-1.3959 	0.0163999 	
4.645	0.38772 	-0.176288 	0.0754096 	-0.0244152 	-1.39646 	0.0164392 	
4.65	0.387691 	-0.176288 	0.0754027 	-0.0244434 	-1.39702 	0.0164769 	
4.655	0.38766 	-0.176288 	0.0753946 	-0.0244797 	-1.39758 	0.0165232 	
4.66	0.387628 	-0.176288 	0.0753851 	-0.024513 	-1.39816 	0.0165688 	
4.665	0.387595 	-0.176288 	0.0753746 	-0.0246086 	-1.39873 	0.0166802 	
4.67	0.387561 	-0.176289 	0.0753642 	-0.0247032 	-1.39932 	0.0167802 	
4.675	0.387526 	-0.176288 	0.0753517 	-0.0248599 	-1.39991 	0.016957 	
4.68	0.387489 	-0.176287 	0.0753379 	-0.0250263 	-1.4005 	0.0171462 	
4.685	0.387451 	-0.176286 	0.0753232 	-0.0251699 	-1.4011 	0.0173098 	
4.69	0.387412 	-0.176285 	0.0753077 	-0.0252808 	-1.40172 	0.017434 	
4.695	0.387373 	-0.176284 	0.0752918 	-0.0253503 	-1.40233 	0.0175121 	
4.7	0.387333 	-0.176285 	0.0752745 	-0.0253876 	-1.40295 	0.0175729 	
4.705	0.387297 	-0.176285 	0.0752613 	-0.0253123 	-1.40356 	0.0174349 	
4.71	0.387264 	-0.176287 	0.0752509 	-0.0252146 	-1.40414 	0.0172575 	
4.715	0.387234 	-0.17629 	0.0752428 	-0.0251153 	-1.40469 	0.0170731 	
4.72	0.387212 	-0.176295 	0.0752384 	-0.0249405 	-1.40512 	0.0168534 	
4.725	0.387191 	-0.176304 	0.0752352 	-0.0247613 	-1.40551 	0.0164871 	
4.73	0.387171 	-0.176311 	0.0752352 	-0.0246795 	-1.40593 	0.0163096 	
4.735	0.38717 	-0.176318 	0.0752575 	-0.0246532 	-1.40636 	0.0162397 	
4.74	0.387165 	-0.176327 	0.0752759 	-0.0246224 	-1.40679 	0.0161791 	
4.745	0.387157 	-0.176333 	0.0752889 	-0.0244377 	-1.40722 	0.0159834 	
4.75	0.387146 	-0.176338 	0.075297 	-0.0242086 	-1.40766 	0.0157436 	
4.755	0.387131 	-0.17634 	0.0753016 	-0.0241893 	-1.40811 	0.0157129 	
4.76	0.387113 	-0.176342 	0.0753033 	-0.0242088 	-1.40857 	0.015716 	
4.765	0.387092 	-0.176344 	0.0753022 	-0.0242393 	-1.40904 	0.0157326 	
4.77	0.387069 	-0.176345 	0.0752983 	-0.0243174 	-1.40953 	0.015803 	
4.775	0.387042 	-0.176345 	0.0752923 	-0.024385 	-1.41004 	0.0158613 	
4.78	0.387014 	-0.176344 	0.0752844 	-0.0244883 	-1.41057 	0.0159492 	
4.785	0.386984 	-0.176344 	0.0752749 	-0.0246049 	-1.41111 	0.0160467 	
4.79	0.386953 	-0.176343 	0.075265 	-0.0247218 	-1.41166 	0.0161433 	
4.795	0.38692 	-0.176343 	0.0752534 	-0.0248188 	-1.41222 	0.0162195 	
4.8	0.3869 	-0.176344 	0.0752543 	-0.0249359 	-1.41272 	0.0163151 	
4.805	0.386876 	-0.176349 	0.0752532 	-0.0250471 	-1.41323 	0.0163927 	
4.81	0.386851 	-0.17635 	0.0752496 	-0.0251561 	-1.41375 	0.0164822 	
4.815	0.386825 	-0.176351 	0.0752449 	-0.0251727 	-1.41428 	0.0164828 	
4.82	0.386797 	-0.176352 	0.0752381 	-0.0250884 	-1.41482 	0.0163737 	
4.825	0.386767 	-0.176352 	0.075229 	-0.0249784 	-1.41537 	0.0162269 	
4.83	0.386736 	-0.176352 	0.0752183 	-0.0249064 	-1.41593 	0.0161224 	
4.835	0.386702 	-0.176352 	0.0752064 	-0.0247295 	-1.4165 	0.0159059 	
4.84	0.386676 	-0.176352 	0.0752019 	-0.0247223 	-1.41704 	0.0158839 	
4.845	0.386647 	-0.176355 	0.0751952 	-0.0245713 	-1.4176 	0.0156938 	
4.85	0.386617 	-0.176356 	0.0751868 	-0.024372 	-1.41816 	0.0154593 	
4.855	0.386586 	-0.176357 	0.0751771 	-0.0241848 	-1.41873 	0.0152418 	
4.86	0.386554 	-0.176357 	0.075166 	-0.0240709 	-1.4193 	0.015091 	
4.865	0.386521 	-0.176357 	0.0751544 	-0.023973 	-1.41988 	0.0149569 	
4.87	0.386487 	-0.176358 	0.0751426 	-0.0238418 	-1.42046 	0.0147966 	
4.875	0.386452 	-0.176354 	0.0751281 	-0.0240295 	-1.42104 	0.0149362 	
4.88	0.386416 	-0.176352 	0.0751134 	-0.0241027 	-1.42163 	0.0149793 	
4.885	0.386379 	-0.176349 	0.0750983 	-0.024118 	-1.42224 	0.0149866 	
4.89	0.386342 	-0.176345 	0.0750831 	-0.0241494 	-1.42285 	0.0150182 	
4.895	0.386303 	-0.176342 	0.0750669 	-0.0242614 	-1.42347 	0.0151344 	
4.9	0.386263 	-0.176338 	0.0750499 	-0.0244239 	-1.4241 	0.0153057 	
4.905	0.386222 	-0.176334 	0.0750321 	-0.0246024 	-1.42473 	0.0154946 	
4.91	0.386181 	-0.176331 	0.0750134 	-0.0246847 	-1.42537 	0.0155925 	
4.915	0.38614 	-0.176327 	0.0749953 	-0.0249733 	-1.42601 	0.0159087 	
4.92	0.386097 	-0.176325 	0.0749765 	-0.0250869 	-1.42666 	0.0160405 	
4.925	0.386057 	-0.176322 	0.0749593 	-0.0251942 	-1.42731 	0.0161965 	
4.93	0.386018 	-0.176321 	0.0749438 	-0.0253115 	-1.42795 	0.0163793 	
4.935	0.385985 	-0.176321 	0.0749334 	-0.0253835 	-1.42857 	0.0165027 	
4.94	0.385955 	-0.176323 	0.0749278 	-0.0254535 	-1.42916 	0.0166172 	
4.945	0.385926 	-0.176325 	0.0749224 	-0.0255575 	-1.42975 	0.0167754 	
4.95	0.385896 	-0.176326 	0.0749147 	-0.025575 	-1.43034 	0.0168602 	
4.955	0.385865 	-0.176327 	0.0749051 	-0.0255762 	-1.43094 	0.0169321 	
4.96	0.385832 	-0.176327 	0.0748938 	-0.0255743 	-1.43153 	0.0170013 	
4.965	0.385798 	-0.176327 	0.0748809 	-0.0255688 	-1.43214 	0.0170696 	
4.97	0.385762 	-0.176327 	0.0748668 	-0.0255563 	-1.43275 	0.0171363 	
4.975	0.385726 	-0.176328 	0.0748515 	-0.0255392 	-1.43337 	0.0172023 	
4.98	0.385688 	-0.176328 	0.0748352 	-0.0255204 	-1.434 	0.0172686 	
4.985	0.385649 	-0.176328 	0.0748181 	-0.0255005 	-1.43463 	0.0173354 	
4.99	0.385609 	-0.176325 	0.0747994 	-0.0256929 	-1.43527 	0.0175798 	
4.995	0.385587 	-0.176326 	0.0748033 	-0.0258205 	-1.43591 	0.0177115 	
5	0.385562 	-0.176329 	0.074805 	-0.0258511 	-1.43653 	0.017793 	
5.005	0.385579 	-0.176332 	0.0748456 	-0.0258772 	-1.43692 	0.0178218 	
5.01	0.385586 	-0.176348 	0.0748797 	-0.0258626 	-1.43731 	0.0177701 	
5.015	0.385592 	-0.176351 	0.0749065 	-0.0259629 	-1.43768 	0.0178489 	
5.02	0.385593 	-0.17636 	0.0749248 	-0.0255911 	-1.43805 	0.01747 	
5.025	0.38559 	-0.176366 	0.0749384 	-0.0251715 	-1.43843 	0.0170429 	
5.03	0.385588 	-0.176371 	0.074955 	-0.0250254 	-1.43881 	0.0168458 	
5.035	0.38558 	-0.176384 	0.0749618 	-0.0242316 	-1.43921 	0.0160059 	
5.04	0.385569 	-0.176393 	0.0749665 	-0.0234326 	-1.43963 	0.0151907 	
5.045	0.385554 	-0.176399 	0.074968 	-0.0230217 	-1.44005 	0.0147842 	
5.05	0.385535 	-0.176403 	0.0749662 	-0.0229217 	-1.4405 	0.0146967 	
5.055	0.385512 	-0.176407 	0.0749612 	-0.0229758 	-1.44096 	0.0147634 	
5.06	0.385486 	-0.176409 	0.0749531 	-0.0230432 	-1.44145 	0.014847 	
5.065	0.385457 	-0.17641 	0.0749426 	-0.0231166 	-1.44197 	0.0149407 	
5.07	0.385425 	-0.17641 	0.0749299 	-0.0231206 	-1.44251 	0.0149731 	
5.075	0.385391 	-0.176409 	0.0749154 	-0.0230595 	-1.44306 	0.014949 	
5.08	0.385356 	-0.176409 	0.0748994 	-0.0229783 	-1.44364 	0.0149088 	
5.085	0.385318 	-0.176408 	0.074882 	-0.0228837 	-1.44424 	0.0148577 	
5.09	0.385281 	-0.17641 	0.0748669 	-0.0225257 	-1.44484 	0.0145512 	
5.095	0.385245 	-0.176413 	0.0748528 	-0.0220079 	-1.44544 	0.0140735 	
5.1	0.38521 	-0.176417 	0.07484 	-0.0214231 	-1.44603 	0.0135231 	
5.105	0.385176 	-0.176422 	0.0748281 	-0.0208065 	-1.44663 	0.0129381 	
5.11	0.385142 	-0.176426 	0.0748164 	-0.0203168 	-1.44722 	0.0124812 	
5.115	0.385107 	-0.176427 	0.0748035 	-0.0201218 	-1.44781 	0.0123174 	
5.12	0.385073 	-0.176432 	0.0747878 	-0.0196779 	-1.44833 	0.0118523 	
5.125	0.385037 	-0.176437 	0.0747716 	-0.019449 	-1.44888 	0.0116326 	
5.13	0.385 	-0.17644 	0.0747544 	-0.019315 	-1.44946 	0.0115223 	
5.135	0.384961 	-0.176442 	0.0747362 	-0.0192072 	-1.45005 	0.0114437 	
5.14	0.384921 	-0.176442 	0.0747168 	-0.0191743 	-1.45066 	0.0114186 	
5.145	0.384879 	-0.176444 	0.0746953 	-0.0188035 	-1.4513 	0.011046 	
5.15	0.384837 	-0.176443 	0.0746738 	-0.0187118 	-1.45194 	0.0109512 	
5.155	0.384813 	-0.176445 	0.0746711 	-0.0186923 	-1.4525 	0.0109451 	
5.16	0.384783 	-0.176452 	0.0746657 	-0.0186761 	-1.45306 	0.0109216 	
5.165	0.384754 	-0.176453 	0.0746576 	-0.0186797 	-1.45364 	0.0109172 	
5.17	0.384722 	-0.176453 	0.0746469 	-0.0186858 	-1.45422 	0.0109168 	
5.175	0.384689 	-0.176452 	0.0746341 	-0.0186906 	-1.45482 	0.0109183 	
5.18	0.384653 	-0.176452 	0.0746195 	-0.0186408 	-1.45542 	0.0108912 	
5.185	0.384616 	-0.176451 	0.0746033 	-0.0185698 	-1.45603 	0.010856 	
5.19	0.384577 	-0.176451 	0.0745856 	-0.0184916 	-1.45665 	0.0108173 	
5.195	0.384549 	-0.176451 	0.0745791 	-0.0184792 	-1.45722 	0.0108305 	
5.2	0.384532 	-0.176456 	0.0745854 	-0.018491 	-1.45772 	0.0108482 	
5.205	0.384512 	-0.176462 	0.0745879 	-0.0184619 	-1.45823 	0.0108245 	
5.21	0.38449 	-0.176464 	0.0745866 	-0.0184184 	-1.45875 	0.0108009 	
5.215	0.384466 	-0.176464 	0.0745817 	-0.0184264 	-1.45928 	0.0108018 	
5.22	0.384437 	-0.176463 	0.0745706 	-0.0185763 	-1.4598 	0.0109475 	
5.225	0.384407 	-0.176462 	0.0745589 	-0.0186997 	-1.46035 	0.0110536 	
5.23	0.384375 	-0.17646 	0.0745454 	-0.0188393 	-1.46093 	0.0111696 	
5.235	0.38434 	-0.176459 	0.0745301 	-0.0187673 	-1.46152 	0.0110934 	
5.24	0.384328 	-0.176459 	0.0745456 	-0.0189253 	-1.4621 	0.0112053 	
5.245	0.384316 	-0.17646 	0.0745588 	-0.0193738 	-1.46263 	0.0116458 	
5.25	0.384297 	-0.176474 	0.0745877 	-0.0170356 	-1.46321 	0.00929589 	
5.255	0.384282 	-0.176473 	0.074591 	-0.0152741 	-1.46375 	0.00758329 	
5.26	0.384257 	-0.176487 	0.0745846 	-0.0132905 	-1.46428 	0.00562194 	
5.265	0.384229 	-0.176502 	0.0745728 	-0.0109375 	-1.46482 	0.00329551 	
5.27	0.384199 	-0.17652 	0.0745571 	-0.00820128 	-1.46539 	0.000583022 	
5.275	0.384165 	-0.17654 	0.0745382 	-0.00509048 	-1.46597 	-0.00251113 	
5.28	0.384129 	-0.176563 	0.0745165 	-0.00163102 	-1.46656 	-0.00595975 	
5.285	0.38409 	-0.176588 	0.0744924 	0.00215178 	-1.46717 	-0.00973585 	
5.29	0.384048 	-0.176615 	0.0744662 	0.00623038 	-1.4678 	-0.013809 	
5.295	0.384006 	-0.176637 	0.0744416 	0.00984424 	-1.46844 	-0.0173891 	
5.3	0.383963 	-0.176657 	0.0744205 	0.0133678 	-1.46911 	-0.0208805 	
5.305	0.38392 	-0.176665 	0.0744003 	0.0155557 	-1.46979 	-0.023052 	
5.31	0.383875 	-0.176674 	0.0743779 	0.0173838 	-1.47047 	-0.0248289 	
5.315	0.383879 	-0.176678 	0.0744045 	0.0178321 	-1.47091 	-0.0252925 	
5.32	0.383872 	-0.1767 	0.0744257 	0.0186774 	-1.47136 	-0.0262099 	
5.325	0.383866 	-0.176708 	0.0744405 	0.0196559 	-1.47182 	-0.027195 	
5.33	0.383857 	-0.176709 	0.0744495 	0.0202785 	-1.47228 	-0.0278259 	
5.335	0.383842 	-0.176714 	0.0744524 	0.0211971 	-1.47274 	-0.0287356 	
5.34	0.383823 	-0.176719 	0.07445 	0.0223983 	-1.47322 	-0.0299263 	
5.345	0.383811 	-0.176721 	0.0744549 	0.0231995 	-1.47366 	-0.0307157 	
5.35	0.383801 	-0.176727 	0.074466 	0.0237816 	-1.47412 	-0.0312858 	
5.355	0.383813 	-0.176732 	0.0744967 	0.0240744 	-1.47445 	-0.0315795 	
5.36	0.383825 	-0.176742 	0.0745302 	0.0243794 	-1.47474 	-0.0318849 	
5.365	0.383832 	-0.176748 	0.0745558 	0.0245578 	-1.47505 	-0.0320577 	
5.37	0.383846 	-0.17675 	0.0745858 	0.024623 	-1.47532 	-0.0321216 	
5.375	0.383852 	-0.176754 	0.0746077 	0.0248345 	-1.47562 	-0.0322986 	
5.38	0.383854 	-0.176753 	0.0746237 	0.0249005 	-1.47594 	-0.0323396 	
5.385	0.38385 	-0.176751 	0.0746345 	0.0249968 	-1.47628 	-0.0324036 	
5.39	0.383842 	-0.176747 	0.0746406 	0.0248241 	-1.47665 	-0.0321989 	
5.395	0.383828 	-0.176742 	0.074642 	0.0244952 	-1.47705 	-0.031857 	
5.4	0.38381 	-0.176735 	0.0746392 	0.02408 	-1.47747 	-0.0314194 	
5.405	0.383787 	-0.176728 	0.0746328 	0.0236295 	-1.47793 	-0.0309419 	
5.41	0.383761 	-0.176721 	0.0746233 	0.0231837 	-1.47841 	-0.0304668 	
5.415	0.383732 	-0.176713 	0.0746111 	0.0227775 	-1.47891 	-0.0300495 	
5.42	0.3837 	-0.176704 	0.0745967 	0.0224378 	-1.47945 	-0.0297054 	
5.425	0.383665 	-0.176696 	0.0745803 	0.0221882 	-1.48 	-0.0294553 	
5.43	0.383628 	-0.176689 	0.0745624 	0.0220471 	-1.48058 	-0.0293057 	
5.435	0.383588 	-0.176684 	0.0745409 	0.0224294 	-1.48117 	-0.0296394 	
5.44	0.383547 	-0.176683 	0.0745189 	0.0232647 	-1.48178 	-0.0304406 	
5.445	0.383533 	-0.176681 	0.0745247 	0.0236042 	-1.48229 	-0.0307504 	
5.45	0.383512 	-0.176687 	0.0745291 	0.0239614 	-1.4828 	-0.0311151 	
5.455	0.383492 	-0.176686 	0.0745302 	0.0240767 	-1.48331 	-0.0312233 	
5.46	0.38347 	-0.176684 	0.0745288 	0.0243392 	-1.48382 	-0.0314758 	
5.465	0.383446 	-0.176681 	0.074525 	0.0246454 	-1.48434 	-0.0317686 	
5.47	0.383421 	-0.176677 	0.0745194 	0.0247802 	-1.48486 	-0.0318873 	
5.475	0.383395 	-0.176674 	0.0745126 	0.0248806 	-1.48538 	-0.0319705 	
5.48	0.383366 	-0.176671 	0.0745042 	0.0250837 	-1.4859 	-0.0321702 	
5.485	0.383337 	-0.176668 	0.0744942 	0.025391 	-1.48645 	-0.0324789 	
5.49	0.383305 	-0.176665 	0.0744829 	0.0258037 	-1.487 	-0.0328951 	
5.495	0.383272 	-0.17666 	0.0744695 	0.026094 	-1.48757 	-0.0331858 	
5.5	0.383237 	-0.176656 	0.0744543 	0.0263619 	-1.48815 	-0.0334541 	
5.505	0.383202 	-0.17665 	0.0744416 	0.0257114 	-1.48867 	-0.0328067 	
5.51	0.383192 	-0.176649 	0.074442 	0.025196 	-1.4889 	-0.0323035 	
5.515	0.383188 	-0.176663 	0.0744496 	0.0250855 	-1.48904 	-0.032231 	
5.52	0.383189 	-0.176671 	0.0744642 	0.0247577 	-1.4892 	-0.0319326 	
5.525	0.383188 	-0.176675 	0.0744745 	0.024376 	-1.48939 	-0.0315659 	
5.53	0.383181 	-0.176676 	0.0744789 	0.0243629 	-1.48965 	-0.0315608 	
5.535	0.38317 	-0.176674 	0.0744789 	0.0244615 	-1.48996 	-0.0316596 	
5.54	0.383154 	-0.176671 	0.0744754 	0.0244066 	-1.49032 	-0.0316009 	
5.545	0.383138 	-0.176665 	0.0744718 	0.0226648 	-1.49062 	-0.0298409 	
5.55	0.383124 	-0.176663 	0.0744723 	0.0208328 	-1.49094 	-0.028008 	
5.555	0.383122 	-0.176656 	0.0744903 	0.0196942 	-1.49132 	-0.0268572 	
5.56	0.383115 	-0.176651 	0.0745015 	0.0196545 	-1.49173 	-0.0268031 	
5.565	0.383105 	-0.176641 	0.0745078 	0.0194868 	-1.49215 	-0.0266092 	
5.57	0.383091 	-0.176633 	0.0745102 	0.0193342 	-1.49258 	-0.0264443 	
5.575	0.383073 	-0.176625 	0.074509 	0.0194103 	-1.49303 	-0.0265207 	
5.58	0.383052 	-0.176618 	0.074505 	0.019556 	-1.49351 	-0.0266685 	
5.585	0.383027 	-0.17661 	0.0744981 	0.0197129 	-1.494 	-0.0268328 	
5.59	0.382999 	-0.176607 	0.0744871 	0.0205696 	-1.49451 	-0.0276921 	
5.595	0.382975 	-0.176599 	0.0744806 	0.0203086 	-1.49499 	-0.0274127 	
5.6	0.382956 	-0.176592 	0.074482 	0.0188617 	-1.49542 	-0.0259571 	
5.605	0.38294 	-0.176585 	0.0744887 	0.017201 	-1.49583 	-0.0243039 	
5.61	0.38293 	-0.176576 	0.0745006 	0.0156039 	-1.49625 	-0.0226901 	
5.615	0.382941 	-0.176573 	0.0745298 	0.0152118 	-1.49656 	-0.0222917 	
5.62	0.382947 	-0.176573 	0.0745559 	0.0151742 	-1.49688 	-0.0222555 	
5.625	0.382951 	-0.176568 	0.0745768 	0.015181 	-1.49721 	-0.0222824 	
5.63	0.382972 	-0.176564 	0.0746122 	0.0152068 	-1.49746 	-0.0223088 	
5.635	0.38299 	-0.176565 	0.0746482 	0.0151321 	-1.49768 	-0.0222567 	
5.64	0.383003 	-0.176564 	0.0746759 	0.0150469 	-1.49792 	-0.0221578 	
5.645	0.383012 	-0.176559 	0.0746987 	0.0149019 	-1.49818 	-0.0220128 	
5.65	0.383025 	-0.176554 	0.0747214 	0.0148584 	-1.49835 	-0.0219661 	
5.655	0.383031 	-0.176553 	0.0747395 	0.0148712 	-1.49856 	-0.0219795 	
5.66	0.383047 	-0.176551 	0.0747667 	0.0149015 	-1.49875 	-0.022005 	
5.665	0.383065 	-0.176552 	0.074798 	0.014926 	-1.49891 	-0.0220325 	
5.67	0.383086 	-0.176553 	0.0748318 	0.014948 	-1.49908 	-0.022058 	
5.675	0.383105 	-0.176553 	0.0748623 	0.0149457 	-1.49924 	-0.0220588 	
5.68	0.383124 	-0.176552 	0.0748931 	0.0149296 	-1.4994 	-0.0220439 	
5.685	0.383138 	-0.176551 	0.0749189 	0.0149219 	-1.49957 	-0.0220348 	
5.69	0.38315 	-0.176548 	0.0749405 	0.0148438 	-1.49976 	-0.0219501 	
5.695	0.383166 	-0.176546 	0.074968 	0.0148267 	-1.49993 	-0.0219283 	
5.7	0.383185 	-0.176547 	0.0749987 	0.0148377 	-1.50009 	-0.0219407 	
5.705	0.383203 	-0.176547 	0.0750293 	0.0148992 	-1.50025 	-0.0220041 	
5.71	0.383221 	-0.176547 	0.0750583 	0.0149869 	-1.50043 	-0.0220915 	
5.715	0.383239 	-0.176547 	0.0750879 	0.0150383 	-1.50059 	-0.0221411 	
5.72	0.383256 	-0.176547 	0.0751168 	0.0150903 	-1.50075 	-0.0221943 	
5.725	0.383267 	-0.176547 	0.075139 	0.0152884 	-1.50095 	-0.0224037 	
5.73	0.383285 	-0.176546 	0.0751669 	0.0153516 	-1.50111 	-0.0224649 	
5.735	0.383298 	-0.176547 	0.0751923 	0.0154289 	-1.50129 	-0.0225474 	
5.74	0.383306 	-0.176547 	0.0752113 	0.0156103 	-1.50149 	-0.0227202 	
5.745	0.38331 	-0.176543 	0.0752236 	0.0156603 	-1.50174 	-0.0227919 	
5.75	0.383323 	-0.176542 	0.0752487 	0.0157388 	-1.50195 	-0.0228711 	
5.755	0.38334 	-0.176544 	0.0752799 	0.0158169 	-1.50214 	-0.0229553 	
5.76	0.383351 	-0.176548 	0.0753029 	0.0159557 	-1.50238 	-0.0230518 	
5.765	0.383359 	-0.176544 	0.0753171 	0.0154638 	-1.50267 	-0.0225953 	
5.77	0.383357 	-0.176541 	0.0753255 	0.0152626 	-1.50299 	-0.0224153 	
5.775	0.38335 	-0.176534 	0.0753295 	0.0149122 	-1.50335 	-0.0220596 	
5.78	0.383336 	-0.176526 	0.0753288 	0.0143717 	-1.50374 	-0.021507 	
5.785	0.383317 	-0.17652 	0.0753234 	0.0140443 	-1.50417 	-0.0211614 	
5.79	0.383293 	-0.176513 	0.0753139 	0.0138554 	-1.50464 	-0.0209419 	
5.795	0.383266 	-0.176507 	0.0753008 	0.013642 	-1.50515 	-0.0206937 	
5.8	0.383237 	-0.176485 	0.0752785 	0.0104962 	-1.50566 	-0.0175352 	
5.805	0.383206 	-0.176465 	0.075257 	0.00542096 	-1.5062 	-0.0124945 	
5.81	0.383174 	-0.17645 	0.0752363 	0.00218776 	-1.50679 	-0.00934098 	
5.815	0.383141 	-0.176432 	0.0752139 	-0.000143917 	-1.50742 	-0.00709322 	
5.82	0.383105 	-0.176422 	0.0751943 	-0.00108968 	-1.50804 	-0.0061543 	
5.825	0.38307 	-0.176411 	0.0751761 	-0.00164429 	-1.50866 	-0.00557902 	
5.83	0.383034 	-0.176397 	0.0751562 	-0.0027972 	-1.50929 	-0.00446453 	
5.835	0.382996 	-0.176388 	0.0751371 	-0.0036203 	-1.50993 	-0.00364984 	
5.84	0.382958 	-0.176376 	0.0751175 	-0.0045646 	-1.51057 	-0.00271833 	
5.845	0.382919 	-0.176363 	0.0750983 	-0.00588351 	-1.51122 	-0.00142417 	
5.85	0.38288 	-0.17635 	0.0750775 	-0.00771568 	-1.51187 	0.000382477 	
5.855	0.38284 	-0.176336 	0.0750552 	-0.00933817 	-1.51254 	0.00196785 	
5.86	0.382801 	-0.176326 	0.0750351 	-0.00977511 	-1.51315 	0.00245353 	
5.865	0.382762 	-0.176311 	0.0750123 	-0.0113127 	-1.51377 	0.00399964 	
5.87	0.382722 	-0.176293 	0.0749876 	-0.0135285 	-1.51442 	0.00619385 	
5.875	0.38273 	-0.176286 	0.07501 	-0.0142821 	-1.51474 	0.00694154 	
5.88	0.382729 	-0.176289 	0.0750263 	-0.0151351 	-1.51511 	0.00773855 	
5.885	0.382726 	-0.176283 	0.0750366 	-0.0156709 	-1.5155 	0.00827224 	
5.89	0.382718 	-0.176275 	0.0750413 	-0.0162137 	-1.5159 	0.00883284 	
5.895	0.382709 	-0.176266 	0.0750458 	-0.0170415 	-1.51629 	0.00968478 	
5.9	0.382697 	-0.176258 	0.0750487 	-0.0180057 	-1.51669 	0.0106719 	
5.905	0.382683 	-0.176252 	0.0750491 	-0.0184827 	-1.51712 	0.0111738 	
5.91	0.382668 	-0.176244 	0.075049 	-0.0193165 	-1.51754 	0.0120329 	
5.915	0.382651 	-0.176237 	0.0750479 	-0.020257 	-1.51797 	0.0129939 	
5.92	0.382633 	-0.176232 	0.075047 	-0.0215524 	-1.51842 	0.0142912 	
5.925	0.382613 	-0.176226 	0.0750431 	-0.0229639 	-1.51889 	0.0157015 	
5.93	0.382592 	-0.176223 	0.07504 	-0.0242874 	-1.51936 	0.0170239 	
5.935	0.382571 	-0.176222 	0.0750389 	-0.0255451 	-1.51985 	0.0182868 	
5.94	0.382549 	-0.176219 	0.075036 	-0.0267117 	-1.52035 	0.0194598 	
5.945	0.382527 	-0.176216 	0.0750339 	-0.0278025 	-1.52086 	0.0205602 	
5.95	0.382503 	-0.176212 	0.0750299 	-0.0288918 	-1.52138 	0.0216576 	
5.955	0.382478 	-0.176208 	0.0750241 	-0.0299966 	-1.52192 	0.0227713 	
5.96	0.382451 	-0.176203 	0.0750168 	-0.0311183 	-1.52246 	0.0239031 	
5.965	0.382423 	-0.176198 	0.0750083 	-0.0321949 	-1.52301 	0.0249909 	
5.97	0.382394 	-0.176193 	0.0749989 	-0.0333013 	-1.52358 	0.0261099 	
5.975	0.382364 	-0.176185 	0.0749881 	-0.0345306 	-1.52414 	0.0273584 	
5.98	0.382332 	-0.176178 	0.074977 	-0.0356122 	-1.52472 	0.0284587 	
5.985	0.382301 	-0.17617 	0.0749657 	-0.0366646 	-1.52531 	0.029531 	
5.99	0.382268 	-0.176163 	0.0749541 	-0.0377127 	-1.5259 	0.0305989 	
5.995	0.382235 	-0.176155 	0.0749426 	-0.0387839 	-1.5265 	0.03169 	
6	0.382242 	-0.176153 	0.0749759 	-0.0396552 	-1.52699 	0.0325743 	
6.005	0.382245 	-0.176158 	0.0750044 	-0.0403581 	-1.52748 	0.0332603 	
6.01	0.382247 	-0.176158 	0.075023 	-0.0409198 	-1.52795 	0.0338258 	
6.015	0.382243 	-0.176153 	0.0750354 	-0.0417162 	-1.52843 	0.034634 	
6.02	0.382233 	-0.176147 	0.0750415 	-0.0426101 	-1.52891 	0.0355545 	
6.025	0.382218 	-0.176141 	0.0750423 	-0.0436094 	-1.52939 	0.0365918 	
6.03	0.382197 	-0.176135 	0.0750385 	-0.0446808 	-1.52989 	0.0377115 	
6.035	0.382172 	-0.176131 	0.0750304 	-0.0456884 	-1.53042 	0.0387721 	
6.04	0.382144 	-0.176126 	0.0750185 	-0.0466983 	-1.53096 	0.0398373 	
6.045	0.382111 	-0.176122 	0.0750034 	-0.0476643 	-1.53153 	0.0408586 	
6.05	0.382076 	-0.176118 	0.0749856 	-0.0486825 	-1.53212 	0.0419334 	
6.055	0.382038 	-0.176113 	0.0749654 	-0.0498069 	-1.53274 	0.0431156 	
6.06	0.381998 	-0.176108 	0.0749431 	-0.0510369 	-1.53337 	0.0444047 	
6.065	0.381956 	-0.176103 	0.0749204 	-0.0521061 	-1.53402 	0.0455052 	
6.07	0.381914 	-0.176098 	0.0748973 	-0.0529903 	-1.53469 	0.0464095 	
6.075	0.381871 	-0.176091 	0.0748756 	-0.054623 	-1.53535 	0.0480475 	
6.08	0.381829 	-0.176085 	0.0748562 	-0.0560214 	-1.53601 	0.0494448 	
6.085	0.381788 	-0.176079 	0.0748381 	-0.0577289 	-1.53668 	0.0511618 	
6.09	0.381747 	-0.176071 	0.0748196 	-0.0600046 	-1.53734 	0.0534498 	
6.095	0.381705 	-0.176065 	0.0748004 	-0.0616155 	-1.53801 	0.0550702 	
6.1	0.381665 	-0.176061 	0.0747835 	-0.0638168 	-1.53868 	0.0572778 	
6.105	0.381625 	-0.176057 	0.0747679 	-0.0655796 	-1.53935 	0.0590477 	
6.11	0.381586 	-0.176054 	0.0747534 	-0.0671425 	-1.54002 	0.060619 	
6.115	0.381547 	-0.176052 	0.0747385 	-0.067575 	-1.54068 	0.0610588 	
6.12	0.381509 	-0.176048 	0.0747226 	-0.0689337 	-1.54134 	0.0624269 	
6.125	0.381471 	-0.176045 	0.0747067 	-0.0703954 	-1.54199 	0.0638959 	
6.13	0.381433 	-0.176041 	0.0746913 	-0.0718599 	-1.54264 	0.0653693 	
6.135	0.381395 	-0.176036 	0.0746762 	-0.073326 	-1.5433 	0.0668452 	
6.14	0.381358 	-0.176032 	0.0746615 	-0.0747942 	-1.54395 	0.0683238 	
6.145	0.381321 	-0.176028 	0.0746478 	-0.0758972 	-1.5446 	0.0694377 	
6.15	0.381284 	-0.176025 	0.0746342 	-0.0761403 	-1.54525 	0.0696918 	
6.155	0.381249 	-0.176023 	0.0746217 	-0.0753612 	-1.5459 	0.0689252 	
6.16	0.381215 	-0.176025 	0.0746091 	-0.0744225 	-1.54652 	0.0679906 	
6.165	0.381179 	-0.17603 	0.0745925 	-0.07468 	-1.54714 	0.0682376 	
6.17	0.381141 	-0.176035 	0.0745718 	-0.0745393 	-1.54777 	0.0680845 	
6.175	0.3811 	-0.176037 	0.0745503 	-0.0759361 	-1.54841 	0.0694969 	
6.18	0.381059 	-0.176038 	0.0745284 	-0.077582 	-1.54906 	0.0711732 	
6.185	0.381039 	-0.176041 	0.0745136 	-0.0791163 	-1.54931 	0.0727057 	
6.19	0.381005 	-0.176054 	0.0744859 	-0.0804934 	-1.54952 	0.0740493 	
6.195	0.380976 	-0.176059 	0.0744578 	-0.0811658 	-1.54971 	0.0747055 	
6.2	0.38094 	-0.176062 	0.0744206 	-0.0838335 	-1.54992 	0.0773665 	
6.205	0.38092 	-0.176063 	0.0743926 	-0.0843213 	-1.54992 	0.0778496 	
6.21	0.380891 	-0.176071 	0.074361 	-0.0840196 	-1.54998 	0.0775244 	
6.215	0.380858 	-0.176072 	0.0743238 	-0.0837322 	-1.5501 	0.0772361 	
6.22	0.380821 	-0.176073 	0.0742854 	-0.081953 	-1.55026 	0.0754589 	
6.225	0.380796 	-0.176072 	0.0742502 	-0.0812157 	-1.55026 	0.0747262 	
6.23	0.38077 	-0.176077 	0.0742196 	-0.081642 	-1.55027 	0.0751374 	
6.235	0.380746 	-0.176079 	0.0741914 	-0.0815731 	-1.55028 	0.0750608 	
6.24	0.38073 	-0.176081 	0.0741671 	-0.0817725 	-1.55023 	0.0752559 	
6.245	0.380713 	-0.176086 	0.074145 	-0.0802996 	-1.55018 	0.0737913 	
6.25	0.380701 	-0.176088 	0.0741244 	-0.0794915 	-1.5501 	0.0729838 	
6.255	0.380688 	-0.17609 	0.0741047 	-0.0795003 	-1.55003 	0.0729911 	
6.26	0.380676 	-0.17609 	0.0740857 	-0.0798793 	-1.54996 	0.0733717 	
6.265	0.380666 	-0.176091 	0.0740674 	-0.0796421 	-1.54988 	0.0731333 	
6.27	0.380656 	-0.176092 	0.0740499 	-0.0792594 	-1.5498 	0.0727485 	
6.275	0.380647 	-0.176093 	0.0740332 	-0.0788494 	-1.54972 	0.0723366 	
6.28	0.380639 	-0.176094 	0.0740172 	-0.0784397 	-1.54965 	0.071925 	
6.285	0.380631 	-0.176095 	0.0740018 	-0.0780363 	-1.54957 	0.0715199 	
6.29	0.380623 	-0.176095 	0.0739868 	-0.0776393 	-1.5495 	0.0711213 	
6.295	0.380616 	-0.176096 	0.0739723 	-0.0772491 	-1.54943 	0.0707295 	
6.3	0.380608 	-0.176097 	0.0739581 	-0.0768648 	-1.54935 	0.0703437 	
6.305	0.380601 	-0.176098 	0.0739442 	-0.0764858 	-1.54928 	0.0699632 	
6.31	0.380595 	-0.176098 	0.0739305 	-0.076112 	-1.54921 	0.0695879 	
6.315	0.380588 	-0.176099 	0.0739171 	-0.0757426 	-1.54914 	0.069217 	
6.32	0.380582 	-0.1761 	0.0739038 	-0.0753773 	-1.54907 	0.0688502 	
6.325	0.380575 	-0.1761 	0.0738907 	-0.0750151 	-1.549 	0.0684866 	
6.33	0.380569 	-0.176101 	0.073878 	-0.0746686 	-1.54894 	0.0681392 	
6.335	0.380563 	-0.176102 	0.0738653 	-0.0743176 	-1.54887 	0.067787 	
6.34	0.380557 	-0.176103 	0.0738527 	-0.0739673 	-1.5488 	0.0674353 	
6.345	0.380551 	-0.176103 	0.0738402 	-0.0736192 	-1.54873 	0.0670858 	
6.35	0.380545 	-0.176104 	0.0738277 	-0.0732736 	-1.54867 	0.0667388 	
6.355	0.380539 	-0.176105 	0.0738152 	-0.0729303 	-1.5486 	0.0663942 	
6.36	0.380533 	-0.176105 	0.0738028 	-0.0725894 	-1.54853 	0.0660518 	
6.365	0.380527 	-0.176106 	0.0737903 	-0.0722507 	-1.54846 	0.0657118 	
6.37	0.380522 	-0.176107 	0.073778 	-0.0719142 	-1.5484 	0.0653739 	
6.375	0.380516 	-0.176107 	0.0737656 	-0.0715801 	-1.54833 	0.0650383 	
6.38	0.38051 	-0.176108 	0.0737532 	-0.0712488 	-1.54826 	0.0647057 	
6.385	0.380504 	-0.176109 	0.0737409 	-0.0709188 	-1.54819 	0.0643743 	
6.39	0.380498 	-0.176109 	0.0737285 	-0.0705907 	-1.54813 	0.0640448 	
6.395	0.380492 	-0.17611 	0.0737162 	-0.0702644 	-1.54806 	0.0637172 	
6.4	0.380487 	-0.176111 	0.0737038 	-0.06994 	-1.54799 	0.0633914 	
6.405	0.380481 	-0.176111 	0.0736915 	-0.0696175 	-1.54793 	0.0630674 	
6.41	0.380475 	-0.176112 	0.0736791 	-0.0692969 	-1.54786 	0.0627454 	
6.415	0.380469 	-0.176113 	0.0736668 	-0.0690005 	-1.54779 	0.0624472 	
6.42	0.380463 	-0.176113 	0.0736544 	-0.0686816 	-1.54772 	0.0621267 	
6.425	0.380457 	-0.176114 	0.073642 	-0.0683657 	-1.54766 	0.0618094 	
6.43	0.38045 	-0.176115 	0.0736288 	-0.0677702 	-1.54759 	0.0612074 	
6.435	0.380444 	-0.176116 	0.0736159 	-0.0673046 	-1.54753 	0.0607382 	
6.44	0.380438 	-0.176117 	0.0736031 	-0.0669532 	-1.54746 	0.0603841 	
6.445	0.380432 	-0.176118 	0.0735903 	-0.0666324 	-1.54739 	0.060061 	
6.45	0.380425 	-0.176119 	0.0735776 	-0.0663209 	-1.54732 	0.0597476 	
6.455	0.380417 	-0.17612 	0.0735624 	-0.0656524 	-1.54726 	0.0590697 	
6.46	0.380414 	-0.17612 	0.0735557 	-0.0640363 	-1.54723 	0.0574457 	
6.465	0.380412 	-0.176118 	0.0735487 	-0.0634734 	-1.54718 	0.0568864 	
6.47	0.380409 	-0.176117 	0.073541 	-0.0631654 	-1.54712 	0.0565815 	
6.475	0.380404 	-0.176117 	0.0735298 	-0.0623531 	-1.54707 	0.0557669 	
6.48	0.380399 	-0.176116 	0.0735183 	-0.0619477 	-1.54701 	0.0553644 	
6.485	0.380394 	-0.176116 	0.0735066 	-0.06165 	-1.54694 	0.0550671 	
6.49	0.380388 	-0.176116 	0.0734946 	-0.0613549 	-1.54689 	0.0547706 	
6.495	0.380382 	-0.176116 	0.0734825 	-0.0610539 	-1.54684 	0.05447 	
6.5	0.380373 	-0.176114 	0.0734678 	-0.0612327 	-1.54679 	0.0546514 	
6.505	0.380366 	-0.176113 	0.0734532 	-0.0611043 	-1.54672 	0.054525 	
6.51	0.380358 	-0.176113 	0.0734389 	-0.060859 	-1.54665 	0.0542799 	
6.515	0.380351 	-0.176113 	0.0734248 	-0.0605868 	-1.54658 	0.0540076 	
6.52	0.380344 	-0.176113 	0.0734109 	-0.0603091 	-1.54651 	0.0537297 	
6.525	0.380337 	-0.176114 	0.0733972 	-0.0600198 	-1.54644 	0.05344 	
6.53	0.38033 	-0.176114 	0.0733837 	-0.0597404 	-1.54637 	0.05316 	
6.535	0.380324 	-0.176114 	0.0733703 	-0.0594645 	-1.5463 	0.0528836 	
6.54	0.380317 	-0.176115 	0.073357 	-0.0591907 	-1.54623 	0.052609 	
6.545	0.380311 	-0.176115 	0.0733438 	-0.058907 	-1.54616 	0.0523243 	
6.55	0.380304 	-0.176116 	0.0733307 	-0.0586336 	-1.54609 	0.0520499 	
6.555	0.380294 	-0.176116 	0.0733145 	-0.0588902 	-1.54603 	0.0522789 	
6.56	0.380281 	-0.176117 	0.0732957 	-0.0590676 	-1.54599 	0.0524078 	
6.565	0.380268 	-0.176118 	0.0732778 	-0.0581084 	-1.54596 	0.0513896 	
6.57	0.380255 	-0.176117 	0.0732594 	-0.0581056 	-1.54593 	0.0513533 	
6.575	0.380244 	-0.176117 	0.0732414 	-0.0578845 	-1.54587 	0.0511231 	
6.58	0.380233 	-0.176119 	0.0732241 	-0.0576118 	-1.54579 	0.0508432 	
6.585	0.380224 	-0.176121 	0.0732074 	-0.0573231 	-1.54572 	0.0505503 	
6.59	0.380215 	-0.176122 	0.0731913 	-0.057041 	-1.54564 	0.0502655 	
6.595	0.380206 	-0.176123 	0.0731757 	-0.0567632 	-1.54557 	0.0499854 	
6.6	0.380198 	-0.176123 	0.0731608 	-0.0564935 	-1.5455 	0.0497135 	
6.605	0.380191 	-0.176124 	0.0731462 	-0.0562262 	-1.54543 	0.0494444 	
6.61	0.380183 	-0.176125 	0.0731319 	-0.0559612 	-1.54535 	0.0491774 	
6.615	0.380174 	-0.176127 	0.0731172 	-0.0548615 	-1.54531 	0.0480784 	
6.62	0.380166 	-0.176127 	0.0731028 	-0.0541378 	-1.54528 	0.0473629 	
6.625	0.380158 	-0.176128 	0.0730887 	-0.0535581 	-1.54525 	0.0467884 	
6.63	0.380145 	-0.176127 	0.0730701 	-0.0535314 	-1.54524 	0.0467649 	
6.635	0.380128 	-0.176127 	0.0730485 	-0.0529079 	-1.54525 	0.0461427 	
6.64	0.38011 	-0.176126 	0.0730259 	-0.0525064 	-1.54529 	0.0457445 	
6.645	0.380088 	-0.176124 	0.0730016 	-0.0524193 	-1.54533 	0.0456624 	
6.65	0.380067 	-0.176124 	0.0729773 	-0.0507073 	-1.54539 	0.0439396 	
6.655	0.380056 	-0.176124 	0.0729638 	-0.049728 	-1.5454 	0.0429591 	
6.66	0.380044 	-0.176127 	0.0729499 	-0.0487852 	-1.5454 	0.042006 	
6.665	0.380031 	-0.176126 	0.0729348 	-0.0488235 	-1.54541 	0.0420419 	
6.67	0.380016 	-0.176125 	0.0729171 	-0.048768 	-1.54543 	0.0419885 	
6.675	0.379998 	-0.176123 	0.072896 	-0.048754 	-1.54547 	0.0419813 	
