0	0.556278 	-0.0521204 	-0.340329 	-0.00155664 	-0.0222476 	-0.00123478 	
0.005	14.8993 	-4.41953 	-6.6183 	-0.136995 	-0.582914 	0.10572 	
0.01	10.7718 	-0.916018 	-4.75276 	-0.0107999 	-0.416223 	0.0715023 	
0.015	9.64685 	-0.846137 	-4.3407 	-0.00998094 	-0.372282 	0.0635577 	
0.02	8.69002 	-0.765047 	-3.98297 	-0.00855877 	-0.334802 	0.0566371 	
0.025	7.86978 	-0.708228 	-3.6822 	-0.0077573 	-0.302775 	0.0508095 	
0.03	7.16894 	-0.660711 	-3.42626 	-0.00710095 	-0.275431 	0.045846 	
0.035	6.57281 	-0.630948 	-3.19926 	-0.00705782 	-0.252049 	0.0414873 	
0.04	6.06153 	-0.599418 	-3.0113 	-0.00670401 	-0.232077 	0.0378614 	
0.045	5.62463 	-0.572034 	-2.85178 	-0.00636865 	-0.215025 	0.0347862 	
0.05	5.25143 	-0.548316 	-2.71632 	-0.00605708 	-0.200472 	0.0321784 	
0.055	4.93598 	-0.520107 	-2.59459 	-0.00558596 	-0.188059 	0.029825 	
0.06	4.66405 	-0.500846 	-2.49478 	-0.00531042 	-0.17745 	0.0278833 	
0.065	4.43157 	-0.484848 	-2.41033 	-0.00508339 	-0.1684 	0.0262362 	
0.07	4.23295 	-0.471516 	-2.33889 	-0.00489401 	-0.160684 	0.0248406 	
0.075	4.06462 	-0.466419 	-2.27318 	-0.00502448 	-0.154064 	0.0235879 	
0.08	3.91965 	-0.458451 	-2.22041 	-0.00494913 	-0.148414 	0.0225768 	
0.085	3.79577 	-0.451348 	-2.17606 	-0.00486091 	-0.143597 	0.0217322 	
0.09	3.69 	-0.44505 	-2.13883 	-0.00476585 	-0.139497 	0.0210284 	
0.095	3.60238 	-0.431585 	-2.103 	-0.00445761 	-0.136019 	0.0203246 	
0.1	3.52552 	-0.424915 	-2.07516 	-0.00433829 	-0.133048 	0.0197683 	
0.105	3.45973 	-0.419642 	-2.05203 	-0.0042463 	-0.130522 	0.0193004 	
0.11	3.40358 	-0.42148 	-2.0306 	-0.00441417 	-0.128334 	0.0188936 	
0.115	3.35541 	-0.419588 	-2.01404 	-0.00440164 	-0.126482 	0.0185799 	
0.12	3.31432 	-0.417765 	-2.00051 	-0.00437235 	-0.124914 	0.0183298 	
0.125	3.27933 	-0.416041 	-1.98955 	-0.00433124 	-0.123591 	0.018133 	
0.13	3.25249 	-0.407423 	-1.97507 	-0.0041203 	-0.122474 	0.0178428 	
0.135	3.22726 	-0.404314 	-1.96584 	-0.00405625 	-0.121518 	0.0176453 	
0.14	3.20555 	-0.402021 	-1.95858 	-0.00400944 	-0.120715 	0.0174833 	
0.145	3.18697 	-0.400345 	-1.95298 	-0.00397371 	-0.120043 	0.0173533 	
0.15	3.17097 	-0.40527 	-1.94723 	-0.00417733 	-0.119442 	0.0172503 	
0.155	3.15736 	-0.405895 	-1.94367 	-0.00419612 	-0.118949 	0.0171927 	
0.16	3.14586 	-0.406167 	-1.94121 	-0.00419152 	-0.118544 	0.0171627 	
0.165	3.13831 	-0.398815 	-1.9356 	-0.00397557 	-0.118225 	0.0170436 	
0.17	3.13022 	-0.396905 	-1.93316 	-0.00392168 	-0.117956 	0.0169808 	
0.175	3.12327 	-0.395598 	-1.93166 	-0.00388208 	-0.117741 	0.0169343 	
0.18	3.11737 	-0.394735 	-1.93096 	-0.00385156 	-0.117575 	0.0169031 	
0.185	3.11269 	-0.398934 	-1.92788 	-0.00403254 	-0.1174 	0.0168509 	
0.19	3.10834 	-0.3998 	-1.92724 	-0.00405448 	-0.117269 	0.0168464 	
0.195	3.10473 	-0.400361 	-1.9273 	-0.00405596 	-0.117173 	0.0168604 	
0.2	3.10319 	-0.394431 	-1.92568 	-0.00386082 	-0.117129 	0.016817 	
0.205	3.1009 	-0.393084 	-1.92582 	-0.00381193 	-0.117099 	0.0168056 	
0.21	3.09899 	-0.392222 	-1.92649 	-0.00377519 	-0.117092 	0.0168035 	
0.215	3.09745 	-0.391712 	-1.9276 	-0.00374614 	-0.117105 	0.0168105 	
0.22	3.09694 	-0.394833 	-1.92484 	-0.00389912 	-0.117077 	0.0167616 	
0.225	3.09579 	-0.395598 	-1.92499 	-0.00392001 	-0.117073 	0.0167679 	
0.23	3.09489 	-0.396148 	-1.92573 	-0.00392381 	-0.117085 	0.0167898 	
0.235	3.09427 	-0.396528 	-1.92694 	-0.00391428 	-0.117114 	0.0168247 	
0.24	3.09538 	-0.389763 	-1.92678 	-0.00368211 	-0.117194 	0.0168014 	
0.245	3.09538 	-0.388211 	-1.92789 	-0.0036244 	-0.117267 	0.0168019 	
0.25	3.09543 	-0.387263 	-1.92936 	-0.00358442 	-0.117349 	0.0168078 	
0.255	3.09562 	-0.391332 	-1.92826 	-0.00375375 	-0.117378 	0.0167858 	
0.26	3.0956 	-0.39226 	-1.9292 	-0.00377469 	-0.11743 	0.0168047 	
0.265	3.09574 	-0.39295 	-1.93058 	-0.00377921 	-0.117493 	0.0168374 	
0.27	3.09604 	-0.393452 	-1.93229 	-0.00377091 	-0.117568 	0.0168811 	
0.275	3.09825 	-0.386491 	-1.93145 	-0.0035453 	-0.117678 	0.0168404 	
0.28	3.09892 	-0.384961 	-1.93245 	-0.00349339 	-0.117777 	0.0168354 	
0.285	3.09953 	-0.384051 	-1.93383 	-0.00345926 	-0.117881 	0.0168365 	
0.29	3.10016 	-0.383588 	-1.93552 	-0.00343663 	-0.117991 	0.0168443 	
0.295	3.10077 	-0.38861 	-1.93493 	-0.00363596 	-0.118048 	0.0168328 	
0.3	3.10125 	-0.389945 	-1.93614 	-0.00366806 	-0.118124 	0.0168605 	
0.305	3.10185 	-0.390912 	-1.93772 	-0.003679 	-0.11821 	0.0169022 	
0.31	3.10396 	-0.383966 	-1.93812 	-0.00343695 	-0.118346 	0.0168864 	
0.315	3.10494 	-0.382576 	-1.93956 	-0.00338425 	-0.118469 	0.0168928 	
0.32	3.10587 	-0.381761 	-1.94128 	-0.00334852 	-0.118594 	0.0169038 	
0.325	3.10681 	-0.38136 	-1.94322 	-0.0033239 	-0.118722 	0.0169201 	
0.33	3.10779 	-0.38125 	-1.94533 	-0.00330616 	-0.118854 	0.016942 	
0.335	3.1094 	-0.384821 	-1.94277 	-0.00348762 	-0.118922 	0.0168877 	
0.34	3.11012 	-0.385893 	-1.94331 	-0.00352296 	-0.119004 	0.0168982 	
0.345	3.11088 	-0.386698 	-1.94435 	-0.00353872 	-0.119092 	0.0169244 	
0.35	3.11259 	-0.380221 	-1.94724 	-0.00327947 	-0.119267 	0.016957 	
0.355	3.11387 	-0.378924 	-1.94946 	-0.00322048 	-0.119419 	0.0169792 	
0.36	3.1151 	-0.378187 	-1.95176 	-0.00317986 	-0.119569 	0.0170024 	
0.365	3.11633 	-0.377851 	-1.95413 	-0.00315166 	-0.119721 	0.017028 	
0.37	3.11824 	-0.38056 	-1.95107 	-0.0033129 	-0.119796 	0.0169553 	
0.375	3.11908 	-0.381368 	-1.95145 	-0.00334428 	-0.119887 	0.0169559 	
0.38	3.11996 	-0.382023 	-1.95236 	-0.00336019 	-0.119985 	0.016972 	
0.385	3.12151 	-0.376682 	-1.95601 	-0.00313201 	-0.120172 	0.0170177 	
0.39	3.12292 	-0.37567 	-1.95847 	-0.00308001 	-0.120335 	0.0170441 	
0.395	3.12428 	-0.375141 	-1.96093 	-0.00304417 	-0.120496 	0.0170712 	
0.4	3.12564 	-0.374956 	-1.9634 	-0.00301914 	-0.120658 	0.0171003 	
0.405	3.12701 	-0.375007 	-1.96587 	-0.00300096 	-0.12082 	0.0171321 	
0.41	3.12988 	-0.375663 	-1.96117 	-0.00312045 	-0.120905 	0.0170131 	
0.415	3.13087 	-0.376064 	-1.96088 	-0.00315187 	-0.120999 	0.0169913 	
0.42	3.13181 	-0.376471 	-1.96122 	-0.00317186 	-0.121098 	0.0169867 	
0.425	3.13302 	-0.372361 	-1.9675 	-0.00295008 	-0.121321 	0.017088 	
0.43	3.13466 	-0.371637 	-1.97077 	-0.0028977 	-0.12151 	0.0171314 	
0.435	3.13624 	-0.371326 	-1.9738 	-0.00286135 	-0.121693 	0.0171714 	
0.44	3.13777 	-0.371304 	-1.97665 	-0.00283585 	-0.121873 	0.0172101 	
0.445	3.14079 	-0.370977 	-1.97159 	-0.00292938 	-0.121964 	0.0170709 	
0.45	3.14183 	-0.371126 	-1.9712 	-0.00295629 	-0.122068 	0.0170395 	
0.455	3.14282 	-0.371389 	-1.97146 	-0.00297599 	-0.122176 	0.0170254 	
0.46	3.14395 	-0.36834 	-1.97803 	-0.00278934 	-0.122406 	0.0171297 	
0.465	3.14565 	-0.367889 	-1.98134 	-0.00274625 	-0.122601 	0.0171728 	
0.47	3.14728 	-0.367781 	-1.98439 	-0.00271687 	-0.122791 	0.0172127 	
0.475	3.14887 	-0.367907 	-1.98723 	-0.00269658 	-0.122978 	0.0172516 	
0.48	3.15197 	-0.366219 	-1.98241 	-0.00274175 	-0.123083 	0.017103 	
0.485	3.15311 	-0.366076 	-1.98208 	-0.00276152 	-0.123199 	0.0170646 	
0.49	3.15421 	-0.366165 	-1.98234 	-0.00277891 	-0.123321 	0.0170434 	
0.495	3.15532 	-0.364171 	-1.98906 	-0.00262949 	-0.123556 	0.017149 	
0.5	3.1571 	-0.363981 	-1.99241 	-0.00259587 	-0.123759 	0.0171917 	
0.505	3.15879 	-0.364066 	-1.99547 	-0.00257364 	-0.123956 	0.0172316 	
0.51	3.16045 	-0.364336 	-1.99829 	-0.00255873 	-0.124149 	0.0172708 	
0.515	3.16364 	-0.361335 	-1.99384 	-0.00255652 	-0.12427 	0.0171134 	
0.52	3.1649 	-0.36091 	-1.9936 	-0.00256921 	-0.124401 	0.0170687 	
0.525	3.1661 	-0.360831 	-1.99391 	-0.00258421 	-0.124536 	0.0170409 	
0.53	3.16732 	-0.360988 	-1.99469 	-0.00259876 	-0.124676 	0.017028 	
0.535	3.16898 	-0.358954 	-2.00339 	-0.00242616 	-0.124965 	0.0171682 	
0.54	3.17114 	-0.358818 	-2.00759 	-0.00238597 	-0.125202 	0.017225 	
0.545	3.1731 	-0.35897 	-2.01121 	-0.00236051 	-0.125425 	0.0172737 	
0.55	3.17605 	-0.356989 	-2.00656 	-0.00239712 	-0.125547 	0.017116 	
0.555	3.17728 	-0.356823 	-2.00643 	-0.00241694 	-0.125687 	0.0170748 	
0.56	3.17851 	-0.356936 	-2.00682 	-0.00243681 	-0.12583 	0.0170503 	
0.565	3.17979 	-0.357233 	-2.00764 	-0.00245469 	-0.125977 	0.0170404 	
0.57	3.18168 	-0.353827 	-2.01564 	-0.00225421 	-0.126277 	0.0171391 	
0.575	3.18386 	-0.353398 	-2.01953 	-0.00221347 	-0.12652 	0.0171776 	
0.58	3.18584 	-0.353372 	-2.0229 	-0.00219031 	-0.126749 	0.0172105 	
0.585	3.1877 	-0.353622 	-2.02587 	-0.00217889 	-0.126968 	0.0172408 	
0.59	3.19102 	-0.351608 	-2.02037 	-0.00223189 	-0.127088 	0.0170589 	
0.595	3.1923 	-0.351475 	-2.01969 	-0.00226282 	-0.127223 	0.0170029 	
0.6	3.19355 	-0.351627 	-2.01964 	-0.0022922 	-0.127362 	0.0169662 	
0.605	3.19501 	-0.349331 	-2.0284 	-0.00211625 	-0.12766 	0.0170846 	
0.61	3.19716 	-0.34919 	-2.03231 	-0.00208487 	-0.127903 	0.0171233 	
0.615	3.19912 	-0.349374 	-2.03566 	-0.00206857 	-0.128133 	0.0171568 	
0.62	3.20096 	-0.349778 	-2.0386 	-0.00206213 	-0.128353 	0.0171879 	
0.625	3.20426 	-0.346228 	-2.03382 	-0.00205776 	-0.128491 	0.0169939 	
0.63	3.20562 	-0.345758 	-2.03335 	-0.00207883 	-0.12864 	0.0169309 	
0.635	3.20694 	-0.345702 	-2.03344 	-0.00210395 	-0.128792 	0.0168869 	
0.64	3.20832 	-0.344628 	-2.04175 	-0.00197684 	-0.129083 	0.0170012 	
0.645	3.21044 	-0.344781 	-2.04551 	-0.0019578 	-0.129326 	0.0170373 	
0.65	3.21239 	-0.345183 	-2.04874 	-0.00195067 	-0.129556 	0.0170693 	
0.655	3.21424 	-0.345745 	-2.05157 	-0.00195099 	-0.129777 	0.0170999 	
0.66	3.21756 	-0.34073 	-2.04768 	-0.00189067 	-0.129936 	0.016895 	
0.665	3.21904 	-0.339943 	-2.04748 	-0.00190259 	-0.130101 	0.0168254 	
0.67	3.22047 	-0.339695 	-2.04773 	-0.00192386 	-0.130268 	0.0167746 	
0.675	3.2219 	-0.339822 	-2.04837 	-0.00194954 	-0.130437 	0.0167406 	
0.68	3.22385 	-0.339032 	-2.05883 	-0.00180829 	-0.13078 	0.0168923 	
0.685	3.22633 	-0.339363 	-2.06349 	-0.00178557 	-0.131053 	0.0169446 	
0.69	3.2285 	-0.339914 	-2.06731 	-0.00177696 	-0.131307 	0.0169874 	
0.695	3.23163 	-0.33606 	-2.06274 	-0.00176426 	-0.13146 	0.0167819 	
0.7	3.23303 	-0.335597 	-2.0625 	-0.00178623 	-0.131628 	0.0167162 	
0.705	3.23442 	-0.335582 	-2.06271 	-0.00181423 	-0.131798 	0.0166692 	
0.71	3.23583 	-0.335875 	-2.0633 	-0.00184431 	-0.131969 	0.0166386 	
0.715	3.23796 	-0.333283 	-2.07341 	-0.00166154 	-0.132327 	0.0167396 	
0.72	3.24044 	-0.333206 	-2.07787 	-0.00163535 	-0.132607 	0.0167703 	
0.725	3.24259 	-0.333497 	-2.08149 	-0.0016272 	-0.132866 	0.0167946 	
0.73	3.24537 	-0.331146 	-2.0774 	-0.00165396 	-0.13302 	0.0166184 	
0.735	3.24675 	-0.331033 	-2.07729 	-0.0016846 	-0.133192 	0.0165603 	
0.74	3.24816 	-0.331273 	-2.0776 	-0.00171825 	-0.133365 	0.0165199 	
0.745	3.24985 	-0.32877 	-2.08488 	-0.00157884 	-0.13367 	0.0165568 	
0.75	3.25198 	-0.328703 	-2.08818 	-0.00156908 	-0.133923 	0.0165608 	
0.755	3.25392 	-0.329004 	-2.09099 	-0.00157351 	-0.134162 	0.016566 	
0.76	3.25576 	-0.329555 	-2.09343 	-0.00158678 	-0.13439 	0.0165738 	
0.765	3.25754 	-0.330264 	-2.09562 	-0.00160495 	-0.134611 	0.016585 	
0.77	3.26077 	-0.323607 	-2.09369 	-0.00147937 	-0.134811 	0.0163565 	
0.775	3.26247 	-0.322499 	-2.09393 	-0.00148559 	-0.135004 	0.0162705 	
0.78	3.26408 	-0.322086 	-2.09444 	-0.00150779 	-0.135197 	0.0162048 	
0.785	3.26566 	-0.322167 	-2.09519 	-0.00153915 	-0.135388 	0.0161566 	
0.79	3.26751 	-0.322711 	-2.10528 	-0.00145612 	-0.135732 	0.0162934 	
0.795	3.26995 	-0.323478 	-2.10974 	-0.00145554 	-0.136011 	0.0163349 	
0.8	3.27207 	-0.324378 	-2.11332 	-0.00146543 	-0.136268 	0.0163692 	
0.805	3.27524 	-0.318796 	-2.10998 	-0.00139298 	-0.136455 	0.016132 	
0.81	3.2768 	-0.31804 	-2.11001 	-0.00141137 	-0.136646 	0.0160502 	
0.815	3.2783 	-0.317877 	-2.11035 	-0.00144165 	-0.136836 	0.0159884 	
0.82	3.27981 	-0.318131 	-2.11096 	-0.00147817 	-0.137025 	0.015944 	
0.825	3.28182 	-0.316538 	-2.12107 	-0.00134202 	-0.137389 	0.0160237 	
0.83	3.28425 	-0.316802 	-2.12542 	-0.00133515 	-0.137676 	0.0160416 	
0.835	3.28633 	-0.317372 	-2.12887 	-0.00134366 	-0.13794 	0.0160557 	
0.84	3.28915 	-0.313626 	-2.12562 	-0.00132375 	-0.13812 	0.0158529 	
0.845	3.29062 	-0.313287 	-2.12565 	-0.0013535 	-0.13831 	0.0157798 	
0.85	3.29209 	-0.313424 	-2.12599 	-0.0013911 	-0.138499 	0.0157256 	
0.855	3.29358 	-0.313889 	-2.1266 	-0.00143207 	-0.138687 	0.0156879 	
0.86	3.29581 	-0.310258 	-2.13681 	-0.00124511 	-0.139068 	0.0157097 	
0.865	3.29826 	-0.310054 	-2.14111 	-0.00123186 	-0.139361 	0.0157052 	
0.87	3.30033 	-0.310319 	-2.14448 	-0.00123871 	-0.13963 	0.0157005 	
0.875	3.30218 	-0.310906 	-2.1472 	-0.00125861 	-0.13988 	0.0156975 	
0.88	3.30523 	-0.307038 	-2.14288 	-0.00125199 	-0.140045 	0.0154673 	
0.885	3.30665 	-0.306679 	-2.14229 	-0.00129088 	-0.140222 	0.0153792 	
0.89	3.30805 	-0.306815 	-2.14213 	-0.00133643 	-0.140399 	0.0153132 	
0.895	3.30964 	-0.304873 	-2.15212 	-0.00120063 	-0.140756 	0.0153605 	
0.9	3.31187 	-0.305052 	-2.15612 	-0.00120151 	-0.141036 	0.015358 	
0.905	3.3138 	-0.305592 	-2.15927 	-0.00121813 	-0.141294 	0.015356 	
0.91	3.31555 	-0.306374 	-2.16182 	-0.00124454 	-0.141536 	0.0153561 	
0.915	3.31859 	-0.300579 	-2.15898 	-0.00116853 	-0.141725 	0.0150949 	
0.92	3.32009 	-0.299785 	-2.15883 	-0.00119485 	-0.141917 	0.0149947 	
0.925	3.32154 	-0.299638 	-2.15896 	-0.00123428 	-0.142106 	0.0149177 	
0.93	3.32288 	-0.299303 	-2.16759 	-0.00116375 	-0.142435 	0.014972 	
0.935	3.32493 	-0.299845 	-2.17116 	-0.00118014 	-0.142703 	0.0149698 	
0.94	3.32674 	-0.300648 	-2.174 	-0.00120763 	-0.142951 	0.0149692 	
0.945	3.32842 	-0.301615 	-2.17633 	-0.00124142 	-0.143186 	0.0149714 	
0.95	3.3315 	-0.294044 	-2.17504 	-0.00110128 	-0.143401 	0.0146796 	
0.955	3.33313 	-0.29285 	-2.17534 	-0.00111638 	-0.143607 	0.0145677 	
0.96	3.33464 	-0.292444 	-2.17575 	-0.00115041 	-0.143809 	0.0144803 	
0.965	3.3361 	-0.2926 	-2.17631 	-0.00119563 	-0.144008 	0.0144136 	
0.97	3.33765 	-0.292936 	-2.18649 	-0.00113098 	-0.144365 	0.0144998 	
0.975	3.33982 	-0.293784 	-2.1907 	-0.00114996 	-0.144647 	0.0145129 	
0.98	3.34167 	-0.294811 	-2.19396 	-0.00117944 	-0.144906 	0.0145238 	
0.985	3.34461 	-0.288732 	-2.19133 	-0.00109694 	-0.145102 	0.0142475 	
0.99	3.34606 	-0.28796 	-2.19136 	-0.00112494 	-0.1453 	0.0141451 	
0.995	3.34745 	-0.287851 	-2.19158 	-0.00116701 	-0.145495 	0.0140661 	
1	3.34883 	-0.288208 	-2.19198 	-0.00121678 	-0.145688 	0.0140068 	
1.005	3.35051 	-0.286132 	-2.20248 	-0.00109188 	-0.146062 	0.0140215 	
1.01	3.35266 	-0.286393 	-2.20668 	-0.00110183 	-0.14635 	0.0140082 	
1.015	3.35446 	-0.287023 	-2.20987 	-0.00112768 	-0.146612 	0.0139973 	
1.02	3.35604 	-0.2879 	-2.21235 	-0.00116332 	-0.146855 	0.0139899 	
1.025	3.35927 	-0.281339 	-2.20862 	-0.00108276 	-0.147031 	0.0136769 	
1.03	3.36067 	-0.280392 	-2.20799 	-0.00111547 	-0.147213 	0.0135557 	
1.035	3.36198 	-0.28017 	-2.20768 	-0.00116277 	-0.147394 	0.0134614 	
1.04	3.36295 	-0.280174 	-2.21757 	-0.00110232 	-0.147737 	0.0135156 	
1.045	3.36483 	-0.280845 	-2.22135 	-0.00112755 	-0.148008 	0.0135069 	
1.05	3.36644 	-0.281769 	-2.22424 	-0.00116376 	-0.148256 	0.0135007 	
1.055	3.36897 	-0.276478 	-2.22253 	-0.00109536 	-0.148456 	0.013246 	
1.06	3.37031 	-0.275923 	-2.22278 	-0.00112883 	-0.148655 	0.0131481 	
1.065	3.37159 	-0.275982 	-2.22313 	-0.0011752 	-0.148849 	0.0130729 	
1.07	3.37288 	-0.27647 	-2.2236 	-0.00122848 	-0.149039 	0.0130168 	
1.075	3.37439 	-0.273241 	-2.23287 	-0.00109771 	-0.14939 	0.0129609 	
1.08	3.3763 	-0.273232 	-2.23655 	-0.00111201 	-0.149664 	0.0129221 	
1.085	3.37789 	-0.273687 	-2.23933 	-0.00114308 	-0.149914 	0.0128917 	
1.09	3.37931 	-0.274461 	-2.24149 	-0.00118448 	-0.150147 	0.0128692 	
1.095	3.38201 	-0.269031 	-2.23894 	-0.00112322 	-0.150329 	0.0125932 	
1.1	3.38331 	-0.268392 	-2.23868 	-0.00116124 	-0.150513 	0.0124833 	
1.105	3.38456 	-0.268398 	-2.23863 	-0.00121182 	-0.150694 	0.0123988 	
1.11	3.3858 	-0.268855 	-2.2388 	-0.00126893 	-0.150874 	0.0123354 	
1.115	3.38726 	-0.266006 	-2.25081 	-0.00112528 	-0.151264 	0.0123161 	
1.12	3.38927 	-0.266124 	-2.25536 	-0.00113671 	-0.151554 	0.0122883 	
1.125	3.39085 	-0.266677 	-2.2587 	-0.00116611 	-0.151814 	0.0122657 	
1.13	3.39347 	-0.263162 	-2.25447 	-0.00117369 	-0.151969 	0.0120208 	
1.135	3.39455 	-0.262972 	-2.25387 	-0.00122449 	-0.152141 	0.0119233 	
1.14	3.39564 	-0.26329 	-2.25358 	-0.00128278 	-0.152311 	0.0118493 	
1.145	3.39651 	-0.260417 	-2.26206 	-0.00117488 	-0.152629 	0.0117805 	
1.15	3.39808 	-0.260459 	-2.2652 	-0.00119803 	-0.15288 	0.0117319 	
1.155	3.39941 	-0.260957 	-2.26757 	-0.00123593 	-0.153112 	0.0116948 	
1.16	3.40062 	-0.261768 	-2.26942 	-0.00128263 	-0.153328 	0.0116678 	
1.165	3.40297 	-0.255928 	-2.26831 	-0.00119964 	-0.153519 	0.0113851 	
1.17	3.4042 	-0.255206 	-2.26845 	-0.0012341 	-0.153705 	0.0112727 	
1.175	3.40535 	-0.255163 	-2.26867 	-0.00128295 	-0.153887 	0.0111863 	
1.18	3.40649 	-0.255598 	-2.269 	-0.00133974 	-0.154065 	0.0111213 	
1.185	3.40749 	-0.253053 	-2.27852 	-0.00123565 	-0.154401 	0.0110675 	
1.19	3.4091 	-0.253232 	-2.28218 	-0.00125891 	-0.154661 	0.0110278 	
1.195	3.41043 	-0.25383 	-2.2849 	-0.00129683 	-0.154896 	0.0109975 	
1.2	3.41159 	-0.254714 	-2.28696 	-0.00134352 	-0.155115 	0.0109759 	
1.205	3.41447 	-0.248181 	-2.28386 	-0.001265 	-0.155276 	0.010642 	
1.21	3.41564 	-0.247268 	-2.28327 	-0.00130257 	-0.155443 	0.010513 	
1.215	3.41672 	-0.247091 	-2.28293 	-0.00135472 	-0.155609 	0.0104135 	
1.22	3.41704 	-0.246766 	-2.29167 	-0.00131501 	-0.155911 	0.0104172 	
1.225	3.41839 	-0.247374 	-2.29488 	-0.00135181 	-0.156151 	0.0103883 	
1.23	3.41953 	-0.248275 	-2.29729 	-0.00139821 	-0.156372 	0.0103677 	
1.235	3.42174 	-0.242998 	-2.29589 	-0.00133512 	-0.156551 	0.0100914 	
1.24	3.4228 	-0.242456 	-2.29604 	-0.00137397 	-0.156728 	0.00998503 	
1.245	3.4238 	-0.242538 	-2.29626 	-0.00142536 	-0.156902 	0.00990399 	
1.25	3.4248 	-0.243058 	-2.29657 	-0.00148346 	-0.157071 	0.00984384 	
1.255	3.42559 	-0.239513 	-2.30474 	-0.00137474 	-0.157374 	0.00972943 	
1.26	3.42693 	-0.239421 	-2.30786 	-0.00139948 	-0.157612 	0.00966982 	
1.265	3.42804 	-0.239828 	-2.31017 	-0.0014393 	-0.15783 	0.00962483 	
1.27	3.42903 	-0.24058 	-2.31193 	-0.00148816 	-0.158033 	0.00959229 	
1.275	3.43139 	-0.235288 	-2.30965 	-0.00143348 	-0.158191 	0.00930211 	
1.28	3.43243 	-0.234685 	-2.30932 	-0.00147519 	-0.158352 	0.00918807 	
1.285	3.43339 	-0.234721 	-2.30918 	-0.00152879 	-0.158511 	0.0091013 	
1.29	3.43434 	-0.235206 	-2.30923 	-0.00158852 	-0.158667 	0.00903695 	
1.295	3.43486 	-0.232024 	-2.31958 	-0.00147241 	-0.158994 	0.00895405 	
1.3	3.4362 	-0.232033 	-2.32338 	-0.00149442 	-0.15924 	0.00890478 	
1.305	3.43723 	-0.23251 	-2.32615 	-0.00153194 	-0.159462 	0.00886784 	
1.31	3.4381 	-0.233311 	-2.3282 	-0.00157891 	-0.159665 	0.00884157 	
1.315	3.44119 	-0.22764 	-2.32339 	-0.00153907 	-0.159788 	0.0085075 	
1.32	3.44217 	-0.226915 	-2.32218 	-0.0015849 	-0.159924 	0.00838033 	
1.325	3.44305 	-0.226857 	-2.32136 	-0.00164184 	-0.160061 	0.0082832 	
1.33	3.44276 	-0.225816 	-2.33099 	-0.00158316 	-0.160352 	0.00826592 	
1.335	3.44379 	-0.22625 	-2.33431 	-0.0016169 	-0.160576 	0.00823054 	
1.34	3.44461 	-0.227022 	-2.33677 	-0.00166123 	-0.160779 	0.00820552 	
1.345	3.4468 	-0.222374 	-2.33399 	-0.00162741 	-0.160918 	0.00792699 	
1.35	3.4476 	-0.221938 	-2.33365 	-0.00167142 	-0.161066 	0.00782131 	
1.355	3.44835 	-0.222082 	-2.3335 	-0.00172545 	-0.161212 	0.00774185 	
1.36	3.4491 	-0.222631 	-2.33354 	-0.00178437 	-0.161356 	0.00768386 	
1.365	3.44934 	-0.218688 	-2.34197 	-0.00167095 	-0.161634 	0.0075474 	
1.37	3.45033 	-0.218467 	-2.34505 	-0.00169416 	-0.16185 	0.00748198 	
1.375	3.45111 	-0.218771 	-2.34731 	-0.00173243 	-0.162047 	0.00743351 	
1.38	3.45179 	-0.219442 	-2.34902 	-0.00177986 	-0.16223 	0.0073991 	
1.385	3.45429 	-0.214939 	-2.34525 	-0.00175773 	-0.162349 	0.00711396 	
1.39	3.45512 	-0.214492 	-2.34439 	-0.00180473 	-0.162479 	0.00700431 	
1.395	3.45588 	-0.214619 	-2.34386 	-0.00186041 	-0.162609 	0.00692207 	
1.4	3.45662 	-0.215144 	-2.34364 	-0.00191998 	-0.162738 	0.00686227 	
1.405	3.4565 	-0.211384 	-2.35456 	-0.00179212 	-0.163043 	0.00675656 	
1.41	3.45747 	-0.21121 	-2.35845 	-0.00181013 	-0.163267 	0.00670176 	
1.415	3.45815 	-0.211542 	-2.36125 	-0.00184411 	-0.163468 	0.00666161 	
1.42	3.46071 	-0.209103 	-2.35597 	-0.00188378 	-0.163564 	0.00643256 	
1.425	3.46136 	-0.209109 	-2.35487 	-0.00193979 	-0.163681 	0.00634252 	
1.43	3.46198 	-0.209542 	-2.35419 	-0.00199972 	-0.163798 	0.00627657 	
1.435	3.46159 	-0.206161 	-2.36146 	-0.00190797 	-0.164031 	0.00615047 	
1.44	3.46225 	-0.206026 	-2.36395 	-0.00193494 	-0.164216 	0.00608761 	
1.445	3.46279 	-0.206373 	-2.36583 	-0.00197434 	-0.164387 	0.00604233 	
1.45	3.46328 	-0.207055 	-2.36729 	-0.00202102 	-0.164547 	0.00601146 	
1.455	3.46376 	-0.207961 	-2.36848 	-0.00207118 	-0.164699 	0.00599247 	
1.46	3.46645 	-0.200534 	-2.3657 	-0.00197222 	-0.164811 	0.0056056 	
1.465	3.46729 	-0.199313 	-2.36503 	-0.00200142 	-0.16493 	0.00546545 	
1.47	3.46797 	-0.19888 	-2.36457 	-0.00204601 	-0.165049 	0.00535906 	
1.475	3.46858 	-0.199011 	-2.36437 	-0.00209935 	-0.165168 	0.00528013 	
1.48	3.46772 	-0.199356 	-2.3737 	-0.00207716 	-0.165418 	0.00531583 	
1.485	3.46829 	-0.200178 	-2.37712 	-0.00211374 	-0.165609 	0.00530804 	
1.49	3.46872 	-0.201191 	-2.37967 	-0.00215656 	-0.165782 	0.00530652 	
1.495	3.47159 	-0.19532 	-2.37503 	-0.00210816 	-0.165873 	0.0049591 	
1.5	3.47225 	-0.19454 	-2.37407 	-0.00214543 	-0.16598 	0.00484014 	
1.505	3.47281 	-0.194401 	-2.37344 	-0.00219331 	-0.166088 	0.00475115 	
1.51	3.47331 	-0.194716 	-2.37313 	-0.00224659 	-0.166197 	0.00468658 	
1.515	3.47243 	-0.192935 	-2.38175 	-0.00218263 	-0.16643 	0.00463516 	
1.52	3.47287 	-0.193184 	-2.38486 	-0.00221003 	-0.166609 	0.00460094 	
1.525	3.47319 	-0.193782 	-2.38718 	-0.00224707 	-0.166771 	0.00457894 	
1.53	3.47572 	-0.19009 	-2.38255 	-0.00224675 	-0.166854 	0.0043144 	
1.535	3.47628 	-0.189781 	-2.38162 	-0.00229065 	-0.166953 	0.00421991 	
1.54	3.47676 	-0.18996 	-2.38107 	-0.00234067 	-0.167052 	0.00415107 	
1.545	3.4772 	-0.190478 	-2.38085 	-0.002393 	-0.167153 	0.00410315 	
1.55	3.47643 	-0.186837 	-2.38868 	-0.00229342 	-0.167366 	0.00397305 	
1.555	3.4768 	-0.186595 	-2.39152 	-0.00231233 	-0.167532 	0.00391662 	
1.56	3.47704 	-0.186832 	-2.39366 	-0.00234379 	-0.167684 	0.0038775 	
1.565	3.47724 	-0.187406 	-2.39532 	-0.00238286 	-0.167826 	0.00385243 	
1.57	3.48046 	-0.18397 	-2.38951 	-0.00239677 	-0.167891 	0.00358541 	
1.575	3.48115 	-0.183693 	-2.38803 	-0.00244303 	-0.167971 	0.00349044 	
1.58	3.48168 	-0.183873 	-2.38708 	-0.00249354 	-0.168053 	0.00342153 	
1.585	3.48213 	-0.184371 	-2.3866 	-0.00254499 	-0.168136 	0.00337393 	
1.59	3.48076 	-0.180881 	-2.39721 	-0.00242675 	-0.168373 	0.00328169 	
1.595	3.48101 	-0.180667 	-2.40094 	-0.00243808 	-0.168546 	0.00323885 	
1.6	3.48109 	-0.180912 	-2.4037 	-0.00246307 	-0.1687 	0.00321042 	
1.605	3.48437 	-0.179336 	-2.39672 	-0.00252704 	-0.168747 	0.00300228 	
1.61	3.48488 	-0.179457 	-2.39514 	-0.00257872 	-0.168816 	0.00292838 	
1.615	3.48527 	-0.179901 	-2.39415 	-0.00263068 	-0.168887 	0.00287689 	
1.62	3.48559 	-0.180562 	-2.39365 	-0.00268088 	-0.16896 	0.00284373 	
1.625	3.48422 	-0.175627 	-2.40289 	-0.00253949 	-0.169166 	0.00268362 	
1.63	3.48431 	-0.175017 	-2.40611 	-0.00254476 	-0.169319 	0.00262208 	
1.635	3.48427 	-0.174968 	-2.40852 	-0.00256542 	-0.169458 	0.00257946 	
1.64	3.48717 	-0.174992 	-2.40211 	-0.00265836 	-0.169502 	0.00244155 	
1.645	3.48758 	-0.175458 	-2.40073 	-0.00271249 	-0.169565 	0.00238924 	
1.65	3.48789 	-0.176128 	-2.39993 	-0.00276383 	-0.16963 	0.00235564 	
1.655	3.48814 	-0.176928 	-2.3996 	-0.00281137 	-0.169698 	0.00233728 	
1.66	3.48694 	-0.170834 	-2.40744 	-0.00265312 	-0.169874 	0.00212006 	
1.665	3.48696 	-0.169902 	-2.41023 	-0.00265299 	-0.17001 	0.002044 	
1.67	3.48686 	-0.169608 	-2.41235 	-0.00266956 	-0.170135 	0.00199045 	
1.675	3.48673 	-0.169775 	-2.41402 	-0.00269701 	-0.170253 	0.00195487 	
1.68	3.49062 	-0.170743 	-2.40645 	-0.00282086 	-0.170288 	0.0018394 	
1.685	3.49129 	-0.1715 	-2.40454 	-0.00288159 	-0.170334 	0.00179923 	
1.69	3.49172 	-0.17234 	-2.40335 	-0.00293488 	-0.170381 	0.001776 	
1.695	3.48973 	-0.167479 	-2.41134 	-0.00279455 	-0.170537 	0.00162398 	
1.7	3.48955 	-0.166876 	-2.41398 	-0.0027965 	-0.170655 	0.00157028 	
1.705	3.48931 	-0.166793 	-2.41606 	-0.00281201 	-0.170766 	0.00153483 	
1.71	3.48907 	-0.167081 	-2.41774 	-0.00283625 	-0.170871 	0.001514 	
1.715	3.493 	-0.166571 	-2.41053 	-0.00292162 	-0.170903 	0.00134802 	
1.72	3.49363 	-0.166918 	-2.40877 	-0.00297096 	-0.170944 	0.00129503 	
1.725	3.49399 	-0.167453 	-2.40768 	-0.00301629 	-0.170986 	0.00126148 	
1.73	3.49187 	-0.164276 	-2.41475 	-0.00291615 	-0.171117 	0.0011736 	
1.735	3.49156 	-0.164027 	-2.41716 	-0.00292259 	-0.17122 	0.00114002 	
1.74	3.49123 	-0.164175 	-2.41913 	-0.00293906 	-0.171318 	0.00112092 	
1.745	3.49093 	-0.164604 	-2.42079 	-0.00296176 	-0.171412 	0.00111347 	
1.75	3.49496 	-0.162887 	-2.4139 	-0.00301601 	-0.171441 	0.000905339 	
1.755	3.49559 	-0.162908 	-2.41226 	-0.00305621 	-0.171477 	0.000842139 	
1.76	3.49592 	-0.163198 	-2.41126 	-0.00309495 	-0.171514 	0.000800451 	
1.765	3.49608 	-0.163673 	-2.41081 	-0.00313104 	-0.171553 	0.00077636 	
1.77	3.49374 	-0.160673 	-2.4193 	-0.00302231 	-0.171697 	0.000715941 	
1.775	3.49329 	-0.160438 	-2.42243 	-0.00302127 	-0.171804 	0.000695509 	
1.78	3.49281 	-0.160582 	-2.4249 	-0.00303127 	-0.171904 	0.000686744 	
1.785	3.49679 	-0.160315 	-2.41754 	-0.00311934 	-0.171922 	0.000532092 	
1.79	3.49726 	-0.160634 	-2.41599 	-0.00316132 	-0.171952 	0.000488273 	
1.795	3.49746 	-0.161116 	-2.4151 	-0.00319908 	-0.171983 	0.000462628 	
1.8	3.4975 	-0.161706 	-2.41475 	-0.0032324 	-0.172016 	0.000451789 	
1.805	3.49744 	-0.162364 	-2.41485 	-0.00326133 	-0.172052 	0.000452919 	
1.81	3.49551 	-0.156974 	-2.42223 	-0.00310924 	-0.172177 	0.000283589 	
1.815	3.495 	-0.156074 	-2.42509 	-0.0030958 	-0.172273 	0.000233662 	
1.82	3.49444 	-0.15573 	-2.42738 	-0.00309752 	-0.172363 	0.000201969 	
1.825	3.49851 	-0.158356 	-2.4199 	-0.00324903 	-0.172376 	0.000161388 	
1.83	3.49898 	-0.159315 	-2.41837 	-0.00329961 	-0.172398 	0.000151963 	
1.835	3.49916 	-0.16022 	-2.41754 	-0.00333967 	-0.172419 	0.000154818 	
1.84	3.49916 	-0.161074 	-2.41727 	-0.00337101 	-0.172443 	0.00016758 	
1.845	3.49723 	-0.155122 	-2.4233 	-0.00321101 	-0.172536 	-2.97625e-05 	
1.85	3.49663 	-0.154077 	-2.42561 	-0.00319429 	-0.172612 	-8.45805e-05 	
1.855	3.49602 	-0.153604 	-2.42753 	-0.00319244 	-0.172685 	-0.000119628 	
1.86	3.49945 	-0.156913 	-2.42121 	-0.00334515 	-0.172695 	-0.000112634 	
1.865	3.49978 	-0.158002 	-2.42007 	-0.00339157 	-0.172713 	-0.000105716 	
1.87	3.49984 	-0.158979 	-2.41956 	-0.00342668 	-0.172732 	-8.93238e-05 	
1.875	3.49974 	-0.159862 	-2.41957 	-0.0034527 	-0.172753 	-6.53907e-05 	
1.88	3.49839 	-0.153836 	-2.42356 	-0.00330347 	-0.172818 	-0.000283836 	
1.885	3.49782 	-0.152731 	-2.42528 	-0.00328597 	-0.172874 	-0.000341101 	
1.89	3.49723 	-0.15219 	-2.42683 	-0.00328218 	-0.172932 	-0.000377628 	
1.895	3.50004 	-0.155981 	-2.42178 	-0.00343089 	-0.172941 	-0.000329412 	
1.9	3.50025 	-0.157161 	-2.42105 	-0.00347253 	-0.172957 	-0.000307953 	
1.905	3.50021 	-0.158183 	-2.42089 	-0.00350241 	-0.172973 	-0.000279563 	
1.91	3.50003 	-0.159079 	-2.42118 	-0.00352308 	-0.172993 	-0.000245763 	
1.915	3.49974 	-0.159874 	-2.42182 	-0.00353656 	-0.173015 	-0.000207799 	
1.92	3.49961 	-0.152207 	-2.42357 	-0.00337 	-0.173055 	-0.00052219 	
1.925	3.4992 	-0.15056 	-2.4247 	-0.00334472 	-0.173095 	-0.000607893 	
1.93	3.49867 	-0.149611 	-2.42582 	-0.00333576 	-0.173138 	-0.00066673 	
1.935	3.50079 	-0.155971 	-2.42212 	-0.00352624 	-0.173142 	-0.000494666 	
1.94	3.50086 	-0.157732 	-2.42184 	-0.00357182 	-0.173153 	-0.000435968 	
1.945	3.50071 	-0.15914 	-2.42204 	-0.00360103 	-0.173166 	-0.000376969 	
1.95	3.50042 	-0.160278 	-2.42264 	-0.00361796 	-0.173181 	-0.000318087 	
1.955	3.50083 	-0.152474 	-2.42305 	-0.00345438 	-0.173205 	-0.000645425 	
1.96	3.50048 	-0.150843 	-2.42373 	-0.00342813 	-0.173231 	-0.00072725 	
1.965	3.49996 	-0.149875 	-2.42454 	-0.00341668 	-0.173261 	-0.000782724 	
1.97	3.50146 	-0.156226 	-2.42194 	-0.00359266 	-0.173262 	-0.000588319 	
1.975	3.50135 	-0.157949 	-2.42198 	-0.00363097 	-0.173269 	-0.000520424 	
1.98	3.50106 	-0.15931 	-2.42246 	-0.00365356 	-0.173278 	-0.000453905 	
1.985	3.50063 	-0.160396 	-2.42327 	-0.00366452 	-0.17329 	-0.000388886 	
1.99	3.50192 	-0.153271 	-2.42203 	-0.00352712 	-0.173301 	-0.000705267 	
1.995	3.50169 	-0.151769 	-2.42225 	-0.00350298 	-0.173314 	-0.000780011 	
2	3.50122 	-0.150862 	-2.42273 	-0.00349103 	-0.17333 	-0.000829593 	
2.005	3.50061 	-0.1504 	-2.42346 	-0.00348725 	-0.173349 	-0.000858937 	
2.01	3.50249 	-0.158417 	-2.42093 	-0.00369862 	-0.173338 	-0.000598996 	
2.015	3.50247 	-0.16072 	-2.42107 	-0.00374269 	-0.173332 	-0.000497321 	
2.02	3.5022 	-0.162448 	-2.42163 	-0.00376505 	-0.173331 	-0.000402702 	
2.025	3.50211 	-0.154845 	-2.42237 	-0.0035985 	-0.173345 	-0.000705704 	
2.03	3.50159 	-0.153362 	-2.42321 	-0.00356618 	-0.173362 	-0.000764306 	
2.035	3.50098 	-0.15244 	-2.42422 	-0.00354612 	-0.173383 	-0.000800627 	
2.04	3.50032 	-0.15194 	-2.42539 	-0.00353464 	-0.173408 	-0.000819221 	
2.045	3.502 	-0.158682 	-2.42301 	-0.00372462 	-0.173404 	-0.000615444 	
2.05	3.50197 	-0.160567 	-2.42334 	-0.00376016 	-0.173407 	-0.000529405 	
2.055	3.50177 	-0.161979 	-2.42408 	-0.00377646 	-0.173414 	-0.000447408 	
2.06	3.50107 	-0.155345 	-2.42627 	-0.00361975 	-0.173445 	-0.000692358 	
2.065	3.50054 	-0.154029 	-2.42773 	-0.00358572 	-0.173477 	-0.000734754 	
2.07	3.49999 	-0.153213 	-2.42924 	-0.00356299 	-0.173513 	-0.000757944 	
2.075	3.49945 	-0.152777 	-2.43079 	-0.00354837 	-0.173552 	-0.000765983 	
2.08	3.49894 	-0.152626 	-2.4324 	-0.00353946 	-0.173595 	-0.000762085 	
2.085	3.50122 	-0.15913 	-2.42942 	-0.0037539 	-0.173603 	-0.000608386 	
2.09	3.50149 	-0.160989 	-2.42966 	-0.00379464 	-0.173617 	-0.000529995 	
2.095	3.50157 	-0.162346 	-2.43035 	-0.00381289 	-0.173634 	-0.000453317 	
2.1	3.50006 	-0.155119 	-2.43525 	-0.003609 	-0.173699 	-0.00066963 	
2.105	3.49956 	-0.153627 	-2.43763 	-0.00356245 	-0.173756 	-0.000705099 	
2.11	3.4991 	-0.152691 	-2.4398 	-0.00353087 	-0.173816 	-0.00072313 	
2.115	3.49868 	-0.152176 	-2.44183 	-0.00351029 	-0.173876 	-0.000727483 	
2.12	3.50064 	-0.158353 	-2.43919 	-0.0037275 	-0.173896 	-0.00059789 	
2.125	3.50092 	-0.159983 	-2.43964 	-0.00376537 	-0.173925 	-0.000530266 	
2.13	3.50109 	-0.161173 	-2.44048 	-0.00378196 	-0.173956 	-0.000462214 	
2.135	3.49961 	-0.154823 	-2.44599 	-0.00359065 	-0.174042 	-0.000632506 	
2.14	3.49927 	-0.153531 	-2.44865 	-0.0035456 	-0.174116 	-0.000654791 	
2.145	3.49898 	-0.152734 	-2.45102 	-0.00351431 	-0.174189 	-0.000662332 	
2.15	3.49873 	-0.152314 	-2.45319 	-0.00349321 	-0.174262 	-0.000658362 	
2.155	3.49855 	-0.152176 	-2.45522 	-0.00347955 	-0.174336 	-0.000645383 	
2.16	3.50038 	-0.158121 	-2.45303 	-0.00372644 	-0.174373 	-0.000570449 	
2.165	3.5008 	-0.159726 	-2.45358 	-0.00377192 	-0.174416 	-0.000513155 	
2.17	3.50114 	-0.160856 	-2.4545 	-0.00379202 	-0.174461 	-0.000452273 	
2.175	3.49955 	-0.153986 	-2.46153 	-0.00354692 	-0.17458 	-0.000580793 	
2.18	3.49936 	-0.152564 	-2.46472 	-0.00348903 	-0.174675 	-0.000593304 	
2.185	3.4992 	-0.151692 	-2.46745 	-0.00344935 	-0.174767 	-0.000594074 	
2.19	3.49909 	-0.151235 	-2.46985 	-0.00342321 	-0.174856 	-0.000585595 	
2.195	3.50049 	-0.156895 	-2.46843 	-0.00367506 	-0.174906 	-0.000535737 	
2.2	3.50086 	-0.158301 	-2.46928 	-0.00371814 	-0.174963 	-0.000488287 	
2.205	3.50121 	-0.159287 	-2.4704 	-0.00373687 	-0.175021 	-0.000435153 	
2.21	3.49987 	-0.153255 	-2.47725 	-0.00350764 	-0.175151 	-0.000526827 	
2.215	3.49982 	-0.152029 	-2.48044 	-0.00345253 	-0.175256 	-0.000528952 	
2.22	3.4998 	-0.151294 	-2.48315 	-0.00341423 	-0.175356 	-0.000521465 	
2.225	3.49983 	-0.150931 	-2.48553 	-0.00338847 	-0.175452 	-0.000506413 	
2.23	3.49992 	-0.150847 	-2.48768 	-0.00337189 	-0.175546 	-0.000485372 	
2.235	3.50072 	-0.156254 	-2.48788 	-0.00365858 	-0.175621 	-0.000497998 	
2.24	3.50109 	-0.157611 	-2.48914 	-0.00371071 	-0.175695 	-0.000464386 	
2.245	3.50148 	-0.158509 	-2.49051 	-0.0037334 	-0.175767 	-0.000420581 	
2.25	3.50044 	-0.152014 	-2.49729 	-0.00344216 	-0.175915 	-0.000456539 	
2.255	3.50052 	-0.150685 	-2.50053 	-0.00337277 	-0.176031 	-0.000445524 	
2.26	3.50063 	-0.149906 	-2.50326 	-0.00332555 	-0.17614 	-0.000429048 	
2.265	3.50079 	-0.149539 	-2.50563 	-0.00329478 	-0.176244 	-0.000408041 	
2.27	3.50119 	-0.154696 	-2.50695 	-0.00358828 	-0.176334 	-0.000446848 	
2.275	3.50151 	-0.15588 	-2.50858 	-0.00363814 	-0.17642 	-0.000422061 	
2.28	3.50187 	-0.156654 	-2.51018 	-0.00365951 	-0.176503 	-0.000385073 	
2.285	3.50111 	-0.150961 	-2.51619 	-0.00338812 	-0.17665 	-0.000393916 	
2.29	3.50127 	-0.14982 	-2.51921 	-0.00332268 	-0.176768 	-0.000375246 	
2.295	3.50147 	-0.149171 	-2.52176 	-0.00327767 	-0.176879 	-0.000352516 	
2.3	3.50171 	-0.148892 	-2.524 	-0.00324781 	-0.176984 	-0.000326377 	
2.305	3.50164 	-0.153159 	-2.52689 	-0.00351817 	-0.177093 	-0.000393852 	
2.31	3.50191 	-0.154111 	-2.52895 	-0.00356255 	-0.177192 	-0.000377436 	
2.315	3.50223 	-0.154717 	-2.53081 	-0.00358035 	-0.177286 	-0.000346963 	
2.32	3.5026 	-0.155083 	-2.53255 	-0.0035794 	-0.177377 	-0.000306648 	
2.325	3.50185 	-0.148439 	-2.53931 	-0.0032578 	-0.177549 	-0.000312298 	
2.33	3.50204 	-0.146974 	-2.54258 	-0.00317607 	-0.177681 	-0.000294446 	
2.335	3.50223 	-0.146144 	-2.54525 	-0.00312262 	-0.177803 	-0.000274117 	
2.34	3.50247 	-0.151202 	-2.54706 	-0.00341332 	-0.177903 	-0.000313866 	
2.345	3.50276 	-0.152245 	-2.54884 	-0.00345729 	-0.178 	-0.000291254 	
2.35	3.50311 	-0.152943 	-2.55048 	-0.00347602 	-0.178093 	-0.000256773 	
2.355	3.50352 	-0.153398 	-2.55205 	-0.00347688 	-0.178183 	-0.000214021 	
2.36	3.50243 	-0.147032 	-2.5599 	-0.00319368 	-0.178365 	-0.00025616 	
2.365	3.50255 	-0.145624 	-2.56341 	-0.00312136 	-0.178502 	-0.000247615 	
2.37	3.50268 	-0.144807 	-2.5662 	-0.00307334 	-0.178627 	-0.000233403 	
2.375	3.50283 	-0.144433 	-2.5685 	-0.00304324 	-0.178743 	-0.000214444 	
2.38	3.50325 	-0.150597 	-2.56975 	-0.00338846 	-0.178846 	-0.000247262 	
2.385	3.50359 	-0.152018 	-2.5712 	-0.00344951 	-0.178941 	-0.00021962 	
2.39	3.50397 	-0.152932 	-2.57259 	-0.00347671 	-0.17903 	-0.000179692 	
2.395	3.50299 	-0.146258 	-2.57931 	-0.00315609 	-0.179195 	-0.000193527 	
2.4	3.5031 	-0.144908 	-2.58239 	-0.00308049 	-0.179323 	-0.000176591 	
2.405	3.50324 	-0.144124 	-2.58488 	-0.00302922 	-0.179441 	-0.000155694 	
2.41	3.50342 	-0.143765 	-2.58697 	-0.00299595 	-0.179551 	-0.000131377 	
2.415	3.50333 	-0.148988 	-2.58956 	-0.00331532 	-0.179663 	-0.000192845 	
2.42	3.50356 	-0.150139 	-2.59136 	-0.0033688 	-0.179762 	-0.000173743 	
2.425	3.50383 	-0.150859 	-2.59295 	-0.00339094 	-0.179855 	-0.000140615 	
2.43	3.50319 	-0.145057 	-2.59808 	-0.00309493 	-0.180001 	-0.000129956 	
2.435	3.50331 	-0.14389 	-2.60067 	-0.00302328 	-0.180119 	-0.000106184 	
2.44	3.50347 	-0.143232 	-2.60282 	-0.00297406 	-0.180228 	-7.96022e-05 	
2.445	3.50368 	-0.142956 	-2.6047 	-0.00294146 	-0.180332 	-5.05337e-05 	
2.45	3.50321 	-0.147269 	-2.60833 	-0.00323464 	-0.180451 	-0.000138273 	
2.455	3.50334 	-0.148187 	-2.61039 	-0.00328203 	-0.180553 	-0.000127222 	
2.46	3.50351 	-0.148744 	-2.61214 	-0.00330036 	-0.180647 	-0.000100578 	
2.465	3.50374 	-0.149053 	-2.61369 	-0.00329826 	-0.180736 	-6.29865e-05 	
2.47	3.50319 	-0.142305 	-2.61858 	-0.00294869 	-0.180888 	-4.70964e-05 	
2.475	3.5033 	-0.140834 	-2.62107 	-0.00286019 	-0.181006 	-2.33726e-05 	
2.48	3.50342 	-0.140021 	-2.62315 	-0.00280264 	-0.181114 	1.34364e-06 	
2.485	3.50328 	-0.145142 	-2.62534 	-0.00311801 	-0.181212 	-5.96022e-05 	
2.49	3.50342 	-0.14617 	-2.62698 	-0.00316554 	-0.181303 	-4.24341e-05 	
2.495	3.50359 	-0.146839 	-2.62844 	-0.00318557 	-0.181387 	-1.20802e-05 	
2.5	3.50381 	-0.147256 	-2.6298 	-0.0031861 	-0.181469 	2.75627e-05 	
2.505	3.50298 	-0.14081 	-2.63496 	-0.00287878 	-0.181611 	3.85936e-06 	
2.51	3.50298 	-0.139415 	-2.63746 	-0.00280135 	-0.181723 	1.68093e-05 	
2.515	3.50299 	-0.138632 	-2.63952 	-0.0027506 	-0.181825 	3.41034e-05 	
2.52	3.50319 	-0.143473 	-2.6406 	-0.00302708 	-0.181908 	6.96523e-06 	
2.525	3.50332 	-0.144484 	-2.64188 	-0.00306806 	-0.181988 	3.09157e-05 	
2.53	3.5035 	-0.145169 	-2.64311 	-0.00308479 	-0.182064 	6.55154e-05 	
2.535	3.5037 	-0.145625 	-2.64433 	-0.0030843 	-0.182138 	0.000107628 	
2.54	3.50392 	-0.145925 	-2.64556 	-0.00307184 	-0.18221 	0.000154927 	
2.545	3.50266 	-0.138321 	-2.65187 	-0.00276295 	-0.182359 	5.03763e-05 	
2.55	3.5025 	-0.136555 	-2.65466 	-0.00268382 	-0.182471 	3.83709e-05 	
2.555	3.50233 	-0.135516 	-2.65689 	-0.00263344 	-0.182573 	3.61217e-05 	
2.56	3.5034 	-0.142113 	-2.65571 	-0.00294819 	-0.182631 	8.01374e-05 	
2.565	3.50363 	-0.143568 	-2.65634 	-0.00299863 	-0.182694 	0.000121479 	
2.57	3.50386 	-0.144578 	-2.65711 	-0.00302146 	-0.182755 	0.00016948 	
2.575	3.50407 	-0.145266 	-2.65803 	-0.00302454 	-0.182814 	0.000221978 	
2.58	3.50267 	-0.137399 	-2.6638 	-0.00272213 	-0.182942 	8.78368e-05 	
2.585	3.50241 	-0.135649 	-2.66631 	-0.00264853 	-0.18304 	6.86108e-05 	
2.59	3.50214 	-0.134601 	-2.66835 	-0.00260108 	-0.18313 	6.14195e-05 	
2.595	3.50342 	-0.140831 	-2.66666 	-0.00288008 	-0.183176 	0.000127497 	
2.6	3.50364 	-0.142221 	-2.6671 	-0.00292324 	-0.183228 	0.000172971 	
2.605	3.50381 	-0.143206 	-2.66775 	-0.00294197 	-0.183279 	0.000223484 	
2.61	3.50395 	-0.143898 	-2.66858 	-0.00294322 	-0.18333 	0.000277349 	
2.615	3.50275 	-0.138039 	-2.67059 	-0.00271682 	-0.183392 	0.000179815 	
2.62	3.50302 	-0.137573 	-2.67112 	-0.00267514 	-0.183447 	0.000205245 	
2.625	-1.78001 	2.66301 	9.57783 	-0.189994 	0.294366 	-0.0573442 	
2.63	-0.805226 	2.26023 	7.96488 	-0.171394 	0.22533 	-0.0368214 	
2.635	-0.82159 	2.29593 	8.3906 	-0.1832 	0.238966 	-0.0272527 	
2.64	-0.774089 	2.37589 	8.77783 	-0.193285 	0.249443 	-0.0211471 	
2.645	-1.08452 	2.07638 	9.43333 	-0.169387 	0.27633 	0.0113946 	
2.65	-1.19486 	2.05018 	9.90844 	-0.165594 	0.29261 	0.0141865 	
2.655	-1.26931 	1.86524 	10.2806 	-0.147829 	0.305754 	0.0146243 	
2.66	-0.838828 	1.59963 	11.3039 	-0.116513 	0.3257 	0.00669296 	
2.665	-0.915656 	1.53904 	11.1727 	-0.108936 	0.324301 	-0.00410482 	
2.67	-0.616889 	1.56934 	10.8918 	-0.118173 	0.31011 	0.00209463 	
2.675	-0.308953 	1.44729 	10.584 	-0.108519 	0.294206 	0.00195474 	
2.68	-0.432187 	1.14095 	10.7676 	-0.078098 	0.302537 	0.00426333 	
2.685	-0.517585 	1.00505 	10.9026 	-0.0630047 	0.30868 	-0.000700631 	
2.69	-0.584198 	0.880134 	11.0097 	-0.0495848 	0.313535 	-0.00363948 	
2.695	-0.644522 	0.779011 	11.1044 	-0.0386065 	0.317863 	-0.00614247 	
2.7	-0.702855 	0.703833 	11.1924 	-0.0301955 	0.321934 	-0.00826068 	
2.705	-0.759927 	0.651024 	11.2751 	-0.024065 	0.325809 	-0.00980109 	
2.71	-0.81289 	0.612913 	11.35 	-0.0196239 	0.329341 	-0.0103622 	
2.715	-0.860259 	0.584606 	11.4161 	-0.0165686 	0.332473 	-0.00954192 	
2.72	-0.904001 	0.564825 	11.4753 	-0.0146392 	0.33531 	-0.00786176 	
2.725	-0.942231 	0.548409 	11.526 	-0.0130854 	0.337742 	-0.00622801 	
2.73	-0.975573 	0.534717 	11.5691 	-0.0117961 	0.339818 	-0.00479965 	
2.735	-1.00508 	0.523874 	11.6061 	-0.0107885 	0.341607 	-0.00351049 	
2.74	-1.01884 	0.542658 	11.6235 	-0.0113324 	0.34235 	-0.00786866 	
2.745	-1.03655 	0.561578 	11.6444 	-0.012151 	0.343312 	-0.0108602 	
2.75	-1.05245 	0.58009 	11.6623 	-0.0130042 	0.344144 	-0.0135887 	
2.755	-1.06639 	0.596877 	11.6772 	-0.0137754 	0.34484 	-0.0160544 	
2.76	-1.07848 	0.611484 	11.6892 	-0.014419 	0.345409 	-0.0182806 	
2.765	-1.0882 	0.624511 	11.698 	-0.0149807 	0.345831 	-0.020336 	
2.77	-1.10903 	0.618688 	11.717 	-0.0140904 	0.346769 	-0.0203886 	
2.775	-1.12556 	0.61723 	11.7313 	-0.0135829 	0.347482 	-0.020774 	
2.78	-1.14099 	0.616706 	11.7441 	-0.0131947 	0.34813 	-0.0211123 	
2.785	-1.1555 	0.616967 	11.7556 	-0.012905 	0.348723 	-0.0214124 	
2.79	-1.16913 	0.617905 	11.7661 	-0.0127034 	0.349265 	-0.0216765 	
2.795	-1.18195 	0.619365 	11.7755 	-0.0125732 	0.349761 	-0.021908 	
2.8	-1.19431 	0.621628 	11.7843 	-0.0125352 	0.35023 	-0.0221176 	
2.805	-1.20566 	0.623783 	11.7919 	-0.0125103 	0.350644 	-0.0222915 	
2.81	-1.21625 	0.6261 	11.7985 	-0.0125228 	0.351014 	-0.0224351 	
2.815	-1.22619 	0.628444 	11.8044 	-0.0125544 	0.35135 	-0.0225541 	
2.82	-1.23547 	0.630872 	11.8095 	-0.0126149 	0.351649 	-0.0226462 	
2.825	-1.24417 	0.63329 	11.8139 	-0.012691 	0.351917 	-0.0227158 	
2.83	-0.925978 	0.146804 	11.3948 	0.0382359 	0.33094 	-0.0239445 	
2.835	-0.674662 	-0.143524 	11.0895 	0.0657031 	0.315604 	-0.0221363 	
2.84	-0.888375 	0.570803 	11.8202 	-0.0134936 	0.343549 	-0.0092695 	
2.845	-0.780834 	0.864104 	11.5181 	-0.0456619 	0.332537 	-0.00506742 	
2.85	-0.728518 	0.748081 	11.4254 	-0.0310673 	0.328054 	-0.00725367 	
2.855	-0.628761 	0.202318 	11.1872 	0.0315257 	0.317308 	-0.0163138 	
2.86	-0.545095 	-0.209091 	11.023 	0.0722293 	0.310028 	-0.0187834 	
2.865	-0.46271 	-0.579301 	10.8773 	0.106173 	0.303381 	-0.0195218 	
2.87	-0.398386 	-0.887911 	10.7545 	0.13535 	0.297806 	-0.0206457 	
2.875	-0.864253 	0.0976408 	12.2526 	0.0287322 	0.353538 	-0.00420076 	
2.88	-0.716085 	0.421238 	11.7276 	-0.00669064 	0.334861 	-0.000725076 	
2.885	-0.677243 	0.764345 	11.5763 	-0.042453 	0.329657 	0.00266975 	
2.89	-0.444979 	0.716537 	10.6705 	-0.0623527 	0.29997 	0.0163091 	
2.895	-0.436153 	0.143296 	10.7144 	0.0108947 	0.299122 	0.0023448 	
2.9	-0.392273 	-0.256385 	10.6235 	0.0544636 	0.29483 	-0.00283968 	
2.905	-0.177117 	-0.320883 	10.3943 	0.0628649 	0.282474 	-0.00578436 	
2.91	0.133714 	-0.249128 	10.0532 	0.0518804 	0.264982 	-0.00468158 	
2.915	0.233211 	-0.120397 	9.95019 	0.0418221 	0.2595 	-0.00989516 	
2.92	-0.194135 	0.158856 	10.3786 	0.0120918 	0.276243 	0.00685768 	
2.925	-0.489329 	0.54924 	10.7286 	-0.0254468 	0.298177 	0.012909 	
2.93	-0.635714 	0.434036 	10.8278 	-0.0124569 	0.29599 	0.0108261 	
2.935	-0.781409 	0.421764 	10.9487 	-0.0101062 	0.297849 	0.0106395 	
2.94	-0.91155 	0.465127 	11.0625 	-0.0133441 	0.300449 	0.0103946 	
2.945	-1.01201 	0.41379 	11.1423 	-0.00697494 	0.301404 	0.00833088 	
2.95	-1.14465 	0.539038 	11.2424 	-0.019145 	0.302339 	0.0109404 	
2.955	-1.05554 	0.319383 	11.1969 	0.00423948 	0.306211 	0.00437138 	
2.96	-1.10537 	0.377684 	11.2986 	-0.000973434 	0.314631 	0.00426023 	
2.965	-1.16367 	0.366493 	11.3378 	0.000611873 	0.314333 	0.00378398 	
2.97	-1.20675 	0.360748 	11.3752 	0.00161751 	0.315344 	0.00331444 	
2.975	-1.22396 	0.293081 	11.3801 	0.00857124 	0.314711 	0.00326177 	
2.98	-1.25422 	0.272023 	11.3991 	0.01096 	0.31465 	0.00299498 	
2.985	-1.10993 	0.837645 	11.2744 	-0.045263 	0.31649 	-0.001737 	
2.99	-1.1744 	0.689164 	11.3736 	-0.0304878 	0.322261 	0.00135743 	
2.995	-1.19781 	0.659943 	11.42 	-0.0272511 	0.32609 	0.00142038 	
3	-1.23603 	0.655064 	11.4502 	-0.0262975 	0.326406 	0.000997074 	
3.005	-1.26522 	0.646165 	11.477 	-0.0250145 	0.327219 	0.000762885 	
3.01	-1.29097 	0.639053 	11.4998 	-0.023957 	0.327918 	0.000585562 	
3.015	-1.16799 	0.764645 	11.3909 	-0.0341642 	0.324844 	-0.0106104 	
3.02	-1.0935 	0.850993 	11.325 	-0.0412353 	0.323096 	-0.0177848 	
3.025	-1.05515 	0.909877 	11.2917 	-0.0459672 	0.322413 	-0.0231891 	
3.03	-1.10876 	0.90495 	11.3421 	-0.0450692 	0.32454 	-0.0255356 	
3.035	-1.15473 	0.825536 	11.3703 	-0.0367613 	0.324447 	-0.0256386 	
3.04	-1.19058 	0.774889 	11.3932 	-0.0313501 	0.324604 	-0.0261908 	
3.045	-1.26899 	0.468685 	11.4311 	-0.000389683 	0.326946 	-0.0263268 	
3.05	-1.28088 	0.523018 	11.442 	-0.00545963 	0.326319 	-0.0269125 	
3.055	-1.30031 	0.517034 	11.454 	-0.00454581 	0.326181 	-0.0273289 	
3.06	-1.31731 	0.512124 	11.4639 	-0.00374253 	0.326051 	-0.0276901 	
3.065	-1.3332 	0.522215 	11.4857 	-0.00456215 	0.327728 	-0.0274438 	
3.07	-1.34636 	0.529393 	11.5007 	-0.00506356 	0.328773 	-0.0274328 	
3.075	-1.35739 	0.536385 	11.5125 	-0.00556622 	0.329635 	-0.0274744 	
3.08	-1.39353 	0.670919 	11.5422 	-0.0198665 	0.330715 	-0.022623 	
3.085	-1.40864 	0.615839 	11.5486 	-0.0149655 	0.3305 	-0.0196216 	
3.09	-1.43498 	0.737161 	11.5693 	-0.0274844 	0.331336 	-0.0169993 	
3.095	-1.45555 	0.796263 	11.5827 	-0.0337793 	0.331684 	-0.0146737 	
3.1	-1.57771 	0.765901 	11.6672 	-0.0349028 	0.333965 	0.005047 	
3.105	-1.49036 	0.572743 	11.5597 	-0.0169267 	0.32782 	0.0060801 	
3.11	-1.50439 	0.59094 	11.5751 	-0.0175657 	0.328758 	0.00178753 	
3.115	-1.50637 	0.579017 	11.5735 	-0.0158136 	0.328648 	-0.000437368 	
3.12	-1.51108 	0.571285 	11.5733 	-0.0150028 	0.328497 	-0.000503894 	
3.125	-1.51496 	0.563822 	11.5723 	-0.014147 	0.328359 	-0.000896246 	
3.13	-1.51877 	0.557634 	11.5711 	-0.0134273 	0.328234 	-0.00123243 	
3.135	-1.52249 	0.552413 	11.5698 	-0.0128145 	0.328117 	-0.0015197 	
3.14	-1.55106 	0.485907 	11.5477 	-0.00628508 	0.323007 	-0.00148094 	
3.145	-1.55143 	0.627652 	11.5636 	-0.0197942 	0.325642 	-0.00353906 	
3.15	-1.56103 	0.599229 	11.56 	-0.0170354 	0.324662 	-0.00294003 	
3.155	-1.56449 	0.693336 	11.567 	-0.0256142 	0.325847 	-0.00509603 	
3.16	-1.56569 	0.751521 	11.5732 	-0.0309583 	0.327093 	-0.0062675 	
3.165	-1.4645 	0.454289 	11.4329 	-0.00461584 	0.318661 	0.00197982 	
3.17	-1.49574 	0.506243 	11.474 	-0.0085589 	0.321583 	-0.00274152 	
3.175	-1.51001 	0.514493 	11.4879 	-0.00921546 	0.322549 	-0.00267457 	
3.18	-1.53269 	0.523195 	11.4993 	-0.0091728 	0.322479 	-0.00555154 	
3.185	-1.55094 	0.53136 	11.5094 	-0.00952857 	0.322631 	-0.00666772 	
3.19	-1.56857 	0.54369 	11.5232 	-0.0120434 	0.3234 	-0.00134479 	
3.195	-1.58531 	0.545836 	11.5296 	-0.0122903 	0.323215 	-0.000704202 	
3.2	-1.6325 	0.766367 	11.5842 	-0.0350204 	0.327591 	0.00466669 	
3.205	-1.64843 	0.737682 	11.5851 	-0.0323578 	0.326694 	0.00585496 	
3.21	-1.64088 	0.722931 	11.5868 	-0.0287912 	0.328386 	-0.00125212 	
3.215	-1.63218 	0.734301 	11.5821 	-0.0293507 	0.328985 	-0.00328374 	
3.22	-1.62558 	0.741667 	11.5777 	-0.0295917 	0.329453 	-0.00496825 	
3.225	-1.6207 	0.747473 	11.5738 	-0.0297423 	0.329837 	-0.0063655 	
3.23	-1.61046 	0.691986 	11.5647 	-0.0245373 	0.330025 	-0.00562349 	
3.235	-1.60451 	0.658319 	11.5589 	-0.0213184 	0.330258 	-0.00544037 	
3.24	-1.60448 	0.657389 	11.5558 	-0.021057 	0.330331 	-0.00608136 	
3.245	-1.60259 	0.629994 	11.5504 	-0.0184434 	0.330257 	-0.00581878 	
3.25	-1.60148 	0.61091 	11.5457 	-0.0165996 	0.330206 	-0.00573255 	
3.255	-1.60007 	0.591625 	11.5413 	-0.0147685 	0.330241 	-0.00553948 	
3.26	-1.61119 	0.585002 	11.5397 	-0.0135996 	0.329481 	-0.00788627 	
3.265	-1.61845 	0.575303 	11.5368 	-0.012343 	0.328932 	-0.009311 	
3.27	-1.50623 	0.232961 	11.3739 	0.020026 	0.319236 	-0.00885625 	
3.275	-1.46925 	0.0627426 	11.2966 	0.0370838 	0.313671 	-0.0123789 	
3.28	-1.5815 	0.206405 	11.3695 	0.0238575 	0.313277 	-0.0139466 	
3.285	-1.63344 	0.272912 	11.3915 	0.0174821 	0.311591 	-0.0131931 	
3.29	-1.67034 	0.301777 	11.4026 	0.0141054 	0.309992 	-0.011089 	
3.295	-1.69943 	0.322223 	11.41 	0.0113977 	0.308614 	-0.00858277 	
3.3	-1.73855 	0.458774 	11.4208 	-0.00118074 	0.306797 	-0.0114621 	
3.305	-1.73742 	0.450635 	11.4317 	-0.00124783 	0.308648 	-0.00841832 	
3.31	-1.75867 	0.487558 	11.452 	-0.00658349 	0.309949 	-0.00143289 	
3.315	-1.76057 	0.511709 	11.4633 	-0.00975073 	0.311797 	0.00185215 	
3.32	-1.76152 	0.470348 	11.4487 	-0.00555451 	0.310247 	0.00104156 	
3.325	-1.74661 	0.442004 	11.4591 	-0.00309059 	0.31345 	0.00211841 	
3.33	-1.77618 	0.664522 	11.4926 	-0.0244719 	0.316276 	0.00125091 	
3.335	-1.75974 	0.601731 	11.4821 	-0.0181138 	0.316741 	0.000384365 	
3.34	-1.75687 	0.69728 	11.4869 	-0.0263084 	0.318163 	-0.00388662 	
3.345	-1.74696 	0.636977 	11.4809 	-0.0206296 	0.318765 	-0.00280776 	
3.35	-1.72593 	0.492156 	11.4796 	-0.00767689 	0.321 	0.00178692 	
3.355	-1.74152 	0.515518 	11.4875 	-0.0104902 	0.321382 	0.00436145 	
3.36	-1.73525 	0.508418 	11.481 	-0.00942867 	0.321551 	0.00289875 	
3.365	-1.71396 	0.490776 	11.465 	-0.00689534 	0.321798 	-0.000779101 	
3.37	-1.70042 	0.479035 	11.4537 	-0.00515846 	0.321986 	-0.00330888 	
3.375	-1.68942 	0.469293 	11.4437 	-0.00369629 	0.322126 	-0.00545256 	
3.38	-1.68058 	0.461219 	11.4348 	-0.00246853 	0.322223 	-0.00726105 	
3.385	-1.88734 	0.704245 	11.6331 	-0.0317813 	0.33187 	0.0209763 	
3.39	-1.86279 	0.736677 	11.5951 	-0.0342115 	0.329702 	0.0167851 	
3.395	-1.86369 	0.748659 	11.5862 	-0.0353284 	0.329025 	0.0165746 	
3.4	-1.86289 	0.822811 	11.585 	-0.042139 	0.329537 	0.0149974 	
3.405	-1.86854 	0.818487 	11.5781 	-0.0419454 	0.328758 	0.015801 	
3.41	-1.83542 	0.757321 	11.5388 	-0.0338897 	0.325999 	0.00683474 	
3.415	-1.85239 	0.828039 	11.5533 	-0.0416734 	0.327496 	0.0109111 	
3.42	-1.85626 	0.814961 	11.5506 	-0.0406493 	0.327441 	0.0120134 	
3.425	-1.84351 	0.757625 	11.5309 	-0.0347523 	0.326266 	0.0104988 	
3.43	-1.83555 	0.720072 	11.5168 	-0.0308498 	0.325542 	0.00925476 	
3.435	-1.83132 	0.684822 	11.5028 	-0.0272202 	0.324515 	0.00818096 	
3.44	-1.82811 	0.655686 	11.4909 	-0.0242383 	0.323683 	0.0073643 	
3.445	-1.82482 	0.63011 	11.4803 	-0.021617 	0.323042 	0.0066377 	
3.45	-1.83269 	0.640791 	11.4728 	-0.0222997 	0.321828 	0.00531458 	
3.455	-1.82936 	0.68498 	11.4905 	-0.0275966 	0.325621 	0.0096211 	
3.46	-1.7243 	0.414924 	11.3588 	-0.000790929 	0.318888 	0.00440504 	
3.465	-1.78939 	0.625393 	11.4251 	-0.0219708 	0.322646 	0.00874615 	
3.47	-1.81866 	0.683555 	11.4517 	-0.0285749 	0.324442 	0.0133459 	
3.475	-1.82987 	0.738213 	11.4712 	-0.0343134 	0.326868 	0.0156706 	
3.48	-1.83572 	0.75132 	11.4769 	-0.0356096 	0.327661 	0.0161232 	
3.485	-1.83293 	0.693018 	11.4537 	-0.0288015 	0.324659 	0.0115101 	
3.49	-1.83315 	0.65965 	11.4397 	-0.0248237 	0.322875 	0.0086592 	
3.495	-1.83389 	0.631701 	11.4275 	-0.0214829 	0.321344 	0.00624552 	
3.5	-1.70498 	0.298034 	11.2756 	0.0109012 	0.314352 	0.00291765 	
3.505	-1.68592 	0.200153 	11.2481 	0.0224921 	0.313523 	-0.0054022 	
3.51	-1.70688 	0.258035 	11.2758 	0.0165208 	0.315354 	-0.00382546 	
3.515	-1.66145 	0.0917014 	11.204 	0.0343859 	0.312158 	-0.0120847 	
3.52	-1.72915 	0.414767 	11.2756 	0.00263192 	0.315762 	-0.00929173 	
3.525	-1.78808 	0.577856 	11.33 	-0.0147327 	0.318622 	-0.00191565 	
3.53	-1.7972 	0.521908 	11.3292 	-0.0094259 	0.317515 	-0.00117022 	
3.535	-1.67535 	0.505074 	11.3382 	-0.00813408 	0.330042 	-0.000756538 	
3.54	-1.73691 	0.50166 	11.3438 	-0.00800812 	0.325357 	0.000891349 	
3.545	-1.76115 	0.499721 	11.3474 	-0.00790312 	0.323843 	0.0016291 	
3.55	-1.70792 	0.498504 	11.3632 	-0.0077939 	0.330805 	0.0016453 	
3.555	-1.67784 	0.499612 	11.374 	-0.00791241 	0.335144 	0.00183736 	
3.56	-1.65249 	0.501334 	11.3828 	-0.00808095 	0.338855 	0.00200271 	
3.565	-1.64996 	0.501912 	11.3665 	-0.00758508 	0.337398 	0.000379781 	
3.57	-1.61185 	0.535704 	11.3913 	-0.0115196 	0.344693 	0.0025488 	
3.575	-1.67353 	0.618923 	11.4236 	-0.020802 	0.344627 	0.00799249 	
3.58	-1.60055 	0.410271 	11.374 	0.0032954 	0.337994 	-0.0110865 	
3.585	-1.72414 	0.478645 	11.51 	-0.00779297 	0.346944 	0.00880284 	
3.59	-1.69646 	0.492378 	11.4698 	-0.00814161 	0.345284 	0.00529969 	
3.595	-1.69597 	0.507781 	11.4629 	-0.00958623 	0.345361 	0.00551751 	
3.6	-1.6956 	0.520936 	11.4564 	-0.0108038 	0.345416 	0.00565435 	
3.605	-1.69543 	0.532147 	11.4503 	-0.011832 	0.345455 	0.00574921 	
3.61	-1.69279 	0.534311 	11.4362 	-0.0117612 	0.344691 	0.00508501 	
3.615	-1.69569 	0.546512 	11.4356 	-0.0130193 	0.345066 	0.00557728 	
3.62	-1.67036 	0.501557 	11.3837 	-0.00775829 	0.34154 	0.00308472 	
3.625	-1.7527 	0.671039 	11.4359 	-0.0256676 	0.342346 	0.00824225 	
3.63	-1.75542 	0.644174 	11.4134 	-0.0228081 	0.339597 	0.00785766 	
3.635	-1.67283 	0.539703 	11.3123 	-0.0111515 	0.334439 	0.00278043 	
3.64	-1.65798 	0.518981 	11.2906 	-0.00845793 	0.333564 	0.000517468 	
3.645	-1.72322 	0.525914 	11.2948 	-0.0093086 	0.32866 	0.00123223 	
3.65	-1.76152 	0.522118 	11.2902 	-0.00894597 	0.325094 	0.00125926 	
3.655	-1.78941 	0.525615 	11.2848 	-0.00901382 	0.322345 	0.000222762 	
3.66	-1.78848 	0.539446 	11.2781 	-0.00901624 	0.322171 	-0.00507479 	
3.665	-1.78877 	0.525375 	11.2739 	-0.00809271 	0.32217 	-0.00350048 	
3.67	0.763588 	0.114459 	11.4003 	0.0282581 	0.575969 	-0.0122694 	
3.675	0.780423 	0.161582 	11.5235 	0.0188946 	0.596094 	0.00385627 	
3.68	0.19485 	0.453516 	11.5521 	-0.00815458 	0.547301 	0.00445355 	
3.685	-0.0848435 	0.532779 	11.5485 	-0.0153678 	0.521338 	0.00544016 	
3.69	-0.252128 	0.510254 	11.5212 	-0.0123932 	0.501849 	0.00451969 	
3.695	-0.466935 	0.509838 	11.4897 	-0.0116258 	0.477894 	0.0042044 	
3.7	-0.666553 	0.593213 	11.4782 	-0.0198524 	0.45869 	0.00665664 	
3.705	-0.928894 	0.738563 	11.4841 	-0.0339798 	0.436478 	0.0103765 	
3.71	-1.10563 	0.738274 	11.4569 	-0.0334162 	0.416907 	0.0101355 	
3.715	-1.26096 	0.759161 	11.4394 	-0.0350439 	0.400722 	0.0104165 	
3.72	-1.39424 	0.776008 	11.4233 	-0.0363224 	0.38679 	0.0106348 	
3.725	-1.5317 	0.931239 	11.4298 	-0.0505576 	0.37595 	0.00980469 	
3.73	-1.63731 	0.925888 	11.4165 	-0.0499586 	0.364987 	0.0109582 	
3.735	-1.41079 	-0.190175 	11.2392 	0.0630512 	0.347619 	-0.0159858 	
3.74	-1.61573 	0.295193 	11.3103 	0.0141707 	0.344567 	-0.0035979 	
3.745	-1.72486 	0.469005 	11.3328 	-0.00322981 	0.339919 	0.00102637 	
3.75	-1.81857 	0.618008 	11.3515 	-0.018113 	0.335925 	0.00493505 	
3.755	-1.89912 	0.745802 	11.3668 	-0.0308423 	0.332488 	0.00824052 	
3.76	-1.89909 	0.677909 	11.3356 	-0.0237988 	0.328919 	0.00610488 	
3.765	-1.91427 	0.655652 	11.3175 	-0.0214007 	0.325951 	0.00523738 	
3.77	-1.92157 	0.580048 	11.3241 	-0.0116182 	0.328522 	-0.00404599 	
3.775	-1.9068 	0.570212 	11.3091 	-0.0112608 	0.327924 	-0.00221907 	
3.78	-1.89838 	0.553195 	11.2982 	-0.00971359 	0.327678 	-0.00210119 	
3.785	-1.89964 	0.561668 	11.2894 	-0.0107752 	0.327103 	-0.00148621 	
3.79	-1.77281 	0.552152 	11.2873 	-0.0104601 	0.338912 	-0.000558259 	
3.795	0.650191 	0.146361 	11.4294 	0.0260204 	0.580536 	-0.0112433 	
3.8	-0.20425 	0.268366 	11.3709 	0.0153098 	0.494549 	-0.00777315 	
3.805	-0.521977 	0.461612 	11.3708 	-0.00465536 	0.466457 	0.000570268 	
3.81	-0.799157 	0.618132 	11.3865 	-0.0198569 	0.444589 	0.00457853 	
3.815	-0.913819 	0.870697 	11.3145 	-0.0427534 	0.422467 	-0.00247611 	
3.82	-1.09689 	0.79288 	11.321 	-0.0354809 	0.408091 	0.00126971 	
3.825	-1.24106 	0.780749 	11.316 	-0.0343422 	0.395089 	0.00317824 	
3.83	-1.36479 	0.768646 	11.3106 	-0.0331428 	0.383855 	0.00456342 	
3.835	-1.47089 	0.758545 	11.3056 	-0.0321364 	0.374247 	0.00576363 	
3.84	-1.59403 	0.820951 	11.3109 	-0.0381786 	0.364713 	0.00774574 	
3.845	-1.69159 	0.843976 	11.3077 	-0.040307 	0.356163 	0.00883623 	
3.85	-1.79452 	0.996856 	11.317 	-0.0539601 	0.348988 	0.0065998 	
3.855	-1.77949 	0.727235 	11.2504 	-0.0290518 	0.340936 	0.00564261 	
3.86	-1.82875 	0.705789 	11.2382 	-0.0262573 	0.335164 	0.0045073 	
3.865	-1.86271 	0.658553 	11.2195 	-0.021256 	0.329837 	0.00327488 	
3.87	-1.89491 	0.625032 	11.205 	-0.0176718 	0.325283 	0.00232002 	
3.875	-1.92218 	0.594704 	11.1921 	-0.0145514 	0.321505 	0.00182387 	
3.88	-1.93009 	0.542669 	11.1746 	-0.00903227 	0.318691 	5.16203e-05 	
3.885	-1.94469 	0.5187 	11.1632 	-0.00650667 	0.316248 	-0.000683993 	
3.89	-1.92971 	0.512394 	11.1674 	-0.0058793 	0.318585 	-0.000750005 	
3.895	-1.94119 	0.509301 	11.167 	-0.00549201 	0.317983 	-0.000751687 	
3.9	-1.94835 	0.505982 	11.1662 	-0.00509495 	0.317722 	-0.000792535 	
3.905	-1.96218 	0.483295 	11.1528 	-0.00280612 	0.315225 	-0.00135097 	
3.91	-1.97515 	0.474157 	11.1451 	-0.0018453 	0.313608 	-0.00155066 	
3.915	-1.64669 	0.435999 	11.1707 	0.00133819 	0.34704 	-0.00203762 	
3.92	-1.59307 	0.450182 	11.1769 	-0.000343526 	0.353326 	-0.00109611 	
3.925	-1.34979 	0.422302 	11.1955 	0.00197968 	0.37839 	-0.00146633 	
3.93	-1.17515 	0.405246 	11.209 	0.00333793 	0.396541 	-0.0016288 	
3.935	-1.02804 	0.389684 	11.2198 	0.00462861 	0.411842 	-0.00190413 	
3.94	-0.860095 	0.36309 	11.2336 	0.00660725 	0.428962 	-0.0011616 	
3.945	-0.725665 	0.343072 	11.2443 	0.00812434 	0.442753 	-0.000736443 	
3.95	-0.611906 	0.325916 	11.2531 	0.00944804 	0.454445 	-0.000439249 	
3.955	-0.849008 	0.384865 	11.2357 	0.00413595 	0.431412 	0.000595992 	
3.96	-1.0835 	0.471355 	11.2327 	-0.00407475 	0.410857 	0.00303189 	
3.965	-1.25812 	0.501748 	11.2228 	-0.00702196 	0.39455 	0.00508618 	
3.97	-1.39223 	0.533298 	11.211 	-0.00939417 	0.381477 	0.0043671 	
3.975	-1.5095 	0.56244 	11.2013 	-0.0117836 	0.370235 	0.00435558 	
3.98	-1.57945 	0.544041 	11.1887 	-0.00964926 	0.362433 	0.00331215 	
3.985	-1.2705 	0.487663 	11.2081 	-0.00489382 	0.393063 	0.00289235 	
3.99	-1.45669 	0.498039 	11.1883 	-0.00530402 	0.374037 	0.0021994 	
3.995	-1.16641 	0.44838 	11.2073 	-0.00117511 	0.402957 	0.0019228 	
4	-1.36855 	0.464586 	11.1867 	-0.00213057 	0.382449 	0.00137389 	
4.005	-1.46702 	0.468704 	11.1746 	-0.00219987 	0.372397 	0.000955489 	
4.01	-1.60519 	0.395208 	11.1823 	0.00991242 	0.366411 	-0.0164791 	
4.015	-1.25547 	0.366981 	11.1974 	0.0104097 	0.398526 	-0.0114965 	
4.02	-0.78276 	0.312594 	11.2328 	0.0139325 	0.445635 	-0.00922246 	
4.025	-0.698956 	0.295088 	11.2304 	0.0154694 	0.452756 	-0.00961331 	
4.03	-0.255661 	0.23185 	11.2626 	0.0206402 	0.497176 	-0.0101232 	
4.035	-0.0521026 	0.195707 	11.272 	0.0237463 	0.516698 	-0.0109611 	
4.04	-0.377022 	0.277976 	11.2664 	0.0157837 	0.48613 	-0.00792446 	
4.045	-0.512411 	0.296574 	11.249 	0.0147154 	0.471869 	-0.00879124 	
4.05	-0.625935 	0.318017 	11.2386 	0.013021 	0.460395 	-0.00881936 	
4.055	-0.734702 	0.32341 	11.219 	0.0124848 	0.448197 	-0.00796397 	
4.06	-0.817485 	0.323926 	11.1975 	0.0122293 	0.43801 	-0.00655812 	
4.065	-0.888372 	0.324973 	11.1796 	0.0119782 	0.429424 	-0.00545889 	
4.07	-0.951385 	0.326217 	11.1636 	0.0117285 	0.421854 	-0.00449918 	
4.075	-0.583031 	0.283132 	11.2013 	0.0150341 	0.46022 	-0.00476716 	
4.08	-0.328583 	0.251366 	11.2293 	0.0177412 	0.487427 	-0.00587594 	
4.085	-0.609274 	0.298759 	11.2021 	0.0132665 	0.458901 	-0.00337059 	
4.09	-0.697509 	0.309668 	11.189 	0.0122662 	0.44948 	-0.00253922 	
4.095	-0.80565 	0.324169 	11.1756 	0.0110028 	0.438358 	-0.00205177 	
4.1	-0.895994 	0.338255 	11.1652 	0.00973436 	0.429368 	-0.00155244 	
4.105	-0.968474 	0.352206 	11.156 	0.00846344 	0.422044 	-0.00104065 	
4.11	-1.03376 	0.364077 	11.1475 	0.00738628 	0.41547 	-0.000597944 	
4.115	-1.10611 	0.380753 	11.1413 	0.00561835 	0.408618 	0.000906611 	
4.12	-1.18149 	0.41468 	11.142 	0.00246401 	0.402544 	0.00148023 	
4.125	-1.21699 	0.39469 	11.1235 	0.00422122 	0.397143 	0.00231228 	
4.13	-1.23992 	0.415877 	11.1324 	0.00216219 	0.39655 	0.00280372 	
4.135	-1.32982 	0.43018 	11.1202 	0.00114045 	0.387297 	0.00263351 	
4.14	-1.36629 	0.441063 	11.1106 	-0.00013839 	0.383471 	0.00438065 	
4.145	-1.3485 	0.194287 	10.975 	0.0222244 	0.366608 	-0.00282883 	
4.15	-1.42513 	0.284557 	11.0087 	0.0142593 	0.365046 	-0.000258337 	
4.155	-1.48501 	0.321056 	11.0185 	0.0111624 	0.361571 	5.14118e-05 	
4.16	-1.53428 	0.349386 	11.0246 	0.00881399 	0.358594 	0.000301804 	
4.165	-1.57606 	0.373147 	11.0289 	0.0068479 	0.356029 	0.000528239 	
4.17	-1.60944 	0.388105 	11.0281 	0.00563247 	0.353597 	0.00100932 	
4.175	-1.64066 	0.405967 	11.0309 	0.00400454 	0.351775 	0.00175347 	
4.18	-1.64268 	0.404865 	11.0238 	0.00458004 	0.35102 	-0.000170434 	
4.185	-1.63783 	0.412263 	11.0247 	0.00377764 	0.352069 	0.00049169 	
4.19	-1.66182 	0.452653 	11.05 	-2.39507e-06 	0.353256 	0.000217517 	
4.195	-1.60274 	0.430856 	11.0197 	0.00171878 	0.356219 	0.00309908 	
4.2	-1.57383 	0.430006 	11.013 	0.0015781 	0.358857 	0.0045418 	
4.205	-0.604953 	0.281791 	11.1097 	0.0144364 	0.45848 	0.000160928 	
4.21	-0.911005 	0.329852 	11.0595 	0.00995546 	0.425752 	0.00412007 	
4.215	-1.01304 	0.362937 	11.0585 	0.00665505 	0.416836 	0.00573388 	
4.22	-1.11037 	0.397325 	11.0558 	0.00310793 	0.408322 	0.00782517 	
4.225	-1.19709 	0.398948 	11.0445 	0.00339577 	0.399195 	0.00696339 	
4.23	-1.27786 	0.412992 	11.0438 	0.00279722 	0.392146 	0.00488436 	
4.235	-1.33529 	0.45227 	11.0392 	-0.00189623 	0.387456 	0.00948932 	
4.24	-1.39672 	0.450266 	11.0361 	-0.000740497 	0.381656 	0.00629848 	
4.245	-1.4467 	0.456383 	11.0339 	-0.000975424 	0.377074 	0.00526645 	
4.25	-1.52328 	0.445609 	11.013 	8.56765e-05 	0.367713 	0.00493629 	
4.255	-1.58216 	0.439523 	10.9983 	0.00075926 	0.360814 	0.00451006 	
4.26	-1.54786 	0.433575 	11.0005 	0.00137211 	0.364916 	0.00386703 	
4.265	-1.40467 	0.408815 	11.0131 	0.00353673 	0.379754 	0.00300901 	
4.27	-1.48901 	0.417741 	11.0035 	0.00296756 	0.371428 	0.00275881 	
4.275	-1.50732 	0.416537 	10.998 	0.00305473 	0.369515 	0.00299329 	
4.28	-1.59185 	0.430064 	10.9829 	0.00189831 	0.360403 	0.00321766 	
4.285	-1.65135 	0.438673 	10.9712 	0.00117446 	0.354006 	0.00333658 	
4.29	-1.66059 	0.348842 	10.9781 	0.012318 	0.352965 	-0.00369298 	
4.295	-1.69524 	0.332627 	10.9838 	0.0143791 	0.351147 	-0.00495972 	
4.3	-1.83433 	0.405034 	11.026 	0.00956493 	0.346524 	-0.0116195 	
4.305	-1.82866 	0.392855 	10.9919 	0.0094558 	0.342563 	-0.00801397 	
4.31	-1.86572 	0.402009 	10.973 	0.00799633 	0.337281 	-0.00609252 	
4.315	-1.88613 	0.4049 	10.9572 	0.00721778 	0.333852 	-0.00460751 	
4.32	-1.9522 	0.46136 	10.9933 	0.00323078 	0.3344 	-0.00849493 	
4.325	-1.90751 	0.411677 	10.9642 	0.00684267 	0.334359 	-0.00623944 	
4.33	-1.88158 	0.385257 	10.9484 	0.00853917 	0.334877 	-0.0044481 	
4.335	-1.72684 	0.426358 	11.0162 	0.00703504 	0.35636 	-0.0126619 	
4.34	-1.69562 	0.382288 	10.9859 	0.0101728 	0.355813 	-0.0103762 	
4.345	2.2357 	-0.180635 	11.42 	0.0567756 	0.762475 	-0.019303 	
4.35	0.652999 	0.15758 	11.3578 	0.0239129 	0.619536 	0.00198013 	
4.355	0.20813 	0.337006 	11.3052 	0.00769125 	0.574381 	0.00381275 	
4.36	-0.217731 	0.753281 	11.2893 	-0.0308751 	0.538641 	0.00704163 	
4.365	-0.482079 	0.630161 	11.2215 	-0.0184845 	0.504366 	0.00451193 	
4.37	-0.724558 	0.607232 	11.1754 	-0.0157427 	0.476219 	0.0035393 	
4.375	-0.932422 	0.587496 	11.1344 	-0.0133863 	0.451977 	0.00268274 	
4.38	-1.11029 	0.570837 	11.0989 	-0.0113927 	0.431261 	0.00195439 	
4.385	-1.26222 	0.556152 	11.0676 	-0.00964773 	0.413531 	0.00132393 	
4.39	-1.39198 	0.543155 	11.04 	-0.00811413 	0.398355 	0.000777049 	
4.395	-1.50274 	0.531517 	11.0154 	-0.00675415 	0.385359 	0.000300137 	
4.4	-1.59756 	0.521546 	10.9938 	-0.00559023 	0.374246 	-0.000106866 	
4.405	-1.68205 	0.517762 	10.9741 	-0.00501047 	0.364367 	-0.000533728 	
4.41	-1.75365 	0.513228 	10.9565 	-0.00439492 	0.355969 	-0.000892644 	
4.415	-1.82133 	0.511377 	10.9413 	-0.00407679 	0.348315 	-0.00103915 	
4.42	-1.87803 	0.509044 	10.9274 	-0.00372821 	0.341831 	-0.00121252 	
4.425	-1.92688 	0.50727 	10.915 	-0.00345157 	0.336275 	-0.00135001 	
4.43	-1.8928 	0.462397 	10.8981 	0.00110173 	0.336719 	-0.00357817 	
4.435	-1.8882 	0.432769 	10.8917 	0.00389206 	0.336499 	-0.0038281 	
4.44	-1.89019 	0.345371 	10.8163 	0.0117436 	0.327219 	-0.00359639 	
4.445	-1.95476 	0.395021 	10.837 	0.00745964 	0.324899 	-0.00391247 	
4.45	-1.99116 	0.408768 	10.834 	0.00617887 	0.321801 	-0.00356965 	
4.455	-2.01173 	0.414224 	10.833 	0.00569661 	0.320342 	-0.00345004 	
4.46	-2.03214 	0.42045 	10.8314 	0.00513563 	0.318837 	-0.00333213 	
4.465	-2.04954 	0.425398 	10.8293 	0.00468947 	0.317545 	-0.00323833 	
4.47	-1.99917 	0.421734 	10.8293 	0.00515897 	0.322275 	-0.00431925 	
4.475	2.15196 	-0.168408 	11.3523 	0.0531715 	0.757026 	-0.0116617 	
4.48	0.747866 	0.00894478 	11.1766 	0.0390543 	0.610138 	-0.00922769 	
4.485	0.365579 	0.0441915 	11.1226 	0.0364804 	0.569285 	-0.00892157 	
4.49	-0.0299422 	0.120154 	11.0776 	0.0299814 	0.529049 	-0.00768911 	
4.495	-0.35567 	0.170589 	11.0458 	0.0254783 	0.49671 	-0.00587605 	
4.5	-0.662323 	0.21073 	11.0326 	0.0212654 	0.469028 	-0.00122229 	
4.505	-0.839844 	0.214432 	10.9873 	0.0217539 	0.447124 	-0.00355536 	
4.51	-1.05152 	0.278884 	10.9684 	0.0160059 	0.427105 	-0.00217518 	
4.515	-1.18684 	0.267322 	10.9294 	0.0177578 	0.40962 	-0.00428719 	
4.52	-1.30827 	0.267804 	10.8992 	0.018207 	0.394895 	-0.0055253 	
4.525	-1.4101 	0.267846 	10.8729 	0.0186249 	0.38251 	-0.00660872 	
4.53	-1.49078 	0.265366 	10.8546 	0.0189972 	0.373234 	-0.00657461 	
4.535	-1.60603 	0.299243 	10.8421 	0.0159693 	0.362319 	-0.0058621 	
4.54	-1.69576 	0.320938 	10.8297 	0.0140583 	0.353501 	-0.00542487 	
4.545	-1.71385 	0.301919 	10.8183 	0.0157735 	0.350575 	-0.00525881 	
4.55	-1.77906 	0.327338 	10.8098 	0.0134922 	0.344534 	-0.00492611 	
4.555	-1.70444 	0.0771682 	10.7747 	0.0374233 	0.343665 	-0.0100964 	
4.56	-1.6482 	0.136894 	10.7349 	0.0297384 	0.342226 	-0.00316148 	
4.565	-1.76933 	0.195288 	10.7426 	0.0250188 	0.334669 	-0.00414516 	
4.57	-1.84018 	0.235161 	10.7406 	0.0215325 	0.329421 	-0.00402077 	
4.575	-1.89544 	0.263842 	10.7382 	0.0190072 	0.325343 	-0.00382032 	
4.58	-1.94513 	0.28945 	10.7346 	0.0167135 	0.321481 	-0.00354552 	
4.585	-1.98591 	0.310711 	10.7315 	0.0148352 	0.318453 	-0.00341624 	
4.59	-1.98728 	0.335528 	10.7405 	0.0124875 	0.32024 	-0.00293214 	
4.595	-1.99429 	0.354604 	10.7449 	0.0107062 	0.320935 	-0.0026125 	
4.6	-1.99449 	0.376733 	10.7461 	0.00864641 	0.321874 	-0.0027951 	
4.605	-1.92744 	0.375856 	10.7391 	0.00910222 	0.326954 	-0.0050838 	
4.61	-1.92654 	0.305229 	10.7088 	0.0157534 	0.323494 	-0.00516292 	
4.615	0.766313 	-0.0210779 	11.1031 	0.0418114 	0.61126 	-0.0111597 	
4.62	-0.228809 	0.139335 	10.9747 	0.0281652 	0.508202 	-0.00770697 	
4.625	-0.469202 	0.15946 	10.9341 	0.0271363 	0.481448 	-0.00918713 	
4.63	-0.687447 	0.187158 	10.9012 	0.0251347 	0.457993 	-0.00972941 	
4.635	-0.88342 	0.213543 	10.8701 	0.0229779 	0.436954 	-0.00914733 	
4.64	-1.07172 	0.257317 	10.8521 	0.0190271 	0.419043 	-0.00760887 	
4.645	-1.22835 	0.290317 	10.8344 	0.0160889 	0.403736 	-0.00654186 	
4.65	-1.36202 	0.318242 	10.8183 	0.0135997 	0.390636 	-0.00562896 	
4.655	-1.47625 	0.341984 	10.804 	0.0114855 	0.379441 	-0.00485877 	
4.66	-1.57556 	0.361991 	10.7907 	0.00970918 	0.369668 	-0.00421978 	
4.665	-1.59701 	0.240088 	10.747 	0.0221299 	0.358564 	-0.00969409 	
4.67	-1.61239 	0.312156 	10.7466 	0.0150444 	0.359424 	-0.00866567 	
4.675	-1.73465 	0.330976 	10.7285 	0.0133834 	0.347468 	-0.00744322 	
4.68	-1.81838 	0.34991 	10.7145 	0.0116602 	0.33935 	-0.00663837 	
4.685	-1.89038 	0.36648 	10.7019 	0.010146 	0.332391 	-0.00592686 	
4.69	-1.9489 	0.380262 	10.6921 	0.00887837 	0.32696 	-0.00529286 	
4.695	-2.00014 	0.392694 	10.6829 	0.00773254 	0.322194 	-0.00474547 	
4.7	-1.98936 	0.402302 	10.6867 	0.00621421 	0.324383 	-0.00367338 	
4.705	-1.66081 	0.319421 	10.7124 	0.0138459 	0.356414 	-0.00630122 	
4.71	-1.4657 	0.272575 	10.7241 	0.0178756 	0.375435 	-0.00688675 	
4.715	-1.29332 	0.232171 	10.7361 	0.0214281 	0.392392 	-0.00771539 	
4.72	-1.14237 	0.258469 	10.8405 	0.0245507 	0.413429 	-0.0302305 	
4.725	-1.49872 	0.185621 	10.8937 	0.0160324 	0.400846 	0.0333726 	
4.73	-0.824121 	0.120356 	10.9376 	0.0230784 	0.464532 	0.0242897 	
4.735	1.6093 	-0.172859 	11.3131 	0.0477116 	0.724341 	0.0138359 	
4.74	0.550225 	-0.0477671 	11.1236 	0.0389269 	0.607019 	0.0113976 	
4.745	0.115808 	0.0451562 	11.0545 	0.0316545 	0.56064 	0.00993292 	
4.75	-0.194813 	-0.0132205 	10.9354 	0.0386297 	0.51855 	0.00468103 	
4.755	-0.514324 	0.0859294 	10.9011 	0.0304183 	0.486492 	0.00430458 	
4.76	-0.749758 	0.136738 	10.8621 	0.0266028 	0.461077 	0.00300482 	
4.765	-0.956909 	0.182102 	10.8277 	0.023163 	0.438802 	0.0019528 	
4.77	-1.16302 	0.230986 	10.7957 	0.0192915 	0.417142 	0.00139327 	
4.775	-1.31847 	0.261426 	10.7662 	0.0168597 	0.400083 	0.00100233 	
4.78	-1.43951 	0.296344 	10.744 	0.0141508 	0.387077 	6.44068e-05 	
4.785	-1.54608 	0.325052 	10.7238 	0.0119577 	0.375582 	-0.000694291 	
4.79	-1.54983 	0.323234 	10.7168 	0.0122403 	0.37462 	-0.00126048 	
4.795	-1.64573 	0.239302 	10.6493 	0.0192526 	0.358871 	-0.00133739 	
4.8	-0.269272 	0.0836831 	10.8796 	0.031675 	0.508066 	-0.00392844 	
4.805	-0.836911 	0.185942 	10.7928 	0.0235042 	0.447889 	-0.00365472 	
4.81	-1.06065 	0.233066 	10.7598 	0.019768 	0.424496 	-0.00368903 	
4.815	-1.10527 	0.25383 	10.7584 	0.0180391 	0.4206 	-0.00360134 	
4.82	-1.27219 	0.290317 	10.7365 	0.0150052 	0.403489 	-0.00328451 	
4.825	-1.41771 	0.324384 	10.715 	0.0120591 	0.388396 	-0.00311711 	
4.83	-1.54837 	0.358276 	10.6973 	0.00929659 	0.375164 	-0.00297201 	
4.835	-1.62249 	0.367721 	10.6824 	0.00848189 	0.367072 	-0.00296337 	
4.84	-0.883683 	0.265599 	10.7971 	0.0167295 	0.446377 	-0.0044176 	
4.845	-1.22262 	0.313949 	10.7408 	0.0127791 	0.40997 	-0.00391655 	
4.85	-1.35704 	0.341688 	10.7226 	0.0104849 	0.396283 	-0.00347571 	
4.855	-1.46999 	0.362549 	10.7046 	0.00875227 	0.384515 	-0.00321144 	
4.86	-1.52635 	0.373316 	10.6888 	0.00757955 	0.378016 	-0.00339548 	
4.865	-1.57716 	0.365327 	10.6802 	0.00829074 	0.372565 	-0.00275033 	
4.87	-1.61739 	0.355542 	10.6728 	0.0091721 	0.368211 	-0.00218434 	
4.875	-1.75557 	0.640945 	10.6552 	-0.014915 	0.357813 	-0.00861277 	
4.88	-1.82654 	0.575027 	10.6445 	-0.0092063 	0.349735 	-0.00591772 	
4.885	-1.89068 	0.56785 	10.6332 	-0.00857983 	0.343017 	-0.00494482 	
4.89	-1.9134 	0.554293 	10.6254 	-0.00756224 	0.340407 	-0.00420144 	
4.895	-1.97761 	0.534212 	10.5966 	-0.00538281 	0.331137 	-0.00529131 	
4.9	-2.03907 	0.534459 	10.5854 	-0.00544137 	0.325173 	-0.00439656 	
4.905	-2.08895 	0.531436 	10.573 	-0.0051463 	0.319884 	-0.003938 	
4.91	-2.11569 	0.517214 	10.5569 	-0.00388075 	0.315718 	-0.00417917 	
4.915	-2.06313 	0.498739 	10.557 	-0.00220431 	0.320243 	-0.00537481 	
4.92	-2.12386 	0.493526 	10.5391 	-0.00179312 	0.313457 	-0.00430659 	
4.925	-1.93594 	0.46285 	10.5634 	0.000307462 	0.333352 	-0.00312913 	
4.93	-1.81327 	0.434489 	10.5752 	0.0023775 	0.345719 	-0.00217841 	
4.935	-1.31969 	0.356631 	10.6552 	0.00864729 	0.399062 	-0.0029864 	
4.94	-0.934703 	0.295029 	10.7173 	0.0134883 	0.440532 	-0.00311842 	
4.945	-1.05029 	0.305616 	10.6905 	0.0124482 	0.427383 	-0.00187164 	
4.95	-1.25883 	0.317696 	10.6397 	0.0112897 	0.403106 	-0.000228249 	
4.955	-1.39699 	0.323525 	10.6034 	0.0106401 	0.386799 	0.00112583 	
4.96	-1.51522 	0.328693 	10.5718 	0.0100718 	0.372838 	0.00226085 	
4.965	-1.61662 	0.33336 	10.5441 	0.00957141 	0.360882 	0.00319193 	
4.97	-1.70321 	0.337124 	10.5196 	0.00915569 	0.350634 	0.00399664 	
4.975	-1.77747 	0.340511 	10.498 	0.00878887 	0.341846 	0.00465675 	
4.98	-1.84097 	0.34331 	10.4787 	0.00848071 	0.334302 	0.00521938 	
4.985	-1.89527 	0.345586 	10.4614 	0.00822446 	0.32782 	0.00570042 	
4.99	-2.02287 	0.562728 	10.4866 	-0.0100502 	0.322613 	0.00284329 	
4.995	0.431843 	0.160263 	10.9362 	0.0225402 	0.591784 	-0.000941249 	
5	-0.445334 	0.255043 	10.757 	0.0149731 	0.493251 	0.00149229 	
5.005	3.49359 	-0.25859 	11.5187 	0.0557277 	0.93037 	-0.00585116 	
5.01	1.78851 	-0.0163764 	11.2051 	0.0367999 	0.743881 	-0.00395877 	
5.015	1.17335 	0.0582444 	11.0909 	0.0312444 	0.676464 	-0.0036469 	
5.02	1.09518 	-0.414881 	10.6322 	0.072235 	0.610776 	-0.00674427 	
5.025	0.536686 	-0.222488 	10.6734 	0.0564972 	0.567548 	-0.00548499 	
5.03	0.935836 	-0.228056 	10.7849 	0.0566194 	0.61641 	-0.00599437 	
5.035	0.670116 	-0.637154 	10.2855 	0.092976 	0.527945 	-0.0108898 	
5.04	0.0935503 	-0.251954 	10.4311 	0.0596879 	0.499197 	-0.00670805 	
5.045	-0.257332 	-0.0961087 	10.4789 	0.046496 	0.475619 	-0.00489374 	
5.05	-0.572161 	-0.0371248 	10.4368 	0.042164 	0.443124 	-0.00624052 	
5.055	-0.790805 	-0.0426358 	10.3677 	0.0423674 	0.415659 	-0.00464726 	
5.06	-1.04887 	0.0466747 	10.3749 	0.0349091 	0.395101 	-0.00356409 	
5.065	-1.25714 	0.106977 	10.3686 	0.029855 	0.376992 	-0.00268759 	
5.07	-1.52063 	0.413237 	10.4228 	0.00304136 	0.364156 	0.000635647 	
5.075	-1.63455 	0.354455 	10.3941 	0.00834619 	0.350399 	0.0005478 	
5.08	-1.75058 	0.357422 	10.3809 	0.00818575 	0.339038 	0.00095303 	
5.085	-1.84481 	0.358094 	10.368 	0.00816558 	0.329579 	0.00134983 	
5.09	-1.68274 	0.314862 	10.4078 	0.0117698 	0.348735 	0.00115589 	
5.095	-1.54344 	0.242316 	10.4124 	0.0179909 	0.361373 	0.000603543 	
5.1	-1.4499 	0.204934 	10.4281 	0.0211517 	0.371606 	0.0003789 	
5.105	-1.37865 	0.177173 	10.4406 	0.0234791 	0.37957 	0.00021058 	
5.11	-1.44845 	0.253672 	10.4536 	0.0166605 	0.376147 	0.00026475 	
5.115	-1.57646 	0.302138 	10.4438 	0.0124796 	0.364689 	0.000565093 	
5.12	-1.43788 	0.0492916 	10.2103 	0.0308018 	0.342852 	0.0124875 	
5.125	-1.62838 	0.147268 	10.2626 	0.0237294 	0.334987 	0.00872913 	
5.13	-1.72987 	0.179131 	10.2669 	0.0214202 	0.327634 	0.00779959 	
5.135	-1.81657 	0.213099 	10.2751 	0.0188651 	0.32205 	0.00704555 	
5.14	-1.91441 	0.241006 	10.2705 	0.0167204 	0.313823 	0.0067089 	
5.145	-1.98164 	0.251266 	10.2705 	0.0161529 	0.308679 	0.00606827 	
5.15	-2.05394 	0.276457 	10.2661 	0.0141318 	0.302661 	0.00590728 	
5.155	-0.237129 	0.0552351 	10.6488 	0.0316498 	0.507364 	0.00170717 	
5.16	-0.928671 	0.175088 	10.4981 	0.0230263 	0.428779 	-0.00181651 	
5.165	-1.15499 	0.205698 	10.4644 	0.0203483 	0.405936 	5.06375e-05 	
5.17	-1.34593 	0.234703 	10.4309 	0.018002 	0.385919 	0.000693407 	
5.175	-1.50918 	0.259521 	10.4015 	0.015988 	0.368795 	0.00125194 	
5.18	-1.64176 	0.278265 	10.3768 	0.0145548 	0.354855 	0.00133338 	
5.185	-1.76016 	0.293542 	10.3519 	0.013315 	0.34206 	0.00166342 	
5.19	-1.86055 	0.306747 	10.3303 	0.0122469 	0.331229 	0.00190811 	
5.195	-0.767786 	0.172047 	10.5668 	0.0228409 	0.455248 	-0.000258921 	
5.2	0.201152 	0.0502867 	10.7724 	0.0323873 	0.564426 	-0.00204062 	
5.205	-0.470522 	0.136522 	10.6312 	0.025664 	0.489467 	-0.000855797 	
5.21	-0.756935 	0.173392 	10.5704 	0.0227873 	0.457639 	-0.000359798 	
5.215	-1.00466 	0.234121 	10.5099 	0.0185701 	0.428817 	-0.00324222 	
5.22	-1.1129 	0.211155 	10.3869 	0.0217114 	0.400606 	-0.0127735 	
5.225	-1.32977 	0.27302 	10.3685 	0.0166587 	0.381191 	-0.0109859 	
5.23	-1.49559 	0.313996 	10.3379 	0.0134349 	0.363819 	-0.0109458 	
5.235	-1.63548 	0.314415 	10.3071 	0.013301 	0.348583 	-0.00926514 	
5.24	1.5913 	-0.198792 	10.938 	0.0533586 	0.704302 	-0.0113602 	
5.245	0.626736 	0.0280927 	10.8102 	0.0350471 	0.606988 	-0.00943 	
5.25	0.708904 	-0.171932 	9.99719 	0.0449469 	0.518733 	0.00050556 	
5.255	0.299587 	-0.349664 	10.0037 	0.0626254 	0.480167 	-0.00220733 	
5.26	0.0343419 	-0.487809 	9.90257 	0.0751022 	0.442902 	-0.00262715 	
5.265	-0.192038 	-0.606674 	9.8147 	0.0857834 	0.410975 	-0.00297523 	
5.27	-0.385007 	-0.708822 	9.73832 	0.0949077 	0.383649 	-0.00326075 	
5.275	-0.549486 	-0.796728 	9.67175 	0.102706 	0.36025 	-0.00349458 	
5.28	-0.689598 	-0.872486 	9.61351 	0.109374 	0.340201 	-0.0036865 	
5.285	-0.808433 	-0.935946 	9.56256 	0.11473 	0.322997 	-0.00315605 	
5.29	-0.909559 	-0.991053 	9.51755 	0.11935 	0.308233 	-0.00277495 	
5.295	-1.15719 	-0.741026 	9.64238 	0.0969603 	0.30496 	0.00334179 	
5.3	-2.35376 	-0.119041 	10.7956 	0.0538183 	0.34624 	-0.000282311 	
5.305	-2.28088 	0.163508 	10.5585 	0.0265119 	0.328508 	0.00121582 	
5.31	-2.28328 	0.158438 	10.4811 	0.0265082 	0.319219 	0.00129766 	
5.315	2.51858 	-0.536518 	11.4221 	0.0771766 	0.845603 	0.00728729 	
5.32	0.80795 	-0.280783 	11.0655 	0.0564295 	0.657727 	0.0129496 	
5.325	0.333071 	-0.190707 	10.9363 	0.048402 	0.601798 	0.0156637 	
5.33	-0.220684 	0.0890654 	10.9085 	0.0242334 	0.556462 	0.0209992 	
5.335	-0.372332 	-0.169797 	10.643 	0.0475178 	0.507004 	0.0140451 	
5.34	-0.566562 	-0.288991 	10.4667 	0.0585111 	0.467164 	0.00989426 	
5.345	0.140207 	-0.218223 	10.7148 	0.0518816 	0.559901 	0.00839295 	
5.35	0.588674 	-0.240265 	10.8143 	0.053403 	0.611091 	0.00680116 	
5.355	2.20281 	-0.360771 	11.2262 	0.0621044 	0.801075 	0.00442657 	
5.36	1.95979 	-0.327499 	11.1619 	0.0595541 	0.772572 	0.00431283 	
5.365	1.22739 	-0.305319 	10.9157 	0.0584197 	0.678713 	0.00445398 	
5.37	1.78217 	-0.325592 	11.0653 	0.0597103 	0.745134 	0.00309532 	
5.375	0.90387 	-0.157933 	10.8879 	0.0476419 	0.648963 	-0.00123892 	
5.38	0.469751 	-0.069794 	10.802 	0.0402177 	0.601626 	0.000752005 	
5.385	-0.162257 	0.105257 	11.0184 	0.0296659 	0.57003 	-0.00683731 	
5.39	-0.437963 	0.130304 	10.8371 	0.0264923 	0.526053 	-0.00344684 	
5.395	-0.726816 	0.183305 	10.7441 	0.022334 	0.490791 	-0.00390312 	
5.4	-0.971876 	0.222501 	10.6676 	0.0190158 	0.461444 	-0.00294547 	
5.405	-1.18085 	0.255922 	10.6005 	0.0162161 	0.436202 	-0.0023262 	
5.41	-1.35935 	0.284263 	10.5423 	0.0138329 	0.414607 	-0.00179278 	
5.415	-1.51149 	0.31294 	10.4876 	0.0116469 	0.395447 	-0.00239058 	
5.42	-1.64162 	0.336857 	10.4408 	0.00977861 	0.379175 	-0.00268578 	
5.425	-1.75297 	0.35781 	10.4 	0.0081306 	0.365237 	-0.00292589 	
5.43	-1.84812 	0.373888 	10.3677 	0.00672001 	0.353902 	-0.00233783 	
5.435	-1.68937 	0.148594 	10.1565 	0.0200703 	0.330241 	0.0109348 	
5.44	-1.68578 	0.0175946 	10.0635 	0.0311546 	0.319977 	0.0114949 	
5.445	0.764953 	-0.0937317 	10.8031 	0.0392227 	0.624455 	0.00621084 	
5.45	-0.0785454 	0.00339791 	10.6008 	0.032389 	0.52868 	0.00576771 	
5.455	-0.362666 	0.0367818 	10.5431 	0.0301682 	0.498417 	0.0048637 	
5.46	-0.581881 	0.0810489 	10.5053 	0.0270535 	0.47632 	0.00427749 	
5.465	-0.772335 	0.116902 	10.4709 	0.0245341 	0.456934 	0.00371235 	
5.47	-0.873541 	0.132845 	10.4537 	0.0230994 	0.447329 	0.00406855 	
5.475	-0.947983 	0.145005 	10.4394 	0.0222175 	0.440124 	0.00380368 	
5.48	-1.10138 	0.156144 	10.4007 	0.021838 	0.422612 	0.00245138 	
5.485	-1.21497 	0.164754 	10.3732 	0.0214578 	0.410019 	0.00174609 	
5.49	-1.31139 	0.172296 	10.3502 	0.0211012 	0.399468 	0.00121347 	
5.495	-1.45896 	0.21403 	10.3188 	0.0179727 	0.383887 	0.000735526 	
5.5	-1.57204 	0.242423 	10.2932 	0.0158785 	0.371806 	0.000326192 	
5.505	-1.45514 	-0.022008 	10.0522 	0.0338026 	0.344239 	0.0129805 	
5.51	-0.225413 	-0.262357 	10.2933 	0.0541735 	0.477518 	0.00544915 	
5.515	0.164401 	-0.221629 	10.4614 	0.050784 	0.533797 	0.00486737 	
5.52	0.602444 	-0.23949 	10.5978 	0.0522071 	0.589099 	0.00371395 	
5.525	-0.003909 	-0.118854 	10.4879 	0.0432105 	0.525136 	0.00285559 	
5.53	-0.328615 	-0.0407186 	10.4395 	0.0374044 	0.492627 	0.00211825 	
5.535	-0.605977 	0.0254085 	10.3973 	0.0324757 	0.464834 	0.00148965 	
5.54	-0.787335 	0.0195609 	10.3638 	0.034005 	0.445088 	-0.000144185 	
5.545	-0.747832 	-0.330655 	10.1238 	0.0649214 	0.415886 	-0.00289699 	
5.55	-0.183127 	-0.018657 	10.3012 	0.034316 	0.487731 	-0.00466189 	
5.555	0.022571 	0.942538 	11.7617 	-0.0438508 	0.696247 	0.00753746 	
5.56	-0.417054 	0.548621 	11.1132 	-0.0110028 	0.574611 	0.00425737 	
5.565	-0.67351 	0.501207 	10.9687 	-0.00674075 	0.535419 	0.00394308 	
5.57	-0.859652 	0.459075 	10.8575 	-0.00276729 	0.505892 	0.00310602 	
5.575	-1.07874 	0.464361 	10.7448 	-0.00268114 	0.473762 	0.00167252 	
5.58	-1.1945 	0.425986 	10.6648 	0.000405046 	0.454424 	0.0021358 	
5.585	-1.34549 	0.431132 	10.5828 	0.000471411 	0.431803 	0.000707 	
5.59	-1.2635 	0.241917 	10.3488 	0.0106191 	0.401804 	0.0189084 	
5.595	-1.20034 	0.25144 	10.427 	0.0118388 	0.419817 	0.0126884 	
5.6	-0.719999 	0.265627 	10.5948 	0.010905 	0.483045 	0.0103107 	
5.605	-0.396468 	0.269848 	10.7083 	0.0108432 	0.525839 	0.00846046 	
5.61	0.035618 	0.670819 	10.9113 	-0.0244456 	0.598451 	0.0176982 	
5.615	1.79441 	0.185676 	11.2429 	0.0153455 	0.784355 	0.0112769 	
5.62	1.11752 	0.243972 	11.0626 	0.0115661 	0.704721 	0.00966748 	
5.625	0.653545 	0.281951 	10.9544 	0.0100464 	0.652822 	0.0054622 	
5.63	2.14669 	0.0376258 	11.2954 	0.0285153 	0.820696 	0.00546634 	
5.635	1.81553 	0.069571 	11.2203 	0.0268744 	0.783623 	0.00301607 	
5.64	1.03729 	0.16176 	11.0219 	0.0196376 	0.693765 	0.00517066 	
5.645	0.699456 	0.211946 	10.9527 	0.0165 	0.656454 	0.00243789 	
5.65	0.700642 	0.211975 	10.9716 	0.0172525 	0.659656 	-0.000215688 	
5.655	0.282664 	0.233311 	10.8582 	0.015873 	0.608923 	0.00011096 	
5.66	1.3251 	0.074315 	11.1004 	0.027879 	0.727399 	-0.000703529 	
5.665	1.51555 	0.0270531 	11.1268 	0.0315713 	0.746296 	-0.000897157 	
5.67	1.68716 	-0.0127687 	11.1544 	0.0347014 	0.763891 	-0.00117301 	
5.675	1.22463 	0.0789644 	11.0836 	0.0285687 	0.717406 	-0.00422093 	
5.68	1.36146 	0.039841 	11.0941 	0.0314593 	0.729694 	-0.00379048 	
5.685	0.854524 	0.11619 	10.9778 	0.0257228 	0.672047 	-0.00361693 	
5.69	0.586632 	0.194489 	10.9081 	0.0189033 	0.641231 	-0.00226154 	
5.695	1.28893 	0.056091 	11.055 	0.0296641 	0.718307 	-0.00257799 	
5.7	1.46721 	0.0171182 	11.0869 	0.0326844 	0.73707 	-0.00265585 	
5.705	1.38829 	0.018642 	11.0654 	0.0326834 	0.727551 	-0.00278761 	
5.71	1.27785 	0.00150183 	11.0086 	0.0341584 	0.710707 	-0.00277675 	
5.715	1.36362 	-0.0210933 	11.0202 	0.0358398 	0.719248 	-0.00253711 	
5.72	1.27257 	-0.00674913 	10.9963 	0.0348063 	0.708506 	-0.00280008 	
5.725	0.728078 	0.00929605 	10.8275 	0.0345759 	0.641652 	-0.00475629 	
5.73	1.38355 	-0.0676725 	10.9934 	0.0399928 	0.717667 	-0.00400713 	
5.735	1.0046 	-0.00985612 	10.9138 	0.0359325 	0.676398 	-0.00489394 	
5.74	0.431651 	0.116033 	10.8128 	0.026578 	0.616584 	-0.0047675 	
5.745	-0.0808196 	0.163952 	10.806 	0.0231493 	0.576202 	-0.0020856 	
5.75	1.23369 	-0.00499448 	11.0886 	0.0357033 	0.720846 	-0.00371411 	
5.755	1.53672 	-0.042261 	11.1471 	0.0382546 	0.753084 	-0.003495 	
5.76	0.580718 	-0.0638766 	11.0029 	0.0432443 	0.659229 	-0.00431637 	
5.765	0.00496231 	0.171215 	10.9761 	0.0292923 	0.61135 	-0.0215426 	
5.77	-0.314805 	0.156978 	10.7834 	0.0282864 	0.556896 	-0.0144889 	
5.775	-0.646997 	0.243727 	10.6776 	0.0203981 	0.515215 	-0.0116864 	
5.78	-0.920699 	0.311253 	10.5774 	0.0143601 	0.478835 	-0.0104635 	
5.785	-1.11732 	0.236027 	10.4297 	0.0200546 	0.441774 	-0.00864962 	
5.79	-1.29271 	0.197753 	10.3149 	0.0227704 	0.411268 	-0.00720429 	
5.795	-1.48241 	0.259276 	10.2518 	0.0184073 	0.387326 	-0.0105707 	
5.8	-1.5465 	0.897453 	10.1901 	-0.0364753 	0.380561 	-0.0136621 	
5.805	-1.58894 	0.379514 	10.4866 	0.0133733 	0.362593 	-0.0164416 	
5.81	-1.43228 	0.294642 	10.0754 	0.0153396 	0.332608 	-0.0197733 	
5.815	-1.56529 	0.308973 	10.0477 	0.0118977 	0.323556 	-0.0251506 	
5.82	-1.56901 	0.328843 	10.1054 	0.01091 	0.335357 	-0.019914 	
5.825	-1.5793 	0.336132 	10.1302 	0.0102937 	0.34153 	-0.0172733 	
5.83	-1.57187 	0.492774 	10.0729 	-0.00201913 	0.336665 	-0.0225791 	
5.835	-1.6453 	0.470705 	10.0923 	-0.000340151 	0.336377 	-0.0186582 	
5.84	-1.64427 	0.520881 	10.0555 	-0.00427002 	0.332788 	-0.0209741 	
5.845	-1.66671 	0.508437 	10.0558 	-0.00392183 	0.332548 	-0.0215897 	
5.85	-1.66428 	0.55086 	10.0224 	-0.0069595 	0.329335 	-0.0229964 	
5.855	-1.69893 	0.519956 	10.0423 	-0.00524501 	0.330622 	-0.0238284 	
5.86	-1.60122 	0.672775 	9.95597 	-0.0175871 	0.326503 	-0.0325711 	
5.865	-1.70043 	0.746599 	9.94067 	-0.023415 	0.318463 	-0.0345497 	
5.87	-1.73981 	0.836693 	9.91398 	-0.0307967 	0.312739 	-0.0370593 	
5.875	2.20747 	0.244438 	11.0677 	0.0136499 	0.792017 	-0.0300284 	
5.88	0.807761 	0.522977 	10.6348 	-0.00598964 	0.619978 	-0.0362345 	
5.885	0.309585 	0.462816 	10.5027 	-0.00146751 	0.563152 	-0.0285361 	
5.89	0.0556108 	0.281033 	10.2824 	0.0126097 	0.512953 	-0.0226071 	
5.895	-0.0943369 	0.300004 	10.3842 	0.0112133 	0.517271 	-0.0166376 	
5.9	-0.313255 	0.295394 	10.4045 	0.0116625 	0.504136 	-0.0114469 	
5.905	-0.500482 	0.319342 	10.4108 	0.0106562 	0.490923 	-0.0122033 	
5.91	-0.630269 	0.303144 	10.4304 	0.0116861 	0.484636 	-0.00692893 	
5.915	-0.764685 	0.297825 	10.444 	0.0120345 	0.477041 	-0.00310083 	
5.92	-0.979025 	-0.0268163 	10.6255 	0.038119 	0.487839 	0.0150002 	
5.925	-1.1753 	0.140491 	10.5123 	0.0247452 	0.456502 	0.0102108 	
5.93	-1.26995 	-0.109361 	10.648 	0.0449787 	0.469313 	0.022637 	
5.935	-1.08284 	-0.199865 	10.7001 	0.051781 	0.491169 	0.026282 	
5.94	-1.19701 	0.0589165 	10.5948 	0.030547 	0.468992 	0.0199467 	
5.945	-1.05802 	0.0323223 	10.6249 	0.0325455 	0.484403 	0.0205725 	
5.95	-1.19586 	0.0874644 	10.5414 	0.0285243 	0.460934 	0.016658 	
5.955	-1.27061 	0.12602 	10.4874 	0.0256651 	0.44702 	0.0140366 	
5.96	-1.33385 	0.158746 	10.4406 	0.0232501 	0.435164 	0.0117729 	
5.965	-1.39121 	0.194828 	10.3988 	0.0205378 	0.424645 	0.00977616 	
5.97	-1.4294 	0.213728 	10.3658 	0.0192229 	0.416848 	0.00809166 	
5.975	-1.47982 	0.478395 	10.3231 	-0.00298875 	0.410601 	0.00589574 	
5.98	-1.49561 	0.405927 	10.3037 	0.00329103 	0.405354 	0.00500789 	
5.985	-1.51203 	0.393596 	10.284 	0.0044644 	0.401011 	0.00406702 	
5.99	-1.52711 	0.384981 	10.2666 	0.00533993 	0.397197 	0.00323423 	
5.995	-1.52936 	0.375748 	10.2531 	0.00623034 	0.395046 	0.00251336 	
6	2.79242 	-0.180858 	11.407 	0.0475013 	0.904447 	-0.000349395 	
6.005	0.868782 	0.0526366 	11.2699 	0.0318015 	0.74137 	0.00546414 	
6.01	0.088757 	0.0487557 	11.0623 	0.036048 	0.671071 	0.00683462 	
6.015	-0.712858 	0.437883 	11.2098 	0.00492085 	0.630051 	0.00551776 	
6.02	-0.839547 	0.285671 	10.8694 	0.0162946 	0.565074 	0.00484056 	
6.025	-1.03615 	0.231947 	10.6672 	0.0202034 	0.517239 	0.00424434 	
6.03	-1.20389 	0.179911 	10.4891 	0.0240272 	0.475679 	0.00374368 	
6.035	-1.34809 	0.137942 	10.337 	0.0270805 	0.440204 	0.00332401 	
6.04	-1.47072 	0.101569 	10.2059 	0.0297229 	0.409845 	0.00296687 	
6.045	-1.58221 	0.0859507 	10.0996 	0.0307153 	0.3843 	0.00267732 	
6.05	-1.71559 	0.155938 	10.0439 	0.0247887 	0.364758 	0.00251144 	
6.055	-1.82071 	0.19741 	9.98722 	0.0212102 	0.347515 	0.00234727 	
6.06	-1.90987 	0.232345 	9.93753 	0.0181893 	0.332729 	0.00220162 	
6.065	-1.95606 	0.248429 	9.94196 	0.0174174 	0.329208 	0.000385561 	
6.07	-1.96771 	0.24371 	9.91216 	0.0176272 	0.323218 	0.000406883 	
6.075	-1.88856 	0.261421 	9.96115 	0.0162677 	0.335764 	-0.000696723 	
6.08	-1.82261 	0.269847 	9.99474 	0.0157077 	0.345304 	-0.0011675 	
6.085	-1.82691 	0.281591 	9.99741 	0.0147805 	0.344866 	-0.00126162 	
6.09	-1.81773 	0.28881 	10.0059 	0.0142397 	0.346427 	-0.0014017 	
6.095	-1.81059 	0.298724 	10.015 	0.0134821 	0.348021 	-0.00155788 	
6.1	-1.82184 	-0.052287 	10.0583 	0.0421751 	0.347606 	0.000530889 	
6.105	-1.73616 	0.0624179 	10.0628 	0.0327191 	0.356972 	-0.000256072 	
6.11	-1.67745 	0.0919796 	10.0722 	0.0302396 	0.363558 	-0.000502845 	
6.115	-1.64188 	0.127369 	10.0854 	0.0273332 	0.368762 	-0.000735625 	
6.12	-1.65676 	0.151347 	10.0833 	0.0254708 	0.367661 	-0.000948001 	
6.125	-1.65572 	0.170418 	10.0824 	0.0239654 	0.367978 	-0.0011531 	
6.13	-1.65309 	0.188494 	10.0811 	0.0225178 	0.368421 	-0.0013247 	
6.135	-1.64967 	0.20299 	10.0793 	0.0213483 	0.368847 	-0.00145528 	
6.14	-1.64546 	0.21485 	10.077 	0.020381 	0.369277 	-0.00155395 	
6.145	-1.61324 	0.220915 	10.0819 	0.019829 	0.372931 	-0.00160757 	
6.15	-1.58721 	0.229237 	10.0872 	0.0190663 	0.376165 	-0.00163537 	
6.155	-1.44589 	0.220697 	10.1254 	0.0195392 	0.393186 	-0.00170527 	
6.16	-0.923729 	-0.272217 	9.71967 	0.0554242 	0.378873 	0.00253513 	
6.165	-0.568078 	-0.834794 	9.21975 	0.097928 	0.34039 	0.00405177 	
6.17	-0.983574 	-0.515083 	9.3521 	0.0734987 	0.325796 	0.00336642 	
6.175	-1.07416 	-0.411458 	9.42377 	0.0655405 	0.329364 	0.00362877 	
6.18	-1.17608 	-0.316829 	9.47143 	0.0582716 	0.328572 	0.00361929 	
6.185	3.56327 	-1.17663 	10.9748 	0.124259 	0.908346 	0.00323455 	
6.19	2.02825 	-0.81719 	10.6068 	0.0971178 	0.736339 	0.00266221 	
6.195	2.33109 	-0.756869 	10.7676 	0.0922801 	0.783318 	0.00174115 	
6.2	1.68953 	-0.422112 	10.4641 	0.060715 	0.693773 	0.0017865 	
6.205	2.33733 	-0.510311 	10.747 	0.0693235 	0.78295 	0.000381575 	
6.21	1.73138 	-0.423957 	10.6352 	0.0638397 	0.718669 	0.000301782 	
6.215	1.25725 	-0.339133 	10.5484 	0.0581182 	0.668699 	0.000164169 	
6.22	1.13286 	-0.323149 	10.5582 	0.057473 	0.659821 	0.00018139 	
6.225	1.45614 	-0.30925 	10.6948 	0.0565655 	0.706064 	0.000116307 	
6.23	1.77111 	-0.235449 	10.8405 	0.0505969 	0.752179 	-0.000825678 	
6.235	1.80631 	-0.203644 	10.9123 	0.0484981 	0.764725 	-0.00112526 	
6.24	2.12601 	-0.31208 	10.9525 	0.0567694 	0.795709 	-0.000874454 	
6.245	2.22876 	-0.295752 	11.0112 	0.0555654 	0.812061 	-0.0013247 	
6.25	2.3471 	-0.303697 	11.056 	0.0562486 	0.827716 	-0.00142265 	
6.255	2.31437 	-0.238257 	11.1052 	0.0513819 	0.832 	-0.0016318 	
6.26	2.31122 	-0.187156 	11.1485 	0.0475604 	0.837878 	-0.00195343 	
6.265	2.40748 	-0.211302 	11.1717 	0.049471 	0.848692 	-0.00199714 	
6.27	2.47008 	-0.218875 	11.1941 	0.050105 	0.856752 	-0.00207103 	
6.275	2.52356 	-0.225353 	11.2133 	0.0506468 	0.863635 	-0.0021339 	
6.28	2.56912 	-0.230866 	11.2296 	0.0511078 	0.869497 	-0.0021866 	
6.285	2.60809 	-0.235586 	11.2436 	0.0515025 	0.87451 	-0.00223251 	
6.29	2.64124 	-0.239604 	11.2554 	0.0518388 	0.878773 	-0.00227201 	
6.295	2.66959 	-0.243051 	11.2656 	0.0521272 	0.882416 	-0.00230575 	
6.3	2.6937 	-0.245975 	11.2742 	0.0523721 	0.885514 	-0.00233504 	
6.305	2.71441 	-0.248499 	11.2816 	0.0525833 	0.888169 	-0.00235964 	
6.31	2.73194 	-0.250622 	11.2879 	0.0527613 	0.890416 	-0.00238111 	
6.315	2.74688 	-0.252432 	11.2932 	0.0529132 	0.89233 	-0.00239958 	
6.32	2.75964 	-0.253984 	11.2978 	0.0530434 	0.89396 	-0.00241527 	
6.325	2.77105 	-0.255306 	11.3018 	0.0531537 	0.895416 	-0.00242632 	
6.33	2.80639 	-0.260736 	11.3078 	0.0535893 	0.898943 	-0.0025628 	
6.335	2.80536 	-0.260254 	11.3096 	0.0535557 	0.899139 	-0.00253045 	
6.34	2.80958 	-0.260675 	11.3118 	0.0535932 	0.899763 	-0.00252756 	
6.345	2.81319 	-0.261034 	11.3136 	0.0536252 	0.900292 	-0.00252516 	
6.35	2.81627 	-0.261344 	11.3151 	0.0536529 	0.90074 	-0.00252326 	
6.355	2.81887 	-0.261605 	11.3164 	0.0536762 	0.901117 	-0.00252177 	
6.36	2.8211 	-0.261833 	11.3175 	0.0536966 	0.901436 	-0.00252058 	
6.365	2.82301 	-0.262028 	11.3184 	0.0537141 	0.901705 	-0.00251971 	
6.37	2.82463 	-0.262197 	11.3192 	0.0537293 	0.90193 	-0.00251902 	
6.375	2.82592 	-0.262314 	11.3198 	0.0537404 	0.90211 	-0.00251897 	
6.38	2.82735 	-0.262521 	11.3204 	0.0537574 	0.902289 	-0.00251717 	
6.385	2.82826 	-0.262603 	11.3209 	0.0537655 	0.902411 	-0.00251745 	
6.39	2.82905 	-0.262681 	11.3212 	0.0537728 	0.902511 	-0.00251757 	
6.395	2.82972 	-0.26275 	11.3216 	0.0537794 	0.902594 	-0.00251781 	
6.4	2.83028 	-0.262805 	11.3218 	0.0537847 	0.902659 	-0.00251811 	
6.405	2.83074 	-0.26285 	11.322 	0.0537892 	0.902709 	-0.0025185 	
6.41	2.83114 	-0.262892 	11.3222 	0.0537934 	0.902749 	-0.00251894 	
6.415	2.82928 	-0.262736 	11.3219 	0.0537965 	0.902546 	-0.00256748 	
6.42	2.83026 	-0.262823 	11.3221 	0.0537993 	0.902643 	-0.00255144 	
6.425	2.8307 	-0.262869 	11.3223 	0.0538022 	0.902679 	-0.00254744 	
6.43	2.74814 	-0.29229 	11.2901 	0.056465 	0.891756 	-0.0035709 	
6.435	2.80413 	-0.270382 	11.3132 	0.0545336 	0.899299 	-0.00277522 	
6.44	2.80286 	-0.271682 	11.3122 	0.0546311 	0.899052 	-0.00282293 	
6.445	2.80728 	-0.270444 	11.3137 	0.0545129 	0.899595 	-0.00277808 	
6.45	2.81105 	-0.269376 	11.315 	0.0544111 	0.900056 	-0.00274004 	
6.455	2.55733 	-0.343762 	11.226 	0.0609986 	0.867636 	-0.00546321 	
6.46	3.30828 	0.123771 	11.6873 	0.0222953 	0.992349 	1.20594e-05 	
6.465	3.1076 	-0.0203686 	11.5488 	0.0341018 	0.956802 	-0.00122881 	
6.47	3.06736 	-0.0557998 	11.5158 	0.0369697 	0.948897 	-0.00140735 	
6.475	2.77903 	-0.193875 	11.3667 	0.0485207 	0.904811 	-0.00283857 	
6.48	2.83753 	-0.182605 	11.3843 	0.0474739 	0.911937 	-0.00252265 	
6.485	2.83674 	-0.194375 	11.3753 	0.0483914 	0.910562 	-0.00251235 	
6.49	2.83986 	-0.20486 	11.3687 	0.04921 	0.909846 	-0.00251284 	
6.495	2.84626 	-0.215329 	11.3622 	0.050086 	0.909511 	-0.0028673 	
6.5	2.45836 	-0.104744 	11.3259 	0.0419548 	0.873174 	-0.0031317 	
6.505	2.59072 	-0.151355 	11.3316 	0.0454091 	0.884585 	-0.00296905 	
6.51	2.62616 	-0.167756 	11.3302 	0.0466341 	0.887201 	-0.00289536 	
6.515	2.65609 	-0.181629 	11.3289 	0.0476697 	0.889399 	-0.0028333 	
6.52	2.68176 	-0.193518 	11.3279 	0.0485571 	0.891284 	-0.00278052 	
6.525	2.70403 	-0.203743 	11.327 	0.0493192 	0.892927 	-0.00273437 	
6.53	2.72256 	-0.212383 	11.3262 	0.0499645 	0.894274 	-0.00269635 	
6.535	2.73845 	-0.219778 	11.3255 	0.0505166 	0.895429 	-0.00266389 	
6.54	2.75203 	-0.226094 	11.3248 	0.0509883 	0.896413 	-0.00263637 	
6.545	2.76412 	-0.231587 	11.3244 	0.0513975 	0.897302 	-0.00261177 	
6.55	2.77378 	-0.236152 	11.3239 	0.0517388 	0.897987 	-0.00259222 	
6.555	2.48002 	-0.180835 	11.2711 	0.0476464 	0.86956 	-0.00718084 	
6.56	2.29401 	-0.187051 	11.2256 	0.0485902 	0.848997 	-0.00963411 	
6.565	2.34656 	-0.224792 	11.234 	0.0517414 	0.854271 	-0.0104192 	
6.57	2.21834 	-0.164961 	11.2373 	0.0471911 	0.84349 	-0.00811568 	
6.575	2.3503 	-0.191332 	11.2521 	0.04903 	0.855883 	-0.00741664 	
6.58	2.41981 	-0.201749 	11.2619 	0.0497189 	0.862535 	-0.00669663 	
6.585	2.47967 	-0.210615 	11.2705 	0.050303 	0.868279 	-0.00608244 	
6.59	2.53025 	-0.218267 	11.2776 	0.0508082 	0.873104 	-0.00555831 	
6.595	2.57487 	-0.224871 	11.2841 	0.0512422 	0.877397 	-0.00510679 	
6.6	2.64389 	-0.23371 	11.2998 	0.0518428 	0.88493 	-0.00472885 	
6.605	2.66451 	-0.2373 	11.3006 	0.0520729 	0.886569 	-0.00440046 	
6.61	2.68847 	-0.241024 	11.3034 	0.0523166 	0.88876 	-0.00412104 	
6.615	2.6874 	-0.22779 	11.307 	0.0512363 	0.889097 	-0.00415592 	
6.62	2.7533 	-0.241738 	11.3188 	0.0521146 	0.895713 	-0.00335257 	
6.625	2.76289 	-0.243549 	11.3206 	0.0522753 	0.896763 	-0.00333852 	
6.63	2.23357 	-0.135487 	11.2158 	0.0442302 	0.839482 	-0.00369479 	
6.635	2.06687 	-0.15904 	11.1458 	0.0461947 	0.816341 	-0.00469774 	
6.64	1.98315 	-0.124969 	11.1155 	0.0428506 	0.805384 	-0.00441885 	
6.645	1.76719 	-0.103346 	11.0825 	0.0417335 	0.783095 	-0.00402363 	
6.65	1.81033 	-0.0925991 	11.0708 	0.0407419 	0.784138 	-0.00586937 	
6.655	3.07592 	-0.178555 	11.3384 	0.0453033 	0.926351 	-0.00503103 	
6.66	2.68474 	-0.170966 	11.2623 	0.045605 	0.883083 	-0.00478082 	
6.665	2.5643 	-0.160336 	11.2441 	0.045115 	0.870648 	-0.00454275 	
6.67	2.35296 	-0.145393 	11.1959 	0.0444114 	0.846602 	-0.00400274 	
6.675	1.99807 	-0.101518 	11.1274 	0.0413452 	0.808018 	-0.00359349 	
