0	0.333706 	-0.17241 	0.0336918 	-0.369617 	-1.57018 	0.369649 	
0.005	0.332479 	-0.183034 	0.0339483 	-2.5918 	-1.56823 	2.1216 	
0.01	0.333443 	-0.178384 	0.0337494 	-0.652107 	-1.57035 	0.38925 	
0.015	0.333472 	-0.178321 	0.0337415 	-0.648879 	-1.56995 	0.385544 	
0.02	0.333487 	-0.178296 	0.0337472 	-0.618568 	-1.57024 	0.357167 	
0.025	0.333483 	-0.178289 	0.0337403 	-0.614482 	-1.56988 	0.35365 	
0.03	0.333473 	-0.178287 	0.0337307 	-0.614354 	-1.56937 	0.354012 	
0.035	0.333524 	-0.178303 	0.0337479 	-0.623053 	-1.57023 	0.361266 	
0.04	0.333532 	-0.178313 	0.0337445 	-0.627282 	-1.57003 	0.365207 	
0.045	0.333533 	-0.178323 	0.0337376 	-0.628544 	-1.56965 	0.366273 	
0.05	0.33353 	-0.178335 	0.0337279 	-0.628558 	-1.56912 	0.366165 	
0.055	0.333598 	-0.178288 	0.0337437 	-0.618797 	-1.56991 	0.357796 	
0.06	0.333617 	-0.17828 	0.0337398 	-0.616712 	-1.56968 	0.356212 	
0.065	0.333629 	-0.178276 	0.0337326 	-0.616539 	-1.56927 	0.356476 	
0.07	0.333637 	-0.178276 	0.0337227 	-0.61696 	-1.56872 	0.357281 	
0.075	0.3337 	-0.178297 	0.0337377 	-0.620483 	-1.56945 	0.359249 	
0.08	0.333724 	-0.178308 	0.0337335 	-0.62252 	-1.56919 	0.36092 	
0.085	0.333742 	-0.17832 	0.0337261 	-0.623857 	-1.56876 	0.362 	
0.09	0.333757 	-0.178333 	0.0337161 	-0.624607 	-1.56818 	0.362579 	
0.095	0.333841 	-0.178271 	0.0337297 	-0.61712 	-1.56884 	0.357218 	
0.1	0.333877 	-0.178258 	0.0337251 	-0.615688 	-1.56855 	0.356531 	
0.105	0.333907 	-0.17825 	0.0337174 	-0.615206 	-1.56809 	0.356681 	
0.11	0.333959 	-0.178281 	0.033721 	-0.617316 	-1.56822 	0.357192 	
0.115	0.333991 	-0.178294 	0.0337138 	-0.618393 	-1.56777 	0.357975 	
0.12	0.334019 	-0.178306 	0.033704 	-0.619333 	-1.5672 	0.358716 	
0.125	0.334045 	-0.178319 	0.0336923 	-0.620071 	-1.56651 	0.35933 	
0.13	0.334164 	-0.178252 	0.0337133 	-0.614387 	-1.56754 	0.355696 	
0.135	0.334221 	-0.178237 	0.0337109 	-0.613237 	-1.56734 	0.355282 	
0.14	0.334271 	-0.178227 	0.033705 	-0.612797 	-1.56696 	0.355465 	
0.145	0.334317 	-0.178222 	0.0336964 	-0.612774 	-1.56643 	0.355975 	
0.15	0.334376 	-0.178262 	0.0336958 	-0.613373 	-1.56631 	0.354721 	
0.155	0.334421 	-0.178279 	0.0336869 	-0.614114 	-1.56576 	0.355042 	
0.16	0.334464 	-0.178294 	0.033676 	-0.614913 	-1.56509 	0.355541 	
0.165	0.334576 	-0.178232 	0.0336876 	-0.610908 	-1.56561 	0.353775 	
0.17	0.334642 	-0.178219 	0.0336822 	-0.610316 	-1.56524 	0.353922 	
0.175	0.334702 	-0.178211 	0.0336741 	-0.610133 	-1.56472 	0.354365 	
0.18	0.334759 	-0.178208 	0.0336637 	-0.610182 	-1.56407 	0.354949 	
0.185	0.334853 	-0.178232 	0.0336707 	-0.608377 	-1.56433 	0.351653 	
0.19	0.33492 	-0.178243 	0.033664 	-0.608352 	-1.56388 	0.351339 	
0.195	0.334984 	-0.178254 	0.0336548 	-0.608676 	-1.56329 	0.351466 	
0.2	0.335086 	-0.178205 	0.0336567 	-0.606244 	-1.56328 	0.351094 	
0.205	0.335161 	-0.178195 	0.0336487 	-0.605949 	-1.56275 	0.351512 	
0.21	0.335232 	-0.178189 	0.0336386 	-0.605934 	-1.5621 	0.352101 	
0.215	0.3353 	-0.178187 	0.0336268 	-0.606079 	-1.56136 	0.352763 	
0.22	0.335426 	-0.178196 	0.0336396 	-0.602733 	-1.56192 	0.348315 	
0.225	0.335514 	-0.178202 	0.0336346 	-0.602148 	-1.56153 	0.347571 	
0.23	0.335597 	-0.17821 	0.0336269 	-0.602054 	-1.561 	0.347386 	
0.235	0.335677 	-0.178218 	0.0336171 	-0.602294 	-1.56035 	0.347588 	
0.24	0.33579 	-0.178161 	0.0336156 	-0.599609 	-1.56015 	0.347407 	
0.245	0.335879 	-0.178148 	0.0336063 	-0.599151 	-1.55952 	0.347876 	
0.25	0.335965 	-0.178139 	0.0335953 	-0.598999 	-1.5588 	0.348499 	
0.255	0.336087 	-0.178159 	0.0336001 	-0.596812 	-1.55892 	0.345062 	
0.26	0.336183 	-0.178166 	0.0335927 	-0.596496 	-1.55839 	0.344626 	
0.265	0.336277 	-0.178174 	0.0335833 	-0.596556 	-1.55774 	0.344626 	
0.27	0.336368 	-0.178183 	0.0335722 	-0.596866 	-1.557 	0.344922 	
0.275	0.33651 	-0.178119 	0.0335759 	-0.592599 	-1.55707 	0.343204 	
0.28	0.336618 	-0.178103 	0.0335682 	-0.59165 	-1.55652 	0.343206 	
0.285	0.336723 	-0.178092 	0.0335585 	-0.591162 	-1.55585 	0.343513 	
0.29	0.336825 	-0.178086 	0.0335473 	-0.590999 	-1.55509 	0.34402 	
0.295	0.336957 	-0.178113 	0.03355 	-0.58876 	-1.55509 	0.340248 	
0.3	0.337068 	-0.178124 	0.033542 	-0.58841 	-1.55449 	0.339641 	
0.305	0.337177 	-0.178134 	0.0335321 	-0.588441 	-1.5538 	0.339501 	
0.31	0.337315 	-0.178076 	0.0335286 	-0.585282 	-1.55347 	0.338961 	
0.315	0.337433 	-0.178063 	0.0335189 	-0.584588 	-1.55279 	0.339187 	
0.32	0.337548 	-0.178054 	0.0335078 	-0.584275 	-1.55202 	0.339643 	
0.325	0.337662 	-0.17805 	0.0334956 	-0.584232 	-1.55118 	0.34025 	
0.33	0.337775 	-0.178048 	0.0334825 	-0.584375 	-1.5503 	0.340946 	
0.335	0.337954 	-0.178053 	0.0334962 	-0.578773 	-1.5509 	0.334146 	
0.34	0.33809 	-0.178057 	0.0334916 	-0.577325 	-1.55048 	0.332519 	
0.345	0.338223 	-0.178063 	0.0334846 	-0.576525 	-1.54993 	0.331609 	
0.35	0.338342 	-0.17802 	0.0334675 	-0.576027 	-1.54882 	0.33377 	
0.355	0.338466 	-0.178009 	0.0334541 	-0.575888 	-1.54791 	0.334586 	
0.36	0.33859 	-0.178003 	0.0334403 	-0.575963 	-1.54697 	0.335458 	
0.365	0.338714 	-0.178001 	0.0334259 	-0.576186 	-1.54599 	0.336353 	
0.37	0.338914 	-0.177995 	0.0334416 	-0.569677 	-1.54672 	0.328941 	
0.375	0.339067 	-0.177995 	0.0334375 	-0.567914 	-1.54631 	0.327145 	
0.38	0.339215 	-0.177997 	0.033431 	-0.566849 	-1.54576 	0.326088 	
0.385	0.339336 	-0.177965 	0.03341 	-0.566818 	-1.54442 	0.328412 	
0.39	0.33947 	-0.177957 	0.0333956 	-0.566746 	-1.54343 	0.329229 	
0.395	0.339605 	-0.177953 	0.033381 	-0.566879 	-1.54243 	0.330105 	
0.4	0.339741 	-0.177952 	0.0333663 	-0.567155 	-1.5414 	0.33101 	
0.405	0.339878 	-0.177954 	0.0333514 	-0.567529 	-1.54037 	0.331921 	
0.41	0.340121 	-0.177921 	0.0333758 	-0.557621 	-1.54162 	0.32165 	
0.415	0.340298 	-0.177913 	0.0333748 	-0.554647 	-1.54138 	0.318786 	
0.42	0.340469 	-0.177909 	0.0333709 	-0.552621 	-1.54098 	0.316881 	
0.425	0.340568 	-0.177897 	0.0333371 	-0.555732 	-1.53886 	0.322167 	
0.43	0.340708 	-0.177895 	0.0333193 	-0.556333 	-1.53765 	0.323631 	
0.435	0.340851 	-0.177895 	0.0333021 	-0.556955 	-1.53647 	0.324977 	
0.44	0.340996 	-0.177898 	0.0332854 	-0.557587 	-1.5353 	0.326222 	
0.445	0.341256 	-0.177854 	0.0333103 	-0.547076 	-1.53662 	0.315681 	
0.45	0.341445 	-0.177842 	0.033309 	-0.543977 	-1.53636 	0.312837 	
0.455	0.341629 	-0.177836 	0.033305 	-0.541836 	-1.53593 	0.310933 	
0.46	0.341737 	-0.177832 	0.0332701 	-0.544818 	-1.53373 	0.31579 	
0.465	0.341888 	-0.177832 	0.0332521 	-0.54536 	-1.53248 	0.31713 	
0.47	0.342042 	-0.177834 	0.0332348 	-0.545953 	-1.53127 	0.318394 	
0.475	0.342199 	-0.177837 	0.0332182 	-0.546579 	-1.53008 	0.31959 	
0.48	0.342467 	-0.177783 	0.0332405 	-0.535742 	-1.53128 	0.309208 	
0.485	0.342668 	-0.177768 	0.0332384 	-0.53253 	-1.53097 	0.306409 	
0.49	0.342864 	-0.177758 	0.0332339 	-0.530289 	-1.53051 	0.30453 	
0.495	0.34298 	-0.177762 	0.0331989 	-0.533225 	-1.52826 	0.309036 	
0.5	0.343143 	-0.177764 	0.0331808 	-0.533735 	-1.52699 	0.310281 	
0.505	0.343308 	-0.177767 	0.0331637 	-0.534317 	-1.52575 	0.311482 	
0.51	0.343477 	-0.177772 	0.0331472 	-0.534947 	-1.52455 	0.312639 	
0.515	0.343752 	-0.177707 	0.0331663 	-0.523695 	-1.52561 	0.302308 	
0.52	0.343963 	-0.177689 	0.0331633 	-0.520343 	-1.52525 	0.299517 	
0.525	0.344169 	-0.177677 	0.0331582 	-0.517983 	-1.52475 	0.297639 	
0.53	0.344372 	-0.17767 	0.0331515 	-0.516415 	-1.52414 	0.296489 	
0.535	0.344481 	-0.17768 	0.0331094 	-0.519649 	-1.52144 	0.301441 	
0.54	0.344647 	-0.177684 	0.0330883 	-0.520452 	-1.51996 	0.303049 	
0.545	0.344818 	-0.17769 	0.0330687 	-0.521245 	-1.51856 	0.304518 	
0.55	0.345103 	-0.177633 	0.0330871 	-0.511733 	-1.51956 	0.295644 	
0.555	0.345321 	-0.177619 	0.0330829 	-0.509055 	-1.51911 	0.29348 	
0.56	0.345536 	-0.177609 	0.033077 	-0.507214 	-1.51854 	0.292082 	
0.565	0.345747 	-0.177604 	0.0330696 	-0.506036 	-1.51787 	0.291291 	
0.57	0.345877 	-0.177596 	0.0330305 	-0.505965 	-1.51538 	0.293305 	
0.575	0.346056 	-0.177595 	0.0330103 	-0.505832 	-1.51396 	0.294096 	
0.58	0.346241 	-0.177597 	0.0329917 	-0.505926 	-1.5126 	0.29496 	
0.585	0.34643 	-0.177601 	0.0329743 	-0.506192 	-1.51131 	0.295874 	
0.59	0.346739 	-0.177537 	0.0329964 	-0.496124 	-1.51258 	0.286375 	
0.595	0.346976 	-0.17752 	0.0329945 	-0.493035 	-1.51226 	0.283765 	
0.6	0.347208 	-0.177509 	0.0329905 	-0.490862 	-1.5118 	0.282006 	
0.605	0.347335 	-0.177514 	0.0329482 	-0.492372 	-1.50905 	0.285354 	
0.61	0.347524 	-0.177516 	0.0329282 	-0.49244 	-1.5076 	0.286267 	
0.615	0.347719 	-0.177519 	0.0329098 	-0.492694 	-1.50624 	0.287229 	
0.62	0.347918 	-0.177525 	0.0328928 	-0.493089 	-1.50494 	0.288221 	
0.625	0.348227 	-0.17745 	0.03291 	-0.482064 	-1.50599 	0.278283 	
0.63	0.34847 	-0.177429 	0.0329066 	-0.478691 	-1.50559 	0.275553 	
0.635	0.34871 	-0.177415 	0.0329015 	-0.47629 	-1.50507 	0.273698 	
0.64	0.34885 	-0.177429 	0.0328619 	-0.478335 	-1.50241 	0.277213 	
0.645	0.34905 	-0.177433 	0.0328426 	-0.478516 	-1.50098 	0.278153 	
0.65	0.349254 	-0.177438 	0.0328249 	-0.478863 	-1.49963 	0.279139 	
0.655	0.349463 	-0.177446 	0.0328085 	-0.479336 	-1.49834 	0.280153 	
0.66	0.34977 	-0.17736 	0.0328204 	-0.467486 	-1.49915 	0.269884 	
0.665	0.35002 	-0.177336 	0.0328155 	-0.463857 	-1.49868 	0.267054 	
0.67	0.350265 	-0.177319 	0.0328092 	-0.46125 	-1.49809 	0.265117 	
0.675	0.350508 	-0.177309 	0.0328019 	-0.459458 	-1.49742 	0.263891 	
0.68	0.350637 	-0.177331 	0.0327562 	-0.462132 	-1.49433 	0.268077 	
0.685	0.350837 	-0.17734 	0.0327341 	-0.462711 	-1.49269 	0.269438 	
0.69	0.351044 	-0.177349 	0.0327142 	-0.463357 	-1.49118 	0.270739 	
0.695	0.351363 	-0.177273 	0.0327276 	-0.45325 	-1.49205 	0.26187 	
0.7	0.351619 	-0.177253 	0.0327222 	-0.450292 	-1.49152 	0.259629 	
0.705	0.351871 	-0.177241 	0.0327156 	-0.448209 	-1.49089 	0.25815 	
0.71	0.352121 	-0.177234 	0.0327081 	-0.44682 	-1.49019 	0.257274 	
0.715	0.352263 	-0.177234 	0.0326635 	-0.446287 	-1.48724 	0.258717 	
0.72	0.352473 	-0.177236 	0.0326419 	-0.445935 	-1.48564 	0.259291 	
0.725	0.352689 	-0.17724 	0.0326225 	-0.445868 	-1.48417 	0.259995 	
0.73	0.353005 	-0.177182 	0.032633 	-0.438324 	-1.48479 	0.253355 	
0.735	0.353265 	-0.177167 	0.0326268 	-0.436015 	-1.48419 	0.251685 	
0.74	0.353523 	-0.177159 	0.0326196 	-0.43444 	-1.48351 	0.25065 	
0.745	0.353701 	-0.177148 	0.0325851 	-0.432486 	-1.48119 	0.250471 	
0.75	0.353928 	-0.177146 	0.0325672 	-0.431601 	-1.47983 	0.250451 	
0.755	0.354159 	-0.177148 	0.0325508 	-0.431131 	-1.47854 	0.250702 	
0.76	0.354394 	-0.177152 	0.0325357 	-0.430983 	-1.4773 	0.25116 	
0.765	0.354633 	-0.177159 	0.0325215 	-0.431085 	-1.47612 	0.251775 	
0.77	0.354937 	-0.177061 	0.0325226 	-0.419117 	-1.47638 	0.241959 	
0.775	0.355203 	-0.177034 	0.032515 	-0.415315 	-1.47576 	0.239146 	
0.78	0.355467 	-0.177015 	0.0325069 	-0.41256 	-1.47507 	0.237212 	
0.785	0.355729 	-0.177004 	0.0324983 	-0.410637 	-1.47431 	0.235974 	
0.79	0.355884 	-0.177034 	0.0324566 	-0.41321 	-1.47132 	0.239697 	
0.795	0.356106 	-0.177046 	0.0324358 	-0.413732 	-1.4697 	0.240912 	
0.8	0.356336 	-0.177059 	0.0324172 	-0.41435 	-1.4682 	0.242112 	
0.805	0.356659 	-0.176968 	0.0324227 	-0.403732 	-1.46871 	0.233278 	
0.81	0.356931 	-0.176946 	0.0324152 	-0.400578 	-1.46808 	0.231006 	
0.815	0.3572 	-0.176931 	0.0324072 	-0.398329 	-1.46737 	0.229492 	
0.82	0.357468 	-0.176924 	0.0323988 	-0.3968 	-1.46661 	0.228577 	
0.825	0.357629 	-0.176929 	0.0323566 	-0.396235 	-1.46368 	0.229699 	
0.83	0.357857 	-0.176933 	0.0323358 	-0.395829 	-1.46208 	0.230151 	
0.835	0.358093 	-0.176941 	0.0323172 	-0.395726 	-1.46061 	0.230762 	
0.84	0.358415 	-0.176871 	0.0323218 	-0.387756 	-1.46097 	0.224145 	
0.845	0.35869 	-0.176855 	0.032314 	-0.385276 	-1.46029 	0.22244 	
0.85	0.358963 	-0.176846 	0.0323059 	-0.383557 	-1.45955 	0.221369 	
0.855	0.359234 	-0.176842 	0.0322974 	-0.382441 	-1.45877 	0.220798 	
0.86	0.359401 	-0.176822 	0.032255 	-0.379122 	-1.45591 	0.21966 	
0.865	0.359634 	-0.17682 	0.0322342 	-0.377916 	-1.45434 	0.219463 	
0.87	0.359874 	-0.176822 	0.0322156 	-0.377191 	-1.45288 	0.219571 	
0.875	0.36012 	-0.176828 	0.0321989 	-0.376841 	-1.45153 	0.219914 	
0.88	0.360461 	-0.176752 	0.0322071 	-0.368496 	-1.45218 	0.212867 	
0.885	0.360748 	-0.176733 	0.0322014 	-0.365785 	-1.45164 	0.210902 	
0.89	0.361031 	-0.176722 	0.0321949 	-0.363879 	-1.45103 	0.20962 	
0.895	0.361199 	-0.176722 	0.0321536 	-0.362566 	-1.44811 	0.210071 	
0.9	0.361437 	-0.176724 	0.0321339 	-0.361776 	-1.44658 	0.210169 	
0.905	0.361683 	-0.17673 	0.0321163 	-0.361377 	-1.44516 	0.210506 	
0.91	0.361933 	-0.176739 	0.0321004 	-0.361284 	-1.44383 	0.211026 	
0.915	0.362261 	-0.176646 	0.0321022 	-0.351328 	-1.44418 	0.202914 	
0.92	0.362545 	-0.176622 	0.0320945 	-0.348143 	-1.44355 	0.200641 	
0.925	0.362827 	-0.176608 	0.0320865 	-0.34586 	-1.44286 	0.199114 	
0.93	0.363011 	-0.176621 	0.0320506 	-0.345873 	-1.44019 	0.200429 	
0.935	0.363256 	-0.176626 	0.0320323 	-0.345411 	-1.43873 	0.200736 	
0.94	0.363506 	-0.176636 	0.0320159 	-0.34527 	-1.43737 	0.201235 	
0.945	0.363762 	-0.176648 	0.0320009 	-0.34538 	-1.43609 	0.201883 	
0.95	0.364075 	-0.176539 	0.0319967 	-0.334076 	-1.43613 	0.19292 	
0.955	0.364356 	-0.176511 	0.0319873 	-0.330492 	-1.43541 	0.190395 	
0.96	0.364637 	-0.176493 	0.0319779 	-0.327892 	-1.43465 	0.188669 	
0.965	0.364916 	-0.176484 	0.0319685 	-0.326075 	-1.43386 	0.187576 	
0.97	0.365086 	-0.176508 	0.0319296 	-0.326954 	-1.4309 	0.189652 	
0.975	0.365326 	-0.17652 	0.0319097 	-0.326945 	-1.42929 	0.190361 	
0.98	0.365573 	-0.176534 	0.0318921 	-0.327157 	-1.42782 	0.191172 	
0.985	0.365898 	-0.17644 	0.0318917 	-0.317632 	-1.42806 	0.183562 	
0.99	0.366182 	-0.176419 	0.0318827 	-0.314704 	-1.42735 	0.181563 	
0.995	0.366464 	-0.176407 	0.0318736 	-0.31262 	-1.42659 	0.180247 	
1	0.366744 	-0.176402 	0.0318646 	-0.311208 	-1.42581 	0.179473 	
1.005	0.366914 	-0.176397 	0.0318245 	-0.309266 	-1.42288 	0.179277 	
1.01	0.367153 	-0.176401 	0.0318044 	-0.308426 	-1.42129 	0.179318 	
1.015	0.367401 	-0.176409 	0.0317866 	-0.307986 	-1.41984 	0.179607 	
1.02	0.367654 	-0.17642 	0.0317706 	-0.30786 	-1.41849 	0.180088 	
1.025	0.367995 	-0.176316 	0.0317737 	-0.297758 	-1.41904 	0.17192 	
1.03	0.368287 	-0.17629 	0.0317666 	-0.294495 	-1.41849 	0.169594 	
1.035	0.368575 	-0.176275 	0.031759 	-0.292142 	-1.41786 	0.168015 	
1.04	0.368745 	-0.176294 	0.0317211 	-0.292333 	-1.41493 	0.16946 	
1.045	0.368988 	-0.176303 	0.0317023 	-0.291905 	-1.41341 	0.169786 	
1.05	0.369237 	-0.176315 	0.0316855 	-0.29179 	-1.41201 	0.170297 	
1.055	0.369548 	-0.176234 	0.0316813 	-0.2838 	-1.41194 	0.164082 	
1.06	0.369827 	-0.176217 	0.0316713 	-0.281292 	-1.41115 	0.162462 	
1.065	0.370105 	-0.176209 	0.0316614 	-0.27954 	-1.41035 	0.161441 	
1.07	0.370383 	-0.176208 	0.0316517 	-0.278385 	-1.40952 	0.160895 	
1.075	0.370564 	-0.176185 	0.0316161 	-0.274862 	-1.40691 	0.159263 	
1.08	0.370807 	-0.176184 	0.0315974 	-0.273562 	-1.40543 	0.158884 	
1.085	0.371056 	-0.176189 	0.0315806 	-0.27276 	-1.40407 	0.158841 	
1.09	0.37131 	-0.176198 	0.0315654 	-0.272351 	-1.4028 	0.159061 	
1.095	0.37163 	-0.176112 	0.0315638 	-0.264194 	-1.40295 	0.152638 	
1.1	0.371913 	-0.176093 	0.0315553 	-0.261517 	-1.4023 	0.150833 	
1.105	0.372194 	-0.176084 	0.0315465 	-0.259627 	-1.4016 	0.149661 	
1.11	0.372474 	-0.176082 	0.0315377 	-0.258363 	-1.40086 	0.148994 	
1.115	0.372623 	-0.176069 	0.0314961 	-0.255769 	-1.3977 	0.148308 	
1.12	0.372855 	-0.176073 	0.0314756 	-0.25475 	-1.39606 	0.148211 	
1.125	0.373094 	-0.176081 	0.0314573 	-0.254168 	-1.39457 	0.148386 	
1.13	0.373428 	-0.176015 	0.03146 	-0.247822 	-1.39499 	0.143278 	
1.135	0.37371 	-0.176002 	0.0314519 	-0.245719 	-1.39436 	0.141914 	
1.14	0.373989 	-0.175999 	0.0314436 	-0.244282 	-1.39368 	0.14109 	
1.145	0.37417 	-0.175978 	0.0314108 	-0.241171 	-1.39117 	0.139716 	
1.15	0.374411 	-0.175978 	0.0313935 	-0.239913 	-1.38979 	0.139323 	
1.155	0.374658 	-0.175983 	0.0313778 	-0.239144 	-1.38852 	0.139266 	
1.16	0.374909 	-0.175994 	0.0313635 	-0.23876 	-1.38732 	0.139473 	
1.165	0.375205 	-0.175908 	0.0313571 	-0.230801 	-1.38713 	0.133367 	
1.17	0.375477 	-0.17589 	0.0313471 	-0.228201 	-1.38639 	0.131665 	
1.175	0.375747 	-0.175881 	0.0313373 	-0.22637 	-1.38562 	0.130573 	
1.18	0.376017 	-0.17588 	0.0313275 	-0.22515 	-1.38484 	0.129963 	
1.185	0.376183 	-0.175866 	0.0312936 	-0.222553 	-1.38217 	0.129042 	
1.19	0.376415 	-0.175869 	0.0312753 	-0.221547 	-1.3807 	0.128876 	
1.195	0.376653 	-0.175878 	0.0312589 	-0.220975 	-1.37935 	0.128996 	
1.2	0.376896 	-0.175891 	0.031244 	-0.220746 	-1.37811 	0.12934 	
1.205	0.377213 	-0.17579 	0.0312434 	-0.211876 	-1.37844 	0.12233 	
1.21	0.377488 	-0.175768 	0.0312353 	-0.209001 	-1.37787 	0.120347 	
1.215	0.37776 	-0.175756 	0.0312268 	-0.206948 	-1.37725 	0.119027 	
1.22	0.377925 	-0.175769 	0.031195 	-0.206488 	-1.37462 	0.119743 	
1.225	0.378155 	-0.175778 	0.031178 	-0.205935 	-1.37322 	0.119896 	
1.23	0.378391 	-0.175792 	0.0311625 	-0.205722 	-1.37193 	0.120265 	
1.235	0.378679 	-0.175713 	0.0311567 	-0.19862 	-1.37177 	0.114844 	
1.24	0.378939 	-0.175699 	0.0311465 	-0.196378 	-1.37101 	0.113433 	
1.245	0.379198 	-0.175694 	0.0311364 	-0.194829 	-1.37024 	0.112566 	
1.25	0.379456 	-0.175696 	0.0311264 	-0.19383 	-1.36946 	0.112131 	
1.255	0.379626 	-0.175666 	0.0310969 	-0.190153 	-1.36711 	0.110214 	
1.26	0.379852 	-0.175665 	0.0310801 	-0.188846 	-1.36576 	0.109757 	
1.265	0.380082 	-0.175671 	0.0310648 	-0.188035 	-1.36452 	0.109645 	
1.27	0.380317 	-0.175682 	0.0310507 	-0.187618 	-1.36336 	0.109803 	
1.275	0.38061 	-0.1756 	0.0310474 	-0.180469 	-1.36342 	0.104264 	
1.28	0.380869 	-0.175584 	0.0310386 	-0.178134 	-1.3628 	0.102729 	
1.285	0.381126 	-0.175578 	0.0310295 	-0.176508 	-1.36213 	0.101761 	
1.29	0.38138 	-0.17558 	0.0310203 	-0.175447 	-1.36144 	0.101243 	
1.295	0.381519 	-0.175559 	0.0309869 	-0.172589 	-1.35865 	0.100125 	
1.3	0.381729 	-0.175562 	0.0309689 	-0.171543 	-1.35718 	0.0999148 	
1.305	0.381946 	-0.175571 	0.0309527 	-0.170938 	-1.35585 	0.0999945 	
1.31	0.382168 	-0.175585 	0.0309378 	-0.170682 	-1.35462 	0.100302 	
1.315	0.382487 	-0.175491 	0.0309414 	-0.162824 	-1.35533 	0.0939689 	
1.32	0.382748 	-0.175471 	0.0309347 	-0.160285 	-1.35492 	0.0921957 	
1.325	0.383005 	-0.175463 	0.0309273 	-0.158495 	-1.35443 	0.0910335 	
1.33	0.383137 	-0.17547 	0.0308954 	-0.157695 	-1.35165 	0.0915075 	
1.335	0.383344 	-0.175479 	0.0308786 	-0.157113 	-1.35026 	0.0916232 	
1.34	0.383556 	-0.175492 	0.0308633 	-0.156875 	-1.34899 	0.0919587 	
1.345	0.383837 	-0.175419 	0.0308609 	-0.150533 	-1.34912 	0.0870306 	
1.35	0.38408 	-0.175407 	0.0308518 	-0.148542 	-1.34849 	0.0857681 	
1.355	0.38432 	-0.175404 	0.0308426 	-0.147188 	-1.34782 	0.0850116 	
1.36	0.384558 	-0.175409 	0.0308333 	-0.146341 	-1.34714 	0.0846573 	
1.365	0.3847 	-0.175375 	0.0308054 	-0.142698 	-1.34476 	0.0827571 	
1.37	0.384901 	-0.175374 	0.0307894 	-0.14145 	-1.34345 	0.0823251 	
1.375	0.385106 	-0.17538 	0.0307746 	-0.140685 	-1.34225 	0.082227 	
1.38	0.385316 	-0.175391 	0.0307609 	-0.140302 	-1.34113 	0.0823916 	
1.385	0.385601 	-0.175316 	0.0307614 	-0.13399 	-1.34154 	0.0773807 	
1.39	0.385841 	-0.175303 	0.0307539 	-0.131954 	-1.34106 	0.0760212 	
1.395	0.386077 	-0.1753 	0.0307459 	-0.130562 	-1.34052 	0.0751845 	
1.4	0.386309 	-0.175304 	0.0307375 	-0.129684 	-1.33994 	0.0747646 	
1.405	0.386413 	-0.175278 	0.0307056 	-0.126767 	-1.33708 	0.0736146 	
1.41	0.386595 	-0.175281 	0.0306884 	-0.125762 	-1.33563 	0.0734187 	
1.415	0.386784 	-0.175289 	0.0306727 	-0.125187 	-1.33432 	0.0735049 	
1.42	0.387075 	-0.175237 	0.030676 	-0.120544 	-1.33499 	0.0696895 	
1.425	0.387306 	-0.175231 	0.0306688 	-0.119028 	-1.33454 	0.0687216 	
1.43	0.387533 	-0.175233 	0.0306611 	-0.118049 	-1.33403 	0.0681943 	
1.435	0.387665 	-0.175205 	0.0306366 	-0.115061 	-1.33185 	0.066734 	
1.44	0.387852 	-0.175206 	0.0306223 	-0.113994 	-1.33067 	0.0663886 	
1.445	0.388043 	-0.175213 	0.0306089 	-0.113371 	-1.32958 	0.0663557 	
1.45	0.388236 	-0.175226 	0.0305962 	-0.1131 	-1.32856 	0.0665692 	
1.455	0.38843 	-0.175243 	0.0305842 	-0.113108 	-1.3276 	0.0669769 	
1.46	0.388689 	-0.175131 	0.0305839 	-0.104548 	-1.32797 	0.0602243 	
1.465	0.388907 	-0.175106 	0.0305768 	-0.10185 	-1.32754 	0.058328 	
1.47	0.389121 	-0.175094 	0.0305691 	-0.0999287 	-1.32704 	0.0570599 	
1.475	0.389331 	-0.17509 	0.0305609 	-0.0986283 	-1.3265 	0.0562934 	
1.48	0.389426 	-0.175117 	0.0305332 	-0.099392 	-1.32386 	0.0579152 	
1.485	0.389589 	-0.175136 	0.0305175 	-0.099524 	-1.32252 	0.0585582 	
1.49	0.389758 	-0.175157 	0.0305032 	-0.0998498 	-1.32129 	0.059304 	
1.495	0.390025 	-0.175061 	0.0305063 	-0.0925217 	-1.32201 	0.0533914 	
1.5	0.390233 	-0.175044 	0.0304996 	-0.0903702 	-1.32161 	0.0519082 	
1.505	0.390437 	-0.175038 	0.0304922 	-0.0888834 	-1.32115 	0.0509668 	
1.51	0.390636 	-0.175039 	0.0304844 	-0.0879275 	-1.32064 	0.0504579 	
1.515	0.390727 	-0.175036 	0.0304589 	-0.0867983 	-1.31818 	0.0505233 	
1.52	0.390882 	-0.175045 	0.0304442 	-0.0863881 	-1.31692 	0.0507118 	
1.525	0.391041 	-0.175059 	0.0304306 	-0.0862844 	-1.31577 	0.0510975 	
1.53	0.391293 	-0.174993 	0.0304332 	-0.0809693 	-1.31641 	0.0467758 	
1.535	0.391489 	-0.174984 	0.0304266 	-0.079378 	-1.31601 	0.0457261 	
1.54	0.39168 	-0.174984 	0.0304193 	-0.078337 	-1.31556 	0.0451283 	
1.545	0.391867 	-0.17499 	0.0304115 	-0.0777351 	-1.31505 	0.0448909 	
1.55	0.391955 	-0.17496 	0.0303888 	-0.0749574 	-1.31283 	0.0435842 	
1.555	0.392101 	-0.174961 	0.0303753 	-0.0740925 	-1.31165 	0.0433859 	
1.56	0.39225 	-0.174969 	0.0303625 	-0.0736283 	-1.31057 	0.0434644 	
1.565	0.392402 	-0.174982 	0.0303505 	-0.0734815 	-1.30956 	0.0437612 	
1.57	0.392661 	-0.174914 	0.0303565 	-0.0681559 	-1.31059 	0.0392797 	
1.575	0.392852 	-0.174904 	0.0303516 	-0.0665407 	-1.31039 	0.0381353 	
1.58	0.393036 	-0.174902 	0.0303458 	-0.0654793 	-1.31009 	0.0374594 	
1.585	0.393214 	-0.174907 	0.0303393 	-0.0648608 	-1.30971 	0.0371583 	
1.59	0.393256 	-0.174887 	0.0303126 	-0.0628718 	-1.30693 	0.0366731 	
1.595	0.393377 	-0.174892 	0.0302981 	-0.0622764 	-1.3056 	0.0367378 	
1.6	0.393504 	-0.174901 	0.0302846 	-0.0620245 	-1.3044 	0.0370224 	
1.605	0.393762 	-0.174855 	0.0302922 	-0.0581239 	-1.30564 	0.0335635 	
1.61	0.39394 	-0.174851 	0.0302875 	-0.0569765 	-1.30546 	0.0327759 	
1.615	0.394111 	-0.174855 	0.0302818 	-0.0562877 	-1.30517 	0.0323831 	
1.62	0.394275 	-0.174864 	0.0302754 	-0.0559654 	-1.3048 	0.0323058 	
1.625	0.394318 	-0.174822 	0.0302524 	-0.0526574 	-1.30233 	0.030679 	
1.63	0.394431 	-0.174819 	0.0302393 	-0.0517028 	-1.30112 	0.0304207 	
1.635	0.394548 	-0.174823 	0.030227 	-0.051166 	-1.30002 	0.0304489 	
1.64	0.394784 	-0.1748 	0.030233 	-0.0487772 	-1.30111 	0.0282113 	
1.645	0.394946 	-0.174802 	0.0302282 	-0.0480653 	-1.3009 	0.027765 	
1.65	0.395102 	-0.17481 	0.0302225 	-0.0477235 	-1.3006 	0.0276432 	
1.655	0.395251 	-0.174823 	0.0302161 	-0.0476772 	-1.30023 	0.0277804 	
1.66	0.395297 	-0.174762 	0.030197 	-0.0432763 	-1.2981 	0.0251788 	
1.665	0.395401 	-0.174753 	0.0301853 	-0.0420333 	-1.29701 	0.0246515 	
1.67	0.395508 	-0.174752 	0.0301743 	-0.0412676 	-1.296 	0.0244654 	
1.675	0.395617 	-0.174758 	0.0301637 	-0.0408804 	-1.29506 	0.0245489 	
1.68	0.39586 	-0.174741 	0.0301731 	-0.0389326 	-1.2966 	0.0224681 	
1.685	0.396017 	-0.174746 	0.0301701 	-0.038428 	-1.29661 	0.0220933 	
1.69	0.396165 	-0.174756 	0.030166 	-0.0382513 	-1.29649 	0.0220272 	
1.695	0.39619 	-0.174715 	0.0301464 	-0.0352223 	-1.29425 	0.0205477 	
1.7	0.396282 	-0.174712 	0.0301354 	-0.0344151 	-1.29322 	0.0203403 	
1.705	0.396376 	-0.174716 	0.0301251 	-0.0339951 	-1.29226 	0.0204066 	
1.71	0.39647 	-0.174725 	0.0301151 	-0.0338823 	-1.29135 	0.0206894 	
1.715	0.396697 	-0.174689 	0.0301247 	-0.0308172 	-1.29289 	0.0177231 	
1.72	0.396839 	-0.174688 	0.0301222 	-0.0300116 	-1.29292 	0.017102 	
1.725	0.396971 	-0.174692 	0.0301184 	-0.029594 	-1.29281 	0.016838 	
1.73	0.396991 	-0.174672 	0.0301005 	-0.0279384 	-1.29075 	0.0163662 	
1.735	0.397071 	-0.174675 	0.0300904 	-0.0275291 	-1.28979 	0.0164411 	
1.74	0.397152 	-0.174683 	0.0300808 	-0.0274252 	-1.28889 	0.0167304 	
1.745	0.397234 	-0.174694 	0.0300715 	-0.0275635 	-1.28803 	0.0171892 	
1.75	0.397445 	-0.174642 	0.0300816 	-0.0235971 	-1.28958 	0.0135029 	
1.755	0.397571 	-0.174636 	0.0300797 	-0.022559 	-1.28964 	0.0126861 	
1.76	0.397688 	-0.174636 	0.0300765 	-0.0219551 	-1.28955 	0.0122648 	
1.765	0.397796 	-0.174642 	0.0300723 	-0.0216991 	-1.28934 	0.0121604 	
1.77	0.397784 	-0.174628 	0.0300531 	-0.020587 	-1.28704 	0.0122139 	
1.775	0.397838 	-0.174633 	0.0300426 	-0.0204245 	-1.28596 	0.0125274 	
1.78	0.397895 	-0.174643 	0.0300327 	-0.0205155 	-1.28497 	0.0130044 	
1.785	0.398095 	-0.174608 	0.0300431 	-0.0177023 	-1.2866 	0.0101767 	
1.79	0.398204 	-0.174607 	0.0300411 	-0.0170578 	-1.28664 	0.00967166 	
1.795	0.398303 	-0.174611 	0.030038 	-0.0167682 	-1.28654 	0.0094986 	
1.8	0.398394 	-0.17462 	0.030034 	-0.0167624 	-1.28632 	0.00959121 	
1.805	0.398477 	-0.174632 	0.0300293 	-0.0169831 	-1.28602 	0.00989579 	
1.81	0.398463 	-0.174581 	0.0300143 	-0.0137404 	-1.28405 	0.00815801 	
1.815	0.398502 	-0.174574 	0.0300052 	-0.0129957 	-1.28305 	0.00798525 	
1.82	0.398542 	-0.174574 	0.0299965 	-0.0126241 	-1.28212 	0.00807602 	
1.825	0.398728 	-0.174578 	0.0300066 	-0.0121222 	-1.28382 	0.00701308 	
1.83	0.398821 	-0.174586 	0.030005 	-0.0121356 	-1.28391 	0.00699815 	
1.835	0.398903 	-0.174598 	0.0300024 	-0.0123715 	-1.28385 	0.00721609 	
1.84	0.398976 	-0.174612 	0.0299989 	-0.012785 	-1.28367 	0.00761996 	
1.845	0.398961 	-0.17455 	0.0299869 	-0.00897787 	-1.28199 	0.00532629 	
1.85	0.398991 	-0.17454 	0.0299795 	-0.00810148 	-1.28115 	0.00499117 	
1.855	0.399021 	-0.174537 	0.0299722 	-0.00762547 	-1.28034 	0.00495257 	
1.86	0.399175 	-0.174554 	0.0299802 	-0.00803266 	-1.28178 	0.00469469 	
1.865	0.399248 	-0.174566 	0.0299785 	-0.00833258 	-1.28182 	0.00491998 	
1.87	0.39931 	-0.174579 	0.0299759 	-0.00879707 	-1.28172 	0.0053292 	
1.875	0.399364 	-0.174595 	0.0299724 	-0.0093925 	-1.28151 	0.00588488 	
1.88	0.399361 	-0.174526 	0.029965 	-0.00516127 	-1.28035 	0.00305593 	
1.885	0.399383 	-0.174513 	0.0299593 	-0.00419817 	-1.27968 	0.00258341 	
1.89	0.399403 	-0.174507 	0.0299535 	-0.00365327 	-1.27901 	0.00243507 	
1.895	0.399524 	-0.174535 	0.0299595 	-0.00483626 	-1.28017 	0.0028868 	
1.9	0.399577 	-0.17455 	0.0299577 	-0.00538757 	-1.28016 	0.0033251 	
1.905	0.39962 	-0.174565 	0.0299551 	-0.00605255 	-1.28003 	0.00390387 	
1.91	0.399654 	-0.174582 	0.0299519 	-0.00680749 	-1.27979 	0.00459405 	
1.915	0.399682 	-0.174599 	0.0299481 	-0.00763324 	-1.27947 	0.00537224 	
1.92	0.399695 	-0.174497 	0.029947 	-0.00151009 	-1.27899 	0.000793769 	
1.925	0.399709 	-0.174473 	0.0299436 	4.31521e-05 	-1.27852 	-0.000221454 	
1.93	0.399718 	-0.174458 	0.0299398 	0.00105836 	-1.27801 	-0.000802453 	
1.935	0.399802 	-0.174526 	0.0299427 	-0.00257514 	-1.27888 	0.00167574 	
1.94	0.399832 	-0.17455 	0.0299407 	-0.00383062 	-1.27882 	0.00268062 	
1.945	0.399853 	-0.174573 	0.0299381 	-0.00505769 	-1.27865 	0.00371127 	
1.95	0.399866 	-0.174596 	0.0299349 	-0.00626054 	-1.27838 	0.00476109 	
1.955	0.399883 	-0.174487 	0.0299372 	0.000186497 	-1.27828 	-0.000226126 	
1.96	0.399887 	-0.174462 	0.0299354 	0.0017235 	-1.27797 	-0.00129307 	
1.965	0.399885 	-0.174445 	0.0299329 	0.00272621 	-1.27759 	-0.00191607 	
1.97	0.399938 	-0.174518 	0.0299343 	-0.00129515 	-1.27821 	0.000961633 	
1.975	0.399948 	-0.174543 	0.0299324 	-0.00269238 	-1.27811 	0.00209284 	
1.98	0.399949 	-0.174566 	0.02993 	-0.00403221 	-1.27791 	0.00322381 	
1.985	0.399942 	-0.174589 	0.029927 	-0.00532456 	-1.27761 	0.00435305 	
1.99	0.399969 	-0.174482 	0.0299331 	0.000958172 	-1.27801 	-0.000709935 	
1.995	0.399965 	-0.174458 	0.0299328 	0.00240795 	-1.27786 	-0.00177879 	
2	0.399953 	-0.174441 	0.0299317 	0.00334152 	-1.27762 	-0.00240404 	
2.005	0.399934 	-0.174431 	0.0299298 	0.00386224 	-1.2773 	-0.00267457 	
2.01	0.399978 	-0.174525 	0.0299303 	-0.00150586 	-1.27805 	0.00118753 	
2.015	0.39998 	-0.17456 	0.0299251 	-0.0035546 	-1.27802 	0.00279547 	
2.02	0.399976 	-0.174592 	0.0299176 	-0.00541541 	-1.27787 	0.00430766 	
2.025	0.39997 	-0.174488 	0.0299127 	0.000668065 	-1.2777 	-0.000455426 	
2.03	0.399959 	-0.174467 	0.0299025 	0.00184322 	-1.2774 	-0.0012797 	
2.035	0.399946 	-0.174454 	0.0298899 	0.00255748 	-1.27704 	-0.00170964 	
2.04	0.399931 	-0.174447 	0.0298752 	0.00290374 	-1.27662 	-0.00182488 	
2.045	0.39998 	-0.174521 	0.0298634 	-0.00122238 	-1.27728 	0.00093646 	
2.05	0.399987 	-0.17455 	0.0298464 	-0.00288934 	-1.27718 	0.00220596 	
2.055	0.399988 	-0.174576 	0.029827 	-0.0044441 	-1.27698 	0.00344674 	
2.06	0.399968 	-0.174491 	0.0298072 	0.000486422 	-1.2764 	-0.00029451 	
2.065	0.399957 	-0.174475 	0.0297843 	0.00136089 	-1.27594 	-0.000852359 	
2.07	0.399945 	-0.174465 	0.0297592 	0.00183619 	-1.27544 	-0.00107071 	
2.075	0.399932 	-0.174462 	0.0297323 	0.00199336 	-1.27492 	-0.00101872 	
2.08	0.39992 	-0.174462 	0.0297034 	0.00189726 	-1.27437 	-0.000751726 	
2.085	0.399986 	-0.17452 	0.0296802 	-0.00113133 	-1.27517 	0.000767823 	
2.09	0.400003 	-0.174546 	0.0296504 	-0.00256281 	-1.27508 	0.00172917 	
2.095	0.400014 	-0.17457 	0.0296184 	-0.00392805 	-1.27488 	0.0027223 	
2.1	0.399964 	-0.174491 	0.029581 	0.000414155 	-1.2736 	-0.000176886 	
2.105	0.399948 	-0.174477 	0.0295438 	0.00114909 	-1.2729 	-0.000525614 	
2.11	0.399934 	-0.174469 	0.029505 	0.00151565 	-1.27221 	-0.000579564 	
2.115	0.399922 	-0.174466 	0.0294645 	0.00158919 	-1.27153 	-0.000399419 	
2.12	0.399985 	-0.174515 	0.0294294 	-0.000857195 	-1.27213 	0.000540347 	
2.125	0.400003 	-0.174537 	0.0293883 	-0.00201701 	-1.27192 	0.00126024 	
2.13	0.400016 	-0.174557 	0.0293452 	-0.00316232 	-1.27163 	0.00205758 	
2.135	0.399964 	-0.174494 	0.029296 	0.000256385 	-1.27017 	-4.44193e-05 	
2.14	0.39995 	-0.174484 	0.0292477 	0.000746366 	-1.26937 	-0.000184544 	
2.145	0.399939 	-0.174479 	0.0291981 	0.000920732 	-1.26861 	-7.53688e-05 	
2.15	0.399931 	-0.174479 	0.0291472 	0.000844298 	-1.26787 	0.000231518 	
2.155	0.399926 	-0.174483 	0.0290949 	0.000568702 	-1.26715 	0.000695077 	
2.16	0.399988 	-0.174513 	0.0290478 	-0.000684886 	-1.26757 	0.000282719 	
2.165	0.400009 	-0.17453 	0.0289951 	-0.0015399 	-1.26728 	0.000617739 	
2.17	0.400027 	-0.174548 	0.0289407 	-0.0024384 	-1.26693 	0.00110418 	
2.175	0.399962 	-0.174496 	0.0288781 	0.000141533 	-1.26511 	0.000119833 	
2.18	0.399947 	-0.174488 	0.0288182 	0.000429094 	-1.26416 	0.000258444 	
2.185	0.399938 	-0.174486 	0.0287574 	0.000447089 	-1.26327 	0.000585025 	
2.19	0.399932 	-0.174488 	0.0286955 	0.000251041 	-1.26244 	0.00106034 	
2.195	0.399984 	-0.17451 	0.0286378 	-0.000478723 	-1.26258 	0.000128648 	
2.2	0.400004 	-0.174523 	0.0285757 	-0.00111431 	-1.26215 	0.000278266 	
2.205	0.400022 	-0.174537 	0.0285122 	-0.00183368 	-1.26168 	0.000612763 	
2.21	0.399963 	-0.174498 	0.0284413 	2.30992e-05 	-1.25987 	0.000209991 	
2.215	0.399953 	-0.174494 	0.028373 	0.000124579 	-1.25889 	0.000493992 	
2.22	0.399947 	-0.174494 	0.028304 	-1.51036e-06 	-1.25797 	0.000932121 	
2.225	0.399946 	-0.174498 	0.0282341 	-0.000308214 	-1.25712 	0.0014921 	
2.23	0.399948 	-0.174505 	0.0281635 	-0.000758168 	-1.25632 	0.00214833 	
2.235	0.399983 	-0.174506 	0.0280952 	-0.000236263 	-1.25601 	-0.000206739 	
2.24	0.400001 	-0.174514 	0.028024 	-0.000512931 	-1.25544 	-0.000503067 	
2.245	0.400019 	-0.174524 	0.0279517 	-0.000941785 	-1.25486 	-0.000528747 	
2.25	0.399964 	-0.1745 	0.0278726 	-0.000129192 	-1.25304 	0.000415977 	
2.255	0.399957 	-0.174501 	0.0277963 	-0.00028451 	-1.25201 	0.00103979 	
2.26	0.399955 	-0.174504 	0.0277196 	-0.00060912 	-1.25107 	0.00174284 	
2.265	0.399957 	-0.174511 	0.0276423 	-0.00106813 	-1.25019 	0.00250827 	
2.27	0.399979 	-0.174504 	0.0275665 	-0.000104593 	-1.24957 	-0.000280109 	
2.275	0.399993 	-0.174508 	0.0274888 	-0.000222681 	-1.24886 	-0.000696435 	
2.28	0.400009 	-0.174516 	0.0274104 	-0.000520706 	-1.24818 	-0.000822098 	
2.285	0.399966 	-0.174502 	0.0273266 	-0.000205393 	-1.2465 	0.000460645 	
2.29	0.399963 	-0.174505 	0.0272452 	-0.000483685 	-1.24548 	0.00116179 	
2.295	0.399965 	-0.174511 	0.0271635 	-0.000901884 	-1.24455 	0.00192196 	
2.3	0.399972 	-0.174519 	0.0270815 	-0.00143112 	-1.24368 	0.00272847 	
2.305	0.399975 	-0.174502 	0.0269996 	1.5678e-06 	-1.24268 	-0.00034645 	
2.31	0.399985 	-0.174503 	0.026917 	3.02134e-05 	-1.24184 	-0.00085491 	
2.315	0.399998 	-0.174508 	0.0268341 	-0.00014634 	-1.24105 	-0.00105838 	
2.32	0.400014 	-0.174516 	0.0267507 	-0.000485307 	-1.2403 	-0.00101956 	
2.325	0.399964 	-0.174502 	0.0266623 	-0.000245815 	-1.23845 	0.000671042 	
2.33	0.399958 	-0.174505 	0.0265766 	-0.000555191 	-1.23736 	0.00156518 	
2.335	0.399959 	-0.174511 	0.026491 	-0.000991626 	-1.23636 	0.00247308 	
2.34	0.399976 	-0.174503 	0.0264068 	-0.000111007 	-1.23556 	-0.000159766 	
2.345	0.399989 	-0.174507 	0.0263217 	-0.000236913 	-1.23475 	-0.000483759 	
2.35	0.400005 	-0.174514 	0.0262363 	-0.000531552 	-1.23398 	-0.000545202 	
2.355	0.400023 	-0.174523 	0.0261509 	-0.000959675 	-1.23325 	-0.000398064 	
2.36	0.399961 	-0.1745 	0.0260603 	-0.000105612 	-1.23116 	0.000481589 	
2.365	0.399953 	-0.1745 	0.0259729 	-0.000224291 	-1.22998 	0.00112205 	
2.37	0.399952 	-0.174504 	0.0258858 	-0.000504903 	-1.22893 	0.00182373 	
2.375	0.399956 	-0.17451 	0.025799 	-0.000914231 	-1.22797 	0.00257357 	
2.38	0.39998 	-0.174504 	0.025714 	-0.00011854 	-1.22727 	-0.000335319 	
2.385	0.399997 	-0.174509 	0.0256281 	-0.000258283 	-1.22652 	-0.00082038 	
2.39	0.400016 	-0.174517 	0.0255423 	-0.000559468 	-1.2258 	-0.00101518 	
2.395	0.399965 	-0.174502 	0.0254527 	-0.000175484 	-1.2239 	0.000474754 	
2.4	0.399961 	-0.174505 	0.0253657 	-0.000409192 	-1.2228 	0.00120369 	
2.405	0.399963 	-0.17451 	0.0252792 	-0.000777345 	-1.22181 	0.0019717 	
2.41	0.39997 	-0.174518 	0.0251932 	-0.00125238 	-1.2209 	0.00277034 	
2.415	0.399976 	-0.174502 	0.0251083 	-1.94702e-05 	-1.21991 	-0.000385413 	
2.42	0.399987 	-0.174504 	0.0250233 	-2.20988e-05 	-1.21906 	-0.000945886 	
2.425	0.400002 	-0.174509 	0.0249387 	-0.000209672 	-1.21828 	-0.00120494 	
2.43	0.399968 	-0.174504 	0.0248519 	-0.000235168 	-1.21671 	0.00050363 	
2.435	0.399968 	-0.174509 	0.0247672 	-0.000568091 	-1.21571 	0.00128152 	
2.44	0.399973 	-0.174516 	0.0246832 	-0.00101166 	-1.21479 	0.00208479 	
2.445	0.399981 	-0.174525 	0.0245998 	-0.00154315 	-1.21395 	0.0029078 	
2.45	0.399972 	-0.1745 	0.0245171 	6.64726e-05 	-1.21273 	-0.000429306 	
2.455	0.399979 	-0.174499 	0.024435 	0.000182685 	-1.21183 	-0.00105054 	
2.46	0.399988 	-0.174502 	0.0243535 	9.3912e-05 	-1.211 	-0.00136193 	
2.465	0.4 	-0.174508 	0.0242726 	-0.000157146 	-1.21022 	-0.00142714 	
2.47	0.399967 	-0.174505 	0.0241904 	-0.000302884 	-1.20873 	0.000750222 	
2.475	0.399965 	-0.174511 	0.0241101 	-0.000692704 	-1.20776 	0.00175526 	
2.48	0.399968 	-0.174519 	0.0240308 	-0.00117648 	-1.20687 	0.00273492 	
2.485	0.399974 	-0.174502 	0.0239533 	-5.05189e-05 	-1.20596 	-0.000234384 	
2.49	0.399982 	-0.174504 	0.023876 	-8.1362e-05 	-1.20516 	-0.000677122 	
2.495	0.399993 	-0.174509 	0.0237995 	-0.000283078 	-1.20442 	-0.000850424 	
2.5	0.400005 	-0.174516 	0.0237239 	-0.000620148 	-1.20371 	-0.000809484 	
2.505	0.399965 	-0.174502 	0.0236475 	-0.000166274 	-1.20216 	0.000561804 	
2.51	0.39996 	-0.174505 	0.0235731 	-0.000370894 	-1.20119 	0.00131542 	
2.515	0.399959 	-0.174511 	0.0234998 	-0.000704299 	-1.20031 	0.00209171 	
2.52	0.399975 	-0.174503 	0.0234286 	-0.000132517 	-1.19967 	-0.00011976 	
2.525	0.399985 	-0.174508 	0.0233578 	-0.000300013 	-1.19897 	-0.000372289 	
2.53	0.399995 	-0.174515 	0.023288 	-0.000606901 	-1.1983 	-0.000397565 	
2.535	0.400006 	-0.174524 	0.0232192 	-0.00102424 	-1.19765 	-0.000242051 	
2.54	0.400017 	-0.174534 	0.0231515 	-0.00152903 	-1.19703 	5.7223e-05 	
2.545	0.39996 	-0.174497 	0.0230839 	0.00010181 	-1.19527 	0.000384964 	
2.55	0.399946 	-0.174493 	0.0230181 	0.000258612 	-1.19426 	0.000856799 	
2.555	0.399938 	-0.174492 	0.0229535 	0.000216607 	-1.19335 	0.00140536 	
2.56	0.399979 	-0.174507 	0.0228915 	-0.000298544 	-1.19326 	-6.34416e-06 	
2.565	0.399993 	-0.174517 	0.02283 	-0.000742216 	-1.19275 	-6.21601e-05 	
2.57	0.400005 	-0.174529 	0.0227696 	-0.00126612 	-1.19224 	6.60578e-05 	
2.575	0.400016 	-0.174541 	0.0227104 	-0.00185345 	-1.19172 	0.000340809 	
2.58	0.39996 	-0.174496 	0.0226523 	0.000179957 	-1.19008 	0.000239262 	
2.585	0.399946 	-0.174489 	0.0225957 	0.000452659 	-1.18916 	0.000547676 	
2.59	0.399935 	-0.174487 	0.0225404 	0.000505007 	-1.18831 	0.000963876 	
2.595	0.399979 	-0.174508 	0.0224875 	-0.000346694 	-1.1884 	7.87639e-05 	
2.6	0.399991 	-0.17452 	0.0224353 	-0.00087225 	-1.18797 	0.000158904 	
2.605	0.400001 	-0.174532 	0.0223845 	-0.00145896 	-1.18753 	0.000393198 	
2.61	0.400008 	-0.174546 	0.0223351 	-0.00209394 	-1.18707 	0.000750224 	
2.615	0.40004 	-0.17452 	0.022475 	-0.000572289 	-1.18614 	0.00062768 	
2.62	0.400009 	-0.174506 	0.0222676 	-0.000973209 	-1.18575 	0.0012859 	
2.625	0.400017 	-0.174533 	0.0222459 	-0.00154931 	-1.18543 	0.00195922 	
2.63	0.400038 	-0.174536 	0.0222387 	-0.0023088 	-1.18517 	0.00258634 	
2.635	0.400064 	-0.174568 	0.0221838 	-0.00343794 	-1.18502 	0.00350502 	
2.64	0.400008 	-0.174509 	0.0221595 	-4.89556e-05 	-1.18331 	-0.000203883 	
2.645	0.399997 	-0.174502 	0.022122 	0.000327564 	-1.18284 	-0.000741021 	
2.65	0.400003 	-0.174491 	0.0220852 	0.000471923 	-1.18252 	-0.00100636 	
2.655	0.398512 	-0.1765 	0.0777471 	0.000494727 	-1.18233 	-0.00112415 	
2.66	0.398536 	-0.176494 	0.0777068 	0.000282021 	-1.18237 	-0.000924376 	
2.665	0.398541 	-0.176483 	0.0776872 	-0.000148907 	-1.18244 	-0.00072362 	
2.67	0.398548 	-0.176456 	0.077665 	-0.000828499 	-1.18262 	-0.000245333 	
2.675	0.398546 	-0.17644 	0.0776435 	-0.00166805 	-1.18287 	0.000352105 	
2.68	0.398534 	-0.176427 	0.0776311 	-0.00202777 	-1.18313 	0.000666028 	
2.685	0.398521 	-0.176412 	0.0776222 	-0.00221413 	-1.18344 	0.000896953 	
2.69	0.398505 	-0.176402 	0.0776153 	-0.00233768 	-1.18378 	0.00106719 	
2.695	0.398487 	-0.176395 	0.0776099 	-0.00242985 	-1.18416 	0.00119646 	
2.7	0.398468 	-0.176391 	0.0776056 	-0.0025002 	-1.18456 	0.00129236 	
2.705	0.398448 	-0.176388 	0.0776024 	-0.0025538 	-1.18498 	0.0013592 	
2.71	0.398427 	-0.176386 	0.0776001 	-0.0025954 	-1.18542 	0.00140312 	
2.715	0.398405 	-0.176385 	0.0775986 	-0.00262854 	-1.18587 	0.00143123 	
2.72	0.398383 	-0.176384 	0.0775978 	-0.0026559 	-1.18633 	0.00145012 	
2.725	0.398361 	-0.176384 	0.0775975 	-0.002679 	-1.1868 	0.00146384 	
2.73	0.398339 	-0.176385 	0.0775977 	-0.00269912 	-1.18728 	0.00147453 	
2.735	0.398317 	-0.176385 	0.0775983 	-0.00271732 	-1.18776 	0.00148324 	
2.74	0.398295 	-0.176386 	0.0775985 	-0.00277092 	-1.18825 	0.00149181 	
2.745	0.398273 	-0.176387 	0.0775984 	-0.00285113 	-1.18875 	0.00149855 	
2.75	0.398252 	-0.176388 	0.077598 	-0.00295382 	-1.18925 	0.00150561 	
2.755	0.39823 	-0.176389 	0.0775974 	-0.00307655 	-1.18976 	0.0015147 	
2.76	0.39821 	-0.17639 	0.0775966 	-0.00321757 	-1.19027 	0.00152716 	
2.765	0.398189 	-0.17639 	0.0775957 	-0.00337317 	-1.19079 	0.00154311 	
2.77	0.398168 	-0.176391 	0.0775948 	-0.0035352 	-1.19131 	0.00155962 	
2.775	0.398147 	-0.176391 	0.0775939 	-0.00370472 	-1.19183 	0.00157904 	
2.78	0.398127 	-0.176392 	0.077593 	-0.00388117 	-1.19235 	0.00160146 	
2.785	0.398106 	-0.176392 	0.077592 	-0.00406401 	-1.19287 	0.00162706 	
2.79	0.398085 	-0.176393 	0.077591 	-0.00425274 	-1.19339 	0.00165592 	
2.795	0.398065 	-0.176393 	0.07759 	-0.00444704 	-1.19391 	0.00168816 	
2.8	0.398044 	-0.176394 	0.0775889 	-0.00464662 	-1.19443 	0.00172388 	
2.805	0.398024 	-0.176394 	0.0775878 	-0.00485122 	-1.19496 	0.00176319 	
2.81	0.398003 	-0.176395 	0.0775866 	-0.00506066 	-1.19548 	0.00180614 	
2.815	0.397983 	-0.176395 	0.0775854 	-0.0052747 	-1.19601 	0.00185275 	
2.82	0.397962 	-0.176395 	0.0775842 	-0.00549315 	-1.19653 	0.00190307 	
2.825	0.397942 	-0.176396 	0.0775829 	-0.00571583 	-1.19706 	0.00195707 	
2.83	0.39792 	-0.176402 	0.0775772 	-0.00572313 	-1.19759 	0.0018458 	
2.835	0.397899 	-0.176414 	0.0775658 	-0.00533556 	-1.19816 	0.00143184 	
2.84	0.397883 	-0.17642 	0.0775601 	-0.00495387 	-1.19876 	0.00104186 	
2.845	0.397871 	-0.176421 	0.0775537 	-0.00486403 	-1.19937 	0.000904823 	
2.85	0.397858 	-0.176421 	0.0775453 	-0.00496735 	-1.19998 	0.000930692 	
2.855	0.397844 	-0.176425 	0.0775343 	-0.00500754 	-1.2006 	0.000904988 	
2.86	0.397826 	-0.176438 	0.0775196 	-0.00459128 	-1.20121 	0.000508191 	
2.865	0.397801 	-0.176463 	0.0775076 	-0.00373109 	-1.20177 	-0.00017752 	
2.87	0.397777 	-0.176491 	0.077492 	-0.00260828 	-1.20235 	-0.00108137 	
2.875	0.397761 	-0.176521 	0.0774902 	-0.00132665 	-1.20298 	-0.00213497 	
2.88	0.397749 	-0.17654 	0.0774822 	-0.00065778 	-1.2036 	-0.00267877 	
2.885	0.397738 	-0.176557 	0.0774756 	-0.000481413 	-1.20423 	-0.00284232 	
2.89	0.397717 	-0.176575 	0.0774478 	-0.000878943 	-1.20478 	-0.00250994 	
2.895	0.397696 	-0.176591 	0.0774201 	-0.000640031 	-1.20539 	-0.00273709 	
2.9	0.397676 	-0.17661 	0.0773966 	0.000107666 	-1.20601 	-0.00338478 	
2.905	0.397658 	-0.176626 	0.0773747 	0.000812797 	-1.20664 	-0.00398891 	
2.91	0.397627 	-0.176643 	0.0773622 	0.00147475 	-1.20717 	-0.00466191 	
2.915	0.397604 	-0.176651 	0.0773529 	0.00192317 	-1.20774 	-0.00511847 	
2.92	0.397576 	-0.17666 	0.0773448 	0.00222611 	-1.20828 	-0.00546044 	
2.925	0.397548 	-0.176665 	0.0773374 	0.00241403 	-1.20881 	-0.00567281 	
2.93	0.397523 	-0.176661 	0.0773324 	0.0022892 	-1.20934 	-0.00560815 	
2.935	0.397498 	-0.176653 	0.0773274 	0.00195662 	-1.20987 	-0.00535318 	
2.94	0.39747 	-0.176647 	0.0773207 	0.00171533 	-1.21039 	-0.00516921 	
2.945	0.397444 	-0.17664 	0.0773137 	0.00152329 	-1.21092 	-0.00500961 	
2.95	0.397417 	-0.176634 	0.0773066 	0.00137055 	-1.21145 	-0.00487749 	
2.955	0.39739 	-0.17663 	0.0772996 	0.00125334 	-1.21198 	-0.00477325 	
2.96	0.397365 	-0.176619 	0.0772934 	0.000946352 	-1.21252 	-0.00450096 	
2.965	0.397341 	-0.176606 	0.0772874 	0.00051894 	-1.21305 	-0.0041317 	
2.97	0.397317 	-0.176593 	0.0772812 	1.04731e-05 	-1.21359 	-0.00369411 	
2.975	0.397293 	-0.176578 	0.0772753 	-0.000532219 	-1.21413 	-0.00323139 	
2.98	0.397271 	-0.176563 	0.0772683 	-0.0011113 	-1.21467 	-0.00273502 	
2.985	0.397249 	-0.17655 	0.0772638 	-0.00169742 	-1.21522 	-0.00224481 	
2.99	0.397227 	-0.176538 	0.0772604 	-0.00225827 	-1.21575 	-0.00178792 	
2.995	0.397204 	-0.176526 	0.0772572 	-0.0028109 	-1.21628 	-0.00134016 	
3	0.397181 	-0.176513 	0.0772537 	-0.00336497 	-1.21681 	-0.000893531 	
3.005	0.397158 	-0.176506 	0.0772519 	-0.00389226 	-1.21734 	-0.000459711 	
3.01	0.397134 	-0.176498 	0.0772502 	-0.00439135 	-1.21787 	-5.06912e-05 	
3.015	0.39711 	-0.176491 	0.0772483 	-0.00488102 	-1.21839 	0.000349294 	
3.02	0.397086 	-0.176484 	0.0772461 	-0.00536498 	-1.21891 	0.000744737 	
3.025	0.397061 	-0.176477 	0.0772436 	-0.00584618 	-1.21943 	0.00113964 	
3.03	0.397036 	-0.176469 	0.0772409 	-0.0063227 	-1.21995 	0.00153377 	
3.035	0.397012 	-0.176464 	0.077238 	-0.00671688 	-1.22049 	0.00184044 	
3.04	0.396988 	-0.176456 	0.0772343 	-0.00707051 	-1.22102 	0.00210954 	
3.045	0.396964 	-0.176447 	0.0772299 	-0.00752306 	-1.22156 	0.0024402 	
3.05	0.396939 	-0.176441 	0.0772256 	-0.00791619 	-1.2221 	0.00268103 	
3.055	0.396913 	-0.176433 	0.0772211 	-0.00822818 	-1.22263 	0.00283695 	
3.06	0.396887 	-0.176426 	0.0772162 	-0.00852986 	-1.22317 	0.00299002 	
3.065	0.396861 	-0.17642 	0.0772114 	-0.00881249 	-1.22371 	0.00314732 	
3.07	0.396835 	-0.176413 	0.0772061 	-0.00921402 	-1.22424 	0.00339423 	
3.075	0.396808 	-0.176408 	0.0772015 	-0.00950531 	-1.22478 	0.00356763 	
3.08	0.396781 	-0.176406 	0.0771966 	-0.0097045 	-1.22532 	0.00367352 	
3.085	0.396752 	-0.176409 	0.077191 	-0.00967223 	-1.22587 	0.00357843 	
3.09	0.396723 	-0.176409 	0.0771851 	-0.00965093 	-1.22641 	0.00350191 	
3.095	0.396694 	-0.17641 	0.0771785 	-0.00967157 	-1.22696 	0.00343445 	
3.1	0.396664 	-0.176409 	0.0771721 	-0.00974253 	-1.22751 	0.00341296 	
3.105	0.396635 	-0.176409 	0.0771634 	-0.00982837 	-1.22807 	0.0033676 	
3.11	0.396606 	-0.176407 	0.0771547 	-0.00993796 	-1.22863 	0.00332472 	
3.115	0.396577 	-0.176403 	0.0771452 	-0.0101118 	-1.22919 	0.00333502 	
3.12	0.396548 	-0.176395 	0.077135 	-0.0104157 	-1.22975 	0.00347012 	
3.125	0.396518 	-0.176387 	0.0771241 	-0.010768 	-1.23031 	0.00364909 	
3.13	0.396489 	-0.176379 	0.0771132 	-0.0111312 	-1.23087 	0.00383928 	
3.135	0.396459 	-0.17637 	0.0771023 	-0.0114891 	-1.23143 	0.00402519 	
3.14	0.396427 	-0.176368 	0.0770921 	-0.0115818 	-1.23199 	0.00404322 	
3.145	0.396396 	-0.176366 	0.0770825 	-0.011572 	-1.23255 	0.00401049 	
3.15	0.396365 	-0.176367 	0.0770739 	-0.0115025 	-1.23311 	0.00393773 	
3.155	0.396333 	-0.176369 	0.0770659 	-0.0113974 	-1.23368 	0.00383384 	
3.16	0.396302 	-0.17637 	0.0770583 	-0.0112913 	-1.23424 	0.00372621 	
3.165	0.396271 	-0.176371 	0.0770509 	-0.0112712 	-1.2348 	0.00367893 	
3.17	0.39624 	-0.176371 	0.0770446 	-0.0113576 	-1.23536 	0.00373414 	
3.175	0.39621 	-0.176372 	0.0770386 	-0.0114237 	-1.23592 	0.00372872 	
3.18	0.39618 	-0.17637 	0.0770318 	-0.0115352 	-1.23648 	0.00374195 	
3.185	0.396149 	-0.176371 	0.0770258 	-0.0115575 	-1.23704 	0.0037092 	
3.19	0.396119 	-0.176368 	0.0770191 	-0.011632 	-1.23761 	0.00371073 	
3.195	0.396089 	-0.176366 	0.0770121 	-0.0117343 	-1.23817 	0.00372989 	
3.2	0.396058 	-0.176363 	0.0770057 	-0.0118911 	-1.23873 	0.00381323 	
3.205	0.396028 	-0.176361 	0.0769997 	-0.011984 	-1.23929 	0.00388102 	
3.21	0.395997 	-0.176359 	0.0769936 	-0.0120714 	-1.23984 	0.00395459 	
3.215	0.395967 	-0.176354 	0.0769874 	-0.0122339 	-1.24039 	0.00411431 	
3.22	0.395936 	-0.176349 	0.0769813 	-0.012444 	-1.24094 	0.004329 	
3.225	0.395905 	-0.176346 	0.0769741 	-0.0125599 	-1.24149 	0.00445417 	
3.23	0.395875 	-0.176342 	0.0769669 	-0.0126519 	-1.24205 	0.00455534 	
3.235	0.395844 	-0.176339 	0.0769598 	-0.012738 	-1.2426 	0.00463915 	
3.24	0.395813 	-0.17634 	0.0769533 	-0.0126867 	-1.24316 	0.0046184 	
3.245	0.395783 	-0.176341 	0.076947 	-0.0125848 	-1.24372 	0.00455402 	
3.25	0.395752 	-0.176341 	0.0769409 	-0.0125224 	-1.24427 	0.00451677 	
3.255	0.395721 	-0.176342 	0.0769348 	-0.0124737 	-1.24483 	0.0044861 	
3.26	0.39569 	-0.176343 	0.076929 	-0.0124285 	-1.24539 	0.0044564 	
3.265	0.39566 	-0.176344 	0.0769234 	-0.0124057 	-1.24594 	0.0044419 	
3.27	0.395629 	-0.176345 	0.0769178 	-0.0124088 	-1.2465 	0.00444651 	
3.275	0.395598 	-0.176345 	0.0769123 	-0.0124337 	-1.24705 	0.00446896 	
3.28	0.395567 	-0.176345 	0.0769069 	-0.0124636 	-1.2476 	0.00449598 	
3.285	0.395536 	-0.176346 	0.0769014 	-0.0124944 	-1.24816 	0.00452432 	
3.29	0.395505 	-0.176346 	0.0768959 	-0.0125369 	-1.24871 	0.00455851 	
3.295	0.395475 	-0.176346 	0.0768903 	-0.0125825 	-1.24926 	0.00459325 	
3.3	0.395444 	-0.176346 	0.0768847 	-0.0126289 	-1.24982 	0.00462797 	
3.305	0.395413 	-0.176346 	0.076879 	-0.0126813 	-1.25037 	0.00465961 	
3.31	0.395381 	-0.176348 	0.0768729 	-0.0126282 	-1.25093 	0.00459694 	
3.315	0.39535 	-0.176348 	0.0768658 	-0.0125753 	-1.25149 	0.00452871 	
3.32	0.395318 	-0.176354 	0.076858 	-0.0124334 	-1.25205 	0.00434671 	
3.325	0.395286 	-0.17636 	0.0768494 	-0.0122009 	-1.25262 	0.00406063 	
3.33	0.395252 	-0.176372 	0.0768397 	-0.0117562 	-1.25319 	0.00359371 	
3.335	0.395219 	-0.176384 	0.0768299 	-0.0112448 	-1.25377 	0.00308093 	
3.34	0.395185 	-0.176397 	0.0768201 	-0.0107218 	-1.25434 	0.00256128 	
3.345	0.395151 	-0.176408 	0.0768102 	-0.0102405 	-1.25492 	0.00207794 	
3.35	0.395117 	-0.176418 	0.0768004 	-0.00982541 	-1.2555 	0.00166644 	
3.355	0.395083 	-0.176427 	0.0767906 	-0.00951644 	-1.25608 	0.00134767 	
3.36	0.395047 	-0.176443 	0.0767795 	-0.00895847 	-1.25667 	0.000814208 	
3.365	0.395015 	-0.176456 	0.0767739 	-0.00823883 	-1.25728 	0.000146207 	
3.37	0.394985 	-0.176459 	0.0767701 	-0.00784243 	-1.25787 	-0.000229232 	
3.375	0.394953 	-0.176462 	0.0767661 	-0.00766956 	-1.25845 	-0.000408548 	
3.38	0.394922 	-0.176466 	0.0767611 	-0.00746998 	-1.25903 	-0.00061061 	
3.385	0.39489 	-0.176469 	0.0767557 	-0.0072662 	-1.2596 	-0.000808797 	
3.39	0.394859 	-0.176472 	0.0767502 	-0.00707052 	-1.26018 	-0.000997264 	
3.395	0.394828 	-0.176474 	0.0767443 	-0.00691648 	-1.26075 	-0.00115322 	
3.4	0.394797 	-0.176474 	0.0767387 	-0.00687621 	-1.26131 	-0.00121882 	
3.405	0.394765 	-0.176474 	0.0767329 	-0.00687851 	-1.26188 	-0.00124254 	
3.41	0.394734 	-0.176474 	0.076727 	-0.00688935 	-1.26244 	-0.00125459 	
3.415	0.394703 	-0.176474 	0.0767209 	-0.00690538 	-1.26301 	-0.00127869 	
3.42	0.394671 	-0.176474 	0.0767146 	-0.00692449 	-1.26358 	-0.00131394 	
3.425	0.39464 	-0.176474 	0.0767081 	-0.0069209 	-1.26415 	-0.00137356 	
3.43	0.394609 	-0.176473 	0.0767016 	-0.00695867 	-1.26471 	-0.00137236 	
3.435	0.394577 	-0.176471 	0.0766949 	-0.00706215 	-1.26528 	-0.00129101 	
3.44	0.394546 	-0.176472 	0.0766896 	-0.00707634 	-1.26585 	-0.00126755 	
3.445	0.394515 	-0.176473 	0.0766845 	-0.00704428 	-1.26643 	-0.00129668 	
3.45	0.394485 	-0.176474 	0.0766791 	-0.00700141 	-1.267 	-0.00135513 	
3.455	0.394454 	-0.176476 	0.0766733 	-0.0069565 	-1.26758 	-0.00143528 	
3.46	0.394423 	-0.176477 	0.0766673 	-0.00691143 	-1.26815 	-0.00153277 	
3.465	0.394391 	-0.176478 	0.0766611 	-0.0068967 	-1.26872 	-0.00161708 	
3.47	0.39436 	-0.176478 	0.0766547 	-0.00691417 	-1.26929 	-0.00168564 	
3.475	0.394328 	-0.176477 	0.076648 	-0.00695743 	-1.26986 	-0.001741 	
3.48	0.394297 	-0.176476 	0.076641 	-0.00701995 	-1.27043 	-0.00178632 	
3.485	0.394265 	-0.176476 	0.0766341 	-0.00704104 	-1.271 	-0.00181833 	
3.49	0.394232 	-0.176479 	0.0766265 	-0.00693567 	-1.27157 	-0.00196418 	
3.495	0.394199 	-0.176479 	0.076619 	-0.0069241 	-1.27214 	-0.00201822 	
3.5	0.394165 	-0.176483 	0.0766108 	-0.00679043 	-1.27271 	-0.00219766 	
3.505	0.394133 	-0.176482 	0.0766026 	-0.00680244 	-1.27327 	-0.00223057 	
3.51	0.394099 	-0.176481 	0.0765945 	-0.0069064 	-1.27384 	-0.00218264 	
3.515	0.394067 	-0.176478 	0.0765867 	-0.00707701 	-1.27441 	-0.00203581 	
3.52	0.394034 	-0.176475 	0.0765787 	-0.00728194 	-1.27498 	-0.00184743 	
3.525	0.394001 	-0.176472 	0.0765709 	-0.00748721 	-1.27555 	-0.00165331 	
3.53	0.393969 	-0.176468 	0.0765632 	-0.00768782 	-1.27612 	-0.00146508 	
3.535	0.393936 	-0.176464 	0.0765554 	-0.00792085 	-1.27668 	-0.00122174 	
3.54	0.393903 	-0.17646 	0.0765475 	-0.00809704 	-1.27724 	-0.00103373 	
3.545	0.39387 	-0.176458 	0.0765392 	-0.00820977 	-1.27781 	-0.000915335 	
3.55	0.393837 	-0.176455 	0.0765308 	-0.00830277 	-1.27839 	-0.000825874 	
3.555	0.393804 	-0.176453 	0.0765224 	-0.00842189 	-1.27896 	-0.000718408 	
3.56	0.393771 	-0.176451 	0.076514 	-0.00851961 	-1.27953 	-0.000631944 	
3.565	0.393737 	-0.17645 	0.0765056 	-0.00858045 	-1.2801 	-0.000581284 	
3.57	0.393703 	-0.176451 	0.0764963 	-0.00850053 	-1.28068 	-0.000676222 	
3.575	0.393669 	-0.17645 	0.0764876 	-0.00846481 	-1.28126 	-0.000711853 	
3.58	0.393636 	-0.176447 	0.0764786 	-0.00855499 	-1.28184 	-0.000644459 	
3.585	0.393601 	-0.176445 	0.0764669 	-0.00861194 	-1.28242 	-0.000609448 	
3.59	0.393566 	-0.176443 	0.0764544 	-0.00865003 	-1.283 	-0.000604952 	
3.595	0.393531 	-0.176437 	0.0764434 	-0.00881966 	-1.28358 	-0.000484284 	
3.6	0.393497 	-0.176427 	0.0764323 	-0.00916618 	-1.28416 	-0.000190006 	
3.605	0.393461 	-0.176419 	0.076421 	-0.00956188 	-1.28474 	0.000149519 	
3.61	0.393426 	-0.176409 	0.0764096 	-0.0099355 	-1.28533 	0.000477312 	
3.615	0.393391 	-0.176399 	0.0763979 	-0.0103417 	-1.28591 	0.000866909 	
3.62	0.393356 	-0.17639 	0.0763863 	-0.0107143 	-1.2865 	0.00125466 	
3.625	0.393321 	-0.176384 	0.0763756 	-0.0109225 	-1.28709 	0.00146609 	
3.63	0.393285 	-0.176379 	0.0763647 	-0.011011 	-1.28768 	0.00155297 	
3.635	0.39325 	-0.176374 	0.0763539 	-0.0111069 	-1.28827 	0.00164415 	
3.64	0.393215 	-0.176368 	0.0763434 	-0.0112073 	-1.28887 	0.00176082 	
3.645	0.393181 	-0.176364 	0.076333 	-0.0112941 	-1.28946 	0.00183155 	
3.65	0.393146 	-0.176359 	0.0763227 	-0.0113779 	-1.29006 	0.00189173 	
3.655	0.393112 	-0.176353 	0.0763131 	-0.0114992 	-1.29065 	0.00198483 	
3.66	0.393078 	-0.176346 	0.0763028 	-0.0117671 	-1.29123 	0.00222317 	
3.665	0.393044 	-0.17634 	0.0762928 	-0.0120103 	-1.29181 	0.0024338 	
3.67	0.393011 	-0.176334 	0.0762816 	-0.0121445 	-1.29239 	0.00253409 	
3.675	0.392977 	-0.17633 	0.0762714 	-0.0122666 	-1.29298 	0.00261461 	
3.68	0.392943 	-0.176326 	0.0762615 	-0.0123642 	-1.29356 	0.00266489 	
3.685	0.39291 	-0.176323 	0.0762521 	-0.0124337 	-1.29415 	0.0026935 	
3.69	0.392877 	-0.176322 	0.0762426 	-0.0124741 	-1.29473 	0.00268618 	
3.695	0.392843 	-0.176319 	0.0762329 	-0.0125356 	-1.29532 	0.00268457 	
3.7	0.392809 	-0.176318 	0.076223 	-0.0126035 	-1.2959 	0.00268293 	
3.705	0.392775 	-0.176317 	0.0762132 	-0.0126144 	-1.29649 	0.00269909 	
3.71	0.392743 	-0.176317 	0.0762035 	-0.0125978 	-1.29706 	0.00267339 	
3.715	0.392709 	-0.176317 	0.0761938 	-0.0125858 	-1.29762 	0.00261488 	
3.72	0.392676 	-0.176318 	0.076184 	-0.0125704 	-1.29819 	0.00254408 	
3.725	0.392644 	-0.176317 	0.0761748 	-0.0125928 	-1.29875 	0.00251571 	
3.73	0.392611 	-0.176317 	0.0761657 	-0.0126248 	-1.29932 	0.00249847 	
3.735	0.392623 	-0.176322 	0.0762013 	-0.0126294 	-1.29971 	0.00247836 	
3.74	0.392625 	-0.176342 	0.0762327 	-0.0125974 	-1.30009 	0.00235312 	
3.745	0.39263 	-0.176346 	0.0762586 	-0.0126336 	-1.30047 	0.00236012 	
3.75	0.392631 	-0.176347 	0.076279 	-0.0127319 	-1.30083 	0.00243585 	
3.755	0.392628 	-0.176343 	0.0762943 	-0.0129473 	-1.3012 	0.00262296 	
3.76	0.392622 	-0.176339 	0.0763055 	-0.0131426 	-1.30158 	0.00282262 	
3.765	0.392612 	-0.176336 	0.0763137 	-0.0132792 	-1.30198 	0.00295484 	
3.77	0.3926 	-0.176333 	0.0763188 	-0.013432 	-1.30239 	0.00306573 	
3.775	0.392585 	-0.176328 	0.0763215 	-0.0136673 	-1.30281 	0.00330107 	
3.78	0.392567 	-0.176324 	0.0763225 	-0.0138734 	-1.30325 	0.00351928 	
3.785	0.392548 	-0.17632 	0.0763225 	-0.014006 	-1.3037 	0.00367169 	
3.79	0.392526 	-0.176317 	0.076321 	-0.0141116 	-1.30417 	0.00380219 	
3.795	0.392503 	-0.176313 	0.0763182 	-0.0142046 	-1.30465 	0.00392303 	
3.8	0.392478 	-0.176311 	0.076314 	-0.0142713 	-1.30514 	0.00399934 	
3.805	0.392451 	-0.176309 	0.0763087 	-0.0143273 	-1.30565 	0.0040559 	
3.81	0.392423 	-0.176305 	0.0763019 	-0.0144932 	-1.30616 	0.00421219 	
3.815	0.392394 	-0.176301 	0.076294 	-0.0147245 	-1.30668 	0.00442849 	
3.82	0.392363 	-0.176299 	0.076286 	-0.0148703 	-1.30722 	0.00457264 	
3.825	0.392331 	-0.176297 	0.076278 	-0.0149261 	-1.30777 	0.00462953 	
3.83	0.3923 	-0.176296 	0.0762697 	-0.0149594 	-1.30832 	0.00466456 	
3.835	0.392267 	-0.176292 	0.0762605 	-0.0151069 	-1.30887 	0.00484297 	
3.84	0.392233 	-0.176287 	0.0762504 	-0.0153666 	-1.30943 	0.00510644 	
3.845	0.392199 	-0.176281 	0.0762396 	-0.0157217 	-1.30999 	0.00548596 	
3.85	0.392164 	-0.176275 	0.0762286 	-0.0160239 	-1.31055 	0.00584054 	
3.855	0.39213 	-0.176266 	0.0762169 	-0.0164291 	-1.31111 	0.00628827 	
3.86	0.392094 	-0.176256 	0.0762046 	-0.016901 	-1.31168 	0.00679846 	
3.865	0.392058 	-0.17625 	0.0761929 	-0.0171557 	-1.31227 	0.00706728 	
3.87	0.392023 	-0.176243 	0.0761815 	-0.0173229 	-1.31285 	0.00724305 	
3.875	0.391987 	-0.176235 	0.07617 	-0.0174322 	-1.31345 	0.00736461 	
3.88	0.391951 	-0.176229 	0.076158 	-0.0174853 	-1.31404 	0.00743103 	
3.885	0.391915 	-0.176225 	0.0761457 	-0.0174383 	-1.31464 	0.00740403 	
3.89	0.391878 	-0.176221 	0.0761331 	-0.0174112 	-1.31525 	0.00737541 	
3.895	0.391841 	-0.176218 	0.0761203 	-0.0173821 	-1.31585 	0.00733272 	
3.9	0.391804 	-0.176217 	0.0761074 	-0.0173163 	-1.31646 	0.00727155 	
3.905	0.391766 	-0.176216 	0.0760943 	-0.01724 	-1.31707 	0.00720501 	
3.91	0.391728 	-0.176213 	0.0760817 	-0.0172641 	-1.31768 	0.00723356 	
3.915	0.39169 	-0.176211 	0.0760692 	-0.0173137 	-1.31828 	0.00728392 	
3.92	0.391654 	-0.176207 	0.0760573 	-0.0175301 	-1.31888 	0.00753061 	
3.925	0.39162 	-0.176206 	0.0760492 	-0.0176535 	-1.31947 	0.00769535 	
3.93	0.39159 	-0.176205 	0.0760439 	-0.0177517 	-1.32004 	0.00783932 	
3.935	0.391563 	-0.176205 	0.0760409 	-0.0178418 	-1.3206 	0.00797306 	
3.94	0.391537 	-0.176206 	0.07604 	-0.0179279 	-1.32114 	0.00809975 	
3.945	0.391514 	-0.176207 	0.0760407 	-0.0180111 	-1.32167 	0.00822076 	
3.95	0.391493 	-0.176209 	0.0760429 	-0.018092 	-1.32218 	0.00833693 	
3.955	0.39147 	-0.176207 	0.0760423 	-0.0183511 	-1.32268 	0.00861951 	
3.96	0.391445 	-0.176205 	0.0760392 	-0.0186422 	-1.32318 	0.00891608 	
3.965	0.391419 	-0.176202 	0.0760342 	-0.0189478 	-1.32369 	0.00922744 	
3.97	0.391391 	-0.176198 	0.0760275 	-0.0192834 	-1.32421 	0.00956931 	
3.975	0.391364 	-0.176196 	0.0760239 	-0.0194242 	-1.32474 	0.00973351 	
3.98	0.39134 	-0.176196 	0.0760223 	-0.0195165 	-1.32527 	0.00985282 	
3.985	0.391314 	-0.176192 	0.0760191 	-0.0195729 	-1.3258 	0.00992315 	
3.99	0.391287 	-0.176188 	0.0760147 	-0.0196654 	-1.32633 	0.0100257 	
3.995	0.391258 	-0.176183 	0.0760089 	-0.0197875 	-1.32687 	0.0101678 	
4	0.391229 	-0.176178 	0.076002 	-0.0199006 	-1.32741 	0.0102929 	
4.005	0.391198 	-0.176173 	0.0759945 	-0.0199734 	-1.32796 	0.0103822 	
4.01	0.391172 	-0.176169 	0.0759912 	-0.0200199 	-1.32851 	0.010441 	
4.015	0.391143 	-0.176166 	0.0759865 	-0.0200784 	-1.32906 	0.0104924 	
4.02	0.391114 	-0.176163 	0.0759808 	-0.020134 	-1.32962 	0.010539 	
4.025	0.391087 	-0.176161 	0.0759768 	-0.0201683 	-1.33017 	0.01057 	
4.03	0.391058 	-0.176159 	0.0759712 	-0.0202554 	-1.33072 	0.0106461 	
4.035	0.391034 	-0.176159 	0.0759707 	-0.0203104 	-1.33126 	0.0107143 	
4.04	0.391007 	-0.176158 	0.0759682 	-0.0203993 	-1.33181 	0.010794 	
4.045	0.39098 	-0.176157 	0.0759642 	-0.0204979 	-1.33235 	0.0108808 	
4.05	0.390952 	-0.176157 	0.0759598 	-0.0205288 	-1.3329 	0.0108705 	
4.055	0.390924 	-0.176156 	0.0759551 	-0.0205428 	-1.33345 	0.0108357 	
4.06	0.390896 	-0.176155 	0.0759491 	-0.0206113 	-1.334 	0.0108547 	
4.065	0.390866 	-0.176154 	0.0759422 	-0.0207108 	-1.33455 	0.0109038 	
4.07	0.390838 	-0.176154 	0.0759371 	-0.0207113 	-1.3351 	0.0108554 	
4.075	0.390811 	-0.176155 	0.0759334 	-0.0206827 	-1.33564 	0.0107738 	
4.08	0.390785 	-0.176157 	0.0759307 	-0.0206474 	-1.33618 	0.0106842 	
4.085	0.390759 	-0.176157 	0.0759267 	-0.0206262 	-1.33671 	0.0106119 	
4.09	0.390731 	-0.176157 	0.0759216 	-0.0206451 	-1.33725 	0.0105805 	
4.095	0.390703 	-0.176156 	0.0759156 	-0.020674 	-1.3378 	0.0105592 	
4.1	0.390674 	-0.176155 	0.075909 	-0.0207052 	-1.33835 	0.0105398 	
4.105	0.390644 	-0.176154 	0.0759019 	-0.0207367 	-1.3389 	0.0105201 	
4.11	0.390613 	-0.176153 	0.0758942 	-0.020768 	-1.33946 	0.0104993 	
4.115	0.390586 	-0.176153 	0.0758892 	-0.0208057 	-1.34001 	0.0105216 	
4.12	0.39056 	-0.176154 	0.0758865 	-0.0208449 	-1.34054 	0.0105501 	
4.125	0.390536 	-0.176156 	0.0758858 	-0.0208839 	-1.34106 	0.0105796 	
4.13	0.390511 	-0.176157 	0.0758835 	-0.0209548 	-1.34158 	0.0106089 	
4.135	0.390485 	-0.176157 	0.0758797 	-0.0210323 	-1.34211 	0.0106392 	
4.14	0.390458 	-0.176157 	0.0758748 	-0.0211127 	-1.34265 	0.0106708 	
4.145	0.39043 	-0.176156 	0.075869 	-0.0211951 	-1.34319 	0.0107035 	
4.15	0.390402 	-0.176155 	0.0758625 	-0.0212372 	-1.34374 	0.0106939 	
4.155	0.390372 	-0.176154 	0.0758551 	-0.0213132 	-1.34429 	0.0107192 	
4.16	0.390346 	-0.176154 	0.0758517 	-0.0213639 	-1.34482 	0.0107536 	
4.165	0.390323 	-0.176156 	0.0758518 	-0.0214069 	-1.34534 	0.0107844 	
4.17	0.390299 	-0.176158 	0.0758501 	-0.0214777 	-1.34586 	0.010812 	
4.175	0.390273 	-0.176158 	0.0758469 	-0.0215555 	-1.34639 	0.0108498 	
4.18	0.390247 	-0.176157 	0.0758423 	-0.0216353 	-1.34692 	0.0108941 	
4.185	0.390219 	-0.176157 	0.0758366 	-0.0217158 	-1.34746 	0.010944 	
4.19	0.390192 	-0.176157 	0.0758306 	-0.0217492 	-1.348 	0.0110284 	
4.195	0.390163 	-0.176158 	0.0758241 	-0.0217863 	-1.34855 	0.0111174 	
4.2	0.390134 	-0.176161 	0.0758164 	-0.0217932 	-1.3491 	0.0111768 	
4.205	0.390124 	-0.176166 	0.0758269 	-0.0217525 	-1.34954 	0.0111358 	
4.21	0.390108 	-0.176179 	0.0758352 	-0.0217222 	-1.35 	0.0110917 	
4.215	0.390093 	-0.176183 	0.0758404 	-0.0217874 	-1.35047 	0.0111288 	
4.22	0.390075 	-0.176188 	0.0758434 	-0.0217964 	-1.35094 	0.011134 	
4.225	0.390055 	-0.17619 	0.0758443 	-0.0218114 	-1.35142 	0.0111516 	
4.23	0.390034 	-0.176193 	0.0758435 	-0.0218296 	-1.35191 	0.0111725 	
4.235	0.390011 	-0.176195 	0.0758413 	-0.0218528 	-1.3524 	0.0111959 	
4.24	0.390001 	-0.176198 	0.0758519 	-0.02187 	-1.35283 	0.0112108 	
4.245	0.389986 	-0.176206 	0.0758599 	-0.0218858 	-1.35326 	0.0112036 	
4.25	0.38997 	-0.17621 	0.075865 	-0.0219026 	-1.35371 	0.0112087 	
4.255	0.389952 	-0.176211 	0.0758672 	-0.0219411 	-1.35417 	0.011245 	
4.26	0.389931 	-0.176212 	0.075867 	-0.0220008 	-1.35464 	0.0113113 	
4.265	0.389909 	-0.176211 	0.075865 	-0.0220745 	-1.35512 	0.0114117 	
4.27	0.389884 	-0.17621 	0.0758616 	-0.0221584 	-1.35561 	0.0115301 	
4.275	0.389859 	-0.176209 	0.0758572 	-0.0222163 	-1.35611 	0.0116208 	
4.28	0.389832 	-0.176208 	0.075852 	-0.0222715 	-1.35662 	0.0117089 	
4.285	0.389803 	-0.176208 	0.0758454 	-0.0223013 	-1.35715 	0.0117465 	
4.29	0.389774 	-0.176206 	0.0758376 	-0.022345 	-1.35768 	0.0117821 	
4.295	0.389742 	-0.176206 	0.0758288 	-0.0223719 	-1.35823 	0.0118062 	
4.3	0.38971 	-0.176203 	0.0758184 	-0.0224467 	-1.35879 	0.0118742 	
4.305	0.389676 	-0.1762 	0.0758074 	-0.0224954 	-1.35936 	0.0119133 	
4.31	0.389642 	-0.176198 	0.0757959 	-0.0225191 	-1.35993 	0.0119375 	
4.315	0.389606 	-0.176196 	0.0757839 	-0.0225387 	-1.36051 	0.0119596 	
4.32	0.38957 	-0.176194 	0.0757714 	-0.0225561 	-1.36111 	0.0119794 	
4.325	0.389533 	-0.176192 	0.0757586 	-0.0225714 	-1.3617 	0.0119973 	
4.33	0.389496 	-0.17619 	0.0757452 	-0.0226161 	-1.3623 	0.0120421 	
4.335	0.389458 	-0.176189 	0.0757321 	-0.0226532 	-1.36291 	0.0120741 	
4.34	0.389421 	-0.176189 	0.0757195 	-0.0225802 	-1.36351 	0.0119973 	
4.345	0.389386 	-0.17619 	0.075708 	-0.0224859 	-1.36411 	0.0118929 	
4.35	0.389351 	-0.176191 	0.075697 	-0.0224259 	-1.36471 	0.011813 	
4.355	0.389317 	-0.176192 	0.0756872 	-0.0223671 	-1.3653 	0.0117059 	
4.36	0.389286 	-0.176194 	0.0756805 	-0.0223116 	-1.36587 	0.0115964 	
4.365	0.389256 	-0.176198 	0.0756733 	-0.0220936 	-1.36645 	0.0113327 	
4.37	0.389226 	-0.176201 	0.0756663 	-0.0218403 	-1.36702 	0.0110392 	
4.375	0.389197 	-0.176205 	0.0756598 	-0.0215839 	-1.36759 	0.0107415 	
4.38	0.389167 	-0.176207 	0.0756536 	-0.0214085 	-1.36816 	0.010483 	
4.385	0.389137 	-0.176209 	0.0756467 	-0.0212341 	-1.36873 	0.0102187 	
4.39	0.389107 	-0.176211 	0.0756392 	-0.0210477 	-1.3693 	0.00993294 	
4.395	0.389077 	-0.176212 	0.0756316 	-0.0208489 	-1.36987 	0.00963034 	
4.4	0.389049 	-0.176216 	0.0756265 	-0.0205151 	-1.37042 	0.00926443 	
4.405	0.389022 	-0.176222 	0.0756209 	-0.0201566 	-1.37095 	0.0088892 	
4.41	0.388994 	-0.176227 	0.075615 	-0.0197967 	-1.37147 	0.00851704 	
4.415	0.388966 	-0.176232 	0.0756087 	-0.0194405 	-1.372 	0.00815009 	
4.42	0.388937 	-0.176236 	0.075602 	-0.0191031 	-1.37253 	0.00780402 	
4.425	0.388908 	-0.176241 	0.0755948 	-0.0187742 	-1.37306 	0.00746712 	
4.43	0.388878 	-0.176245 	0.0755875 	-0.0184506 	-1.37359 	0.00713584 	
4.435	0.388848 	-0.176249 	0.0755799 	-0.0181299 	-1.37413 	0.00680803 	
4.44	0.388818 	-0.176253 	0.0755721 	-0.0178174 	-1.37467 	0.00648614 	
4.445	0.388788 	-0.176257 	0.0755663 	-0.0175131 	-1.37523 	0.00617342 	
4.45	0.388759 	-0.176262 	0.0755619 	-0.0172612 	-1.37579 	0.0059105 	
4.455	0.388729 	-0.176265 	0.0755553 	-0.0171311 	-1.37636 	0.00576543 	
4.46	0.388698 	-0.176268 	0.0755474 	-0.0170366 	-1.37692 	0.0056702 	
4.465	0.388666 	-0.17627 	0.0755384 	-0.0169754 	-1.37749 	0.00560999 	
4.47	0.388633 	-0.176271 	0.0755284 	-0.0169844 	-1.37806 	0.00563964 	
4.475	0.3886 	-0.176271 	0.0755177 	-0.0170349 	-1.37863 	0.005721 	
4.48	0.388565 	-0.176272 	0.0755067 	-0.0170533 	-1.37921 	0.00576189 	
4.485	0.388531 	-0.17627 	0.0754941 	-0.017194 	-1.3798 	0.00589228 	
4.49	0.388495 	-0.176268 	0.0754813 	-0.017341 	-1.38038 	0.00603883 	
4.495	0.388459 	-0.176267 	0.075469 	-0.0175276 	-1.38098 	0.00621296 	
4.5	0.388423 	-0.176265 	0.0754559 	-0.0177471 	-1.38159 	0.00642182 	
4.505	0.388385 	-0.176264 	0.075443 	-0.0178558 	-1.38219 	0.00652661 	
4.51	0.388348 	-0.176262 	0.0754305 	-0.0179601 	-1.3828 	0.00662533 	
4.515	0.388311 	-0.176261 	0.0754183 	-0.0180315 	-1.38341 	0.00669034 	
4.52	0.388275 	-0.17626 	0.0754066 	-0.0180639 	-1.38402 	0.00671965 	
4.525	0.388238 	-0.17626 	0.0753953 	-0.0180634 	-1.38463 	0.00671457 	
4.53	0.388202 	-0.17626 	0.0753844 	-0.0180311 	-1.38524 	0.00667691 	
4.535	0.388166 	-0.176261 	0.0753739 	-0.0179708 	-1.38585 	0.00660958 	
4.54	0.38813 	-0.176262 	0.0753638 	-0.0178814 	-1.38646 	0.00651232 	
4.545	0.388125 	-0.176267 	0.0753827 	-0.0176998 	-1.38696 	0.00631867 	
4.55	0.388114 	-0.176279 	0.0753997 	-0.0177062 	-1.38746 	0.0062533 	
4.555	0.388103 	-0.176283 	0.0754129 	-0.0177449 	-1.38793 	0.00626561 	
4.56	0.38809 	-0.176285 	0.0754221 	-0.0178107 	-1.38841 	0.00631951 	
4.565	0.388074 	-0.176286 	0.0754277 	-0.0178871 	-1.38888 	0.00640131 	
4.57	0.388055 	-0.176286 	0.0754303 	-0.0179371 	-1.38937 	0.00646364 	
4.575	0.388035 	-0.176287 	0.0754303 	-0.0179594 	-1.38986 	0.00651613 	
4.58	0.388012 	-0.176287 	0.0754271 	-0.0181844 	-1.39036 	0.00675167 	
4.585	0.387987 	-0.176289 	0.0754233 	-0.0181862 	-1.39088 	0.00677066 	
4.59	0.387962 	-0.176291 	0.0754184 	-0.0181311 	-1.3914 	0.0067403 	
4.595	0.387935 	-0.176293 	0.0754126 	-0.0180065 	-1.39194 	0.00663073 	
4.6	0.387907 	-0.176296 	0.0754072 	-0.0177837 	-1.39248 	0.00642088 	
4.605	0.387879 	-0.176299 	0.0754017 	-0.0175385 	-1.39303 	0.0061878 	
4.61	0.387851 	-0.176303 	0.0753962 	-0.0172906 	-1.39359 	0.00595064 	
4.615	0.387822 	-0.176306 	0.0753907 	-0.0170451 	-1.39414 	0.00571521 	
4.62	0.387794 	-0.17631 	0.0753851 	-0.0168037 	-1.3947 	0.00548353 	
4.625	0.387765 	-0.176314 	0.0753796 	-0.0165654 	-1.39526 	0.00525483 	
4.63	0.387736 	-0.176317 	0.0753739 	-0.0163316 	-1.39583 	0.00503074 	
4.635	0.387706 	-0.176315 	0.0753653 	-0.0164314 	-1.39639 	0.00512026 	
4.64	0.387674 	-0.176313 	0.0753555 	-0.0165697 	-1.39695 	0.0052532 	
4.645	0.387642 	-0.17631 	0.0753448 	-0.016705 	-1.39753 	0.00540187 	
4.65	0.387609 	-0.176308 	0.0753335 	-0.0168037 	-1.39811 	0.00558277 	
4.655	0.387595 	-0.176308 	0.0753378 	-0.0168634 	-1.39856 	0.00567839 	
4.66	0.387573 	-0.176316 	0.0753395 	-0.0167745 	-1.39903 	0.00554414 	
4.665	0.387551 	-0.176317 	0.0753384 	-0.0166586 	-1.39951 	0.00541596 	
4.67	0.387528 	-0.176317 	0.0753348 	-0.0165487 	-1.40001 	0.0053004 	
4.675	0.387501 	-0.176316 	0.0753288 	-0.0164576 	-1.40053 	0.00521655 	
4.68	0.387473 	-0.176314 	0.075321 	-0.0163976 	-1.40105 	0.00517325 	
4.685	0.387443 	-0.176312 	0.0753114 	-0.0163831 	-1.40159 	0.00518587 	
4.69	0.387412 	-0.176311 	0.0753018 	-0.016299 	-1.40212 	0.00505888 	
4.695	0.387384 	-0.17631 	0.0752963 	-0.016183 	-1.40264 	0.00489224 	
4.7	0.38736 	-0.176312 	0.0752944 	-0.0160645 	-1.40315 	0.00471755 	
4.705	0.387334 	-0.176314 	0.0752918 	-0.0159838 	-1.40366 	0.00462309 	
4.71	0.387311 	-0.176316 	0.0752903 	-0.0158725 	-1.40417 	0.00446899 	
4.715	0.387286 	-0.176318 	0.0752877 	-0.0157892 	-1.40468 	0.00437593 	
4.72	0.387259 	-0.176318 	0.0752826 	-0.0157659 	-1.40521 	0.00435657 	
4.725	0.387232 	-0.176319 	0.0752772 	-0.0156936 	-1.40575 	0.00428932 	
4.73	0.387204 	-0.176319 	0.0752716 	-0.015594 	-1.40628 	0.00419876 	
4.735	0.387176 	-0.176321 	0.0752658 	-0.0154854 	-1.40683 	0.00409897 	
4.74	0.387148 	-0.176322 	0.0752598 	-0.0153723 	-1.40737 	0.00399421 	
4.745	0.387119 	-0.176323 	0.0752537 	-0.0152557 	-1.40792 	0.00388556 	
4.75	0.38709 	-0.176325 	0.0752475 	-0.0150974 	-1.40847 	0.00373622 	
4.755	0.387061 	-0.176327 	0.0752415 	-0.0149282 	-1.40902 	0.00357636 	
4.76	0.387031 	-0.176328 	0.0752345 	-0.0148859 	-1.40958 	0.00354059 	
4.765	0.387001 	-0.176329 	0.0752272 	-0.0148662 	-1.41014 	0.00352575 	
4.77	0.386971 	-0.17633 	0.0752197 	-0.0148568 	-1.4107 	0.00352064 	
4.775	0.38694 	-0.176331 	0.0752123 	-0.0148503 	-1.41126 	0.00351835 	
4.78	0.38691 	-0.176332 	0.0752048 	-0.0148363 	-1.41182 	0.00350585 	
4.785	0.386879 	-0.176333 	0.0751974 	-0.01481 	-1.41239 	0.00347827 	
4.79	0.386848 	-0.176334 	0.07519 	-0.0147954 	-1.41295 	0.003469 	
4.795	0.386817 	-0.176335 	0.0751827 	-0.01478 	-1.41352 	0.00346025 	
4.8	0.386786 	-0.176336 	0.0751755 	-0.0147609 	-1.41409 	0.00344812 	
4.805	0.386755 	-0.176337 	0.0751684 	-0.0147376 	-1.41466 	0.00343172 	
4.81	0.386724 	-0.176339 	0.0751613 	-0.0147101 	-1.41522 	0.00341112 	
4.815	0.386693 	-0.17634 	0.0751544 	-0.0146758 	-1.41579 	0.00338344 	
4.82	0.386662 	-0.176341 	0.0751474 	-0.0146314 	-1.41636 	0.00334556 	
4.825	0.386634 	-0.176343 	0.0751439 	-0.0146264 	-1.41692 	0.0033198 	
4.83	0.386606 	-0.176345 	0.07514 	-0.0145998 	-1.41747 	0.00328923 	
4.835	0.386577 	-0.176347 	0.0751358 	-0.0145643 	-1.41803 	0.00325727 	
4.84	0.386549 	-0.176349 	0.0751311 	-0.0145245 	-1.41858 	0.00322288 	
4.845	0.38652 	-0.17635 	0.0751264 	-0.0144448 	-1.41914 	0.00313845 	
4.85	0.386491 	-0.176352 	0.0751214 	-0.01435 	-1.4197 	0.00303655 	
4.855	0.386463 	-0.176353 	0.0751163 	-0.0142466 	-1.42026 	0.0029252 	
4.86	0.386434 	-0.176355 	0.0751111 	-0.0141359 	-1.42082 	0.00280629 	
4.865	0.386404 	-0.176357 	0.0751057 	-0.014018 	-1.42138 	0.00268 	
4.87	0.386375 	-0.176359 	0.0751003 	-0.0138928 	-1.42194 	0.00254635 	
4.875	0.386346 	-0.176361 	0.0750948 	-0.0137603 	-1.4225 	0.00240524 	
4.88	0.386316 	-0.176363 	0.0750893 	-0.0136204 	-1.42307 	0.00225666 	
4.885	0.386287 	-0.176365 	0.0750837 	-0.0134732 	-1.42363 	0.00210067 	
4.89	0.386257 	-0.176367 	0.0750781 	-0.0133188 	-1.4242 	0.00193737 	
4.895	0.386228 	-0.176369 	0.0750726 	-0.0131574 	-1.42476 	0.00176698 	
4.9	0.386197 	-0.176372 	0.0750657 	-0.0128955 	-1.42533 	0.00149537 	
4.905	0.386166 	-0.176376 	0.0750574 	-0.0125134 	-1.42591 	0.00110506 	
4.91	0.386133 	-0.17638 	0.0750481 	-0.0120719 	-1.42649 	0.000655913 	
4.915	0.3861 	-0.176384 	0.0750381 	-0.0115927 	-1.42708 	0.000168983 	
4.92	0.386065 	-0.176389 	0.0750275 	-0.0110862 	-1.42768 	-0.000345143 	
4.925	0.38603 	-0.176393 	0.0750163 	-0.0105548 	-1.42828 	-0.000883795 	
4.93	0.385995 	-0.176398 	0.0750046 	-0.0099987 	-1.42889 	-0.00144662 	
4.935	0.385958 	-0.176403 	0.0749926 	-0.00942563 	-1.42951 	-0.00202625 	
4.94	0.385922 	-0.176408 	0.0749801 	-0.00883802 	-1.43012 	-0.00262044 	
4.945	0.385885 	-0.176413 	0.0749673 	-0.00823662 	-1.43074 	-0.00322842 	
4.95	0.385851 	-0.176418 	0.0749583 	-0.00775379 	-1.43132 	-0.00373739 	
4.955	0.385823 	-0.176424 	0.0749551 	-0.00734086 	-1.43189 	-0.00418109 	
4.96	0.385801 	-0.17643 	0.0749572 	-0.00703109 	-1.43241 	-0.00453448 	
4.965	0.385777 	-0.176437 	0.0749573 	-0.00662092 	-1.43295 	-0.00496906 	
4.97	0.385752 	-0.176441 	0.0749556 	-0.00616796 	-1.43349 	-0.00543279 	
4.975	0.385726 	-0.176445 	0.074952 	-0.00570623 	-1.43403 	-0.00589973 	
4.98	0.385699 	-0.176448 	0.0749468 	-0.00526729 	-1.43458 	-0.00633959 	
4.985	0.38567 	-0.176452 	0.0749401 	-0.00485186 	-1.43513 	-0.00675284 	
4.99	0.38564 	-0.176455 	0.0749322 	-0.00444872 	-1.4357 	-0.00715146 	
4.995	0.385609 	-0.176459 	0.0749232 	-0.00404154 	-1.43626 	-0.00755236 	
5	0.385577 	-0.176462 	0.0749135 	-0.00361987 	-1.43684 	-0.00796654 	
5.005	0.385544 	-0.176466 	0.0749031 	-0.00317839 	-1.43742 	-0.00840015 	
5.01	0.385509 	-0.176466 	0.0748901 	-0.00306915 	-1.43801 	-0.00850272 	
5.015	0.385473 	-0.176467 	0.0748756 	-0.00304335 	-1.43861 	-0.00852577 	
5.02	0.385435 	-0.176466 	0.07486 	-0.00301054 	-1.43921 	-0.0085669 	
5.025	0.385398 	-0.176467 	0.0748446 	-0.00288022 	-1.43983 	-0.00870019 	
5.03	0.38536 	-0.176468 	0.074829 	-0.00278424 	-1.44045 	-0.00879329 	
5.035	0.385321 	-0.176471 	0.0748126 	-0.0024762 	-1.44108 	-0.00910711 	
5.04	0.385282 	-0.176474 	0.0747955 	-0.00205839 	-1.44171 	-0.00952882 	
5.045	0.385241 	-0.176475 	0.0747772 	-0.00173254 	-1.44235 	-0.00986512 	
5.05	0.385199 	-0.176476 	0.0747579 	-0.00144281 	-1.443 	-0.0101738 	
5.055	0.385181 	-0.176479 	0.0747675 	-0.00128203 	-1.44362 	-0.0103282 	
5.06	0.38516 	-0.176488 	0.0747746 	-0.000943014 	-1.44423 	-0.0106895 	
5.065	0.385139 	-0.176493 	0.0747784 	-0.000501204 	-1.44481 	-0.011144 	
5.07	0.385117 	-0.176494 	0.0747783 	-0.000364126 	-1.44538 	-0.0113002 	
5.075	0.385092 	-0.176494 	0.074775 	-0.0003397 	-1.4459 	-0.0113608 	
5.08	0.385076 	-0.176495 	0.0747797 	-0.000244674 	-1.44635 	-0.0115261 	
5.085	0.385056 	-0.176499 	0.0747803 	-0.000149037 	-1.44682 	-0.0116331 	
5.09	0.385034 	-0.176499 	0.0747774 	-5.03843e-05 	-1.44731 	-0.0117167 	
5.095	0.385009 	-0.176499 	0.0747713 	4.16894e-05 	-1.44782 	-0.0117973 	
5.1	0.384982 	-0.176497 	0.0747629 	5.30277e-05 	-1.44834 	-0.0118073 	
5.105	0.384952 	-0.176494 	0.0747522 	4.33786e-05 	-1.44888 	-0.011799 	
5.11	0.384921 	-0.176494 	0.0747418 	2.85082e-05 	-1.44943 	-0.0117674 	
5.115	0.384889 	-0.176492 	0.0747289 	2.02073e-05 	-1.44998 	-0.0117305 	
5.12	0.384854 	-0.176491 	0.0747138 	0.000115846 	-1.45055 	-0.0117988 	
5.125	0.384818 	-0.176489 	0.0746972 	0.000241696 	-1.45113 	-0.0118965 	
5.13	0.38478 	-0.176488 	0.0746792 	0.000460564 	-1.45173 	-0.0121005 	
5.135	0.38474 	-0.176486 	0.0746601 	0.000705318 	-1.45235 	-0.0123326 	
5.14	0.3847 	-0.176484 	0.0746402 	0.000876875 	-1.45299 	-0.0124904 	
5.145	0.384657 	-0.176482 	0.0746193 	0.00121029 	-1.45363 	-0.012827 	
5.15	0.384635 	-0.176481 	0.0746196 	0.00136353 	-1.45418 	-0.0130482 	
5.155	0.384607 	-0.176486 	0.0746173 	0.00156534 	-1.45475 	-0.0132944 	
5.16	0.384581 	-0.176485 	0.0746126 	0.00162886 	-1.45532 	-0.0133794 	
5.165	0.384554 	-0.176483 	0.0746081 	0.00160205 	-1.45587 	-0.0133802 	
5.17	0.384531 	-0.176482 	0.0746096 	0.00166814 	-1.45643 	-0.0135224 	
5.175	0.384507 	-0.176481 	0.0746077 	0.00174861 	-1.45699 	-0.0136037 	
5.18	0.38448 	-0.17648 	0.0746025 	0.00182703 	-1.45756 	-0.0136621 	
5.185	0.384451 	-0.176479 	0.0745944 	0.00190438 	-1.45813 	-0.0137127 	
5.19	0.38442 	-0.176476 	0.0745843 	0.0018853 	-1.4587 	-0.0136705 	
5.195	0.384387 	-0.176474 	0.0745725 	0.00186393 	-1.45928 	-0.0136262 	
5.2	0.384352 	-0.176472 	0.0745585 	0.00196942 	-1.45988 	-0.0137013 	
5.205	0.384315 	-0.176468 	0.0745444 	0.00206188 	-1.46045 	-0.0139039 	
5.21	0.384294 	-0.176466 	0.0745455 	0.00213493 	-1.46096 	-0.0140896 	
5.215	0.384271 	-0.176469 	0.0745452 	0.0022444 	-1.46144 	-0.0142864 	
5.22	0.384247 	-0.176471 	0.0745414 	0.00236858 	-1.46195 	-0.0144224 	
5.225	0.38422 	-0.17647 	0.0745346 	0.00250189 	-1.46248 	-0.0145415 	
5.23	0.384191 	-0.176469 	0.074525 	0.00264449 	-1.46302 	-0.0146599 	
5.235	0.38416 	-0.176468 	0.0745132 	0.00279278 	-1.46357 	-0.0147815 	
5.24	0.384126 	-0.176467 	0.0744992 	0.00286669 	-1.46413 	-0.0148237 	
5.245	0.384095 	-0.176464 	0.0744893 	0.00299445 	-1.46467 	-0.0150395 	
5.25	0.384071 	-0.176463 	0.0744884 	0.00311696 	-1.46517 	-0.0152734 	
5.255	0.384045 	-0.176465 	0.0744845 	0.00325282 	-1.4657 	-0.0154306 	
5.26	0.384018 	-0.176465 	0.0744776 	0.00339929 	-1.46624 	-0.0155636 	
5.265	0.383992 	-0.176464 	0.0744739 	0.00351551 	-1.46678 	-0.0157606 	
5.27	0.383968 	-0.176462 	0.0744713 	0.00362763 	-1.46729 	-0.0159788 	
5.275	0.383941 	-0.176461 	0.0744673 	0.00378486 	-1.46779 	-0.0162531 	
5.28	0.383913 	-0.176461 	0.0744602 	0.00398261 	-1.46832 	-0.0164652 	
5.285	0.383884 	-0.17646 	0.0744504 	0.00420075 	-1.46887 	-0.0166633 	
5.29	0.383852 	-0.176459 	0.0744404 	0.00441595 	-1.46941 	-0.0169611 	
5.295	0.38382 	-0.176457 	0.0744302 	0.00464069 	-1.46994 	-0.017292 	
5.3	0.383789 	-0.176455 	0.07442 	0.00485 	-1.47047 	-0.0176051 	
5.305	0.383767 	-0.176454 	0.0744114 	0.00433241 	-1.47081 	-0.0171582 	
5.31	0.383761 	-0.176467 	0.0744219 	0.00385633 	-1.47105 	-0.0167551 	
5.315	0.38375 	-0.176482 	0.0744274 	0.00364639 	-1.47132 	-0.0165955 	
5.32	0.383739 	-0.176489 	0.074432 	0.00340053 	-1.4716 	-0.0163932 	
5.325	0.383723 	-0.176496 	0.0744302 	0.00340003 	-1.47193 	-0.0164186 	
5.33	0.383714 	-0.176495 	0.0744369 	0.00266989 	-1.47224 	-0.0156929 	
5.335	0.383713 	-0.176504 	0.0744539 	0.00234282 	-1.47254 	-0.0153952 	
5.34	0.383692 	-0.17651 	0.0744454 	0.00231381 	-1.47283 	-0.0153937 	
5.345	0.383673 	-0.176509 	0.0744381 	0.00158457 	-1.47309 	-0.0146732 	
5.35	0.383654 	-0.17651 	0.0744343 	0.000511299 	-1.47335 	-0.013623 	
5.355	0.383634 	-0.17651 	0.0744326 	-0.000884384 	-1.47363 	-0.0122525 	
5.36	0.383616 	-0.176507 	0.0744332 	-0.00249294 	-1.47392 	-0.0106683 	
5.365	0.3836 	-0.176502 	0.0744383 	-0.00427956 	-1.47423 	-0.00890098 	
5.37	0.383585 	-0.176496 	0.0744445 	-0.00613153 	-1.47454 	-0.00707057 	
5.375	0.383571 	-0.17649 	0.0744512 	-0.00802478 	-1.47486 	-0.00519555 	
5.38	0.383557 	-0.176483 	0.0744587 	-0.00976581 	-1.47517 	-0.00347056 	
5.385	0.383547 	-0.176478 	0.074469 	-0.0113132 	-1.47546 	-0.00193955 	
5.39	0.383547 	-0.17648 	0.0744852 	-0.0119335 	-1.47568 	-0.00134554 	
5.395	0.383545 	-0.176484 	0.0744991 	-0.0124788 	-1.47591 	-0.000821586 	
5.4	0.383547 	-0.176487 	0.0745169 	-0.0127613 	-1.47613 	-0.000570149 	
5.405	0.383543 	-0.176491 	0.0745259 	-0.0129501 	-1.47636 	-0.000361015 	
5.41	0.38353 	-0.176492 	0.074526 	-0.0132092 	-1.47664 	-3.52525e-05 	
5.415	0.383513 	-0.176493 	0.0745214 	-0.0134371 	-1.47696 	0.000287614 	
5.42	0.383493 	-0.176496 	0.0745128 	-0.0135548 	-1.47733 	0.000545107 	
5.425	0.38347 	-0.1765 	0.0745008 	-0.0136122 	-1.47774 	0.000786492 	
5.43	0.383455 	-0.176493 	0.0745059 	-0.0146969 	-1.47814 	0.00206333 	
5.435	0.383439 	-0.176487 	0.0745133 	-0.0161625 	-1.47853 	0.00364785 	
5.44	0.383424 	-0.17648 	0.074522 	-0.0174959 	-1.47892 	0.00502407 	
5.445	0.38341 	-0.176471 	0.0745315 	-0.0188586 	-1.47929 	0.00641046 	
5.45	0.383398 	-0.176464 	0.0745418 	-0.0200299 	-1.47966 	0.0075954 	
5.455	0.383386 	-0.176459 	0.0745516 	-0.0209551 	-1.48004 	0.00855372 	
5.46	0.383375 	-0.176452 	0.0745631 	-0.0221377 	-1.48041 	0.00975954 	
5.465	0.383358 	-0.176449 	0.0745637 	-0.0233528 	-1.48076 	0.0109985 	
5.47	0.383343 	-0.17644 	0.0745671 	-0.0251458 	-1.48112 	0.0128254 	
5.475	0.383333 	-0.176429 	0.0745802 	-0.0269034 	-1.48151 	0.0146188 	
5.48	0.383315 	-0.176424 	0.0745843 	-0.0272943 	-1.48193 	0.014977 	
5.485	0.383293 	-0.176417 	0.0745802 	-0.0275738 	-1.48238 	0.0152812 	
5.49	0.38328 	-0.176405 	0.074594 	-0.0283385 	-1.48287 	0.0160811 	
5.495	0.383259 	-0.176399 	0.0745978 	-0.0292139 	-1.48336 	0.0169869 	
5.5	0.383233 	-0.176394 	0.0745933 	-0.0296431 	-1.48386 	0.0174469 	
5.505	0.383218 	-0.176383 	0.0746084 	-0.0306642 	-1.48441 	0.0184977 	
5.51	0.383196 	-0.176378 	0.0746126 	-0.031406 	-1.48495 	0.0192833 	
5.515	0.383168 	-0.176372 	0.0746079 	-0.0318949 	-1.48549 	0.0198559 	
5.52	0.383152 	-0.176359 	0.0746235 	-0.0333592 	-1.48606 	0.021408 	
5.525	0.383128 	-0.176353 	0.0746292 	-0.0344396 	-1.48663 	0.0225226 	
5.53	0.3831 	-0.176346 	0.074626 	-0.0352748 	-1.48719 	0.0233871 	
5.535	0.383065 	-0.176345 	0.0746145 	-0.0353427 	-1.48776 	0.0234734 	
5.54	0.383052 	-0.176338 	0.0746322 	-0.0376592 	-1.48824 	0.0258032 	
5.545	0.38303 	-0.176346 	0.0746375 	-0.0392992 	-1.4887 	0.0274129 	
5.55	0.383022 	-0.176342 	0.0746613 	-0.0408661 	-1.48919 	0.0289768 	
5.555	0.383006 	-0.17635 	0.0746741 	-0.0406362 	-1.48968 	0.0287113 	
5.56	0.382986 	-0.176356 	0.0746762 	-0.0397995 	-1.49017 	0.0278687 	
5.565	0.382957 	-0.176371 	0.0746658 	-0.0378625 	-1.49067 	0.0259129 	
5.57	0.382997 	-0.176376 	0.0747533 	-0.0362202 	-1.49135 	0.0242752 	
5.575	0.383035 	-0.17638 	0.0748319 	-0.0359591 	-1.49182 	0.0240089 	
5.58	0.383063 	-0.176389 	0.074892 	-0.034552 	-1.4922 	0.0224849 	
5.585	0.383086 	-0.17639 	0.0749366 	-0.0336428 	-1.49253 	0.0215486 	
5.59	0.383103 	-0.176387 	0.0749701 	-0.0341092 	-1.49277 	0.0220097 	
5.595	0.383119 	-0.17639 	0.0750047 	-0.03429 	-1.49298 	0.022177 	
5.6	0.383126 	-0.176392 	0.0750283 	-0.0343722 	-1.49321 	0.0222641 	
5.605	0.383126 	-0.176392 	0.0750427 	-0.034453 	-1.49347 	0.022356 	
5.61	0.383123 	-0.17639 	0.0750559 	-0.0345965 	-1.49375 	0.0224666 	
5.615	0.383112 	-0.176389 	0.0750615 	-0.0346165 	-1.49406 	0.0224217 	
5.62	0.383093 	-0.17639 	0.0750579 	-0.0341209 	-1.4944 	0.0218425 	
5.625	0.383069 	-0.176387 	0.0750503 	-0.0339682 	-1.49477 	0.0215958 	
5.63	0.38304 	-0.176384 	0.0750392 	-0.0340352 	-1.49517 	0.0215688 	
5.635	0.383008 	-0.176383 	0.075025 	-0.0340863 	-1.49561 	0.0215618 	
5.64	0.382974 	-0.176381 	0.0750103 	-0.034208 	-1.49609 	0.0216409 	
5.645	0.382937 	-0.176379 	0.0749925 	-0.0344389 	-1.4966 	0.0218568 	
5.65	0.382927 	-0.176381 	0.0750006 	-0.0344833 	-1.49697 	0.0218822 	
5.655	0.382911 	-0.176391 	0.075008 	-0.0345679 	-1.49735 	0.0218894 	
5.66	0.382891 	-0.176392 	0.0750089 	-0.0347247 	-1.49775 	0.0219665 	
5.665	0.382867 	-0.176391 	0.0750039 	-0.03494 	-1.49816 	0.0220993 	
5.67	0.382838 	-0.176388 	0.0749937 	-0.0352474 	-1.49861 	0.0223244 	
5.675	0.382805 	-0.176385 	0.0749799 	-0.035566 	-1.49908 	0.022592 	
5.68	0.382771 	-0.176382 	0.0749653 	-0.0359238 	-1.49957 	0.0229045 	
5.685	0.382732 	-0.176382 	0.0749466 	-0.0366901 	-1.50009 	0.0236663 	
5.69	0.382702 	-0.176375 	0.07494 	-0.0379832 	-1.50055 	0.0248594 	
5.695	0.382678 	-0.176373 	0.0749406 	-0.0393824 	-1.50096 	0.0261347 	
5.7	0.382652 	-0.176371 	0.0749349 	-0.0407061 	-1.50138 	0.027431 	
5.705	0.382632 	-0.176366 	0.0749363 	-0.0419382 	-1.50176 	0.0285779 	
5.71	0.382613 	-0.176363 	0.0749393 	-0.0428602 	-1.50215 	0.0294635 	
5.715	0.382591 	-0.17636 	0.0749377 	-0.0433826 	-1.50258 	0.0299453 	
5.72	0.382566 	-0.176355 	0.0749321 	-0.0437672 	-1.50302 	0.0303037 	
5.725	0.382538 	-0.176351 	0.0749229 	-0.0441342 	-1.50349 	0.0306578 	
5.73	0.382506 	-0.176348 	0.0749103 	-0.0445752 	-1.50398 	0.0310891 	
5.735	0.382481 	-0.17634 	0.0749073 	-0.0456375 	-1.50441 	0.0320634 	
5.74	0.382461 	-0.176334 	0.0749109 	-0.0469658 	-1.50481 	0.0332848 	
5.745	0.382438 	-0.176333 	0.0749091 	-0.0476119 	-1.50525 	0.0338753 	
5.75	0.382412 	-0.176328 	0.0749031 	-0.048059 	-1.50571 	0.0343051 	
5.755	0.382383 	-0.176324 	0.0748931 	-0.0485084 	-1.50619 	0.034746 	
5.76	0.38235 	-0.176319 	0.0748784 	-0.0494023 	-1.50668 	0.0356588 	
5.765	0.382312 	-0.176307 	0.0748561 	-0.0512242 	-1.50713 	0.0374265 	
5.77	0.382297 	-0.176302 	0.0748585 	-0.0535671 	-1.50744 	0.039712 	
5.775	0.382286 	-0.176308 	0.0748688 	-0.0554862 	-1.5077 	0.041558 	
5.78	0.382269 	-0.176315 	0.0748692 	-0.0558678 	-1.50802 	0.0418761 	
5.785	0.382262 	-0.176312 	0.0748844 	-0.0562959 	-1.50841 	0.0422743 	
5.79	0.38225 	-0.176311 	0.074894 	-0.0564791 	-1.5088 	0.0424317 	
5.795	0.38226 	-0.176311 	0.0749251 	-0.0565263 	-1.50911 	0.0424577 	
5.8	0.382261 	-0.176312 	0.0749444 	-0.0572151 	-1.50937 	0.0430886 	
5.805	0.382266 	-0.17631 	0.0749668 	-0.0578582 	-1.50961 	0.0436957 	
5.81	0.382262 	-0.17631 	0.0749794 	-0.0580325 	-1.50988 	0.0438336 	
5.815	0.382251 	-0.176308 	0.0749829 	-0.0579949 	-1.5102 	0.0437634 	
5.82	0.382232 	-0.176305 	0.0749784 	-0.0578027 	-1.51055 	0.0435317 	
5.825	0.382205 	-0.176303 	0.0749669 	-0.0574576 	-1.51095 	0.0431392 	
5.83	0.382172 	-0.176301 	0.0749492 	-0.0569851 	-1.51139 	0.0426115 	
5.835	0.382133 	-0.176299 	0.0749262 	-0.0564069 	-1.51187 	0.0419698 	
5.84	0.382093 	-0.176296 	0.0749044 	-0.0569936 	-1.51232 	0.0424893 	
5.845	0.382072 	-0.176296 	0.0749002 	-0.0593338 	-1.51262 	0.0447572 	
5.85	0.382059 	-0.17631 	0.0749031 	-0.0600701 	-1.5128 	0.0454203 	
5.855	0.382046 	-0.176317 	0.0749055 	-0.0620066 	-1.51301 	0.0472925 	
5.86	0.382033 	-0.176317 	0.074907 	-0.0648691 	-1.51324 	0.050086 	
5.865	0.382018 	-0.176311 	0.0749077 	-0.0685712 	-1.51349 	0.0537226 	
5.87	0.382002 	-0.176302 	0.0749076 	-0.0730239 	-1.51376 	0.0581195 	
5.875	0.381987 	-0.176284 	0.0749084 	-0.0787807 	-1.51404 	0.0638397 	
5.88	0.381972 	-0.176262 	0.0749084 	-0.0857195 	-1.51431 	0.0707532 	
5.885	0.381956 	-0.176234 	0.0749067 	-0.0936792 	-1.51457 	0.078704 	
5.89	0.381952 	-0.17623 	0.0749103 	-0.0940753 	-1.51468 	0.0790995 	
5.895	0.381949 	-0.176213 	0.0749113 	-0.0973588 	-1.5148 	0.082393 	
5.9	0.381944 	-0.176189 	0.0749122 	-0.102902 	-1.51494 	0.0879432 	
5.905	0.381959 	-0.176188 	0.0749519 	-0.106239 	-1.51523 	0.0912487 	
5.91	0.381978 	-0.176185 	0.0749897 	-0.107606 	-1.5155 	0.0926053 	
5.915	0.381988 	-0.176184 	0.0750155 	-0.10847 	-1.51576 	0.0934707 	
5.92	0.38199 	-0.176182 	0.0750328 	-0.109251 	-1.51604 	0.0942289 	
5.925	0.381985 	-0.176179 	0.0750427 	-0.110151 	-1.51632 	0.095096 	
5.93	0.381974 	-0.176175 	0.075046 	-0.111187 	-1.51664 	0.0960907 	
5.935	0.381956 	-0.176171 	0.0750435 	-0.112377 	-1.51698 	0.0972293 	
5.94	0.381932 	-0.176166 	0.075036 	-0.113726 	-1.51735 	0.09852 	
5.945	0.381903 	-0.176161 	0.0750241 	-0.115219 	-1.51775 	0.0999472 	
5.95	0.38187 	-0.176157 	0.075008 	-0.116419 	-1.5182 	0.101091 	
5.955	0.381833 	-0.176154 	0.0749881 	-0.117392 	-1.51868 	0.102036 	
5.96	0.381792 	-0.176148 	0.0749661 	-0.119371 	-1.51917 	0.103933 	
5.965	0.381756 	-0.17614 	0.0749497 	-0.123119 	-1.51965 	0.107697 	
5.97	0.381714 	-0.17614 	0.0749298 	-0.125461 	-1.52017 	0.110051 	
5.975	0.381703 	-0.176139 	0.0749373 	-0.127049 	-1.52058 	0.111646 	
5.98	0.381685 	-0.176147 	0.0749401 	-0.128497 	-1.52095 	0.113073 	
5.985	0.381677 	-0.17615 	0.0749498 	-0.130005 	-1.52128 	0.114571 	
5.99	0.381665 	-0.176154 	0.0749573 	-0.13121 	-1.52162 	0.115716 	
5.995	0.381652 	-0.176154 	0.0749622 	-0.13242 	-1.52197 	0.11686 	
6	0.381632 	-0.176155 	0.0749602 	-0.133395 	-1.52237 	0.117816 	
6.005	0.381607 	-0.176155 	0.0749516 	-0.134367 	-1.5228 	0.118785 	
6.01	0.381575 	-0.176154 	0.0749373 	-0.135409 	-1.52327 	0.119828 	
6.015	0.381543 	-0.17615 	0.0749233 	-0.137349 	-1.52371 	0.121722 	
6.02	0.381537 	-0.176153 	0.074936 	-0.138674 	-1.52406 	0.123022 	
6.025	0.381524 	-0.176161 	0.0749465 	-0.140014 	-1.52441 	0.124287 	
6.03	0.38151 	-0.176164 	0.0749512 	-0.141085 	-1.52479 	0.125339 	
6.035	0.381489 	-0.176163 	0.0749464 	-0.143003 	-1.52519 	0.127267 	
6.04	0.381461 	-0.176163 	0.0749361 	-0.144342 	-1.52563 	0.128611 	
6.045	0.381429 	-0.176162 	0.074922 	-0.145663 	-1.5261 	0.129956 	
6.05	0.381392 	-0.176158 	0.0749013 	-0.147671 	-1.52658 	0.131983 	
6.055	0.38135 	-0.176155 	0.0748756 	-0.149701 	-1.52708 	0.134014 	
6.06	0.381309 	-0.176149 	0.074853 	-0.152682 	-1.52756 	0.136949 	
6.065	0.381266 	-0.176148 	0.0748305 	-0.155194 	-1.52807 	0.139428 	
6.07	0.381227 	-0.176145 	0.0748101 	-0.158031 	-1.52857 	0.142238 	
6.075	0.381182 	-0.176146 	0.0747843 	-0.160023 	-1.52912 	0.144222 	
6.08	0.381143 	-0.176143 	0.0747629 	-0.161629 	-1.52959 	0.145762 	
6.085	0.381102 	-0.176144 	0.074744 	-0.163338 	-1.53005 	0.147359 	
6.09	0.381063 	-0.176144 	0.0747267 	-0.164908 	-1.53053 	0.148807 	
6.095	0.381056 	-0.176149 	0.0747539 	-0.166376 	-1.5311 	0.150141 	
6.1	0.381051 	-0.176155 	0.0747771 	-0.167481 	-1.53159 	0.151176 	
6.105	0.381044 	-0.176159 	0.0747908 	-0.169123 	-1.532 	0.152799 	
6.11	0.38103 	-0.176162 	0.074797 	-0.170929 	-1.53241 	0.154596 	
6.115	0.381011 	-0.176162 	0.074796 	-0.172739 	-1.53283 	0.156411 	
6.12	0.380987 	-0.176161 	0.0747886 	-0.174659 	-1.53327 	0.158341 	
6.125	0.380957 	-0.17616 	0.0747757 	-0.17679 	-1.53373 	0.160472 	
6.13	0.380921 	-0.176158 	0.0747555 	-0.179203 	-1.53422 	0.162903 	
6.135	0.380879 	-0.176156 	0.0747301 	-0.181684 	-1.53476 	0.165402 	
6.14	0.380873 	-0.176156 	0.0747482 	-0.183669 	-1.53524 	0.167372 	
6.145	0.380857 	-0.176162 	0.0747584 	-0.185794 	-1.53571 	0.169464 	
6.15	0.380838 	-0.176161 	0.0747587 	-0.188602 	-1.53618 	0.172281 	
6.155	0.380811 	-0.176161 	0.0747508 	-0.191182 	-1.53667 	0.17489 	
6.16	0.380778 	-0.176158 	0.0747351 	-0.19408 	-1.53717 	0.177836 	
6.165	0.38074 	-0.176155 	0.074713 	-0.197523 	-1.53771 	0.181311 	
6.17	0.380695 	-0.176153 	0.0746863 	-0.200702 	-1.53827 	0.184511 	
6.175	0.380647 	-0.176153 	0.0746562 	-0.203091 	-1.53887 	0.18691 	
6.18	0.380631 	-0.176154 	0.074648 	-0.204299 	-1.53911 	0.188102 	
6.185	0.3806 	-0.176172 	0.0746339 	-0.204727 	-1.53939 	0.188387 	
6.19	0.380569 	-0.176177 	0.0746153 	-0.205156 	-1.53976 	0.18871 	
6.195	0.380532 	-0.176179 	0.0745927 	-0.20656 	-1.54018 	0.190034 	
6.2	0.380491 	-0.176181 	0.0745672 	-0.208314 	-1.54065 	0.191721 	
6.205	0.380454 	-0.176183 	0.0745476 	-0.210523 	-1.54113 	0.193879 	
6.21	0.380412 	-0.176188 	0.0745229 	-0.212139 	-1.54166 	0.195435 	
6.215	0.380386 	-0.176182 	0.07451 	-0.215199 	-1.54199 	0.198453 	
6.22	0.380349 	-0.176185 	0.0744929 	-0.218511 	-1.54237 	0.201645 	
6.225	0.380311 	-0.176181 	0.0744702 	-0.222998 	-1.54279 	0.206091 	
6.23	0.380287 	-0.176174 	0.0744561 	-0.226796 	-1.54303 	0.209828 	
6.235	0.380263 	-0.176176 	0.074449 	-0.230847 	-1.5433 	0.213779 	
6.24	0.380244 	-0.176174 	0.0744469 	-0.23519 	-1.54358 	0.218028 	
6.245	0.380231 	-0.176175 	0.0744511 	-0.238285 	-1.54388 	0.221095 	
6.25	0.380224 	-0.176178 	0.0744592 	-0.240946 	-1.54417 	0.223744 	
6.255	0.380224 	-0.176181 	0.0744719 	-0.2426 	-1.54434 	0.225387 	
6.26	0.380228 	-0.176188 	0.0744873 	-0.243792 	-1.54447 	0.226561 	
6.265	0.380233 	-0.176194 	0.0745042 	-0.24491 	-1.54459 	0.227661 	
6.27	0.380229 	-0.176198 	0.074512 	-0.246579 	-1.54477 	0.229294 	
6.275	0.380217 	-0.176198 	0.0745112 	-0.248494 	-1.54502 	0.23118 	
6.28	0.380197 	-0.176197 	0.0745031 	-0.250751 	-1.54533 	0.233401 	
6.285	0.38017 	-0.176195 	0.0744884 	-0.253403 	-1.54569 	0.236008 	
6.29	0.380141 	-0.17619 	0.0744748 	-0.258631 	-1.54607 	0.241191 	
6.295	0.380111 	-0.176185 	0.0744611 	-0.265387 	-1.54647 	0.247915 	
6.3	0.380093 	-0.176185 	0.0744564 	-0.269357 	-1.54676 	0.251872 	
6.305	0.380067 	-0.17619 	0.0744472 	-0.272714 	-1.54711 	0.25516 	
6.31	0.380054 	-0.176191 	0.0744491 	-0.276267 	-1.54742 	0.258698 	
6.315	0.380032 	-0.176195 	0.0744445 	-0.279718 	-1.54777 	0.262088 	
6.32	0.380008 	-0.176194 	0.0744348 	-0.284568 	-1.54812 	0.266887 	
6.325	0.379976 	-0.176196 	0.0744171 	-0.288798 	-1.54854 	0.271092 	
6.33	0.379946 	-0.176193 	0.0743872 	-0.291125 	-1.54874 	0.273425 	
6.335	0.379918 	-0.176194 	0.074358 	-0.292459 	-1.54884 	0.274746 	
6.34	0.379884 	-0.176197 	0.074321 	-0.292045 	-1.54897 	0.27432 	
6.345	0.379859 	-0.176195 	0.0742887 	-0.291436 	-1.549 	0.273706 	
6.35	0.379836 	-0.176197 	0.0742595 	-0.290756 	-1.54901 	0.273011 	
6.355	0.379818 	-0.176198 	0.0742344 	-0.290495 	-1.54899 	0.272742 	
6.36	0.379802 	-0.176199 	0.0742117 	-0.289964 	-1.54895 	0.272198 	
6.365	0.379789 	-0.176201 	0.074191 	-0.288931 	-1.54887 	0.271159 	
6.37	0.379777 	-0.176202 	0.0741717 	-0.288757 	-1.5488 	0.270979 	
6.375	0.379766 	-0.176202 	0.0741535 	-0.288308 	-1.54873 	0.270526 	
6.38	0.379757 	-0.176203 	0.0741374 	-0.287502 	-1.54866 	0.269717 	
6.385	0.379749 	-0.176204 	0.0741219 	-0.286522 	-1.54859 	0.268735 	
6.39	0.379729 	-0.176208 	0.074094 	-0.284506 	-1.54861 	0.266735 	
6.395	0.379702 	-0.176212 	0.0740509 	-0.280553 	-1.5487 	0.262831 	
6.4	0.379678 	-0.176213 	0.0740193 	-0.279708 	-1.54874 	0.261986 	
6.405	0.379654 	-0.17622 	0.073992 	-0.276348 	-1.5488 	0.258631 	
6.41	0.379637 	-0.176222 	0.073967 	-0.274272 	-1.54876 	0.256556 	
6.415	0.379618 	-0.176224 	0.0739415 	-0.276095 	-1.54871 	0.25838 	
6.42	0.379604 	-0.176227 	0.0739214 	-0.27646 	-1.54865 	0.258738 	
6.425	0.379592 	-0.17623 	0.0739026 	-0.275867 	-1.54858 	0.258136 	
6.43	0.379582 	-0.176233 	0.0738847 	-0.274905 	-1.5485 	0.257168 	
6.435	0.379572 	-0.176235 	0.0738676 	-0.273876 	-1.54843 	0.256133 	
6.44	0.379559 	-0.176234 	0.0738475 	-0.274989 	-1.54836 	0.257261 	
6.445	0.379543 	-0.176231 	0.0738241 	-0.277776 	-1.54831 	0.260084 	
6.45	0.379526 	-0.176226 	0.0738005 	-0.280967 	-1.54828 	0.263295 	
6.455	0.379515 	-0.176222 	0.0737831 	-0.283396 	-1.54822 	0.265731 	
6.46	0.379503 	-0.176216 	0.073765 	-0.287664 	-1.54817 	0.270008 	
6.465	0.37949 	-0.17621 	0.0737463 	-0.292076 	-1.54811 	0.274426 	
6.47	0.379474 	-0.176203 	0.0737265 	-0.295855 	-1.54808 	0.278204 	
6.475	0.379463 	-0.176199 	0.0737079 	-0.29607 	-1.54804 	0.278429 	
6.48	0.379449 	-0.176194 	0.0736882 	-0.298055 	-1.548 	0.280424 	
6.485	0.379431 	-0.176184 	0.0736646 	-0.302995 	-1.54796 	0.285383 	
6.49	0.379411 	-0.176176 	0.0736424 	-0.307463 	-1.54796 	0.289864 	
6.495	0.379391 	-0.176165 	0.0736181 	-0.312084 	-1.54796 	0.294507 	
6.5	0.379373 	-0.176158 	0.073596 	-0.314795 	-1.54794 	0.297236 	
6.505	0.37936 	-0.176154 	0.0735772 	-0.315757 	-1.54789 	0.298206 	
6.51	0.379349 	-0.176153 	0.0735592 	-0.31522 	-1.54782 	0.297671 	
6.515	0.379337 	-0.176152 	0.0735404 	-0.315388 	-1.54777 	0.297842 	
6.52	0.379322 	-0.176146 	0.0735194 	-0.318028 	-1.54772 	0.3005 	
6.525	0.379306 	-0.17614 	0.0734984 	-0.320724 	-1.54768 	0.303204 	
6.53	0.379291 	-0.176135 	0.0734786 	-0.322458 	-1.54765 	0.304947 	
6.535	0.379276 	-0.176129 	0.0734584 	-0.324668 	-1.54762 	0.307167 	
6.54	0.379264 	-0.176127 	0.0734391 	-0.324594 	-1.54756 	0.307097 	
6.545	0.379253 	-0.176127 	0.0734207 	-0.323694 	-1.54749 	0.306198 	
6.55	0.379244 	-0.176127 	0.0734038 	-0.322648 	-1.54741 	0.305151 	
6.555	0.379235 	-0.176127 	0.0733875 	-0.321562 	-1.54734 	0.304065 	
6.56	0.379226 	-0.176127 	0.0733715 	-0.320729 	-1.54728 	0.303233 	
6.565	0.379218 	-0.176127 	0.073356 	-0.319725 	-1.54721 	0.302229 	
6.57	0.37921 	-0.176128 	0.0733408 	-0.318684 	-1.54714 	0.301187 	
6.575	0.379202 	-0.176128 	0.0733261 	-0.317654 	-1.54707 	0.300157 	
6.58	0.379195 	-0.176129 	0.0733117 	-0.316631 	-1.547 	0.299133 	
6.585	0.379187 	-0.176129 	0.0732976 	-0.31562 	-1.54693 	0.29812 	
6.59	0.37918 	-0.17613 	0.0732837 	-0.31462 	-1.54687 	0.297119 	
6.595	0.379174 	-0.17613 	0.07327 	-0.313631 	-1.5468 	0.296128 	
6.6	0.379167 	-0.176131 	0.0732566 	-0.312655 	-1.54673 	0.29515 	
6.605	0.37916 	-0.176132 	0.0732434 	-0.311688 	-1.54667 	0.294183 	
6.61	0.379153 	-0.176133 	0.0732299 	-0.310745 	-1.54661 	0.293239 	
6.615	0.379147 	-0.176134 	0.0732176 	-0.309814 	-1.54656 	0.292308 	
6.62	0.379139 	-0.176135 	0.0732038 	-0.308905 	-1.5465 	0.291395 	
6.625	0.379133 	-0.176135 	0.07319 	-0.307955 	-1.54644 	0.290445 	
6.63	0.379126 	-0.176136 	0.0731763 	-0.307004 	-1.54638 	0.289491 	
6.635	0.379119 	-0.176137 	0.0731628 	-0.30606 	-1.54631 	0.288545 	
6.64	0.379112 	-0.176138 	0.0731495 	-0.305126 	-1.54624 	0.287609 	
6.645	0.379105 	-0.176139 	0.0731363 	-0.304199 	-1.54618 	0.28668 	
6.65	0.379099 	-0.17614 	0.0731232 	-0.30328 	-1.54611 	0.285758 	
6.655	0.379093 	-0.176141 	0.0731101 	-0.302367 	-1.54605 	0.284843 	
6.66	0.379086 	-0.176142 	0.0730972 	-0.301461 	-1.54598 	0.283935 	
6.665	0.37908 	-0.176143 	0.0730843 	-0.300561 	-1.54592 	0.283033 	
6.67	0.379074 	-0.176144 	0.0730714 	-0.299666 	-1.54585 	0.282135 	
6.675	0.379066 	-0.176145 	0.0730578 	-0.298926 	-1.5458 	0.281394 	
6.68	0.379059 	-0.176145 	0.0730443 	-0.298065 	-1.54573 	0.280532 	
6.685	0.37905 	-0.176147 	0.0730298 	-0.297207 	-1.54569 	0.27967 	
6.69	0.379043 	-0.176147 	0.0730153 	-0.296298 	-1.54562 	0.27876 	
6.695	0.379034 	-0.176149 	0.0729983 	-0.295307 	-1.54555 	0.277767 	
6.7	0.379025 	-0.17615 	0.0729817 	-0.294333 	-1.54548 	0.27679 	
6.705	0.379016 	-0.176151 	0.0729657 	-0.293381 	-1.5454 	0.275833 	
6.71	0.379004 	-0.176153 	0.0729477 	-0.292991 	-1.54538 	0.27544 	
6.715	0.378992 	-0.176155 	0.0729294 	-0.292023 	-1.54536 	0.274481 	
6.72	0.378982 	-0.176156 	0.0729119 	-0.29107 	-1.5453 	0.273529 	
6.725	0.378972 	-0.176158 	0.072896 	-0.291269 	-1.54525 	0.273706 	
6.73	0.378964 	-0.17616 	0.0728817 	-0.290703 	-1.54519 	0.27313 	
6.735	0.378956 	-0.176162 	0.0728677 	-0.289913 	-1.54512 	0.272334 	
6.74	0.378949 	-0.176164 	0.0728539 	-0.289064 	-1.54505 	0.27148 	
6.745	0.378942 	-0.176166 	0.0728402 	-0.288207 	-1.54499 	0.270619 	
6.75	0.378935 	-0.176167 	0.0728267 	-0.287355 	-1.54492 	0.269763 	
6.755	0.378928 	-0.176168 	0.0728133 	-0.286509 	-1.54485 	0.268914 	
6.76	0.378922 	-0.17617 	0.0728001 	-0.285671 	-1.54479 	0.268072 	
6.765	0.378915 	-0.176171 	0.0727869 	-0.28484 	-1.54472 	0.267238 	
