0	0.556278 	-0.0521204 	-0.340329 	-0.00155664 	-0.0222476 	-0.00123478 	
0.005	14.8993 	-4.41953 	-6.6183 	-0.136995 	-0.582914 	0.10572 	
0.01	10.7718 	-0.916018 	-4.75276 	-0.0107999 	-0.416223 	0.0715023 	
0.015	9.64685 	-0.846137 	-4.3407 	-0.00998094 	-0.372282 	0.0635577 	
0.02	8.69002 	-0.765047 	-3.98297 	-0.00855877 	-0.334802 	0.0566371 	
0.025	7.86978 	-0.708228 	-3.6822 	-0.0077573 	-0.302775 	0.0508095 	
0.03	7.16894 	-0.660711 	-3.42626 	-0.00710095 	-0.275431 	0.045846 	
0.035	6.57281 	-0.630948 	-3.19926 	-0.00705782 	-0.252049 	0.0414873 	
0.04	6.06153 	-0.599418 	-3.0113 	-0.00670401 	-0.232077 	0.0378614 	
0.045	5.62463 	-0.572034 	-2.85178 	-0.00636865 	-0.215025 	0.0347862 	
0.05	5.25143 	-0.548316 	-2.71632 	-0.00605708 	-0.200472 	0.0321784 	
0.055	4.93598 	-0.520107 	-2.59459 	-0.00558596 	-0.188059 	0.029825 	
0.06	4.66405 	-0.500846 	-2.49478 	-0.00531042 	-0.17745 	0.0278833 	
0.065	4.43157 	-0.484848 	-2.41033 	-0.00508339 	-0.1684 	0.0262362 	
0.07	4.23295 	-0.471516 	-2.33889 	-0.00489401 	-0.160684 	0.0248406 	
0.075	4.06462 	-0.466419 	-2.27318 	-0.00502448 	-0.154064 	0.0235879 	
0.08	3.91965 	-0.458451 	-2.22041 	-0.00494913 	-0.148414 	0.0225768 	
0.085	3.79577 	-0.451348 	-2.17606 	-0.00486091 	-0.143597 	0.0217322 	
0.09	3.69 	-0.44505 	-2.13883 	-0.00476585 	-0.139497 	0.0210284 	
0.095	3.60238 	-0.431585 	-2.103 	-0.00445761 	-0.136019 	0.0203246 	
0.1	3.52552 	-0.424915 	-2.07516 	-0.00433829 	-0.133048 	0.0197683 	
0.105	3.45973 	-0.419642 	-2.05203 	-0.0042463 	-0.130522 	0.0193004 	
0.11	3.40358 	-0.42148 	-2.0306 	-0.00441417 	-0.128334 	0.0188936 	
0.115	3.35541 	-0.419588 	-2.01404 	-0.00440164 	-0.126482 	0.0185799 	
0.12	3.31432 	-0.417765 	-2.00051 	-0.00437235 	-0.124914 	0.0183298 	
0.125	3.27933 	-0.416041 	-1.98955 	-0.00433124 	-0.123591 	0.018133 	
0.13	3.25249 	-0.407423 	-1.97507 	-0.0041203 	-0.122474 	0.0178428 	
0.135	3.22726 	-0.404314 	-1.96584 	-0.00405625 	-0.121518 	0.0176453 	
0.14	3.20555 	-0.402021 	-1.95858 	-0.00400944 	-0.120715 	0.0174833 	
0.145	3.18697 	-0.400345 	-1.95298 	-0.00397371 	-0.120043 	0.0173533 	
0.15	3.17097 	-0.40527 	-1.94723 	-0.00417733 	-0.119442 	0.0172503 	
0.155	3.15736 	-0.405895 	-1.94367 	-0.00419612 	-0.118949 	0.0171927 	
0.16	3.14586 	-0.406167 	-1.94121 	-0.00419152 	-0.118544 	0.0171627 	
0.165	3.13831 	-0.398815 	-1.9356 	-0.00397557 	-0.118225 	0.0170436 	
0.17	3.13022 	-0.396905 	-1.93316 	-0.00392168 	-0.117956 	0.0169808 	
0.175	3.12327 	-0.395598 	-1.93166 	-0.00388208 	-0.117741 	0.0169343 	
0.18	3.11737 	-0.394735 	-1.93096 	-0.00385156 	-0.117575 	0.0169031 	
0.185	3.11269 	-0.398934 	-1.92788 	-0.00403254 	-0.1174 	0.0168509 	
0.19	3.10834 	-0.3998 	-1.92724 	-0.00405448 	-0.117269 	0.0168464 	
0.195	3.10473 	-0.400361 	-1.9273 	-0.00405596 	-0.117173 	0.0168604 	
0.2	3.10319 	-0.394431 	-1.92568 	-0.00386082 	-0.117129 	0.016817 	
0.205	3.1009 	-0.393084 	-1.92582 	-0.00381193 	-0.117099 	0.0168056 	
0.21	3.09899 	-0.392222 	-1.92649 	-0.00377519 	-0.117092 	0.0168035 	
0.215	3.09745 	-0.391712 	-1.9276 	-0.00374614 	-0.117105 	0.0168105 	
0.22	3.09694 	-0.394833 	-1.92484 	-0.00389912 	-0.117077 	0.0167616 	
0.225	3.09579 	-0.395598 	-1.92499 	-0.00392001 	-0.117073 	0.0167679 	
0.23	3.09489 	-0.396148 	-1.92573 	-0.00392381 	-0.117085 	0.0167898 	
0.235	3.09427 	-0.396528 	-1.92694 	-0.00391428 	-0.117114 	0.0168247 	
0.24	3.09538 	-0.389763 	-1.92678 	-0.00368211 	-0.117194 	0.0168014 	
0.245	3.09538 	-0.388211 	-1.92789 	-0.0036244 	-0.117267 	0.0168019 	
0.25	3.09543 	-0.387263 	-1.92936 	-0.00358442 	-0.117349 	0.0168078 	
0.255	3.09562 	-0.391332 	-1.92826 	-0.00375375 	-0.117378 	0.0167858 	
0.26	3.0956 	-0.39226 	-1.9292 	-0.00377469 	-0.11743 	0.0168047 	
0.265	3.09574 	-0.39295 	-1.93058 	-0.00377921 	-0.117493 	0.0168374 	
0.27	3.09604 	-0.393452 	-1.93229 	-0.00377091 	-0.117568 	0.0168811 	
0.275	3.09825 	-0.386491 	-1.93145 	-0.0035453 	-0.117678 	0.0168404 	
0.28	3.09892 	-0.384961 	-1.93245 	-0.00349339 	-0.117777 	0.0168354 	
0.285	3.09953 	-0.384051 	-1.93383 	-0.00345926 	-0.117881 	0.0168365 	
0.29	3.10016 	-0.383588 	-1.93552 	-0.00343663 	-0.117991 	0.0168443 	
0.295	3.10077 	-0.38861 	-1.93493 	-0.00363596 	-0.118048 	0.0168328 	
0.3	3.10125 	-0.389945 	-1.93614 	-0.00366806 	-0.118124 	0.0168605 	
0.305	3.10185 	-0.390912 	-1.93772 	-0.003679 	-0.11821 	0.0169022 	
0.31	3.10396 	-0.383966 	-1.93812 	-0.00343695 	-0.118346 	0.0168864 	
0.315	3.10494 	-0.382576 	-1.93956 	-0.00338425 	-0.118469 	0.0168928 	
0.32	3.10587 	-0.381761 	-1.94128 	-0.00334852 	-0.118594 	0.0169038 	
0.325	3.10681 	-0.38136 	-1.94322 	-0.0033239 	-0.118722 	0.0169201 	
0.33	3.10779 	-0.38125 	-1.94533 	-0.00330616 	-0.118854 	0.016942 	
0.335	3.1094 	-0.384821 	-1.94277 	-0.00348762 	-0.118922 	0.0168877 	
0.34	3.11012 	-0.385893 	-1.94331 	-0.00352296 	-0.119004 	0.0168982 	
0.345	3.11088 	-0.386698 	-1.94435 	-0.00353872 	-0.119092 	0.0169244 	
0.35	3.11259 	-0.380221 	-1.94724 	-0.00327947 	-0.119267 	0.016957 	
0.355	3.11387 	-0.378924 	-1.94946 	-0.00322048 	-0.119419 	0.0169792 	
0.36	3.1151 	-0.378187 	-1.95176 	-0.00317986 	-0.119569 	0.0170024 	
0.365	3.11633 	-0.377851 	-1.95413 	-0.00315166 	-0.119721 	0.017028 	
0.37	3.11824 	-0.38056 	-1.95107 	-0.0033129 	-0.119796 	0.0169553 	
0.375	3.11908 	-0.381368 	-1.95145 	-0.00334428 	-0.119887 	0.0169559 	
0.38	3.11996 	-0.382023 	-1.95236 	-0.00336019 	-0.119985 	0.016972 	
0.385	3.12151 	-0.376682 	-1.95601 	-0.00313201 	-0.120172 	0.0170177 	
0.39	3.12292 	-0.37567 	-1.95847 	-0.00308001 	-0.120335 	0.0170441 	
0.395	3.12428 	-0.375141 	-1.96093 	-0.00304417 	-0.120496 	0.0170712 	
0.4	3.12564 	-0.374956 	-1.9634 	-0.00301914 	-0.120658 	0.0171003 	
0.405	3.12701 	-0.375007 	-1.96587 	-0.00300096 	-0.12082 	0.0171321 	
0.41	3.12988 	-0.375663 	-1.96117 	-0.00312045 	-0.120905 	0.0170131 	
0.415	3.13087 	-0.376064 	-1.96088 	-0.00315187 	-0.120999 	0.0169913 	
0.42	3.13181 	-0.376471 	-1.96122 	-0.00317186 	-0.121098 	0.0169867 	
0.425	3.13302 	-0.372361 	-1.9675 	-0.00295008 	-0.121321 	0.017088 	
0.43	3.13466 	-0.371637 	-1.97077 	-0.0028977 	-0.12151 	0.0171314 	
0.435	3.13624 	-0.371326 	-1.9738 	-0.00286135 	-0.121693 	0.0171714 	
0.44	3.13777 	-0.371304 	-1.97665 	-0.00283585 	-0.121873 	0.0172101 	
0.445	3.14079 	-0.370977 	-1.97159 	-0.00292938 	-0.121964 	0.0170709 	
0.45	3.14183 	-0.371126 	-1.9712 	-0.00295629 	-0.122068 	0.0170395 	
0.455	3.14282 	-0.371389 	-1.97146 	-0.00297599 	-0.122176 	0.0170254 	
0.46	3.14395 	-0.36834 	-1.97803 	-0.00278934 	-0.122406 	0.0171297 	
0.465	3.14565 	-0.367889 	-1.98134 	-0.00274625 	-0.122601 	0.0171728 	
0.47	3.14728 	-0.367781 	-1.98439 	-0.00271687 	-0.122791 	0.0172127 	
0.475	3.14887 	-0.367907 	-1.98723 	-0.00269658 	-0.122978 	0.0172516 	
0.48	3.15197 	-0.366219 	-1.98241 	-0.00274175 	-0.123083 	0.017103 	
0.485	3.15311 	-0.366076 	-1.98208 	-0.00276152 	-0.123199 	0.0170646 	
0.49	3.15421 	-0.366165 	-1.98234 	-0.00277891 	-0.123321 	0.0170434 	
0.495	3.15532 	-0.364171 	-1.98906 	-0.00262949 	-0.123556 	0.017149 	
0.5	3.1571 	-0.363981 	-1.99241 	-0.00259587 	-0.123759 	0.0171917 	
0.505	3.15879 	-0.364066 	-1.99547 	-0.00257364 	-0.123956 	0.0172316 	
0.51	3.16045 	-0.364336 	-1.99829 	-0.00255873 	-0.124149 	0.0172708 	
0.515	3.16364 	-0.361335 	-1.99384 	-0.00255652 	-0.12427 	0.0171134 	
0.52	3.1649 	-0.36091 	-1.9936 	-0.00256921 	-0.124401 	0.0170687 	
0.525	3.1661 	-0.360831 	-1.99391 	-0.00258421 	-0.124536 	0.0170409 	
0.53	3.16732 	-0.360988 	-1.99469 	-0.00259876 	-0.124676 	0.017028 	
0.535	3.16898 	-0.358954 	-2.00339 	-0.00242616 	-0.124965 	0.0171682 	
0.54	3.17114 	-0.358818 	-2.00759 	-0.00238597 	-0.125202 	0.017225 	
0.545	3.1731 	-0.35897 	-2.01121 	-0.00236051 	-0.125425 	0.0172737 	
0.55	3.17605 	-0.356989 	-2.00656 	-0.00239712 	-0.125547 	0.017116 	
0.555	3.17728 	-0.356823 	-2.00643 	-0.00241694 	-0.125687 	0.0170748 	
0.56	3.17851 	-0.356936 	-2.00682 	-0.00243681 	-0.12583 	0.0170503 	
0.565	3.17979 	-0.357233 	-2.00764 	-0.00245469 	-0.125977 	0.0170404 	
0.57	3.18168 	-0.353827 	-2.01564 	-0.00225421 	-0.126277 	0.0171391 	
0.575	3.18386 	-0.353398 	-2.01953 	-0.00221347 	-0.12652 	0.0171776 	
0.58	3.18584 	-0.353372 	-2.0229 	-0.00219031 	-0.126749 	0.0172105 	
0.585	3.1877 	-0.353622 	-2.02587 	-0.00217889 	-0.126968 	0.0172408 	
0.59	3.19102 	-0.351608 	-2.02037 	-0.00223189 	-0.127088 	0.0170589 	
0.595	3.1923 	-0.351475 	-2.01969 	-0.00226282 	-0.127223 	0.0170029 	
0.6	3.19355 	-0.351627 	-2.01964 	-0.0022922 	-0.127362 	0.0169662 	
0.605	3.19501 	-0.349331 	-2.0284 	-0.00211625 	-0.12766 	0.0170846 	
0.61	3.19716 	-0.34919 	-2.03231 	-0.00208487 	-0.127903 	0.0171233 	
0.615	3.19912 	-0.349374 	-2.03566 	-0.00206857 	-0.128133 	0.0171568 	
0.62	3.20096 	-0.349778 	-2.0386 	-0.00206213 	-0.128353 	0.0171879 	
0.625	3.20426 	-0.346228 	-2.03382 	-0.00205776 	-0.128491 	0.0169939 	
0.63	3.20562 	-0.345758 	-2.03335 	-0.00207883 	-0.12864 	0.0169309 	
0.635	3.20694 	-0.345702 	-2.03344 	-0.00210395 	-0.128792 	0.0168869 	
0.64	3.20832 	-0.344628 	-2.04175 	-0.00197684 	-0.129083 	0.0170012 	
0.645	3.21044 	-0.344781 	-2.04551 	-0.0019578 	-0.129326 	0.0170373 	
0.65	3.21239 	-0.345183 	-2.04874 	-0.00195067 	-0.129556 	0.0170693 	
0.655	3.21424 	-0.345745 	-2.05157 	-0.00195099 	-0.129777 	0.0170999 	
0.66	3.21756 	-0.34073 	-2.04768 	-0.00189067 	-0.129936 	0.016895 	
0.665	3.21904 	-0.339943 	-2.04748 	-0.00190259 	-0.130101 	0.0168254 	
0.67	3.22047 	-0.339695 	-2.04773 	-0.00192386 	-0.130268 	0.0167746 	
0.675	3.2219 	-0.339822 	-2.04837 	-0.00194954 	-0.130437 	0.0167406 	
0.68	3.22385 	-0.339032 	-2.05883 	-0.00180829 	-0.13078 	0.0168923 	
0.685	3.22633 	-0.339363 	-2.06349 	-0.00178557 	-0.131053 	0.0169446 	
0.69	3.2285 	-0.339914 	-2.06731 	-0.00177696 	-0.131307 	0.0169874 	
0.695	3.23163 	-0.33606 	-2.06274 	-0.00176426 	-0.13146 	0.0167819 	
0.7	3.23303 	-0.335597 	-2.0625 	-0.00178623 	-0.131628 	0.0167162 	
0.705	3.23442 	-0.335582 	-2.06271 	-0.00181423 	-0.131798 	0.0166692 	
0.71	3.23583 	-0.335875 	-2.0633 	-0.00184431 	-0.131969 	0.0166386 	
0.715	3.23796 	-0.333283 	-2.07341 	-0.00166154 	-0.132327 	0.0167396 	
0.72	3.24044 	-0.333206 	-2.07787 	-0.00163535 	-0.132607 	0.0167703 	
0.725	3.24259 	-0.333497 	-2.08149 	-0.0016272 	-0.132866 	0.0167946 	
0.73	3.24537 	-0.331146 	-2.0774 	-0.00165396 	-0.13302 	0.0166184 	
0.735	3.24675 	-0.331033 	-2.07729 	-0.0016846 	-0.133192 	0.0165603 	
0.74	3.24816 	-0.331273 	-2.0776 	-0.00171825 	-0.133365 	0.0165199 	
0.745	3.24985 	-0.32877 	-2.08488 	-0.00157884 	-0.13367 	0.0165568 	
0.75	3.25198 	-0.328703 	-2.08818 	-0.00156908 	-0.133923 	0.0165608 	
0.755	3.25392 	-0.329004 	-2.09099 	-0.00157351 	-0.134162 	0.016566 	
0.76	3.25576 	-0.329555 	-2.09343 	-0.00158678 	-0.13439 	0.0165738 	
0.765	3.25754 	-0.330264 	-2.09562 	-0.00160495 	-0.134611 	0.016585 	
0.77	3.26077 	-0.323607 	-2.09369 	-0.00147937 	-0.134811 	0.0163565 	
0.775	3.26247 	-0.322499 	-2.09393 	-0.00148559 	-0.135004 	0.0162705 	
0.78	3.26408 	-0.322086 	-2.09444 	-0.00150779 	-0.135197 	0.0162048 	
0.785	3.26566 	-0.322167 	-2.09519 	-0.00153915 	-0.135388 	0.0161566 	
0.79	3.26751 	-0.322711 	-2.10528 	-0.00145612 	-0.135732 	0.0162934 	
0.795	3.26995 	-0.323478 	-2.10974 	-0.00145554 	-0.136011 	0.0163349 	
0.8	3.27207 	-0.324378 	-2.11332 	-0.00146543 	-0.136268 	0.0163692 	
0.805	3.27524 	-0.318796 	-2.10998 	-0.00139298 	-0.136455 	0.016132 	
0.81	3.2768 	-0.31804 	-2.11001 	-0.00141137 	-0.136646 	0.0160502 	
0.815	3.2783 	-0.317877 	-2.11035 	-0.00144165 	-0.136836 	0.0159884 	
0.82	3.27981 	-0.318131 	-2.11096 	-0.00147817 	-0.137025 	0.015944 	
0.825	3.28182 	-0.316538 	-2.12107 	-0.00134202 	-0.137389 	0.0160237 	
0.83	3.28425 	-0.316802 	-2.12542 	-0.00133515 	-0.137676 	0.0160416 	
0.835	3.28633 	-0.317372 	-2.12887 	-0.00134366 	-0.13794 	0.0160557 	
0.84	3.28915 	-0.313626 	-2.12562 	-0.00132375 	-0.13812 	0.0158529 	
0.845	3.29062 	-0.313287 	-2.12565 	-0.0013535 	-0.13831 	0.0157798 	
0.85	3.29209 	-0.313424 	-2.12599 	-0.0013911 	-0.138499 	0.0157256 	
0.855	3.29358 	-0.313889 	-2.1266 	-0.00143207 	-0.138687 	0.0156879 	
0.86	3.29581 	-0.310258 	-2.13681 	-0.00124511 	-0.139068 	0.0157097 	
0.865	3.29826 	-0.310054 	-2.14111 	-0.00123186 	-0.139361 	0.0157052 	
0.87	3.30033 	-0.310319 	-2.14448 	-0.00123871 	-0.13963 	0.0157005 	
0.875	3.30218 	-0.310906 	-2.1472 	-0.00125861 	-0.13988 	0.0156975 	
0.88	3.30523 	-0.307038 	-2.14288 	-0.00125199 	-0.140045 	0.0154673 	
0.885	3.30665 	-0.306679 	-2.14229 	-0.00129088 	-0.140222 	0.0153792 	
0.89	3.30805 	-0.306815 	-2.14213 	-0.00133643 	-0.140399 	0.0153132 	
0.895	3.30964 	-0.304873 	-2.15212 	-0.00120063 	-0.140756 	0.0153605 	
0.9	3.31187 	-0.305052 	-2.15612 	-0.00120151 	-0.141036 	0.015358 	
0.905	3.3138 	-0.305592 	-2.15927 	-0.00121813 	-0.141294 	0.015356 	
0.91	3.31555 	-0.306374 	-2.16182 	-0.00124454 	-0.141536 	0.0153561 	
0.915	3.31859 	-0.300579 	-2.15898 	-0.00116853 	-0.141725 	0.0150949 	
0.92	3.32009 	-0.299785 	-2.15883 	-0.00119485 	-0.141917 	0.0149947 	
0.925	3.32154 	-0.299638 	-2.15896 	-0.00123428 	-0.142106 	0.0149177 	
0.93	3.32288 	-0.299303 	-2.16759 	-0.00116375 	-0.142435 	0.014972 	
0.935	3.32493 	-0.299845 	-2.17116 	-0.00118014 	-0.142703 	0.0149698 	
0.94	3.32674 	-0.300648 	-2.174 	-0.00120763 	-0.142951 	0.0149692 	
0.945	3.32842 	-0.301615 	-2.17633 	-0.00124142 	-0.143186 	0.0149714 	
0.95	3.3315 	-0.294044 	-2.17504 	-0.00110128 	-0.143401 	0.0146796 	
0.955	3.33313 	-0.29285 	-2.17534 	-0.00111638 	-0.143607 	0.0145677 	
0.96	3.33464 	-0.292444 	-2.17575 	-0.00115041 	-0.143809 	0.0144803 	
0.965	3.3361 	-0.2926 	-2.17631 	-0.00119563 	-0.144008 	0.0144136 	
0.97	3.33765 	-0.292936 	-2.18649 	-0.00113098 	-0.144365 	0.0144998 	
0.975	3.33982 	-0.293784 	-2.1907 	-0.00114996 	-0.144647 	0.0145129 	
0.98	3.34167 	-0.294811 	-2.19396 	-0.00117944 	-0.144906 	0.0145238 	
0.985	3.34461 	-0.288732 	-2.19133 	-0.00109694 	-0.145102 	0.0142475 	
0.99	3.34606 	-0.28796 	-2.19136 	-0.00112494 	-0.1453 	0.0141451 	
0.995	3.34745 	-0.287851 	-2.19158 	-0.00116701 	-0.145495 	0.0140661 	
1	3.34883 	-0.288208 	-2.19198 	-0.00121678 	-0.145688 	0.0140068 	
1.005	3.35051 	-0.286132 	-2.20248 	-0.00109188 	-0.146062 	0.0140215 	
1.01	3.35266 	-0.286393 	-2.20668 	-0.00110183 	-0.14635 	0.0140082 	
1.015	3.35446 	-0.287023 	-2.20987 	-0.00112768 	-0.146612 	0.0139973 	
1.02	3.35604 	-0.2879 	-2.21235 	-0.00116332 	-0.146855 	0.0139899 	
1.025	3.35927 	-0.281339 	-2.20862 	-0.00108276 	-0.147031 	0.0136769 	
1.03	3.36067 	-0.280392 	-2.20799 	-0.00111547 	-0.147213 	0.0135557 	
1.035	3.36198 	-0.28017 	-2.20768 	-0.00116277 	-0.147394 	0.0134614 	
1.04	3.36295 	-0.280174 	-2.21757 	-0.00110232 	-0.147737 	0.0135156 	
1.045	3.36483 	-0.280845 	-2.22135 	-0.00112755 	-0.148008 	0.0135069 	
1.05	3.36644 	-0.281769 	-2.22424 	-0.00116376 	-0.148256 	0.0135007 	
1.055	3.36897 	-0.276478 	-2.22253 	-0.00109536 	-0.148456 	0.013246 	
1.06	3.37031 	-0.275923 	-2.22278 	-0.00112883 	-0.148655 	0.0131481 	
1.065	3.37159 	-0.275982 	-2.22313 	-0.0011752 	-0.148849 	0.0130729 	
1.07	3.37288 	-0.27647 	-2.2236 	-0.00122848 	-0.149039 	0.0130168 	
1.075	3.37439 	-0.273241 	-2.23287 	-0.00109771 	-0.14939 	0.0129609 	
1.08	3.3763 	-0.273232 	-2.23655 	-0.00111201 	-0.149664 	0.0129221 	
1.085	3.37789 	-0.273687 	-2.23933 	-0.00114308 	-0.149914 	0.0128917 	
1.09	3.37931 	-0.274461 	-2.24149 	-0.00118448 	-0.150147 	0.0128692 	
1.095	3.38201 	-0.269031 	-2.23894 	-0.00112322 	-0.150329 	0.0125932 	
1.1	3.38331 	-0.268392 	-2.23868 	-0.00116124 	-0.150513 	0.0124833 	
1.105	3.38456 	-0.268398 	-2.23863 	-0.00121182 	-0.150694 	0.0123988 	
1.11	3.3858 	-0.268855 	-2.2388 	-0.00126893 	-0.150874 	0.0123354 	
1.115	3.38726 	-0.266006 	-2.25081 	-0.00112528 	-0.151264 	0.0123161 	
1.12	3.38927 	-0.266124 	-2.25536 	-0.00113671 	-0.151554 	0.0122883 	
1.125	3.39085 	-0.266677 	-2.2587 	-0.00116611 	-0.151814 	0.0122657 	
1.13	3.39347 	-0.263162 	-2.25447 	-0.00117369 	-0.151969 	0.0120208 	
1.135	3.39455 	-0.262972 	-2.25387 	-0.00122449 	-0.152141 	0.0119233 	
1.14	3.39564 	-0.26329 	-2.25358 	-0.00128278 	-0.152311 	0.0118493 	
1.145	3.39651 	-0.260417 	-2.26206 	-0.00117488 	-0.152629 	0.0117805 	
1.15	3.39808 	-0.260459 	-2.2652 	-0.00119803 	-0.15288 	0.0117319 	
1.155	3.39941 	-0.260957 	-2.26757 	-0.00123593 	-0.153112 	0.0116948 	
1.16	3.40062 	-0.261768 	-2.26942 	-0.00128263 	-0.153328 	0.0116678 	
1.165	3.40297 	-0.255928 	-2.26831 	-0.00119964 	-0.153519 	0.0113851 	
1.17	3.4042 	-0.255206 	-2.26845 	-0.0012341 	-0.153705 	0.0112727 	
1.175	3.40535 	-0.255163 	-2.26867 	-0.00128295 	-0.153887 	0.0111863 	
1.18	3.40649 	-0.255598 	-2.269 	-0.00133974 	-0.154065 	0.0111213 	
1.185	3.40749 	-0.253053 	-2.27852 	-0.00123565 	-0.154401 	0.0110675 	
1.19	3.4091 	-0.253232 	-2.28218 	-0.00125891 	-0.154661 	0.0110278 	
1.195	3.41043 	-0.25383 	-2.2849 	-0.00129683 	-0.154896 	0.0109975 	
1.2	3.41159 	-0.254714 	-2.28696 	-0.00134352 	-0.155115 	0.0109759 	
1.205	3.41447 	-0.248181 	-2.28386 	-0.001265 	-0.155276 	0.010642 	
1.21	3.41564 	-0.247268 	-2.28327 	-0.00130257 	-0.155443 	0.010513 	
1.215	3.41672 	-0.247091 	-2.28293 	-0.00135472 	-0.155609 	0.0104135 	
1.22	3.41704 	-0.246766 	-2.29167 	-0.00131501 	-0.155911 	0.0104172 	
1.225	3.41839 	-0.247374 	-2.29488 	-0.00135181 	-0.156151 	0.0103883 	
1.23	3.41953 	-0.248275 	-2.29729 	-0.00139821 	-0.156372 	0.0103677 	
1.235	3.42174 	-0.242998 	-2.29589 	-0.00133512 	-0.156551 	0.0100914 	
1.24	3.4228 	-0.242456 	-2.29604 	-0.00137397 	-0.156728 	0.00998503 	
1.245	3.4238 	-0.242538 	-2.29626 	-0.00142536 	-0.156902 	0.00990399 	
1.25	3.4248 	-0.243058 	-2.29657 	-0.00148346 	-0.157071 	0.00984384 	
1.255	3.42559 	-0.239513 	-2.30474 	-0.00137474 	-0.157374 	0.00972943 	
1.26	3.42693 	-0.239421 	-2.30786 	-0.00139948 	-0.157612 	0.00966982 	
1.265	3.42804 	-0.239828 	-2.31017 	-0.0014393 	-0.15783 	0.00962483 	
1.27	3.42903 	-0.24058 	-2.31193 	-0.00148816 	-0.158033 	0.00959229 	
1.275	3.43139 	-0.235288 	-2.30965 	-0.00143348 	-0.158191 	0.00930211 	
1.28	3.43243 	-0.234685 	-2.30932 	-0.00147519 	-0.158352 	0.00918807 	
1.285	3.43339 	-0.234721 	-2.30918 	-0.00152879 	-0.158511 	0.0091013 	
1.29	3.43434 	-0.235206 	-2.30923 	-0.00158852 	-0.158667 	0.00903695 	
1.295	3.43486 	-0.232024 	-2.31958 	-0.00147241 	-0.158994 	0.00895405 	
1.3	3.4362 	-0.232033 	-2.32338 	-0.00149442 	-0.15924 	0.00890478 	
1.305	3.43723 	-0.23251 	-2.32615 	-0.00153194 	-0.159462 	0.00886784 	
1.31	3.4381 	-0.233311 	-2.3282 	-0.00157891 	-0.159665 	0.00884157 	
1.315	3.44119 	-0.22764 	-2.32339 	-0.00153907 	-0.159788 	0.0085075 	
1.32	3.44217 	-0.226915 	-2.32218 	-0.0015849 	-0.159924 	0.00838033 	
1.325	3.44305 	-0.226857 	-2.32136 	-0.00164184 	-0.160061 	0.0082832 	
1.33	3.44276 	-0.225816 	-2.33099 	-0.00158316 	-0.160352 	0.00826592 	
1.335	3.44379 	-0.22625 	-2.33431 	-0.0016169 	-0.160576 	0.00823054 	
1.34	3.44461 	-0.227022 	-2.33677 	-0.00166123 	-0.160779 	0.00820552 	
1.345	3.4468 	-0.222374 	-2.33399 	-0.00162741 	-0.160918 	0.00792699 	
1.35	3.4476 	-0.221938 	-2.33365 	-0.00167142 	-0.161066 	0.00782131 	
1.355	3.44835 	-0.222082 	-2.3335 	-0.00172545 	-0.161212 	0.00774185 	
1.36	3.4491 	-0.222631 	-2.33354 	-0.00178437 	-0.161356 	0.00768386 	
1.365	3.44934 	-0.218688 	-2.34197 	-0.00167095 	-0.161634 	0.0075474 	
1.37	3.45033 	-0.218467 	-2.34505 	-0.00169416 	-0.16185 	0.00748198 	
1.375	3.45111 	-0.218771 	-2.34731 	-0.00173243 	-0.162047 	0.00743351 	
1.38	3.45179 	-0.219442 	-2.34902 	-0.00177986 	-0.16223 	0.0073991 	
1.385	3.45429 	-0.214939 	-2.34525 	-0.00175773 	-0.162349 	0.00711396 	
1.39	3.45512 	-0.214492 	-2.34439 	-0.00180473 	-0.162479 	0.00700431 	
1.395	3.45588 	-0.214619 	-2.34386 	-0.00186041 	-0.162609 	0.00692207 	
1.4	3.45662 	-0.215144 	-2.34364 	-0.00191998 	-0.162738 	0.00686227 	
1.405	3.4565 	-0.211384 	-2.35456 	-0.00179212 	-0.163043 	0.00675656 	
1.41	3.45747 	-0.21121 	-2.35845 	-0.00181013 	-0.163267 	0.00670176 	
1.415	3.45815 	-0.211542 	-2.36125 	-0.00184411 	-0.163468 	0.00666161 	
1.42	3.46071 	-0.209103 	-2.35597 	-0.00188378 	-0.163564 	0.00643256 	
1.425	3.46136 	-0.209109 	-2.35487 	-0.00193979 	-0.163681 	0.00634252 	
1.43	3.46198 	-0.209542 	-2.35419 	-0.00199972 	-0.163798 	0.00627657 	
1.435	3.46159 	-0.206161 	-2.36146 	-0.00190797 	-0.164031 	0.00615047 	
1.44	3.46225 	-0.206026 	-2.36395 	-0.00193494 	-0.164216 	0.00608761 	
1.445	3.46279 	-0.206373 	-2.36583 	-0.00197434 	-0.164387 	0.00604233 	
1.45	3.46328 	-0.207055 	-2.36729 	-0.00202102 	-0.164547 	0.00601146 	
1.455	3.46376 	-0.207961 	-2.36848 	-0.00207118 	-0.164699 	0.00599247 	
1.46	3.46645 	-0.200534 	-2.3657 	-0.00197222 	-0.164811 	0.0056056 	
1.465	3.46729 	-0.199313 	-2.36503 	-0.00200142 	-0.16493 	0.00546545 	
1.47	3.46797 	-0.19888 	-2.36457 	-0.00204601 	-0.165049 	0.00535906 	
1.475	3.46858 	-0.199011 	-2.36437 	-0.00209935 	-0.165168 	0.00528013 	
1.48	3.46772 	-0.199356 	-2.3737 	-0.00207716 	-0.165418 	0.00531583 	
1.485	3.46829 	-0.200178 	-2.37712 	-0.00211374 	-0.165609 	0.00530804 	
1.49	3.46872 	-0.201191 	-2.37967 	-0.00215656 	-0.165782 	0.00530652 	
1.495	3.47159 	-0.19532 	-2.37503 	-0.00210816 	-0.165873 	0.0049591 	
1.5	3.47225 	-0.19454 	-2.37407 	-0.00214543 	-0.16598 	0.00484014 	
1.505	3.47281 	-0.194401 	-2.37344 	-0.00219331 	-0.166088 	0.00475115 	
1.51	3.47331 	-0.194716 	-2.37313 	-0.00224659 	-0.166197 	0.00468658 	
1.515	3.47243 	-0.192935 	-2.38175 	-0.00218263 	-0.16643 	0.00463516 	
1.52	3.47287 	-0.193184 	-2.38486 	-0.00221003 	-0.166609 	0.00460094 	
1.525	3.47319 	-0.193782 	-2.38718 	-0.00224707 	-0.166771 	0.00457894 	
1.53	3.47572 	-0.19009 	-2.38255 	-0.00224675 	-0.166854 	0.0043144 	
1.535	3.47628 	-0.189781 	-2.38162 	-0.00229065 	-0.166953 	0.00421991 	
1.54	3.47676 	-0.18996 	-2.38107 	-0.00234067 	-0.167052 	0.00415107 	
1.545	3.4772 	-0.190478 	-2.38085 	-0.002393 	-0.167153 	0.00410315 	
1.55	3.47643 	-0.186837 	-2.38868 	-0.00229342 	-0.167366 	0.00397305 	
1.555	3.4768 	-0.186595 	-2.39152 	-0.00231233 	-0.167532 	0.00391662 	
1.56	3.47704 	-0.186832 	-2.39366 	-0.00234379 	-0.167684 	0.0038775 	
1.565	3.47724 	-0.187406 	-2.39532 	-0.00238286 	-0.167826 	0.00385243 	
1.57	3.48046 	-0.18397 	-2.38951 	-0.00239677 	-0.167891 	0.00358541 	
1.575	3.48115 	-0.183693 	-2.38803 	-0.00244303 	-0.167971 	0.00349044 	
1.58	3.48168 	-0.183873 	-2.38708 	-0.00249354 	-0.168053 	0.00342153 	
1.585	3.48213 	-0.184371 	-2.3866 	-0.00254499 	-0.168136 	0.00337393 	
1.59	3.48076 	-0.180881 	-2.39721 	-0.00242675 	-0.168373 	0.00328169 	
1.595	3.48101 	-0.180667 	-2.40094 	-0.00243808 	-0.168546 	0.00323885 	
1.6	3.48109 	-0.180912 	-2.4037 	-0.00246307 	-0.1687 	0.00321042 	
1.605	3.48437 	-0.179336 	-2.39672 	-0.00252704 	-0.168747 	0.00300228 	
1.61	3.48488 	-0.179457 	-2.39514 	-0.00257872 	-0.168816 	0.00292838 	
1.615	3.48527 	-0.179901 	-2.39415 	-0.00263068 	-0.168887 	0.00287689 	
1.62	3.48559 	-0.180562 	-2.39365 	-0.00268088 	-0.16896 	0.00284373 	
1.625	3.48422 	-0.175627 	-2.40289 	-0.00253949 	-0.169166 	0.00268362 	
1.63	3.48431 	-0.175017 	-2.40611 	-0.00254476 	-0.169319 	0.00262208 	
1.635	3.48427 	-0.174968 	-2.40852 	-0.00256542 	-0.169458 	0.00257946 	
1.64	3.48717 	-0.174992 	-2.40211 	-0.00265836 	-0.169502 	0.00244155 	
1.645	3.48758 	-0.175458 	-2.40073 	-0.00271249 	-0.169565 	0.00238924 	
1.65	3.48789 	-0.176128 	-2.39993 	-0.00276383 	-0.16963 	0.00235564 	
1.655	3.48814 	-0.176928 	-2.3996 	-0.00281137 	-0.169698 	0.00233728 	
1.66	3.48694 	-0.170834 	-2.40744 	-0.00265312 	-0.169874 	0.00212006 	
1.665	3.48696 	-0.169902 	-2.41023 	-0.00265299 	-0.17001 	0.002044 	
1.67	3.48686 	-0.169608 	-2.41235 	-0.00266956 	-0.170135 	0.00199045 	
1.675	3.48673 	-0.169775 	-2.41402 	-0.00269701 	-0.170253 	0.00195487 	
1.68	3.49062 	-0.170743 	-2.40645 	-0.00282086 	-0.170288 	0.0018394 	
1.685	3.49129 	-0.1715 	-2.40454 	-0.00288159 	-0.170334 	0.00179923 	
1.69	3.49172 	-0.17234 	-2.40335 	-0.00293488 	-0.170381 	0.001776 	
1.695	3.48973 	-0.167479 	-2.41134 	-0.00279455 	-0.170537 	0.00162398 	
1.7	3.48955 	-0.166876 	-2.41398 	-0.0027965 	-0.170655 	0.00157028 	
1.705	3.48931 	-0.166793 	-2.41606 	-0.00281201 	-0.170766 	0.00153483 	
1.71	3.48907 	-0.167081 	-2.41774 	-0.00283625 	-0.170871 	0.001514 	
1.715	3.493 	-0.166571 	-2.41053 	-0.00292162 	-0.170903 	0.00134802 	
1.72	3.49363 	-0.166918 	-2.40877 	-0.00297096 	-0.170944 	0.00129503 	
1.725	3.49399 	-0.167453 	-2.40768 	-0.00301629 	-0.170986 	0.00126148 	
1.73	3.49187 	-0.164276 	-2.41475 	-0.00291615 	-0.171117 	0.0011736 	
1.735	3.49156 	-0.164027 	-2.41716 	-0.00292259 	-0.17122 	0.00114002 	
1.74	3.49123 	-0.164175 	-2.41913 	-0.00293906 	-0.171318 	0.00112092 	
1.745	3.49093 	-0.164604 	-2.42079 	-0.00296176 	-0.171412 	0.00111347 	
1.75	3.49496 	-0.162887 	-2.4139 	-0.00301601 	-0.171441 	0.000905339 	
1.755	3.49559 	-0.162908 	-2.41226 	-0.00305621 	-0.171477 	0.000842139 	
1.76	3.49592 	-0.163198 	-2.41126 	-0.00309495 	-0.171514 	0.000800451 	
1.765	3.49608 	-0.163673 	-2.41081 	-0.00313104 	-0.171553 	0.00077636 	
1.77	3.49374 	-0.160673 	-2.4193 	-0.00302231 	-0.171697 	0.000715941 	
1.775	3.49329 	-0.160438 	-2.42243 	-0.00302127 	-0.171804 	0.000695509 	
1.78	3.49281 	-0.160582 	-2.4249 	-0.00303127 	-0.171904 	0.000686744 	
1.785	3.49679 	-0.160315 	-2.41754 	-0.00311934 	-0.171922 	0.000532092 	
1.79	3.49726 	-0.160634 	-2.41599 	-0.00316132 	-0.171952 	0.000488273 	
1.795	3.49746 	-0.161116 	-2.4151 	-0.00319908 	-0.171983 	0.000462628 	
1.8	3.4975 	-0.161706 	-2.41475 	-0.0032324 	-0.172016 	0.000451789 	
1.805	3.49744 	-0.162364 	-2.41485 	-0.00326133 	-0.172052 	0.000452919 	
1.81	3.49551 	-0.156974 	-2.42223 	-0.00310924 	-0.172177 	0.000283589 	
1.815	3.495 	-0.156074 	-2.42509 	-0.0030958 	-0.172273 	0.000233662 	
1.82	3.49444 	-0.15573 	-2.42738 	-0.00309752 	-0.172363 	0.000201969 	
1.825	3.49851 	-0.158356 	-2.4199 	-0.00324903 	-0.172376 	0.000161388 	
1.83	3.49898 	-0.159315 	-2.41837 	-0.00329961 	-0.172398 	0.000151963 	
1.835	3.49916 	-0.16022 	-2.41754 	-0.00333967 	-0.172419 	0.000154818 	
1.84	3.49916 	-0.161074 	-2.41727 	-0.00337101 	-0.172443 	0.00016758 	
1.845	3.49723 	-0.155122 	-2.4233 	-0.00321101 	-0.172536 	-2.97625e-05 	
1.85	3.49663 	-0.154077 	-2.42561 	-0.00319429 	-0.172612 	-8.45805e-05 	
1.855	3.49602 	-0.153604 	-2.42753 	-0.00319244 	-0.172685 	-0.000119628 	
1.86	3.49945 	-0.156913 	-2.42121 	-0.00334515 	-0.172695 	-0.000112634 	
1.865	3.49978 	-0.158002 	-2.42007 	-0.00339157 	-0.172713 	-0.000105716 	
1.87	3.49984 	-0.158979 	-2.41956 	-0.00342668 	-0.172732 	-8.93238e-05 	
1.875	3.49974 	-0.159862 	-2.41957 	-0.0034527 	-0.172753 	-6.53907e-05 	
1.88	3.49839 	-0.153836 	-2.42356 	-0.00330347 	-0.172818 	-0.000283836 	
1.885	3.49782 	-0.152731 	-2.42528 	-0.00328597 	-0.172874 	-0.000341101 	
1.89	3.49723 	-0.15219 	-2.42683 	-0.00328218 	-0.172932 	-0.000377628 	
1.895	3.50004 	-0.155981 	-2.42178 	-0.00343089 	-0.172941 	-0.000329412 	
1.9	3.50025 	-0.157161 	-2.42105 	-0.00347253 	-0.172957 	-0.000307953 	
1.905	3.50021 	-0.158183 	-2.42089 	-0.00350241 	-0.172973 	-0.000279563 	
1.91	3.50003 	-0.159079 	-2.42118 	-0.00352308 	-0.172993 	-0.000245763 	
1.915	3.49974 	-0.159874 	-2.42182 	-0.00353656 	-0.173015 	-0.000207799 	
1.92	3.49961 	-0.152207 	-2.42357 	-0.00337 	-0.173055 	-0.00052219 	
1.925	3.4992 	-0.15056 	-2.4247 	-0.00334472 	-0.173095 	-0.000607893 	
1.93	3.49867 	-0.149611 	-2.42582 	-0.00333576 	-0.173138 	-0.00066673 	
1.935	3.50079 	-0.155971 	-2.42212 	-0.00352624 	-0.173142 	-0.000494666 	
1.94	3.50086 	-0.157732 	-2.42184 	-0.00357182 	-0.173153 	-0.000435968 	
1.945	3.50071 	-0.15914 	-2.42204 	-0.00360103 	-0.173166 	-0.000376969 	
1.95	3.50042 	-0.160278 	-2.42264 	-0.00361796 	-0.173181 	-0.000318087 	
1.955	3.50083 	-0.152474 	-2.42305 	-0.00345438 	-0.173205 	-0.000645425 	
1.96	3.50048 	-0.150843 	-2.42373 	-0.00342813 	-0.173231 	-0.00072725 	
1.965	3.49996 	-0.149875 	-2.42454 	-0.00341668 	-0.173261 	-0.000782724 	
1.97	3.50146 	-0.156226 	-2.42194 	-0.00359266 	-0.173262 	-0.000588319 	
1.975	3.50135 	-0.157949 	-2.42198 	-0.00363097 	-0.173269 	-0.000520424 	
1.98	3.50106 	-0.15931 	-2.42246 	-0.00365356 	-0.173278 	-0.000453905 	
1.985	3.50063 	-0.160396 	-2.42327 	-0.00366452 	-0.17329 	-0.000388886 	
1.99	3.50192 	-0.153271 	-2.42203 	-0.00352712 	-0.173301 	-0.000705267 	
1.995	3.50169 	-0.151769 	-2.42225 	-0.00350298 	-0.173314 	-0.000780011 	
2	3.50122 	-0.150862 	-2.42273 	-0.00349103 	-0.17333 	-0.000829593 	
2.005	3.50061 	-0.1504 	-2.42346 	-0.00348725 	-0.173349 	-0.000858937 	
2.01	3.50249 	-0.158417 	-2.42093 	-0.00369862 	-0.173338 	-0.000598996 	
2.015	3.50247 	-0.16072 	-2.42107 	-0.00374269 	-0.173332 	-0.000497321 	
2.02	3.5022 	-0.162448 	-2.42163 	-0.00376505 	-0.173331 	-0.000402702 	
2.025	3.50211 	-0.154845 	-2.42237 	-0.0035985 	-0.173345 	-0.000705704 	
2.03	3.50159 	-0.153362 	-2.42321 	-0.00356618 	-0.173362 	-0.000764306 	
2.035	3.50098 	-0.15244 	-2.42422 	-0.00354612 	-0.173383 	-0.000800627 	
2.04	3.50032 	-0.15194 	-2.42539 	-0.00353464 	-0.173408 	-0.000819221 	
2.045	3.502 	-0.158682 	-2.42301 	-0.00372462 	-0.173404 	-0.000615444 	
2.05	3.50197 	-0.160567 	-2.42334 	-0.00376016 	-0.173407 	-0.000529405 	
2.055	3.50177 	-0.161979 	-2.42408 	-0.00377646 	-0.173414 	-0.000447408 	
2.06	3.50107 	-0.155345 	-2.42627 	-0.00361975 	-0.173445 	-0.000692358 	
2.065	3.50054 	-0.154029 	-2.42773 	-0.00358572 	-0.173477 	-0.000734754 	
2.07	3.49999 	-0.153213 	-2.42924 	-0.00356299 	-0.173513 	-0.000757944 	
2.075	3.49945 	-0.152777 	-2.43079 	-0.00354837 	-0.173552 	-0.000765983 	
2.08	3.49894 	-0.152626 	-2.4324 	-0.00353946 	-0.173595 	-0.000762085 	
2.085	3.50122 	-0.15913 	-2.42942 	-0.0037539 	-0.173603 	-0.000608386 	
2.09	3.50149 	-0.160989 	-2.42966 	-0.00379464 	-0.173617 	-0.000529995 	
2.095	3.50157 	-0.162346 	-2.43035 	-0.00381289 	-0.173634 	-0.000453317 	
2.1	3.50006 	-0.155119 	-2.43525 	-0.003609 	-0.173699 	-0.00066963 	
2.105	3.49956 	-0.153627 	-2.43763 	-0.00356245 	-0.173756 	-0.000705099 	
2.11	3.4991 	-0.152691 	-2.4398 	-0.00353087 	-0.173816 	-0.00072313 	
2.115	3.49868 	-0.152176 	-2.44183 	-0.00351029 	-0.173876 	-0.000727483 	
2.12	3.50064 	-0.158353 	-2.43919 	-0.0037275 	-0.173896 	-0.00059789 	
2.125	3.50092 	-0.159983 	-2.43964 	-0.00376537 	-0.173925 	-0.000530266 	
2.13	3.50109 	-0.161173 	-2.44048 	-0.00378196 	-0.173956 	-0.000462214 	
2.135	3.49961 	-0.154823 	-2.44599 	-0.00359065 	-0.174042 	-0.000632506 	
2.14	3.49927 	-0.153531 	-2.44865 	-0.0035456 	-0.174116 	-0.000654791 	
2.145	3.49898 	-0.152734 	-2.45102 	-0.00351431 	-0.174189 	-0.000662332 	
2.15	3.49873 	-0.152314 	-2.45319 	-0.00349321 	-0.174262 	-0.000658362 	
2.155	3.49855 	-0.152176 	-2.45522 	-0.00347955 	-0.174336 	-0.000645383 	
2.16	3.50038 	-0.158121 	-2.45303 	-0.00372644 	-0.174373 	-0.000570449 	
2.165	3.5008 	-0.159726 	-2.45358 	-0.00377192 	-0.174416 	-0.000513155 	
2.17	3.50114 	-0.160856 	-2.4545 	-0.00379202 	-0.174461 	-0.000452273 	
2.175	3.49955 	-0.153986 	-2.46153 	-0.00354692 	-0.17458 	-0.000580793 	
2.18	3.49936 	-0.152564 	-2.46472 	-0.00348903 	-0.174675 	-0.000593304 	
2.185	3.4992 	-0.151692 	-2.46745 	-0.00344935 	-0.174767 	-0.000594074 	
2.19	3.49909 	-0.151235 	-2.46985 	-0.00342321 	-0.174856 	-0.000585595 	
2.195	3.50049 	-0.156895 	-2.46843 	-0.00367506 	-0.174906 	-0.000535737 	
2.2	3.50086 	-0.158301 	-2.46928 	-0.00371814 	-0.174963 	-0.000488287 	
2.205	3.50121 	-0.159287 	-2.4704 	-0.00373687 	-0.175021 	-0.000435153 	
2.21	3.49987 	-0.153255 	-2.47725 	-0.00350764 	-0.175151 	-0.000526827 	
2.215	3.49982 	-0.152029 	-2.48044 	-0.00345253 	-0.175256 	-0.000528952 	
2.22	3.4998 	-0.151294 	-2.48315 	-0.00341423 	-0.175356 	-0.000521465 	
2.225	3.49983 	-0.150931 	-2.48553 	-0.00338847 	-0.175452 	-0.000506413 	
2.23	3.49992 	-0.150847 	-2.48768 	-0.00337189 	-0.175546 	-0.000485372 	
2.235	3.50072 	-0.156254 	-2.48788 	-0.00365858 	-0.175621 	-0.000497998 	
2.24	3.50109 	-0.157611 	-2.48914 	-0.00371071 	-0.175695 	-0.000464386 	
2.245	3.50148 	-0.158509 	-2.49051 	-0.0037334 	-0.175767 	-0.000420581 	
2.25	3.50044 	-0.152014 	-2.49729 	-0.00344216 	-0.175915 	-0.000456539 	
2.255	3.50052 	-0.150685 	-2.50053 	-0.00337277 	-0.176031 	-0.000445524 	
2.26	3.50063 	-0.149906 	-2.50326 	-0.00332555 	-0.17614 	-0.000429048 	
2.265	3.50079 	-0.149539 	-2.50563 	-0.00329478 	-0.176244 	-0.000408041 	
2.27	3.50119 	-0.154696 	-2.50695 	-0.00358828 	-0.176334 	-0.000446848 	
2.275	3.50151 	-0.15588 	-2.50858 	-0.00363814 	-0.17642 	-0.000422061 	
2.28	3.50187 	-0.156654 	-2.51018 	-0.00365951 	-0.176503 	-0.000385073 	
2.285	3.50111 	-0.150961 	-2.51619 	-0.00338812 	-0.17665 	-0.000393916 	
2.29	3.50127 	-0.14982 	-2.51921 	-0.00332268 	-0.176768 	-0.000375246 	
2.295	3.50147 	-0.149171 	-2.52176 	-0.00327767 	-0.176879 	-0.000352516 	
2.3	3.50171 	-0.148892 	-2.524 	-0.00324781 	-0.176984 	-0.000326377 	
2.305	3.50164 	-0.153159 	-2.52689 	-0.00351817 	-0.177093 	-0.000393852 	
2.31	3.50191 	-0.154111 	-2.52895 	-0.00356255 	-0.177192 	-0.000377436 	
2.315	3.50223 	-0.154717 	-2.53081 	-0.00358035 	-0.177286 	-0.000346963 	
2.32	3.5026 	-0.155083 	-2.53255 	-0.0035794 	-0.177377 	-0.000306648 	
2.325	3.50185 	-0.148439 	-2.53931 	-0.0032578 	-0.177549 	-0.000312298 	
2.33	3.50204 	-0.146974 	-2.54258 	-0.00317607 	-0.177681 	-0.000294446 	
2.335	3.50223 	-0.146144 	-2.54525 	-0.00312262 	-0.177803 	-0.000274117 	
2.34	3.50247 	-0.151202 	-2.54706 	-0.00341332 	-0.177903 	-0.000313866 	
2.345	3.50276 	-0.152245 	-2.54884 	-0.00345729 	-0.178 	-0.000291254 	
2.35	3.50311 	-0.152943 	-2.55048 	-0.00347602 	-0.178093 	-0.000256773 	
2.355	3.50352 	-0.153398 	-2.55205 	-0.00347688 	-0.178183 	-0.000214021 	
2.36	3.50243 	-0.147032 	-2.5599 	-0.00319368 	-0.178365 	-0.00025616 	
2.365	3.50255 	-0.145624 	-2.56341 	-0.00312136 	-0.178502 	-0.000247615 	
2.37	3.50268 	-0.144807 	-2.5662 	-0.00307334 	-0.178627 	-0.000233403 	
2.375	3.50283 	-0.144433 	-2.5685 	-0.00304324 	-0.178743 	-0.000214444 	
2.38	3.50325 	-0.150597 	-2.56975 	-0.00338846 	-0.178846 	-0.000247262 	
2.385	3.50359 	-0.152018 	-2.5712 	-0.00344951 	-0.178941 	-0.00021962 	
2.39	3.50397 	-0.152932 	-2.57259 	-0.00347671 	-0.17903 	-0.000179692 	
2.395	3.50299 	-0.146258 	-2.57931 	-0.00315609 	-0.179195 	-0.000193527 	
2.4	3.5031 	-0.144908 	-2.58239 	-0.00308049 	-0.179323 	-0.000176591 	
2.405	3.50324 	-0.144124 	-2.58488 	-0.00302922 	-0.179441 	-0.000155694 	
2.41	3.50342 	-0.143765 	-2.58697 	-0.00299595 	-0.179551 	-0.000131377 	
2.415	3.50333 	-0.148988 	-2.58956 	-0.00331532 	-0.179663 	-0.000192845 	
2.42	3.50356 	-0.150139 	-2.59136 	-0.0033688 	-0.179762 	-0.000173743 	
2.425	3.50383 	-0.150859 	-2.59295 	-0.00339094 	-0.179855 	-0.000140615 	
2.43	3.50319 	-0.145057 	-2.59808 	-0.00309493 	-0.180001 	-0.000129956 	
2.435	3.50331 	-0.14389 	-2.60067 	-0.00302328 	-0.180119 	-0.000106184 	
2.44	3.50347 	-0.143232 	-2.60282 	-0.00297406 	-0.180228 	-7.96022e-05 	
2.445	3.50368 	-0.142956 	-2.6047 	-0.00294146 	-0.180332 	-5.05337e-05 	
2.45	3.50321 	-0.147269 	-2.60833 	-0.00323464 	-0.180451 	-0.000138273 	
2.455	3.50334 	-0.148187 	-2.61039 	-0.00328203 	-0.180553 	-0.000127222 	
2.46	3.50351 	-0.148744 	-2.61214 	-0.00330036 	-0.180647 	-0.000100578 	
2.465	3.50374 	-0.149053 	-2.61369 	-0.00329826 	-0.180736 	-6.29865e-05 	
2.47	3.50319 	-0.142305 	-2.61858 	-0.00294869 	-0.180888 	-4.70964e-05 	
2.475	3.5033 	-0.140834 	-2.62107 	-0.00286019 	-0.181006 	-2.33726e-05 	
2.48	3.50342 	-0.140021 	-2.62315 	-0.00280264 	-0.181114 	1.34364e-06 	
2.485	3.50328 	-0.145142 	-2.62534 	-0.00311801 	-0.181212 	-5.96022e-05 	
2.49	3.50342 	-0.14617 	-2.62698 	-0.00316554 	-0.181303 	-4.24341e-05 	
2.495	3.50359 	-0.146839 	-2.62844 	-0.00318557 	-0.181387 	-1.20802e-05 	
2.5	3.50381 	-0.147256 	-2.6298 	-0.0031861 	-0.181469 	2.75627e-05 	
2.505	3.50298 	-0.14081 	-2.63496 	-0.00287878 	-0.181611 	3.85936e-06 	
2.51	3.50298 	-0.139415 	-2.63746 	-0.00280135 	-0.181723 	1.68093e-05 	
2.515	3.50299 	-0.138632 	-2.63952 	-0.0027506 	-0.181825 	3.41034e-05 	
2.52	3.50319 	-0.143473 	-2.6406 	-0.00302708 	-0.181908 	6.96523e-06 	
2.525	3.50332 	-0.144484 	-2.64188 	-0.00306806 	-0.181988 	3.09157e-05 	
2.53	3.5035 	-0.145169 	-2.64311 	-0.00308479 	-0.182064 	6.55154e-05 	
2.535	3.5037 	-0.145625 	-2.64433 	-0.0030843 	-0.182138 	0.000107628 	
2.54	3.50392 	-0.145925 	-2.64556 	-0.00307184 	-0.18221 	0.000154927 	
2.545	3.50266 	-0.138321 	-2.65187 	-0.00276295 	-0.182359 	5.03763e-05 	
2.55	3.5025 	-0.136555 	-2.65466 	-0.00268382 	-0.182471 	3.83709e-05 	
2.555	3.50233 	-0.135516 	-2.65689 	-0.00263344 	-0.182573 	3.61217e-05 	
2.56	3.5034 	-0.142113 	-2.65571 	-0.00294819 	-0.182631 	8.01374e-05 	
2.565	3.50363 	-0.143568 	-2.65634 	-0.00299863 	-0.182694 	0.000121479 	
2.57	3.50386 	-0.144578 	-2.65711 	-0.00302146 	-0.182755 	0.00016948 	
2.575	3.50407 	-0.145266 	-2.65803 	-0.00302454 	-0.182814 	0.000221978 	
2.58	3.50267 	-0.137399 	-2.6638 	-0.00272213 	-0.182942 	8.78368e-05 	
2.585	3.50241 	-0.135649 	-2.66631 	-0.00264853 	-0.18304 	6.86108e-05 	
2.59	3.50214 	-0.134601 	-2.66835 	-0.00260108 	-0.18313 	6.14195e-05 	
2.595	3.50342 	-0.140831 	-2.66666 	-0.00288008 	-0.183176 	0.000127497 	
2.6	3.50364 	-0.142221 	-2.6671 	-0.00292324 	-0.183228 	0.000172971 	
2.605	3.50381 	-0.143206 	-2.66775 	-0.00294197 	-0.183279 	0.000223484 	
2.61	3.50395 	-0.143898 	-2.66858 	-0.00294322 	-0.18333 	0.000277349 	
2.615	3.50275 	-0.138039 	-2.67059 	-0.00271682 	-0.183392 	0.000179815 	
2.62	3.50302 	-0.137573 	-2.67112 	-0.00267514 	-0.183447 	0.000205245 	
2.625	-1.78001 	2.66301 	9.57783 	-0.189994 	0.294366 	-0.0573442 	
2.63	-0.805226 	2.26023 	7.96488 	-0.171394 	0.22533 	-0.0368214 	
2.635	-0.82159 	2.29593 	8.3906 	-0.1832 	0.238966 	-0.0272527 	
2.64	-0.774089 	2.37589 	8.77783 	-0.193285 	0.249443 	-0.0211471 	
2.645	-1.08452 	2.07638 	9.43333 	-0.169387 	0.27633 	0.0113946 	
2.65	-1.19486 	2.05018 	9.90844 	-0.165594 	0.29261 	0.0141865 	
2.655	-1.26931 	1.86524 	10.2806 	-0.147829 	0.305754 	0.0146243 	
2.66	-0.838828 	1.59963 	11.3039 	-0.116513 	0.3257 	0.00669296 	
2.665	-0.915656 	1.53904 	11.1727 	-0.108936 	0.324301 	-0.00410482 	
2.67	-0.616889 	1.56934 	10.8918 	-0.118173 	0.31011 	0.00209463 	
2.675	-0.308953 	1.44729 	10.584 	-0.108519 	0.294206 	0.00195474 	
2.68	-0.432187 	1.14095 	10.7676 	-0.078098 	0.302537 	0.00426333 	
2.685	-0.517585 	1.00505 	10.9026 	-0.0630047 	0.30868 	-0.000700631 	
2.69	-0.584198 	0.880134 	11.0097 	-0.0495848 	0.313535 	-0.00363948 	
2.695	-0.644522 	0.779011 	11.1044 	-0.0386065 	0.317863 	-0.00614247 	
2.7	-0.702855 	0.703833 	11.1924 	-0.0301955 	0.321934 	-0.00826068 	
2.705	-0.759927 	0.651024 	11.2751 	-0.024065 	0.325809 	-0.00980109 	
2.71	-0.81289 	0.612913 	11.35 	-0.0196239 	0.329341 	-0.0103622 	
2.715	-0.860259 	0.584606 	11.4161 	-0.0165686 	0.332473 	-0.00954192 	
2.72	-0.904001 	0.564825 	11.4753 	-0.0146392 	0.33531 	-0.00786176 	
2.725	-0.942231 	0.548409 	11.526 	-0.0130854 	0.337742 	-0.00622801 	
2.73	-0.975573 	0.534717 	11.5691 	-0.0117961 	0.339818 	-0.00479965 	
2.735	-1.00508 	0.523874 	11.6061 	-0.0107885 	0.341607 	-0.00351049 	
2.74	-1.01884 	0.542658 	11.6235 	-0.0113324 	0.34235 	-0.00786866 	
2.745	-1.03655 	0.561578 	11.6444 	-0.012151 	0.343312 	-0.0108602 	
2.75	-1.05245 	0.58009 	11.6623 	-0.0130042 	0.344144 	-0.0135887 	
2.755	-1.06639 	0.596877 	11.6772 	-0.0137754 	0.34484 	-0.0160544 	
2.76	-1.07848 	0.611484 	11.6892 	-0.014419 	0.345409 	-0.0182806 	
2.765	-1.0882 	0.624511 	11.698 	-0.0149807 	0.345831 	-0.020336 	
2.77	-1.10903 	0.618688 	11.717 	-0.0140904 	0.346769 	-0.0203886 	
2.775	-1.12556 	0.61723 	11.7313 	-0.0135829 	0.347482 	-0.020774 	
2.78	-1.14099 	0.616706 	11.7441 	-0.0131947 	0.34813 	-0.0211123 	
2.785	-1.1555 	0.616967 	11.7556 	-0.012905 	0.348723 	-0.0214124 	
2.79	-1.16913 	0.617905 	11.7661 	-0.0127034 	0.349265 	-0.0216765 	
2.795	-1.18195 	0.619365 	11.7755 	-0.0125732 	0.349761 	-0.021908 	
2.8	-1.19399 	0.621227 	11.7839 	-0.0125028 	0.350213 	-0.0221082 	
2.805	-1.2053 	0.623365 	11.7914 	-0.0124789 	0.350623 	-0.0222793 	
2.81	-1.21592 	0.625652 	11.7982 	-0.0124867 	0.350996 	-0.0224244 	
2.815	-1.22585 	0.628057 	11.804 	-0.0125253 	0.351331 	-0.0225429 	
2.82	-1.2352 	0.630492 	11.8092 	-0.0125833 	0.351635 	-0.0226381 	
2.825	-1.24395 	0.632973 	11.8137 	-0.0126647 	0.351905 	-0.022709 	
2.83	-0.925769 	0.146557 	11.3946 	0.0382568 	0.330928 	-0.0239388 	
2.835	-0.674383 	-0.143633 	11.0892 	0.0657105 	0.315589 	-0.0221288 	
2.84	-0.888175 	0.570704 	11.8201 	-0.0134862 	0.34354 	-0.00926361 	
2.845	-0.780658 	0.864018 	11.5179 	-0.0456553 	0.332528 	-0.00506256 	
2.85	-0.72837 	0.748076 	11.4252 	-0.0310689 	0.328047 	-0.00724879 	
2.855	-0.628017 	0.200694 	11.186 	0.0314494 	0.317275 	-0.0161617 	
2.86	-0.544204 	-0.211099 	11.0222 	0.0721556 	0.310005 	-0.0186173 	
2.865	-0.461982 	-0.580895 	10.8766 	0.106111 	0.30336 	-0.0193878 	
2.87	-0.397758 	-0.889297 	10.7539 	0.135295 	0.297789 	-0.020529 	
2.875	-0.863779 	0.0965458 	12.2523 	0.0286792 	0.35353 	-0.00410254 	
2.88	-0.715653 	0.420364 	11.7273 	-0.00673441 	0.334851 	-0.00064617 	
2.885	-0.676862 	0.763634 	11.576 	-0.0424908 	0.329647 	0.00273512 	
2.89	-0.444338 	0.715927 	10.6703 	-0.0623803 	0.299953 	0.0163582 	
2.895	-0.43567 	0.142812 	10.7141 	0.0108688 	0.299108 	0.00238642 	
2.9	-0.391874 	-0.256778 	10.6233 	0.054441 	0.294818 	-0.00280515 	
2.905	-0.166502 	-0.309889 	10.3865 	0.0612331 	0.282023 	-0.00542934 	
2.91	0.140718 	-0.241805 	10.0481 	0.0508083 	0.264682 	-0.00445461 	
2.915	-1.41897 	0.262789 	11.6126 	0.018419 	0.338549 	-0.0094837 	
2.92	-1.27693 	0.411441 	11.4681 	-0.00349973 	0.328149 	0.00732556 	
2.925	-1.37318 	0.541704 	11.553 	-0.0183288 	0.329129 	0.0158166 	
2.93	-1.42553 	0.874986 	11.6557 	-0.051294 	0.339455 	0.0189922 	
2.935	-1.45126 	1.08503 	11.7085 	-0.0725242 	0.344663 	0.0227238 	
2.94	-1.47634 	0.895998 	11.682 	-0.0527195 	0.336649 	0.0184811 	
2.945	-1.49863 	0.811454 	11.6743 	-0.0436675 	0.332345 	0.016125 	
2.95	-1.51823 	0.741301 	11.6675 	-0.0361266 	0.328675 	0.0140459 	
2.955	-1.53562 	0.683396 	11.6617 	-0.0298894 	0.325556 	0.0122673 	
2.96	-1.53441 	1.02003 	11.7146 	-0.063993 	0.334907 	0.0172658 	
2.965	-1.60381 	1.17981 	11.8139 	-0.0794396 	0.343048 	0.0187279 	
2.97	-1.53584 	1.06682 	11.7687 	-0.0668562 	0.34196 	0.0125808 	
2.975	-1.49936 	1.01886 	11.7509 	-0.0610916 	0.342419 	0.00875784 	
2.98	-1.43241 	0.986548 	11.7008 	-0.057403 	0.341487 	0.00632995 	
2.985	-1.87398 	0.802821 	12.1512 	-0.0338386 	0.361258 	-0.00457541 	
2.99	-1.69991 	0.82329 	11.9871 	-0.0367756 	0.355055 	-0.00388624 	
2.995	-1.64037 	0.806357 	11.934 	-0.0349463 	0.353379 	-0.00500006 	
3	-1.58995 	0.790531 	11.8884 	-0.0332746 	0.351934 	-0.00580131 	
3.005	-1.86022 	0.506312 	12.1381 	-0.00138094 	0.359048 	-0.00685492 	
3.01	-1.74889 	0.575939 	12.0141 	-0.00991515 	0.353418 	-0.00536274 	
3.015	-1.73862 	0.59375 	11.9836 	-0.0132551 	0.351135 	0.000158372 	
3.02	-1.74084 	0.615568 	11.9652 	-0.0171106 	0.349432 	0.00657087 	
3.025	-1.7459 	0.636777 	11.9505 	-0.020717 	0.347954 	0.0123685 	
3.03	-1.74546 	0.652366 	11.9338 	-0.0233479 	0.346564 	0.0164461 	
3.035	-1.6988 	0.677654 	11.8968 	-0.0243356 	0.345916 	0.00978231 	
3.04	-1.58773 	0.852574 	11.7876 	-0.0424841 	0.342894 	0.00606651 	
3.045	-1.59364 	0.896975 	11.7871 	-0.0448001 	0.342449 	-0.000312902 	
3.05	-1.62911 	0.677741 	11.7717 	-0.0181647 	0.338576 	-0.0145231 	
3.055	-1.65212 	0.753473 	11.749 	-0.0265197 	0.333148 	-0.012507 	
3.06	-1.63171 	0.746203 	11.7311 	-0.0257265 	0.332965 	-0.0132363 	
3.065	-1.56488 	0.676667 	11.6688 	-0.0211912 	0.329567 	-0.00396665 	
3.07	-1.5704 	0.690196 	11.6719 	-0.0223103 	0.330098 	-0.00542714 	
3.075	-1.57174 	0.728659 	11.6766 	-0.0271741 	0.330803 	-0.00290825 	
3.08	-1.54429 	0.384801 	11.5878 	0.0083123 	0.323895 	-0.00928789 	
3.085	-1.56789 	0.32968 	11.5529 	0.0130065 	0.317253 	-0.00714993 	
3.09	-1.60001 	0.389624 	11.5639 	0.00709985 	0.315889 	-0.0073153 	
3.095	-1.63062 	0.497034 	11.5733 	-0.00294396 	0.31459 	-0.00946519 	
3.1	-1.66779 	0.575392 	11.5943 	-0.0119028 	0.314693 	-0.00440902 	
3.105	-1.67566 	0.488543 	11.5878 	0.000629746 	0.314808 	-0.0176804 	
3.11	-1.72709 	0.699096 	11.6131 	-0.0214494 	0.313672 	-0.0127515 	
3.115	-1.73161 	0.749854 	11.609 	-0.0259127 	0.312846 	-0.0150242 	
3.12	-1.77804 	0.904807 	11.6304 	-0.041732 	0.312097 	-0.0123357 	
3.125	-1.7596 	0.858204 	11.6091 	-0.03636 	0.310931 	-0.0155928 	
3.13	-1.75487 	0.850506 	11.5973 	-0.0351434 	0.309999 	-0.0173873 	
3.135	-1.75111 	0.843331 	11.5864 	-0.0340449 	0.309156 	-0.0189085 	
3.14	-1.64713 	0.490612 	11.4381 	-0.000550379 	0.300604 	-0.0175402 	
3.145	-1.60853 	0.49423 	11.4434 	-0.0016483 	0.304715 	-0.013922 	
3.15	-1.64025 	0.526973 	11.4776 	-0.00526429 	0.306868 	-0.0124609 	
3.155	-1.65103 	0.533773 	11.497 	-0.00614382 	0.309011 	-0.0116795 	
3.16	-1.65829 	0.540681 	11.5107 	-0.00719047 	0.31065 	-0.0103808 	
3.165	-1.63702 	0.510142 	11.5159 	-0.00452767 	0.313725 	-0.00942471 	
3.17	-1.70199 	0.457987 	11.6183 	0.000598759 	0.314616 	-0.00768334 	
3.175	-1.66343 	0.502939 	11.5903 	-0.00387295 	0.317345 	-0.00806448 	
3.18	-1.69794 	0.596988 	11.581 	-0.0124033 	0.31413 	-0.0107716 	
3.185	-1.65993 	0.555403 	11.5645 	-0.00913926 	0.316299 	-0.00790853 	
3.19	-1.69707 	0.655239 	11.56 	-0.0180701 	0.313394 	-0.0112995 	
3.195	-1.70087 	0.619385 	11.5491 	-0.0148513 	0.312553 	-0.0101824 	
3.2	-1.67273 	0.646479 	11.5472 	-0.017976 	0.315721 	-0.00905632 	
3.205	-1.68248 	0.640471 	11.5553 	-0.0181044 	0.316669 	-0.00601157 	
3.21	-1.68842 	0.619458 	11.5503 	-0.016194 	0.316359 	-0.00541271 	
3.215	-1.73399 	0.796742 	11.5987 	-0.0359271 	0.32044 	0.00439345 	
3.22	-1.74022 	0.827861 	11.6079 	-0.0391531 	0.322031 	0.00571985 	
3.225	-1.71859 	0.752857 	11.5912 	-0.030921 	0.32218 	0.00172833 	
3.23	-1.70723 	0.712351 	11.5823 	-0.0264536 	0.322595 	-0.000380068 	
3.235	-1.69819 	0.678702 	11.5743 	-0.0227052 	0.322927 	-0.00216441 	
3.24	-1.66903 	0.564155 	11.5285 	-0.0109569 	0.320716 	-0.0050993 	
3.245	-1.673 	0.574611 	11.5382 	-0.0123079 	0.322022 	-0.00374675 	
3.25	-1.6722 	0.566644 	11.5386 	-0.0118547 	0.322693 	-0.00250404 	
3.255	-1.67168 	0.559212 	11.5379 	-0.0113603 	0.323194 	-0.00161455 	
3.26	-1.66874 	0.550549 	11.5366 	-0.0107176 	0.323829 	-0.000862049 	
3.265	-1.66656 	0.540248 	11.5345 	-0.0100516 	0.324303 	0.000411324 	
3.27	-1.66489 	0.530733 	11.5321 	-0.0094656 	0.324692 	0.00171076 	
3.275	-1.66385 	0.522406 	11.5296 	-0.0089466 	0.325011 	0.00286518 	
3.28	-1.66328 	0.515391 	11.5271 	-0.00847373 	0.325269 	0.00371463 	
3.285	-1.66318 	0.509442 	11.5245 	-0.00806405 	0.325483 	0.00441611 	
3.29	-1.66522 	0.504551 	11.5206 	-0.00739441 	0.325341 	0.00381962 	
3.295	-1.66697 	0.499818 	11.5173 	-0.00688826 	0.325288 	0.00376907 	
3.3	-1.66865 	0.4948 	11.5139 	-0.00638315 	0.325229 	0.00381394 	
3.305	-1.6725 	0.49714 	11.5114 	-0.0063085 	0.325085 	0.00281127 	
3.31	-1.67987 	0.528173 	11.5111 	-0.00738549 	0.324977 	-0.00451168 	
3.315	-1.69116 	0.525588 	11.5109 	-0.00753932 	0.324347 	-0.00286634 	
3.32	-1.5863 	0.188933 	11.3686 	0.0242081 	0.316771 	-0.00187452 	
3.325	-1.59379 	0.176874 	11.3486 	0.0272075 	0.314164 	-0.00887953 	
3.33	-1.51076 	-0.0835342 	11.242 	0.0509853 	0.309025 	-0.0055856 	
3.335	-1.59948 	0.0651636 	11.3002 	0.0366843 	0.308528 	-0.00480729 	
3.34	-1.64519 	0.131756 	11.3212 	0.0299418 	0.307299 	-0.00379022 	
3.345	-1.68159 	0.176092 	11.3361 	0.0253551 	0.306257 	-0.00267367 	
3.35	-1.73201 	0.217578 	11.3613 	0.0199062 	0.30567 	0.0031519 	
3.355	-1.77465 	0.244635 	11.3905 	0.0153724 	0.306507 	0.0110357 	
3.36	-1.62819 	-0.0491552 	11.2369 	0.0442437 	0.300728 	0.00600503 	
3.365	-2.14929 	0.488269 	12.0216 	0.00105065 	0.336068 	-0.0122138 	
3.37	-2.08707 	0.824666 	11.8831 	-0.0366122 	0.3331 	0.00262336 	
3.375	-2.00272 	0.704594 	11.8026 	-0.024452 	0.331846 	-0.000938964 	
3.38	-1.96236 	0.612835 	11.7526 	-0.0164248 	0.330761 	0.0013449 	
3.385	-1.92384 	0.598939 	11.7105 	-0.0151721 	0.330442 	0.000653465 	
3.39	-1.88349 	0.579758 	11.6739 	-0.0134539 	0.330843 	0.000212377 	
3.395	-1.88086 	0.631055 	11.6428 	-0.0181417 	0.32842 	-0.0020923 	
3.4	-1.85699 	0.595049 	11.6104 	-0.0147742 	0.327581 	-0.00195408 	
3.405	-1.84196 	0.578708 	11.5852 	-0.0133211 	0.326816 	-0.00173124 	
3.41	-1.81116 	0.558581 	11.556 	-0.0108981 	0.326787 	-0.00427165 	
3.415	-1.78968 	0.545914 	11.533 	-0.00928171 	0.326644 	-0.00603878 	
3.42	-1.77171 	0.534725 	11.5128 	-0.00787643 	0.326491 	-0.00750644 	
3.425	-1.73701 	0.481127 	11.4709 	-0.00299709 	0.324889 	-0.00745918 	
3.43	-1.8183 	0.596904 	11.5327 	-0.014864 	0.327298 	-0.00207525 	
3.435	-1.8227 	0.653743 	11.5272 	-0.0211036 	0.327276 	0.000443674 	
3.44	-1.88742 	0.455261 	11.7266 	-0.00168506 	0.335169 	0.00388219 	
3.445	-1.83593 	0.473727 	11.6241 	-0.00296356 	0.331362 	-0.000446916 	
3.45	-1.81218 	0.463884 	11.5828 	-0.00161048 	0.329881 	-0.00282988 	
3.455	-1.79243 	0.455468 	11.5472 	-0.000444248 	0.3286 	-0.00483868 	
3.46	-1.77603 	0.44855 	11.5165 	0.00052682 	0.327484 	-0.00653755 	
3.465	-1.76002 	0.476685 	11.4915 	-0.00179448 	0.326915 	-0.00873552 	
3.47	-1.74712 	0.49465 	11.4693 	-0.00319797 	0.326323 	-0.0104832 	
3.475	-1.73632 	0.51055 	11.4497 	-0.0044374 	0.325786 	-0.0119908 	
3.48	-1.73586 	0.534613 	11.4403 	-0.00644966 	0.325632 	-0.0131857 	
3.485	-1.78162 	0.518777 	11.46 	-0.0075193 	0.325821 	-0.00203425 	
3.49	-1.72751 	0.354539 	11.3749 	0.0105384 	0.321088 	-0.0119428 	
3.495	-1.78212 	0.399893 	11.4152 	0.00336484 	0.322697 	7.61802e-05 	
3.5	-1.72892 	0.253616 	11.3359 	0.0197625 	0.318381 	-0.0101405 	
3.505	-1.78118 	0.564866 	11.3913 	-0.0109211 	0.32213 	-0.00736643 	
3.51	-1.84741 	0.584936 	11.4373 	-0.0162087 	0.323837 	0.00741376 	
3.515	-1.81403 	0.576637 	11.4281 	-0.0147285 	0.32555 	0.00435073 	
3.52	-1.80582 	0.579398 	11.4264 	-0.0150696 	0.32659 	0.00495036 	
3.525	-1.79768 	0.580703 	11.4237 	-0.0152301 	0.327503 	0.00535859 	
3.53	-1.79716 	0.582934 	11.4219 	-0.0153572 	0.327572 	0.00495229 	
3.535	-1.8007 	0.604715 	11.4295 	-0.0180092 	0.329529 	0.00777623 	
3.54	-1.7876 	0.589657 	11.4167 	-0.0163509 	0.329482 	0.00725497 	
3.545	-1.80635 	0.574228 	11.4042 	-0.0142414 	0.32621 	0.00460032 	
3.55	-1.81729 	0.562337 	11.3935 	-0.0126781 	0.32407 	0.00288064 	
3.555	-1.81704 	0.541841 	11.3865 	-0.0107206 	0.323651 	0.00288128 	
3.56	-1.81997 	0.528645 	11.3803 	-0.00935995 	0.323015 	0.00252616 	
3.565	-1.82651 	0.523891 	11.378 	-0.00900123 	0.322671 	0.00298035 	
3.57	-1.82156 	0.490039 	11.3633 	-0.00480969 	0.32231 	-0.000951844 	
3.575	-1.82887 	0.489829 	11.3604 	-0.0050324 	0.321514 	-4.89485e-05 	
3.58	-1.87453 	0.728153 	11.3906 	-0.0278068 	0.322615 	-0.000477291 	
3.585	-1.91795 	0.645125 	11.3554 	-0.0191855 	0.31412 	-0.0026941 	
3.59	-1.96724 	0.646791 	11.3537 	-0.0195515 	0.309975 	-0.00135874 	
3.595	-1.98316 	0.850391 	11.3852 	-0.0392069 	0.313959 	-0.000889363 	
3.6	-2.01486 	0.938622 	11.4153 	-0.0490263 	0.316407 	0.00527918 	
3.605	-2.01267 	0.884644 	11.398 	-0.0439093 	0.314433 	0.0057078 	
3.61	-2.02723 	0.873389 	11.3864 	-0.0418677 	0.311888 	0.00238232 	
3.615	-2.0483 	0.869215 	11.3824 	-0.0417194 	0.309861 	0.00376739 	
3.62	-2.02774 	0.846415 	11.3747 	-0.0400222 	0.311104 	0.00571535 	
3.625	-1.88821 	0.693016 	11.2629 	-0.0240302 	0.309295 	0.00155671 	
3.63	-1.92221 	0.687205 	11.2868 	-0.0235508 	0.309761 	0.00154033 	
3.635	-1.9876 	0.797682 	11.3467 	-0.0368868 	0.313756 	0.0133515 	
3.64	-1.94886 	0.828401 	11.357 	-0.0410801 	0.319406 	0.0168228 	
3.645	-1.92477 	0.803515 	11.3389 	-0.0354725 	0.319202 	0.00402691 	
3.65	-1.90632 	0.793702 	11.3293 	-0.0326471 	0.319869 	-0.00356732 	
3.655	-1.85619 	0.751895 	11.3284 	-0.0291287 	0.324552 	-0.00175516 	
3.66	-1.81729 	0.708683 	11.3178 	-0.0247002 	0.327037 	-0.00248343 	
3.665	-1.78021 	0.677939 	11.3112 	-0.0215953 	0.329929 	-0.00291004 	
3.67	-1.77358 	0.652239 	11.2932 	-0.0186917 	0.328548 	-0.00420799 	
3.675	-1.76554 	0.618874 	11.28 	-0.0146452 	0.327803 	-0.00807348 	
3.68	-1.75902 	0.591812 	11.2686 	-0.011553 	0.327228 	-0.0103382 	
3.685	-1.73017 	0.570322 	11.2686 	-0.00979373 	0.330146 	-0.00955887 	
3.69	-1.73463 	0.55052 	11.2564 	-0.00735865 	0.328546 	-0.0118982 	
3.695	-1.74956 	0.536067 	11.2525 	-0.00676183 	0.327167 	-0.00878056 	
3.7	-1.75971 	0.523199 	11.2476 	-0.00597384 	0.326081 	-0.00704212 	
3.705	-1.76188 	0.511742 	11.2432 	-0.00525727 	0.325824 	-0.00577529 	
3.71	-1.75623 	0.506011 	11.2344 	-0.00369841 	0.325594 	-0.00996587 	
3.715	-1.75428 	0.493924 	11.2301 	-0.00276483 	0.325636 	-0.00921772 	
3.72	-1.75361 	0.485992 	11.2287 	-0.00257031 	0.326026 	-0.00682209 	
3.725	-1.73398 	0.482064 	11.2294 	-0.00215118 	0.328356 	-0.00723583 	
3.73	-1.72138 	0.478131 	11.2289 	-0.00181733 	0.329916 	-0.00719722 	
3.735	3.95126 	-0.346026 	11.5887 	0.0699096 	0.90093 	-0.0261019 	
3.74	1.86944 	0.208528 	11.5376 	0.0174841 	0.704618 	-0.0112066 	
3.745	1.35188 	0.192872 	11.4808 	0.0194211 	0.648858 	-0.00831298 	
3.75	0.787617 	0.420077 	11.4892 	-0.0024923 	0.599455 	-0.0027504 	
3.755	0.326832 	0.575808 	11.4864 	-0.0174456 	0.55761 	0.00176951 	
3.76	-0.0561794 	0.75194 	11.4743 	-0.033033 	0.521317 	4.18157e-05 	
3.765	-0.331315 	0.507482 	11.432 	-0.00579611 	0.490506 	-0.00782798 	
3.77	-0.574062 	0.507504 	11.3952 	-0.00616718 	0.463155 	-0.00573204 	
3.775	-0.747519 	0.509238 	11.3707 	-0.00628546 	0.443883 	-0.00424235 	
3.78	-0.951233 	0.608586 	11.3957 	-0.0171043 	0.4301 	0.00241051 	
3.785	-1.07947 	0.600767 	11.3792 	-0.0159951 	0.416445 	0.00240106 	
3.79	-1.18007 	0.576103 	11.3453 	-0.0136605 	0.403773 	0.00443288 	
3.795	-1.27176 	0.565129 	11.3233 	-0.0126455 	0.393333 	0.00604073 	
3.8	-1.37454 	0.544916 	11.3006 	-0.00995065 	0.379998 	0.00250364 	
3.805	-1.4712 	0.551149 	11.2922 	-0.0104977 	0.370222 	0.00256989 	
3.81	-1.57208 	0.57486 	11.2809 	-0.0126423 	0.359846 	0.00248233 	
3.815	-1.64392 	0.547694 	11.2712 	-0.010445 	0.352357 	0.0044252 	
3.82	-1.68263 	0.53827 	11.2634 	-0.00921683 	0.347848 	0.00317053 	
3.825	-1.7217 	0.531221 	11.2563 	-0.00841187 	0.343562 	0.00266299 	
3.83	-1.75553 	0.524959 	11.2497 	-0.00770016 	0.33988 	0.00221637 	
3.835	-1.83945 	0.657577 	11.2911 	-0.0220683 	0.340652 	0.0105417 	
3.84	-1.95036 	0.665146 	11.3416 	-0.0266432 	0.339317 	0.0277709 	
3.845	-1.9947 	0.798924 	11.3468 	-0.0385674 	0.336607 	0.0247615 	
3.85	-2.00211 	0.76465 	11.3307 	-0.0349379 	0.334001 	0.0232923 	
3.855	-2.05259 	0.857581 	11.3395 	-0.0436713 	0.331428 	0.0233584 	
3.86	-2.08591 	0.88826 	11.3339 	-0.0462638 	0.328166 	0.0224281 	
3.865	-2.05155 	0.806785 	11.3014 	-0.0373439 	0.326347 	0.0171405 	
3.87	-2.04148 	0.758885 	11.2842 	-0.0321857 	0.324935 	0.0145309 	
3.875	-2.14885 	1.11407 	11.3492 	-0.068519 	0.329472 	0.0270395 	
3.88	-2.12016 	0.932053 	11.2951 	-0.0496322 	0.323112 	0.0195952 	
3.885	-2.11708 	0.859322 	11.2692 	-0.0420957 	0.31965 	0.0165953 	
3.89	-2.09228 	0.74236 	11.2361 	-0.030156 	0.317083 	0.0130668 	
3.895	-2.07838 	0.664157 	11.2108 	-0.0221566 	0.314793 	0.0104983 	
3.9	-2.08587 	0.637648 	11.1956 	-0.0193264 	0.312209 	0.00890765 	
3.905	-2.08852 	0.606028 	11.1804 	-0.0160257 	0.310102 	0.007418 	
3.91	-2.06418 	0.594752 	11.1804 	-0.0147116 	0.312549 	0.00637053 	
3.915	-2.04869 	0.581954 	11.1768 	-0.0132492 	0.313746 	0.00533586 	
3.92	-1.9151 	0.658815 	11.1963 	-0.0213826 	0.330122 	0.00746622 	
3.925	-1.57748 	0.568536 	11.2134 	-0.0132488 	0.362493 	0.00628454 	
3.93	-1.33868 	0.518727 	11.2268 	-0.0088986 	0.385884 	0.00570466 	
3.935	-1.13621 	0.475983 	11.2379 	-0.0051248 	0.405731 	0.00508443 	
3.94	-0.96374 	0.439514 	11.2472 	-0.00189605 	0.422667 	0.00454292 	
3.945	-0.816875 	0.408432 	11.2551 	0.000863061 	0.437117 	0.00407463 	
3.95	-0.691265 	0.382109 	11.2619 	0.0031864 	0.449513 	0.00374031 	
3.955	-0.957749 	0.457586 	11.2401 	-0.00345837 	0.424115 	0.00404496 	
3.96	-1.15188 	0.47453 	11.2187 	-0.00448064 	0.403922 	0.00362956 	
3.965	-1.30703 	0.484692 	11.1988 	-0.00493342 	0.387621 	0.00312847 	
3.97	-1.44015 	0.494484 	11.1812 	-0.005417 	0.373683 	0.00271901 	
3.975	-1.14727 	0.443639 	11.2033 	-0.00107993 	0.403165 	0.00225399 	
3.98	-0.981833 	0.409548 	11.2124 	0.00199258 	0.419602 	0.00151381 	
3.985	-1.37076 	0.882661 	11.348 	-0.0438292 	0.405679 	0.0113826 	
3.99	-1.42909 	0.73126 	11.2822 	-0.028543 	0.391093 	0.00735609 	
3.995	-1.56111 	0.872977 	11.2716 	-0.0436468 	0.378911 	0.0141868 	
4	-1.61602 	0.778224 	11.2442 	-0.0335092 	0.370166 	0.0101942 	
4.005	-1.67933 	0.739736 	11.2254 	-0.0293922 	0.362236 	0.00885168 	
4.01	-1.23205 	0.742681 	11.3111 	-0.0348653 	0.415064 	0.0261377 	
4.015	-1.44527 	0.694767 	11.2568 	-0.0278769 	0.388458 	0.017958 	
4.02	-1.52912 	0.662379 	11.2311 	-0.0238591 	0.37762 	0.0147967 	
4.025	-1.24032 	0.541245 	11.1932 	-0.00942363 	0.397542 	-0.000311003 	
4.03	-1.43276 	0.552903 	11.1787 	-0.0105555 	0.37894 	0.00170274 	
4.035	-0.819892 	0.433048 	11.2181 	0.000504894 	0.439934 	-0.00234407 	
4.04	-1.13917 	0.462227 	11.1856 	-0.00167054 	0.407163 	-0.00187017 	
4.045	-1.27294 	0.465923 	11.1684 	-0.00164356 	0.393225 	-0.00212617 	
4.05	-1.29018 	0.451671 	11.1545 	9.98776e-05 	0.389997 	-0.00361948 	
4.055	-1.3246 	0.442882 	11.1419 	0.0012535 	0.385488 	-0.00463956 	
4.06	-1.42022 	0.452463 	11.1258 	0.000697717 	0.37513 	-0.00520299 	
4.065	-1.46771 	0.454743 	11.1144 	0.000736469 	0.369749 	-0.00577374 	
4.07	-1.2733 	0.405031 	11.1204 	0.00556849 	0.388308 	-0.00808857 	
4.075	-1.16756 	0.379472 	11.1245 	0.00788564 	0.398688 	-0.00860127 	
4.08	-1.07828 	0.357693 	11.1275 	0.00988441 	0.407518 	-0.00914157 	
4.085	-1.27827 	0.536928 	11.13 	-0.00760174 	0.392288 	-0.00502927 	
4.09	-1.33346 	0.490595 	11.1119 	-0.00275533 	0.384624 	-0.00654092 	
4.095	-1.39282 	0.482779 	11.0998 	-0.00178119 	0.377914 	-0.00701785 	
4.1	-1.44355 	0.475993 	11.0889 	-0.0009376 	0.372184 	-0.00743216 	
4.105	-1.48695 	0.470101 	11.0791 	-0.000208156 	0.367294 	-0.00778826 	
4.11	-1.52407 	0.464968 	11.0702 	0.0004243 	0.363122 	-0.00809545 	
4.115	-1.21223 	0.414662 	11.0984 	0.00441172 	0.395264 	-0.0077445 	
4.12	-1.01807 	0.377735 	11.1145 	0.00752489 	0.415236 	-0.00791759 	
4.125	-0.852158 	0.347242 	11.1285 	0.0100544 	0.432377 	-0.00793956 	
4.13	-1.06246 	0.378157 	11.1042 	0.00762851 	0.410675 	-0.00809928 	
4.135	-1.17262 	0.393342 	11.09 	0.00646679 	0.399322 	-0.00821106 	
4.14	-1.26701 	0.406251 	11.0773 	0.00548282 	0.389598 	-0.00831133 	
4.145	-1.34809 	0.417419 	11.0659 	0.00463012 	0.381265 	-0.00839542 	
4.15	-1.40492 	0.418042 	11.0556 	0.0047553 	0.375176 	-0.00866596 	
4.155	-1.46966 	0.429282 	11.0462 	0.00383928 	0.368627 	-0.00866617 	
4.16	-1.01372 	0.364689 	11.0932 	0.00873267 	0.416161 	-0.00777966 	
4.165	-0.73147 	0.327071 	11.123 	0.0114301 	0.445774 	-0.00681989 	
4.17	-0.992903 	0.363585 	11.0918 	0.00869175 	0.418663 	-0.00739204 	
4.175	-1.12337 	0.376836 	11.0768 	0.00713705 	0.405491 	-0.00504701 	
4.18	-1.23372 	0.389125 	11.0633 	0.0058524 	0.3943 	-0.00360883 	
4.185	-1.32824 	0.399629 	11.0511 	0.00476057 	0.384718 	-0.00241705 	
4.19	-1.33888 	0.391515 	11.0409 	0.00503316 	0.382678 	-0.000731871 	
4.195	-1.34817 	0.378422 	11.0255 	0.00547487 	0.379849 	0.00201333 	
4.2	-1.20864 	0.0863607 	10.8321 	0.0432745 	0.370421 	-0.0410381 	
4.205	0.880667 	-0.111291 	11.1313 	0.0554092 	0.596176 	-0.0323282 	
4.21	0.0158368 	0.0408471 	11.0605 	0.0405722 	0.50989 	-0.0219814 	
4.215	-0.270684 	0.0580117 	11.0373 	0.0363351 	0.481546 	-0.00971171 	
4.22	-0.506559 	0.104869 	11.0242 	0.0319223 	0.458748 	-0.00733658 	
4.225	-0.684334 	0.154687 	11.0168 	0.0275526 	0.442077 	-0.00703052 	
4.23	-0.841153 	0.194174 	11.0088 	0.0239618 	0.427211 	-0.00610638 	
4.235	-0.974244 	0.227244 	11.0012 	0.0209539 	0.414559 	-0.00528285 	
4.24	0.552584 	0.0242943 	11.1712 	0.0379671 	0.573615 	-0.00989514 	
4.245	-0.141246 	0.125443 	11.0995 	0.0291723 	0.50231 	-0.00695977 	
4.25	-0.433311 	0.177826 	11.082 	0.0247831 	0.47439 	-0.00637531 	
4.255	-0.68444 	0.228219 	11.0672 	0.020348 	0.450608 	-0.00523586 	
4.26	-0.924817 	0.321765 	11.0732 	0.0111839 	0.43167 	-0.00102065 	
4.265	-1.03548 	0.335711 	11.0534 	0.00999175 	0.419151 	-3.08096e-06 	
4.27	-1.15514 	0.363183 	11.0457 	0.00761789 	0.407935 	0.000755045 	
4.275	-1.24386 	0.374139 	11.0349 	0.00679495 	0.39954 	0.00190555 	
4.28	-1.32245 	0.385779 	11.0259 	0.00582982 	0.392119 	0.00285514 	
4.285	-1.44139 	0.411683 	11.0042 	0.00401527 	0.378555 	0.000347854 	
4.29	-1.53286 	0.429981 	10.9877 	0.00272959 	0.368395 	-0.00111171 	
4.295	-1.62071 	0.433519 	10.9812 	0.00249646 	0.360146 	-0.00096164 	
4.3	-1.74597 	0.659884 	10.9855 	-0.0189875 	0.352296 	0.00110739 	
4.305	-1.79359 	0.590685 	10.9715 	-0.0121706 	0.345798 	-0.000103607 	
4.31	-1.84037 	0.571362 	10.9641 	-0.0102461 	0.340914 	-0.000355776 	
4.315	-1.88217 	0.556066 	10.9568 	-0.00870525 	0.33652 	-0.000612615 	
4.32	-1.91778 	0.542609 	10.9498 	-0.00735209 	0.33277 	-0.000840768 	
4.325	-1.94822 	0.530746 	10.9431 	-0.00616117 	0.329553 	-0.00104533 	
4.33	-1.98393 	0.526594 	10.9361 	-0.00569117 	0.3259 	-0.00116449 	
4.335	-1.91758 	0.481764 	10.9257 	-0.00115042 	0.330147 	-0.00354245 	
4.34	-1.81691 	0.450481 	10.9294 	0.00166248 	0.33953 	-0.00531298 	
4.345	-1.72647 	0.42635 	10.9365 	0.0040508 	0.348508 	-0.00647967 	
4.35	-1.72295 	0.372081 	10.9193 	0.00781599 	0.346818 	-0.00175805 	
4.355	-1.62177 	0.363302 	10.9325 	0.00916649 	0.35766 	-0.00445535 	
4.36	-1.31194 	0.318214 	10.966 	0.0130968 	0.389896 	-0.00581769 	
4.365	-1.34573 	0.323419 	10.964 	0.0129064 	0.386746 	-0.0067961 	
4.37	-1.32178 	0.319735 	10.967 	0.0133884 	0.389484 	-0.00767149 	
4.375	-1.29949 	0.316188 	10.9694 	0.0138258 	0.392013 	-0.00839959 	
4.38	-1.34019 	0.352706 	10.979 	0.0123644 	0.388776 	-0.0155566 	
4.385	-1.41387 	0.360548 	10.9474 	0.0128358 	0.386352 	-0.0185613 	
4.39	-1.44077 	0.383356 	10.9493 	0.0119441 	0.384717 	-0.0229767 	
4.395	-1.44725 	0.363486 	10.9411 	0.0128893 	0.381908 	-0.019846 	
4.4	-1.12604 	0.321774 	10.9837 	0.0156638 	0.41602 	-0.0180876 	
4.405	-1.2675 	0.329951 	10.9734 	0.014593 	0.401853 	-0.0158783 	
4.41	-1.32036 	0.329432 	10.9712 	0.014266 	0.396756 	-0.0141382 	
4.415	-1.36448 	0.328687 	10.9687 	0.0140068 	0.392494 	-0.0126565 	
4.42	-1.42161 	0.330133 	10.9637 	0.0136161 	0.386811 	-0.0113585 	
4.425	-1.46607 	0.330703 	10.9592 	0.0133303 	0.382393 	-0.010256 	
4.43	-1.50326 	0.33086 	10.9549 	0.0131096 	0.378688 	-0.00931608 	
4.435	-1.53876 	0.33291 	10.9532 	0.0126727 	0.375682 	-0.00818384 	
4.44	-1.57378 	0.331876 	10.9466 	0.0126497 	0.371912 	-0.00760088 	
4.445	-1.3058 	0.297452 	10.9663 	0.0147533 	0.398505 	-0.00622953 	
4.45	-1.05949 	0.100473 	10.843 	0.032662 	0.40657 	-0.00957899 	
4.455	-1.31613 	0.184906 	10.8801 	0.0241637 	0.389176 	-0.00332526 	
4.46	-1.4116 	0.235251 	10.8775 	0.0198484 	0.380656 	-0.00376202 	
4.465	-1.51932 	0.27435 	10.8701 	0.0161645 	0.370499 	-0.00260537 	
4.47	-1.55589 	0.32139 	10.8567 	0.0105605 	0.366209 	0.00186868 	
4.475	-1.59367 	0.34911 	10.8475 	0.0074575 	0.362095 	0.00392717 	
4.48	-1.68339 	0.370351 	10.8479 	0.00612408 	0.354614 	0.00253017 	
4.485	-1.65064 	0.469017 	10.7563 	-0.00328592 	0.344671 	-0.00300696 	
4.49	-1.73715 	0.452271 	10.7851 	-0.00120243 	0.34164 	-0.00177796 	
4.495	-2.07478 	0.425641 	11.0308 	0.00326678 	0.350371 	0.0121318 	
4.5	-2.02593 	0.453207 	10.9497 	0.000363938 	0.342814 	0.00738882 	
4.505	-2.04324 	0.4577 	10.9301 	4.86574e-05 	0.338743 	0.00613059 	
4.51	-1.97693 	0.4255 	10.919 	0.00311566 	0.342732 	0.00421383 	
4.515	-1.92526 	0.402356 	10.9051 	0.0051131 	0.345012 	0.00475225 	
4.52	-1.89714 	0.38658 	10.8972 	0.00668587 	0.346522 	0.00306304 	
4.525	-1.85373 	0.370132 	10.8884 	0.00818929 	0.349171 	0.00200972 	
4.53	-1.81755 	0.35628 	10.8808 	0.00945627 	0.351424 	0.00111052 	
4.535	-1.7934 	0.339044 	10.8755 	0.0111075 	0.352973 	0.000100283 	
4.54	-1.77241 	0.325743 	10.87 	0.0123667 	0.354284 	-0.00070479 	
4.545	1.60054 	-0.00289602 	11.4055 	0.0382853 	0.72132 	-0.00941054 	
4.55	0.227647 	0.0989577 	11.3899 	0.0280126 	0.605319 	0.0122257 	
4.555	-0.100037 	0.168918 	11.2668 	0.0228855 	0.558734 	0.00665739 	
4.56	-0.407566 	0.220108 	11.1964 	0.0188178 	0.52233 	0.00551576 	
4.565	-0.661198 	0.266317 	11.142 	0.0150172 	0.493085 	0.00506752 	
4.57	-0.75236 	0.228253 	11.0249 	0.014614 	0.468 	0.0177245 	
4.575	-0.951246 	0.276061 	10.9999 	0.0116824 	0.447742 	0.0134673 	
4.58	-1.16325 	0.174098 	11.0033 	0.0157814 	0.43169 	0.0367044 	
4.585	-1.23931 	0.229693 	10.9604 	0.0131185 	0.418666 	0.0266989 	
4.59	-1.32319 	0.253956 	10.9308 	0.0118114 	0.40733 	0.0231108 	
4.595	-1.39468 	0.274122 	10.9047 	0.0107335 	0.397619 	0.0200675 	
4.6	-1.37406 	0.262563 	10.8929 	0.0125196 	0.397659 	0.0164988 	
4.605	-1.36946 	0.257375 	10.8803 	0.0135569 	0.39633 	0.0137479 	
4.61	-1.3643 	0.25348 	10.8697 	0.014386 	0.395412 	0.0114076 	
4.615	-1.35802 	0.249111 	10.8599 	0.0151696 	0.394755 	0.00946233 	
4.62	-1.35172 	0.245085 	10.8511 	0.0158585 	0.39429 	0.0078144 	
4.625	-1.34562 	0.241145 	10.843 	0.0164836 	0.393945 	0.00642157 	
4.63	-1.40328 	0.247557 	10.8615 	0.0165714 	0.392462 	0.00532277 	
4.635	-1.5009 	0.604352 	10.8334 	-0.0153061 	0.384725 	0.00161123 	
4.64	-1.58275 	0.51731 	10.8139 	-0.00751887 	0.374204 	0.00312811 	
4.645	-1.63526 	0.501501 	10.7931 	-0.00630267 	0.366891 	0.00429317 	
4.65	-1.64113 	0.483938 	10.7799 	-0.00508 	0.364768 	0.00556721 	
4.655	-0.00451049 	0.237277 	11.0133 	0.0156739 	0.538372 	0.000126666 	
4.66	-0.669656 	0.333163 	10.9378 	0.0089118 	0.471426 	-0.00184034 	
4.665	-0.916191 	0.37417 	10.9037 	0.00531617 	0.445603 	-0.000445812 	
4.67	-1.12155 	0.406283 	10.8763 	0.00270784 	0.424388 	-3.11251e-05 	
4.675	-1.32243 	0.457602 	10.8712 	-0.0028647 	0.408176 	0.00574548 	
4.68	-1.47457 	0.487768 	10.8553 	-0.00562529 	0.393401 	0.00701178 	
4.685	-1.60738 	0.514935 	10.8421 	-0.00820005 	0.380838 	0.00855584 	
4.69	-1.59605 	0.480043 	10.8371 	-0.00433622 	0.381124 	0.00517654 	
4.695	-1.17254 	0.397012 	10.8907 	0.002879 	0.424979 	0.00304323 	
4.7	-0.879793 	0.334233 	10.9334 	0.00873005 	0.456422 	0.000173605 	
4.705	-1.05827 	0.336101 	10.9002 	0.00865587 	0.436165 	0.000858328 	
4.71	-0.894878 	0.300614 	10.9108 	0.0114868 	0.451512 	0.000642323 	
4.715	-1.05796 	0.301566 	10.8867 	0.011692 	0.433829 	0.00135453 	
4.72	-1.28036 	0.37139 	10.865 	0.0051468 	0.413093 	0.0042259 	
4.725	-1.28964 	0.340794 	10.8569 	0.00835249 	0.410893 	0.0025125 	
4.73	-1.31469 	0.330047 	10.8478 	0.00952105 	0.40763 	0.00169567 	
4.735	-1.33868 	0.320955 	10.8399 	0.0105271 	0.404653 	0.00104759 	
4.74	-1.35904 	0.313231 	10.8327 	0.0113838 	0.402145 	0.000498594 	
4.745	-1.37625 	0.306737 	10.8263 	0.012107 	0.40004 	3.3429e-05 	
4.75	-1.36066 	0.298474 	10.8278 	0.0128722 	0.401889 	-0.000201357 	
4.755	-1.35225 	0.291577 	10.8273 	0.0135335 	0.402882 	-0.000385214 	
4.76	-1.39203 	0.283635 	10.8065 	0.0144962 	0.396382 	-0.00120226 	
4.765	-1.40851 	0.288781 	10.8047 	0.013999 	0.395344 	-0.00122621 	
4.77	-1.42235 	0.2874 	10.8009 	0.0141602 	0.394089 	-0.00128711 	
4.775	-1.43294 	0.285859 	10.7975 	0.0143361 	0.393148 	-0.00134374 	
4.78	-1.46511 	0.300956 	10.8106 	0.012343 	0.393643 	0.0015294 	
4.785	-1.46915 	0.291129 	10.7985 	0.0135903 	0.391598 	0.000162928 	
4.79	-1.46779 	0.287442 	10.7936 	0.0139935 	0.391399 	-0.00019131 	
4.795	-1.46771 	0.284366 	10.7885 	0.0143434 	0.391075 	-0.00053017 	
4.8	-1.46734 	0.282302 	10.7837 	0.0145918 	0.390842 	-0.000832913 	
4.805	-1.4664 	0.280253 	10.7791 	0.014822 	0.390685 	-0.0010872 	
4.81	-1.46495 	0.278129 	10.7744 	0.0150406 	0.390586 	-0.00129245 	
4.815	-1.46349 	0.276325 	10.7701 	0.0152265 	0.390545 	-0.0014659 	
4.82	-1.46202 	0.274835 	10.7661 	0.0153776 	0.390543 	-0.00161093 	
4.825	-1.07226 	0.23004 	10.8191 	0.0188242 	0.431713 	-0.00236241 	
4.83	-1.20623 	0.242253 	10.7969 	0.0180099 	0.417543 	-0.00223556 	
4.835	-1.24341 	0.24645 	10.7882 	0.0177076 	0.413577 	-0.00227533 	
4.84	-1.27515 	0.250091 	10.7802 	0.0174394 	0.41019 	-0.00231092 	
4.845	-1.29027 	0.2465 	10.772 	0.0178997 	0.408016 	-0.00267738 	
4.85	-1.3052 	0.244913 	10.7649 	0.0181369 	0.406074 	-0.00292397 	
4.855	-1.31739 	0.243338 	10.7584 	0.0183556 	0.404477 	-0.00313243 	
4.86	-1.32721 	0.241903 	10.7525 	0.0185464 	0.403183 	-0.0033069 	
4.865	-1.33492 	0.240526 	10.7472 	0.0187185 	0.402152 	-0.00345113 	
4.87	-1.34074 	0.239225 	10.7423 	0.0188723 	0.401361 	-0.00357109 	
4.875	-1.34487 	0.237962 	10.7378 	0.0190128 	0.40078 	-0.00367333 	
4.88	-1.34749 	0.236734 	10.7337 	0.0191418 	0.400388 	-0.00376087 	
4.885	-1.34889 	0.235569 	10.7298 	0.019256 	0.400145 	-0.00382276 	
4.89	-1.34905 	0.234301 	10.7262 	0.0193735 	0.400054 	-0.00387859 	
4.895	-1.34822 	0.233106 	10.7229 	0.0194789 	0.400088 	-0.00392456 	
4.9	-1.43736 	0.134999 	10.6947 	0.0297971 	0.387932 	-0.00537298 	
4.905	-1.5066 	0.157262 	10.6652 	0.0273847 	0.378923 	-0.00490097 	
4.91	-1.56101 	0.158705 	10.6418 	0.0271577 	0.371706 	-0.00477253 	
4.915	-1.60397 	0.160355 	10.6215 	0.0268796 	0.365886 	-0.0046104 	
4.92	-1.6413 	0.161688 	10.6035 	0.0266413 	0.360842 	-0.00446594 	
4.925	-1.67304 	0.16282 	10.5875 	0.0264302 	0.356543 	-0.00433925 	
4.93	-1.69977 	0.163226 	10.5732 	0.0262856 	0.352879 	-0.00422089 	
4.935	-1.72234 	0.163018 	10.5602 	0.0261966 	0.349749 	-0.00410763 	
4.94	-1.74142 	0.16264 	10.5485 	0.0261283 	0.34708 	-0.00400416 	
4.945	-1.75747 	0.162003 	10.5379 	0.0260873 	0.344807 	-0.00390858 	
4.95	-1.34803 	0.123781 	10.605 	0.0285826 	0.389362 	-0.0036016 	
4.955	-0.825432 	0.230223 	10.7403 	0.0195922 	0.455267 	-0.00958839 	
4.96	-0.446663 	0.143481 	10.8045 	0.0264916 	0.496214 	-0.00891703 	
4.965	-0.78426 	0.148805 	10.7286 	0.0264399 	0.456943 	-0.00794519 	
4.97	-0.94302 	0.14915 	10.6904 	0.026499 	0.438379 	-0.00734457 	
4.975	-1.07813 	0.167907 	10.6627 	0.0244544 	0.42378 	-0.00570107 	
4.98	-1.19272 	0.179882 	10.6376 	0.0231592 	0.411157 	-0.00455009 	
4.985	-1.28995 	0.189002 	10.6158 	0.0221603 	0.400448 	-0.00358056 	
4.99	-1.37243 	0.195792 	10.5967 	0.0214074 	0.391347 	-0.00277449 	
4.995	-1.44276 	0.201989 	10.58 	0.0207217 	0.383612 	-0.00207986 	
5	-1.50218 	0.2072 	10.5647 	0.0201351 	0.376997 	-0.0014969 	
5.005	-1.54586 	0.197239 	10.556 	0.0210971 	0.372484 	-0.00107793 	
5.01	-1.69549 	0.247176 	10.5295 	0.0167706 	0.357075 	-0.000319622 	
5.015	-1.78152 	0.273997 	10.5127 	0.0144613 	0.34824 	0.000217705 	
5.02	-1.80666 	0.321703 	10.4686 	0.0100256 	0.340158 	-0.001962 	
5.025	-1.74776 	0.179091 	10.4441 	0.0207469 	0.341236 	0.00164328 	
5.03	-1.76159 	0.197115 	10.4493 	0.0198625 	0.341286 	0.000952698 	
5.035	-1.81515 	0.168622 	10.4223 	0.022675 	0.333613 	0.000886726 	
5.04	-1.85399 	0.161405 	10.4047 	0.0235183 	0.328487 	0.000694936 	
5.045	-1.98285 	0.246142 	10.419 	0.0174273 	0.321513 	-0.00309178 	
5.05	-2.03512 	0.257246 	10.3944 	0.0164298 	0.314135 	-0.00258014 	
5.055	1.03449 	-0.122879 	11.0088 	0.0461141 	0.656818 	-0.0067783 	
5.06	-0.0420837 	-0.0181852 	10.7865 	0.0380607 	0.536264 	-0.00382165 	
5.065	-0.346711 	0.00734274 	10.717 	0.0361315 	0.501468 	-0.00301592 	
5.07	-0.66242 	0.0882371 	10.6566 	0.0295299 	0.467054 	-0.00308087 	
5.075	-0.650352 	0.278234 	10.2655 	0.0112496 	0.425416 	-0.00757363 	
5.08	0.236269 	0.11095 	10.5783 	0.0252164 	0.539269 	-0.00648097 	
5.085	-0.392865 	0.188313 	10.4937 	0.0192971 	0.474414 	-0.00470816 	
5.09	-0.691311 	0.222018 	10.4673 	0.0167588 	0.445382 	-0.00353855 	
5.095	-0.947605 	0.253426 	10.4393 	0.0144633 	0.4197 	-0.00305643 	
5.1	-1.16038 	0.289673 	10.4256 	0.0117775 	0.399725 	-0.00290907 	
5.105	-1.34338 	0.318639 	10.4109 	0.0096394 	0.382263 	-0.00271782 	
5.11	-1.20265 	0.155908 	10.3301 	0.0232772 	0.383902 	-0.00238756 	
5.115	-1.36892 	0.35425 	10.26 	0.00743922 	0.361467 	-0.00712933 	
5.12	-1.53037 	0.337068 	10.2787 	0.0087405 	0.350185 	-0.0045714 	
5.125	-1.6554 	0.347204 	10.2785 	0.00789547 	0.339754 	-0.00349403 	
5.13	-1.77558 	0.36174 	10.2767 	0.00665298 	0.329627 	-0.00246355 	
5.135	-1.87839 	0.37726 	10.276 	0.00529111 	0.321269 	-0.00145196 	
5.14	-1.94213 	0.36972 	10.2639 	0.005732 	0.314131 	-0.00020564 	
5.145	-2.05476 	0.423388 	10.2938 	0.00250655 	0.310317 	-0.00457396 	
5.15	0.0606874 	0.131952 	10.7399 	0.0247534 	0.547944 	-0.00450106 	
5.155	-0.727966 	0.225567 	10.5746 	0.0177667 	0.459447 	-0.00431012 	
5.16	-0.983427 	0.289562 	10.5503 	0.0129291 	0.435183 	-0.00522604 	
5.165	-1.00008 	0.329882 	10.6109 	0.0104837 	0.443097 	-0.00794307 	
5.17	-0.289358 	0.210166 	10.7304 	0.0193612 	0.518441 	-0.00655992 	
5.175	-0.799412 	0.269299 	10.619 	0.0145818 	0.460917 	-0.00493203 	
5.18	-1.04532 	0.29597 	10.5632 	0.012297 	0.433082 	-0.00363618 	
5.185	-1.25425 	0.317126 	10.5139 	0.0104869 	0.409222 	-0.00262903 	
5.19	-1.41002 	0.329355 	10.4847 	0.00951631 	0.392495 	-0.00186725 	
5.195	-1.5476 	0.341114 	10.4561 	0.00856079 	0.377447 	-0.00119836 	
5.2	-1.67302 	0.340041 	10.4165 	0.00860018 	0.361921 	-0.000445381 	
5.205	-1.70658 	0.366211 	10.4434 	0.00770532 	0.364292 	-0.00467195 	
5.21	-0.205775 	0.157958 	10.7492 	0.0232977 	0.530818 	-0.00396693 	
5.215	-0.779976 	0.250277 	10.6588 	0.0172873 	0.472007 	-0.00750971 	
5.22	-1.03746 	0.269239 	10.5807 	0.015221 	0.439751 	-0.00484603 	
5.225	-1.2426 	0.288584 	10.5246 	0.013456 	0.4152 	-0.00356464 	
5.23	-1.41769 	0.304936 	10.4758 	0.0119553 	0.394185 	-0.00248486 	
5.235	-1.5627 	0.318332 	10.4335 	0.0107244 	0.376604 	-0.00163958 	
5.24	-1.70033 	0.338545 	10.3967 	0.00891167 	0.360506 	-0.000784188 	
5.245	-1.28281 	0.284868 	10.4904 	0.0134645 	0.408581 	-0.00271113 	
5.25	-0.47712 	0.173768 	10.6522 	0.0217731 	0.497487 	-0.00220305 	
5.255	-0.969113 	0.23464 	10.5372 	0.0169674 	0.441199 	-0.00127282 	
5.26	-1.17666 	0.258046 	10.4839 	0.0150327 	0.416963 	-0.000649817 	
5.265	-0.782726 	0.210376 	10.5703 	0.0189188 	0.461857 	-0.00198043 	
5.27	-0.823793 	0.224461 	10.5751 	0.0183857 	0.459885 	-0.00399514 	
5.275	-0.999446 	0.245469 	10.5437 	0.0172362 	0.441722 	-0.00533217 	
5.28	-1.22593 	0.263701 	10.4775 	0.0154108 	0.413941 	-0.00336286 	
5.285	-1.39713 	0.279256 	10.4297 	0.013978 	0.393471 	-0.00229963 	
5.29	-1.3923 	0.282046 	10.441 	0.0141923 	0.396138 	-0.00410841 	
5.295	-1.42055 	0.285485 	10.444 	0.0143809 	0.394958 	-0.00563716 	
5.3	-1.44473 	0.280537 	10.4453 	0.0151784 	0.393813 	-0.00685522 	
5.305	-1.37454 	-0.263679 	10.1816 	0.0639103 	0.367662 	-0.0146594 	
5.31	0.71204 	-0.659181 	10.4616 	0.0931283 	0.57838 	-0.0115651 	
5.315	-0.195834 	-0.389061 	10.3671 	0.070903 	0.489381 	-0.00899754 	
5.32	-0.454885 	-0.323087 	10.2848 	0.0629069 	0.454456 	0.000635516 	
5.325	-0.763354 	-0.207506 	10.2665 	0.0537649 	0.426577 	-0.000197985 	
5.33	-0.218787 	-0.151093 	10.4924 	0.0488361 	0.502191 	-0.00186522 	
5.335	0.945318 	-0.379709 	10.6361 	0.0664499 	0.619096 	-0.00234359 	
5.34	0.128743 	-0.198954 	10.5174 	0.0522398 	0.53476 	-0.00207259 	
5.345	0.601762 	-0.188493 	10.6594 	0.0517872 	0.591277 	-0.0079495 	
5.35	0.838448 	-0.159709 	10.7535 	0.0495531 	0.622968 	-0.00992117 	
5.355	0.828681 	-0.0632644 	10.8435 	0.0414409 	0.634757 	-0.00837409 	
5.36	0.948349 	-0.00297146 	10.9094 	0.0364827 	0.652975 	-0.00949709 	
5.365	1.1573 	0.168053 	11.1399 	0.0218588 	0.701104 	-0.00502325 	
5.37	1.17495 	0.165289 	11.1472 	0.0222222 	0.704094 	-0.00577463 	
5.375	1.14568 	0.212093 	11.1841 	0.0184509 	0.706986 	-0.00557506 	
5.38	1.18271 	0.223546 	11.2226 	0.0174808 	0.715908 	-0.00480175 	
5.385	1.54771 	0.119231 	11.2501 	0.0258238 	0.750267 	-0.00503745 	
5.39	2.31852 	-0.108379 	11.346 	0.045387 	0.82958 	-0.00996707 	
5.395	1.91845 	0.0780598 	11.324 	0.0294951 	0.793313 	-0.00772948 	
5.4	2.51584 	-0.14436 	11.3424 	0.0473615 	0.845142 	-0.00789163 	
5.405	1.50739 	0.0163774 	11.1502 	0.0354908 	0.735962 	-0.00946417 	
5.41	0.513564 	0.262853 	11.2385 	0.0185679 	0.680502 	-0.0124463 	
5.415	0.731514 	0.0309078 	10.9409 	0.0321243 	0.650522 	0.00411727 	
5.42	0.575087 	0.043785 	10.8521 	0.0294429 	0.622961 	0.00903803 	
5.425	0.466834 	0.0373438 	10.7608 	0.0285515 	0.599452 	0.0141886 	
5.43	-0.298007 	0.979975 	12.4372 	-0.0266992 	0.779826 	-0.0223876 	
5.435	-0.0437271 	0.902584 	12.1689 	-0.0247974 	0.762059 	-0.0200871 	
5.44	0.255503 	0.761574 	12.0166 	-0.0156751 	0.763305 	-0.0166166 	
5.445	0.478616 	0.67846 	11.9279 	-0.0104122 	0.767932 	-0.015322 	
5.45	0.710675 	0.594861 	11.8559 	-0.00497795 	0.775994 	-0.0138476 	
5.455	0.816567 	0.467654 	11.79 	0.00561484 	0.773059 	-0.0140188 	
5.46	0.894333 	0.531123 	11.8057 	0.000117825 	0.782223 	-0.0164643 	
5.465	0.496483 	0.104461 	11.2935 	0.0345954 	0.677952 	-0.0132436 	
5.47	0.906433 	0.639486 	11.4747 	-0.0139317 	0.74342 	-0.00990534 	
5.475	0.844941 	1.11512 	12.3777 	-0.0510656 	0.850159 	-0.0138914 	
5.48	0.539629 	0.621782 	11.6098 	-0.0158321 	0.71708 	0.00792343 	
5.485	0.10538 	0.516294 	11.3783 	-0.00564867 	0.651162 	0.00318951 	
5.49	0.0773477 	1.2517 	13.0298 	-0.0598045 	0.854258 	-0.00600611 	
5.495	-0.169546 	0.659143 	12.073 	-0.0130057 	0.710428 	-0.00262621 	
5.5	-0.426642 	0.514 	11.7224 	-0.00128813 	0.644185 	-0.00180756 	
5.505	-0.359134 	1.20487 	13.3951 	-0.0526186 	0.85021 	-0.0240866 	
5.51	-0.688438 	0.745817 	12.4655 	-0.0156176 	0.710451 	-0.0201118 	
5.515	-0.939126 	0.680862 	12.1149 	-0.0111637 	0.6462 	-0.017651 	
5.52	-0.834266 	1.47319 	13.811 	-0.0730996 	0.866787 	-0.0174689 	
5.525	-0.970303 	0.841176 	12.7195 	-0.0228245 	0.718168 	-0.01529 	
5.53	-1.07198 	0.546842 	12.226 	0.000761013 	0.648121 	-0.0139601 	
5.535	-1.14585 	0.282392 	11.799 	0.0219041 	0.588545 	-0.0127462 	
5.54	1.99054 	-0.321787 	11.8531 	0.0664748 	0.859893 	-0.0181041 	
5.545	0.946036 	-0.521375 	11.3191 	0.0833503 	0.702864 	-0.0118598 	
5.55	0.585605 	0.669476 	13.4108 	-0.010522 	0.949435 	-0.00316677 	
5.555	0.469908 	-0.0662515 	12.1851 	0.0490069 	0.7799 	-0.00511302 	
5.56	0.22929 	-0.300216 	11.7038 	0.0692349 	0.698397 	-0.00997077 	
5.565	0.0876186 	-0.684538 	11.1802 	0.100625 	0.624556 	-0.0106082 	
5.57	8.42499 	0.747016 	15.0505 	-0.0359944 	1.82731 	0.00824269 	
5.575	5.1108 	0.512207 	13.5743 	-0.0120114 	1.35999 	0.00768686 	
5.58	4.26566 	0.00214615 	12.7901 	0.0341772 	1.1858 	-0.00392532 	
5.585	3.33136 	0.127958 	12.4345 	0.0228501 	1.05955 	0.00255509 	
5.59	2.49449 	0.216154 	12.1354 	0.0165232 	0.952443 	0.00204638 	
5.595	2.91353 	0.0868452 	12.0987 	0.0268884 	0.982592 	0.000538992 	
5.6	1.92159 	0.217571 	11.7949 	0.0168642 	0.861565 	0.00159796 	
5.605	1.4092 	0.213027 	11.5565 	0.0176258 	0.788094 	0.00163578 	
5.61	1.61394 	0.151971 	11.5368 	0.0229092 	0.803091 	-0.000452618 	
5.615	0.992056 	0.201506 	11.3389 	0.0205546 	0.727278 	-0.00427351 	
5.62	0.469327 	0.155963 	11.1085 	0.0261271 	0.655395 	-0.0090413 	
5.625	0.260499 	0.237644 	11.0702 	0.0195396 	0.633691 	-0.00882857 	
5.63	0.0564795 	0.300417 	11.0108 	0.0147111 	0.609786 	-0.00959881 	
5.635	-0.0933538 	0.285414 	10.9042 	0.0149651 	0.581652 	-0.00603301 	
5.64	-0.0330943 	0.269393 	10.8975 	0.0163728 	0.585945 	-0.00701587 	
5.645	-0.287035 	0.296221 	10.8003 	0.0137707 	0.551695 	-0.00512131 	
5.65	2.33584 	-0.111228 	11.3759 	0.0438719 	0.844375 	-0.00436168 	
5.655	1.6558 	-0.00386733 	11.2205 	0.0363307 	0.768263 	-0.00593509 	
5.66	1.05569 	0.0972569 	11.077 	0.0286405 	0.69999 	-0.0057206 	
5.665	0.638216 	0.169133 	10.9785 	0.023292 	0.652882 	-0.00598674 	
5.67	0.280655 	0.231058 	10.8942 	0.0187137 	0.612663 	-0.00632053 	
5.675	0.0952252 	0.235484 	10.8111 	0.0178441 	0.585509 	-0.00409471 	
5.68	0.107857 	0.222478 	10.7943 	0.0187297 	0.584288 	-0.0036315 	
5.685	-0.303116 	-0.0102125 	10.7449 	0.0374053 	0.542952 	0.00451917 	
5.69	0.597825 	0.2663 	11.198 	0.01455 	0.67985 	0.00179608 	
5.695	0.96425 	0.284735 	11.3156 	0.0130144 	0.726438 	0.000629133 	
5.7	0.339793 	0.267591 	11.0606 	0.014812 	0.641542 	0.000493177 	
5.705	0.99454 	0.340707 	11.3336 	0.00862725 	0.732738 	-0.000576697 	
5.71	0.545885 	0.620462 	11.6692 	0.00309317 	0.756726 	-0.0592321 	
5.715	0.383063 	0.488271 	11.3635 	0.00745237 	0.695408 	-0.0372094 	
5.72	0.220898 	0.443134 	11.2114 	0.00917008 	0.659347 	-0.0304203 	
5.725	0.0538166 	0.429981 	11.1085 	0.00927478 	0.631178 	-0.0272742 	
5.73	-0.135155 	0.428195 	11.0072 	0.00857413 	0.601484 	-0.0241468 	
5.735	0.663917 	0.542775 	11.3641 	-0.00218575 	0.715385 	-0.0209808 	
5.74	1.03306 	0.522831 	11.4604 	-0.00146398 	0.758458 	-0.0187705 	
5.745	0.629256 	0.444155 	11.1937 	0.00317968 	0.686345 	-0.0114835 	
5.75	0.38496 	0.440062 	11.0971 	0.00364933 	0.65374 	-0.0117558 	
5.755	0.145311 	0.434936 	10.9929 	0.00388593 	0.620092 	-0.0108279 	
5.76	-0.0918842 	0.423042 	10.8825 	0.00517751 	0.584925 	-0.0119311 	
5.765	-0.717785 	0.767718 	10.8167 	-0.0207746 	0.542587 	-0.0169696 	
5.77	1.91308 	-0.182717 	10.9833 	0.0508227 	0.770222 	-0.00750644 	
5.775	2.1585 	-0.228852 	11.0315 	0.0543117 	0.796219 	-0.00768846 	
5.78	1.22696 	-0.111462 	10.8143 	0.0459934 	0.690667 	-0.00882068 	
5.785	1.20515 	0.632992 	12.2585 	-0.012417 	0.864976 	-0.00881652 	
5.79	0.932769 	0.423302 	11.6972 	0.00356418 	0.771458 	-0.00656173 	
5.795	3.19461 	0.146046 	12.2079 	0.0226714 	1.02444 	-0.00256799 	
5.8	1.69062 	0.571307 	11.7626 	-0.00905382 	0.851575 	-0.0129525 	
5.805	2.2012 	0.35784 	11.7903 	0.00743803 	0.895293 	-0.00994037 	
5.81	1.38644 	0.337031 	11.4557 	0.0102266 	0.784477 	-0.010878 	
5.815	0.879679 	0.318607 	11.2392 	0.0124418 	0.714704 	-0.0116048 	
5.82	0.447195 	0.302896 	11.0525 	0.0142716 	0.654944 	-0.0120609 	
5.825	0.0756327 	0.292555 	10.893 	0.0155426 	0.6038 	-0.0123343 	
5.83	-0.24212 	0.283641 	10.7558 	0.0166713 	0.560029 	-0.0125919 	
5.835	-0.513181 	0.275266 	10.6371 	0.0176828 	0.522555 	-0.0128136 	
5.84	-0.491443 	-0.0184371 	10.3432 	0.0393734 	0.481474 	-0.00573654 	
5.845	1.4818 	-0.568241 	10.6162 	0.0817896 	0.678834 	-0.0056608 	
5.85	1.68303 	-0.469585 	10.8096 	0.0761663 	0.724209 	-0.0131278 	
5.855	1.25759 	-0.13915 	10.8748 	0.0496835 	0.698736 	-0.00373988 	
5.86	0.928687 	0.060473 	11.0202 	0.0339577 	0.695666 	0.00701165 	
5.865	0.6883 	0.237231 	11.1217 	0.0201052 	0.692265 	0.0141478 	
5.87	0.542317 	0.396319 	11.1735 	0.00777634 	0.6879 	0.017939 	
5.875	0.806501 	0.820218 	11.243 	-0.0284862 	0.723811 	0.0104836 	
5.88	0.693638 	1.03587 	11.3073 	-0.0460307 	0.726135 	0.0120712 	
5.885	0.619058 	1.16025 	11.2803 	-0.0562269 	0.714892 	0.00857133 	
5.89	1.02269 	0.887474 	11.3019 	-0.0342564 	0.74842 	0.00603161 	
5.895	0.848084 	1.28123 	11.36 	-0.0668215 	0.746618 	0.00548159 	
5.9	1.07794 	1.52999 	11.3858 	-0.0881625 	0.771497 	-0.00109709 	
5.905	5.63913 	-0.537832 	11.5428 	0.0737048 	1.15875 	0.00311832 	
5.91	4.28593 	-0.150716 	11.4513 	0.0444795 	1.03452 	0.000829982 	
5.915	3.17184 	-0.0861954 	11.1407 	0.0390886 	0.89961 	0.00558077 	
5.92	2.52598 	0.00711207 	11.0588 	0.0336348 	0.835836 	0.000647922 	
5.925	1.93747 	0.0777657 	10.9582 	0.0292 	0.773937 	-0.0016214 	
5.93	1.43585 	0.140195 	10.8757 	0.0253318 	0.721723 	-0.0038128 	
5.935	1.01013 	0.190262 	10.8014 	0.0222243 	0.676827 	-0.0054829 	
5.94	0.643943 	0.236155 	10.7404 	0.0193949 	0.638738 	-0.0071145 	
5.945	0.328417 	0.278493 	10.6904 	0.0167861 	0.606389 	-0.00867785 	
5.95	0.149378 	0.210806 	10.5764 	0.0219255 	0.575002 	-0.00693969 	
5.955	-0.0478083 	0.210341 	10.4958 	0.0210264 	0.546043 	-0.0032392 	
5.96	-0.249259 	0.24108 	10.4692 	0.0194022 	0.526938 	-0.0054894 	
5.965	0.0498984 	0.247312 	10.5979 	0.0183995 	0.567997 	-0.00484811 	
5.97	-0.111887 	0.266143 	10.5405 	0.0168825 	0.547417 	-0.00474281 	
5.975	2.53505 	-0.119764 	11.2627 	0.0465208 	0.859379 	-0.0081493 	
5.98	1.45717 	-0.00877172 	10.9409 	0.0377452 	0.72846 	-0.00504383 	
5.985	2.16183 	-0.10115 	11.156 	0.0451376 	0.814591 	-0.00695305 	
5.99	1.74868 	-0.0281456 	11.0616 	0.0395072 	0.7682 	-0.00640243 	
5.995	1.55578 	-0.00311421 	11.0112 	0.0375844 	0.745665 	-0.00604619 	
6	0.946369 	0.0515436 	10.8343 	0.0336854 	0.672035 	-0.0056612 	
6.005	0.513739 	0.0920066 	10.7094 	0.0307588 	0.619966 	-0.00537736 	
6.01	0.145064 	0.126243 	10.6014 	0.0282632 	0.57544 	-0.00509967 	
6.015	0.267297 	0.144495 	10.6648 	0.0268673 	0.594458 	-0.00571607 	
6.02	2.77075 	-0.229514 	11.3446 	0.0552835 	0.889276 	-0.00748395 	
6.025	1.93133 	-0.0764534 	11.1431 	0.0436899 	0.794335 	-0.00729797 	
6.03	1.40314 	-0.0306819 	10.9989 	0.040123 	0.732784 	-0.00502767 	
6.035	0.795966 	0.0717201 	10.8064 	0.0317363 	0.657909 	-0.00334527 	
6.04	0.411 	0.0968334 	10.6916 	0.030162 	0.611067 	-0.00352078 	
6.045	0.190696 	0.115513 	10.6411 	0.0286456 	0.587261 	-0.00204307 	
6.05	-0.318625 	0.374865 	10.5731 	0.0074182 	0.53881 	-0.00494006 	
6.055	-0.408367 	0.201838 	10.3316 	0.0185679 	0.495736 	0.00991236 	
6.06	-0.21941 	0.237888 	10.4689 	0.0169347 	0.530722 	0.00426589 	
6.065	-0.154222 	0.234958 	10.5003 	0.0175932 	0.540749 	0.00256281 	
6.07	0.0413311 	0.132397 	10.4953 	0.0259709 	0.556037 	0.00145939 	
6.075	-0.32804 	0.136953 	10.3646 	0.0258385 	0.508142 	0.00243163 	
6.08	-0.126152 	0.145315 	10.4843 	0.0261805 	0.54231 	-0.00191898 	
6.085	-0.0190674 	0.147284 	10.5494 	0.0267265 	0.560853 	-0.00468317 	
6.09	0.0630534 	0.12935 	10.5865 	0.0286668 	0.573027 	-0.006193 	
6.095	5.23861 	-0.538332 	11.4383 	0.0589497 	1.07959 	0.0550952 	
6.1	3.43923 	-0.333516 	11.0992 	0.0506032 	0.897032 	0.0337012 	
6.105	2.52014 	-0.221357 	10.8691 	0.0435159 	0.794305 	0.0301228 	
6.11	1.93167 	-0.0716826 	10.8452 	0.0350539 	0.747658 	0.020193 	
6.115	1.36674 	0.0155089 	10.7459 	0.0303999 	0.691588 	0.0138529 	
6.12	0.907317 	0.0784191 	10.6519 	0.0269837 	0.644024 	0.00946825 	
6.125	0.509406 	0.138162 	10.5772 	0.0237408 	0.603919 	0.00529909 	
6.13	0.0561462 	0.169687 	10.423 	0.0215667 	0.547283 	0.00512463 	
6.135	-0.223707 	0.152687 	10.3285 	0.0236909 	0.512298 	0.00387119 	
6.14	3.744 	-0.0551741 	11.6191 	0.0318042 	1.01223 	0.0123605 	
6.145	2.03227 	0.0519289 	11.0855 	0.0269748 	0.801592 	0.00767919 	
6.15	1.37021 	0.0993729 	10.8671 	0.0241911 	0.718775 	0.00669788 	
6.155	0.822281 	0.133511 	10.6943 	0.022263 	0.651658 	0.00637535 	
6.16	0.33613 	0.169614 	10.542 	0.0200103 	0.592438 	0.0062817 	
6.165	-0.0221473 	0.157326 	10.4099 	0.0218339 	0.545292 	0.00497313 	
6.17	-0.289978 	0.14971 	10.3151 	0.0232553 	0.510798 	0.00373097 	
6.175	-0.538484 	0.164282 	10.2419 	0.0230744 	0.484943 	0.000793702 	
6.18	1.32452 	-0.348434 	10.5643 	0.0615946 	0.67639 	0.00336681 	
6.185	0.570488 	-0.228055 	10.397 	0.0548211 	0.595291 	-0.00432403 	
6.19	0.226873 	-0.0858115 	10.3549 	0.0440192 	0.561985 	-0.00101397 	
6.195	-0.0369554 	-0.0698964 	10.274 	0.0431896 	0.529701 	-0.00324758 	
6.2	-0.235875 	0.0119846 	10.2902 	0.0378315 	0.517608 	-0.00763109 	
6.205	0.340073 	-0.0797047 	10.4726 	0.045025 	0.587147 	-0.00550911 	
6.21	-0.158423 	-0.0102051 	10.325 	0.0400629 	0.527912 	-0.00790682 	
6.215	0.0983247 	0.539548 	10.9565 	-0.00121902 	0.638987 	-0.0140185 	
6.22	-0.25406 	0.453869 	10.7386 	0.00624683 	0.58149 	-0.0158982 	
6.225	-0.420384 	0.328913 	10.4851 	0.0123679 	0.529875 	-0.0026732 	
6.23	-0.0297301 	0.471947 	10.7947 	0.00230675 	0.605093 	-0.00758005 	
6.235	0.614427 	0.313366 	10.9174 	0.0139472 	0.672304 	-0.00634645 	
6.24	0.981234 	0.212831 	10.9802 	0.0215194 	0.709705 	-0.00614326 	
6.245	1.53189 	0.111877 	11.1247 	0.0291437 	0.773078 	-0.00661258 	
6.25	1.76271 	0.0546894 	11.171 	0.0334253 	0.797624 	-0.00663917 	
6.255	1.94695 	0.00393452 	11.2038 	0.0372545 	0.816598 	-0.00671141 	
6.26	2.06573 	-0.0328574 	11.2206 	0.0400258 	0.828169 	-0.00670955 	
6.265	2.17403 	-0.0644289 	11.2377 	0.0424022 	0.838979 	-0.00671419 	
6.27	1.3634 	0.051062 	11.0175 	0.0351259 	0.745919 	-0.0109347 	
6.275	0.889984 	0.0856545 	10.8465 	0.0328621 	0.684908 	-0.0115057 	
6.28	0.478201 	0.12539 	10.7045 	0.0301048 	0.632961 	-0.0119829 	
6.285	0.126083 	0.156101 	10.5828 	0.028122 	0.588632 	-0.0127477 	
6.29	0.172071 	0.285343 	10.7217 	0.0181181 	0.611043 	-0.0131559 	
6.295	0.178135 	0.222183 	10.6543 	0.0226672 	0.602281 	-0.0119881 	
6.3	0.988887 	0.0989668 	10.891 	0.0316529 	0.698967 	-0.0115245 	
6.305	0.50359 	0.136785 	10.7232 	0.0293628 	0.638016 	-0.0129681 	
6.31	1.56714 	-0.0107317 	11.0445 	0.039965 	0.766113 	-0.0120827 	
6.315	0.823095 	0.0625798 	10.7884 	0.0348048 	0.672379 	-0.0126684 	
6.32	0.515203 	0.0358843 	10.6009 	0.036075 	0.621167 	-0.00901457 	
6.325	0.170281 	-0.0292422 	10.3811 	0.0412208 	0.562012 	-0.00926027 	
6.33	1.54491 	-0.160429 	10.8656 	0.0506966 	0.738005 	-0.00940962 	
6.335	1.69728 	-0.0381737 	11.0385 	0.0409241 	0.773822 	-0.00857237 	
6.34	1.01808 	0.0974118 	10.8268 	0.0306573 	0.691952 	-0.0103382 	
6.345	1.55276 	-0.0420164 	10.901 	0.0399208 	0.743589 	-0.00713478 	
6.35	1.74467 	-0.0636743 	10.984 	0.0418235 	0.770561 	-0.00745693 	
6.355	2.03177 	-0.110958 	11.0739 	0.0454876 	0.805641 	-0.00780513 	
6.36	2.11453 	-0.119952 	11.1072 	0.04623 	0.816929 	-0.0075324 	
6.365	2.21632 	-0.140429 	11.1386 	0.0477802 	0.829362 	-0.0073761 	
6.37	2.30745 	-0.159014 	11.1666 	0.049216 	0.840461 	-0.00724867 	
6.375	2.3833 	-0.173046 	11.1912 	0.0502865 	0.849918 	-0.00709001 	
6.38	2.59564 	-0.214105 	11.222 	0.0531791 	0.871266 	-0.00705967 	
6.385	2.59553 	-0.213096 	11.2352 	0.0531854 	0.873012 	-0.00697323 	
6.39	1.75096 	-0.257049 	10.8245 	0.0559227 	0.74882 	-0.00250159 	
6.395	1.69281 	-0.559415 	10.5257 	0.0798648 	0.701799 	0.000632244 	
6.4	1.89223 	-0.439889 	10.7433 	0.0706925 	0.748344 	-0.00195492 	
6.405	1.96747 	-0.436796 	10.7964 	0.0703181 	0.761132 	-0.000725261 	
6.41	2.102 	-0.405433 	10.8799 	0.0678923 	0.783714 	-0.00184035 	
6.415	1.8894 	-0.146514 	10.9473 	0.0477004 	0.777832 	-0.00224525 	
6.42	2.56595 	-0.406749 	11.0162 	0.0673952 	0.840351 	-0.0021663 	
6.425	2.50551 	-0.344191 	11.0588 	0.0627851 	0.841525 	-0.00292006 	
6.43	2.54776 	-0.330256 	11.0976 	0.0617929 	0.850254 	-0.00341884 	
6.435	2.58413 	-0.31838 	11.1308 	0.0609457 	0.857732 	-0.00384249 	
6.44	2.25147 	-0.163324 	11.0744 	0.0476505 	0.823247 	0.000731448 	
6.445	1.97568 	-0.102094 	11.0158 	0.042209 	0.792087 	0.00381433 	
6.45	1.8978 	-0.0524863 	11.0501 	0.0391244 	0.790719 	0.0015319 	
6.455	2.638 	-0.148787 	11.246 	0.0477269 	0.87955 	-0.00692158 	
6.46	2.33229 	0.0889075 	11.2635 	0.0304611 	0.858208 	-0.0120078 	
6.465	2.27175 	-0.028225 	11.2162 	0.039351 	0.84503 	-0.00864166 	
6.47	2.01697 	0.0801702 	11.215 	0.0312906 	0.824816 	-0.00910522 	
6.475	2.33813 	0.0105636 	11.2304 	0.0360231 	0.852134 	-0.00936163 	
6.48	2.0863 	0.0742216 	11.2268 	0.0314779 	0.83201 	-0.00872316 	
6.485	1.67883 	0.275054 	11.203 	0.016131 	0.797302 	-0.00906619 	
6.49	1.83482 	0.189071 	11.2058 	0.0222096 	0.809121 	-0.00671498 	
6.495	1.53525 	0.287442 	11.1912 	0.0151914 	0.783526 	-0.00744932 	
6.5	1.90604 	0.149425 	11.2294 	0.0259712 	0.818285 	-0.00780413 	
6.505	2.27597 	-0.00323413 	11.2517 	0.0374413 	0.850517 	-0.00725695 	
6.51	2.30135 	-0.0190506 	11.2599 	0.038736 	0.853643 	-0.00736291 	
6.515	2.12516 	0.0235048 	11.24 	0.0356194 	0.836276 	-0.00789016 	
6.52	1.93391 	0.126206 	11.2241 	0.0277129 	0.818967 	-0.00803868 	
6.525	1.89218 	0.130612 	11.2342 	0.0276031 	0.817133 	-0.00816102 	
6.53	2.03677 	0.0682004 	11.2465 	0.0324002 	0.830356 	-0.00806231 	
6.535	1.99874 	0.0434327 	11.2458 	0.034594 	0.826842 	-0.00783618 	
6.54	2.14413 	-0.00256959 	11.2593 	0.0380218 	0.840428 	-0.007848 	
6.545	2.23797 	-0.0376344 	11.2683 	0.0406718 	0.849177 	-0.00781098 	
6.55	2.40134 	-0.0822186 	11.2834 	0.0439309 	0.864532 	-0.0078191 	
6.555	2.44105 	-0.102798 	11.2874 	0.045521 	0.868183 	-0.00777559 	
6.56	2.43123 	-0.107757 	11.2871 	0.0459526 	0.867258 	-0.00774008 	
6.565	2.49845 	-0.13154 	11.293 	0.0477373 	0.873469 	-0.00772464 	
6.57	2.53971 	-0.147611 	11.297 	0.0489549 	0.877304 	-0.0077034 	
6.575	2.57584 	-0.161616 	11.3004 	0.0500151 	0.880651 	-0.00768519 	
6.58	2.60651 	-0.1735 	11.3033 	0.0509148 	0.883491 	-0.00767115 	
6.585	2.63258 	-0.183627 	11.3057 	0.0516819 	0.885901 	-0.00765898 	
6.59	2.65494 	-0.192312 	11.3078 	0.0523396 	0.887965 	-0.00764879 	
6.595	2.67449 	-0.199802 	11.3096 	0.0529062 	0.889768 	-0.00764041 	
6.6	2.70126 	-0.205861 	11.3149 	0.0533621 	0.892646 	-0.00767965 	
6.605	2.7114 	-0.211344 	11.3148 	0.0537787 	0.893431 	-0.00765733 	
6.61	2.69901 	-0.216433 	11.3069 	0.0541548 	0.89129 	-0.00752752 	
6.615	2.81221 	-0.213377 	11.349 	0.053876 	0.906372 	-0.00768261 	
6.62	2.60036 	-0.206176 	11.2886 	0.0535625 	0.880209 	-0.00784257 	
6.625	2.66471 	-0.214133 	11.3027 	0.0540957 	0.88755 	-0.00776409 	
6.63	2.68216 	-0.218353 	11.3052 	0.0544005 	0.889326 	-0.00773776 	
6.635	2.69711 	-0.221964 	11.3072 	0.0546613 	0.890843 	-0.0077156 	
6.64	2.71246 	-0.225848 	11.3092 	0.0549454 	0.89238 	-0.00769565 	
6.645	2.72262 	-0.228275 	11.3106 	0.05512 	0.893407 	-0.00768055 	
6.65	2.73161 	-0.230426 	11.3118 	0.0552752 	0.894312 	-0.007667 	
6.655	2.73931 	-0.232278 	11.3129 	0.055409 	0.895083 	-0.00765558 	
6.66	2.7461 	-0.233876 	11.3138 	0.0555244 	0.895764 	-0.00764618 	
6.665	2.75159 	-0.235216 	11.3145 	0.0556215 	0.896306 	-0.00763803 	
6.67	2.75636 	-0.23637 	11.3151 	0.0557052 	0.896774 	-0.00763124 	
6.675	2.66392 	-0.229438 	11.2951 	0.0552939 	0.886371 	-0.00743882 	
6.68	2.70057 	-0.232996 	11.3026 	0.0555199 	0.890423 	-0.0074984 	
6.685	2.56437 	-0.233991 	11.272 	0.0557669 	0.874766 	-0.00736021 	
6.69	2.62591 	-0.235428 	11.2853 	0.0557972 	0.881744 	-0.00742058 	
6.695	2.36312 	-0.240819 	11.1973 	0.0563793 	0.847733 	-0.00683898 	
6.7	2.48097 	-0.240267 	11.2333 	0.056246 	0.862489 	-0.00706894 	
6.705	2.52511 	-0.240684 	11.2456 	0.0562394 	0.867845 	-0.00714536 	
6.71	2.35768 	-0.312139 	11.198 	0.0628828 	0.846207 	-0.0085603 	
6.715	2.33836 	-0.287235 	11.1727 	0.0609331 	0.840843 	-0.0105064 	
6.72	2.42779 	-0.281071 	11.2047 	0.0601734 	0.853036 	-0.00960537 	
6.725	2.59592 	-0.293289 	11.2321 	0.060795 	0.870947 	-0.00929907 	
6.73	2.73429 	-0.303061 	11.255 	0.0612644 	0.885733 	-0.00901956 	
6.735	2.71471 	-0.290213 	11.2616 	0.0602589 	0.885123 	-0.00882132 	
6.74	2.72443 	-0.283315 	11.2697 	0.0596686 	0.887136 	-0.00864324 	
6.745	2.73273 	-0.277434 	11.2766 	0.0591649 	0.888849 	-0.00849105 	
6.75	2.73976 	-0.272399 	11.2825 	0.0587338 	0.890303 	-0.00836078 	
6.755	2.74583 	-0.268106 	11.2875 	0.0583662 	0.891549 	-0.00824994 	
6.76	2.75098 	-0.264437 	11.2918 	0.0580523 	0.892606 	-0.00815526 	
6.765	2.75535 	-0.261302 	11.2954 	0.0577842 	0.893503 	-0.0080745 	
