0	-0.0104961 	-0.000607109 	-1.74306 	0.26553 	0.164412 	-0.206081 	
0.005	-0.0105905 	-0.000580041 	-1.74311 	0.265534 	0.164411 	-0.206829 	
0.01	-0.0104538 	-0.00065755 	-1.74308 	0.265638 	0.164694 	-0.207573 	
0.015	-0.010465 	-0.000673202 	-1.74304 	0.265602 	0.164614 	-0.206783 	
0.02	-0.0104346 	-0.000732962 	-1.74305 	0.26567 	0.164841 	-0.206119 	
0.025	-0.0103704 	-0.000830037 	-1.74308 	0.26582 	0.165314 	-0.205554 	
0.03	-0.0104229 	-0.000835631 	-1.74296 	0.265687 	0.164898 	-0.206104 	
0.035	-0.010425 	-0.000893222 	-1.74289 	0.265676 	0.164857 	-0.206511 	
0.04	-0.0103866 	-0.000994325 	-1.74286 	0.265764 	0.165116 	-0.206805 	
0.045	-0.0103158 	-0.0011322 	-1.74286 	0.265931 	0.165613 	-0.207006 	
0.05	-0.0103591 	-0.00118476 	-1.74271 	0.265811 	0.165269 	-0.206322 	
0.055	-0.0103534 	-0.00128763 	-1.74262 	0.265811 	0.165284 	-0.205743 	
0.06	-0.0103085 	-0.00143265 	-1.74255 	0.265907 	0.165588 	-0.205247 	
0.065	-0.0102322 	-0.00161337 	-1.74252 	0.266081 	0.166122 	-0.204818 	
0.07	-0.0102643 	-0.00171044 	-1.74235 	0.265988 	0.165836 	-0.205492 	
0.075	-0.0102493 	-0.00185661 	-1.74222 	0.26601 	0.165899 	-0.205999 	
0.08	-0.0101967 	-0.00204399 	-1.74212 	0.266124 	0.166241 	-0.206372 	
0.085	-0.0101138 	-0.00226629 	-1.74205 	0.266312 	0.166806 	-0.206639 	
0.09	-0.0101367 	-0.00240996 	-1.74185 	0.266233 	0.16659 	-0.205578 	
0.095	-0.010114 	-0.00260108 	-1.7417 	0.266266 	0.166708 	-0.204697 	
0.1	-0.0100549 	-0.00283207 	-1.74157 	0.266389 	0.167094 	-0.203961 	
0.105	-0.0100353 	-0.0030381 	-1.74139 	0.266416 	0.167178 	-0.204526 	
0.11	-0.00997841 	-0.00328486 	-1.74124 	0.266533 	0.167536 	-0.204946 	
0.115	-0.00989169 	-0.00356615 	-1.74112 	0.266722 	0.168114 	-0.205251 	
0.12	-0.00978101 	-0.00387705 	-1.74101 	0.26697 	0.168867 	-0.205463 	
0.125	-0.00982575 	-0.00406627 	-1.74071 	0.266831 	0.168468 	-0.20442 	
0.13	-0.00982006 	-0.00430721 	-1.74047 	0.266816 	0.168439 	-0.203553 	
0.135	-0.00977402 	-0.00459139 	-1.74026 	0.266899 	0.168707 	-0.202829 	
0.14	-0.00969562 	-0.00491209 	-1.74007 	0.267063 	0.169212 	-0.202219 	
0.145	-0.00964319 	-0.00522045 	-1.73985 	0.267159 	0.169525 	-0.202983 	
0.15	-0.00955955 	-0.00556432 	-1.73966 	0.267333 	0.170065 	-0.203564 	
0.155	-0.00945088 	-0.00593855 	-1.73948 	0.267568 	0.170788 	-0.203997 	
0.16	-0.00944554 	-0.00623413 	-1.73917 	0.267546 	0.170742 	-0.202952 	
0.165	-0.00939937 	-0.0065734 	-1.7389 	0.267624 	0.170996 	-0.202084 	
0.17	-0.00932052 	-0.00694951 	-1.73866 	0.267783 	0.171489 	-0.201359 	
0.175	-0.00921546 	-0.00735704 	-1.73844 	0.268005 	0.172173 	-0.200748 	
0.18	-0.00918703 	-0.00771052 	-1.73812 	0.268033 	0.1723 	-0.201311 	
0.185	-0.00912219 	-0.00810364 	-1.73783 	0.26815 	0.172692 	-0.201731 	
0.19	-0.00902819 	-0.00853039 	-1.73757 	0.26834 	0.173295 	-0.202036 	
0.195	-0.00897716 	-0.00892873 	-1.73725 	0.268425 	0.173572 	-0.201035 	
0.2	-0.0088941 	-0.00936334 	-1.73695 	0.268588 	0.174083 	-0.200204 	
0.205	-0.00878538 	-0.00982887 	-1.73667 	0.268815 	0.174782 	-0.199508 	
0.21	-0.0086561 	-0.0103211 	-1.73641 	0.269092 	0.175629 	-0.19892 	
0.215	-0.00864564 	-0.0107244 	-1.73601 	0.269065 	0.17562 	-0.19928 	
0.22	-0.00859486 	-0.0111704 	-1.73564 	0.269139 	0.175901 	-0.199536 	
0.225	-0.00851182 	-0.0116524 	-1.73529 	0.269293 	0.176415 	-0.199711 	
0.23	-0.00840294 	-0.0121651 	-1.73497 	0.269513 	0.177115 	-0.19982 	
0.235	-0.00832509 	-0.0126592 	-1.7346 	0.269657 	0.177578 	-0.198486 	
0.24	-0.00822029 	-0.0131853 	-1.73425 	0.269867 	0.178236 	-0.197389 	
0.245	-0.00809392 	-0.0137388 	-1.73391 	0.270131 	0.17905 	-0.19648 	
0.25	-0.00804214 	-0.0142414 	-1.73349 	0.270199 	0.179339 	-0.196781 	
0.255	-0.00795811 	-0.0147796 	-1.73309 	0.270349 	0.179858 	-0.19699 	
0.26	-0.00784829 	-0.0153483 	-1.73271 	0.270564 	0.180561 	-0.197128 	
0.265	-0.00771781 	-0.0159431 	-1.73234 	0.270832 	0.18141 	-0.197207 	
0.27	-0.00765743 	-0.0164872 	-1.73188 	0.270923 	0.181746 	-0.195836 	
0.275	-0.00756646 	-0.0170658 	-1.73145 	0.27109 	0.182302 	-0.194708 	
0.28	-0.00745102 	-0.017674 	-1.73104 	0.27132 	0.183033 	-0.193776 	
0.285	-0.00731601 	-0.0183076 	-1.73063 	0.271599 	0.183903 	-0.193 	
0.29	-0.00724862 	-0.018898 	-1.73015 	0.271694 	0.184316 	-0.193516 	
0.295	-0.00715202 	-0.019521 	-1.72969 	0.271865 	0.184932 	-0.193899 	
0.3	-0.00703206 	-0.0201717 	-1.72925 	0.272098 	0.18571 	-0.194175 	
0.305	-0.00693634 	-0.020809 	-1.72876 	0.272271 	0.186301 	-0.192854 	
0.31	-0.00681709 	-0.0214747 	-1.7283 	0.272505 	0.187058 	-0.191766 	
0.315	-0.00667902 	-0.0221649 	-1.72784 	0.272787 	0.187948 	-0.190866 	
0.32	-0.00652591 	-0.0228766 	-1.72739 	0.273108 	0.188944 	-0.190115 	
0.325	-0.00636077 	-0.0236072 	-1.72694 	0.273459 	0.190023 	-0.189485 	
0.33	-0.00634383 	-0.0242316 	-1.72633 	0.273408 	0.190109 	-0.189881 	
0.335	-0.0062876 	-0.0248957 	-1.72576 	0.273462 	0.19046 	-0.190167 	
0.34	-0.00620002 	-0.0255933 	-1.72521 	0.273599 	0.191023 	-0.190366 	
0.345	-0.00604121 	-0.0263544 	-1.72472 	0.273931 	0.192061 	-0.188988 	
0.35	-0.00587163 	-0.0271332 	-1.72422 	0.274291 	0.193172 	-0.187855 	
0.355	-0.00569344 	-0.0279278 	-1.72373 	0.274674 	0.194342 	-0.186918 	
0.36	-0.00550839 	-0.0287369 	-1.72323 	0.275074 	0.195559 	-0.186139 	
0.365	-0.00549714 	-0.0294211 	-1.72256 	0.274997 	0.195629 	-0.186306 	
0.37	-0.00544564 	-0.0301449 	-1.72193 	0.275029 	0.195966 	-0.18641 	
0.375	-0.00536203 	-0.030902 	-1.72131 	0.275149 	0.196515 	-0.186463 	
0.38	-0.00518216 	-0.0317442 	-1.72077 	0.27553 	0.197712 	-0.185186 	
0.385	-0.00499597 	-0.0325996 	-1.72023 	0.275928 	0.198949 	-0.184135 	
0.39	-0.00480476 	-0.0334673 	-1.71968 	0.276341 	0.200216 	-0.183263 	
0.395	-0.00460958 	-0.0343466 	-1.71913 	0.276765 	0.201508 	-0.182536 	
0.4	-0.00441129 	-0.0352367 	-1.71857 	0.277198 	0.202818 	-0.181923 	
0.405	-0.00445458 	-0.0359532 	-1.71779 	0.276954 	0.202576 	-0.181868 	
0.41	-0.00444701 	-0.0367159 	-1.71704 	0.276853 	0.202659 	-0.181794 	
0.415	-0.0043989 	-0.0375172 	-1.71632 	0.276866 	0.203002 	-0.181704 	
0.42	-0.00415588 	-0.0384803 	-1.71577 	0.277414 	0.204635 	-0.180461 	
0.425	-0.00391962 	-0.0394458 	-1.7152 	0.277946 	0.206216 	-0.179436 	
0.43	-0.0036888 	-0.0404146 	-1.71461 	0.278465 	0.207754 	-0.178586 	
0.435	-0.00346243 	-0.0413879 	-1.71401 	0.278974 	0.209259 	-0.177875 	
0.44	-0.00350402 	-0.0421691 	-1.71318 	0.278722 	0.209072 	-0.177593 	
0.445	-0.00349556 	-0.0429948 	-1.71238 	0.278614 	0.209197 	-0.177338 	
0.45	-0.00344722 	-0.0438576 	-1.7116 	0.278621 	0.209569 	-0.177104 	
0.455	-0.00319633 	-0.0448898 	-1.71099 	0.279185 	0.211276 	-0.175959 	
0.46	-0.00295431 	-0.0459214 	-1.71036 	0.27973 	0.212913 	-0.175013 	
0.465	-0.00271944 	-0.0469542 	-1.70971 	0.280258 	0.214493 	-0.174225 	
0.47	-0.0024904 	-0.0479893 	-1.70905 	0.280774 	0.216026 	-0.173565 	
0.475	-0.00252486 	-0.04884 	-1.70817 	0.280528 	0.215942 	-0.173037 	
0.48	-0.0025113 	-0.0497318 	-1.70732 	0.280423 	0.216145 	-0.172585 	
0.485	-0.0024595 	-0.0506582 	-1.70648 	0.280433 	0.216576 	-0.172193 	
0.49	-0.00220413 	-0.0517552 	-1.70581 	0.281007 	0.218336 	-0.171144 	
0.495	-0.00195921 	-0.0528492 	-1.70512 	0.281559 	0.220011 	-0.170275 	
0.5	-0.00172271 	-0.0539423 	-1.70442 	0.282093 	0.221617 	-0.169548 	
0.505	-0.00149307 	-0.0550362 	-1.70369 	0.282612 	0.223167 	-0.168936 	
0.51	-0.00152026 	-0.0559564 	-1.70276 	0.28237 	0.223198 	-0.168174 	
0.515	-0.00150161 	-0.0569143 	-1.70186 	0.282269 	0.223487 	-0.167534 	
0.52	-0.0014465 	-0.0579035 	-1.70098 	0.28228 	0.223984 	-0.166991 	
0.525	-0.00136235 	-0.0589194 	-1.7001 	0.282381 	0.224645 	-0.166527 	
0.53	-0.001051 	-0.0601322 	-1.69941 	0.283106 	0.226811 	-0.165356 	
0.535	-0.00076223 	-0.0613306 	-1.69869 	0.283777 	0.228806 	-0.164388 	
0.54	-0.000491582 	-0.0625188 	-1.69793 	0.284406 	0.230662 	-0.163583 	
0.545	-0.000495159 	-0.0635108 	-1.69697 	0.284235 	0.230859 	-0.162893 	
0.55	-0.000458512 	-0.0645358 	-1.69602 	0.284189 	0.231277 	-0.162311 	
0.555	-0.000389902 	-0.0655885 	-1.69509 	0.284245 	0.231871 	-0.161815 	
0.56	-0.000295857 	-0.0666648 	-1.69417 	0.284381 	0.232605 	-0.161387 	
0.565	-1.36667e-05 	-0.0679249 	-1.6934 	0.285002 	0.234682 	-0.160026 	
0.57	0.000250807 	-0.0691705 	-1.6926 	0.285589 	0.2366 	-0.158906 	
0.575	0.000501031 	-0.0704058 	-1.69177 	0.286151 	0.238389 	-0.157979 	
0.58	0.000739669 	-0.071634 	-1.69092 	0.286691 	0.240076 	-0.157207 	
0.585	0.000687645 	-0.0726515 	-1.68987 	0.286377 	0.240022 	-0.156576 	
0.59	0.000684465 	-0.0737074 	-1.68883 	0.286217 	0.240233 	-0.156041 	
0.595	0.00072012 	-0.074795 	-1.68781 	0.28618 	0.240656 	-0.155583 	
0.6	0.00100398 	-0.0761103 	-1.68698 	0.286815 	0.242757 	-0.154338 	
0.605	0.00126871 	-0.077409 	-1.68611 	0.287413 	0.244689 	-0.153311 	
0.61	0.00151807 	-0.0786955 	-1.68523 	0.287982 	0.246484 	-0.152459 	
0.615	0.00175492 	-0.0799735 	-1.68432 	0.288528 	0.24817 	-0.151746 	
0.62	0.00171163 	-0.0810632 	-1.68322 	0.288215 	0.248285 	-0.150854 	
0.625	0.0017143 	-0.0821853 	-1.68214 	0.288055 	0.248625 	-0.15011 	
0.63	0.00175349 	-0.0833345 	-1.68108 	0.288018 	0.249146 	-0.149484 	
0.635	0.00202886 	-0.0846942 	-1.68018 	0.28864 	0.251206 	-0.148367 	
0.64	0.00228564 	-0.0860366 	-1.67925 	0.289227 	0.253099 	-0.147443 	
0.645	0.00252744 	-0.0873664 	-1.67829 	0.289787 	0.254858 	-0.146672 	
0.65	0.00275703 	-0.0886871 	-1.67732 	0.290324 	0.256508 	-0.146024 	
0.655	0.00272165 	-0.089848 	-1.67619 	0.29001 	0.256795 	-0.144887 	
0.66	0.00272939 	-0.091035 	-1.67507 	0.289848 	0.257267 	-0.143946 	
0.665	0.00277138 	-0.0922441 	-1.67396 	0.289809 	0.257887 	-0.143162 	
0.67	0.00284058 	-0.093472 	-1.67286 	0.289867 	0.258624 	-0.142505 	
0.675	0.00316837 	-0.0949383 	-1.67192 	0.290642 	0.261067 	-0.141338 	
0.68	0.00346558 	-0.0963752 	-1.67095 	0.291351 	0.263259 	-0.140374 	
0.685	0.00373823 	-0.0977893 	-1.66995 	0.292007 	0.26525 	-0.139571 	
0.69	0.0037177 	-0.0990013 	-1.66878 	0.291756 	0.265622 	-0.138559 	
0.695	0.00373599 	-0.100237 	-1.66761 	0.291644 	0.266155 	-0.137718 	
0.7	0.00378508 	-0.101492 	-1.66645 	0.291643 	0.266818 	-0.137014 	
0.705	0.0038586 	-0.102763 	-1.6653 	0.291731 	0.267583 	-0.136421 	
0.71	0.00415227 	-0.104275 	-1.6643 	0.292377 	0.269974 	-0.135023 	
0.715	0.00442078 	-0.105755 	-1.66326 	0.292982 	0.272118 	-0.133874 	
0.72	0.00466905 	-0.107211 	-1.66219 	0.293554 	0.274063 	-0.132924 	
0.725	0.0046681 	-0.108475 	-1.66098 	0.293381 	0.274546 	-0.132029 	
0.73	0.00470064 	-0.109759 	-1.65977 	0.293331 	0.275162 	-0.131283 	
0.735	0.00475969 	-0.111059 	-1.65857 	0.29338 	0.275884 	-0.130655 	
0.74	0.00497591 	-0.112545 	-1.65747 	0.29381 	0.277825 	-0.129363 	
0.745	0.00518125 	-0.114011 	-1.65635 	0.294242 	0.279603 	-0.128298 	
0.75	0.00537776 	-0.115459 	-1.65521 	0.294676 	0.28125 	-0.127416 	
0.755	0.00556697 	-0.116896 	-1.65405 	0.29511 	0.282791 	-0.126678 	
0.76	0.00575015 	-0.118323 	-1.65287 	0.295545 	0.284247 	-0.126058 	
0.765	0.0057129 	-0.119658 	-1.65161 	0.295186 	0.284836 	-0.124615 	
0.77	0.00571469 	-0.121005 	-1.65035 	0.294987 	0.285529 	-0.12343 	
0.775	0.00574747 	-0.122363 	-1.64909 	0.294915 	0.286304 	-0.122452 	
0.78	0.00580483 	-0.12373 	-1.64784 	0.294944 	0.287143 	-0.121639 	
0.785	0.00610474 	-0.125323 	-1.6467 	0.295673 	0.289525 	-0.120591 	
0.79	0.00637506 	-0.126881 	-1.64554 	0.296343 	0.291647 	-0.119721 	
0.795	0.00662158 	-0.128411 	-1.64435 	0.296965 	0.29356 	-0.118995 	
0.8	0.00659027 	-0.129775 	-1.64304 	0.296657 	0.294149 	-0.117718 	
0.805	0.00659529 	-0.131151 	-1.64174 	0.296497 	0.294834 	-0.116665 	
0.81	0.00662911 	-0.132537 	-1.64043 	0.296456 	0.295596 	-0.115793 	
0.815	0.00668575 	-0.133932 	-1.63912 	0.29651 	0.296418 	-0.115065 	
0.82	0.00694912 	-0.135569 	-1.63793 	0.297091 	0.298786 	-0.113757 	
0.825	0.0071886 	-0.137166 	-1.63671 	0.297643 	0.300889 	-0.112681 	
0.83	0.00740887 	-0.138733 	-1.63547 	0.298169 	0.302779 	-0.111789 	
0.835	0.00739221 	-0.14013 	-1.63412 	0.29794 	0.303414 	-0.110674 	
0.84	0.00740738 	-0.141536 	-1.63277 	0.297843 	0.30413 	-0.109752 	
0.845	0.00744773 	-0.142951 	-1.63142 	0.297851 	0.304908 	-0.108985 	
0.85	0.00750802 	-0.144373 	-1.63007 	0.297943 	0.305735 	-0.108341 	
0.855	0.0077352 	-0.14605 	-1.62882 	0.298381 	0.308089 	-0.106798 	
0.86	0.0079441 	-0.147684 	-1.62755 	0.298816 	0.310173 	-0.105533 	
0.865	0.0081383 	-0.149283 	-1.62625 	0.29925 	0.312041 	-0.104491 	
0.87	0.00832048 	-0.150856 	-1.62493 	0.299681 	0.313734 	-0.103628 	
0.875	0.00824909 	-0.15224 	-1.62352 	0.299302 	0.314079 	-0.102568 	
0.88	0.00821873 	-0.15364 	-1.6221 	0.299084 	0.314554 	-0.101691 	
0.885	0.00822093 	-0.155053 	-1.62069 	0.298995 	0.315131 	-0.100959 	
0.89	0.0084376 	-0.156738 	-1.61939 	0.299445 	0.317367 	-0.0996027 	
0.895	0.00863653 	-0.158381 	-1.61806 	0.299889 	0.319349 	-0.0984876 	
0.9	0.00882118 	-0.159991 	-1.61671 	0.300329 	0.321128 	-0.097566 	
0.905	0.00899414 	-0.161575 	-1.61534 	0.300765 	0.322742 	-0.0967989 	
0.91	0.00891991 	-0.163022 	-1.6139 	0.300334 	0.323293 	-0.095478 	
0.915	0.00888565 	-0.164475 	-1.61246 	0.300073 	0.323925 	-0.0943921 	
0.92	0.0088831 	-0.165934 	-1.61102 	0.299948 	0.324619 	-0.0934943 	
0.925	0.00908243 	-0.167615 	-1.60965 	0.30039 	0.326692 	-0.0923216 	
0.93	0.00926594 	-0.169258 	-1.60827 	0.300828 	0.328536 	-0.0913543 	
0.935	0.00943667 	-0.17087 	-1.60687 	0.301261 	0.330196 	-0.0905513 	
0.94	0.00959694 	-0.172458 	-1.60545 	0.301691 	0.331708 	-0.0898798 	
0.945	0.00951804 	-0.173962 	-1.60399 	0.301206 	0.332447 	-0.0883248 	
0.95	0.00947841 	-0.175463 	-1.60252 	0.3009 	0.333222 	-0.0870522 	
0.955	0.00946998 	-0.176963 	-1.60105 	0.300739 	0.334023 	-0.0860057 	
0.96	0.00948628 	-0.17846 	-1.59958 	0.300694 	0.334844 	-0.0851402 	
0.965	0.00971975 	-0.180202 	-1.59818 	0.301263 	0.337149 	-0.0840288 	
0.97	0.00992874 	-0.181896 	-1.59675 	0.301801 	0.339169 	-0.0831112 	
0.975	0.010118 	-0.18355 	-1.59531 	0.302314 	0.340961 	-0.0823487 	
0.98	0.0100457 	-0.185055 	-1.59381 	0.301899 	0.341645 	-0.0809956 	
0.985	0.0100098 	-0.186558 	-1.59231 	0.301649 	0.342366 	-0.0798852 	
0.99	0.0100028 	-0.188059 	-1.59081 	0.301532 	0.343117 	-0.078969 	
0.995	0.0100187 	-0.18956 	-1.5893 	0.301521 	0.343892 	-0.0782082 	
1	0.0102093 	-0.191332 	-1.58786 	0.301912 	0.346196 	-0.0768459 	
1.005	0.0103824 	-0.193051 	-1.5864 	0.302307 	0.348209 	-0.0757282 	
1.01	0.0105414 	-0.194726 	-1.58492 	0.302705 	0.349987 	-0.0748065 	
1.015	0.010689 	-0.196366 	-1.58343 	0.303105 	0.351577 	-0.0740414 	
1.02	0.0105549 	-0.197835 	-1.58189 	0.302507 	0.351951 	-0.0726925 	
1.025	0.0104679 	-0.199309 	-1.58034 	0.302111 	0.352417 	-0.0715864 	
1.03	0.0104185 	-0.200788 	-1.5788 	0.301875 	0.352955 	-0.0706746 	
1.035	0.0105983 	-0.202543 	-1.57731 	0.302288 	0.355097 	-0.0695107 	
1.04	0.0107614 	-0.204246 	-1.57581 	0.302699 	0.356972 	-0.0685525 	
1.045	0.010911 	-0.205909 	-1.5743 	0.303109 	0.358633 	-0.0677591 	
1.05	0.0108459 	-0.207451 	-1.57275 	0.302741 	0.359423 	-0.066466 	
1.055	0.0108128 	-0.208983 	-1.5712 	0.302529 	0.360214 	-0.065405 	
1.06	0.0108051 	-0.210509 	-1.56964 	0.302439 	0.361005 	-0.0645299 	
1.065	0.0108176 	-0.212028 	-1.56809 	0.302449 	0.361796 	-0.0638036 	
1.07	0.0109431 	-0.213796 	-1.56657 	0.302642 	0.363887 	-0.0623901 	
1.075	0.0110614 	-0.215511 	-1.56504 	0.302878 	0.365713 	-0.0612332 	
1.08	0.0111737 	-0.217181 	-1.56349 	0.303146 	0.367328 	-0.0602817 	
1.085	0.0112812 	-0.218817 	-1.56194 	0.303441 	0.368772 	-0.0594945 	
1.09	0.011168 	-0.220319 	-1.56036 	0.302939 	0.3693 	-0.0582392 	
1.095	0.0110949 	-0.221818 	-1.55878 	0.302618 	0.369875 	-0.0572095 	
1.1	0.0110538 	-0.223315 	-1.55721 	0.302441 	0.370485 	-0.0563605 	
1.105	0.011038 	-0.22481 	-1.55562 	0.302379 	0.371123 	-0.0556561 	
1.11	0.0111955 	-0.226637 	-1.55408 	0.302676 	0.373498 	-0.0542254 	
1.115	0.0113377 	-0.228396 	-1.55253 	0.302993 	0.375544 	-0.0530558 	
1.12	0.0114677 	-0.230101 	-1.55096 	0.303325 	0.377325 	-0.0520952 	
1.125	0.0113632 	-0.231579 	-1.54937 	0.302905 	0.377771 	-0.0510428 	
1.13	0.0112959 	-0.233057 	-1.54777 	0.302647 	0.378272 	-0.0501763 	
1.135	0.011258 	-0.234535 	-1.54618 	0.302521 	0.378817 	-0.0494588 	
1.14	0.0113414 	-0.236272 	-1.54461 	0.30262 	0.380685 	-0.0481395 	
1.145	0.0114233 	-0.237957 	-1.54303 	0.302779 	0.38232 	-0.0470598 	
1.15	0.0115042 	-0.2396 	-1.54144 	0.302985 	0.383767 	-0.0461721 	
1.155	0.011584 	-0.241208 	-1.53985 	0.303228 	0.385063 	-0.0454378 	
1.16	0.0114703 	-0.242735 	-1.53825 	0.302718 	0.385744 	-0.0441385 	
1.165	0.0113944 	-0.24425 	-1.53665 	0.302388 	0.386426 	-0.0430756 	
1.17	0.0113485 	-0.245754 	-1.53505 	0.302203 	0.387108 	-0.0422019 	
1.175	0.0113266 	-0.247249 	-1.53346 	0.302133 	0.38779 	-0.0414797 	
1.18	0.0114276 	-0.24901 	-1.53187 	0.302301 	0.389809 	-0.0401874 	
1.185	0.0115224 	-0.250711 	-1.53027 	0.302513 	0.391557 	-0.0391305 	
1.19	0.0116123 	-0.252362 	-1.52867 	0.302761 	0.393087 	-0.0382621 	
1.195	0.0116981 	-0.253973 	-1.52707 	0.303037 	0.394442 	-0.0375444 	
1.2	0.011525 	-0.25543 	-1.52547 	0.302349 	0.394788 	-0.0362754 	
1.205	0.0114005 	-0.256883 	-1.52386 	0.301876 	0.395196 	-0.0352379 	
1.21	0.0113147 	-0.258334 	-1.52226 	0.301575 	0.395651 	-0.0343858 	
1.215	0.011413 	-0.260046 	-1.52066 	0.301795 	0.397492 	-0.0333035 	
1.22	0.0115046 	-0.261704 	-1.51906 	0.302048 	0.399091 	-0.0324157 	
1.225	0.0115911 	-0.263316 	-1.51745 	0.302328 	0.400496 	-0.0316835 	
1.23	0.0114776 	-0.264817 	-1.51585 	0.301848 	0.401171 	-0.0304865 	
1.235	0.0113999 	-0.266303 	-1.51425 	0.301542 	0.401837 	-0.0295074 	
1.24	0.0113506 	-0.267775 	-1.51265 	0.301373 	0.402494 	-0.0287029 	
1.245	0.0113239 	-0.269236 	-1.51105 	0.301316 	0.403143 	-0.028038 	
1.25	0.0113663 	-0.270938 	-1.50945 	0.301303 	0.404921 	-0.0267462 	
1.255	0.0114125 	-0.272582 	-1.50784 	0.30137 	0.406463 	-0.0256919 	
1.26	0.0114616 	-0.274178 	-1.50624 	0.301501 	0.407818 	-0.0248276 	
1.265	0.0115131 	-0.275735 	-1.50464 	0.301681 	0.409021 	-0.0241155 	
1.27	0.01136 	-0.277167 	-1.50305 	0.30109 	0.409439 	-0.0229795 	
1.275	0.0112497 	-0.27859 	-1.50146 	0.300694 	0.409893 	-0.0220506 	
1.28	0.0111736 	-0.280006 	-1.49987 	0.300453 	0.410374 	-0.0212873 	
1.285	0.0111246 	-0.281415 	-1.49829 	0.300337 	0.410877 	-0.0206567 	
1.29	0.0111933 	-0.283139 	-1.49668 	0.300413 	0.412866 	-0.0193761 	
1.295	0.0112596 	-0.284794 	-1.49508 	0.300551 	0.414572 	-0.0183319 	
1.3	0.011324 	-0.286393 	-1.49349 	0.300736 	0.416051 	-0.017477 	
1.305	0.0113868 	-0.287945 	-1.49189 	0.30096 	0.417348 	-0.0167735 	
1.31	0.0111754 	-0.28927 	-1.49033 	0.3002 	0.417365 	-0.0157164 	
1.315	0.0110179 	-0.2906 	-1.48876 	0.299668 	0.417492 	-0.0148517 	
1.32	0.0109033 	-0.291934 	-1.4872 	0.299318 	0.417708 	-0.0141411 	
1.325	0.0109747 	-0.293592 	-1.48561 	0.299464 	0.419514 	-0.0130712 	
1.33	0.0110426 	-0.295187 	-1.48402 	0.299657 	0.421069 	-0.0121967 	
1.335	0.0111078 	-0.296731 	-1.48244 	0.299886 	0.422423 	-0.0114785 	
1.34	0.010961 	-0.298106 	-1.48088 	0.299339 	0.422835 	-0.0104522 	
1.345	0.0108545 	-0.299471 	-1.47933 	0.298977 	0.423275 	-0.00961308 	
1.35	0.0107803 	-0.300827 	-1.47779 	0.298763 	0.423737 	-0.00892369 	
1.355	0.0107317 	-0.302175 	-1.47624 	0.298667 	0.424215 	-0.00835421 	
1.36	0.0107451 	-0.303795 	-1.47467 	0.298577 	0.425902 	-0.00712326 	
1.365	0.0107662 	-0.305352 	-1.4731 	0.29858 	0.427358 	-0.00612084 	
1.37	0.0107935 	-0.306858 	-1.47154 	0.298657 	0.42863 	-0.00530142 	
1.375	0.0108258 	-0.308321 	-1.46999 	0.298794 	0.429753 	-0.00462841 	
1.38	0.0106424 	-0.309597 	-1.46848 	0.298148 	0.429866 	-0.00369633 	
1.385	0.0105064 	-0.310873 	-1.46697 	0.297707 	0.430063 	-0.00293365 	
1.39	0.0104082 	-0.312149 	-1.46546 	0.297428 	0.430326 	-0.00230659 	
1.395	0.0103401 	-0.313423 	-1.46396 	0.297281 	0.430642 	-0.00178812 	
1.4	0.0103839 	-0.315058 	-1.4624 	0.297285 	0.432574 	-0.000551785 	
1.405	0.0104289 	-0.316619 	-1.46086 	0.297363 	0.434222 	0.000453837 	
1.41	0.0104751 	-0.318118 	-1.45932 	0.2975 	0.435643 	0.00127469 	
1.415	0.0103137 	-0.31933 	-1.45785 	0.296976 	0.435681 	0.002016 	
1.42	0.010195 	-0.320546 	-1.45638 	0.296631 	0.435816 	0.00262514 	
1.425	0.0101105 	-0.321765 	-1.45491 	0.296429 	0.436026 	0.00312851 	
1.43	0.0100994 	-0.323259 	-1.4534 	0.296298 	0.437442 	0.00420507 	
1.435	0.0101006 	-0.324697 	-1.4519 	0.296267 	0.438676 	0.00508208 	
1.44	0.0101116 	-0.32609 	-1.45041 	0.296317 	0.439763 	0.00579931 	
1.445	0.0101304 	-0.327446 	-1.44893 	0.296431 	0.440734 	0.00638871 	
1.45	0.0101556 	-0.32877 	-1.44747 	0.296596 	0.441611 	0.00687584 	
1.455	0.00991517 	-0.329963 	-1.44604 	0.295689 	0.441672 	0.00797832 	
1.46	0.00973319 	-0.331154 	-1.44462 	0.295037 	0.441822 	0.00887531 	
1.465	0.00959794 	-0.332342 	-1.4432 	0.294589 	0.442042 	0.00960776 	
1.47	0.00950005 	-0.333526 	-1.44179 	0.294305 	0.442319 	0.0102085 	
1.475	0.00958805 	-0.335007 	-1.44032 	0.294582 	0.444016 	0.0110029 	
1.48	0.00966838 	-0.336424 	-1.43886 	0.294877 	0.445472 	0.0116531 	
1.485	0.00974271 	-0.337787 	-1.43741 	0.295187 	0.446735 	0.0121878 	
1.49	0.00952815 	-0.338905 	-1.43605 	0.294415 	0.446716 	0.0130946 	
1.495	0.00936692 	-0.340025 	-1.43468 	0.293871 	0.4468 	0.0138343 	
1.5	0.00924833 	-0.341146 	-1.43332 	0.29351 	0.446966 	0.0144402 	
1.505	0.00916387 	-0.342266 	-1.43196 	0.293295 	0.447199 	0.014939 	
1.51	0.00920169 	-0.343687 	-1.43054 	0.293361 	0.448773 	0.0158485 	
1.515	0.00924206 	-0.345044 	-1.42913 	0.293487 	0.45013 	0.0165901 	
1.52	0.0092846 	-0.346349 	-1.42774 	0.293661 	0.451313 	0.0171972 	
1.525	0.00910477 	-0.347401 	-1.42643 	0.29305 	0.451281 	0.0179236 	
1.53	0.0089715 	-0.348458 	-1.42512 	0.292634 	0.451353 	0.0185183 	
1.535	0.00887548 	-0.349518 	-1.42382 	0.292375 	0.451511 	0.0190075 	
1.54	0.00880929 	-0.350578 	-1.42253 	0.292242 	0.451735 	0.0194124 	
1.545	0.00880156 	-0.351928 	-1.42116 	0.292118 	0.453173 	0.0204078 	
1.55	0.0088058 	-0.353217 	-1.41981 	0.292093 	0.45442 	0.0212173 	
1.555	0.00881977 	-0.354457 	-1.41849 	0.292146 	0.455516 	0.021878 	
1.56	0.00884156 	-0.355654 	-1.41718 	0.292262 	0.456489 	0.0224198 	
1.565	0.00862976 	-0.356561 	-1.41596 	0.291564 	0.456108 	0.0230238 	
1.57	0.00847137 	-0.35749 	-1.41475 	0.291079 	0.455902 	0.0235199 	
1.575	0.00835572 	-0.358433 	-1.41354 	0.290765 	0.455837 	0.0239295 	
1.58	0.00827429 	-0.359386 	-1.41233 	0.290587 	0.455884 	0.02427 	
1.585	0.00830707 	-0.360737 	-1.41102 	0.290587 	0.45761 	0.0252741 	
1.59	0.00834412 	-0.362015 	-1.40972 	0.29066 	0.459089 	0.0260899 	
1.595	0.0083848 	-0.363231 	-1.40845 	0.290792 	0.46037 	0.026755 	
1.6	0.00820455 	-0.364063 	-1.40732 	0.290235 	0.459971 	0.0272025 	
1.605	0.00807186 	-0.364919 	-1.40618 	0.289863 	0.459752 	0.0275729 	
1.61	0.00797721 	-0.365793 	-1.40505 	0.289639 	0.459676 	0.0278815 	
1.615	0.00791308 	-0.366678 	-1.40391 	0.289534 	0.459717 	0.0281408 	
1.62	0.00790274 	-0.367934 	-1.40267 	0.289363 	0.46125 	0.0291824 	
1.625	0.00790588 	-0.369123 	-1.40146 	0.289299 	0.462575 	0.0300278 	
1.63	0.00792003 	-0.370256 	-1.40027 	0.289322 	0.463735 	0.0307161 	
1.635	0.00777521 	-0.371024 	-1.39921 	0.288911 	0.463378 	0.0310354 	
1.64	0.00767144 	-0.371816 	-1.39815 	0.288656 	0.463193 	0.0313028 	
1.645	0.00760051 	-0.372625 	-1.3971 	0.288525 	0.463147 	0.0315287 	
1.65	0.00755596 	-0.373446 	-1.39604 	0.288494 	0.463212 	0.0317214 	
1.655	0.00750757 	-0.374599 	-1.39489 	0.288175 	0.464545 	0.0327762 	
1.66	0.00748098 	-0.375693 	-1.39376 	0.287993 	0.465713 	0.0336317 	
1.665	0.00747205 	-0.376736 	-1.39266 	0.287921 	0.466749 	0.0343278 	
1.67	0.00747734 	-0.377737 	-1.39158 	0.287938 	0.467679 	0.0348963 	
1.675	0.00731869 	-0.378328 	-1.39065 	0.287524 	0.466934 	0.0350025 	
1.68	0.00720467 	-0.378963 	-1.38972 	0.287268 	0.466442 	0.0350991 	
1.685	0.00712641 	-0.379631 	-1.38878 	0.287136 	0.466153 	0.035188 	
1.69	0.00710289 	-0.380686 	-1.38772 	0.286942 	0.467394 	0.0360765 	
1.695	0.007097 	-0.381687 	-1.38668 	0.286861 	0.46849 	0.0367989 	
1.7	0.00710543 	-0.382642 	-1.38567 	0.28687 	0.469472 	0.0373881 	
1.705	0.00712542 	-0.38356 	-1.38467 	0.286952 	0.470362 	0.0378711 	
1.71	0.00694739 	-0.384088 	-1.38384 	0.286427 	0.469626 	0.0380543 	
1.715	0.0068187 	-0.384659 	-1.38299 	0.286081 	0.469145 	0.0382123 	
1.72	0.00672954 	-0.385262 	-1.38215 	0.285878 	0.468867 	0.0383501 	
1.725	0.00672715 	-0.386208 	-1.38118 	0.285796 	0.469985 	0.0390715 	
1.73	0.00673907 	-0.387108 	-1.38024 	0.285805 	0.470987 	0.0396599 	
1.735	0.00676265 	-0.387968 	-1.37933 	0.285886 	0.471897 	0.040142 	
1.74	0.00679566 	-0.388796 	-1.37843 	0.286026 	0.472734 	0.0405391 	
1.745	0.00660178 	-0.389252 	-1.37769 	0.285408 	0.471988 	0.0407734 	
1.75	0.00646131 	-0.389751 	-1.37694 	0.284989 	0.471501 	0.0409721 	
1.755	0.00636367 	-0.390283 	-1.37619 	0.284727 	0.471224 	0.0411424 	
1.76	0.00630043 	-0.390839 	-1.37544 	0.284593 	0.471114 	0.04129 	
1.765	0.00633779 	-0.391757 	-1.37456 	0.284632 	0.472479 	0.0420175 	
1.77	0.00638259 	-0.392618 	-1.37371 	0.284738 	0.473683 	0.0426109 	
1.775	0.00643356 	-0.393431 	-1.37288 	0.284897 	0.474759 	0.043097 	
1.78	0.00627652 	-0.393814 	-1.37224 	0.284424 	0.474067 	0.0432233 	
1.785	0.0061665 	-0.39424 	-1.3716 	0.28412 	0.473629 	0.0433357 	
1.79	0.00609421 	-0.394698 	-1.37094 	0.283952 	0.473394 	0.043437 	
1.795	0.00605224 	-0.395181 	-1.37029 	0.283892 	0.473323 	0.0435295 	
1.8	0.00603468 	-0.395681 	-1.36964 	0.283919 	0.473383 	0.0436151 	
1.805	0.00602147 	-0.3965 	-1.36888 	0.283719 	0.474643 	0.0444679 	
1.81	0.00602701 	-0.397265 	-1.36815 	0.283634 	0.475768 	0.0451616 	
1.815	0.0060478 	-0.397985 	-1.36744 	0.28364 	0.476786 	0.045728 	
1.82	0.00593944 	-0.398241 	-1.36693 	0.28339 	0.476023 	0.0456207 	
1.825	0.00586958 	-0.39855 	-1.36641 	0.283265 	0.475534 	0.0455464 	
1.83	0.00583064 	-0.398898 	-1.36588 	0.28324 	0.475263 	0.0454987 	
1.835	0.00581661 	-0.399275 	-1.36535 	0.283296 	0.475169 	0.0454723 	
1.84	0.00577664 	-0.399955 	-1.36472 	0.283 	0.47618 	0.046267 	
1.845	0.00576196 	-0.400594 	-1.36411 	0.282839 	0.477112 	0.0469145 	
1.85	0.00576773 	-0.401198 	-1.36352 	0.282785 	0.477981 	0.0474441 	
1.855	0.0056943 	-0.401396 	-1.36311 	0.282656 	0.477338 	0.047283 	
1.86	0.00565352 	-0.401642 	-1.36269 	0.282628 	0.47695 	0.0471659 	
1.865	0.005639 	-0.401925 	-1.36226 	0.282682 	0.476766 	0.0470842 	
1.87	0.00564567 	-0.402234 	-1.36184 	0.2828 	0.476747 	0.047031 	
1.875	0.0055799 	-0.402762 	-1.36134 	0.28242 	0.477468 	0.0477376 	
1.88	0.00554581 	-0.403264 	-1.36086 	0.282192 	0.478174 	0.0483149 	
1.885	0.00553728 	-0.403743 	-1.3604 	0.282085 	0.478869 	0.0487888 	
1.89	0.00549627 	-0.403881 	-1.36009 	0.282065 	0.478345 	0.0485847 	
1.895	0.00548262 	-0.404064 	-1.35977 	0.282125 	0.478058 	0.0484336 	
1.9	0.00549103 	-0.404281 	-1.35945 	0.282249 	0.477961 	0.0483251 	
1.905	0.00551727 	-0.404523 	-1.35913 	0.282424 	0.478017 	0.0482508 	
1.91	0.00555795 	-0.404783 	-1.35881 	0.28264 	0.478197 	0.0482041 	
1.915	0.00542545 	-0.405147 	-1.35847 	0.281983 	0.478594 	0.0489545 	
1.92	0.00533943 	-0.405501 	-1.35814 	0.281533 	0.479048 	0.0495674 	
1.925	0.0052908 	-0.405844 	-1.35783 	0.28125 	0.479548 	0.0500701 	
1.93	0.00531783 	-0.405896 	-1.35764 	0.281506 	0.479138 	0.0496873 	
1.935	0.00536004 	-0.405992 	-1.35744 	0.281788 	0.478949 	0.0493939 	
1.94	0.00541459 	-0.406123 	-1.35724 	0.282091 	0.478938 	0.0491722 	
1.945	0.0054792 	-0.406278 	-1.35704 	0.282409 	0.479069 	0.049008 	
1.95	0.00533244 	-0.406492 	-1.35685 	0.281713 	0.479212 	0.0496492 	
1.955	0.00523633 	-0.40671 	-1.35665 	0.281233 	0.479469 	0.0501752 	
1.96	0.00518094 	-0.406929 	-1.35647 	0.280925 	0.479818 	0.050609 	
1.965	0.00523154 	-0.406919 	-1.35639 	0.281251 	0.479518 	0.0502142 	
1.97	0.00529393 	-0.406951 	-1.35629 	0.281588 	0.479425 	0.0499117 	
1.975	0.00536593 	-0.407015 	-1.3562 	0.281935 	0.479496 	0.0496833 	
1.98	0.00544583 	-0.407101 	-1.35611 	0.28229 	0.479701 	0.0495145 	
1.985	0.00528902 	-0.407157 	-1.35605 	0.281579 	0.479567 	0.0500159 	
1.99	0.00518622 	-0.407232 	-1.356 	0.281087 	0.47961 	0.0504308 	
1.995	0.00512682 	-0.407321 	-1.35595 	0.280771 	0.479795 	0.0507764 	
2	0.00510233 	-0.407419 	-1.35591 	0.280596 	0.480094 	0.0510666 	
2.005	0.00519939 	-0.407278 	-1.35595 	0.281143 	0.479689 	0.0504258 	
2.01	0.00529752 	-0.407204 	-1.35596 	0.281657 	0.479502 	0.0499255 	
2.015	0.0053962 	-0.407186 	-1.35593 	0.282145 	0.479488 	0.0495377 	
2.02	0.00527567 	-0.407285 	-1.35585 	0.281562 	0.479614 	0.0500066 	
2.025	0.00519871 	-0.407407 	-1.35575 	0.281172 	0.479847 	0.0503934 	
2.03	0.00515627 	-0.407548 	-1.35563 	0.280936 	0.480163 	0.0507141 	
2.035	0.00514112 	-0.407706 	-1.35548 	0.280823 	0.480543 	0.0509817 	
2.04	0.00520016 	-0.407645 	-1.35541 	0.281212 	0.480205 	0.0503844 	
2.045	0.00526553 	-0.407642 	-1.3553 	0.281598 	0.480058 	0.0499174 	
2.05	0.00533564 	-0.407688 	-1.35516 	0.281983 	0.480062 	0.0495544 	
2.055	0.00524549 	-0.407892 	-1.35495 	0.281536 	0.480422 	0.0499799 	
2.06	0.00519049 	-0.408104 	-1.35473 	0.281253 	0.480828 	0.0503304 	
2.065	0.00516328 	-0.408325 	-1.35449 	0.281102 	0.481269 	0.0506205 	
2.07	0.00515798 	-0.408553 	-1.35423 	0.281054 	0.481736 	0.0508621 	
2.075	0.00516989 	-0.408787 	-1.35395 	0.281091 	0.482222 	0.0510647 	
2.08	0.0051858 	-0.408774 	-1.35376 	0.28133 	0.48181 	0.0503285 	
2.085	0.00521404 	-0.408818 	-1.35354 	0.281595 	0.481589 	0.0497486 	
2.09	0.00525184 	-0.408908 	-1.35329 	0.281881 	0.48152 	0.0492936 	
2.095	0.00519307 	-0.409263 	-1.35292 	0.28155 	0.482257 	0.0498358 	
2.1	0.00516053 	-0.409603 	-1.35254 	0.281358 	0.48295 	0.0502779 	
2.105	0.00514872 	-0.409934 	-1.35216 	0.281278 	0.483605 	0.0506396 	
2.11	0.00515318 	-0.410257 	-1.35176 	0.281287 	0.484228 	0.0509367 	
2.115	0.00514659 	-0.410343 	-1.35145 	0.281421 	0.48398 	0.0502305 	
2.12	0.00515467 	-0.410472 	-1.35112 	0.2816 	0.483877 	0.0496731 	
2.125	0.00517417 	-0.410637 	-1.35075 	0.281816 	0.483889 	0.0492346 	
2.13	0.00513453 	-0.411063 	-1.35027 	0.281589 	0.484737 	0.0497259 	
2.135	0.00511518 	-0.411467 	-1.34979 	0.281479 	0.485506 	0.0501259 	
2.14	0.00511182 	-0.411854 	-1.3493 	0.281463 	0.486209 	0.0504525 	
2.145	0.00512096 	-0.412228 	-1.3488 	0.281522 	0.486859 	0.0507201 	
2.15	0.00513983 	-0.412592 	-1.3483 	0.281641 	0.487463 	0.0509404 	
2.155	0.00509108 	-0.412766 	-1.34787 	0.281593 	0.487303 	0.0500817 	
2.16	0.00506314 	-0.412972 	-1.34742 	0.281625 	0.487257 	0.0494007 	
2.165	0.00505156 	-0.413204 	-1.34694 	0.281723 	0.487301 	0.0488618 	
2.17	0.00504356 	-0.413729 	-1.34633 	0.281642 	0.488357 	0.0494834 	
2.175	0.00504729 	-0.414218 	-1.34572 	0.281648 	0.489278 	0.0499861 	
2.18	0.00506021 	-0.414679 	-1.34511 	0.281723 	0.49009 	0.0503933 	
2.185	0.00508022 	-0.415118 	-1.3445 	0.281853 	0.490812 	0.050724 	
2.19	0.00501732 	-0.415398 	-1.34396 	0.281724 	0.490867 	0.0499047 	
2.195	0.00497624 	-0.415693 	-1.3434 	0.281691 	0.490982 	0.0492539 	
2.2	0.00495239 	-0.416001 	-1.34283 	0.281735 	0.491143 	0.0487379 	
2.205	0.0049542 	-0.416566 	-1.34213 	0.281727 	0.49221 	0.0492987 	
2.21	0.00496408 	-0.417091 	-1.34144 	0.281791 	0.493128 	0.0497514 	
2.215	0.00498025 	-0.417585 	-1.34075 	0.281911 	0.493927 	0.0501175 	
2.22	0.00500124 	-0.418055 	-1.34006 	0.282076 	0.494628 	0.0504142 	
2.225	0.00502587 	-0.418506 	-1.33937 	0.282278 	0.495251 	0.0506551 	
2.23	0.00492057 	-0.418906 	-1.33871 	0.281931 	0.495537 	0.0496696 	
2.235	0.00484379 	-0.419302 	-1.33804 	0.281723 	0.495825 	0.0488846 	
2.24	0.00478965 	-0.419696 	-1.33736 	0.281626 	0.496113 	0.0482599 	
2.245	0.00482387 	-0.420295 	-1.33657 	0.281796 	0.497198 	0.0489655 	
2.25	0.00485807 	-0.420853 	-1.3358 	0.282001 	0.498119 	0.0495329 	
2.255	0.00489212 	-0.421376 	-1.33503 	0.282233 	0.49891 	0.0499897 	
2.26	0.00492587 	-0.421873 	-1.33426 	0.282487 	0.499595 	0.0503577 	
2.265	0.00481275 	-0.422369 	-1.33351 	0.282084 	0.500095 	0.0494219 	
2.27	0.00472845 	-0.422844 	-1.33275 	0.281829 	0.500545 	0.0486758 	
2.275	0.00466707 	-0.423303 	-1.33199 	0.281694 	0.500954 	0.0480813 	
2.28	0.00470372 	-0.423914 	-1.33115 	0.281907 	0.501978 	0.0487158 	
2.285	0.00473875 	-0.424482 	-1.33032 	0.282144 	0.502844 	0.0492256 	
2.29	0.00477241 	-0.425018 	-1.3295 	0.282402 	0.503582 	0.0496354 	
2.295	0.00480483 	-0.425526 	-1.32868 	0.282675 	0.504217 	0.0499653 	
2.3	0.00468723 	-0.42611 	-1.32784 	0.282228 	0.504931 	0.0491061 	
2.305	0.00459837 	-0.426659 	-1.32701 	0.281936 	0.505545 	0.0484205 	
2.31	0.00453245 	-0.427179 	-1.32619 	0.281771 	0.506078 	0.0478738 	
2.315	0.00448479 	-0.427676 	-1.32537 	0.281705 	0.506547 	0.0474381 	
2.32	0.00454756 	-0.428337 	-1.32445 	0.282036 	0.507682 	0.0483365 	
2.325	0.00460261 	-0.428948 	-1.32355 	0.282367 	0.50863 	0.0490567 	
2.33	0.00465145 	-0.429519 	-1.32267 	0.282699 	0.509427 	0.0496342 	
2.335	0.00454735 	-0.430095 	-1.3218 	0.282341 	0.510067 	0.0488286 	
2.34	0.00446871 	-0.430639 	-1.32094 	0.282121 	0.510616 	0.0481854 	
2.345	0.00441042 	-0.431155 	-1.32009 	0.282012 	0.511093 	0.0476722 	
2.35	0.00436838 	-0.431651 	-1.31925 	0.281991 	0.511512 	0.0472629 	
2.355	0.00440805 	-0.432374 	-1.31828 	0.282197 	0.512779 	0.0480458 	
2.36	0.00444419 	-0.433036 	-1.31733 	0.282428 	0.513827 	0.0486733 	
2.365	0.00447754 	-0.433648 	-1.31641 	0.282679 	0.514701 	0.0491763 	
2.37	0.00450863 	-0.434219 	-1.31551 	0.282945 	0.515434 	0.0495797 	
2.375	0.00437742 	-0.434786 	-1.31463 	0.282486 	0.515971 	0.0484851 	
2.38	0.00427685 	-0.435321 	-1.31376 	0.282185 	0.516435 	0.0476106 	
2.385	0.00420084 	-0.435831 	-1.31289 	0.282011 	0.51684 	0.046912 	
2.39	0.00424434 	-0.436518 	-1.31193 	0.282265 	0.517958 	0.0476571 	
2.395	0.00428353 	-0.437149 	-1.31098 	0.282535 	0.518885 	0.0482543 	
2.4	0.00431935 	-0.437735 	-1.31007 	0.282816 	0.519661 	0.0487331 	
2.405	0.00435249 	-0.438286 	-1.30917 	0.283107 	0.520315 	0.0491171 	
2.41	0.0042186 	-0.438904 	-1.30826 	0.282606 	0.521012 	0.0481131 	
2.415	0.00411602 	-0.43948 	-1.30736 	0.282272 	0.521603 	0.0473109 	
2.42	0.00403861 	-0.440021 	-1.30648 	0.28207 	0.52211 	0.0466704 	
2.425	0.00408195 	-0.440657 	-1.30554 	0.282352 	0.523058 	0.0473394 	
2.43	0.00412136 	-0.441245 	-1.30463 	0.282644 	0.523851 	0.0478759 	
2.435	0.00415774 	-0.441796 	-1.30373 	0.282942 	0.524519 	0.0483064 	
2.44	0.00419177 	-0.442316 	-1.30286 	0.283247 	0.525088 	0.0486522 	
2.445	0.0040554 	-0.442964 	-1.30194 	0.28271 	0.525897 	0.0477343 	
2.45	0.00395133 	-0.443562 	-1.30104 	0.282345 	0.526579 	0.0470015 	
2.455	0.00387329 	-0.444118 	-1.30017 	0.28212 	0.527159 	0.0464168 	
2.46	0.0038162 	-0.444641 	-1.29931 	0.282005 	0.52766 	0.0459509 	
2.465	0.00389033 	-0.445242 	-1.2984 	0.28243 	0.528563 	0.0469048 	
2.47	0.00395519 	-0.445801 	-1.29752 	0.282835 	0.529321 	0.0476698 	
2.475	0.00401279 	-0.446323 	-1.29666 	0.283225 	0.529965 	0.0482837 	
2.48	0.00389219 	-0.446904 	-1.29579 	0.28278 	0.530614 	0.0474271 	
2.485	0.00380166 	-0.447445 	-1.29495 	0.28249 	0.531172 	0.046744 	
2.49	0.0037354 	-0.447951 	-1.29413 	0.282324 	0.531657 	0.0461997 	
2.495	0.00368873 	-0.448431 	-1.29333 	0.282257 	0.532085 	0.0457668 	
2.5	0.00373709 	-0.44903 	-1.29245 	0.282543 	0.53301 	0.0466023 	
2.505	0.0037824 	-0.449583 	-1.2916 	0.282837 	0.533791 	0.0472734 	
2.51	0.00382549 	-0.450098 	-1.29078 	0.283139 	0.534458 	0.047813 	
2.515	0.00372505 	-0.450604 	-1.28999 	0.282798 	0.534959 	0.0470554 	
2.52	0.00365192 	-0.451081 	-1.28922 	0.282592 	0.535403 	0.0464524 	
2.525	0.00360085 	-0.451532 	-1.28847 	0.282494 	0.535805 	0.0459733 	
2.53	0.00356765 	-0.451962 	-1.28773 	0.282482 	0.536172 	0.0455935 	
2.535	0.00354897 	-0.452375 	-1.28701 	0.282539 	0.536513 	0.0452934 	
2.54	0.00357334 	-0.452993 	-1.28617 	0.282667 	0.537564 	0.0462379 	
2.545	0.00360105 	-0.453555 	-1.28537 	0.282837 	0.538454 	0.0469975 	
2.55	0.00363174 	-0.454071 	-1.2846 	0.283039 	0.539215 	0.0476091 	
2.555	0.00354844 	-0.454446 	-1.28394 	0.282805 	0.539425 	0.046745 	
2.56	0.00349084 	-0.45481 	-1.28329 	0.282685 	0.539645 	0.0460583 	
2.565	0.00345403 	-0.455166 	-1.28266 	0.282657 	0.539876 	0.0455136 	
2.57	0.00343413 	-0.455513 	-1.28203 	0.282701 	0.540117 	0.0450829 	
2.575	0.00343854 	-0.456074 	-1.28128 	0.282729 	0.541072 	0.045945 	
2.58	0.00345204 	-0.456585 	-1.28056 	0.282819 	0.541894 	0.04664 	
2.585	0.00347313 	-0.457054 	-1.27988 	0.282959 	0.542611 	0.0472014 	
2.59	0.00340923 	-0.45735 	-1.27933 	0.282807 	0.542716 	0.0464377 	
2.595	0.003369 	-0.457646 	-1.27878 	0.282753 	0.542862 	0.0458327 	
2.6	0.00334798 	-0.45794 	-1.27824 	0.282778 	0.543044 	0.0453549 	
2.605	0.00334262 	-0.458233 	-1.27771 	0.282867 	0.543255 	0.0449793 	
2.61	0.00332528 	-0.458711 	-1.27708 	0.282792 	0.544056 	0.0457337 	
2.615	0.00336281 	-0.45899 	-1.27656 	0.282978 	0.544258 	0.0460476 	
2.62	0.0033781 	-0.45923 	-1.2761 	0.283237 	0.544432 	0.0463078 	
2.625	0.00341322 	-0.45945 	-1.27565 	0.283498 	0.544532 	0.0464077 	
2.63	0.00344673 	-0.459644 	-1.27522 	0.283739 	0.544561 	0.0462759 	
2.635	0.00330053 	-0.460218 	-1.2746 	0.283021 	0.545643 	0.0458929 	
2.64	0.00321794 	-0.460613 	-1.27409 	0.282674 	0.546251 	0.0455544 	
2.645	0.00317116 	-0.460911 	-1.27364 	0.28246 	0.546575 	0.0453391 	
2.65	0.00313352 	-0.461139 	-1.27325 	0.282349 	0.546731 	0.0451783 	
2.655	0.00309701 	-0.461307 	-1.27291 	0.282292 	0.546744 	0.0450519 	
2.66	0.0030734 	-0.46138 	-1.2726 	0.282343 	0.546472 	0.0450038 	
2.665	0.00310752 	-0.46137 	-1.27249 	0.2824 	0.546295 	0.044744 	
2.67	0.00316496 	-0.461293 	-1.27242 	0.282548 	0.545977 	0.0444846 	
2.675	0.0032284 	-0.461164 	-1.27241 	0.282751 	0.545598 	0.0442194 	
2.68	0.00327236 	-0.461005 	-1.27248 	0.28285 	0.545262 	0.0441551 	
2.685	0.00329812 	-0.460821 	-1.27261 	0.282913 	0.544907 	0.0441739 	
2.69	0.00331071 	-0.460618 	-1.27277 	0.282955 	0.544523 	0.0442065 	
2.695	0.0033137 	-0.4604 	-1.27295 	0.282984 	0.544113 	0.0442368 	
2.7	0.00330916 	-0.46017 	-1.27316 	0.283001 	0.543682 	0.0442607 	
2.705	0.00329867 	-0.459931 	-1.27337 	0.283008 	0.543234 	0.0442758 	
2.71	0.00328375 	-0.459685 	-1.2736 	0.283006 	0.542771 	0.0442823 	
2.715	0.00326575 	-0.459434 	-1.27383 	0.282998 	0.542299 	0.0442832 	
2.72	0.00324576 	-0.459179 	-1.27408 	0.282987 	0.541819 	0.0442821 	
2.725	0.00322439 	-0.45892 	-1.27432 	0.282974 	0.541333 	0.0442815 	
2.73	0.00320201 	-0.45866 	-1.27457 	0.28296 	0.540842 	0.0442818 	
2.735	0.00317888 	-0.458398 	-1.27483 	0.282945 	0.540347 	0.044283 	
2.74	0.00315411 	-0.458135 	-1.27508 	0.28293 	0.53984 	0.0442484 	
2.745	0.00312835 	-0.457871 	-1.27533 	0.282914 	0.539321 	0.0441856 	
2.75	0.00310215 	-0.457606 	-1.27558 	0.282897 	0.538793 	0.0441001 	
2.755	0.00307596 	-0.45734 	-1.27582 	0.28288 	0.538259 	0.043996 	
2.76	0.00305006 	-0.457074 	-1.27607 	0.282864 	0.537718 	0.0438764 	
2.765	0.00302459 	-0.456807 	-1.27631 	0.282849 	0.537174 	0.0437452 	
2.77	0.00299914 	-0.45654 	-1.27655 	0.282835 	0.536627 	0.0436081 	
2.775	0.00297375 	-0.456272 	-1.2768 	0.282821 	0.536078 	0.0434663 	
2.78	0.00294842 	-0.456005 	-1.27704 	0.282808 	0.535528 	0.0433208 	
2.785	0.00292316 	-0.455737 	-1.27728 	0.282796 	0.534975 	0.0431722 	
2.79	0.00289801 	-0.45547 	-1.27752 	0.282785 	0.534421 	0.0430211 	
2.795	0.00287301 	-0.455202 	-1.27776 	0.282776 	0.533866 	0.0428679 	
2.8	0.00284819 	-0.454934 	-1.278 	0.282768 	0.53331 	0.042713 	
2.805	0.00282359 	-0.454666 	-1.27824 	0.282761 	0.532752 	0.0425567 	
2.81	0.00279923 	-0.454397 	-1.27848 	0.282755 	0.532193 	0.0423993 	
2.815	0.00277515 	-0.454129 	-1.27872 	0.282751 	0.531633 	0.042241 	
2.82	0.00275135 	-0.45386 	-1.27896 	0.282748 	0.531073 	0.042082 	
2.825	0.00272785 	-0.453591 	-1.2792 	0.282746 	0.530511 	0.0419224 	
2.83	0.00267524 	-0.453325 	-1.27942 	0.282684 	0.529918 	0.0418189 	
2.835	0.00257843 	-0.453066 	-1.27962 	0.282507 	0.529274 	0.0418053 	
2.84	0.00249172 	-0.452814 	-1.27981 	0.282333 	0.528605 	0.0417961 	
2.845	0.00243602 	-0.452555 	-1.28 	0.28225 	0.527914 	0.041744 	
2.85	0.00239898 	-0.452292 	-1.28017 	0.282228 	0.527205 	0.041666 	
2.855	0.00235017 	-0.452028 	-1.28034 	0.282189 	0.526483 	0.0416066 	
2.86	0.00225305 	-0.451772 	-1.2805 	0.282016 	0.525752 	0.041637 	
2.865	0.00211104 	-0.451523 	-1.2807 	0.281751 	0.525118 	0.041849 	
2.87	0.00192569 	-0.451279 	-1.28089 	0.281405 	0.524457 	0.0421011 	
2.875	0.00173805 	-0.451057 	-1.28109 	0.281004 	0.523773 	0.0423626 	
2.88	0.00159767 	-0.450824 	-1.28126 	0.280785 	0.523061 	0.0425117 	
2.885	0.00150947 	-0.450582 	-1.28142 	0.280708 	0.522332 	0.0425581 	
2.89	0.00144455 	-0.450312 	-1.28154 	0.280819 	0.521613 	0.0425501 	
2.895	0.00134485 	-0.450048 	-1.28165 	0.280714 	0.520837 	0.0425879 	
2.9	0.0012058 	-0.449791 	-1.28179 	0.280453 	0.520072 	0.0427025 	
2.905	0.00106297 	-0.449532 	-1.28193 	0.280208 	0.519303 	0.0428145 	
2.91	0.000943462 	-0.44926 	-1.28216 	0.279949 	0.518706 	0.042825 	
2.915	0.000840854 	-0.448987 	-1.28238 	0.279762 	0.518073 	0.0428234 	
2.92	0.000762847 	-0.448705 	-1.28262 	0.279621 	0.517478 	0.0428004 	
2.925	0.000703476 	-0.448416 	-1.28287 	0.279526 	0.516894 	0.0427865 	
2.93	0.000683033 	-0.448121 	-1.28313 	0.279527 	0.516317 	0.0427258 	
2.935	0.00069251 	-0.447821 	-1.28337 	0.279594 	0.515741 	0.0426447 	
2.94	0.00069566 	-0.447519 	-1.28362 	0.279637 	0.515161 	0.0425873 	
2.945	0.000693043 	-0.447216 	-1.28387 	0.27967 	0.514579 	0.0425498 	
2.95	0.000684677 	-0.446914 	-1.28412 	0.279693 	0.513995 	0.0425269 	
2.955	0.000670774 	-0.446611 	-1.28437 	0.279707 	0.513409 	0.0425144 	
2.96	0.000678417 	-0.446305 	-1.28462 	0.279776 	0.512814 	0.0424693 	
2.965	0.000703391 	-0.445998 	-1.28486 	0.27988 	0.512215 	0.0424012 	
2.97	0.00073687 	-0.44569 	-1.2851 	0.280007 	0.511614 	0.0423187 	
2.975	0.000773701 	-0.445382 	-1.28534 	0.280142 	0.511016 	0.0422265 	
2.98	0.000812194 	-0.445076 	-1.28557 	0.280286 	0.510404 	0.0421288 	
2.985	0.000847842 	-0.444773 	-1.2858 	0.280431 	0.509792 	0.0420248 	
2.99	0.000881665 	-0.444472 	-1.28604 	0.280565 	0.509201 	0.0419139 	
2.995	0.000913671 	-0.444172 	-1.28628 	0.280695 	0.508617 	0.0418008 	
3	0.000944693 	-0.443873 	-1.28652 	0.280824 	0.508036 	0.0416861 	
3.005	0.000967199 	-0.443577 	-1.28677 	0.280953 	0.507458 	0.0415972 	
3.01	0.00098682 	-0.443281 	-1.28702 	0.281073 	0.506889 	0.0415108 	
3.015	0.00100496 	-0.442985 	-1.28727 	0.281189 	0.506322 	0.0414251 	
3.02	0.00102247 	-0.442689 	-1.28752 	0.281304 	0.505756 	0.0413406 	
3.025	0.00103994 	-0.442391 	-1.28777 	0.281418 	0.505189 	0.041258 	
3.03	0.00105714 	-0.442093 	-1.28802 	0.281531 	0.504622 	0.0411794 	
3.035	0.00106317 	-0.441798 	-1.28827 	0.281613 	0.504037 	0.0410967 	
3.04	0.00106876 	-0.441502 	-1.28851 	0.281678 	0.503445 	0.0410076 	
3.045	0.00108062 	-0.441205 	-1.28875 	0.281767 	0.502848 	0.0408784 	
3.05	0.00107997 	-0.440908 	-1.289 	0.28181 	0.502257 	0.0407329 	
3.055	0.00107295 	-0.44061 	-1.28925 	0.281827 	0.50167 	0.0405772 	
3.06	0.00106362 	-0.440309 	-1.2895 	0.281834 	0.501083 	0.0404168 	
3.065	0.00105711 	-0.440007 	-1.28975 	0.281859 	0.500489 	0.0402643 	
3.07	0.00105872 	-0.439702 	-1.28999 	0.281917 	0.499892 	0.0400928 	
3.075	0.00105436 	-0.439399 	-1.29025 	0.281952 	0.499294 	0.0399772 	
3.08	0.0010484 	-0.439096 	-1.2905 	0.281984 	0.498699 	0.039876 	
3.085	0.00101413 	-0.438797 	-1.29075 	0.281948 	0.498099 	0.0398139 	
3.09	0.000962732 	-0.438499 	-1.291 	0.281874 	0.497497 	0.0397784 	
3.095	0.000903131 	-0.438201 	-1.29126 	0.281781 	0.496891 	0.0397782 	
3.1	0.000852078 	-0.437898 	-1.29152 	0.281711 	0.496286 	0.0397357 	
3.105	0.000803592 	-0.437594 	-1.29176 	0.281646 	0.49566 	0.0396368 	
3.11	0.000758832 	-0.437288 	-1.29201 	0.281581 	0.49503 	0.0395058 	
3.115	0.000723409 	-0.436977 	-1.29225 	0.281544 	0.494401 	0.0393535 	
3.12	0.000684859 	-0.436664 	-1.2925 	0.281486 	0.49376 	0.0391772 	
3.125	0.000663721 	-0.436346 	-1.29274 	0.281477 	0.493119 	0.0389912 	
3.13	0.000654521 	-0.436022 	-1.29298 	0.281491 	0.492478 	0.038801 	
3.135	0.000651413 	-0.435696 	-1.29322 	0.281523 	0.491835 	0.0386105 	
3.14	0.000631929 	-0.435375 	-1.29347 	0.281512 	0.491202 	0.0385341 	
3.145	0.000602272 	-0.435057 	-1.29372 	0.281482 	0.490571 	0.0385088 	
3.15	0.000560979 	-0.434743 	-1.29398 	0.281441 	0.489942 	0.0385187 	
3.155	0.000515133 	-0.434431 	-1.29424 	0.281387 	0.489315 	0.0385302 	
3.16	0.000468494 	-0.434119 	-1.2945 	0.281331 	0.488691 	0.0385358 	
3.165	0.000422342 	-0.433808 	-1.29476 	0.281276 	0.488068 	0.0385364 	
3.17	0.000382079 	-0.433497 	-1.29502 	0.281241 	0.487452 	0.0385162 	
3.175	0.000346606 	-0.433185 	-1.29528 	0.281216 	0.486836 	0.0384748 	
3.18	0.000306761 	-0.432876 	-1.29554 	0.281173 	0.48622 	0.0384448 	
3.185	0.000266607 	-0.432567 	-1.2958 	0.281129 	0.485604 	0.0384175 	
3.19	0.000231549 	-0.432257 	-1.29605 	0.281097 	0.484985 	0.0383564 	
3.195	0.000199805 	-0.431945 	-1.29631 	0.281072 	0.484362 	0.0382783 	
3.2	0.000174102 	-0.431632 	-1.29656 	0.281067 	0.483741 	0.0382055 	
3.205	0.000121113 	-0.431324 	-1.29681 	0.28101 	0.483102 	0.0381688 	
3.21	8.15253e-05 	-0.431013 	-1.29706 	0.280986 	0.482482 	0.038141 	
3.215	2.82944e-05 	-0.430705 	-1.29732 	0.280903 	0.481855 	0.0381494 	
3.22	-2.33849e-05 	-0.430396 	-1.29757 	0.280828 	0.48123 	0.0381385 	
3.225	-6.58275e-05 	-0.430084 	-1.29783 	0.280784 	0.48061 	0.0381132 	
3.23	-0.000109268 	-0.429774 	-1.29808 	0.280727 	0.479986 	0.0380585 	
3.235	-0.000148343 	-0.429464 	-1.29833 	0.280681 	0.479361 	0.0379946 	
3.24	-0.000180776 	-0.429153 	-1.29858 	0.280649 	0.478738 	0.0379063 	
3.245	-0.000223343 	-0.428846 	-1.29883 	0.280586 	0.478115 	0.0378832 	
3.25	-0.000265537 	-0.42854 	-1.29909 	0.280527 	0.477498 	0.0378656 	
3.255	-0.000301933 	-0.428233 	-1.29934 	0.280486 	0.476882 	0.0378273 	
3.26	-0.000335195 	-0.427926 	-1.29959 	0.280454 	0.476267 	0.0377805 	
3.265	-0.000367177 	-0.427619 	-1.29985 	0.280425 	0.475654 	0.0377354 	
3.27	-0.000399273 	-0.427312 	-1.3001 	0.280398 	0.47504 	0.0376957 	
3.275	-0.000431676 	-0.427006 	-1.30035 	0.28037 	0.474427 	0.0376578 	
3.28	-0.000464424 	-0.4267 	-1.3006 	0.280343 	0.473814 	0.0376207 	
3.285	-0.000497489 	-0.426394 	-1.30085 	0.280316 	0.473201 	0.037584 	
3.29	-0.000531024 	-0.426088 	-1.30111 	0.280287 	0.472589 	0.0375453 	
3.295	-0.000564925 	-0.425783 	-1.30136 	0.280259 	0.471976 	0.0375062 	
3.3	-0.000599124 	-0.425477 	-1.30161 	0.280231 	0.471363 	0.0374674 	
3.305	-0.000630553 	-0.425171 	-1.30186 	0.280209 	0.470749 	0.0374145 	
3.31	-0.000680102 	-0.424868 	-1.3021 	0.280143 	0.470125 	0.0373976 	
3.315	-0.000737073 	-0.424566 	-1.30235 	0.280056 	0.469498 	0.037395 	
3.32	-0.000804778 	-0.424264 	-1.30259 	0.279941 	0.468867 	0.037382 	
3.325	-0.000895235 	-0.423966 	-1.30284 	0.279782 	0.468225 	0.0374169 	
3.33	-0.00100357 	-0.42367 	-1.30307 	0.279587 	0.467573 	0.0374489 	
3.335	-0.0011029 	-0.423369 	-1.30331 	0.279419 	0.466924 	0.0374532 	
3.34	-0.00119727 	-0.423063 	-1.30356 	0.279261 	0.466272 	0.0374462 	
3.345	-0.00128862 	-0.422756 	-1.3038 	0.279107 	0.465616 	0.0374364 	
3.35	-0.00137693 	-0.422446 	-1.30405 	0.278959 	0.464958 	0.0374255 	
3.355	-0.00145978 	-0.422133 	-1.3043 	0.278827 	0.464299 	0.0374277 	
3.36	-0.0015409 	-0.421817 	-1.30455 	0.278717 	0.463639 	0.0374214 	
3.365	-0.00160575 	-0.421498 	-1.30481 	0.278637 	0.462987 	0.0373976 	
3.37	-0.00165356 	-0.421176 	-1.30507 	0.278601 	0.462342 	0.0373831 	
3.375	-0.00168996 	-0.420851 	-1.30532 	0.278589 	0.461699 	0.0373701 	
3.38	-0.00171747 	-0.420524 	-1.30558 	0.278594 	0.461056 	0.0373535 	
3.385	-0.00173661 	-0.420196 	-1.30584 	0.278617 	0.460413 	0.0373328 	
3.39	-0.00174731 	-0.419867 	-1.30609 	0.278659 	0.459771 	0.0373083 	
3.395	-0.00175324 	-0.419537 	-1.30634 	0.278707 	0.459128 	0.0372819 	
3.4	-0.00177185 	-0.419212 	-1.30659 	0.278724 	0.458482 	0.0372887 	
3.405	-0.0018031 	-0.418891 	-1.30684 	0.278716 	0.45783 	0.0373181 	
3.41	-0.00184169 	-0.418573 	-1.30709 	0.27869 	0.457174 	0.0373471 	
3.415	-0.00188417 	-0.418256 	-1.30733 	0.278654 	0.456519 	0.037361 	
3.42	-0.00192892 	-0.41794 	-1.30758 	0.27861 	0.455864 	0.0373548 	
3.425	-0.00197411 	-0.417624 	-1.30782 	0.278562 	0.455209 	0.0373247 	
3.43	-0.00201866 	-0.417308 	-1.30806 	0.278515 	0.45455 	0.0372743 	
3.435	-0.00206016 	-0.416991 	-1.30831 	0.278478 	0.4539 	0.0372346 	
3.44	-0.00210196 	-0.416675 	-1.30856 	0.278443 	0.453253 	0.0372239 	
3.445	-0.00214144 	-0.416357 	-1.30881 	0.278418 	0.452608 	0.0372173 	
3.45	-0.00218 	-0.416038 	-1.30906 	0.278395 	0.451962 	0.0372165 	
3.455	-0.00221758 	-0.41572 	-1.3093 	0.278376 	0.451316 	0.0372181 	
3.46	-0.00225477 	-0.415401 	-1.30955 	0.278357 	0.450669 	0.0372215 	
3.465	-0.00228032 	-0.415078 	-1.3098 	0.278372 	0.450023 	0.0372072 	
3.47	-0.00229874 	-0.414754 	-1.31005 	0.2784 	0.449376 	0.0371873 	
3.475	-0.00231298 	-0.414429 	-1.31029 	0.27844 	0.44873 	0.0371702 	
3.48	-0.00232776 	-0.414104 	-1.31054 	0.278479 	0.448084 	0.0371743 	
3.485	-0.00234366 	-0.41378 	-1.31078 	0.278515 	0.44744 	0.0371965 	
3.49	-0.00236134 	-0.413456 	-1.31103 	0.278547 	0.446793 	0.0372049 	
3.495	-0.0023743 	-0.413133 	-1.31127 	0.278597 	0.446145 	0.0372006 	
3.5	-0.00239325 	-0.412813 	-1.31151 	0.278638 	0.445494 	0.0371902 	
3.505	-0.00241838 	-0.412497 	-1.31175 	0.278657 	0.444847 	0.0371962 	
3.51	-0.0024462 	-0.412183 	-1.31199 	0.278667 	0.444203 	0.0372108 	
3.515	-0.00246839 	-0.41187 	-1.31223 	0.278696 	0.443563 	0.0372228 	
3.52	-0.00248788 	-0.411556 	-1.31247 	0.278731 	0.442926 	0.0372309 	
3.525	-0.00250629 	-0.411244 	-1.31271 	0.278767 	0.44229 	0.0372364 	
3.53	-0.00252666 	-0.410933 	-1.31294 	0.278795 	0.441654 	0.0372403 	
3.535	-0.00255145 	-0.410625 	-1.31318 	0.278805 	0.441019 	0.0372456 	
3.54	-0.0025777 	-0.41032 	-1.31342 	0.278811 	0.440386 	0.037252 	
3.545	-0.00261935 	-0.410016 	-1.31365 	0.278771 	0.439738 	0.0372702 	
3.55	-0.00266569 	-0.409712 	-1.31388 	0.278721 	0.439087 	0.0372879 	
3.555	-0.00271291 	-0.409405 	-1.31411 	0.278671 	0.438433 	0.0373043 	
3.56	-0.00276835 	-0.409098 	-1.31434 	0.278615 	0.437778 	0.0373153 	
3.565	-0.00283575 	-0.408793 	-1.31456 	0.278523 	0.437115 	0.0373224 	
3.57	-0.00290566 	-0.408486 	-1.31479 	0.278426 	0.43645 	0.0373275 	
3.575	-0.0029735 	-0.408178 	-1.31502 	0.278336 	0.435784 	0.0373327 	
3.58	-0.00304841 	-0.407869 	-1.31525 	0.278223 	0.435114 	0.0373276 	
3.585	-0.00310773 	-0.407555 	-1.31549 	0.278157 	0.434451 	0.0373243 	
3.59	-0.00315388 	-0.407237 	-1.31572 	0.278118 	0.433789 	0.0373203 	
3.595	-0.00318327 	-0.406913 	-1.31596 	0.278123 	0.433127 	0.0373162 	
3.6	-0.00319743 	-0.406584 	-1.3162 	0.278166 	0.432465 	0.0373159 	
3.605	-0.003223 	-0.406258 	-1.31643 	0.278163 	0.431793 	0.0373172 	
3.61	-0.00325308 	-0.405933 	-1.31667 	0.278148 	0.431119 	0.0373136 	
3.615	-0.00328542 	-0.405608 	-1.31691 	0.278129 	0.430444 	0.0373096 	
3.62	-0.0033186 	-0.405283 	-1.31714 	0.278111 	0.429769 	0.0373055 	
3.625	-0.00333665 	-0.404953 	-1.31738 	0.278139 	0.429097 	0.0373025 	
3.63	-0.00336357 	-0.404625 	-1.31761 	0.278133 	0.428419 	0.0372986 	
3.635	-0.00337975 	-0.404294 	-1.31785 	0.278158 	0.427743 	0.0372962 	
3.64	-0.00339172 	-0.403961 	-1.31808 	0.278201 	0.427067 	0.0372945 	
3.645	-0.0034163 	-0.403836 	-1.31825 	0.278222 	0.426689 	0.0372996 	
3.65	-0.00343103 	-0.403705 	-1.3184 	0.278213 	0.426284 	0.0372807 	
3.655	-0.00344572 	-0.403563 	-1.31855 	0.278194 	0.425862 	0.0372599 	
3.66	-0.00345929 	-0.403407 	-1.31869 	0.278182 	0.425427 	0.037232 	
3.665	-0.00347142 	-0.403236 	-1.31884 	0.27818 	0.42498 	0.0371965 	
3.67	-0.00348808 	-0.403051 	-1.319 	0.278169 	0.42452 	0.03719 	
3.675	-0.00351069 	-0.402854 	-1.31916 	0.278148 	0.424041 	0.0371885 	
3.68	-0.00353479 	-0.402643 	-1.31933 	0.278129 	0.423545 	0.0371888 	
3.685	-0.00356076 	-0.40242 	-1.31951 	0.278111 	0.423032 	0.0371897 	
3.69	-0.00358854 	-0.402185 	-1.31969 	0.278091 	0.422502 	0.0371907 	
3.695	-0.00361797 	-0.401941 	-1.31988 	0.278072 	0.421956 	0.0371913 	
3.7	-0.00365588 	-0.401688 	-1.32007 	0.27803 	0.421388 	0.0371999 	
3.705	-0.0036979 	-0.401426 	-1.32026 	0.277982 	0.420805 	0.0372109 	
3.71	-0.00374251 	-0.401155 	-1.32046 	0.277931 	0.420208 	0.037222 	
3.715	-0.00378914 	-0.400877 	-1.32066 	0.277879 	0.419597 	0.0372331 	
3.72	-0.00383746 	-0.400592 	-1.32087 	0.277825 	0.418973 	0.0372443 	
3.725	-0.00388726 	-0.400301 	-1.32108 	0.27777 	0.418339 	0.0372557 	
3.73	-0.00393045 	-0.400003 	-1.3213 	0.277738 	0.4177 	0.0372599 	
3.735	-0.00397176 	-0.3997 	-1.32152 	0.277713 	0.417054 	0.0372621 	
3.74	-0.00401267 	-0.399394 	-1.32174 	0.277688 	0.416401 	0.037264 	
3.745	-0.00404866 	-0.399083 	-1.32196 	0.277682 	0.415742 	0.0372637 	
3.75	-0.00408623 	-0.398769 	-1.32218 	0.277668 	0.415076 	0.0372621 	
3.755	-0.00412445 	-0.398453 	-1.3224 	0.277652 	0.414405 	0.0372599 	
3.76	-0.00416477 	-0.398136 	-1.32263 	0.277629 	0.41373 	0.037262 	
3.765	-0.00419479 	-0.397814 	-1.32285 	0.277645 	0.413047 	0.0372164 	
3.77	-0.00422265 	-0.39749 	-1.32307 	0.277665 	0.412359 	0.0371635 	
3.775	-0.00425225 	-0.397164 	-1.32329 	0.277676 	0.411665 	0.0371024 	
3.78	-0.00427731 	-0.396834 	-1.32351 	0.277695 	0.410966 	0.0370299 	
3.785	-0.00431294 	-0.396506 	-1.32373 	0.277678 	0.410267 	0.0370031 	
3.79	-0.00434973 	-0.396189 	-1.32395 	0.277667 	0.409575 	0.0370128 	
3.795	-0.00438644 	-0.395882 	-1.32417 	0.277658 	0.408901 	0.0370321 	
3.8	-0.00442239 	-0.395587 	-1.32438 	0.277651 	0.408242 	0.0370541 	
3.805	-0.00445308 	-0.395352 	-1.32457 	0.277663 	0.407682 	0.0370803 	
3.81	-0.00447974 	-0.395113 	-1.32475 	0.277664 	0.40711 	0.0370459 	
3.815	-0.00450169 	-0.394865 	-1.32494 	0.277667 	0.40653 	0.0369912 	
3.82	-0.00453611 	-0.394613 	-1.32512 	0.27763 	0.405939 	0.0369805 	
3.825	-0.00457633 	-0.394355 	-1.32531 	0.277582 	0.405339 	0.0369806 	
3.83	-0.00462 	-0.394089 	-1.3255 	0.27753 	0.404729 	0.0369833 	
3.835	-0.00466564 	-0.393816 	-1.32569 	0.277478 	0.404109 	0.0369853 	
3.84	-0.00470809 	-0.393537 	-1.32589 	0.277439 	0.403484 	0.0369847 	
3.845	-0.00474947 	-0.393252 	-1.32609 	0.277406 	0.40285 	0.0369863 	
3.85	-0.00479102 	-0.392962 	-1.3263 	0.277374 	0.402209 	0.0369884 	
3.855	-0.00482801 	-0.392667 	-1.3265 	0.277357 	0.401561 	0.0369881 	
3.86	-0.00485303 	-0.392362 	-1.32671 	0.277379 	0.400908 	0.0369859 	
3.865	-0.00487412 	-0.392052 	-1.32691 	0.277414 	0.400245 	0.0369839 	
3.87	-0.00489568 	-0.391738 	-1.32712 	0.277448 	0.399573 	0.036981 	
3.875	-0.00492578 	-0.391437 	-1.32732 	0.277457 	0.398905 	0.0370116 	
3.88	-0.00495762 	-0.391145 	-1.32753 	0.277446 	0.398244 	0.0370286 	
3.885	-0.00498897 	-0.390867 	-1.32772 	0.277442 	0.3976 	0.0370633 	
3.89	-0.0050224 	-0.390747 	-1.32787 	0.277429 	0.397201 	0.0370819 	
3.895	-0.00504776 	-0.390619 	-1.32801 	0.277402 	0.396787 	0.0370877 	
3.9	-0.00506938 	-0.390477 	-1.32815 	0.277381 	0.396359 	0.0370979 	
3.905	-0.00508676 	-0.390319 	-1.32829 	0.277366 	0.395916 	0.0370962 	
3.91	-0.00511109 	-0.390148 	-1.32843 	0.277335 	0.395454 	0.0371009 	
3.915	-0.00513616 	-0.389962 	-1.32857 	0.27731 	0.394975 	0.0371049 	
3.92	-0.00516323 	-0.389761 	-1.32872 	0.277286 	0.394475 	0.0371087 	
3.925	-0.00519255 	-0.389547 	-1.32888 	0.277262 	0.393955 	0.0371127 	
3.93	-0.0052228 	-0.389319 	-1.32905 	0.27724 	0.393415 	0.0371154 	
3.935	-0.00525444 	-0.38908 	-1.32922 	0.277219 	0.392856 	0.0371164 	
3.94	-0.00528765 	-0.388829 	-1.32939 	0.277198 	0.392279 	0.037117 	
3.945	-0.00532236 	-0.388569 	-1.32957 	0.277175 	0.391684 	0.0371175 	
3.95	-0.00535849 	-0.388299 	-1.32975 	0.277153 	0.391074 	0.0371185 	
3.955	-0.00539587 	-0.388022 	-1.32994 	0.277129 	0.39045 	0.0371201 	
3.96	-0.00543612 	-0.387737 	-1.33013 	0.277101 	0.389811 	0.0371262 	
3.965	-0.00547807 	-0.387446 	-1.33033 	0.27707 	0.389159 	0.0371336 	
3.97	-0.00552126 	-0.387149 	-1.33053 	0.277038 	0.388496 	0.0371416 	
3.975	-0.00556571 	-0.386847 	-1.33073 	0.277005 	0.387824 	0.037147 	
3.98	-0.00561134 	-0.38654 	-1.33093 	0.276969 	0.387142 	0.0371496 	
3.985	-0.00565237 	-0.386227 	-1.33113 	0.276951 	0.386456 	0.0371713 	
3.99	-0.0056923 	-0.38591 	-1.33134 	0.27694 	0.385761 	0.0372085 	
3.995	-0.00573344 	-0.385589 	-1.33154 	0.276922 	0.385057 	0.0372195 	
4	-0.00577529 	-0.385265 	-1.33175 	0.276902 	0.384345 	0.0372239 	
4.005	-0.00581841 	-0.384939 	-1.33196 	0.276879 	0.383626 	0.0372278 	
4.01	-0.0058623 	-0.38461 	-1.33217 	0.276855 	0.382903 	0.0372315 	
4.015	-0.00590676 	-0.38428 	-1.33238 	0.276831 	0.382175 	0.0372353 	
4.02	-0.00595051 	-0.383947 	-1.33259 	0.276809 	0.381443 	0.0372347 	
4.025	-0.00599678 	-0.383614 	-1.3328 	0.276786 	0.380702 	0.0372606 	
4.03	-0.00604737 	-0.383285 	-1.33301 	0.276754 	0.379955 	0.0373016 	
4.035	-0.00610062 	-0.382957 	-1.33321 	0.276716 	0.379208 	0.0373472 	
4.04	-0.00615448 	-0.382632 	-1.33341 	0.276696 	0.378473 	0.0373912 	
4.045	-0.00620298 	-0.382327 	-1.33361 	0.276693 	0.377778 	0.0374325 	
4.05	-0.00624714 	-0.382041 	-1.3338 	0.276702 	0.377122 	0.0374747 	
4.055	-0.0062884 	-0.381774 	-1.33397 	0.276713 	0.376497 	0.0375161 	
4.06	-0.00632674 	-0.381521 	-1.33415 	0.276722 	0.375895 	0.0375538 	
4.065	-0.00636295 	-0.381283 	-1.33431 	0.276732 	0.375318 	0.037591 	
4.07	-0.006393 	-0.38105 	-1.33447 	0.276755 	0.374752 	0.0376119 	
4.075	-0.0064243 	-0.380807 	-1.33463 	0.276764 	0.374165 	0.0376315 	
4.08	-0.00645263 	-0.380554 	-1.33479 	0.276772 	0.373563 	0.037639 	
4.085	-0.00647738 	-0.38029 	-1.33496 	0.276783 	0.372945 	0.0376302 	
4.09	-0.0064991 	-0.380015 	-1.33513 	0.2768 	0.372311 	0.0376138 	
4.095	-0.00651851 	-0.379731 	-1.3353 	0.276822 	0.371661 	0.037594 	
4.1	-0.00653621 	-0.379438 	-1.33547 	0.276849 	0.370996 	0.0375723 	
4.105	-0.00655314 	-0.379138 	-1.33565 	0.276879 	0.370318 	0.0375499 	
4.11	-0.00656995 	-0.378831 	-1.33583 	0.27691 	0.369628 	0.0375273 	
4.115	-0.00659924 	-0.378524 	-1.33601 	0.276912 	0.368923 	0.0375439 	
4.12	-0.00663591 	-0.378215 	-1.3362 	0.276897 	0.368209 	0.0375683 	
4.125	-0.00667737 	-0.377906 	-1.33638 	0.276865 	0.367491 	0.0375831 	
4.13	-0.00672029 	-0.377597 	-1.33657 	0.276834 	0.366773 	0.0376002 	
4.135	-0.00676383 	-0.377289 	-1.33676 	0.276804 	0.366055 	0.0376144 	
4.14	-0.00680875 	-0.376983 	-1.33694 	0.276777 	0.365336 	0.0376579 	
4.145	-0.00685489 	-0.376678 	-1.33713 	0.276744 	0.364619 	0.0376855 	
4.15	-0.00690196 	-0.376374 	-1.33731 	0.276708 	0.363904 	0.0377009 	
4.155	-0.00695523 	-0.376074 	-1.3375 	0.276653 	0.363187 	0.0377224 	
4.16	-0.00700953 	-0.375777 	-1.33768 	0.276594 	0.362475 	0.0377376 	
4.165	-0.00705404 	-0.375473 	-1.33786 	0.276573 	0.361761 	0.0377408 	
4.17	-0.00710355 	-0.375178 	-1.33803 	0.276536 	0.361065 	0.0377394 	
4.175	-0.00715207 	-0.374896 	-1.33821 	0.276499 	0.36039 	0.0377345 	
4.18	-0.00719898 	-0.374628 	-1.33838 	0.276462 	0.359735 	0.0377274 	
4.185	-0.00724424 	-0.374373 	-1.33854 	0.276425 	0.359099 	0.0377169 	
4.19	-0.00728804 	-0.374129 	-1.3387 	0.276387 	0.358481 	0.0377012 	
4.195	-0.00733063 	-0.373895 	-1.33886 	0.276348 	0.357879 	0.0376787 	
4.2	-0.0073734 	-0.373666 	-1.33902 	0.276301 	0.357284 	0.037647 	
4.205	-0.00741799 	-0.373434 	-1.33917 	0.276252 	0.356684 	0.0376431 	
4.21	-0.00745959 	-0.373192 	-1.33932 	0.276217 	0.356072 	0.0376493 	
4.215	-0.00750176 	-0.372942 	-1.33948 	0.276183 	0.355447 	0.0376542 	
4.22	-0.00754513 	-0.372684 	-1.33964 	0.276149 	0.354809 	0.0376594 	
4.225	-0.00759036 	-0.372423 	-1.3398 	0.276105 	0.354165 	0.0376308 	
4.23	-0.00762925 	-0.372155 	-1.33996 	0.276067 	0.353515 	0.0375936 	
4.235	-0.00767199 	-0.37188 	-1.34011 	0.276019 	0.352846 	0.0375685 	
4.24	-0.00771456 	-0.371597 	-1.34027 	0.275978 	0.352163 	0.0375446 	
4.245	-0.00776175 	-0.371315 	-1.34043 	0.275921 	0.351476 	0.0375153 	
4.25	-0.00781848 	-0.371031 	-1.34059 	0.275844 	0.35078 	0.037489 	
4.255	-0.0078797 	-0.370743 	-1.34075 	0.275756 	0.350074 	0.0374631 	
4.26	-0.00794174 	-0.370449 	-1.34092 	0.275671 	0.349363 	0.037451 	
4.265	-0.00800302 	-0.370149 	-1.34109 	0.275592 	0.348646 	0.0374483 	
4.27	-0.00806287 	-0.369845 	-1.34127 	0.27552 	0.347922 	0.0374473 	
4.275	-0.00812097 	-0.369536 	-1.34144 	0.275454 	0.347191 	0.0374466 	
4.28	-0.00817779 	-0.369223 	-1.34162 	0.275394 	0.346455 	0.0374461 	
4.285	-0.00823315 	-0.368908 	-1.34181 	0.27534 	0.345715 	0.037446 	
4.29	-0.00828666 	-0.368591 	-1.34199 	0.275295 	0.344968 	0.0374584 	
4.295	-0.00833797 	-0.368271 	-1.34217 	0.275259 	0.344217 	0.0374715 	
4.3	-0.00837979 	-0.367946 	-1.34235 	0.275232 	0.343464 	0.0374665 	
4.305	-0.00842027 	-0.367619 	-1.34253 	0.275208 	0.342707 	0.0374594 	
4.31	-0.00846071 	-0.367291 	-1.34272 	0.275185 	0.341946 	0.0374492 	
4.315	-0.00850192 	-0.366962 	-1.3429 	0.275162 	0.341182 	0.0374391 	
4.32	-0.00853887 	-0.36663 	-1.34308 	0.27516 	0.340409 	0.0374121 	
4.325	-0.00856203 	-0.366317 	-1.34326 	0.275187 	0.339666 	0.0373364 	
4.33	-0.00858374 	-0.366013 	-1.34344 	0.275219 	0.338946 	0.0372573 	
4.335	-0.00860183 	-0.36576 	-1.3436 	0.275259 	0.338315 	0.0371795 	
4.34	-0.0086263 	-0.365507 	-1.34375 	0.275263 	0.337663 	0.0371235 	
4.345	-0.00865607 	-0.36525 	-1.34391 	0.27525 	0.337006 	0.0370914 	
4.35	-0.00868883 	-0.364988 	-1.34406 	0.275232 	0.336348 	0.0370795 	
4.355	-0.00872376 	-0.364719 	-1.34422 	0.275213 	0.335684 	0.0370745 	
4.36	-0.00876048 	-0.364444 	-1.34438 	0.275193 	0.335011 	0.0370728 	
4.365	-0.00879872 	-0.364163 	-1.34454 	0.275172 	0.334329 	0.037072 	
4.37	-0.0088383 	-0.363876 	-1.34471 	0.275151 	0.333637 	0.0370712 	
4.375	-0.00887912 	-0.363584 	-1.34487 	0.27513 	0.332933 	0.0370656 	
4.38	-0.00892033 	-0.363286 	-1.34504 	0.275111 	0.332215 	0.0370509 	
4.385	-0.00895581 	-0.362983 	-1.3452 	0.275107 	0.331492 	0.0370064 	
4.39	-0.00897939 	-0.362696 	-1.34537 	0.27513 	0.330789 	0.0369297 	
4.395	-0.00900271 	-0.362408 	-1.34553 	0.275148 	0.330083 	0.0368671 	
4.4	-0.00902584 	-0.362119 	-1.3457 	0.275166 	0.329376 	0.0368085 	
4.405	-0.00905213 	-0.361824 	-1.34586 	0.275175 	0.328663 	0.036731 	
4.41	-0.0090759 	-0.361525 	-1.34602 	0.275201 	0.327946 	0.036642 	
4.415	-0.00910076 	-0.361318 	-1.34618 	0.275208 	0.327335 	0.0365898 	
4.42	-0.0091254 	-0.361114 	-1.34632 	0.275206 	0.326722 	0.0365251 	
4.425	-0.00915141 	-0.360934 	-1.34646 	0.275188 	0.326156 	0.0365083 	
4.43	-0.0091777 	-0.36075 	-1.34659 	0.275179 	0.325584 	0.0364884 	
4.435	-0.0091991 	-0.360556 	-1.34672 	0.275188 	0.325022 	0.0364824 	
4.44	-0.00923107 	-0.360354 	-1.34685 	0.275163 	0.324447 	0.0364857 	
4.445	-0.00926914 	-0.360144 	-1.34698 	0.275123 	0.323856 	0.0364845 	
4.45	-0.00931037 	-0.359923 	-1.34711 	0.275078 	0.32325 	0.0364807 	
4.455	-0.0093546 	-0.359704 	-1.34723 	0.275034 	0.322661 	0.0365044 	
4.46	-0.00939979 	-0.359475 	-1.34736 	0.27499 	0.322055 	0.0365299 	
4.465	-0.00944604 	-0.359237 	-1.3475 	0.274944 	0.321433 	0.036551 	
4.47	-0.00949332 	-0.358991 	-1.34763 	0.274898 	0.320794 	0.0365683 	
4.475	-0.00954141 	-0.358735 	-1.34777 	0.274854 	0.32014 	0.0365836 	
4.48	-0.00958625 	-0.358471 	-1.34792 	0.274827 	0.319473 	0.0365966 	
4.485	-0.00963318 	-0.358199 	-1.34806 	0.274793 	0.318791 	0.0366135 	
4.49	-0.00968032 	-0.35792 	-1.34821 	0.274758 	0.318094 	0.036616 	
4.495	-0.00972839 	-0.357634 	-1.34836 	0.274723 	0.317381 	0.0366134 	
4.5	-0.00977589 	-0.357341 	-1.34851 	0.274692 	0.316652 	0.0366042 	
4.505	-0.00982163 	-0.357041 	-1.34867 	0.274668 	0.315918 	0.036598 	
4.51	-0.00986846 	-0.356738 	-1.34883 	0.274644 	0.315174 	0.0366049 	
4.515	-0.00991623 	-0.356431 	-1.34898 	0.274619 	0.314422 	0.0366179 	
4.52	-0.0099611 	-0.356119 	-1.34915 	0.274606 	0.313664 	0.0366224 	
4.525	-0.0100032 	-0.355802 	-1.34931 	0.274605 	0.312901 	0.0366243 	
4.53	-0.0100461 	-0.355485 	-1.34947 	0.274604 	0.312134 	0.0366263 	
4.535	-0.010091 	-0.355168 	-1.34963 	0.274597 	0.311366 	0.0366238 	
4.54	-0.0101383 	-0.354852 	-1.34979 	0.274582 	0.310597 	0.0366205 	
4.545	-0.0101884 	-0.354538 	-1.34996 	0.274559 	0.309825 	0.0366105 	
4.55	-0.0102408 	-0.354224 	-1.35012 	0.274529 	0.309052 	0.0365996 	
4.555	-0.0102954 	-0.353912 	-1.35028 	0.274491 	0.30828 	0.0365894 	
4.56	-0.0103633 	-0.353605 	-1.35044 	0.274411 	0.307502 	0.0365826 	
4.565	-0.0104351 	-0.3533 	-1.35059 	0.27432 	0.306725 	0.0365772 	
4.57	-0.0105079 	-0.352995 	-1.35075 	0.274226 	0.305949 	0.036573 	
4.575	-0.0105815 	-0.352692 	-1.35091 	0.274129 	0.305174 	0.0365762 	
4.58	-0.0106541 	-0.352391 	-1.35106 	0.274041 	0.304397 	0.0365861 	
4.585	-0.0107271 	-0.352105 	-1.35121 	0.273951 	0.303641 	0.0366192 	
4.59	-0.0107976 	-0.351841 	-1.35135 	0.273864 	0.302924 	0.036656 	
4.595	-0.0108654 	-0.351578 	-1.3515 	0.27378 	0.302207 	0.0366794 	
4.6	-0.0109326 	-0.351314 	-1.35164 	0.273698 	0.301492 	0.0366992 	
4.605	-0.0109992 	-0.351059 	-1.35178 	0.273615 	0.300794 	0.0367249 	
4.61	-0.0110645 	-0.350812 	-1.35191 	0.273533 	0.300112 	0.0367516 	
4.615	-0.0111291 	-0.350562 	-1.35205 	0.273453 	0.299427 	0.0367782 	
4.62	-0.0111856 	-0.35031 	-1.35218 	0.273406 	0.298744 	0.0368087 	
4.625	-0.0112393 	-0.350056 	-1.35231 	0.273367 	0.298061 	0.0368402 	
4.63	-0.011292 	-0.349801 	-1.35244 	0.273329 	0.297375 	0.036872 	
4.635	-0.0113443 	-0.349544 	-1.35257 	0.273293 	0.296687 	0.0369039 	
4.64	-0.0113965 	-0.349287 	-1.3527 	0.273256 	0.295996 	0.036936 	
4.645	-0.0114488 	-0.349028 	-1.35283 	0.273219 	0.295303 	0.0369681 	
4.65	-0.0115011 	-0.348768 	-1.35296 	0.273182 	0.294606 	0.0370002 	
4.655	-0.0115536 	-0.348507 	-1.35309 	0.273145 	0.293908 	0.0370326 	
4.66	-0.011617 	-0.348271 	-1.35322 	0.273098 	0.293246 	0.0370612 	
4.665	-0.0116772 	-0.348032 	-1.35335 	0.273059 	0.292583 	0.0370912 	
4.67	-0.0117365 	-0.347787 	-1.35347 	0.273021 	0.291907 	0.0371234 	
4.675	-0.0117946 	-0.347539 	-1.3536 	0.272984 	0.291229 	0.0371548 	
4.68	-0.0118518 	-0.347289 	-1.35372 	0.272947 	0.290548 	0.0371861 	
4.685	-0.0119109 	-0.34703 	-1.35385 	0.272904 	0.289848 	0.0372181 	
4.69	-0.0119713 	-0.346763 	-1.35398 	0.272857 	0.289131 	0.0372507 	
4.695	-0.0120328 	-0.346487 	-1.35411 	0.272809 	0.288398 	0.0372846 	
4.7	-0.0120955 	-0.346204 	-1.35424 	0.27276 	0.287649 	0.0373205 	
4.705	-0.0121594 	-0.345915 	-1.35437 	0.272709 	0.286886 	0.037359 	
4.71	-0.012216 	-0.345617 	-1.3545 	0.272685 	0.286114 	0.0373861 	
4.715	-0.0122702 	-0.345317 	-1.35463 	0.272671 	0.285337 	0.0374109 	
4.72	-0.0123226 	-0.345016 	-1.35477 	0.272662 	0.28456 	0.0374357 	
4.725	-0.0123737 	-0.344717 	-1.3549 	0.272655 	0.283784 	0.0374569 	
4.73	-0.0124166 	-0.344413 	-1.35504 	0.27266 	0.283004 	0.0374638 	
4.735	-0.0124597 	-0.344104 	-1.35517 	0.272665 	0.282211 	0.0374707 	
4.74	-0.0125057 	-0.343792 	-1.3553 	0.272662 	0.281406 	0.0374785 	
4.745	-0.0125545 	-0.343476 	-1.35543 	0.272651 	0.280592 	0.0374883 	
4.75	-0.0126087 	-0.343162 	-1.35557 	0.272627 	0.279776 	0.0375441 	
4.755	-0.0126655 	-0.342851 	-1.3557 	0.272598 	0.278962 	0.0376093 	
4.76	-0.0127223 	-0.342552 	-1.35583 	0.272568 	0.27817 	0.0376729 	
4.765	-0.0127778 	-0.342267 	-1.35596 	0.272539 	0.277403 	0.0377345 	
4.77	-0.0128314 	-0.341996 	-1.35608 	0.27251 	0.276661 	0.0377939 	
4.775	-0.0128828 	-0.34174 	-1.3562 	0.272483 	0.275946 	0.0378511 	
4.78	-0.0129321 	-0.341496 	-1.35632 	0.272456 	0.275256 	0.0379061 	
4.785	-0.0129794 	-0.341264 	-1.35643 	0.27243 	0.274588 	0.0379593 	
4.79	-0.0130262 	-0.341035 	-1.35654 	0.272401 	0.273925 	0.038012 	
4.795	-0.013073 	-0.340804 	-1.35665 	0.272372 	0.273261 	0.0380642 	
4.8	-0.0131201 	-0.340572 	-1.35676 	0.272343 	0.272596 	0.0381164 	
4.805	-0.0131674 	-0.340338 	-1.35687 	0.272314 	0.271927 	0.0381688 	
4.81	-0.0132152 	-0.340099 	-1.35698 	0.272286 	0.27125 	0.0382214 	
4.815	-0.0132638 	-0.339856 	-1.35708 	0.272257 	0.270565 	0.0382745 	
4.82	-0.0133126 	-0.339652 	-1.35719 	0.272229 	0.269956 	0.0383261 	
4.825	-0.0133578 	-0.339434 	-1.35729 	0.272203 	0.269322 	0.0383515 	
4.83	-0.0134023 	-0.339204 	-1.35739 	0.27218 	0.268664 	0.0383652 	
4.835	-0.0134478 	-0.33896 	-1.3575 	0.272156 	0.267983 	0.0383745 	
4.84	-0.0135021 	-0.338733 	-1.3576 	0.2721 	0.267323 	0.0383991 	
4.845	-0.0135528 	-0.338502 	-1.35771 	0.272063 	0.26667 	0.0384172 	
4.85	-0.0136042 	-0.338258 	-1.35781 	0.272025 	0.265991 	0.0384337 	
4.855	-0.0136578 	-0.338003 	-1.35792 	0.271982 	0.265288 	0.0384509 	
4.86	-0.0137138 	-0.337738 	-1.35803 	0.271938 	0.264563 	0.03847 	
4.865	-0.0137785 	-0.337476 	-1.35815 	0.271865 	0.263837 	0.0385044 	
4.87	-0.0138465 	-0.33722 	-1.35826 	0.271784 	0.263116 	0.0385436 	
4.875	-0.0138968 	-0.337086 	-1.35837 	0.271717 	0.262551 	0.0385771 	
4.88	-0.013945 	-0.336989 	-1.35846 	0.27164 	0.2621 	0.0385813 	
4.885	-0.0139664 	-0.33701 	-1.35853 	0.271614 	0.261882 	0.0385834 	
4.89	-0.0139893 	-0.337016 	-1.35858 	0.271513 	0.261621 	0.0384933 	
4.895	-0.0139932 	-0.337011 	-1.35863 	0.271489 	0.261389 	0.0384769 	
4.9	-0.0140127 	-0.336981 	-1.35868 	0.271432 	0.261112 	0.0384503 	
4.905	-0.0140263 	-0.336921 	-1.35873 	0.271392 	0.260789 	0.0383862 	
4.91	-0.0140406 	-0.336834 	-1.35879 	0.271364 	0.260435 	0.0383479 	
4.915	-0.0140775 	-0.336725 	-1.35884 	0.271282 	0.260025 	0.0383193 	
4.92	-0.0141381 	-0.336593 	-1.35889 	0.271167 	0.259563 	0.0382461 	
4.925	-0.0142046 	-0.336435 	-1.35896 	0.27105 	0.259049 	0.0382243 	
4.93	-0.0143127 	-0.336269 	-1.35901 	0.270831 	0.258476 	0.0382017 	
4.935	-0.0143841 	-0.33609 	-1.35909 	0.270747 	0.257931 	0.0381724 	
4.94	-0.0144435 	-0.335912 	-1.35918 	0.270695 	0.2574 	0.0381361 	
4.945	-0.0144914 	-0.335711 	-1.35927 	0.270675 	0.256823 	0.0381326 	
4.95	-0.0145456 	-0.335492 	-1.35936 	0.270668 	0.256214 	0.0381294 	
4.955	-0.0146041 	-0.335319 	-1.35946 	0.270632 	0.255686 	0.0380924 	
4.96	-0.0146625 	-0.335161 	-1.35955 	0.270569 	0.255137 	0.0380453 	
4.965	-0.0147629 	-0.335002 	-1.35961 	0.270388 	0.254549 	0.0380152 	
4.97	-0.0149119 	-0.334843 	-1.35965 	0.270075 	0.253919 	0.0380129 	
4.975	-0.0149941 	-0.334681 	-1.35973 	0.270004 	0.253376 	0.0380205 	
4.98	-0.015075 	-0.334501 	-1.35982 	0.269912 	0.252793 	0.0380432 	
4.985	-0.0151612 	-0.334305 	-1.3599 	0.269798 	0.252177 	0.0380704 	
4.99	-0.0152345 	-0.33409 	-1.35999 	0.269719 	0.251537 	0.0380997 	
4.995	-0.0153011 	-0.333858 	-1.36009 	0.269665 	0.250873 	0.0381288 	
5	-0.0153654 	-0.333612 	-1.36019 	0.269617 	0.250184 	0.0381585 	
5.005	-0.0154298 	-0.333355 	-1.3603 	0.26957 	0.24947 	0.0381891 	
5.01	-0.0154909 	-0.333085 	-1.3604 	0.269537 	0.248733 	0.0382205 	
5.015	-0.0155566 	-0.332807 	-1.36051 	0.269483 	0.247979 	0.0382266 	
5.02	-0.0156262 	-0.332523 	-1.36062 	0.269421 	0.247205 	0.0382505 	
5.025	-0.0157134 	-0.332238 	-1.36072 	0.269294 	0.246397 	0.0382246 	
5.03	-0.0157834 	-0.331938 	-1.36083 	0.269237 	0.245587 	0.0382454 	
5.035	-0.0158552 	-0.331632 	-1.36093 	0.26918 	0.244756 	0.0382764 	
5.04	-0.015936 	-0.331326 	-1.36104 	0.269094 	0.243912 	0.0383063 	
5.045	-0.0159867 	-0.331231 	-1.36113 	0.269065 	0.243489 	0.038296 	
5.05	-0.0160253 	-0.33113 	-1.36122 	0.269009 	0.243046 	0.0382364 	
5.055	-0.0160647 	-0.331016 	-1.36129 	0.268933 	0.242565 	0.0381847 	
5.06	-0.0161014 	-0.330883 	-1.36136 	0.268878 	0.242066 	0.0381973 	
5.065	-0.0161327 	-0.330731 	-1.36143 	0.268846 	0.24155 	0.0381862 	
5.07	-0.0161653 	-0.330562 	-1.36151 	0.268814 	0.24101 	0.038167 	
5.075	-0.016205 	-0.330375 	-1.36159 	0.268774 	0.240429 	0.0381711 	
5.08	-0.0162496 	-0.33017 	-1.36167 	0.268729 	0.239812 	0.0381814 	
5.085	-0.0162877 	-0.32995 	-1.36176 	0.268713 	0.239172 	0.0381704 	
5.09	-0.0163184 	-0.329716 	-1.36186 	0.268727 	0.238516 	0.038163 	
5.095	-0.0163475 	-0.32947 	-1.36195 	0.268748 	0.23784 	0.0381552 	
5.1	-0.0163788 	-0.329217 	-1.36206 	0.268762 	0.237144 	0.0381502 	
5.105	-0.0164114 	-0.328956 	-1.36216 	0.268774 	0.236432 	0.0381457 	
5.11	-0.0164448 	-0.328689 	-1.36227 	0.268786 	0.235704 	0.0381414 	
5.115	-0.016529 	-0.328428 	-1.36235 	0.268666 	0.234932 	0.0381622 	
5.12	-0.0166605 	-0.328171 	-1.36241 	0.268431 	0.234125 	0.0382067 	
5.125	-0.0168393 	-0.327919 	-1.36245 	0.268086 	0.233281 	0.0382745 	
5.13	-0.0170587 	-0.327666 	-1.36248 	0.267648 	0.232404 	0.0383757 	
5.135	-0.0171776 	-0.327479 	-1.36254 	0.267549 	0.231854 	0.0383872 	
5.14	-0.017266 	-0.327271 	-1.36262 	0.267463 	0.231249 	0.0383486 	
5.145	-0.0173288 	-0.327054 	-1.3627 	0.267425 	0.230625 	0.0383189 	
5.15	-0.0173749 	-0.326837 	-1.36279 	0.26743 	0.230005 	0.0383075 	
5.155	-0.0174127 	-0.326614 	-1.36288 	0.26743 	0.229363 	0.0382932 	
5.16	-0.0174445 	-0.326391 	-1.36297 	0.267443 	0.228716 	0.0382861 	
5.165	-0.0174725 	-0.326185 	-1.36306 	0.267463 	0.228101 	0.0382814 	
5.17	-0.0174973 	-0.326003 	-1.36314 	0.267483 	0.227529 	0.0382778 	
5.175	-0.0175232 	-0.325814 	-1.36323 	0.267488 	0.226939 	0.0382652 	
5.18	-0.0175444 	-0.325769 	-1.3633 	0.267477 	0.226615 	0.0382682 	
5.185	-0.0175543 	-0.3257 	-1.36336 	0.267467 	0.226254 	0.038279 	
5.19	-0.0175647 	-0.325607 	-1.36341 	0.267451 	0.225856 	0.0382983 	
5.195	-0.0175822 	-0.325494 	-1.36347 	0.267419 	0.225422 	0.0383205 	
5.2	-0.0176023 	-0.325356 	-1.36353 	0.267395 	0.224947 	0.0383472 	
5.205	-0.0176251 	-0.325194 	-1.36359 	0.267378 	0.224428 	0.0383769 	
5.21	-0.0176525 	-0.325009 	-1.36366 	0.267357 	0.223867 	0.0383911 	
5.215	-0.0176855 	-0.324804 	-1.36373 	0.267331 	0.223263 	0.0384022 	
5.22	-0.0177236 	-0.324578 	-1.36381 	0.267303 	0.222619 	0.0384132 	
5.225	-0.0177664 	-0.324336 	-1.36389 	0.267271 	0.221937 	0.0384248 	
5.23	-0.0178134 	-0.324077 	-1.36397 	0.267238 	0.22122 	0.0384371 	
5.235	-0.0178653 	-0.323805 	-1.36406 	0.267197 	0.22047 	0.0384507 	
5.24	-0.0179273 	-0.323523 	-1.36415 	0.267129 	0.219689 	0.0384705 	
5.245	-0.0179931 	-0.323234 	-1.36424 	0.26705 	0.218894 	0.0384729 	
5.25	-0.0180588 	-0.322941 	-1.36433 	0.266972 	0.218093 	0.0384552 	
5.255	-0.0181362 	-0.322645 	-1.36442 	0.266875 	0.21726 	0.0384943 	
5.26	-0.0182071 	-0.322351 	-1.36452 	0.266801 	0.216442 	0.0385424 	
5.265	-0.0182803 	-0.322055 	-1.36461 	0.266728 	0.215616 	0.0385846 	
5.27	-0.0183658 	-0.321754 	-1.3647 	0.266622 	0.214765 	0.0386354 	
5.275	-0.0184624 	-0.321449 	-1.36479 	0.26649 	0.213892 	0.0386962 	
5.28	-0.0185211 	-0.321326 	-1.36487 	0.266446 	0.213404 	0.0387089 	
5.285	-0.0185877 	-0.321197 	-1.36494 	0.266334 	0.212874 	0.0387438 	
5.29	-0.0186665 	-0.321058 	-1.365 	0.266179 	0.212315 	0.0387907 	
5.295	-0.0187157 	-0.320945 	-1.36506 	0.266126 	0.211859 	0.0388685 	
5.3	-0.0187507 	-0.320843 	-1.36513 	0.2661 	0.211425 	0.0389012 	
5.305	-0.0187846 	-0.32072 	-1.36519 	0.266063 	0.210951 	0.0389263 	
5.31	-0.0188191 	-0.320576 	-1.36525 	0.266024 	0.210443 	0.0389476 	
5.315	-0.0188542 	-0.32041 	-1.36531 	0.265987 	0.209896 	0.038945 	
5.32	-0.0188931 	-0.320222 	-1.36538 	0.265946 	0.209308 	0.0389334 	
5.325	-0.0189331 	-0.320014 	-1.36544 	0.265911 	0.208681 	0.0389255 	
5.33	-0.0189741 	-0.319786 	-1.36552 	0.265882 	0.208017 	0.0389267 	
5.335	-0.0190171 	-0.319541 	-1.36559 	0.265856 	0.207317 	0.0389364 	
5.34	-0.0190635 	-0.31928 	-1.36567 	0.265826 	0.206582 	0.0389515 	
5.345	-0.0191069 	-0.319005 	-1.36575 	0.265815 	0.205822 	0.0389691 	
5.35	-0.0191664 	-0.318723 	-1.36583 	0.265762 	0.205025 	0.039001 	
5.355	-0.0192243 	-0.318438 	-1.36592 	0.265721 	0.204231 	0.0390547 	
5.36	-0.0192816 	-0.318144 	-1.366 	0.265689 	0.203408 	0.0390985 	
5.365	-0.019321 	-0.318027 	-1.36608 	0.265668 	0.20294 	0.0391155 	
5.37	-0.0193652 	-0.317901 	-1.36614 	0.265596 	0.202428 	0.0391437 	
5.375	-0.019398 	-0.317755 	-1.3662 	0.265556 	0.201896 	0.0391673 	
5.38	-0.0194253 	-0.317588 	-1.36627 	0.265533 	0.201335 	0.0391758 	
5.385	-0.0194518 	-0.317401 	-1.36633 	0.265519 	0.200741 	0.0391758 	
5.39	-0.01948 	-0.317194 	-1.3664 	0.265506 	0.200111 	0.0391734 	
5.395	-0.0195138 	-0.316971 	-1.36646 	0.265492 	0.199443 	0.0391943 	
5.4	-0.0195482 	-0.316731 	-1.36653 	0.265486 	0.198741 	0.0392202 	
5.405	-0.0195872 	-0.316476 	-1.3666 	0.265471 	0.198004 	0.0392443 	
5.41	-0.0196297 	-0.316209 	-1.36667 	0.265454 	0.197236 	0.0392684 	
5.415	-0.0196745 	-0.315929 	-1.36674 	0.265437 	0.196442 	0.0392981 	
5.42	-0.019727 	-0.31564 	-1.36681 	0.265398 	0.195623 	0.0393366 	
5.425	-0.0197708 	-0.315338 	-1.36689 	0.265401 	0.194786 	0.0393769 	
5.43	-0.0198268 	-0.315032 	-1.36697 	0.265366 	0.19393 	0.0394121 	
5.435	-0.0198874 	-0.314737 	-1.36705 	0.265321 	0.193092 	0.0394352 	
5.44	-0.0199661 	-0.314442 	-1.36712 	0.265234 	0.192225 	0.0394927 	
5.445	-0.0200233 	-0.314273 	-1.3672 	0.265181 	0.191623 	0.0395057 	
5.45	-0.0200693 	-0.314094 	-1.36727 	0.265139 	0.190997 	0.0395274 	
5.455	-0.0201093 	-0.313903 	-1.36733 	0.265106 	0.190358 	0.0395582 	
5.46	-0.0201415 	-0.313695 	-1.36739 	0.265095 	0.189698 	0.0395901 	
5.465	-0.0201695 	-0.31347 	-1.36746 	0.265103 	0.189015 	0.0396222 	
5.47	-0.0201975 	-0.313231 	-1.36752 	0.265117 	0.188304 	0.0396554 	
5.475	-0.0201745 	-0.31302 	-1.36762 	0.265263 	0.187718 	0.0396431 	
5.48	-0.0201272 	-0.312832 	-1.36772 	0.265475 	0.187194 	0.0396465 	
5.485	-0.0201198 	-0.312654 	-1.36778 	0.26555 	0.186654 	0.0396531 	
5.49	-0.0201137 	-0.312542 	-1.36784 	0.265624 	0.186267 	0.0396551 	
5.495	-0.0201276 	-0.312412 	-1.36788 	0.265623 	0.185804 	0.0396607 	
5.5	-0.0201624 	-0.312263 	-1.36793 	0.26558 	0.185282 	0.0396743 	
5.505	-0.0202159 	-0.312094 	-1.36797 	0.265505 	0.184702 	0.0396854 	
5.51	-0.0202136 	-0.312053 	-1.36804 	0.265523 	0.184362 	0.0396866 	
5.515	-0.0202092 	-0.312002 	-1.36809 	0.26552 	0.183998 	0.0396887 	
5.52	-0.020208 	-0.311934 	-1.36814 	0.265505 	0.183613 	0.0396842 	
5.525	-0.0202082 	-0.311842 	-1.36819 	0.265498 	0.183198 	0.0397046 	
5.53	-0.0202081 	-0.311725 	-1.36822 	0.265504 	0.182738 	0.0396595 	
5.535	-0.0202163 	-0.311592 	-1.36827 	0.265484 	0.182257 	0.0396225 	
5.54	-0.0202188 	-0.311434 	-1.36832 	0.26549 	0.181731 	0.0395775 	
5.545	-0.0202116 	-0.311249 	-1.36836 	0.265535 	0.181151 	0.0394467 	
5.55	-0.0202276 	-0.31105 	-1.36841 	0.265509 	0.180549 	0.0393385 	
5.555	-0.0202406 	-0.31083 	-1.36846 	0.265529 	0.179896 	0.0392395 	
5.56	-0.0202642 	-0.3106 	-1.36852 	0.265514 	0.179221 	0.0391633 	
5.565	-0.0203009 	-0.310362 	-1.36858 	0.26545 	0.178533 	0.0390466 	
5.57	-0.0203376 	-0.310111 	-1.36865 	0.265417 	0.177812 	0.0389977 	
5.575	-0.0203834 	-0.309854 	-1.36871 	0.265356 	0.177064 	0.0389345 	
5.58	-0.0204352 	-0.309596 	-1.36877 	0.265287 	0.176298 	0.0388893 	
5.585	-0.0204328 	-0.30937 	-1.36886 	0.265388 	0.175661 	0.0388545 	
5.59	-0.0203983 	-0.309173 	-1.36895 	0.265568 	0.175101 	0.0388281 	
5.595	-0.0203556 	-0.308999 	-1.36903 	0.265738 	0.174576 	0.0387943 	
5.6	-0.0203282 	-0.308833 	-1.36909 	0.265862 	0.174077 	0.0387255 	
5.605	-0.020328 	-0.308671 	-1.36915 	0.265899 	0.173546 	0.0386632 	
5.61	-0.0203416 	-0.3085 	-1.36921 	0.265888 	0.173 	0.0385629 	
5.615	-0.0203725 	-0.308347 	-1.36925 	0.265848 	0.172509 	0.0384818 	
5.62	-0.0203979 	-0.30824 	-1.36929 	0.265826 	0.172119 	0.0384351 	
5.625	-0.0204166 	-0.308185 	-1.36933 	0.265812 	0.171852 	0.0384185 	
5.63	-0.0204247 	-0.308187 	-1.36936 	0.265807 	0.171716 	0.0384153 	
5.635	-0.0204215 	-0.308148 	-1.36938 	0.265824 	0.171483 	0.0384264 	
5.64	-0.0204193 	-0.308083 	-1.36941 	0.265839 	0.171204 	0.0384301 	
5.645	-0.020418 	-0.308017 	-1.36944 	0.265839 	0.170917 	0.038388 	
5.65	-0.0204133 	-0.308024 	-1.36947 	0.265835 	0.17074 	0.0383763 	
5.655	-0.0204012 	-0.308051 	-1.36951 	0.265831 	0.170564 	0.0383701 	
5.66	-0.0203874 	-0.308055 	-1.36954 	0.265829 	0.170352 	0.0383618 	
5.665	-0.0203727 	-0.308093 	-1.36957 	0.265826 	0.170217 	0.038359 	
5.67	-0.0203554 	-0.308144 	-1.3696 	0.265821 	0.170104 	0.0383578 	
5.675	-0.0203363 	-0.3082 	-1.36963 	0.265818 	0.170012 	0.0383547 	
5.68	-0.0203172 	-0.308252 	-1.36965 	0.265816 	0.169924 	0.038354 	
5.685	-0.0203045 	-0.308276 	-1.36967 	0.265804 	0.169796 	0.0383572 	
5.69	-0.0203046 	-0.308263 	-1.36969 	0.265778 	0.169573 	0.0383132 	
5.695	-0.0203114 	-0.308213 	-1.3697 	0.265757 	0.169281 	0.0382719 	
5.7	-0.0203311 	-0.308133 	-1.36973 	0.265707 	0.168927 	0.0382432 	
5.705	-0.0203421 	-0.308098 	-1.36977 	0.265674 	0.168629 	0.0382252 	
5.71	-0.0203551 	-0.30804 	-1.3698 	0.265641 	0.168274 	0.0382187 	
5.715	-0.0203562 	-0.308062 	-1.36984 	0.265629 	0.168092 	0.0382167 	
5.72	-0.0203482 	-0.308112 	-1.36987 	0.265623 	0.167977 	0.0382161 	
5.725	-0.0203366 	-0.308164 	-1.3699 	0.265619 	0.16788 	0.038216 	
5.73	-0.0203335 	-0.308194 	-1.36992 	0.265591 	0.167749 	0.0382179 	
5.735	-0.0203296 	-0.308198 	-1.36994 	0.265574 	0.167575 	0.0382093 	
5.74	-0.0203237 	-0.308167 	-1.36996 	0.265579 	0.167332 	0.0382021 	
5.745	-0.0203172 	-0.308125 	-1.36999 	0.265592 	0.167079 	0.038172 	
5.75	-0.0203124 	-0.308084 	-1.37002 	0.265598 	0.166824 	0.0381481 	
5.755	-0.0203078 	-0.308068 	-1.37005 	0.265595 	0.166582 	0.0381418 	
5.76	-0.0203043 	-0.308045 	-1.37008 	0.265582 	0.166307 	0.0381246 	
5.765	-0.0203097 	-0.308001 	-1.37011 	0.265552 	0.165986 	0.0381209 	
5.77	-0.0203066 	-0.308019 	-1.37015 	0.26554 	0.165806 	0.0381213 	
5.775	-0.0203041 	-0.308025 	-1.37017 	0.265514 	0.16561 	0.0381162 	
5.78	-0.020297 	-0.308033 	-1.37019 	0.265502 	0.165439 	0.0381175 	
5.785	-0.0202809 	-0.308003 	-1.3702 	0.265587 	0.165179 	0.0380827 	
5.79	-0.0202718 	-0.307938 	-1.37021 	0.265627 	0.164844 	0.038063 	
5.795	-0.0202776 	-0.30784 	-1.37023 	0.265626 	0.164434 	0.0380749 	
5.8	-0.0202854 	-0.307707 	-1.37025 	0.265644 	0.163958 	0.038072 	
5.805	-0.0202955 	-0.307543 	-1.37028 	0.265673 	0.163415 	0.0380626 	
5.81	-0.0203096 	-0.307352 	-1.37031 	0.265707 	0.162811 	0.0380508 	
5.815	-0.0203244 	-0.307137 	-1.37035 	0.265753 	0.16215 	0.0380362 	
5.82	-0.0203426 	-0.306899 	-1.37039 	0.2658 	0.161438 	0.0380211 	
5.825	-0.0203633 	-0.306643 	-1.37043 	0.265849 	0.16068 	0.0380092 	
5.83	-0.0203945 	-0.306377 	-1.37048 	0.265868 	0.159884 	0.0379863 	
5.835	-0.0204314 	-0.306107 	-1.37052 	0.265874 	0.159078 	0.03798 	
5.84	-0.0204741 	-0.305834 	-1.37057 	0.265863 	0.158255 	0.0379856 	
5.845	-0.0205187 	-0.305561 	-1.37062 	0.265849 	0.15743 	0.038001 	
5.85	-0.0205589 	-0.30528 	-1.37067 	0.265856 	0.156582 	0.0379888 	
5.855	-0.0205925 	-0.305038 	-1.37073 	0.265868 	0.155826 	0.0379967 	
5.86	-0.0206216 	-0.304815 	-1.37078 	0.265883 	0.155119 	0.0380078 	
5.865	-0.0206493 	-0.304597 	-1.37084 	0.265901 	0.154426 	0.0380149 	
5.87	-0.0206789 	-0.304378 	-1.37088 	0.265911 	0.15373 	0.0380145 	
5.875	-0.0207094 	-0.304152 	-1.37093 	0.265919 	0.153018 	0.0380113 	
5.88	-0.0207418 	-0.303927 	-1.37097 	0.265923 	0.152311 	0.038017 	
5.885	-0.0207741 	-0.303712 	-1.37102 	0.265925 	0.151629 	0.0380269 	
5.89	-0.0208052 	-0.303505 	-1.37106 	0.265929 	0.150969 	0.0380359 	
5.895	-0.0208353 	-0.303304 	-1.3711 	0.265935 	0.150327 	0.038044 	
5.9	-0.0208646 	-0.303109 	-1.37115 	0.265941 	0.149698 	0.0380508 	
5.905	-0.0208934 	-0.302917 	-1.37119 	0.265953 	0.149074 	0.0380515 	
5.91	-0.0209222 	-0.302722 	-1.37123 	0.265965 	0.148448 	0.0380504 	
5.915	-0.0209522 	-0.302525 	-1.37127 	0.265971 	0.147815 	0.0380469 	
5.92	-0.0209741 	-0.302349 	-1.37131 	0.265996 	0.147232 	0.0380493 	
5.925	-0.020998 	-0.302171 	-1.37135 	0.266009 	0.146631 	0.0380486 	
5.93	-0.0210229 	-0.301992 	-1.37139 	0.26602 	0.146028 	0.0380467 	
5.935	-0.0210486 	-0.301811 	-1.37143 	0.266029 	0.145421 	0.0380447 	
5.94	-0.0210759 	-0.301615 	-1.37147 	0.266035 	0.144774 	0.0380408 	
5.945	-0.0211028 	-0.301421 	-1.37151 	0.26604 	0.144101 	0.0380395 	
5.95	-0.0211298 	-0.301236 	-1.37155 	0.266045 	0.143453 	0.0380385 	
5.955	-0.0211577 	-0.301041 	-1.37159 	0.266048 	0.142782 	0.0380354 	
5.96	-0.0211874 	-0.300836 	-1.37163 	0.266051 	0.14209 	0.038032 	
5.965	-0.021219 	-0.300621 	-1.37167 	0.266051 	0.141377 	0.0380288 	
5.97	-0.0212526 	-0.300398 	-1.37171 	0.26605 	0.140645 	0.038026 	
5.975	-0.0212881 	-0.300166 	-1.37175 	0.266047 	0.139893 	0.0380235 	
5.98	-0.0213253 	-0.299928 	-1.37179 	0.266042 	0.139124 	0.0380212 	
5.985	-0.0213643 	-0.299682 	-1.37184 	0.266035 	0.138339 	0.0380191 	
5.99	-0.0213996 	-0.29943 	-1.37188 	0.266043 	0.137546 	0.0380171 	
5.995	-0.021435 	-0.299172 	-1.37193 	0.266052 	0.13674 	0.0380118 	
6	-0.0214763 	-0.298911 	-1.37198 	0.266043 	0.135919 	0.0380093 	
6.005	-0.0215283 	-0.298651 	-1.37202 	0.266023 	0.135082 	0.0380102 	
6.01	-0.0215794 	-0.298387 	-1.37207 	0.26601 	0.134241 	0.0380092 	
6.015	-0.0216208 	-0.298265 	-1.37211 	0.265981 	0.133724 	0.0380237 	
6.02	-0.0216551 	-0.298132 	-1.37216 	0.26594 	0.133183 	0.0380496 	
6.025	-0.0216778 	-0.297986 	-1.3722 	0.265943 	0.132616 	0.0380449 	
6.03	-0.021703 	-0.297827 	-1.37224 	0.265939 	0.132019 	0.0380417 	
6.035	-0.0217305 	-0.297655 	-1.37227 	0.265934 	0.131395 	0.0380392 	
6.04	-0.0217562 	-0.297472 	-1.3723 	0.265944 	0.13075 	0.038035 	
6.045	-0.0217827 	-0.297277 	-1.37234 	0.265959 	0.13008 	0.0380309 	
6.05	-0.0218002 	-0.297163 	-1.37238 	0.265972 	0.129529 	0.0380231 	
6.055	-0.0218161 	-0.297047 	-1.37241 	0.265981 	0.128954 	0.0380074 	
6.06	-0.0218393 	-0.296916 	-1.37244 	0.265951 	0.128374 	0.038056 	
6.065	-0.0218588 	-0.296763 	-1.37246 	0.265945 	0.12776 	0.0380843 	
6.07	-0.0218774 	-0.296589 	-1.37249 	0.26595 	0.127112 	0.0381042 	
6.075	-0.0218974 	-0.296393 	-1.37251 	0.265962 	0.126427 	0.0381189 	
6.08	-0.0219199 	-0.296177 	-1.37253 	0.265976 	0.1257 	0.0381297 	
6.085	-0.0219453 	-0.295943 	-1.37256 	0.265992 	0.124932 	0.0381372 	
6.09	-0.0219738 	-0.295691 	-1.37258 	0.266009 	0.124124 	0.038142 	
6.095	-0.0220053 	-0.295424 	-1.3726 	0.266027 	0.123278 	0.0381453 	
6.1	-0.0220466 	-0.29515 	-1.37263 	0.266017 	0.122408 	0.0381459 	
6.105	-0.0220974 	-0.294873 	-1.37266 	0.265992 	0.121526 	0.0381473 	
6.11	-0.022145 	-0.294589 	-1.37269 	0.265991 	0.120633 	0.0381454 	
6.115	-0.0221893 	-0.2943 	-1.37272 	0.266007 	0.11973 	0.0381406 	
6.12	-0.0222381 	-0.294011 	-1.37276 	0.266 	0.118821 	0.0381372 	
6.125	-0.0222853 	-0.293719 	-1.3728 	0.266001 	0.117908 	0.0381312 	
6.13	-0.0223343 	-0.293427 	-1.37285 	0.265992 	0.116992 	0.0381271 	
6.135	-0.0223846 	-0.293135 	-1.37288 	0.265992 	0.116068 	0.0381186 	
6.14	-0.0224367 	-0.292845 	-1.37291 	0.265992 	0.115138 	0.0381106 	
6.145	-0.0224959 	-0.292557 	-1.37293 	0.265954 	0.114205 	0.0381111 	
6.15	-0.0225535 	-0.292269 	-1.37297 	0.265912 	0.113274 	0.0381122 	
6.155	-0.0226088 	-0.291982 	-1.373 	0.265878 	0.112349 	0.0381124 	
6.16	-0.0226597 	-0.291697 	-1.37303 	0.265864 	0.11143 	0.03811 	
6.165	-0.0227103 	-0.291413 	-1.37307 	0.265845 	0.110514 	0.0381065 	
6.17	-0.0227748 	-0.291137 	-1.37309 	0.265765 	0.109593 	0.0381147 	
6.175	-0.0228439 	-0.290863 	-1.37312 	0.265671 	0.108674 	0.0381281 	
6.18	-0.0229143 	-0.290588 	-1.37313 	0.265573 	0.107745 	0.0381374 	
6.185	-0.0229572 	-0.29031 	-1.37316 	0.265566 	0.106835 	0.0381311 	
6.19	-0.0229885 	-0.290028 	-1.37319 	0.265604 	0.105928 	0.0381215 	
6.195	-0.0230175 	-0.289745 	-1.37322 	0.26565 	0.105019 	0.0381117 	
6.2	-0.0230267 	-0.289616 	-1.37327 	0.265692 	0.104395 	0.0381095 	
6.205	-0.023065 	-0.289429 	-1.37326 	0.265677 	0.103852 	0.0381236 	
6.21	-0.0231 	-0.289202 	-1.37324 	0.265709 	0.103318 	0.0381204 	
6.215	-0.0231257 	-0.289095 	-1.37324 	0.265742 	0.103138 	0.0381077 	
6.22	-0.0231555 	-0.28895 	-1.37322 	0.265754 	0.102852 	0.0381021 	
6.225	-0.0231931 	-0.288796 	-1.3732 	0.265763 	0.10256 	0.0381004 	
6.23	-0.0232243 	-0.288722 	-1.37318 	0.265764 	0.102519 	0.0380994 	
6.235	-0.0232548 	-0.288609 	-1.37316 	0.265762 	0.102349 	0.0380963 	
6.24	-0.023292 	-0.288467 	-1.37314 	0.265748 	0.102095 	0.0380937 	
6.245	-0.0233344 	-0.288314 	-1.37313 	0.26572 	0.101805 	0.0380982 	
6.25	-0.0233745 	-0.288151 	-1.37312 	0.265707 	0.101495 	0.038101 	
6.255	-0.0234094 	-0.28803 	-1.37312 	0.265699 	0.101311 	0.0381057 	
6.26	-0.0234338 	-0.287964 	-1.37312 	0.26572 	0.101253 	0.0381031 	
6.265	-0.0234583 	-0.28791 	-1.37311 	0.265714 	0.101213 	0.0381246 	
6.27	-0.0234789 	-0.287879 	-1.3731 	0.265716 	0.101226 	0.0381295 	
6.275	-0.0234971 	-0.287858 	-1.37308 	0.265716 	0.101259 	0.038131 	
6.28	-0.0235129 	-0.287841 	-1.37306 	0.265715 	0.101298 	0.0381316 	
6.285	-0.023527 	-0.287825 	-1.37305 	0.265716 	0.101336 	0.0381319 	
6.29	-0.0235401 	-0.287811 	-1.37303 	0.265715 	0.101377 	0.0381322 	
6.295	-0.0235525 	-0.287794 	-1.37301 	0.265709 	0.101409 	0.0381336 	
6.3	-0.0235635 	-0.287775 	-1.373 	0.265706 	0.101437 	0.0381352 	
6.305	-0.0235742 	-0.28776 	-1.37298 	0.265705 	0.101474 	0.0381356 	
6.31	-0.0235844 	-0.287748 	-1.37296 	0.265705 	0.101515 	0.0381359 	
6.315	-0.0235942 	-0.287737 	-1.37294 	0.265704 	0.101556 	0.038136 	
6.32	-0.0236036 	-0.287726 	-1.37292 	0.265704 	0.101598 	0.0381362 	
6.325	-0.0236128 	-0.287716 	-1.37291 	0.265703 	0.10164 	0.0381363 	
6.33	-0.0236217 	-0.287707 	-1.37289 	0.265703 	0.101682 	0.0381364 	
6.335	-0.0236305 	-0.287698 	-1.37287 	0.265702 	0.101724 	0.0381365 	
6.34	-0.0236391 	-0.287689 	-1.37285 	0.265702 	0.101766 	0.0381366 	
6.345	-0.0236477 	-0.287681 	-1.37284 	0.265701 	0.101808 	0.0381366 	
6.35	-0.0236561 	-0.287673 	-1.37282 	0.265701 	0.10185 	0.0381367 	
6.355	-0.0236645 	-0.287665 	-1.3728 	0.2657 	0.101892 	0.0381368 	
6.36	-0.0236728 	-0.287657 	-1.37278 	0.265699 	0.101935 	0.0381368 	
6.365	-0.023681 	-0.28765 	-1.37277 	0.265699 	0.101977 	0.0381369 	
6.37	-0.0236892 	-0.287643 	-1.37275 	0.265698 	0.102019 	0.038137 	
6.375	-0.0236974 	-0.287635 	-1.37273 	0.265698 	0.102062 	0.038137 	
6.38	-0.0237055 	-0.287628 	-1.37272 	0.265697 	0.102104 	0.0381371 	
6.385	-0.0237136 	-0.287621 	-1.3727 	0.265697 	0.102146 	0.0381372 	
6.39	-0.0237217 	-0.287614 	-1.37268 	0.265696 	0.102189 	0.0381372 	
6.395	-0.0237297 	-0.287607 	-1.37266 	0.265696 	0.102231 	0.0381373 	
6.4	-0.0237378 	-0.2876 	-1.37265 	0.265695 	0.102274 	0.0381374 	
6.405	-0.0237458 	-0.287593 	-1.37263 	0.265694 	0.102316 	0.0381374 	
6.41	-0.0237539 	-0.287586 	-1.37261 	0.265694 	0.102358 	0.0381375 	
6.415	-0.0237619 	-0.287579 	-1.3726 	0.265693 	0.102401 	0.0381375 	
6.42	-0.02377 	-0.287572 	-1.37258 	0.265693 	0.102443 	0.0381376 	
6.425	-0.023778 	-0.287565 	-1.37256 	0.265692 	0.102486 	0.0381376 	
6.43	-0.0237861 	-0.287558 	-1.37254 	0.265692 	0.102528 	0.0381377 	
6.435	-0.0237941 	-0.287551 	-1.37253 	0.265691 	0.10257 	0.0381377 	
6.44	-0.0238022 	-0.287544 	-1.37251 	0.265691 	0.102613 	0.0381378 	
6.445	-0.0238103 	-0.287537 	-1.37249 	0.26569 	0.102655 	0.0381379 	
6.45	-0.0238183 	-0.28753 	-1.37248 	0.265689 	0.102698 	0.0381379 	
6.455	-0.0238264 	-0.287523 	-1.37246 	0.265689 	0.10274 	0.038138 	
6.46	-0.0238345 	-0.287516 	-1.37244 	0.265688 	0.102783 	0.038138 	
6.465	-0.0238426 	-0.287509 	-1.37243 	0.265688 	0.102825 	0.0381381 	
6.47	-0.0238507 	-0.287502 	-1.37241 	0.265687 	0.102868 	0.0381382 	
6.475	-0.0238749 	-0.287486 	-1.37239 	0.265635 	0.102882 	0.0381173 	
6.48	-0.0239081 	-0.287458 	-1.37237 	0.265565 	0.10287 	0.0381004 	
6.485	-0.0239301 	-0.287439 	-1.37236 	0.265547 	0.102898 	0.0380963 	
6.49	-0.0239474 	-0.287423 	-1.37234 	0.265542 	0.102936 	0.0380953 	
6.495	-0.0239781 	-0.287396 	-1.37232 	0.265485 	0.102931 	0.0380816 	
6.5	-0.0240053 	-0.287374 	-1.37231 	0.265456 	0.102938 	0.0380632 	
6.505	-0.0240265 	-0.287359 	-1.3723 	0.265448 	0.102972 	0.0380588 	
6.51	-0.0240442 	-0.287347 	-1.37228 	0.265445 	0.103012 	0.0380578 	
6.515	-0.0240599 	-0.287337 	-1.37226 	0.265443 	0.103053 	0.0380576 	
6.52	-0.0240741 	-0.287327 	-1.37225 	0.265442 	0.103095 	0.0380577 	
6.525	-0.0240873 	-0.287317 	-1.37223 	0.265441 	0.103137 	0.0380578 	
6.53	-0.0240998 	-0.287308 	-1.37221 	0.26544 	0.103179 	0.0380578 	
6.535	-0.0241116 	-0.287299 	-1.37219 	0.265439 	0.103221 	0.0380579 	
6.54	-0.0241228 	-0.28729 	-1.37218 	0.265438 	0.103263 	0.038058 	
6.545	-0.0241337 	-0.287281 	-1.37216 	0.265437 	0.103305 	0.0380581 	
6.55	-0.0241451 	-0.287268 	-1.37214 	0.265434 	0.103334 	0.038056 	
6.555	-0.024156 	-0.287257 	-1.37213 	0.265433 	0.103372 	0.0380555 	
6.56	-0.0241664 	-0.287247 	-1.37211 	0.265432 	0.103413 	0.0380555 	
6.565	-0.0241715 	-0.287217 	-1.37209 	0.265453 	0.103419 	0.0380445 	
6.57	-0.0241804 	-0.287191 	-1.37208 	0.265459 	0.103429 	0.0380365 	
6.575	-0.0241903 	-0.287159 	-1.37207 	0.265464 	0.103429 	0.0380211 	
6.58	-0.0242016 	-0.287138 	-1.37205 	0.265465 	0.10346 	0.0380174 	
6.585	-0.0242167 	-0.287113 	-1.37203 	0.265454 	0.103474 	0.0380041 	
6.59	-0.0242387 	-0.287083 	-1.37202 	0.26542 	0.103468 	0.0379997 	
6.595	-0.0242554 	-0.287062 	-1.372 	0.265411 	0.103497 	0.0379988 	
6.6	-0.0242697 	-0.287043 	-1.37198 	0.265407 	0.103533 	0.037999 	
6.605	-0.0242822 	-0.287028 	-1.37197 	0.265405 	0.103573 	0.0379991 	
6.61	-0.0242939 	-0.287013 	-1.37195 	0.265404 	0.103613 	0.0379992 	
6.615	-0.024309 	-0.286989 	-1.37193 	0.265391 	0.103621 	0.037998 	
6.62	-0.0243345 	-0.286955 	-1.37191 	0.265348 	0.103589 	0.0379927 	
6.625	-0.0243494 	-0.286946 	-1.3719 	0.265312 	0.103568 	0.0379988 	
6.63	-0.0243557 	-0.286946 	-1.37189 	0.265302 	0.103597 	0.0380003 	
6.635	-0.024359 	-0.286949 	-1.37188 	0.2653 	0.103638 	0.0380005 	
6.64	-0.0243616 	-0.286952 	-1.37186 	0.265299 	0.103682 	0.0380005 	
6.645	-0.0243709 	-0.286937 	-1.37185 	0.26528 	0.103673 	0.0380124 	
6.65	-0.0243777 	-0.28693 	-1.37183 	0.265274 	0.1037 	0.0380157 	
6.655	-0.0243836 	-0.286924 	-1.37181 	0.265273 	0.10374 	0.0380165 	
6.66	-0.0243893 	-0.286919 	-1.3718 	0.265272 	0.103782 	0.0380166 	
6.665	-0.0243952 	-0.286914 	-1.37178 	0.265271 	0.103825 	0.0380166 	
6.67	-0.0244087 	-0.286882 	-1.37176 	0.265258 	0.103804 	0.0380188 	
6.675	-0.0244344 	-0.28684 	-1.37174 	0.265207 	0.103751 	0.0380225 	
6.68	-0.0244562 	-0.286789 	-1.37173 	0.265179 	0.10369 	0.0380175 	
6.685	-0.0244777 	-0.28673 	-1.37171 	0.26516 	0.103615 	0.0380012 	
6.69	-0.0245064 	-0.286671 	-1.3717 	0.265111 	0.103534 	0.0380012 	
6.695	-0.024535 	-0.286603 	-1.37168 	0.265059 	0.103425 	0.0379688 	
6.7	-0.0245622 	-0.286524 	-1.37167 	0.265029 	0.103297 	0.037941 	
6.705	-0.0245837 	-0.286476 	-1.37165 	0.26502 	0.103269 	0.0379335 	
