0	0.333706 	-0.17241 	0.0336918 	-0.369617 	-1.57018 	0.369649 	
0.005	0.332479 	-0.183034 	0.0339483 	-2.5918 	-1.56823 	2.1216 	
0.01	0.333443 	-0.178384 	0.0337494 	-0.652107 	-1.57035 	0.38925 	
0.015	0.333472 	-0.178321 	0.0337415 	-0.648879 	-1.56995 	0.385544 	
0.02	0.333487 	-0.178296 	0.0337472 	-0.618568 	-1.57024 	0.357167 	
0.025	0.333483 	-0.178289 	0.0337403 	-0.614482 	-1.56988 	0.35365 	
0.03	0.333473 	-0.178287 	0.0337307 	-0.614354 	-1.56937 	0.354012 	
0.035	0.333524 	-0.178303 	0.0337479 	-0.623053 	-1.57023 	0.361266 	
0.04	0.333532 	-0.178313 	0.0337445 	-0.627282 	-1.57003 	0.365207 	
0.045	0.333533 	-0.178323 	0.0337376 	-0.628544 	-1.56965 	0.366273 	
0.05	0.33353 	-0.178335 	0.0337279 	-0.628558 	-1.56912 	0.366165 	
0.055	0.333598 	-0.178288 	0.0337437 	-0.618797 	-1.56991 	0.357796 	
0.06	0.333617 	-0.17828 	0.0337398 	-0.616712 	-1.56968 	0.356212 	
0.065	0.333629 	-0.178276 	0.0337326 	-0.616539 	-1.56927 	0.356476 	
0.07	0.333637 	-0.178276 	0.0337227 	-0.61696 	-1.56872 	0.357281 	
0.075	0.3337 	-0.178297 	0.0337377 	-0.620483 	-1.56945 	0.359249 	
0.08	0.333724 	-0.178308 	0.0337335 	-0.62252 	-1.56919 	0.36092 	
0.085	0.333742 	-0.17832 	0.0337261 	-0.623857 	-1.56876 	0.362 	
0.09	0.333757 	-0.178333 	0.0337161 	-0.624607 	-1.56818 	0.362579 	
0.095	0.333841 	-0.178271 	0.0337297 	-0.61712 	-1.56884 	0.357218 	
0.1	0.333877 	-0.178258 	0.0337251 	-0.615688 	-1.56855 	0.356531 	
0.105	0.333907 	-0.17825 	0.0337174 	-0.615206 	-1.56809 	0.356681 	
0.11	0.333959 	-0.178281 	0.033721 	-0.617316 	-1.56822 	0.357192 	
0.115	0.333991 	-0.178294 	0.0337138 	-0.618393 	-1.56777 	0.357975 	
0.12	0.334019 	-0.178306 	0.033704 	-0.619333 	-1.5672 	0.358716 	
0.125	0.334045 	-0.178319 	0.0336923 	-0.620071 	-1.56651 	0.35933 	
0.13	0.334164 	-0.178252 	0.0337133 	-0.614387 	-1.56754 	0.355696 	
0.135	0.334221 	-0.178237 	0.0337109 	-0.613237 	-1.56734 	0.355282 	
0.14	0.334271 	-0.178227 	0.033705 	-0.612797 	-1.56696 	0.355465 	
0.145	0.334317 	-0.178222 	0.0336964 	-0.612774 	-1.56643 	0.355975 	
0.15	0.334376 	-0.178262 	0.0336958 	-0.613373 	-1.56631 	0.354721 	
0.155	0.334421 	-0.178279 	0.0336869 	-0.614114 	-1.56576 	0.355042 	
0.16	0.334464 	-0.178294 	0.033676 	-0.614913 	-1.56509 	0.355541 	
0.165	0.334576 	-0.178232 	0.0336876 	-0.610908 	-1.56561 	0.353775 	
0.17	0.334642 	-0.178219 	0.0336822 	-0.610316 	-1.56524 	0.353922 	
0.175	0.334702 	-0.178211 	0.0336741 	-0.610133 	-1.56472 	0.354365 	
0.18	0.334759 	-0.178208 	0.0336637 	-0.610182 	-1.56407 	0.354949 	
0.185	0.334853 	-0.178232 	0.0336707 	-0.608377 	-1.56433 	0.351653 	
0.19	0.33492 	-0.178243 	0.033664 	-0.608352 	-1.56388 	0.351339 	
0.195	0.334984 	-0.178254 	0.0336548 	-0.608676 	-1.56329 	0.351466 	
0.2	0.335086 	-0.178205 	0.0336567 	-0.606244 	-1.56328 	0.351094 	
0.205	0.335161 	-0.178195 	0.0336487 	-0.605949 	-1.56275 	0.351512 	
0.21	0.335232 	-0.178189 	0.0336386 	-0.605934 	-1.5621 	0.352101 	
0.215	0.3353 	-0.178187 	0.0336268 	-0.606079 	-1.56136 	0.352763 	
0.22	0.335426 	-0.178196 	0.0336396 	-0.602733 	-1.56192 	0.348315 	
0.225	0.335514 	-0.178202 	0.0336346 	-0.602148 	-1.56153 	0.347571 	
0.23	0.335597 	-0.17821 	0.0336269 	-0.602054 	-1.561 	0.347386 	
0.235	0.335677 	-0.178218 	0.0336171 	-0.602294 	-1.56035 	0.347588 	
0.24	0.33579 	-0.178161 	0.0336156 	-0.599609 	-1.56015 	0.347407 	
0.245	0.335879 	-0.178148 	0.0336063 	-0.599151 	-1.55952 	0.347876 	
0.25	0.335965 	-0.178139 	0.0335953 	-0.598999 	-1.5588 	0.348499 	
0.255	0.336087 	-0.178159 	0.0336001 	-0.596812 	-1.55892 	0.345062 	
0.26	0.336183 	-0.178166 	0.0335927 	-0.596496 	-1.55839 	0.344626 	
0.265	0.336277 	-0.178174 	0.0335833 	-0.596556 	-1.55774 	0.344626 	
0.27	0.336368 	-0.178183 	0.0335722 	-0.596866 	-1.557 	0.344922 	
0.275	0.33651 	-0.178119 	0.0335759 	-0.592599 	-1.55707 	0.343204 	
0.28	0.336618 	-0.178103 	0.0335682 	-0.59165 	-1.55652 	0.343206 	
0.285	0.336723 	-0.178092 	0.0335585 	-0.591162 	-1.55585 	0.343513 	
0.29	0.336825 	-0.178086 	0.0335473 	-0.590999 	-1.55509 	0.34402 	
0.295	0.336957 	-0.178113 	0.03355 	-0.58876 	-1.55509 	0.340248 	
0.3	0.337068 	-0.178124 	0.033542 	-0.58841 	-1.55449 	0.339641 	
0.305	0.337177 	-0.178134 	0.0335321 	-0.588441 	-1.5538 	0.339501 	
0.31	0.337315 	-0.178076 	0.0335286 	-0.585282 	-1.55347 	0.338961 	
0.315	0.337433 	-0.178063 	0.0335189 	-0.584588 	-1.55279 	0.339187 	
0.32	0.337548 	-0.178054 	0.0335078 	-0.584275 	-1.55202 	0.339643 	
0.325	0.337662 	-0.17805 	0.0334956 	-0.584232 	-1.55118 	0.34025 	
0.33	0.337775 	-0.178048 	0.0334825 	-0.584375 	-1.5503 	0.340946 	
0.335	0.337954 	-0.178053 	0.0334962 	-0.578773 	-1.5509 	0.334146 	
0.34	0.33809 	-0.178057 	0.0334916 	-0.577325 	-1.55048 	0.332519 	
0.345	0.338223 	-0.178063 	0.0334846 	-0.576525 	-1.54993 	0.331609 	
0.35	0.338342 	-0.17802 	0.0334675 	-0.576027 	-1.54882 	0.33377 	
0.355	0.338466 	-0.178009 	0.0334541 	-0.575888 	-1.54791 	0.334586 	
0.36	0.33859 	-0.178003 	0.0334403 	-0.575963 	-1.54697 	0.335458 	
0.365	0.338714 	-0.178001 	0.0334259 	-0.576186 	-1.54599 	0.336353 	
0.37	0.338914 	-0.177995 	0.0334416 	-0.569677 	-1.54672 	0.328941 	
0.375	0.339067 	-0.177995 	0.0334375 	-0.567914 	-1.54631 	0.327145 	
0.38	0.339215 	-0.177997 	0.033431 	-0.566849 	-1.54576 	0.326088 	
0.385	0.339336 	-0.177965 	0.03341 	-0.566818 	-1.54442 	0.328412 	
0.39	0.33947 	-0.177957 	0.0333956 	-0.566746 	-1.54343 	0.329229 	
0.395	0.339605 	-0.177953 	0.033381 	-0.566879 	-1.54243 	0.330105 	
0.4	0.339741 	-0.177952 	0.0333663 	-0.567155 	-1.5414 	0.33101 	
0.405	0.339878 	-0.177954 	0.0333514 	-0.567529 	-1.54037 	0.331921 	
0.41	0.340121 	-0.177921 	0.0333758 	-0.557621 	-1.54162 	0.32165 	
0.415	0.340298 	-0.177913 	0.0333748 	-0.554647 	-1.54138 	0.318786 	
0.42	0.340469 	-0.177909 	0.0333709 	-0.552621 	-1.54098 	0.316881 	
0.425	0.340568 	-0.177897 	0.0333371 	-0.555732 	-1.53886 	0.322167 	
0.43	0.340708 	-0.177895 	0.0333193 	-0.556333 	-1.53765 	0.323631 	
0.435	0.340851 	-0.177895 	0.0333021 	-0.556955 	-1.53647 	0.324977 	
0.44	0.340996 	-0.177898 	0.0332854 	-0.557587 	-1.5353 	0.326222 	
0.445	0.341256 	-0.177854 	0.0333103 	-0.547076 	-1.53662 	0.315681 	
0.45	0.341445 	-0.177842 	0.033309 	-0.543977 	-1.53636 	0.312837 	
0.455	0.341629 	-0.177836 	0.033305 	-0.541836 	-1.53593 	0.310933 	
0.46	0.341737 	-0.177832 	0.0332701 	-0.544818 	-1.53373 	0.31579 	
0.465	0.341888 	-0.177832 	0.0332521 	-0.54536 	-1.53248 	0.31713 	
0.47	0.342042 	-0.177834 	0.0332348 	-0.545953 	-1.53127 	0.318394 	
0.475	0.342199 	-0.177837 	0.0332182 	-0.546579 	-1.53008 	0.31959 	
0.48	0.342467 	-0.177783 	0.0332405 	-0.535742 	-1.53128 	0.309208 	
0.485	0.342668 	-0.177768 	0.0332384 	-0.53253 	-1.53097 	0.306409 	
0.49	0.342864 	-0.177758 	0.0332339 	-0.530289 	-1.53051 	0.30453 	
0.495	0.34298 	-0.177762 	0.0331989 	-0.533225 	-1.52826 	0.309036 	
0.5	0.343143 	-0.177764 	0.0331808 	-0.533735 	-1.52699 	0.310281 	
0.505	0.343308 	-0.177767 	0.0331637 	-0.534317 	-1.52575 	0.311482 	
0.51	0.343477 	-0.177772 	0.0331472 	-0.534947 	-1.52455 	0.312639 	
0.515	0.343752 	-0.177707 	0.0331663 	-0.523695 	-1.52561 	0.302308 	
0.52	0.343963 	-0.177689 	0.0331633 	-0.520343 	-1.52525 	0.299517 	
0.525	0.344169 	-0.177677 	0.0331582 	-0.517983 	-1.52475 	0.297639 	
0.53	0.344372 	-0.17767 	0.0331515 	-0.516415 	-1.52414 	0.296489 	
0.535	0.344481 	-0.17768 	0.0331094 	-0.519649 	-1.52144 	0.301441 	
0.54	0.344647 	-0.177684 	0.0330883 	-0.520452 	-1.51996 	0.303049 	
0.545	0.344818 	-0.17769 	0.0330687 	-0.521245 	-1.51856 	0.304518 	
0.55	0.345103 	-0.177633 	0.0330871 	-0.511733 	-1.51956 	0.295644 	
0.555	0.345321 	-0.177619 	0.0330829 	-0.509055 	-1.51911 	0.29348 	
0.56	0.345536 	-0.177609 	0.033077 	-0.507214 	-1.51854 	0.292082 	
0.565	0.345747 	-0.177604 	0.0330696 	-0.506036 	-1.51787 	0.291291 	
0.57	0.345877 	-0.177596 	0.0330305 	-0.505965 	-1.51538 	0.293305 	
0.575	0.346056 	-0.177595 	0.0330103 	-0.505832 	-1.51396 	0.294096 	
0.58	0.346241 	-0.177597 	0.0329917 	-0.505926 	-1.5126 	0.29496 	
0.585	0.34643 	-0.177601 	0.0329743 	-0.506192 	-1.51131 	0.295874 	
0.59	0.346739 	-0.177537 	0.0329964 	-0.496124 	-1.51258 	0.286375 	
0.595	0.346976 	-0.17752 	0.0329945 	-0.493035 	-1.51226 	0.283765 	
0.6	0.347208 	-0.177509 	0.0329905 	-0.490862 	-1.5118 	0.282006 	
0.605	0.347335 	-0.177514 	0.0329482 	-0.492372 	-1.50905 	0.285354 	
0.61	0.347524 	-0.177516 	0.0329282 	-0.49244 	-1.5076 	0.286267 	
0.615	0.347719 	-0.177519 	0.0329098 	-0.492694 	-1.50624 	0.287229 	
0.62	0.347918 	-0.177525 	0.0328928 	-0.493089 	-1.50494 	0.288221 	
0.625	0.348227 	-0.17745 	0.03291 	-0.482064 	-1.50599 	0.278283 	
0.63	0.34847 	-0.177429 	0.0329066 	-0.478691 	-1.50559 	0.275553 	
0.635	0.34871 	-0.177415 	0.0329015 	-0.47629 	-1.50507 	0.273698 	
0.64	0.34885 	-0.177429 	0.0328619 	-0.478335 	-1.50241 	0.277213 	
0.645	0.34905 	-0.177433 	0.0328426 	-0.478516 	-1.50098 	0.278153 	
0.65	0.349254 	-0.177438 	0.0328249 	-0.478863 	-1.49963 	0.279139 	
0.655	0.349463 	-0.177446 	0.0328085 	-0.479336 	-1.49834 	0.280153 	
0.66	0.34977 	-0.17736 	0.0328204 	-0.467486 	-1.49915 	0.269884 	
0.665	0.35002 	-0.177336 	0.0328155 	-0.463857 	-1.49868 	0.267054 	
0.67	0.350265 	-0.177319 	0.0328092 	-0.46125 	-1.49809 	0.265117 	
0.675	0.350508 	-0.177309 	0.0328019 	-0.459458 	-1.49742 	0.263891 	
0.68	0.350637 	-0.177331 	0.0327562 	-0.462132 	-1.49433 	0.268077 	
0.685	0.350837 	-0.17734 	0.0327341 	-0.462711 	-1.49269 	0.269438 	
0.69	0.351044 	-0.177349 	0.0327142 	-0.463357 	-1.49118 	0.270739 	
0.695	0.351363 	-0.177273 	0.0327276 	-0.45325 	-1.49205 	0.26187 	
0.7	0.351619 	-0.177253 	0.0327222 	-0.450292 	-1.49152 	0.259629 	
0.705	0.351871 	-0.177241 	0.0327156 	-0.448209 	-1.49089 	0.25815 	
0.71	0.352121 	-0.177234 	0.0327081 	-0.44682 	-1.49019 	0.257274 	
0.715	0.352263 	-0.177234 	0.0326635 	-0.446287 	-1.48724 	0.258717 	
0.72	0.352473 	-0.177236 	0.0326419 	-0.445935 	-1.48564 	0.259291 	
0.725	0.352689 	-0.17724 	0.0326225 	-0.445868 	-1.48417 	0.259995 	
0.73	0.353005 	-0.177182 	0.032633 	-0.438324 	-1.48479 	0.253355 	
0.735	0.353265 	-0.177167 	0.0326268 	-0.436015 	-1.48419 	0.251685 	
0.74	0.353523 	-0.177159 	0.0326196 	-0.43444 	-1.48351 	0.25065 	
0.745	0.353701 	-0.177148 	0.0325851 	-0.432486 	-1.48119 	0.250471 	
0.75	0.353928 	-0.177146 	0.0325672 	-0.431601 	-1.47983 	0.250451 	
0.755	0.354159 	-0.177148 	0.0325508 	-0.431131 	-1.47854 	0.250702 	
0.76	0.354394 	-0.177152 	0.0325357 	-0.430983 	-1.4773 	0.25116 	
0.765	0.354633 	-0.177159 	0.0325215 	-0.431085 	-1.47612 	0.251775 	
0.77	0.354937 	-0.177061 	0.0325226 	-0.419117 	-1.47638 	0.241959 	
0.775	0.355203 	-0.177034 	0.032515 	-0.415315 	-1.47576 	0.239146 	
0.78	0.355467 	-0.177015 	0.0325069 	-0.41256 	-1.47507 	0.237212 	
0.785	0.355729 	-0.177004 	0.0324983 	-0.410637 	-1.47431 	0.235974 	
0.79	0.355884 	-0.177034 	0.0324566 	-0.41321 	-1.47132 	0.239697 	
0.795	0.356106 	-0.177046 	0.0324358 	-0.413732 	-1.4697 	0.240912 	
0.8	0.356336 	-0.177059 	0.0324172 	-0.41435 	-1.4682 	0.242112 	
0.805	0.356659 	-0.176968 	0.0324227 	-0.403732 	-1.46871 	0.233278 	
0.81	0.356931 	-0.176946 	0.0324152 	-0.400578 	-1.46808 	0.231006 	
0.815	0.3572 	-0.176931 	0.0324072 	-0.398329 	-1.46737 	0.229492 	
0.82	0.357468 	-0.176924 	0.0323988 	-0.3968 	-1.46661 	0.228577 	
0.825	0.357629 	-0.176929 	0.0323566 	-0.396235 	-1.46368 	0.229699 	
0.83	0.357857 	-0.176933 	0.0323358 	-0.395829 	-1.46208 	0.230151 	
0.835	0.358093 	-0.176941 	0.0323172 	-0.395726 	-1.46061 	0.230762 	
0.84	0.358415 	-0.176871 	0.0323218 	-0.387756 	-1.46097 	0.224145 	
0.845	0.35869 	-0.176855 	0.032314 	-0.385276 	-1.46029 	0.22244 	
0.85	0.358963 	-0.176846 	0.0323059 	-0.383557 	-1.45955 	0.221369 	
0.855	0.359234 	-0.176842 	0.0322974 	-0.382441 	-1.45877 	0.220798 	
0.86	0.359401 	-0.176822 	0.032255 	-0.379122 	-1.45591 	0.21966 	
0.865	0.359634 	-0.17682 	0.0322342 	-0.377916 	-1.45434 	0.219463 	
0.87	0.359874 	-0.176822 	0.0322156 	-0.377191 	-1.45288 	0.219571 	
0.875	0.36012 	-0.176828 	0.0321989 	-0.376841 	-1.45153 	0.219914 	
0.88	0.360461 	-0.176752 	0.0322071 	-0.368496 	-1.45218 	0.212867 	
0.885	0.360748 	-0.176733 	0.0322014 	-0.365785 	-1.45164 	0.210902 	
0.89	0.361031 	-0.176722 	0.0321949 	-0.363879 	-1.45103 	0.20962 	
0.895	0.361199 	-0.176722 	0.0321536 	-0.362566 	-1.44811 	0.210071 	
0.9	0.361437 	-0.176724 	0.0321339 	-0.361776 	-1.44658 	0.210169 	
0.905	0.361683 	-0.17673 	0.0321163 	-0.361377 	-1.44516 	0.210506 	
0.91	0.361933 	-0.176739 	0.0321004 	-0.361284 	-1.44383 	0.211026 	
0.915	0.362261 	-0.176646 	0.0321022 	-0.351328 	-1.44418 	0.202914 	
0.92	0.362545 	-0.176622 	0.0320945 	-0.348143 	-1.44355 	0.200641 	
0.925	0.362827 	-0.176608 	0.0320865 	-0.34586 	-1.44286 	0.199114 	
0.93	0.363011 	-0.176621 	0.0320506 	-0.345873 	-1.44019 	0.200429 	
0.935	0.363256 	-0.176626 	0.0320323 	-0.345411 	-1.43873 	0.200736 	
0.94	0.363506 	-0.176636 	0.0320159 	-0.34527 	-1.43737 	0.201235 	
0.945	0.363762 	-0.176648 	0.0320009 	-0.34538 	-1.43609 	0.201883 	
0.95	0.364075 	-0.176539 	0.0319967 	-0.334076 	-1.43613 	0.19292 	
0.955	0.364356 	-0.176511 	0.0319873 	-0.330492 	-1.43541 	0.190395 	
0.96	0.364637 	-0.176493 	0.0319779 	-0.327892 	-1.43465 	0.188669 	
0.965	0.364916 	-0.176484 	0.0319685 	-0.326075 	-1.43386 	0.187576 	
0.97	0.365086 	-0.176508 	0.0319296 	-0.326954 	-1.4309 	0.189652 	
0.975	0.365326 	-0.17652 	0.0319097 	-0.326945 	-1.42929 	0.190361 	
0.98	0.365573 	-0.176534 	0.0318921 	-0.327157 	-1.42782 	0.191172 	
0.985	0.365898 	-0.17644 	0.0318917 	-0.317632 	-1.42806 	0.183562 	
0.99	0.366182 	-0.176419 	0.0318827 	-0.314704 	-1.42735 	0.181563 	
0.995	0.366464 	-0.176407 	0.0318736 	-0.31262 	-1.42659 	0.180247 	
1	0.366744 	-0.176402 	0.0318646 	-0.311208 	-1.42581 	0.179473 	
1.005	0.366914 	-0.176397 	0.0318245 	-0.309266 	-1.42288 	0.179277 	
1.01	0.367153 	-0.176401 	0.0318044 	-0.308426 	-1.42129 	0.179318 	
1.015	0.367401 	-0.176409 	0.0317866 	-0.307986 	-1.41984 	0.179607 	
1.02	0.367654 	-0.17642 	0.0317706 	-0.30786 	-1.41849 	0.180088 	
1.025	0.367995 	-0.176316 	0.0317737 	-0.297758 	-1.41904 	0.17192 	
1.03	0.368287 	-0.17629 	0.0317666 	-0.294495 	-1.41849 	0.169594 	
1.035	0.368575 	-0.176275 	0.031759 	-0.292142 	-1.41786 	0.168015 	
1.04	0.368745 	-0.176294 	0.0317211 	-0.292333 	-1.41493 	0.16946 	
1.045	0.368988 	-0.176303 	0.0317023 	-0.291905 	-1.41341 	0.169786 	
1.05	0.369237 	-0.176315 	0.0316855 	-0.29179 	-1.41201 	0.170297 	
1.055	0.369548 	-0.176234 	0.0316813 	-0.2838 	-1.41194 	0.164082 	
1.06	0.369827 	-0.176217 	0.0316713 	-0.281292 	-1.41115 	0.162462 	
1.065	0.370105 	-0.176209 	0.0316614 	-0.27954 	-1.41035 	0.161441 	
1.07	0.370383 	-0.176208 	0.0316517 	-0.278385 	-1.40952 	0.160895 	
1.075	0.370564 	-0.176185 	0.0316161 	-0.274862 	-1.40691 	0.159263 	
1.08	0.370807 	-0.176184 	0.0315974 	-0.273562 	-1.40543 	0.158884 	
1.085	0.371056 	-0.176189 	0.0315806 	-0.27276 	-1.40407 	0.158841 	
1.09	0.37131 	-0.176198 	0.0315654 	-0.272351 	-1.4028 	0.159061 	
1.095	0.37163 	-0.176112 	0.0315638 	-0.264194 	-1.40295 	0.152638 	
1.1	0.371913 	-0.176093 	0.0315553 	-0.261517 	-1.4023 	0.150833 	
1.105	0.372194 	-0.176084 	0.0315465 	-0.259627 	-1.4016 	0.149661 	
1.11	0.372474 	-0.176082 	0.0315377 	-0.258363 	-1.40086 	0.148994 	
1.115	0.372623 	-0.176069 	0.0314961 	-0.255769 	-1.3977 	0.148308 	
1.12	0.372855 	-0.176073 	0.0314756 	-0.25475 	-1.39606 	0.148211 	
1.125	0.373094 	-0.176081 	0.0314573 	-0.254168 	-1.39457 	0.148386 	
1.13	0.373428 	-0.176015 	0.03146 	-0.247822 	-1.39499 	0.143278 	
1.135	0.37371 	-0.176002 	0.0314519 	-0.245719 	-1.39436 	0.141914 	
1.14	0.373989 	-0.175999 	0.0314436 	-0.244282 	-1.39368 	0.14109 	
1.145	0.37417 	-0.175978 	0.0314108 	-0.241171 	-1.39117 	0.139716 	
1.15	0.374411 	-0.175978 	0.0313935 	-0.239913 	-1.38979 	0.139323 	
1.155	0.374658 	-0.175983 	0.0313778 	-0.239144 	-1.38852 	0.139266 	
1.16	0.374909 	-0.175994 	0.0313635 	-0.23876 	-1.38732 	0.139473 	
1.165	0.375205 	-0.175908 	0.0313571 	-0.230801 	-1.38713 	0.133367 	
1.17	0.375477 	-0.17589 	0.0313471 	-0.228201 	-1.38639 	0.131665 	
1.175	0.375747 	-0.175881 	0.0313373 	-0.22637 	-1.38562 	0.130573 	
1.18	0.376017 	-0.17588 	0.0313275 	-0.22515 	-1.38484 	0.129963 	
1.185	0.376183 	-0.175866 	0.0312936 	-0.222553 	-1.38217 	0.129042 	
1.19	0.376415 	-0.175869 	0.0312753 	-0.221547 	-1.3807 	0.128876 	
1.195	0.376653 	-0.175878 	0.0312589 	-0.220975 	-1.37935 	0.128996 	
1.2	0.376896 	-0.175891 	0.031244 	-0.220746 	-1.37811 	0.12934 	
1.205	0.377213 	-0.17579 	0.0312434 	-0.211876 	-1.37844 	0.12233 	
1.21	0.377488 	-0.175768 	0.0312353 	-0.209001 	-1.37787 	0.120347 	
1.215	0.37776 	-0.175756 	0.0312268 	-0.206948 	-1.37725 	0.119027 	
1.22	0.377925 	-0.175769 	0.031195 	-0.206488 	-1.37462 	0.119743 	
1.225	0.378155 	-0.175778 	0.031178 	-0.205935 	-1.37322 	0.119896 	
1.23	0.378391 	-0.175792 	0.0311625 	-0.205722 	-1.37193 	0.120265 	
1.235	0.378679 	-0.175713 	0.0311567 	-0.19862 	-1.37177 	0.114844 	
1.24	0.378939 	-0.175699 	0.0311465 	-0.196378 	-1.37101 	0.113433 	
1.245	0.379198 	-0.175694 	0.0311364 	-0.194829 	-1.37024 	0.112566 	
1.25	0.379456 	-0.175696 	0.0311264 	-0.19383 	-1.36946 	0.112131 	
1.255	0.379626 	-0.175666 	0.0310969 	-0.190153 	-1.36711 	0.110214 	
1.26	0.379852 	-0.175665 	0.0310801 	-0.188846 	-1.36576 	0.109757 	
1.265	0.380082 	-0.175671 	0.0310648 	-0.188035 	-1.36452 	0.109645 	
1.27	0.380317 	-0.175682 	0.0310507 	-0.187618 	-1.36336 	0.109803 	
1.275	0.38061 	-0.1756 	0.0310474 	-0.180469 	-1.36342 	0.104264 	
1.28	0.380869 	-0.175584 	0.0310386 	-0.178134 	-1.3628 	0.102729 	
1.285	0.381126 	-0.175578 	0.0310295 	-0.176508 	-1.36213 	0.101761 	
1.29	0.38138 	-0.17558 	0.0310203 	-0.175447 	-1.36144 	0.101243 	
1.295	0.381519 	-0.175559 	0.0309869 	-0.172589 	-1.35865 	0.100125 	
1.3	0.381729 	-0.175562 	0.0309689 	-0.171543 	-1.35718 	0.0999148 	
1.305	0.381946 	-0.175571 	0.0309527 	-0.170938 	-1.35585 	0.0999945 	
1.31	0.382168 	-0.175585 	0.0309378 	-0.170682 	-1.35462 	0.100302 	
1.315	0.382487 	-0.175491 	0.0309414 	-0.162824 	-1.35533 	0.0939689 	
1.32	0.382748 	-0.175471 	0.0309347 	-0.160285 	-1.35492 	0.0921957 	
1.325	0.383005 	-0.175463 	0.0309273 	-0.158495 	-1.35443 	0.0910335 	
1.33	0.383137 	-0.17547 	0.0308954 	-0.157695 	-1.35165 	0.0915075 	
1.335	0.383344 	-0.175479 	0.0308786 	-0.157113 	-1.35026 	0.0916232 	
1.34	0.383556 	-0.175492 	0.0308633 	-0.156875 	-1.34899 	0.0919587 	
1.345	0.383837 	-0.175419 	0.0308609 	-0.150533 	-1.34912 	0.0870306 	
1.35	0.38408 	-0.175407 	0.0308518 	-0.148542 	-1.34849 	0.0857681 	
1.355	0.38432 	-0.175404 	0.0308426 	-0.147188 	-1.34782 	0.0850116 	
1.36	0.384558 	-0.175409 	0.0308333 	-0.146341 	-1.34714 	0.0846573 	
1.365	0.3847 	-0.175375 	0.0308054 	-0.142698 	-1.34476 	0.0827571 	
1.37	0.384901 	-0.175374 	0.0307894 	-0.14145 	-1.34345 	0.0823251 	
1.375	0.385106 	-0.17538 	0.0307746 	-0.140685 	-1.34225 	0.082227 	
1.38	0.385316 	-0.175391 	0.0307609 	-0.140302 	-1.34113 	0.0823916 	
1.385	0.385601 	-0.175316 	0.0307614 	-0.13399 	-1.34154 	0.0773807 	
1.39	0.385841 	-0.175303 	0.0307539 	-0.131954 	-1.34106 	0.0760212 	
1.395	0.386077 	-0.1753 	0.0307459 	-0.130562 	-1.34052 	0.0751845 	
1.4	0.386309 	-0.175304 	0.0307375 	-0.129684 	-1.33994 	0.0747646 	
1.405	0.386413 	-0.175278 	0.0307056 	-0.126767 	-1.33708 	0.0736146 	
1.41	0.386595 	-0.175281 	0.0306884 	-0.125762 	-1.33563 	0.0734187 	
1.415	0.386784 	-0.175289 	0.0306727 	-0.125187 	-1.33432 	0.0735049 	
1.42	0.387075 	-0.175237 	0.030676 	-0.120544 	-1.33499 	0.0696895 	
1.425	0.387306 	-0.175231 	0.0306688 	-0.119028 	-1.33454 	0.0687216 	
1.43	0.387533 	-0.175233 	0.0306611 	-0.118049 	-1.33403 	0.0681943 	
1.435	0.387665 	-0.175205 	0.0306366 	-0.115061 	-1.33185 	0.066734 	
1.44	0.387852 	-0.175206 	0.0306223 	-0.113994 	-1.33067 	0.0663886 	
1.445	0.388043 	-0.175213 	0.0306089 	-0.113371 	-1.32958 	0.0663557 	
1.45	0.388236 	-0.175226 	0.0305962 	-0.1131 	-1.32856 	0.0665692 	
1.455	0.38843 	-0.175243 	0.0305842 	-0.113108 	-1.3276 	0.0669769 	
1.46	0.388689 	-0.175131 	0.0305839 	-0.104548 	-1.32797 	0.0602243 	
1.465	0.388907 	-0.175106 	0.0305768 	-0.10185 	-1.32754 	0.058328 	
1.47	0.389121 	-0.175094 	0.0305691 	-0.0999287 	-1.32704 	0.0570599 	
1.475	0.389331 	-0.17509 	0.0305609 	-0.0986283 	-1.3265 	0.0562934 	
1.48	0.389426 	-0.175117 	0.0305332 	-0.099392 	-1.32386 	0.0579152 	
1.485	0.389589 	-0.175136 	0.0305175 	-0.099524 	-1.32252 	0.0585582 	
1.49	0.389758 	-0.175157 	0.0305032 	-0.0998498 	-1.32129 	0.059304 	
1.495	0.390025 	-0.175061 	0.0305063 	-0.0925217 	-1.32201 	0.0533914 	
1.5	0.390233 	-0.175044 	0.0304996 	-0.0903702 	-1.32161 	0.0519082 	
1.505	0.390437 	-0.175038 	0.0304922 	-0.0888834 	-1.32115 	0.0509668 	
1.51	0.390636 	-0.175039 	0.0304844 	-0.0879275 	-1.32064 	0.0504579 	
1.515	0.390727 	-0.175036 	0.0304589 	-0.0867983 	-1.31818 	0.0505233 	
1.52	0.390882 	-0.175045 	0.0304442 	-0.0863881 	-1.31692 	0.0507118 	
1.525	0.391041 	-0.175059 	0.0304306 	-0.0862844 	-1.31577 	0.0510975 	
1.53	0.391293 	-0.174993 	0.0304332 	-0.0809693 	-1.31641 	0.0467758 	
1.535	0.391489 	-0.174984 	0.0304266 	-0.079378 	-1.31601 	0.0457261 	
1.54	0.39168 	-0.174984 	0.0304193 	-0.078337 	-1.31556 	0.0451283 	
1.545	0.391867 	-0.17499 	0.0304115 	-0.0777351 	-1.31505 	0.0448909 	
1.55	0.391955 	-0.17496 	0.0303888 	-0.0749574 	-1.31283 	0.0435842 	
1.555	0.392101 	-0.174961 	0.0303753 	-0.0740925 	-1.31165 	0.0433859 	
1.56	0.39225 	-0.174969 	0.0303625 	-0.0736283 	-1.31057 	0.0434644 	
1.565	0.392402 	-0.174982 	0.0303505 	-0.0734815 	-1.30956 	0.0437612 	
1.57	0.392661 	-0.174914 	0.0303565 	-0.0681559 	-1.31059 	0.0392797 	
1.575	0.392852 	-0.174904 	0.0303516 	-0.0665407 	-1.31039 	0.0381353 	
1.58	0.393036 	-0.174902 	0.0303458 	-0.0654793 	-1.31009 	0.0374594 	
1.585	0.393214 	-0.174907 	0.0303393 	-0.0648608 	-1.30971 	0.0371583 	
1.59	0.393256 	-0.174887 	0.0303126 	-0.0628718 	-1.30693 	0.0366731 	
1.595	0.393377 	-0.174892 	0.0302981 	-0.0622764 	-1.3056 	0.0367378 	
1.6	0.393504 	-0.174901 	0.0302846 	-0.0620245 	-1.3044 	0.0370224 	
1.605	0.393762 	-0.174855 	0.0302922 	-0.0581239 	-1.30564 	0.0335635 	
1.61	0.39394 	-0.174851 	0.0302875 	-0.0569765 	-1.30546 	0.0327759 	
1.615	0.394111 	-0.174855 	0.0302818 	-0.0562877 	-1.30517 	0.0323831 	
1.62	0.394275 	-0.174864 	0.0302754 	-0.0559654 	-1.3048 	0.0323058 	
1.625	0.394318 	-0.174822 	0.0302524 	-0.0526574 	-1.30233 	0.030679 	
1.63	0.394431 	-0.174819 	0.0302393 	-0.0517028 	-1.30112 	0.0304207 	
1.635	0.394548 	-0.174823 	0.030227 	-0.051166 	-1.30002 	0.0304489 	
1.64	0.394784 	-0.1748 	0.030233 	-0.0487772 	-1.30111 	0.0282113 	
1.645	0.394946 	-0.174802 	0.0302282 	-0.0480653 	-1.3009 	0.027765 	
1.65	0.395102 	-0.17481 	0.0302225 	-0.0477235 	-1.3006 	0.0276432 	
1.655	0.395251 	-0.174823 	0.0302161 	-0.0476772 	-1.30023 	0.0277804 	
1.66	0.395297 	-0.174762 	0.030197 	-0.0432763 	-1.2981 	0.0251788 	
1.665	0.395401 	-0.174753 	0.0301853 	-0.0420333 	-1.29701 	0.0246515 	
1.67	0.395508 	-0.174752 	0.0301743 	-0.0412676 	-1.296 	0.0244654 	
1.675	0.395617 	-0.174758 	0.0301637 	-0.0408804 	-1.29506 	0.0245489 	
1.68	0.39586 	-0.174741 	0.0301731 	-0.0389326 	-1.2966 	0.0224681 	
1.685	0.396017 	-0.174746 	0.0301701 	-0.038428 	-1.29661 	0.0220933 	
1.69	0.396165 	-0.174756 	0.030166 	-0.0382513 	-1.29649 	0.0220272 	
1.695	0.39619 	-0.174715 	0.0301464 	-0.0352223 	-1.29425 	0.0205477 	
1.7	0.396282 	-0.174712 	0.0301354 	-0.0344151 	-1.29322 	0.0203403 	
1.705	0.396376 	-0.174716 	0.0301251 	-0.0339951 	-1.29226 	0.0204066 	
1.71	0.39647 	-0.174725 	0.0301151 	-0.0338823 	-1.29135 	0.0206894 	
1.715	0.396697 	-0.174689 	0.0301247 	-0.0308172 	-1.29289 	0.0177231 	
1.72	0.396839 	-0.174688 	0.0301222 	-0.0300116 	-1.29292 	0.017102 	
1.725	0.396971 	-0.174692 	0.0301184 	-0.029594 	-1.29281 	0.016838 	
1.73	0.396991 	-0.174672 	0.0301005 	-0.0279384 	-1.29075 	0.0163662 	
1.735	0.397071 	-0.174675 	0.0300904 	-0.0275291 	-1.28979 	0.0164411 	
1.74	0.397152 	-0.174683 	0.0300808 	-0.0274252 	-1.28889 	0.0167304 	
1.745	0.397234 	-0.174694 	0.0300715 	-0.0275635 	-1.28803 	0.0171892 	
1.75	0.397445 	-0.174642 	0.0300816 	-0.0235971 	-1.28958 	0.0135029 	
1.755	0.397571 	-0.174636 	0.0300797 	-0.022559 	-1.28964 	0.0126861 	
1.76	0.397688 	-0.174636 	0.0300765 	-0.0219551 	-1.28955 	0.0122648 	
1.765	0.397796 	-0.174642 	0.0300723 	-0.0216991 	-1.28934 	0.0121604 	
1.77	0.397784 	-0.174628 	0.0300531 	-0.020587 	-1.28704 	0.0122139 	
1.775	0.397838 	-0.174633 	0.0300426 	-0.0204245 	-1.28596 	0.0125274 	
1.78	0.397895 	-0.174643 	0.0300327 	-0.0205155 	-1.28497 	0.0130044 	
1.785	0.398095 	-0.174608 	0.0300431 	-0.0177023 	-1.2866 	0.0101767 	
1.79	0.398204 	-0.174607 	0.0300411 	-0.0170578 	-1.28664 	0.00967166 	
1.795	0.398303 	-0.174611 	0.030038 	-0.0167682 	-1.28654 	0.0094986 	
1.8	0.398394 	-0.17462 	0.030034 	-0.0167624 	-1.28632 	0.00959121 	
1.805	0.398477 	-0.174632 	0.0300293 	-0.0169831 	-1.28602 	0.00989579 	
1.81	0.398463 	-0.174581 	0.0300143 	-0.0137404 	-1.28405 	0.00815801 	
1.815	0.398502 	-0.174574 	0.0300052 	-0.0129957 	-1.28305 	0.00798525 	
1.82	0.398542 	-0.174574 	0.0299965 	-0.0126241 	-1.28212 	0.00807602 	
1.825	0.398728 	-0.174578 	0.0300066 	-0.0121222 	-1.28382 	0.00701308 	
1.83	0.398821 	-0.174586 	0.030005 	-0.0121356 	-1.28391 	0.00699815 	
1.835	0.398903 	-0.174598 	0.0300024 	-0.0123715 	-1.28385 	0.00721609 	
1.84	0.398976 	-0.174612 	0.0299989 	-0.012785 	-1.28367 	0.00761996 	
1.845	0.398961 	-0.17455 	0.0299869 	-0.00897787 	-1.28199 	0.00532629 	
1.85	0.398991 	-0.17454 	0.0299795 	-0.00810148 	-1.28115 	0.00499117 	
1.855	0.399021 	-0.174537 	0.0299722 	-0.00762547 	-1.28034 	0.00495257 	
1.86	0.399175 	-0.174554 	0.0299802 	-0.00803266 	-1.28178 	0.00469469 	
1.865	0.399248 	-0.174566 	0.0299785 	-0.00833258 	-1.28182 	0.00491998 	
1.87	0.39931 	-0.174579 	0.0299759 	-0.00879707 	-1.28172 	0.0053292 	
1.875	0.399364 	-0.174595 	0.0299724 	-0.0093925 	-1.28151 	0.00588488 	
1.88	0.399361 	-0.174526 	0.029965 	-0.00516127 	-1.28035 	0.00305593 	
1.885	0.399383 	-0.174513 	0.0299593 	-0.00419817 	-1.27968 	0.00258341 	
1.89	0.399403 	-0.174507 	0.0299535 	-0.00365327 	-1.27901 	0.00243507 	
1.895	0.399524 	-0.174535 	0.0299595 	-0.00483626 	-1.28017 	0.0028868 	
1.9	0.399577 	-0.17455 	0.0299577 	-0.00538757 	-1.28016 	0.0033251 	
1.905	0.39962 	-0.174565 	0.0299551 	-0.00605255 	-1.28003 	0.00390387 	
1.91	0.399654 	-0.174582 	0.0299519 	-0.00680749 	-1.27979 	0.00459405 	
1.915	0.399682 	-0.174599 	0.0299481 	-0.00763324 	-1.27947 	0.00537224 	
1.92	0.399695 	-0.174497 	0.029947 	-0.00151009 	-1.27899 	0.000793769 	
1.925	0.399709 	-0.174473 	0.0299436 	4.31521e-05 	-1.27852 	-0.000221454 	
1.93	0.399718 	-0.174458 	0.0299398 	0.00105836 	-1.27801 	-0.000802453 	
1.935	0.399802 	-0.174526 	0.0299427 	-0.00257514 	-1.27888 	0.00167574 	
1.94	0.399832 	-0.17455 	0.0299407 	-0.00383062 	-1.27882 	0.00268062 	
1.945	0.399853 	-0.174573 	0.0299381 	-0.00505769 	-1.27865 	0.00371127 	
1.95	0.399866 	-0.174596 	0.0299349 	-0.00626054 	-1.27838 	0.00476109 	
1.955	0.399883 	-0.174487 	0.0299372 	0.000186497 	-1.27828 	-0.000226126 	
1.96	0.399887 	-0.174462 	0.0299354 	0.0017235 	-1.27797 	-0.00129307 	
1.965	0.399885 	-0.174445 	0.0299329 	0.00272621 	-1.27759 	-0.00191607 	
1.97	0.399938 	-0.174518 	0.0299343 	-0.00129515 	-1.27821 	0.000961633 	
1.975	0.399948 	-0.174543 	0.0299324 	-0.00269238 	-1.27811 	0.00209284 	
1.98	0.399949 	-0.174566 	0.02993 	-0.00403221 	-1.27791 	0.00322381 	
1.985	0.399942 	-0.174589 	0.029927 	-0.00532456 	-1.27761 	0.00435305 	
1.99	0.399969 	-0.174482 	0.0299331 	0.000958172 	-1.27801 	-0.000709935 	
1.995	0.399965 	-0.174458 	0.0299328 	0.00240795 	-1.27786 	-0.00177879 	
2	0.399953 	-0.174441 	0.0299317 	0.00334152 	-1.27762 	-0.00240404 	
2.005	0.399934 	-0.174431 	0.0299298 	0.00386224 	-1.2773 	-0.00267457 	
2.01	0.399978 	-0.174525 	0.0299303 	-0.00150586 	-1.27805 	0.00118753 	
2.015	0.39998 	-0.17456 	0.0299251 	-0.0035546 	-1.27802 	0.00279547 	
2.02	0.399976 	-0.174592 	0.0299176 	-0.00541541 	-1.27787 	0.00430766 	
2.025	0.39997 	-0.174488 	0.0299127 	0.000668065 	-1.2777 	-0.000455426 	
2.03	0.399959 	-0.174467 	0.0299025 	0.00184322 	-1.2774 	-0.0012797 	
2.035	0.399946 	-0.174454 	0.0298899 	0.00255748 	-1.27704 	-0.00170964 	
2.04	0.399931 	-0.174447 	0.0298752 	0.00290374 	-1.27662 	-0.00182488 	
2.045	0.39998 	-0.174521 	0.0298634 	-0.00122238 	-1.27728 	0.00093646 	
2.05	0.399987 	-0.17455 	0.0298464 	-0.00288934 	-1.27718 	0.00220596 	
2.055	0.399988 	-0.174576 	0.029827 	-0.0044441 	-1.27698 	0.00344674 	
2.06	0.399968 	-0.174491 	0.0298072 	0.000486422 	-1.2764 	-0.00029451 	
2.065	0.399957 	-0.174475 	0.0297843 	0.00136089 	-1.27594 	-0.000852359 	
2.07	0.399945 	-0.174465 	0.0297592 	0.00183619 	-1.27544 	-0.00107071 	
2.075	0.399932 	-0.174462 	0.0297323 	0.00199336 	-1.27492 	-0.00101872 	
2.08	0.39992 	-0.174462 	0.0297034 	0.00189726 	-1.27437 	-0.000751726 	
2.085	0.399986 	-0.17452 	0.0296802 	-0.00113133 	-1.27517 	0.000767823 	
2.09	0.400003 	-0.174546 	0.0296504 	-0.00256281 	-1.27508 	0.00172917 	
2.095	0.400014 	-0.17457 	0.0296184 	-0.00392805 	-1.27488 	0.0027223 	
2.1	0.399964 	-0.174491 	0.029581 	0.000414155 	-1.2736 	-0.000176886 	
2.105	0.399948 	-0.174477 	0.0295438 	0.00114909 	-1.2729 	-0.000525614 	
2.11	0.399934 	-0.174469 	0.029505 	0.00151565 	-1.27221 	-0.000579564 	
2.115	0.399922 	-0.174466 	0.0294645 	0.00158919 	-1.27153 	-0.000399419 	
2.12	0.399985 	-0.174515 	0.0294294 	-0.000857195 	-1.27213 	0.000540347 	
2.125	0.400003 	-0.174537 	0.0293883 	-0.00201701 	-1.27192 	0.00126024 	
2.13	0.400016 	-0.174557 	0.0293452 	-0.00316232 	-1.27163 	0.00205758 	
2.135	0.399964 	-0.174494 	0.029296 	0.000256385 	-1.27017 	-4.44193e-05 	
2.14	0.39995 	-0.174484 	0.0292477 	0.000746366 	-1.26937 	-0.000184544 	
2.145	0.399939 	-0.174479 	0.0291981 	0.000920732 	-1.26861 	-7.53688e-05 	
2.15	0.399931 	-0.174479 	0.0291472 	0.000844298 	-1.26787 	0.000231518 	
2.155	0.399926 	-0.174483 	0.0290949 	0.000568702 	-1.26715 	0.000695077 	
2.16	0.399988 	-0.174513 	0.0290478 	-0.000684886 	-1.26757 	0.000282719 	
2.165	0.400009 	-0.17453 	0.0289951 	-0.0015399 	-1.26728 	0.000617739 	
2.17	0.400027 	-0.174548 	0.0289407 	-0.0024384 	-1.26693 	0.00110418 	
2.175	0.399962 	-0.174496 	0.0288781 	0.000141533 	-1.26511 	0.000119833 	
2.18	0.399947 	-0.174488 	0.0288182 	0.000429094 	-1.26416 	0.000258444 	
2.185	0.399938 	-0.174486 	0.0287574 	0.000447089 	-1.26327 	0.000585025 	
2.19	0.399932 	-0.174488 	0.0286955 	0.000251041 	-1.26244 	0.00106034 	
2.195	0.399984 	-0.17451 	0.0286378 	-0.000478723 	-1.26258 	0.000128648 	
2.2	0.400004 	-0.174523 	0.0285757 	-0.00111431 	-1.26215 	0.000278266 	
2.205	0.400022 	-0.174537 	0.0285122 	-0.00183368 	-1.26168 	0.000612763 	
2.21	0.399963 	-0.174498 	0.0284413 	2.30992e-05 	-1.25987 	0.000209991 	
2.215	0.399953 	-0.174494 	0.028373 	0.000124579 	-1.25889 	0.000493992 	
2.22	0.399947 	-0.174494 	0.028304 	-1.51036e-06 	-1.25797 	0.000932121 	
2.225	0.399946 	-0.174498 	0.0282341 	-0.000308214 	-1.25712 	0.0014921 	
2.23	0.399948 	-0.174505 	0.0281635 	-0.000758168 	-1.25632 	0.00214833 	
2.235	0.399983 	-0.174506 	0.0280952 	-0.000236263 	-1.25601 	-0.000206739 	
2.24	0.400001 	-0.174514 	0.028024 	-0.000512931 	-1.25544 	-0.000503067 	
2.245	0.400019 	-0.174524 	0.0279517 	-0.000941785 	-1.25486 	-0.000528747 	
2.25	0.399964 	-0.1745 	0.0278726 	-0.000129192 	-1.25304 	0.000415977 	
2.255	0.399957 	-0.174501 	0.0277963 	-0.00028451 	-1.25201 	0.00103979 	
2.26	0.399955 	-0.174504 	0.0277196 	-0.00060912 	-1.25107 	0.00174284 	
2.265	0.399957 	-0.174511 	0.0276423 	-0.00106813 	-1.25019 	0.00250827 	
2.27	0.399979 	-0.174504 	0.0275665 	-0.000104593 	-1.24957 	-0.000280109 	
2.275	0.399993 	-0.174508 	0.0274888 	-0.000222681 	-1.24886 	-0.000696435 	
2.28	0.400009 	-0.174516 	0.0274104 	-0.000520706 	-1.24818 	-0.000822098 	
2.285	0.399966 	-0.174502 	0.0273266 	-0.000205393 	-1.2465 	0.000460645 	
2.29	0.399963 	-0.174505 	0.0272452 	-0.000483685 	-1.24548 	0.00116179 	
2.295	0.399965 	-0.174511 	0.0271635 	-0.000901884 	-1.24455 	0.00192196 	
2.3	0.399972 	-0.174519 	0.0270815 	-0.00143112 	-1.24368 	0.00272847 	
2.305	0.399975 	-0.174502 	0.0269996 	1.5678e-06 	-1.24268 	-0.00034645 	
2.31	0.399985 	-0.174503 	0.026917 	3.02134e-05 	-1.24184 	-0.00085491 	
2.315	0.399998 	-0.174508 	0.0268341 	-0.00014634 	-1.24105 	-0.00105838 	
2.32	0.400014 	-0.174516 	0.0267507 	-0.000485307 	-1.2403 	-0.00101956 	
2.325	0.399964 	-0.174502 	0.0266623 	-0.000245815 	-1.23845 	0.000671042 	
2.33	0.399958 	-0.174505 	0.0265766 	-0.000555191 	-1.23736 	0.00156518 	
2.335	0.399959 	-0.174511 	0.026491 	-0.000991626 	-1.23636 	0.00247308 	
2.34	0.399976 	-0.174503 	0.0264068 	-0.000111007 	-1.23556 	-0.000159766 	
2.345	0.399989 	-0.174507 	0.0263217 	-0.000236913 	-1.23475 	-0.000483759 	
2.35	0.400005 	-0.174514 	0.0262363 	-0.000531552 	-1.23398 	-0.000545202 	
2.355	0.400023 	-0.174523 	0.0261509 	-0.000959675 	-1.23325 	-0.000398064 	
2.36	0.399961 	-0.1745 	0.0260603 	-0.000105612 	-1.23116 	0.000481589 	
2.365	0.399953 	-0.1745 	0.0259729 	-0.000224291 	-1.22998 	0.00112205 	
2.37	0.399952 	-0.174504 	0.0258858 	-0.000504903 	-1.22893 	0.00182373 	
2.375	0.399956 	-0.17451 	0.025799 	-0.000914231 	-1.22797 	0.00257357 	
2.38	0.39998 	-0.174504 	0.025714 	-0.00011854 	-1.22727 	-0.000335319 	
2.385	0.399997 	-0.174509 	0.0256281 	-0.000258283 	-1.22652 	-0.00082038 	
2.39	0.400016 	-0.174517 	0.0255423 	-0.000559468 	-1.2258 	-0.00101518 	
2.395	0.399965 	-0.174502 	0.0254527 	-0.000175484 	-1.2239 	0.000474754 	
2.4	0.399961 	-0.174505 	0.0253657 	-0.000409192 	-1.2228 	0.00120369 	
2.405	0.399963 	-0.17451 	0.0252792 	-0.000777345 	-1.22181 	0.0019717 	
2.41	0.39997 	-0.174518 	0.0251932 	-0.00125238 	-1.2209 	0.00277034 	
2.415	0.399976 	-0.174502 	0.0251083 	-1.94702e-05 	-1.21991 	-0.000385413 	
2.42	0.399987 	-0.174504 	0.0250233 	-2.20988e-05 	-1.21906 	-0.000945886 	
2.425	0.400002 	-0.174509 	0.0249387 	-0.000209672 	-1.21828 	-0.00120494 	
2.43	0.399968 	-0.174504 	0.0248519 	-0.000235168 	-1.21671 	0.00050363 	
2.435	0.399968 	-0.174509 	0.0247672 	-0.000568091 	-1.21571 	0.00128152 	
2.44	0.399973 	-0.174516 	0.0246832 	-0.00101166 	-1.21479 	0.00208479 	
2.445	0.399981 	-0.174525 	0.0245998 	-0.00154315 	-1.21395 	0.0029078 	
2.45	0.399972 	-0.1745 	0.0245171 	6.64726e-05 	-1.21273 	-0.000429306 	
2.455	0.399979 	-0.174499 	0.024435 	0.000182685 	-1.21183 	-0.00105054 	
2.46	0.399988 	-0.174502 	0.0243535 	9.3912e-05 	-1.211 	-0.00136193 	
2.465	0.4 	-0.174508 	0.0242726 	-0.000157146 	-1.21022 	-0.00142714 	
2.47	0.399967 	-0.174505 	0.0241904 	-0.000302884 	-1.20873 	0.000750222 	
2.475	0.399965 	-0.174511 	0.0241101 	-0.000692704 	-1.20776 	0.00175526 	
2.48	0.399968 	-0.174519 	0.0240308 	-0.00117648 	-1.20687 	0.00273492 	
2.485	0.399974 	-0.174502 	0.0239533 	-5.05189e-05 	-1.20596 	-0.000234384 	
2.49	0.399982 	-0.174504 	0.023876 	-8.1362e-05 	-1.20516 	-0.000677122 	
2.495	0.399993 	-0.174509 	0.0237995 	-0.000283078 	-1.20442 	-0.000850424 	
2.5	0.400005 	-0.174516 	0.0237239 	-0.000620148 	-1.20371 	-0.000809484 	
2.505	0.399965 	-0.174502 	0.0236475 	-0.000166274 	-1.20216 	0.000561804 	
2.51	0.39996 	-0.174505 	0.0235731 	-0.000370894 	-1.20119 	0.00131542 	
2.515	0.399959 	-0.174511 	0.0234998 	-0.000704299 	-1.20031 	0.00209171 	
2.52	0.399975 	-0.174503 	0.0234286 	-0.000132517 	-1.19967 	-0.00011976 	
2.525	0.399985 	-0.174508 	0.0233578 	-0.000300013 	-1.19897 	-0.000372289 	
2.53	0.399995 	-0.174515 	0.023288 	-0.000606901 	-1.1983 	-0.000397565 	
2.535	0.400006 	-0.174524 	0.0232192 	-0.00102424 	-1.19765 	-0.000242051 	
2.54	0.400017 	-0.174534 	0.0231515 	-0.00152903 	-1.19703 	5.7223e-05 	
2.545	0.39996 	-0.174497 	0.0230839 	0.00010181 	-1.19527 	0.000384964 	
2.55	0.399946 	-0.174493 	0.0230181 	0.000258612 	-1.19426 	0.000856799 	
2.555	0.399938 	-0.174492 	0.0229535 	0.000216607 	-1.19335 	0.00140536 	
2.56	0.399979 	-0.174507 	0.0228915 	-0.000298544 	-1.19326 	-6.34416e-06 	
2.565	0.399993 	-0.174517 	0.02283 	-0.000742216 	-1.19275 	-6.21601e-05 	
2.57	0.400005 	-0.174529 	0.0227696 	-0.00126612 	-1.19224 	6.60578e-05 	
2.575	0.400016 	-0.174541 	0.0227104 	-0.00185345 	-1.19172 	0.000340809 	
2.58	0.39996 	-0.174496 	0.0226523 	0.000179957 	-1.19008 	0.000239262 	
2.585	0.399946 	-0.174489 	0.0225957 	0.000452659 	-1.18916 	0.000547676 	
2.59	0.399935 	-0.174487 	0.0225404 	0.000505007 	-1.18831 	0.000963876 	
2.595	0.399979 	-0.174508 	0.0224875 	-0.000346694 	-1.1884 	7.87639e-05 	
2.6	0.399991 	-0.17452 	0.0224353 	-0.00087225 	-1.18797 	0.000158904 	
2.605	0.400001 	-0.174532 	0.0223845 	-0.00145896 	-1.18753 	0.000393198 	
2.61	0.400008 	-0.174546 	0.0223351 	-0.00209394 	-1.18707 	0.000750224 	
2.615	0.40004 	-0.17452 	0.022475 	-0.000572289 	-1.18614 	0.00062768 	
2.62	0.400009 	-0.174506 	0.0222676 	-0.000973209 	-1.18575 	0.0012859 	
2.625	0.400017 	-0.174533 	0.0222459 	-0.00154931 	-1.18543 	0.00195922 	
2.63	0.400038 	-0.174536 	0.0222387 	-0.0023088 	-1.18517 	0.00258634 	
2.635	0.400064 	-0.174568 	0.0221838 	-0.00343794 	-1.18502 	0.00350502 	
2.64	0.400008 	-0.174509 	0.0221595 	-4.89556e-05 	-1.18331 	-0.000203883 	
2.645	0.399997 	-0.174502 	0.022122 	0.000327564 	-1.18284 	-0.000741021 	
2.65	0.400003 	-0.174491 	0.0220852 	0.000471923 	-1.18252 	-0.00100636 	
2.655	0.398512 	-0.1765 	0.0777471 	0.000494727 	-1.18233 	-0.00112415 	
2.66	0.398536 	-0.176494 	0.0777068 	0.000282021 	-1.18237 	-0.000924376 	
2.665	0.398541 	-0.176483 	0.0776872 	-0.000148907 	-1.18244 	-0.00072362 	
2.67	0.398548 	-0.176456 	0.077665 	-0.000828499 	-1.18262 	-0.000245333 	
2.675	0.398546 	-0.17644 	0.0776435 	-0.00166805 	-1.18287 	0.000352105 	
2.68	0.398534 	-0.176427 	0.0776311 	-0.00202777 	-1.18313 	0.000666028 	
2.685	0.398521 	-0.176412 	0.0776222 	-0.00221413 	-1.18344 	0.000896953 	
2.69	0.398505 	-0.176402 	0.0776153 	-0.00233768 	-1.18378 	0.00106719 	
2.695	0.398487 	-0.176395 	0.0776099 	-0.00242985 	-1.18416 	0.00119646 	
2.7	0.398468 	-0.176391 	0.0776056 	-0.0025002 	-1.18456 	0.00129236 	
2.705	0.398448 	-0.176388 	0.0776024 	-0.0025538 	-1.18498 	0.0013592 	
2.71	0.398427 	-0.176386 	0.0776001 	-0.0025954 	-1.18542 	0.00140312 	
2.715	0.398405 	-0.176385 	0.0775986 	-0.00262854 	-1.18587 	0.00143123 	
2.72	0.398383 	-0.176384 	0.0775978 	-0.0026559 	-1.18633 	0.00145012 	
2.725	0.398361 	-0.176384 	0.0775975 	-0.002679 	-1.1868 	0.00146384 	
2.73	0.398339 	-0.176385 	0.0775977 	-0.00269912 	-1.18728 	0.00147453 	
2.735	0.398317 	-0.176385 	0.0775983 	-0.00271732 	-1.18776 	0.00148324 	
2.74	0.398295 	-0.176386 	0.0775985 	-0.00277092 	-1.18825 	0.00149181 	
2.745	0.398273 	-0.176387 	0.0775984 	-0.00285113 	-1.18875 	0.00149855 	
2.75	0.398252 	-0.176388 	0.077598 	-0.00295382 	-1.18925 	0.00150561 	
2.755	0.39823 	-0.176389 	0.0775974 	-0.00307655 	-1.18976 	0.0015147 	
2.76	0.39821 	-0.17639 	0.0775966 	-0.00321757 	-1.19027 	0.00152716 	
2.765	0.398189 	-0.17639 	0.0775957 	-0.00337317 	-1.19079 	0.00154311 	
2.77	0.398168 	-0.176391 	0.0775948 	-0.0035352 	-1.19131 	0.00155962 	
2.775	0.398147 	-0.176391 	0.0775939 	-0.00370472 	-1.19183 	0.00157904 	
2.78	0.398127 	-0.176392 	0.077593 	-0.00388117 	-1.19235 	0.00160146 	
2.785	0.398106 	-0.176392 	0.077592 	-0.00406401 	-1.19287 	0.00162706 	
2.79	0.398085 	-0.176393 	0.077591 	-0.00425274 	-1.19339 	0.00165592 	
2.795	0.398065 	-0.176393 	0.07759 	-0.00444704 	-1.19391 	0.00168816 	
2.8	0.398044 	-0.176394 	0.0775889 	-0.00464662 	-1.19443 	0.00172388 	
2.805	0.398024 	-0.176394 	0.0775878 	-0.00485122 	-1.19496 	0.00176319 	
2.81	0.398003 	-0.176395 	0.0775866 	-0.00506066 	-1.19548 	0.00180614 	
2.815	0.397983 	-0.176395 	0.0775854 	-0.0052747 	-1.19601 	0.00185275 	
2.82	0.397962 	-0.176395 	0.0775842 	-0.00549315 	-1.19653 	0.00190307 	
2.825	0.397942 	-0.176396 	0.0775829 	-0.00571583 	-1.19706 	0.00195707 	
2.83	0.39792 	-0.176402 	0.0775772 	-0.00572313 	-1.19759 	0.0018458 	
2.835	0.397899 	-0.176414 	0.0775658 	-0.00533556 	-1.19816 	0.00143184 	
2.84	0.397883 	-0.17642 	0.0775601 	-0.00495387 	-1.19876 	0.00104186 	
2.845	0.397871 	-0.176421 	0.0775537 	-0.00486403 	-1.19937 	0.000904823 	
2.85	0.397858 	-0.176421 	0.0775453 	-0.00496735 	-1.19998 	0.000930692 	
2.855	0.397844 	-0.176425 	0.0775343 	-0.00500754 	-1.2006 	0.000904988 	
2.86	0.397826 	-0.176438 	0.0775196 	-0.00459128 	-1.20121 	0.000508191 	
2.865	0.397801 	-0.176463 	0.0775076 	-0.00373109 	-1.20177 	-0.00017752 	
2.87	0.397777 	-0.176491 	0.077492 	-0.00260828 	-1.20235 	-0.00108137 	
2.875	0.397761 	-0.176521 	0.0774902 	-0.00132665 	-1.20298 	-0.00213497 	
2.88	0.397749 	-0.17654 	0.0774822 	-0.00065778 	-1.2036 	-0.00267877 	
2.885	0.397738 	-0.176557 	0.0774756 	-0.000481413 	-1.20423 	-0.00284232 	
2.89	0.397717 	-0.176575 	0.0774478 	-0.000878943 	-1.20478 	-0.00250994 	
2.895	0.397696 	-0.176591 	0.0774201 	-0.000640031 	-1.20539 	-0.00273709 	
2.9	0.397676 	-0.17661 	0.0773966 	0.000107666 	-1.20601 	-0.00338478 	
2.905	0.397658 	-0.176626 	0.0773747 	0.000812797 	-1.20664 	-0.00398891 	
2.91	0.397627 	-0.176643 	0.0773622 	0.00147475 	-1.20717 	-0.00466191 	
2.915	0.397604 	-0.176651 	0.0773529 	0.00192317 	-1.20774 	-0.00511847 	
2.92	0.397576 	-0.17666 	0.0773448 	0.00222611 	-1.20828 	-0.00546044 	
2.925	0.397548 	-0.176665 	0.0773374 	0.00241403 	-1.20881 	-0.00567281 	
2.93	0.397523 	-0.176661 	0.0773324 	0.0022892 	-1.20934 	-0.00560815 	
2.935	0.397498 	-0.176653 	0.0773274 	0.00195662 	-1.20987 	-0.00535318 	
2.94	0.39747 	-0.176647 	0.0773207 	0.00171533 	-1.21039 	-0.00516921 	
2.945	0.397444 	-0.17664 	0.0773137 	0.00152329 	-1.21092 	-0.00500961 	
2.95	0.397417 	-0.176634 	0.0773066 	0.00137055 	-1.21145 	-0.00487749 	
2.955	0.39739 	-0.17663 	0.0772996 	0.00125334 	-1.21198 	-0.00477325 	
2.96	0.397365 	-0.176619 	0.0772934 	0.000946352 	-1.21252 	-0.00450096 	
2.965	0.397341 	-0.176606 	0.0772874 	0.00051894 	-1.21305 	-0.0041317 	
2.97	0.397317 	-0.176593 	0.0772812 	1.04731e-05 	-1.21359 	-0.00369411 	
2.975	0.397293 	-0.176578 	0.0772753 	-0.000532219 	-1.21413 	-0.00323139 	
2.98	0.397271 	-0.176563 	0.0772683 	-0.0011113 	-1.21467 	-0.00273502 	
2.985	0.397249 	-0.17655 	0.0772638 	-0.00169742 	-1.21522 	-0.00224481 	
2.99	0.397227 	-0.176538 	0.0772604 	-0.00225827 	-1.21575 	-0.00178792 	
2.995	0.397204 	-0.176526 	0.0772572 	-0.0028109 	-1.21628 	-0.00134016 	
3	0.397181 	-0.176513 	0.0772537 	-0.00336497 	-1.21681 	-0.000893531 	
3.005	0.397158 	-0.176506 	0.0772519 	-0.00389226 	-1.21734 	-0.000459711 	
3.01	0.397134 	-0.176498 	0.0772502 	-0.00439135 	-1.21787 	-5.06912e-05 	
3.015	0.39711 	-0.176491 	0.0772483 	-0.00488117 	-1.21839 	0.000349413 	
3.02	0.397086 	-0.176484 	0.0772461 	-0.00536519 	-1.21891 	0.000744891 	
3.025	0.397061 	-0.176477 	0.0772436 	-0.0058464 	-1.21943 	0.0011398 	
3.03	0.397036 	-0.176469 	0.0772409 	-0.00632236 	-1.21995 	0.00153348 	
3.035	0.397012 	-0.176464 	0.077238 	-0.00671654 	-1.22049 	0.00183997 	
3.04	0.396988 	-0.176457 	0.0772344 	-0.00707073 	-1.22102 	0.00210914 	
3.045	0.396965 	-0.176448 	0.0772304 	-0.00753742 	-1.22156 	0.00245049 	
3.05	0.396939 	-0.176443 	0.0772268 	-0.00788595 	-1.2221 	0.00265186 	
3.055	0.396913 	-0.176437 	0.0772228 	-0.00816731 	-1.22264 	0.00278359 	
3.06	0.396887 	-0.17643 	0.0772184 	-0.00842838 	-1.22318 	0.00289103 	
3.065	0.396861 	-0.176423 	0.0772136 	-0.0087326 	-1.22372 	0.00304902 	
3.07	0.396835 	-0.176415 	0.0772082 	-0.00915356 	-1.22426 	0.00330317 	
3.075	0.396807 	-0.176411 	0.0772035 	-0.00945115 	-1.2248 	0.00348415 	
3.08	0.396781 	-0.176405 	0.0771991 	-0.00972852 	-1.22534 	0.00366341 	
3.085	0.396752 	-0.176406 	0.077194 	-0.00976782 	-1.22589 	0.00363169 	
3.09	0.396724 	-0.176409 	0.0771881 	-0.00966729 	-1.22644 	0.003488 	
3.095	0.396694 	-0.176413 	0.0771821 	-0.00947927 	-1.22699 	0.00328931 	
3.1	0.396665 	-0.176415 	0.0771756 	-0.00939824 	-1.22754 	0.00315942 	
3.105	0.396636 	-0.176416 	0.0771673 	-0.00939426 	-1.2281 	0.00305175 	
3.11	0.396606 	-0.176417 	0.0771584 	-0.00941829 	-1.22866 	0.00294247 	
3.115	0.396576 	-0.176415 	0.0771485 	-0.0095471 	-1.22922 	0.00292038 	
3.12	0.396546 	-0.176413 	0.0771376 	-0.00964254 	-1.22978 	0.00284281 	
3.125	0.396517 	-0.176406 	0.0771261 	-0.00988718 	-1.23034 	0.00291283 	
3.13	0.396487 	-0.176397 	0.0771145 	-0.0102092 	-1.2309 	0.00305656 	
3.135	0.396457 	-0.176388 	0.077103 	-0.0105809 	-1.23146 	0.00325106 	
3.14	0.396425 	-0.176384 	0.0770929 	-0.010714 	-1.23202 	0.00331048 	
3.145	0.396394 	-0.17638 	0.0770834 	-0.0107382 	-1.23258 	0.00331442 	
3.15	0.396364 	-0.17638 	0.0770758 	-0.0106916 	-1.23314 	0.00327121 	
3.155	0.396333 	-0.176382 	0.0770686 	-0.0106081 	-1.23371 	0.00319242 	
3.16	0.396302 	-0.176383 	0.0770617 	-0.0105225 	-1.23427 	0.00310465 	
3.165	0.396271 	-0.176385 	0.0770549 	-0.0104428 	-1.23484 	0.00301735 	
3.17	0.396241 	-0.176386 	0.0770484 	-0.0104431 	-1.23539 	0.00298964 	
3.175	0.39621 	-0.176386 	0.077042 	-0.0104969 	-1.23595 	0.00299452 	
3.18	0.396179 	-0.176388 	0.0770363 	-0.0104838 	-1.23651 	0.00294224 	
3.185	0.396149 	-0.176389 	0.0770308 	-0.0104663 	-1.23707 	0.00289119 	
3.19	0.396119 	-0.176388 	0.0770244 	-0.010515 	-1.23763 	0.00287611 	
3.195	0.396089 	-0.176386 	0.0770176 	-0.0106052 	-1.23818 	0.00288486 	
3.2	0.396059 	-0.176384 	0.0770112 	-0.0107512 	-1.23874 	0.00295569 	
3.205	0.396028 	-0.176389 	0.0770024 	-0.0107041 	-1.23931 	0.00285623 	
3.21	0.395997 	-0.176389 	0.0769952 	-0.0107491 	-1.23986 	0.00286636 	
3.215	0.395965 	-0.176394 	0.0769885 	-0.0105749 	-1.24043 	0.00268891 	
3.22	0.395935 	-0.176395 	0.0769811 	-0.0104462 	-1.24099 	0.00254542 	
3.225	0.395903 	-0.176395 	0.0769735 	-0.0104261 	-1.24155 	0.00249449 	
3.23	0.395872 	-0.176396 	0.0769663 	-0.0103923 	-1.24211 	0.00240021 	
3.235	0.395842 	-0.176395 	0.0769593 	-0.0104053 	-1.24267 	0.00234707 	
3.24	0.395811 	-0.176393 	0.0769524 	-0.0104818 	-1.24322 	0.00233505 	
3.245	0.39578 	-0.176395 	0.0769461 	-0.0103993 	-1.24378 	0.0022235 	
3.25	0.39575 	-0.176394 	0.0769403 	-0.0103253 	-1.24434 	0.00213012 	
3.255	0.39572 	-0.176393 	0.0769345 	-0.0103227 	-1.2449 	0.00208738 	
3.26	0.39569 	-0.176392 	0.0769289 	-0.0103571 	-1.24545 	0.00207168 	
3.265	0.39566 	-0.176391 	0.0769234 	-0.010402 	-1.246 	0.00206812 	
3.27	0.39563 	-0.17639 	0.0769181 	-0.0104434 	-1.24656 	0.00206609 	
3.275	0.3956 	-0.176389 	0.0769128 	-0.0104836 	-1.24711 	0.00206452 	
3.28	0.39557 	-0.176388 	0.0769076 	-0.010523 	-1.24766 	0.00206266 	
3.285	0.39554 	-0.176387 	0.0769023 	-0.010562 	-1.24821 	0.00206047 	
3.29	0.39551 	-0.176387 	0.0768971 	-0.0106011 	-1.24877 	0.00205587 	
3.295	0.39548 	-0.176386 	0.0768919 	-0.0106398 	-1.24932 	0.00205053 	
3.3	0.395449 	-0.176386 	0.0768866 	-0.0106784 	-1.24987 	0.00204497 	
3.305	0.395419 	-0.176385 	0.0768811 	-0.0107525 	-1.25042 	0.00206257 	
3.31	0.395388 	-0.176388 	0.0768747 	-0.0106495 	-1.25098 	0.00193134 	
3.315	0.395357 	-0.176391 	0.076868 	-0.0104689 	-1.25154 	0.00174045 	
3.32	0.395326 	-0.176397 	0.0768605 	-0.0102121 	-1.2521 	0.00145954 	
3.325	0.395293 	-0.176408 	0.0768517 	-0.00976778 	-1.25267 	0.00102965 	
3.33	0.39526 	-0.176421 	0.0768412 	-0.00920953 	-1.25325 	0.000480305 	
3.335	0.395227 	-0.176432 	0.0768309 	-0.00876463 	-1.25382 	1.96194e-05 	
3.34	0.395193 	-0.176444 	0.0768207 	-0.00836212 	-1.25439 	-0.000412386 	
3.345	0.395159 	-0.176454 	0.0768106 	-0.00797494 	-1.25497 	-0.000829971 	
3.35	0.395125 	-0.176464 	0.0768007 	-0.00760514 	-1.25555 	-0.00122965 	
3.355	0.39509 	-0.176472 	0.0767909 	-0.00727343 	-1.25613 	-0.00157732 	
3.36	0.395056 	-0.176482 	0.0767809 	-0.00701939 	-1.25671 	-0.00186031 	
3.365	0.395022 	-0.176488 	0.0767723 	-0.00687545 	-1.25729 	-0.00204419 	
3.37	0.394987 	-0.17649 	0.076764 	-0.00686329 	-1.25786 	-0.00208399 	
3.375	0.394953 	-0.176491 	0.076756 	-0.00692524 	-1.25843 	-0.00204542 	
3.38	0.39492 	-0.17649 	0.076748 	-0.00704655 	-1.259 	-0.00194658 	
3.385	0.394886 	-0.176486 	0.0767398 	-0.0072298 	-1.25956 	-0.00178606 	
3.39	0.394853 	-0.176481 	0.0767317 	-0.00747887 	-1.26013 	-0.00156041 	
3.395	0.394821 	-0.176474 	0.0767235 	-0.00775245 	-1.26069 	-0.00130998 	
3.4	0.394788 	-0.176471 	0.0767159 	-0.007891 	-1.26126 	-0.00116698 	
3.405	0.394755 	-0.176469 	0.076708 	-0.007928 	-1.26183 	-0.00110456 	
3.41	0.394723 	-0.176469 	0.0767001 	-0.00790818 	-1.26241 	-0.00110094 	
3.415	0.394691 	-0.17647 	0.0766922 	-0.00786856 	-1.26299 	-0.00113328 	
3.42	0.394658 	-0.176471 	0.0766844 	-0.00782451 	-1.26356 	-0.00119042 	
3.425	0.394626 	-0.176471 	0.0766765 	-0.0077899 	-1.26414 	-0.00126102 	
3.43	0.394594 	-0.176472 	0.0766683 	-0.00778171 	-1.26472 	-0.00132443 	
3.435	0.394561 	-0.176472 	0.0766606 	-0.00779211 	-1.26529 	-0.00136023 	
3.44	0.394528 	-0.176473 	0.0766532 	-0.00778056 	-1.26586 	-0.0013905 	
3.445	0.394495 	-0.176474 	0.0766457 	-0.00779469 	-1.26643 	-0.00139023 	
3.45	0.394462 	-0.176474 	0.0766382 	-0.00781372 	-1.26699 	-0.00138012 	
3.455	0.394429 	-0.176474 	0.0766307 	-0.0078405 	-1.26756 	-0.00135952 	
3.46	0.394396 	-0.176475 	0.0766231 	-0.00786912 	-1.26813 	-0.00133514 	
3.465	0.394363 	-0.176472 	0.0766152 	-0.00802411 	-1.2687 	-0.00119721 	
3.47	0.39433 	-0.176469 	0.0766072 	-0.00823327 	-1.26926 	-0.00101045 	
3.475	0.394297 	-0.176464 	0.0765991 	-0.0084754 	-1.26983 	-0.000786263 	
3.48	0.394264 	-0.17646 	0.076591 	-0.00869817 	-1.27039 	-0.000561126 	
3.485	0.394231 	-0.176456 	0.0765832 	-0.00889172 	-1.27095 	-0.000346942 	
3.49	0.394198 	-0.176452 	0.076575 	-0.00908586 	-1.27151 	-0.000145588 	
3.495	0.394165 	-0.176447 	0.0765669 	-0.00935394 	-1.27208 	0.000118619 	
3.5	0.394133 	-0.176446 	0.0765593 	-0.00960284 	-1.27264 	0.000350175 	
3.505	0.394101 	-0.176444 	0.0765527 	-0.00975789 	-1.27321 	0.000504399 	
3.51	0.394069 	-0.176443 	0.0765464 	-0.00987404 	-1.27378 	0.000629659 	
3.515	0.394038 	-0.176441 	0.0765398 	-0.0100567 	-1.27434 	0.000819923 	
3.52	0.394006 	-0.176439 	0.0765333 	-0.0102656 	-1.27489 	0.00103113 	
3.525	0.393975 	-0.176436 	0.0765271 	-0.0104806 	-1.27545 	0.00124675 	
3.53	0.393944 	-0.176434 	0.0765216 	-0.0106713 	-1.27601 	0.00143602 	
3.535	0.393913 	-0.176433 	0.0765165 	-0.0108007 	-1.27657 	0.00156584 	
3.54	0.393883 	-0.176431 	0.0765118 	-0.0109126 	-1.27713 	0.00167985 	
3.545	0.393851 	-0.176433 	0.0765053 	-0.0108611 	-1.27769 	0.00163902 	
3.55	0.39382 	-0.176433 	0.0764982 	-0.0107733 	-1.27826 	0.00156386 	
3.555	0.393789 	-0.176435 	0.0764908 	-0.0106885 	-1.27883 	0.00148939 	
3.56	0.393756 	-0.176439 	0.0764823 	-0.0105904 	-1.2794 	0.00138936 	
3.565	0.393723 	-0.176445 	0.0764728 	-0.0103717 	-1.27997 	0.00116323 	
3.57	0.393689 	-0.17645 	0.0764631 	-0.0101342 	-1.28055 	0.000917926 	
3.575	0.393656 	-0.176455 	0.0764534 	-0.00992238 	-1.28112 	0.000697948 	
3.58	0.393621 	-0.176462 	0.0764429 	-0.00964402 	-1.2817 	0.000398504 	
3.585	0.393587 	-0.176465 	0.0764339 	-0.00951924 	-1.28227 	0.000260525 	
3.59	0.393553 	-0.176467 	0.0764251 	-0.00949333 	-1.28285 	0.0002226 	
3.595	0.393519 	-0.176464 	0.0764159 	-0.00961747 	-1.28342 	0.000340729 	
3.6	0.393485 	-0.176459 	0.0764063 	-0.00987136 	-1.28398 	0.000596657 	
3.605	0.39345 	-0.176456 	0.076397 	-0.00996703 	-1.28456 	0.000692565 	
3.61	0.393416 	-0.176452 	0.0763878 	-0.0100245 	-1.28514 	0.000750447 	
3.615	0.393382 	-0.176449 	0.0763786 	-0.0100709 	-1.28572 	0.000794985 	
3.62	0.393348 	-0.176446 	0.0763694 	-0.0101201 	-1.2863 	0.000841152 	
3.625	0.393314 	-0.17644 	0.0763597 	-0.0103299 	-1.28688 	0.00105437 	
3.63	0.393279 	-0.176437 	0.0763502 	-0.0104208 	-1.28746 	0.00114138 	
3.635	0.393245 	-0.17643 	0.0763404 	-0.0106223 	-1.28804 	0.00135037 	
3.64	0.393211 	-0.176423 	0.0763304 	-0.0108863 	-1.28861 	0.00161843 	
3.645	0.393214 	-0.176424 	0.0763562 	-0.0110182 	-1.28902 	0.00174581 	
3.65	0.393208 	-0.176438 	0.0763783 	-0.0110722 	-1.28944 	0.00174079 	
3.655	0.393204 	-0.17644 	0.0763961 	-0.0110986 	-1.28987 	0.00173702 	
3.66	0.393197 	-0.176441 	0.0764096 	-0.0111557 	-1.29029 	0.001762 	
3.665	0.393188 	-0.17644 	0.0764196 	-0.0112582 	-1.29071 	0.00182659 	
3.67	0.393175 	-0.17644 	0.0764273 	-0.0113034 	-1.29114 	0.00186099 	
3.675	0.39316 	-0.17644 	0.0764321 	-0.0113089 	-1.29158 	0.00186165 	
3.68	0.393142 	-0.17644 	0.0764351 	-0.0113239 	-1.29203 	0.00187378 	
3.685	0.393122 	-0.17644 	0.0764364 	-0.0113418 	-1.29249 	0.00188859 	
3.69	0.393101 	-0.17644 	0.0764362 	-0.011361 	-1.29296 	0.00190472 	
3.695	0.393077 	-0.17644 	0.0764347 	-0.0113815 	-1.29344 	0.00192164 	
3.7	0.393052 	-0.176441 	0.0764316 	-0.0113176 	-1.29394 	0.00186027 	
3.705	0.393026 	-0.176442 	0.0764274 	-0.0112302 	-1.29445 	0.00177868 	
3.71	0.392998 	-0.176444 	0.0764221 	-0.0111353 	-1.29497 	0.00168878 	
3.715	0.392969 	-0.176446 	0.0764159 	-0.0110364 	-1.2955 	0.0015941 	
3.72	0.392939 	-0.176448 	0.076409 	-0.0109341 	-1.29604 	0.00149578 	
3.725	0.392907 	-0.17645 	0.0764014 	-0.0108287 	-1.29658 	0.00139432 	
3.73	0.392876 	-0.17645 	0.0763936 	-0.0108176 	-1.29713 	0.00138167 	
3.735	0.392843 	-0.176451 	0.0763857 	-0.0108302 	-1.29769 	0.00138943 	
3.74	0.39281 	-0.176452 	0.0763774 	-0.0108487 	-1.29824 	0.0014036 	
3.745	0.392777 	-0.176451 	0.0763684 	-0.010937 	-1.29881 	0.00148762 	
3.75	0.392743 	-0.176451 	0.0763594 	-0.0110005 	-1.29937 	0.00154394 	
3.755	0.392709 	-0.17645 	0.0763501 	-0.011058 	-1.29994 	0.00159549 	
3.76	0.392674 	-0.17645 	0.0763409 	-0.0110869 	-1.30052 	0.00162195 	
3.765	0.392641 	-0.176446 	0.0763305 	-0.0113085 	-1.3011 	0.00179923 	
3.77	0.392606 	-0.176444 	0.0763198 	-0.0115551 	-1.30167 	0.00199015 	
3.775	0.392571 	-0.176442 	0.0763088 	-0.0117792 	-1.30226 	0.00215222 	
3.78	0.392536 	-0.176437 	0.0762972 	-0.0120437 	-1.30284 	0.00234866 	
3.785	0.3925 	-0.176436 	0.0762866 	-0.0121291 	-1.30343 	0.00240544 	
3.79	0.392467 	-0.176433 	0.0762781 	-0.0121993 	-1.30402 	0.0024861 	
3.795	0.392436 	-0.176433 	0.0762714 	-0.0122672 	-1.3046 	0.00256903 	
3.8	0.392406 	-0.176433 	0.0762661 	-0.0123339 	-1.30517 	0.00265155 	
3.805	0.392387 	-0.176434 	0.0762708 	-0.0124556 	-1.30567 	0.00279089 	
3.81	0.392365 	-0.176438 	0.0762736 	-0.0125967 	-1.30618 	0.00288042 	
3.815	0.392343 	-0.176437 	0.076274 	-0.0127657 	-1.30669 	0.00299258 	
3.82	0.392319 	-0.176438 	0.0762729 	-0.0127442 	-1.30721 	0.0029548 	
3.825	0.392294 	-0.176438 	0.0762702 	-0.0126704 	-1.30773 	0.00287867 	
3.83	0.392267 	-0.176439 	0.0762661 	-0.0125793 	-1.30826 	0.00278638 	
3.835	0.392239 	-0.17644 	0.0762609 	-0.0124895 	-1.3088 	0.00269359 	
3.84	0.39221 	-0.176441 	0.0762553 	-0.0124541 	-1.30933 	0.0026533 	
3.845	0.39218 	-0.176441 	0.0762491 	-0.0124407 	-1.30988 	0.00263624 	
3.85	0.392149 	-0.176442 	0.0762424 	-0.0124325 	-1.31042 	0.00262515 	
3.855	0.392118 	-0.176441 	0.0762349 	-0.0124858 	-1.31097 	0.00267559 	
3.86	0.392086 	-0.176437 	0.0762257 	-0.0126906 	-1.31152 	0.00287993 	
3.865	0.392053 	-0.176434 	0.0762158 	-0.0129505 	-1.31208 	0.00313826 	
3.87	0.392019 	-0.17643 	0.0762055 	-0.0132081 	-1.31264 	0.00339427 	
3.875	0.391988 	-0.176429 	0.0761978 	-0.0133374 	-1.3132 	0.00355278 	
3.88	0.391959 	-0.176427 	0.0761935 	-0.0134014 	-1.31377 	0.00363192 	
3.885	0.391932 	-0.176426 	0.0761908 	-0.0134716 	-1.31433 	0.00373548 	
3.89	0.391934 	-0.176429 	0.0762152 	-0.0134797 	-1.31475 	0.00374872 	
3.895	0.391928 	-0.176443 	0.076236 	-0.0134464 	-1.31516 	0.00368341 	
3.9	0.391922 	-0.176447 	0.0762521 	-0.0134371 	-1.31558 	0.00367211 	
3.905	0.391914 	-0.176448 	0.076264 	-0.0134674 	-1.316 	0.00369543 	
3.91	0.391902 	-0.17645 	0.0762727 	-0.0134292 	-1.31643 	0.00365561 	
3.915	0.391888 	-0.17645 	0.0762785 	-0.0134191 	-1.31686 	0.0036464 	
3.92	0.391871 	-0.176451 	0.0762819 	-0.013416 	-1.31731 	0.00364312 	
3.925	0.391852 	-0.176451 	0.076283 	-0.0134144 	-1.31777 	0.00364178 	
3.93	0.391831 	-0.176451 	0.0762824 	-0.0134303 	-1.31824 	0.00365709 	
3.935	0.391807 	-0.176451 	0.0762802 	-0.0134526 	-1.31872 	0.00367718 	
3.94	0.391782 	-0.176451 	0.0762767 	-0.0134771 	-1.31922 	0.00369934 	
3.945	0.391755 	-0.176451 	0.076272 	-0.0135028 	-1.31973 	0.0037226 	
3.95	0.391727 	-0.17645 	0.0762662 	-0.0135286 	-1.32025 	0.00374656 	
3.955	0.391698 	-0.17645 	0.0762596 	-0.0135542 	-1.32077 	0.00377104 	
3.96	0.391667 	-0.17645 	0.0762521 	-0.0135561 	-1.32131 	0.0037757 	
3.965	0.391635 	-0.17645 	0.0762439 	-0.0135515 	-1.32186 	0.00377549 	
3.97	0.391603 	-0.17645 	0.076235 	-0.0135448 	-1.32242 	0.00377348 	
3.975	0.39157 	-0.17645 	0.0762256 	-0.0135346 	-1.32298 	0.00376552 	
3.98	0.391536 	-0.17645 	0.0762157 	-0.0135208 	-1.32355 	0.00375087 	
3.985	0.391501 	-0.176449 	0.076205 	-0.013561 	-1.32412 	0.00381145 	
3.99	0.391465 	-0.176448 	0.0761936 	-0.0136139 	-1.3247 	0.003899 	
3.995	0.391429 	-0.176446 	0.0761822 	-0.0136672 	-1.32528 	0.00396198 	
4	0.391393 	-0.176445 	0.0761705 	-0.0137212 	-1.32587 	0.00401977 	
4.005	0.391356 	-0.176444 	0.0761586 	-0.0137651 	-1.32646 	0.00406669 	
4.01	0.391319 	-0.176442 	0.0761464 	-0.0138066 	-1.32706 	0.00411118 	
4.015	0.391282 	-0.176441 	0.076134 	-0.0138474 	-1.32766 	0.00415485 	
4.02	0.391244 	-0.176439 	0.0761214 	-0.013906 	-1.32827 	0.00421256 	
4.025	0.391207 	-0.176438 	0.0761087 	-0.0139306 	-1.32888 	0.00426141 	
4.03	0.39117 	-0.176439 	0.076096 	-0.0139068 	-1.32949 	0.00427497 	
4.035	0.391133 	-0.176439 	0.0760834 	-0.0138535 	-1.3301 	0.00426267 	
4.04	0.391097 	-0.176441 	0.0760703 	-0.0138761 	-1.3307 	0.00432115 	
4.045	0.391063 	-0.176443 	0.0760605 	-0.0139626 	-1.33128 	0.00443904 	
4.05	0.391032 	-0.176447 	0.0760531 	-0.01409 	-1.33183 	0.00459461 	
4.055	0.391004 	-0.176451 	0.0760477 	-0.0142241 	-1.33235 	0.00475422 	
4.06	0.390978 	-0.176455 	0.0760449 	-0.0143501 	-1.33287 	0.00490257 	
4.065	0.390955 	-0.176459 	0.0760437 	-0.0144753 	-1.33336 	0.00505035 	
4.07	0.390932 	-0.176462 	0.0760429 	-0.0146676 	-1.33385 	0.00525092 	
4.075	0.390908 	-0.176464 	0.07604 	-0.0148119 	-1.33435 	0.00540322 	
4.08	0.390882 	-0.176463 	0.0760355 	-0.0149639 	-1.33485 	0.00556076 	
4.085	0.390855 	-0.176461 	0.0760294 	-0.0151501 	-1.33537 	0.00574051 	
4.09	0.390827 	-0.176457 	0.0760219 	-0.0153727 	-1.33589 	0.00595282 	
4.095	0.390798 	-0.176451 	0.0760131 	-0.0156239 	-1.33643 	0.00619295 	
4.1	0.390767 	-0.176445 	0.0760032 	-0.0159025 	-1.33697 	0.00646064 	
4.105	0.390735 	-0.176438 	0.0759924 	-0.0161971 	-1.33752 	0.00674514 	
4.11	0.390702 	-0.176431 	0.0759809 	-0.0165017 	-1.33809 	0.0070403 	
4.115	0.390669 	-0.176427 	0.0759694 	-0.016647 	-1.33866 	0.00720831 	
4.12	0.390635 	-0.176423 	0.0759579 	-0.0167179 	-1.33924 	0.00730957 	
4.125	0.390602 	-0.17642 	0.0759471 	-0.0167223 	-1.33983 	0.00733322 	
4.13	0.390568 	-0.176418 	0.0759365 	-0.0167293 	-1.34042 	0.00736098 	
4.135	0.390535 	-0.176416 	0.0759263 	-0.0167425 	-1.34101 	0.00739023 	
4.14	0.390501 	-0.176415 	0.0759163 	-0.0167393 	-1.3416 	0.00743015 	
4.145	0.390468 	-0.176415 	0.0759066 	-0.0167295 	-1.34219 	0.00744676 	
4.15	0.390435 	-0.176414 	0.0758971 	-0.0167167 	-1.34278 	0.00744808 	
4.155	0.390402 	-0.176415 	0.0758874 	-0.0166124 	-1.34337 	0.00736227 	
4.16	0.390369 	-0.176416 	0.0758779 	-0.0164992 	-1.34396 	0.00726175 	
4.165	0.390336 	-0.176414 	0.0758669 	-0.0165641 	-1.34454 	0.00733091 	
4.17	0.390303 	-0.176415 	0.0758562 	-0.0165573 	-1.34511 	0.00731863 	
4.175	0.390273 	-0.176416 	0.0758487 	-0.0165505 	-1.34567 	0.00730266 	
4.18	0.390245 	-0.176418 	0.0758438 	-0.0165437 	-1.34622 	0.00728222 	
4.185	0.390219 	-0.17642 	0.0758411 	-0.016535 	-1.34676 	0.00725549 	
4.19	0.390195 	-0.176422 	0.0758402 	-0.0165229 	-1.34729 	0.00721988 	
4.195	0.390173 	-0.176424 	0.0758407 	-0.0165061 	-1.34781 	0.00717271 	
4.2	0.390151 	-0.176427 	0.0758415 	-0.0164671 	-1.34832 	0.00709428 	
4.205	0.390128 	-0.176429 	0.0758405 	-0.0163889 	-1.34883 	0.00700484 	
4.21	0.390104 	-0.176431 	0.075838 	-0.0163665 	-1.34935 	0.0069833 	
4.215	0.390079 	-0.176432 	0.0758342 	-0.016352 	-1.34987 	0.00696895 	
4.22	0.390052 	-0.176433 	0.0758291 	-0.0163385 	-1.35041 	0.00695657 	
4.225	0.390025 	-0.176433 	0.0758234 	-0.0163157 	-1.35094 	0.00690288 	
4.23	0.389996 	-0.176431 	0.075816 	-0.0163277 	-1.35148 	0.00688225 	
4.235	0.389966 	-0.176429 	0.0758062 	-0.0162905 	-1.35202 	0.00682339 	
4.24	0.389935 	-0.176426 	0.0757953 	-0.016283 	-1.35257 	0.00679781 	
4.245	0.389905 	-0.176425 	0.0757853 	-0.016208 	-1.35313 	0.00669668 	
4.25	0.389873 	-0.176425 	0.0757742 	-0.0160433 	-1.3537 	0.00650502 	
4.255	0.38984 	-0.176426 	0.0757625 	-0.0158283 	-1.35427 	0.00626325 	
4.26	0.389806 	-0.176427 	0.0757504 	-0.015611 	-1.35485 	0.00603135 	
4.265	0.389771 	-0.176428 	0.0757381 	-0.0154114 	-1.35543 	0.00582669 	
4.27	0.389736 	-0.176429 	0.0757255 	-0.0152434 	-1.35601 	0.00565545 	
4.275	0.3897 	-0.176429 	0.0757128 	-0.015109 	-1.3566 	0.00551841 	
4.28	0.389663 	-0.176429 	0.0757 	-0.0149981 	-1.3572 	0.00540519 	
4.285	0.389626 	-0.176429 	0.0756873 	-0.0149136 	-1.3578 	0.00531919 	
4.29	0.38959 	-0.176428 	0.0756745 	-0.0148648 	-1.3584 	0.00528169 	
4.295	0.389552 	-0.176428 	0.0756616 	-0.0148523 	-1.35901 	0.00528147 	
4.3	0.389515 	-0.176424 	0.0756476 	-0.0149056 	-1.35961 	0.00533769 	
4.305	0.389477 	-0.17642 	0.075634 	-0.014973 	-1.36022 	0.00540498 	
4.31	0.389439 	-0.176415 	0.0756203 	-0.0150525 	-1.36083 	0.0054825 	
4.315	0.389401 	-0.176411 	0.0756067 	-0.0151343 	-1.36144 	0.0055619 	
4.32	0.389364 	-0.176405 	0.0755918 	-0.0153309 	-1.36206 	0.00574214 	
4.325	0.389331 	-0.176399 	0.0755841 	-0.0157123 	-1.36267 	0.00605998 	
4.33	0.389299 	-0.176394 	0.075576 	-0.016119 	-1.36325 	0.00639515 	
4.335	0.389276 	-0.176389 	0.0755766 	-0.0165406 	-1.36379 	0.00674538 	
4.34	0.38925 	-0.176389 	0.0755753 	-0.0167755 	-1.36434 	0.00692111 	
4.345	0.389225 	-0.176386 	0.0755728 	-0.0169066 	-1.36488 	0.00702396 	
4.35	0.389198 	-0.176384 	0.0755689 	-0.0169943 	-1.36543 	0.00710366 	
4.355	0.38917 	-0.176382 	0.0755636 	-0.017069 	-1.36598 	0.00717677 	
4.36	0.389141 	-0.176379 	0.075557 	-0.0171389 	-1.36653 	0.00724794 	
4.365	0.38911 	-0.176377 	0.0755494 	-0.0172085 	-1.36709 	0.00731943 	
4.37	0.389078 	-0.176375 	0.0755407 	-0.0172793 	-1.36765 	0.00739186 	
4.375	0.389045 	-0.176373 	0.0755313 	-0.0173568 	-1.36822 	0.00746638 	
4.38	0.389012 	-0.176371 	0.0755208 	-0.0174562 	-1.3688 	0.00755464 	
4.385	0.388978 	-0.176366 	0.0755095 	-0.0176613 	-1.36938 	0.00772292 	
4.39	0.388949 	-0.176361 	0.0755045 	-0.0180334 	-1.36996 	0.00802796 	
4.395	0.388918 	-0.176357 	0.0754986 	-0.0183655 	-1.37054 	0.00830336 	
4.4	0.388888 	-0.176351 	0.0754916 	-0.0186931 	-1.37112 	0.00858299 	
4.405	0.388856 	-0.176346 	0.0754831 	-0.0190016 	-1.37169 	0.00882393 	
4.41	0.388824 	-0.17634 	0.0754738 	-0.0194063 	-1.37227 	0.00915141 	
4.415	0.388811 	-0.176339 	0.0754886 	-0.0196622 	-1.37283 	0.00935276 	
4.42	0.388797 	-0.176342 	0.0755005 	-0.0198806 	-1.37337 	0.00949602 	
4.425	0.388787 	-0.176344 	0.0755166 	-0.0199622 	-1.3739 	0.00955303 	
4.43	0.388776 	-0.176346 	0.0755287 	-0.0200915 	-1.37441 	0.00965686 	
4.435	0.388761 	-0.176346 	0.0755364 	-0.0203004 	-1.3749 	0.00985671 	
4.44	0.388744 	-0.176348 	0.0755412 	-0.0203263 	-1.3754 	0.00988041 	
4.445	0.388725 	-0.176348 	0.0755431 	-0.0202813 	-1.3759 	0.00983216 	
4.45	0.388704 	-0.176349 	0.0755425 	-0.020221 	-1.37641 	0.00976602 	
4.455	0.388682 	-0.17635 	0.0755404 	-0.0201343 	-1.3769 	0.00969959 	
4.46	0.388658 	-0.176352 	0.0755369 	-0.0200435 	-1.3774 	0.009628 	
4.465	0.388633 	-0.176353 	0.0755322 	-0.0199561 	-1.37791 	0.00955766 	
4.47	0.388606 	-0.176354 	0.0755264 	-0.0198763 	-1.37843 	0.00949189 	
4.475	0.388578 	-0.176355 	0.0755194 	-0.0198078 	-1.37896 	0.00943583 	
4.48	0.388549 	-0.176354 	0.075511 	-0.0198353 	-1.3795 	0.00947568 	
4.485	0.388518 	-0.176355 	0.0755019 	-0.0198302 	-1.38005 	0.00948493 	
4.49	0.388486 	-0.176354 	0.075492 	-0.0198336 	-1.38061 	0.00949112 	
4.495	0.388453 	-0.176353 	0.0754813 	-0.0198468 	-1.38118 	0.00950263 	
4.5	0.38842 	-0.176351 	0.0754698 	-0.0198937 	-1.38176 	0.0095422 	
4.505	0.388385 	-0.17635 	0.0754578 	-0.0199726 	-1.38234 	0.00961742 	
4.51	0.388349 	-0.176348 	0.0754457 	-0.0200437 	-1.38293 	0.00969731 	
4.515	0.388313 	-0.176346 	0.0754334 	-0.0201112 	-1.38353 	0.00977948 	
4.52	0.388277 	-0.176344 	0.0754203 	-0.0202452 	-1.38413 	0.00992152 	
4.525	0.388239 	-0.176341 	0.0754065 	-0.0204513 	-1.38473 	0.010134 	
4.53	0.388202 	-0.176339 	0.0753929 	-0.020658 	-1.38533 	0.0103459 	
4.535	0.388164 	-0.176337 	0.0753796 	-0.0208406 	-1.38594 	0.0105282 	
4.54	0.388127 	-0.176335 	0.0753666 	-0.0209853 	-1.38655 	0.0106707 	
4.545	0.38809 	-0.176334 	0.075354 	-0.0210918 	-1.38716 	0.0107676 	
4.55	0.388053 	-0.176334 	0.0753417 	-0.0211598 	-1.38778 	0.010824 	
4.555	0.388016 	-0.176334 	0.0753297 	-0.0211907 	-1.38839 	0.010843 	
4.56	0.387979 	-0.176336 	0.0753166 	-0.0209831 	-1.38901 	0.0106223 	
4.565	0.387942 	-0.176338 	0.0753036 	-0.0207122 	-1.38962 	0.0103404 	
4.57	0.387905 	-0.17634 	0.075291 	-0.0204232 	-1.39024 	0.0100402 	
4.575	0.387869 	-0.176343 	0.0752788 	-0.0201106 	-1.39086 	0.00972295 	
4.58	0.387833 	-0.176346 	0.0752672 	-0.0198377 	-1.39148 	0.00945187 	
4.585	0.3878 	-0.17635 	0.0752586 	-0.0195198 	-1.39209 	0.00915625 	
4.59	0.387771 	-0.176355 	0.0752537 	-0.0192046 	-1.39268 	0.00886461 	
4.595	0.387741 	-0.176361 	0.0752483 	-0.0189222 	-1.39326 	0.00859048 	
4.6	0.387711 	-0.176366 	0.0752424 	-0.0186474 	-1.39385 	0.00832335 	
4.605	0.387683 	-0.17637 	0.0752378 	-0.0183548 	-1.39442 	0.00804473 	
4.61	0.387656 	-0.176375 	0.0752342 	-0.0180656 	-1.39498 	0.00776899 	
4.615	0.387629 	-0.17638 	0.0752298 	-0.0177807 	-1.39554 	0.00749732 	
4.62	0.387601 	-0.176383 	0.0752244 	-0.0176786 	-1.39609 	0.00741756 	
4.625	0.387573 	-0.176386 	0.0752186 	-0.0176218 	-1.39664 	0.00738278 	
4.63	0.387545 	-0.176388 	0.0752123 	-0.0175761 	-1.3972 	0.00736101 	
4.635	0.387516 	-0.17639 	0.0752058 	-0.0175329 	-1.39775 	0.00734277 	
4.64	0.387487 	-0.176392 	0.0751989 	-0.01749 	-1.39831 	0.00732553 	
4.645	0.387458 	-0.176394 	0.0751918 	-0.0174467 	-1.39886 	0.0073085 	
4.65	0.387429 	-0.176396 	0.0751845 	-0.0174035 	-1.39942 	0.00729165 	
4.655	0.3874 	-0.176397 	0.0751769 	-0.0173595 	-1.39998 	0.00727446 	
4.66	0.387375 	-0.176404 	0.0751741 	-0.0172516 	-1.40052 	0.00717735 	
4.665	0.387348 	-0.17641 	0.0751704 	-0.0171933 	-1.40106 	0.00713066 	
4.67	0.387321 	-0.176416 	0.0751652 	-0.0171354 	-1.40161 	0.00708864 	
4.675	0.387293 	-0.176421 	0.0751594 	-0.0170888 	-1.40215 	0.0070602 	
4.68	0.387265 	-0.176425 	0.0751531 	-0.0170445 	-1.4027 	0.00703476 	
4.685	0.387235 	-0.176429 	0.075145 	-0.0169614 	-1.40326 	0.00697188 	
4.69	0.387204 	-0.176432 	0.0751353 	-0.0168663 	-1.40383 	0.00690019 	
4.695	0.387171 	-0.176435 	0.0751243 	-0.0167642 	-1.4044 	0.00682385 	
4.7	0.387137 	-0.176438 	0.0751122 	-0.0166551 	-1.40499 	0.00674326 	
4.705	0.387102 	-0.17644 	0.075099 	-0.0165397 	-1.40559 	0.00665958 	
4.71	0.387067 	-0.17644 	0.0750848 	-0.016597 	-1.40618 	0.00674233 	
4.715	0.387031 	-0.17644 	0.0750704 	-0.0167231 	-1.40678 	0.00689033 	
4.72	0.386995 	-0.17644 	0.0750564 	-0.0168734 	-1.40739 	0.00706361 	
4.725	0.386959 	-0.17644 	0.0750429 	-0.0170455 	-1.40799 	0.00725566 	
4.73	0.386923 	-0.176437 	0.0750289 	-0.0173108 	-1.40859 	0.00753333 	
4.735	0.386886 	-0.176434 	0.0750138 	-0.0175771 	-1.4092 	0.00781167 	
4.74	0.386849 	-0.176431 	0.074998 	-0.0178 	-1.40982 	0.0080485 	
4.745	0.386811 	-0.176428 	0.0749816 	-0.017977 	-1.41045 	0.00824135 	
4.75	0.386773 	-0.176427 	0.0749655 	-0.0180299 	-1.41107 	0.00835301 	
4.755	0.386735 	-0.176425 	0.07495 	-0.0180405 	-1.4117 	0.00843048 	
4.76	0.3867 	-0.176425 	0.0749368 	-0.0180427 	-1.41231 	0.00849624 	
4.765	0.386667 	-0.176425 	0.0749262 	-0.0180429 	-1.41292 	0.00855503 	
4.77	0.386636 	-0.176427 	0.074918 	-0.0180432 	-1.4135 	0.00861021 	
4.775	0.386608 	-0.176428 	0.074912 	-0.0180442 	-1.41407 	0.00866274 	
4.78	0.386582 	-0.17643 	0.0749079 	-0.0180445 	-1.41463 	0.00871178 	
4.785	0.386558 	-0.176432 	0.0749053 	-0.0180455 	-1.41517 	0.00875925 	
4.79	0.386534 	-0.176435 	0.0749024 	-0.01803 	-1.41571 	0.00878961 	
4.795	0.386509 	-0.176436 	0.0748989 	-0.0180109 	-1.41624 	0.00881745 	
4.8	0.386485 	-0.176438 	0.0748947 	-0.0179907 	-1.41678 	0.00884485 	
4.805	0.386459 	-0.176439 	0.0748897 	-0.0179758 	-1.41731 	0.00887812 	
4.81	0.386433 	-0.17644 	0.0748838 	-0.0179658 	-1.41785 	0.00891708 	
4.815	0.386406 	-0.176441 	0.0748771 	-0.0179566 	-1.41839 	0.00895766 	
4.82	0.386386 	-0.176443 	0.074877 	-0.017926 	-1.41889 	0.00897183 	
4.825	0.386363 	-0.176447 	0.0748744 	-0.0179491 	-1.4194 	0.0090089 	
4.83	0.386338 	-0.176448 	0.0748692 	-0.0180053 	-1.41993 	0.00907549 	
4.835	0.38631 	-0.176448 	0.0748617 	-0.0180727 	-1.42046 	0.00915124 	
4.84	0.386286 	-0.17645 	0.0748578 	-0.0179032 	-1.42099 	0.00899977 	
4.845	0.38626 	-0.176451 	0.0748517 	-0.0178644 	-1.42151 	0.00897476 	
4.85	0.386231 	-0.176453 	0.0748437 	-0.0178211 	-1.42204 	0.00894174 	
4.855	0.386201 	-0.176454 	0.0748339 	-0.0177626 	-1.42259 	0.00889757 	
4.86	0.38617 	-0.176455 	0.0748227 	-0.0176908 	-1.42316 	0.00884248 	
4.865	0.386138 	-0.176457 	0.0748124 	-0.017417 	-1.42372 	0.00859607 	
4.87	0.386108 	-0.17646 	0.0748032 	-0.0170772 	-1.42429 	0.00828683 	
4.875	0.386107 	-0.176466 	0.0748297 	-0.0167978 	-1.42483 	0.00802352 	
4.88	0.386105 	-0.176478 	0.0748508 	-0.0164351 	-1.42526 	0.0076345 	
4.885	0.386128 	-0.176488 	0.0748954 	-0.0163508 	-1.42556 	0.0075253 	
4.89	0.386142 	-0.176502 	0.0749328 	-0.0158515 	-1.42588 	0.0068985 	
4.895	0.386158 	-0.176504 	0.0749654 	-0.015796 	-1.42615 	0.00682086 	
4.9	0.386166 	-0.176511 	0.0749898 	-0.0155374 	-1.42644 	0.00651728 	
4.905	0.38617 	-0.176511 	0.075008 	-0.0154446 	-1.42676 	0.00636128 	
4.91	0.386168 	-0.176511 	0.075021 	-0.0154167 	-1.42708 	0.0062941 	
4.915	0.386161 	-0.176514 	0.0750272 	-0.0150169 	-1.42743 	0.00585839 	
4.92	0.386148 	-0.176519 	0.0750253 	-0.0144502 	-1.4278 	0.00520585 	
4.925	0.38613 	-0.176526 	0.0750223 	-0.0138273 	-1.42822 	0.00454503 	
4.93	0.386109 	-0.17654 	0.0750122 	-0.0125088 	-1.42866 	0.00317019 	
4.935	0.386089 	-0.176545 	0.0750075 	-0.0121344 	-1.42909 	0.0027527 	
4.94	0.386069 	-0.176553 	0.0750056 	-0.0119811 	-1.42952 	0.00253955 	
4.945	0.386045 	-0.176558 	0.0750012 	-0.0120295 	-1.42998 	0.00257005 	
4.95	0.386018 	-0.176565 	0.0749942 	-0.0121851 	-1.43046 	0.00270304 	
4.955	0.386001 	-0.176572 	0.0749956 	-0.0121447 	-1.4309 	0.0026058 	
4.96	0.385986 	-0.176584 	0.0750037 	-0.0119335 	-1.43137 	0.00231657 	
4.965	0.385968 	-0.176601 	0.0750027 	-0.0108582 	-1.43185 	0.00116838 	
4.97	0.385947 	-0.176623 	0.0749935 	-0.00882018 	-1.43234 	-0.000927632 	
4.975	0.385932 	-0.176632 	0.0749947 	-0.00847519 	-1.43278 	-0.00128985 	
4.98	0.38591 	-0.17665 	0.0749927 	-0.00797533 	-1.43325 	-0.00181317 	
4.985	0.385886 	-0.176662 	0.0749878 	-0.00731564 	-1.43374 	-0.00247847 	
4.99	0.38586 	-0.17667 	0.0749815 	-0.00691131 	-1.43425 	-0.00287415 	
4.995	0.385832 	-0.176676 	0.0749734 	-0.00668649 	-1.43477 	-0.00308742 	
5	0.385801 	-0.176681 	0.0749636 	-0.00652209 	-1.4353 	-0.00323684 	
5.005	0.385769 	-0.176685 	0.0749523 	-0.00636716 	-1.43585 	-0.0033734 	
5.01	0.385735 	-0.176687 	0.0749393 	-0.00631912 	-1.43642 	-0.00339798 	
5.015	0.385699 	-0.17669 	0.0749254 	-0.00614803 	-1.43699 	-0.00357258 	
5.02	0.385663 	-0.176693 	0.0749108 	-0.00590102 	-1.43759 	-0.00380415 	
5.025	0.385625 	-0.176697 	0.0748926 	-0.00521959 	-1.43819 	-0.00452353 	
5.03	0.385587 	-0.176697 	0.0748749 	-0.00501665 	-1.4388 	-0.00470759 	
5.035	0.385547 	-0.176699 	0.074855 	-0.00481286 	-1.43942 	-0.00488631 	
5.04	0.385506 	-0.176702 	0.0748347 	-0.0043894 	-1.44005 	-0.00528926 	
5.045	0.385509 	-0.176705 	0.0748584 	-0.00431276 	-1.44046 	-0.00538754 	
5.05	0.385502 	-0.176723 	0.0748794 	-0.00409163 	-1.44088 	-0.00571727 	
5.055	0.385498 	-0.176728 	0.0748948 	-0.00370516 	-1.44131 	-0.00616962 	
5.06	0.385489 	-0.176732 	0.0749048 	-0.00343145 	-1.44175 	-0.00643985 	
5.065	0.385477 	-0.176732 	0.0749111 	-0.00334909 	-1.44218 	-0.00653569 	
5.07	0.385461 	-0.176732 	0.0749139 	-0.00329244 	-1.44263 	-0.0066132 	
5.075	0.385442 	-0.176733 	0.0749128 	-0.00315206 	-1.44309 	-0.00675197 	
5.08	0.385419 	-0.176733 	0.0749084 	-0.00298224 	-1.44358 	-0.00691289 	
5.085	0.385395 	-0.17673 	0.074903 	-0.00306764 	-1.44408 	-0.00683427 	
5.09	0.385369 	-0.176727 	0.0748967 	-0.00338598 	-1.44459 	-0.00651731 	
5.095	0.385341 	-0.176724 	0.0748893 	-0.00377286 	-1.44512 	-0.00613095 	
5.1	0.385311 	-0.17672 	0.0748813 	-0.00410675 	-1.44566 	-0.00579459 	
5.105	0.38528 	-0.176716 	0.0748727 	-0.00443508 	-1.44621 	-0.00546174 	
5.11	0.385249 	-0.176711 	0.0748634 	-0.00476918 	-1.44678 	-0.00512269 	
5.115	0.385214 	-0.176717 	0.0748473 	-0.00402828 	-1.44736 	-0.00586044 	
5.12	0.385178 	-0.17673 	0.0748255 	-0.00234542 	-1.44795 	-0.00753294 	
5.125	0.385139 	-0.176752 	0.0747977 	0.000271677 	-1.44856 	-0.0101391 	
5.13	0.385097 	-0.176782 	0.0747637 	0.00369287 	-1.44917 	-0.0135349 	
5.135	0.385074 	-0.176792 	0.0747491 	0.00436079 	-1.44958 	-0.0142193 	
5.14	0.38504 	-0.176814 	0.074737 	0.00486256 	-1.45003 	-0.0148194 	
5.145	0.385012 	-0.17682 	0.0747277 	0.004975 	-1.45051 	-0.0149802 	
5.15	0.384986 	-0.176824 	0.0747214 	0.00474929 	-1.451 	-0.0147768 	
5.155	0.38496 	-0.176824 	0.0747158 	0.00456383 	-1.4515 	-0.0146099 	
5.16	0.384935 	-0.176823 	0.0747117 	0.00426397 	-1.45201 	-0.0143143 	
5.165	0.384914 	-0.176821 	0.0747113 	0.00391869 	-1.4525 	-0.0139708 	
5.17	0.384897 	-0.17682 	0.0747152 	0.00358528 	-1.45297 	-0.0136415 	
5.175	0.384878 	-0.17682 	0.0747175 	0.00335693 	-1.45345 	-0.0134273 	
5.18	0.384889 	-0.176822 	0.074747 	0.00335382 	-1.4538 	-0.0134286 	
5.185	0.384889 	-0.17683 	0.0747687 	0.003345 	-1.45414 	-0.0134299 	
5.19	0.384887 	-0.17683 	0.0747839 	0.00337961 	-1.45451 	-0.0134448 	
5.195	0.384881 	-0.176828 	0.0747937 	0.00354884 	-1.45488 	-0.0135887 	
5.2	0.384871 	-0.176825 	0.0747987 	0.00364578 	-1.45527 	-0.0136524 	
5.205	0.384855 	-0.176822 	0.0747993 	0.0036718 	-1.45569 	-0.0136411 	
5.21	0.384836 	-0.176818 	0.074796 	0.00370241 	-1.45613 	-0.0136495 	
5.215	0.384812 	-0.176814 	0.0747894 	0.00376095 	-1.4566 	-0.0136888 	
5.22	0.384785 	-0.176811 	0.0747799 	0.00382894 	-1.45709 	-0.013738 	
5.225	0.384755 	-0.176807 	0.0747678 	0.00391582 	-1.45761 	-0.0138062 	
5.23	0.384722 	-0.176804 	0.0747536 	0.00401116 	-1.45814 	-0.0138824 	
5.235	0.384687 	-0.176801 	0.0747375 	0.00416403 	-1.4587 	-0.0140159 	
5.24	0.384649 	-0.176799 	0.0747195 	0.00455059 	-1.45928 	-0.0143807 	
5.245	0.384611 	-0.176797 	0.0747011 	0.00502607 	-1.45987 	-0.014851 	
5.25	0.384572 	-0.176794 	0.0746828 	0.0054766 	-1.46047 	-0.0153168 	
5.255	0.384531 	-0.176795 	0.0746629 	0.00615479 	-1.46108 	-0.0159608 	
5.26	0.384493 	-0.176794 	0.0746456 	0.00663781 	-1.46169 	-0.0163967 	
5.265	0.384452 	-0.176795 	0.0746268 	0.00710455 	-1.46231 	-0.016827 	
5.27	0.384411 	-0.176799 	0.0746061 	0.00788627 	-1.46293 	-0.0175695 	
5.275	0.384368 	-0.176803 	0.0745839 	0.00892863 	-1.46357 	-0.0185653 	
5.28	0.384364 	-0.176805 	0.0745999 	0.00921014 	-1.46401 	-0.0188434 	
5.285	0.38435 	-0.176826 	0.0746109 	0.0101499 	-1.46447 	-0.0198058 	
5.29	0.384336 	-0.176837 	0.0746164 	0.0114942 	-1.46493 	-0.0211345 	
5.295	0.384331 	-0.176842 	0.074629 	0.0119548 	-1.46533 	-0.0215327 	
5.3	0.384325 	-0.17685 	0.0746441 	0.0121219 	-1.46572 	-0.0216889 	
5.305	0.384316 	-0.176856 	0.0746539 	0.0123742 	-1.46612 	-0.0219325 	
5.31	0.384303 	-0.176857 	0.0746587 	0.0126372 	-1.46654 	-0.0221798 	
5.315	0.384286 	-0.176857 	0.074659 	0.0128421 	-1.46698 	-0.0223876 	
5.32	0.384266 	-0.176856 	0.0746555 	0.0130759 	-1.46744 	-0.022632 	
5.325	0.384241 	-0.176853 	0.0746486 	0.0132447 	-1.46792 	-0.0228045 	
5.33	0.384213 	-0.17685 	0.0746387 	0.0133509 	-1.46843 	-0.0229036 	
5.335	0.384183 	-0.176847 	0.0746262 	0.0134339 	-1.46895 	-0.0229696 	
5.34	0.384149 	-0.176843 	0.0746115 	0.0135537 	-1.4695 	-0.0230667 	
5.345	0.384113 	-0.176837 	0.0745953 	0.0134811 	-1.47006 	-0.0229646 	
5.35	0.384075 	-0.176835 	0.074577 	0.0138218 	-1.47065 	-0.0232715 	
5.355	0.384038 	-0.176832 	0.0745596 	0.0140754 	-1.47124 	-0.0234658 	
5.36	0.383999 	-0.176829 	0.0745403 	0.0142243 	-1.47184 	-0.0235654 	
5.365	0.383996 	-0.176829 	0.0745571 	0.0143363 	-1.47226 	-0.0236624 	
5.37	0.383983 	-0.176842 	0.0745689 	0.0149558 	-1.4727 	-0.0242913 	
5.375	0.383972 	-0.176843 	0.0745763 	0.015249 	-1.47315 	-0.0245634 	
5.38	0.383956 	-0.17684 	0.074579 	0.0153516 	-1.4736 	-0.0246538 	
5.385	0.383936 	-0.176836 	0.0745775 	0.015346 	-1.47407 	-0.0246397 	
5.39	0.383913 	-0.176832 	0.0745724 	0.0153099 	-1.47455 	-0.0245948 	
5.395	0.383887 	-0.176827 	0.074564 	0.0153074 	-1.47506 	-0.0245608 	
5.4	0.383858 	-0.176821 	0.0745524 	0.0152079 	-1.47559 	-0.0244213 	
5.405	0.383826 	-0.176815 	0.0745385 	0.0151867 	-1.47614 	-0.0243634 	
5.41	0.383792 	-0.176809 	0.0745225 	0.0151933 	-1.4767 	-0.0243321 	
5.415	0.383756 	-0.176803 	0.0745048 	0.0151857 	-1.47728 	-0.0242809 	
5.42	0.383717 	-0.176798 	0.0744861 	0.015418 	-1.47788 	-0.0244648 	
5.425	0.383678 	-0.17679 	0.0744655 	0.0151917 	-1.47849 	-0.0241789 	
5.43	0.383636 	-0.176786 	0.0744445 	0.015373 	-1.47912 	-0.0243175 	
5.435	0.383597 	-0.176782 	0.0744259 	0.0156588 	-1.47973 	-0.0245725 	
5.44	0.383556 	-0.176783 	0.0744052 	0.0164238 	-1.48036 	-0.0252874 	
5.445	0.383542 	-0.176784 	0.0744123 	0.0168673 	-1.48086 	-0.0257219 	
5.45	0.383522 	-0.176792 	0.0744156 	0.0171869 	-1.48137 	-0.0260428 	
5.455	0.383502 	-0.176792 	0.0744159 	0.0174178 	-1.48188 	-0.0262454 	
5.46	0.383479 	-0.176788 	0.0744122 	0.017401 	-1.48239 	-0.0261883 	
5.465	0.383454 	-0.176782 	0.074405 	0.017157 	-1.48291 	-0.0258986 	
5.47	0.383425 	-0.176775 	0.0743947 	0.0168382 	-1.48344 	-0.0255302 	
5.475	0.383406 	-0.176759 	0.0743991 	0.0149925 	-1.48392 	-0.0236547 	
5.48	0.383391 	-0.176745 	0.0744084 	0.0124038 	-1.48436 	-0.0210241 	
5.485	0.383372 	-0.176739 	0.074409 	0.0113692 	-1.48479 	-0.0199669 	
5.49	0.383367 	-0.176731 	0.0744192 	0.0103908 	-1.48513 	-0.0189646 	
5.495	0.383354 	-0.176732 	0.0744239 	0.0102422 	-1.4855 	-0.0188146 	
5.5	0.383339 	-0.176732 	0.0744234 	0.0105798 	-1.48591 	-0.0191384 	
5.505	0.383319 	-0.176733 	0.0744181 	0.0112834 	-1.48636 	-0.0198375 	
5.51	0.383334 	-0.176728 	0.0744542 	0.0109517 	-1.48673 	-0.019491 	
5.515	0.38334 	-0.176733 	0.0744839 	0.0108649 	-1.4871 	-0.019417 	
5.52	0.383344 	-0.17673 	0.0745069 	0.0109112 	-1.48746 	-0.0194603 	
5.525	0.383343 	-0.176725 	0.0745226 	0.0108764 	-1.48783 	-0.019392 	
5.53	0.383337 	-0.176716 	0.0745309 	0.0105978 	-1.48822 	-0.0191364 	
5.535	0.383327 	-0.17671 	0.0745368 	0.0106349 	-1.48861 	-0.0191954 	
5.54	0.383314 	-0.176699 	0.0745376 	0.0103354 	-1.48903 	-0.0189117 	
5.545	0.383296 	-0.176684 	0.0745334 	0.00944189 	-1.48947 	-0.018109 	
5.55	0.383272 	-0.176676 	0.0745262 	0.00943599 	-1.48993 	-0.0181922 	
5.555	0.383248 	-0.176661 	0.0745159 	0.00885081 	-1.49041 	-0.0176696 	
5.56	0.383219 	-0.176653 	0.074505 	0.00871106 	-1.49092 	-0.0175858 	
5.565	0.383188 	-0.176644 	0.0744925 	0.00913657 	-1.49143 	-0.0181092 	
5.57	0.383156 	-0.176635 	0.0744781 	0.00924211 	-1.49196 	-0.0182419 	
5.575	0.383122 	-0.176629 	0.0744633 	0.00966824 	-1.49251 	-0.0187178 	
5.58	0.383088 	-0.176623 	0.0744482 	0.010225 	-1.49307 	-0.0193073 	
5.585	0.383065 	-0.176608 	0.0744468 	0.00865589 	-1.49357 	-0.0177341 	
5.59	0.383047 	-0.176595 	0.0744524 	0.0060892 	-1.49403 	-0.0151577 	
5.595	0.383033 	-0.176581 	0.074462 	0.00362075 	-1.49447 	-0.0126848 	
5.6	0.383019 	-0.17657 	0.0744679 	0.00170092 	-1.49488 	-0.0108024 	
5.605	0.383004 	-0.176563 	0.0744715 	0.000900626 	-1.49531 	-0.0100456 	
5.61	0.382986 	-0.176555 	0.0744723 	0.000688888 	-1.49574 	-0.00991573 	
5.615	0.382969 	-0.17655 	0.0744682 	0.000909534 	-1.49612 	-0.0102065 	
5.62	0.38296 	-0.176548 	0.0744727 	0.000965171 	-1.49644 	-0.0103063 	
5.625	0.382959 	-0.176551 	0.0744841 	0.00100494 	-1.49668 	-0.0103708 	
5.63	0.382968 	-0.176556 	0.0745048 	0.00100773 	-1.49684 	-0.0103899 	
5.635	0.38297 	-0.176559 	0.0745186 	0.000671972 	-1.49706 	-0.0100497 	
5.64	0.382968 	-0.176555 	0.0745271 	0.000328294 	-1.4973 	-0.00969242 	
5.645	0.382966 	-0.176551 	0.0745379 	0.000145587 	-1.49756 	-0.00954095 	
5.65	0.382982 	-0.17655 	0.074567 	9.3034e-05 	-1.49778 	-0.009498 	
5.655	0.383001 	-0.176554 	0.0746047 	3.28823e-05 	-1.49802 	-0.00945441 	
5.66	0.383017 	-0.176554 	0.0746364 	-6.50024e-05 	-1.49827 	-0.00936494 	
5.665	0.383039 	-0.176553 	0.074673 	-0.000103051 	-1.49847 	-0.00932669 	
5.67	0.383063 	-0.176555 	0.0747122 	-0.000111417 	-1.49867 	-0.00932489 	
5.675	0.383087 	-0.176556 	0.0747509 	-0.000135239 	-1.49885 	-0.00930673 	
5.68	0.38311 	-0.176556 	0.0747863 	-0.000162846 	-1.49901 	-0.00928076 	
5.685	0.383126 	-0.176557 	0.0748142 	-6.65753e-05 	-1.49919 	-0.00937452 	
5.69	0.383135 	-0.176555 	0.0748324 	0.000130898 	-1.49941 	-0.00961251 	
5.695	0.383137 	-0.176554 	0.0748442 	0.000223302 	-1.49967 	-0.00974164 	
5.7	0.383132 	-0.176553 	0.074851 	0.000723633 	-1.49996 	-0.0102695 	
5.705	0.383141 	-0.176552 	0.0748751 	0.00100984 	-1.50026 	-0.0105721 	
5.71	0.383143 	-0.176554 	0.0748939 	0.00128367 	-1.50059 	-0.0108601 	
5.715	0.383163 	-0.176555 	0.0749294 	0.00134793 	-1.50083 	-0.0109291 	
5.72	0.383185 	-0.176562 	0.0749687 	0.00135717 	-1.50103 	-0.0109562 	
5.725	0.383208 	-0.176566 	0.0750056 	0.00135817 	-1.50121 	-0.0109686 	
5.73	0.383224 	-0.176569 	0.0750339 	0.00168593 	-1.50139 	-0.0113037 	
5.735	0.383236 	-0.176569 	0.0750574 	0.00183013 	-1.50158 	-0.0114563 	
5.74	0.383242 	-0.176567 	0.0750751 	0.00161995 	-1.50182 	-0.0112468 	
5.745	0.383247 	-0.176563 	0.0750903 	0.0012684 	-1.50206 	-0.0109137 	
5.75	0.383251 	-0.17656 	0.0751072 	0.00101847 	-1.50231 	-0.0106809 	
5.755	0.383262 	-0.176559 	0.0751334 	0.000924617 	-1.50257 	-0.010592 	
5.76	0.383272 	-0.17656 	0.0751596 	0.000950317 	-1.50285 	-0.0106356 	
5.765	0.383277 	-0.176559 	0.0751801 	0.00121163 	-1.50316 	-0.0109001 	
5.77	0.383296 	-0.176558 	0.0752133 	0.00128628 	-1.50339 	-0.0109718 	
5.775	0.383309 	-0.176561 	0.0752388 	0.00155696 	-1.50361 	-0.011255 	
5.78	0.383323 	-0.17656 	0.0752646 	0.00164265 	-1.50382 	-0.0113375 	
5.785	0.38333 	-0.176557 	0.0752799 	0.000198671 	-1.50406 	-0.00991629 	
5.79	0.38333 	-0.176554 	0.0752907 	-0.000601169 	-1.50434 	-0.00912611 	
5.795	0.383324 	-0.176549 	0.0752954 	-0.000807843 	-1.50467 	-0.00889322 	
5.8	0.383313 	-0.176541 	0.0752949 	-0.00133516 	-1.50504 	-0.00834737 	
5.805	0.383296 	-0.176533 	0.0752898 	-0.00209966 	-1.50545 	-0.00756983 	
5.81	0.383274 	-0.176524 	0.0752808 	-0.00296769 	-1.50589 	-0.00668968 	
5.815	0.383248 	-0.176514 	0.0752687 	-0.004078 	-1.50638 	-0.00556642 	
5.82	0.383219 	-0.176504 	0.075254 	-0.00524476 	-1.50689 	-0.00438644 	
5.825	0.383186 	-0.176492 	0.075237 	-0.00648411 	-1.50743 	-0.00312896 	
5.83	0.383152 	-0.176483 	0.0752184 	-0.00730833 	-1.508 	-0.00230138 	
5.835	0.383116 	-0.176473 	0.0751997 	-0.00793072 	-1.50858 	-0.00166138 	
5.84	0.38308 	-0.176466 	0.0751818 	-0.00830145 	-1.50918 	-0.001266 	
5.845	0.383045 	-0.176459 	0.075165 	-0.00861246 	-1.50978 	-0.000921714 	
5.85	0.383008 	-0.17645 	0.075147 	-0.00930647 	-1.51039 	-0.000216703 	
5.855	0.382979 	-0.176442 	0.0751383 	-0.010039 	-1.51095 	0.000542139 	
5.86	0.382953 	-0.176437 	0.0751326 	-0.0107853 	-1.51149 	0.00131274 	
5.865	0.382927 	-0.176432 	0.0751264 	-0.0115952 	-1.51202 	0.0021437 	
5.87	0.382901 	-0.176426 	0.075118 	-0.0122953 	-1.51254 	0.00285869 	
5.875	0.382873 	-0.176419 	0.075108 	-0.0129771 	-1.51306 	0.00355411 	
5.88	0.382845 	-0.176413 	0.075098 	-0.0136022 	-1.51359 	0.00420106 	
5.885	0.382819 	-0.176407 	0.0750897 	-0.014171 	-1.5141 	0.00479442 	
5.89	0.382794 	-0.176402 	0.0750821 	-0.0147783 	-1.51459 	0.00542427 	
5.895	0.38277 	-0.176397 	0.0750751 	-0.015403 	-1.51507 	0.006069 	
5.9	0.382746 	-0.176393 	0.0750684 	-0.0160438 	-1.51554 	0.00672835 	
5.905	0.382724 	-0.176389 	0.0750624 	-0.0167877 	-1.51601 	0.00748373 	
5.91	0.3827 	-0.176384 	0.0750553 	-0.0175593 	-1.51648 	0.0082656 	
5.915	0.382676 	-0.17638 	0.0750475 	-0.0182463 	-1.51695 	0.00896101 	
5.92	0.382657 	-0.176375 	0.0750455 	-0.0192392 	-1.5174 	0.00997053 	
5.925	0.382637 	-0.176372 	0.0750431 	-0.0200679 	-1.51786 	0.0108066 	
5.93	0.382617 	-0.176367 	0.07504 	-0.0208486 	-1.51832 	0.0115977 	
5.935	0.382596 	-0.176362 	0.075036 	-0.0216145 	-1.51878 	0.0123736 	
5.94	0.382573 	-0.176358 	0.07503 	-0.0223936 	-1.51927 	0.0131617 	
5.945	0.382552 	-0.176352 	0.0750288 	-0.0231819 	-1.51979 	0.0139623 	
5.95	0.382533 	-0.176347 	0.0750282 	-0.0239589 	-1.52029 	0.0147518 	
5.955	0.382511 	-0.176343 	0.0750252 	-0.0247512 	-1.5208 	0.0155528 	
5.96	0.382488 	-0.176337 	0.0750202 	-0.0255532 	-1.52132 	0.0163664 	
5.965	0.382463 	-0.176331 	0.0750133 	-0.0263606 	-1.52186 	0.0171864 	
5.97	0.382436 	-0.176325 	0.0750049 	-0.0271681 	-1.5224 	0.0180075 	
5.975	0.382407 	-0.176318 	0.0749952 	-0.0279726 	-1.52296 	0.0188263 	
5.98	0.382377 	-0.176312 	0.0749846 	-0.0287719 	-1.52353 	0.0196403 	
5.985	0.382346 	-0.176305 	0.0749731 	-0.0295672 	-1.5241 	0.0204505 	
5.99	0.382315 	-0.176297 	0.0749619 	-0.0307178 	-1.52469 	0.0216193 	
5.995	0.382282 	-0.17629 	0.0749503 	-0.0319266 	-1.52528 	0.0228422 	
6	0.382248 	-0.176283 	0.0749376 	-0.0327959 	-1.52589 	0.0237261 	
6.005	0.382213 	-0.176278 	0.0749235 	-0.0334708 	-1.5265 	0.0244127 	
6.01	0.382179 	-0.176273 	0.0749093 	-0.0343131 	-1.52711 	0.0252662 	
6.015	0.382172 	-0.176273 	0.074921 	-0.0343969 	-1.52755 	0.0253633 	
6.02	0.382158 	-0.176281 	0.0749313 	-0.0342457 	-1.528 	0.0252163 	
6.025	0.382145 	-0.176277 	0.0749382 	-0.0351542 	-1.52846 	0.0261285 	
6.03	0.38213 	-0.176275 	0.0749409 	-0.0359731 	-1.52892 	0.0269511 	
6.035	0.382112 	-0.176271 	0.0749404 	-0.0367949 	-1.52941 	0.0277813 	
6.04	0.382092 	-0.176265 	0.074938 	-0.0380392 	-1.5299 	0.0290362 	
6.045	0.382069 	-0.17626 	0.0749337 	-0.0394616 	-1.5304 	0.03047 	
6.05	0.382067 	-0.176257 	0.0749538 	-0.0407918 	-1.53088 	0.0317992 	
6.055	0.382062 	-0.176257 	0.0749693 	-0.0420455 	-1.53136 	0.0330393 	
6.06	0.382053 	-0.176256 	0.0749798 	-0.0422812 	-1.53184 	0.0333255 	
6.065	0.382041 	-0.176248 	0.074984 	-0.0431866 	-1.53232 	0.0342792 	
6.07	0.382023 	-0.176241 	0.074983 	-0.0444795 	-1.53282 	0.0356126 	
6.075	0.382002 	-0.176232 	0.0749774 	-0.0460075 	-1.53333 	0.0371806 	
6.08	0.381976 	-0.176222 	0.0749678 	-0.0477283 	-1.53386 	0.0389403 	
6.085	0.381947 	-0.176211 	0.0749546 	-0.0496095 	-1.53441 	0.040859 	
6.09	0.381915 	-0.176199 	0.0749383 	-0.0516484 	-1.53499 	0.0429344 	
6.095	0.38188 	-0.176187 	0.0749193 	-0.0538455 	-1.53558 	0.0451676 	
6.1	0.381843 	-0.176177 	0.0748999 	-0.0553951 	-1.5362 	0.046744 	
6.105	0.381805 	-0.176169 	0.0748816 	-0.0565664 	-1.53683 	0.047936 	
6.11	0.381767 	-0.176161 	0.0748628 	-0.0585494 	-1.53747 	0.0499405 	
6.115	0.381727 	-0.176152 	0.0748437 	-0.0611482 	-1.53811 	0.0525579 	
6.12	0.381687 	-0.176145 	0.0748257 	-0.0631466 	-1.53876 	0.0545713 	
6.125	0.381648 	-0.176136 	0.0748079 	-0.0655217 	-1.53941 	0.056963 	
6.13	0.381607 	-0.176129 	0.074791 	-0.0676558 	-1.54007 	0.0591117 	
6.135	0.381568 	-0.17612 	0.0747718 	-0.070181 	-1.54073 	0.0616508 	
6.14	0.381527 	-0.176113 	0.0747521 	-0.0728626 	-1.54139 	0.064343 	
6.145	0.381487 	-0.176108 	0.0747328 	-0.0743485 	-1.54205 	0.0658432 	
6.15	0.381448 	-0.1761 	0.074715 	-0.0757566 	-1.54272 	0.0672694 	
6.155	0.381409 	-0.176093 	0.0746979 	-0.0775416 	-1.54339 	0.0690724 	
6.16	0.38137 	-0.176085 	0.074681 	-0.0801041 	-1.54404 	0.0716526 	
6.165	0.381331 	-0.176078 	0.0746646 	-0.0826109 	-1.5447 	0.0741743 	
6.17	0.381293 	-0.176072 	0.0746474 	-0.0828917 	-1.54537 	0.0744733 	
6.175	0.381255 	-0.176067 	0.0746306 	-0.0825813 	-1.54604 	0.0741856 	
6.18	0.381217 	-0.17606 	0.0746106 	-0.0821151 	-1.5467 	0.0737415 	
6.185	0.38118 	-0.17605 	0.0745947 	-0.0854271 	-1.54735 	0.0770752 	
6.19	0.381143 	-0.176038 	0.0745791 	-0.0908877 	-1.548 	0.082558 	
6.195	0.381106 	-0.176027 	0.0745633 	-0.0970109 	-1.54864 	0.0887051 	
6.2	0.381104 	-0.17602 	0.0745875 	-0.10246 	-1.54918 	0.0941732 	
6.205	0.38107 	-0.176018 	0.0745591 	-0.104194 	-1.54951 	0.0959248 	
6.21	0.381028 	-0.176007 	0.0745157 	-0.107923 	-1.54979 	0.0996817 	
6.215	0.381007 	-0.176001 	0.0744895 	-0.110102 	-1.54986 	0.101867 	
6.22	0.380973 	-0.176003 	0.0744554 	-0.111748 	-1.54998 	0.103501 	
6.225	0.380938 	-0.175999 	0.0744141 	-0.113158 	-1.55009 	0.104923 	
6.23	0.380917 	-0.175996 	0.0743822 	-0.112907 	-1.55003 	0.104678 	
6.235	0.380887 	-0.175999 	0.0743467 	-0.113223 	-1.55006 	0.104982 	
6.24	0.380854 	-0.175997 	0.0743079 	-0.113369 	-1.55015 	0.105132 	
6.245	0.380819 	-0.175994 	0.0742694 	-0.113091 	-1.55027 	0.104865 	
6.25	0.380783 	-0.17599 	0.0742322 	-0.113653 	-1.55041 	0.105438 	
6.255	0.380755 	-0.175987 	0.0741995 	-0.113843 	-1.55046 	0.105639 	
6.26	0.380737 	-0.175989 	0.0741769 	-0.114841 	-1.55044 	0.10663 	
6.265	0.380719 	-0.175994 	0.0741568 	-0.114411 	-1.55042 	0.106207 	
6.27	0.380707 	-0.175996 	0.0741386 	-0.114115 	-1.55036 	0.10591 	
6.275	0.380697 	-0.176 	0.0741212 	-0.113612 	-1.55029 	0.105399 	
6.28	0.380687 	-0.176003 	0.0741045 	-0.11306 	-1.55021 	0.10484 	
6.285	0.380678 	-0.176005 	0.0740883 	-0.112578 	-1.55014 	0.104353 	
6.29	0.38067 	-0.176007 	0.0740727 	-0.112054 	-1.55006 	0.103824 	
6.295	0.380661 	-0.176008 	0.0740572 	-0.11129 	-1.55 	0.103058 	
6.3	0.380652 	-0.176009 	0.0740418 	-0.110754 	-1.54993 	0.102522 	
6.305	0.380644 	-0.176009 	0.0740267 	-0.110256 	-1.54986 	0.102023 	
6.31	0.380636 	-0.17601 	0.0740121 	-0.109754 	-1.54979 	0.10152 	
6.315	0.380629 	-0.176011 	0.0739978 	-0.109259 	-1.54972 	0.101023 	
6.32	0.380622 	-0.176012 	0.0739838 	-0.108771 	-1.54965 	0.100533 	
6.325	0.380615 	-0.176013 	0.0739701 	-0.108288 	-1.54958 	0.100049 	
6.33	0.380609 	-0.176014 	0.0739566 	-0.107812 	-1.54951 	0.0995712 	
6.335	0.380602 	-0.176014 	0.0739433 	-0.107342 	-1.54944 	0.099099 	
6.34	0.380596 	-0.176015 	0.0739302 	-0.106876 	-1.54937 	0.0986319 	
6.345	0.380589 	-0.176016 	0.0739172 	-0.106415 	-1.5493 	0.0981695 	
6.35	0.380583 	-0.176017 	0.0739044 	-0.105958 	-1.54924 	0.0977108 	
6.355	0.380577 	-0.176017 	0.0738916 	-0.105506 	-1.54917 	0.0972568 	
6.36	0.380571 	-0.176018 	0.0738789 	-0.105057 	-1.5491 	0.0968068 	
6.365	0.380565 	-0.176019 	0.0738663 	-0.104612 	-1.54903 	0.0963605 	
6.37	0.380559 	-0.176019 	0.0738537 	-0.104171 	-1.54896 	0.0959176 	
6.375	0.380553 	-0.17602 	0.0738412 	-0.103733 	-1.5489 	0.095478 	
6.38	0.380547 	-0.176021 	0.0738287 	-0.103298 	-1.54883 	0.0950416 	
6.385	0.380541 	-0.176021 	0.0738163 	-0.102866 	-1.54876 	0.0946082 	
6.39	0.380535 	-0.176022 	0.0738039 	-0.102437 	-1.5487 	0.0941777 	
6.395	0.38053 	-0.176023 	0.0737915 	-0.102011 	-1.54863 	0.09375 	
6.4	0.380524 	-0.176024 	0.0737791 	-0.101587 	-1.54856 	0.0933253 	
6.405	0.380518 	-0.176024 	0.0737667 	-0.101167 	-1.54849 	0.0929038 	
6.41	0.380512 	-0.176025 	0.0737544 	-0.100749 	-1.54843 	0.0924844 	
6.415	0.380506 	-0.176026 	0.073742 	-0.100334 	-1.54836 	0.0920674 	
6.42	0.3805 	-0.176026 	0.0737297 	-0.0999212 	-1.54829 	0.0916533 	
6.425	0.380494 	-0.176027 	0.0737173 	-0.0995107 	-1.54823 	0.0912413 	
6.43	0.380489 	-0.176028 	0.073705 	-0.0991025 	-1.54816 	0.0908316 	
6.435	0.380483 	-0.176029 	0.0736927 	-0.0986967 	-1.54809 	0.0904243 	
6.44	0.380477 	-0.176029 	0.0736803 	-0.0982932 	-1.54802 	0.0900194 	
6.445	0.380471 	-0.17603 	0.073668 	-0.0978921 	-1.54796 	0.0896167 	
6.45	0.380465 	-0.176031 	0.0736556 	-0.0974932 	-1.54789 	0.0892163 	
6.455	0.380459 	-0.176031 	0.0736432 	-0.0970965 	-1.54782 	0.0888181 	
6.46	0.380453 	-0.176032 	0.0736309 	-0.0967021 	-1.54776 	0.0884222 	
6.465	0.380448 	-0.176033 	0.0736185 	-0.09631 	-1.54769 	0.0880285 	
6.47	0.380442 	-0.176034 	0.0736061 	-0.09592 	-1.54762 	0.087637 	
6.475	0.380432 	-0.176038 	0.0735907 	-0.0934501 	-1.54757 	0.0851324 	
6.48	0.380421 	-0.176041 	0.0735732 	-0.0903396 	-1.54754 	0.0819919 	
6.485	0.380412 	-0.176042 	0.0735566 	-0.0892428 	-1.54748 	0.0808881 	
6.49	0.380402 	-0.176046 	0.0735406 	-0.088658 	-1.54741 	0.0802929 	
6.495	0.38039 	-0.176052 	0.0735232 	-0.0860685 	-1.54737 	0.0776699 	
6.5	0.38038 	-0.176055 	0.0735079 	-0.0846797 	-1.54732 	0.0762534 	
6.505	0.380372 	-0.176059 	0.073493 	-0.0840266 	-1.54726 	0.0755858 	
6.51	0.380363 	-0.176063 	0.0734784 	-0.083566 	-1.54719 	0.0751133 	
6.515	0.380356 	-0.176066 	0.0734641 	-0.0831585 	-1.54712 	0.0746971 	
6.52	0.380348 	-0.176069 	0.0734501 	-0.0827715 	-1.54705 	0.0743032 	
6.525	0.380341 	-0.176071 	0.0734363 	-0.0823961 	-1.54698 	0.0739218 	
6.53	0.380334 	-0.176073 	0.0734227 	-0.0820284 	-1.54691 	0.073549 	
6.535	0.380327 	-0.176075 	0.0734092 	-0.0816669 	-1.54684 	0.0731828 	
6.54	0.38032 	-0.176077 	0.0733959 	-0.0813108 	-1.54677 	0.0728227 	
6.545	0.380314 	-0.176078 	0.0733827 	-0.0809596 	-1.5467 	0.0724677 	
6.55	0.380306 	-0.17608 	0.0733687 	-0.0805672 	-1.54664 	0.0720696 	
6.555	0.380299 	-0.176081 	0.073355 	-0.0802093 	-1.54657 	0.0717092 	
6.56	0.380292 	-0.176082 	0.0733414 	-0.0798632 	-1.5465 	0.0713599 	
6.565	0.380282 	-0.176081 	0.073325 	-0.0805332 	-1.54645 	0.0720222 	
6.57	0.380272 	-0.176081 	0.0733089 	-0.0805575 	-1.54639 	0.0720407 	
6.575	0.380261 	-0.17608 	0.0732922 	-0.08059 	-1.54635 	0.0720592 	
6.58	0.380252 	-0.17608 	0.0732757 	-0.0803323 	-1.54628 	0.0717989 	
6.585	0.380241 	-0.176082 	0.073259 	-0.0796734 	-1.54622 	0.0711208 	
6.59	0.38023 	-0.176084 	0.0732414 	-0.0781326 	-1.54618 	0.0695686 	
6.595	0.38022 	-0.176084 	0.0732243 	-0.0774768 	-1.54611 	0.0689114 	
6.6	0.380211 	-0.176086 	0.0732078 	-0.0770155 	-1.54604 	0.0684447 	
6.605	0.380202 	-0.176087 	0.0731918 	-0.0766444 	-1.54596 	0.0680699 	
6.61	0.380193 	-0.176089 	0.0731763 	-0.0762992 	-1.54589 	0.0677216 	
6.615	0.380183 	-0.17609 	0.0731598 	-0.0755852 	-1.54584 	0.0670017 	
6.62	0.380171 	-0.176093 	0.0731413 	-0.0738084 	-1.54582 	0.0652114 	
6.625	0.380168 	-0.176093 	0.0731352 	-0.0723664 	-1.54582 	0.0637725 	
6.63	0.380165 	-0.176094 	0.0731293 	-0.0718357 	-1.54578 	0.0632418 	
6.635	0.380163 	-0.176094 	0.0731227 	-0.0715259 	-1.54573 	0.06293 	
6.64	0.38016 	-0.176095 	0.0731153 	-0.0712655 	-1.54568 	0.0626693 	
6.645	0.380154 	-0.176095 	0.0731044 	-0.0704211 	-1.54565 	0.0618349 	
6.65	0.38015 	-0.176094 	0.0730938 	-0.0699931 	-1.5456 	0.0614145 	
6.655	0.380145 	-0.176094 	0.0730829 	-0.0696867 	-1.54554 	0.0611085 	
6.66	0.38014 	-0.176094 	0.0730718 	-0.0694091 	-1.54548 	0.0608308 	
6.665	0.380135 	-0.176094 	0.0730604 	-0.069137 	-1.54541 	0.0605586 	
6.67	0.380124 	-0.176095 	0.0730436 	-0.0685411 	-1.54538 	0.0599624 	
6.675	0.380111 	-0.176095 	0.073024 	-0.0665248 	-1.54537 	0.0579466 	
6.68	0.380096 	-0.176094 	0.0730041 	-0.0654586 	-1.54537 	0.0568766 	
6.685	0.38008 	-0.176094 	0.0729832 	-0.0647993 	-1.54537 	0.0562012 	
6.69	0.380064 	-0.176095 	0.0729621 	-0.0629766 	-1.54538 	0.0543728 	
6.695	0.380046 	-0.176093 	0.0729383 	-0.0611337 	-1.5454 	0.0524989 	
6.7	0.380026 	-0.176092 	0.0729138 	-0.0601899 	-1.54543 	0.0515275 	
6.705	0.380012 	-0.176091 	0.0728924 	-0.0597901 	-1.5454 	0.0511229 	
