0	0.556278 	-0.0521204 	-0.340329 	-0.00155664 	-0.0222476 	-0.00123478 	
0.005	14.8993 	-4.41953 	-6.6183 	-0.136995 	-0.582914 	0.10572 	
0.01	10.7718 	-0.916018 	-4.75276 	-0.0107999 	-0.416223 	0.0715023 	
0.015	9.64685 	-0.846137 	-4.3407 	-0.00998094 	-0.372282 	0.0635577 	
0.02	8.69002 	-0.765047 	-3.98297 	-0.00855877 	-0.334802 	0.0566371 	
0.025	7.86978 	-0.708228 	-3.6822 	-0.0077573 	-0.302775 	0.0508095 	
0.03	7.16894 	-0.660711 	-3.42626 	-0.00710095 	-0.275431 	0.045846 	
0.035	6.57281 	-0.630948 	-3.19926 	-0.00705782 	-0.252049 	0.0414873 	
0.04	6.06153 	-0.599418 	-3.0113 	-0.00670401 	-0.232077 	0.0378614 	
0.045	5.62463 	-0.572034 	-2.85178 	-0.00636865 	-0.215025 	0.0347862 	
0.05	5.25143 	-0.548316 	-2.71632 	-0.00605708 	-0.200472 	0.0321784 	
0.055	4.93598 	-0.520107 	-2.59459 	-0.00558596 	-0.188059 	0.029825 	
0.06	4.66405 	-0.500846 	-2.49478 	-0.00531042 	-0.17745 	0.0278833 	
0.065	4.43157 	-0.484848 	-2.41033 	-0.00508339 	-0.1684 	0.0262362 	
0.07	4.23295 	-0.471516 	-2.33889 	-0.00489401 	-0.160684 	0.0248406 	
0.075	4.06462 	-0.466419 	-2.27318 	-0.00502448 	-0.154064 	0.0235879 	
0.08	3.91965 	-0.458451 	-2.22041 	-0.00494913 	-0.148414 	0.0225768 	
0.085	3.79577 	-0.451348 	-2.17606 	-0.00486091 	-0.143597 	0.0217322 	
0.09	3.69 	-0.44505 	-2.13883 	-0.00476585 	-0.139497 	0.0210284 	
0.095	3.60238 	-0.431585 	-2.103 	-0.00445761 	-0.136019 	0.0203246 	
0.1	3.52552 	-0.424915 	-2.07516 	-0.00433829 	-0.133048 	0.0197683 	
0.105	3.45973 	-0.419642 	-2.05203 	-0.0042463 	-0.130522 	0.0193004 	
0.11	3.40358 	-0.42148 	-2.0306 	-0.00441417 	-0.128334 	0.0188936 	
0.115	3.35541 	-0.419588 	-2.01404 	-0.00440164 	-0.126482 	0.0185799 	
0.12	3.31432 	-0.417765 	-2.00051 	-0.00437235 	-0.124914 	0.0183298 	
0.125	3.27933 	-0.416041 	-1.98955 	-0.00433124 	-0.123591 	0.018133 	
0.13	3.25249 	-0.407423 	-1.97507 	-0.0041203 	-0.122474 	0.0178428 	
0.135	3.22726 	-0.404314 	-1.96584 	-0.00405625 	-0.121518 	0.0176453 	
0.14	3.20555 	-0.402021 	-1.95858 	-0.00400944 	-0.120715 	0.0174833 	
0.145	3.18697 	-0.400345 	-1.95298 	-0.00397371 	-0.120043 	0.0173533 	
0.15	3.17097 	-0.40527 	-1.94723 	-0.00417733 	-0.119442 	0.0172503 	
0.155	3.15736 	-0.405895 	-1.94367 	-0.00419612 	-0.118949 	0.0171927 	
0.16	3.14586 	-0.406167 	-1.94121 	-0.00419152 	-0.118544 	0.0171627 	
0.165	3.13831 	-0.398815 	-1.9356 	-0.00397557 	-0.118225 	0.0170436 	
0.17	3.13022 	-0.396905 	-1.93316 	-0.00392168 	-0.117956 	0.0169808 	
0.175	3.12327 	-0.395598 	-1.93166 	-0.00388208 	-0.117741 	0.0169343 	
0.18	3.11737 	-0.394735 	-1.93096 	-0.00385156 	-0.117575 	0.0169031 	
0.185	3.11269 	-0.398934 	-1.92788 	-0.00403254 	-0.1174 	0.0168509 	
0.19	3.10834 	-0.3998 	-1.92724 	-0.00405448 	-0.117269 	0.0168464 	
0.195	3.10473 	-0.400361 	-1.9273 	-0.00405596 	-0.117173 	0.0168604 	
0.2	3.10319 	-0.394431 	-1.92568 	-0.00386082 	-0.117129 	0.016817 	
0.205	3.1009 	-0.393084 	-1.92582 	-0.00381193 	-0.117099 	0.0168056 	
0.21	3.09899 	-0.392222 	-1.92649 	-0.00377519 	-0.117092 	0.0168035 	
0.215	3.09745 	-0.391712 	-1.9276 	-0.00374614 	-0.117105 	0.0168105 	
0.22	3.09694 	-0.394833 	-1.92484 	-0.00389912 	-0.117077 	0.0167616 	
0.225	3.09579 	-0.395598 	-1.92499 	-0.00392001 	-0.117073 	0.0167679 	
0.23	3.09489 	-0.396148 	-1.92573 	-0.00392381 	-0.117085 	0.0167898 	
0.235	3.09427 	-0.396528 	-1.92694 	-0.00391428 	-0.117114 	0.0168247 	
0.24	3.09538 	-0.389763 	-1.92678 	-0.00368211 	-0.117194 	0.0168014 	
0.245	3.09538 	-0.388211 	-1.92789 	-0.0036244 	-0.117267 	0.0168019 	
0.25	3.09543 	-0.387263 	-1.92936 	-0.00358442 	-0.117349 	0.0168078 	
0.255	3.09562 	-0.391332 	-1.92826 	-0.00375375 	-0.117378 	0.0167858 	
0.26	3.0956 	-0.39226 	-1.9292 	-0.00377469 	-0.11743 	0.0168047 	
0.265	3.09574 	-0.39295 	-1.93058 	-0.00377921 	-0.117493 	0.0168374 	
0.27	3.09604 	-0.393452 	-1.93229 	-0.00377091 	-0.117568 	0.0168811 	
0.275	3.09825 	-0.386491 	-1.93145 	-0.0035453 	-0.117678 	0.0168404 	
0.28	3.09892 	-0.384961 	-1.93245 	-0.00349339 	-0.117777 	0.0168354 	
0.285	3.09953 	-0.384051 	-1.93383 	-0.00345926 	-0.117881 	0.0168365 	
0.29	3.10016 	-0.383588 	-1.93552 	-0.00343663 	-0.117991 	0.0168443 	
0.295	3.10077 	-0.38861 	-1.93493 	-0.00363596 	-0.118048 	0.0168328 	
0.3	3.10125 	-0.389945 	-1.93614 	-0.00366806 	-0.118124 	0.0168605 	
0.305	3.10185 	-0.390912 	-1.93772 	-0.003679 	-0.11821 	0.0169022 	
0.31	3.10396 	-0.383966 	-1.93812 	-0.00343695 	-0.118346 	0.0168864 	
0.315	3.10494 	-0.382576 	-1.93956 	-0.00338425 	-0.118469 	0.0168928 	
0.32	3.10587 	-0.381761 	-1.94128 	-0.00334852 	-0.118594 	0.0169038 	
0.325	3.10681 	-0.38136 	-1.94322 	-0.0033239 	-0.118722 	0.0169201 	
0.33	3.10779 	-0.38125 	-1.94533 	-0.00330616 	-0.118854 	0.016942 	
0.335	3.1094 	-0.384821 	-1.94277 	-0.00348762 	-0.118922 	0.0168877 	
0.34	3.11012 	-0.385893 	-1.94331 	-0.00352296 	-0.119004 	0.0168982 	
0.345	3.11088 	-0.386698 	-1.94435 	-0.00353872 	-0.119092 	0.0169244 	
0.35	3.11259 	-0.380221 	-1.94724 	-0.00327947 	-0.119267 	0.016957 	
0.355	3.11387 	-0.378924 	-1.94946 	-0.00322048 	-0.119419 	0.0169792 	
0.36	3.1151 	-0.378187 	-1.95176 	-0.00317986 	-0.119569 	0.0170024 	
0.365	3.11633 	-0.377851 	-1.95413 	-0.00315166 	-0.119721 	0.017028 	
0.37	3.11824 	-0.38056 	-1.95107 	-0.0033129 	-0.119796 	0.0169553 	
0.375	3.11908 	-0.381368 	-1.95145 	-0.00334428 	-0.119887 	0.0169559 	
0.38	3.11996 	-0.382023 	-1.95236 	-0.00336019 	-0.119985 	0.016972 	
0.385	3.12151 	-0.376682 	-1.95601 	-0.00313201 	-0.120172 	0.0170177 	
0.39	3.12292 	-0.37567 	-1.95847 	-0.00308001 	-0.120335 	0.0170441 	
0.395	3.12428 	-0.375141 	-1.96093 	-0.00304417 	-0.120496 	0.0170712 	
0.4	3.12564 	-0.374956 	-1.9634 	-0.00301914 	-0.120658 	0.0171003 	
0.405	3.12701 	-0.375007 	-1.96587 	-0.00300096 	-0.12082 	0.0171321 	
0.41	3.12988 	-0.375663 	-1.96117 	-0.00312045 	-0.120905 	0.0170131 	
0.415	3.13087 	-0.376064 	-1.96088 	-0.00315187 	-0.120999 	0.0169913 	
0.42	3.13181 	-0.376471 	-1.96122 	-0.00317186 	-0.121098 	0.0169867 	
0.425	3.13302 	-0.372361 	-1.9675 	-0.00295008 	-0.121321 	0.017088 	
0.43	3.13466 	-0.371637 	-1.97077 	-0.0028977 	-0.12151 	0.0171314 	
0.435	3.13624 	-0.371326 	-1.9738 	-0.00286135 	-0.121693 	0.0171714 	
0.44	3.13777 	-0.371304 	-1.97665 	-0.00283585 	-0.121873 	0.0172101 	
0.445	3.14079 	-0.370977 	-1.97159 	-0.00292938 	-0.121964 	0.0170709 	
0.45	3.14183 	-0.371126 	-1.9712 	-0.00295629 	-0.122068 	0.0170395 	
0.455	3.14282 	-0.371389 	-1.97146 	-0.00297599 	-0.122176 	0.0170254 	
0.46	3.14395 	-0.36834 	-1.97803 	-0.00278934 	-0.122406 	0.0171297 	
0.465	3.14565 	-0.367889 	-1.98134 	-0.00274625 	-0.122601 	0.0171728 	
0.47	3.14728 	-0.367781 	-1.98439 	-0.00271687 	-0.122791 	0.0172127 	
0.475	3.14887 	-0.367907 	-1.98723 	-0.00269658 	-0.122978 	0.0172516 	
0.48	3.15197 	-0.366219 	-1.98241 	-0.00274175 	-0.123083 	0.017103 	
0.485	3.15311 	-0.366076 	-1.98208 	-0.00276152 	-0.123199 	0.0170646 	
0.49	3.15421 	-0.366165 	-1.98234 	-0.00277891 	-0.123321 	0.0170434 	
0.495	3.15532 	-0.364171 	-1.98906 	-0.00262949 	-0.123556 	0.017149 	
0.5	3.1571 	-0.363981 	-1.99241 	-0.00259587 	-0.123759 	0.0171917 	
0.505	3.15879 	-0.364066 	-1.99547 	-0.00257364 	-0.123956 	0.0172316 	
0.51	3.16045 	-0.364336 	-1.99829 	-0.00255873 	-0.124149 	0.0172708 	
0.515	3.16364 	-0.361335 	-1.99384 	-0.00255652 	-0.12427 	0.0171134 	
0.52	3.1649 	-0.36091 	-1.9936 	-0.00256921 	-0.124401 	0.0170687 	
0.525	3.1661 	-0.360831 	-1.99391 	-0.00258421 	-0.124536 	0.0170409 	
0.53	3.16732 	-0.360988 	-1.99469 	-0.00259876 	-0.124676 	0.017028 	
0.535	3.16898 	-0.358954 	-2.00339 	-0.00242616 	-0.124965 	0.0171682 	
0.54	3.17114 	-0.358818 	-2.00759 	-0.00238597 	-0.125202 	0.017225 	
0.545	3.1731 	-0.35897 	-2.01121 	-0.00236051 	-0.125425 	0.0172737 	
0.55	3.17605 	-0.356989 	-2.00656 	-0.00239712 	-0.125547 	0.017116 	
0.555	3.17728 	-0.356823 	-2.00643 	-0.00241694 	-0.125687 	0.0170748 	
0.56	3.17851 	-0.356936 	-2.00682 	-0.00243681 	-0.12583 	0.0170503 	
0.565	3.17979 	-0.357233 	-2.00764 	-0.00245469 	-0.125977 	0.0170404 	
0.57	3.18168 	-0.353827 	-2.01564 	-0.00225421 	-0.126277 	0.0171391 	
0.575	3.18386 	-0.353398 	-2.01953 	-0.00221347 	-0.12652 	0.0171776 	
0.58	3.18584 	-0.353372 	-2.0229 	-0.00219031 	-0.126749 	0.0172105 	
0.585	3.1877 	-0.353622 	-2.02587 	-0.00217889 	-0.126968 	0.0172408 	
0.59	3.19102 	-0.351608 	-2.02037 	-0.00223189 	-0.127088 	0.0170589 	
0.595	3.1923 	-0.351475 	-2.01969 	-0.00226282 	-0.127223 	0.0170029 	
0.6	3.19355 	-0.351627 	-2.01964 	-0.0022922 	-0.127362 	0.0169662 	
0.605	3.19501 	-0.349331 	-2.0284 	-0.00211625 	-0.12766 	0.0170846 	
0.61	3.19716 	-0.34919 	-2.03231 	-0.00208487 	-0.127903 	0.0171233 	
0.615	3.19912 	-0.349374 	-2.03566 	-0.00206857 	-0.128133 	0.0171568 	
0.62	3.20096 	-0.349778 	-2.0386 	-0.00206213 	-0.128353 	0.0171879 	
0.625	3.20426 	-0.346228 	-2.03382 	-0.00205776 	-0.128491 	0.0169939 	
0.63	3.20562 	-0.345758 	-2.03335 	-0.00207883 	-0.12864 	0.0169309 	
0.635	3.20694 	-0.345702 	-2.03344 	-0.00210395 	-0.128792 	0.0168869 	
0.64	3.20832 	-0.344628 	-2.04175 	-0.00197684 	-0.129083 	0.0170012 	
0.645	3.21044 	-0.344781 	-2.04551 	-0.0019578 	-0.129326 	0.0170373 	
0.65	3.21239 	-0.345183 	-2.04874 	-0.00195067 	-0.129556 	0.0170693 	
0.655	3.21424 	-0.345745 	-2.05157 	-0.00195099 	-0.129777 	0.0170999 	
0.66	3.21756 	-0.34073 	-2.04768 	-0.00189067 	-0.129936 	0.016895 	
0.665	3.21904 	-0.339943 	-2.04748 	-0.00190259 	-0.130101 	0.0168254 	
0.67	3.22047 	-0.339695 	-2.04773 	-0.00192386 	-0.130268 	0.0167746 	
0.675	3.2219 	-0.339822 	-2.04837 	-0.00194954 	-0.130437 	0.0167406 	
0.68	3.22385 	-0.339032 	-2.05883 	-0.00180829 	-0.13078 	0.0168923 	
0.685	3.22633 	-0.339363 	-2.06349 	-0.00178557 	-0.131053 	0.0169446 	
0.69	3.2285 	-0.339914 	-2.06731 	-0.00177696 	-0.131307 	0.0169874 	
0.695	3.23163 	-0.33606 	-2.06274 	-0.00176426 	-0.13146 	0.0167819 	
0.7	3.23303 	-0.335597 	-2.0625 	-0.00178623 	-0.131628 	0.0167162 	
0.705	3.23442 	-0.335582 	-2.06271 	-0.00181423 	-0.131798 	0.0166692 	
0.71	3.23583 	-0.335875 	-2.0633 	-0.00184431 	-0.131969 	0.0166386 	
0.715	3.23796 	-0.333283 	-2.07341 	-0.00166154 	-0.132327 	0.0167396 	
0.72	3.24044 	-0.333206 	-2.07787 	-0.00163535 	-0.132607 	0.0167703 	
0.725	3.24259 	-0.333497 	-2.08149 	-0.0016272 	-0.132866 	0.0167946 	
0.73	3.24537 	-0.331146 	-2.0774 	-0.00165396 	-0.13302 	0.0166184 	
0.735	3.24675 	-0.331033 	-2.07729 	-0.0016846 	-0.133192 	0.0165603 	
0.74	3.24816 	-0.331273 	-2.0776 	-0.00171825 	-0.133365 	0.0165199 	
0.745	3.24985 	-0.32877 	-2.08488 	-0.00157884 	-0.13367 	0.0165568 	
0.75	3.25198 	-0.328703 	-2.08818 	-0.00156908 	-0.133923 	0.0165608 	
0.755	3.25392 	-0.329004 	-2.09099 	-0.00157351 	-0.134162 	0.016566 	
0.76	3.25576 	-0.329555 	-2.09343 	-0.00158678 	-0.13439 	0.0165738 	
0.765	3.25754 	-0.330264 	-2.09562 	-0.00160495 	-0.134611 	0.016585 	
0.77	3.26077 	-0.323607 	-2.09369 	-0.00147937 	-0.134811 	0.0163565 	
0.775	3.26247 	-0.322499 	-2.09393 	-0.00148559 	-0.135004 	0.0162705 	
0.78	3.26408 	-0.322086 	-2.09444 	-0.00150779 	-0.135197 	0.0162048 	
0.785	3.26566 	-0.322167 	-2.09519 	-0.00153915 	-0.135388 	0.0161566 	
0.79	3.26751 	-0.322711 	-2.10528 	-0.00145612 	-0.135732 	0.0162934 	
0.795	3.26995 	-0.323478 	-2.10974 	-0.00145554 	-0.136011 	0.0163349 	
0.8	3.27207 	-0.324378 	-2.11332 	-0.00146543 	-0.136268 	0.0163692 	
0.805	3.27524 	-0.318796 	-2.10998 	-0.00139298 	-0.136455 	0.016132 	
0.81	3.2768 	-0.31804 	-2.11001 	-0.00141137 	-0.136646 	0.0160502 	
0.815	3.2783 	-0.317877 	-2.11035 	-0.00144165 	-0.136836 	0.0159884 	
0.82	3.27981 	-0.318131 	-2.11096 	-0.00147817 	-0.137025 	0.015944 	
0.825	3.28182 	-0.316538 	-2.12107 	-0.00134202 	-0.137389 	0.0160237 	
0.83	3.28425 	-0.316802 	-2.12542 	-0.00133515 	-0.137676 	0.0160416 	
0.835	3.28633 	-0.317372 	-2.12887 	-0.00134366 	-0.13794 	0.0160557 	
0.84	3.28915 	-0.313626 	-2.12562 	-0.00132375 	-0.13812 	0.0158529 	
0.845	3.29062 	-0.313287 	-2.12565 	-0.0013535 	-0.13831 	0.0157798 	
0.85	3.29209 	-0.313424 	-2.12599 	-0.0013911 	-0.138499 	0.0157256 	
0.855	3.29358 	-0.313889 	-2.1266 	-0.00143207 	-0.138687 	0.0156879 	
0.86	3.29581 	-0.310258 	-2.13681 	-0.00124511 	-0.139068 	0.0157097 	
0.865	3.29826 	-0.310054 	-2.14111 	-0.00123186 	-0.139361 	0.0157052 	
0.87	3.30033 	-0.310319 	-2.14448 	-0.00123871 	-0.13963 	0.0157005 	
0.875	3.30218 	-0.310906 	-2.1472 	-0.00125861 	-0.13988 	0.0156975 	
0.88	3.30523 	-0.307038 	-2.14288 	-0.00125199 	-0.140045 	0.0154673 	
0.885	3.30665 	-0.306679 	-2.14229 	-0.00129088 	-0.140222 	0.0153792 	
0.89	3.30805 	-0.306815 	-2.14213 	-0.00133643 	-0.140399 	0.0153132 	
0.895	3.30964 	-0.304873 	-2.15212 	-0.00120063 	-0.140756 	0.0153605 	
0.9	3.31187 	-0.305052 	-2.15612 	-0.00120151 	-0.141036 	0.015358 	
0.905	3.3138 	-0.305592 	-2.15927 	-0.00121813 	-0.141294 	0.015356 	
0.91	3.31555 	-0.306374 	-2.16182 	-0.00124454 	-0.141536 	0.0153561 	
0.915	3.31859 	-0.300579 	-2.15898 	-0.00116853 	-0.141725 	0.0150949 	
0.92	3.32009 	-0.299785 	-2.15883 	-0.00119485 	-0.141917 	0.0149947 	
0.925	3.32154 	-0.299638 	-2.15896 	-0.00123428 	-0.142106 	0.0149177 	
0.93	3.32288 	-0.299303 	-2.16759 	-0.00116375 	-0.142435 	0.014972 	
0.935	3.32493 	-0.299845 	-2.17116 	-0.00118014 	-0.142703 	0.0149698 	
0.94	3.32674 	-0.300648 	-2.174 	-0.00120763 	-0.142951 	0.0149692 	
0.945	3.32842 	-0.301615 	-2.17633 	-0.00124142 	-0.143186 	0.0149714 	
0.95	3.3315 	-0.294044 	-2.17504 	-0.00110128 	-0.143401 	0.0146796 	
0.955	3.33313 	-0.29285 	-2.17534 	-0.00111638 	-0.143607 	0.0145677 	
0.96	3.33464 	-0.292444 	-2.17575 	-0.00115041 	-0.143809 	0.0144803 	
0.965	3.3361 	-0.2926 	-2.17631 	-0.00119563 	-0.144008 	0.0144136 	
0.97	3.33765 	-0.292936 	-2.18649 	-0.00113098 	-0.144365 	0.0144998 	
0.975	3.33982 	-0.293784 	-2.1907 	-0.00114996 	-0.144647 	0.0145129 	
0.98	3.34167 	-0.294811 	-2.19396 	-0.00117944 	-0.144906 	0.0145238 	
0.985	3.34461 	-0.288732 	-2.19133 	-0.00109694 	-0.145102 	0.0142475 	
0.99	3.34606 	-0.28796 	-2.19136 	-0.00112494 	-0.1453 	0.0141451 	
0.995	3.34745 	-0.287851 	-2.19158 	-0.00116701 	-0.145495 	0.0140661 	
1	3.34883 	-0.288208 	-2.19198 	-0.00121678 	-0.145688 	0.0140068 	
1.005	3.35051 	-0.286132 	-2.20248 	-0.00109188 	-0.146062 	0.0140215 	
1.01	3.35266 	-0.286393 	-2.20668 	-0.00110183 	-0.14635 	0.0140082 	
1.015	3.35446 	-0.287023 	-2.20987 	-0.00112768 	-0.146612 	0.0139973 	
1.02	3.35604 	-0.2879 	-2.21235 	-0.00116332 	-0.146855 	0.0139899 	
1.025	3.35927 	-0.281339 	-2.20862 	-0.00108276 	-0.147031 	0.0136769 	
1.03	3.36067 	-0.280392 	-2.20799 	-0.00111547 	-0.147213 	0.0135557 	
1.035	3.36198 	-0.28017 	-2.20768 	-0.00116277 	-0.147394 	0.0134614 	
1.04	3.36295 	-0.280174 	-2.21757 	-0.00110232 	-0.147737 	0.0135156 	
1.045	3.36483 	-0.280845 	-2.22135 	-0.00112755 	-0.148008 	0.0135069 	
1.05	3.36644 	-0.281769 	-2.22424 	-0.00116376 	-0.148256 	0.0135007 	
1.055	3.36897 	-0.276478 	-2.22253 	-0.00109536 	-0.148456 	0.013246 	
1.06	3.37031 	-0.275923 	-2.22278 	-0.00112883 	-0.148655 	0.0131481 	
1.065	3.37159 	-0.275982 	-2.22313 	-0.0011752 	-0.148849 	0.0130729 	
1.07	3.37288 	-0.27647 	-2.2236 	-0.00122848 	-0.149039 	0.0130168 	
1.075	3.37439 	-0.273241 	-2.23287 	-0.00109771 	-0.14939 	0.0129609 	
1.08	3.3763 	-0.273232 	-2.23655 	-0.00111201 	-0.149664 	0.0129221 	
1.085	3.37789 	-0.273687 	-2.23933 	-0.00114308 	-0.149914 	0.0128917 	
1.09	3.37931 	-0.274461 	-2.24149 	-0.00118448 	-0.150147 	0.0128692 	
1.095	3.38201 	-0.269031 	-2.23894 	-0.00112322 	-0.150329 	0.0125932 	
1.1	3.38331 	-0.268392 	-2.23868 	-0.00116124 	-0.150513 	0.0124833 	
1.105	3.38456 	-0.268398 	-2.23863 	-0.00121182 	-0.150694 	0.0123988 	
1.11	3.3858 	-0.268855 	-2.2388 	-0.00126893 	-0.150874 	0.0123354 	
1.115	3.38726 	-0.266006 	-2.25081 	-0.00112528 	-0.151264 	0.0123161 	
1.12	3.38927 	-0.266124 	-2.25536 	-0.00113671 	-0.151554 	0.0122883 	
1.125	3.39085 	-0.266677 	-2.2587 	-0.00116611 	-0.151814 	0.0122657 	
1.13	3.39347 	-0.263162 	-2.25447 	-0.00117369 	-0.151969 	0.0120208 	
1.135	3.39455 	-0.262972 	-2.25387 	-0.00122449 	-0.152141 	0.0119233 	
1.14	3.39564 	-0.26329 	-2.25358 	-0.00128278 	-0.152311 	0.0118493 	
1.145	3.39651 	-0.260417 	-2.26206 	-0.00117488 	-0.152629 	0.0117805 	
1.15	3.39808 	-0.260459 	-2.2652 	-0.00119803 	-0.15288 	0.0117319 	
1.155	3.39941 	-0.260957 	-2.26757 	-0.00123593 	-0.153112 	0.0116948 	
1.16	3.40062 	-0.261768 	-2.26942 	-0.00128263 	-0.153328 	0.0116678 	
1.165	3.40297 	-0.255928 	-2.26831 	-0.00119964 	-0.153519 	0.0113851 	
1.17	3.4042 	-0.255206 	-2.26845 	-0.0012341 	-0.153705 	0.0112727 	
1.175	3.40535 	-0.255163 	-2.26867 	-0.00128295 	-0.153887 	0.0111863 	
1.18	3.40649 	-0.255598 	-2.269 	-0.00133974 	-0.154065 	0.0111213 	
1.185	3.40749 	-0.253053 	-2.27852 	-0.00123565 	-0.154401 	0.0110675 	
1.19	3.4091 	-0.253232 	-2.28218 	-0.00125891 	-0.154661 	0.0110278 	
1.195	3.41043 	-0.25383 	-2.2849 	-0.00129683 	-0.154896 	0.0109975 	
1.2	3.41159 	-0.254714 	-2.28696 	-0.00134352 	-0.155115 	0.0109759 	
1.205	3.41447 	-0.248181 	-2.28386 	-0.001265 	-0.155276 	0.010642 	
1.21	3.41564 	-0.247268 	-2.28327 	-0.00130257 	-0.155443 	0.010513 	
1.215	3.41672 	-0.247091 	-2.28293 	-0.00135472 	-0.155609 	0.0104135 	
1.22	3.41704 	-0.246766 	-2.29167 	-0.00131501 	-0.155911 	0.0104172 	
1.225	3.41839 	-0.247374 	-2.29488 	-0.00135181 	-0.156151 	0.0103883 	
1.23	3.41953 	-0.248275 	-2.29729 	-0.00139821 	-0.156372 	0.0103677 	
1.235	3.42174 	-0.242998 	-2.29589 	-0.00133512 	-0.156551 	0.0100914 	
1.24	3.4228 	-0.242456 	-2.29604 	-0.00137397 	-0.156728 	0.00998503 	
1.245	3.4238 	-0.242538 	-2.29626 	-0.00142536 	-0.156902 	0.00990399 	
1.25	3.4248 	-0.243058 	-2.29657 	-0.00148346 	-0.157071 	0.00984384 	
1.255	3.42559 	-0.239513 	-2.30474 	-0.00137474 	-0.157374 	0.00972943 	
1.26	3.42693 	-0.239421 	-2.30786 	-0.00139948 	-0.157612 	0.00966982 	
1.265	3.42804 	-0.239828 	-2.31017 	-0.0014393 	-0.15783 	0.00962483 	
1.27	3.42903 	-0.24058 	-2.31193 	-0.00148816 	-0.158033 	0.00959229 	
1.275	3.43139 	-0.235288 	-2.30965 	-0.00143348 	-0.158191 	0.00930211 	
1.28	3.43243 	-0.234685 	-2.30932 	-0.00147519 	-0.158352 	0.00918807 	
1.285	3.43339 	-0.234721 	-2.30918 	-0.00152879 	-0.158511 	0.0091013 	
1.29	3.43434 	-0.235206 	-2.30923 	-0.00158852 	-0.158667 	0.00903695 	
1.295	3.43486 	-0.232024 	-2.31958 	-0.00147241 	-0.158994 	0.00895405 	
1.3	3.4362 	-0.232033 	-2.32338 	-0.00149442 	-0.15924 	0.00890478 	
1.305	3.43723 	-0.23251 	-2.32615 	-0.00153194 	-0.159462 	0.00886784 	
1.31	3.4381 	-0.233311 	-2.3282 	-0.00157891 	-0.159665 	0.00884157 	
1.315	3.44119 	-0.22764 	-2.32339 	-0.00153907 	-0.159788 	0.0085075 	
1.32	3.44217 	-0.226915 	-2.32218 	-0.0015849 	-0.159924 	0.00838033 	
1.325	3.44305 	-0.226857 	-2.32136 	-0.00164184 	-0.160061 	0.0082832 	
1.33	3.44276 	-0.225816 	-2.33099 	-0.00158316 	-0.160352 	0.00826592 	
1.335	3.44379 	-0.22625 	-2.33431 	-0.0016169 	-0.160576 	0.00823054 	
1.34	3.44461 	-0.227022 	-2.33677 	-0.00166123 	-0.160779 	0.00820552 	
1.345	3.4468 	-0.222374 	-2.33399 	-0.00162741 	-0.160918 	0.00792699 	
1.35	3.4476 	-0.221938 	-2.33365 	-0.00167142 	-0.161066 	0.00782131 	
1.355	3.44835 	-0.222082 	-2.3335 	-0.00172545 	-0.161212 	0.00774185 	
1.36	3.4491 	-0.222631 	-2.33354 	-0.00178437 	-0.161356 	0.00768386 	
1.365	3.44934 	-0.218688 	-2.34197 	-0.00167095 	-0.161634 	0.0075474 	
1.37	3.45033 	-0.218467 	-2.34505 	-0.00169416 	-0.16185 	0.00748198 	
1.375	3.45111 	-0.218771 	-2.34731 	-0.00173243 	-0.162047 	0.00743351 	
1.38	3.45179 	-0.219442 	-2.34902 	-0.00177986 	-0.16223 	0.0073991 	
1.385	3.45429 	-0.214939 	-2.34525 	-0.00175773 	-0.162349 	0.00711396 	
1.39	3.45512 	-0.214492 	-2.34439 	-0.00180473 	-0.162479 	0.00700431 	
1.395	3.45588 	-0.214619 	-2.34386 	-0.00186041 	-0.162609 	0.00692207 	
1.4	3.45662 	-0.215144 	-2.34364 	-0.00191998 	-0.162738 	0.00686227 	
1.405	3.4565 	-0.211384 	-2.35456 	-0.00179212 	-0.163043 	0.00675656 	
1.41	3.45747 	-0.21121 	-2.35845 	-0.00181013 	-0.163267 	0.00670176 	
1.415	3.45815 	-0.211542 	-2.36125 	-0.00184411 	-0.163468 	0.00666161 	
1.42	3.46071 	-0.209103 	-2.35597 	-0.00188378 	-0.163564 	0.00643256 	
1.425	3.46136 	-0.209109 	-2.35487 	-0.00193979 	-0.163681 	0.00634252 	
1.43	3.46198 	-0.209542 	-2.35419 	-0.00199972 	-0.163798 	0.00627657 	
1.435	3.46159 	-0.206161 	-2.36146 	-0.00190797 	-0.164031 	0.00615047 	
1.44	3.46225 	-0.206026 	-2.36395 	-0.00193494 	-0.164216 	0.00608761 	
1.445	3.46279 	-0.206373 	-2.36583 	-0.00197434 	-0.164387 	0.00604233 	
1.45	3.46328 	-0.207055 	-2.36729 	-0.00202102 	-0.164547 	0.00601146 	
1.455	3.46376 	-0.207961 	-2.36848 	-0.00207118 	-0.164699 	0.00599247 	
1.46	3.46645 	-0.200534 	-2.3657 	-0.00197222 	-0.164811 	0.0056056 	
1.465	3.46729 	-0.199313 	-2.36503 	-0.00200142 	-0.16493 	0.00546545 	
1.47	3.46797 	-0.19888 	-2.36457 	-0.00204601 	-0.165049 	0.00535906 	
1.475	3.46858 	-0.199011 	-2.36437 	-0.00209935 	-0.165168 	0.00528013 	
1.48	3.46772 	-0.199356 	-2.3737 	-0.00207716 	-0.165418 	0.00531583 	
1.485	3.46829 	-0.200178 	-2.37712 	-0.00211374 	-0.165609 	0.00530804 	
1.49	3.46872 	-0.201191 	-2.37967 	-0.00215656 	-0.165782 	0.00530652 	
1.495	3.47159 	-0.19532 	-2.37503 	-0.00210816 	-0.165873 	0.0049591 	
1.5	3.47225 	-0.19454 	-2.37407 	-0.00214543 	-0.16598 	0.00484014 	
1.505	3.47281 	-0.194401 	-2.37344 	-0.00219331 	-0.166088 	0.00475115 	
1.51	3.47331 	-0.194716 	-2.37313 	-0.00224659 	-0.166197 	0.00468658 	
1.515	3.47243 	-0.192935 	-2.38175 	-0.00218263 	-0.16643 	0.00463516 	
1.52	3.47287 	-0.193184 	-2.38486 	-0.00221003 	-0.166609 	0.00460094 	
1.525	3.47319 	-0.193782 	-2.38718 	-0.00224707 	-0.166771 	0.00457894 	
1.53	3.47572 	-0.19009 	-2.38255 	-0.00224675 	-0.166854 	0.0043144 	
1.535	3.47628 	-0.189781 	-2.38162 	-0.00229065 	-0.166953 	0.00421991 	
1.54	3.47676 	-0.18996 	-2.38107 	-0.00234067 	-0.167052 	0.00415107 	
1.545	3.4772 	-0.190478 	-2.38085 	-0.002393 	-0.167153 	0.00410315 	
1.55	3.47643 	-0.186837 	-2.38868 	-0.00229342 	-0.167366 	0.00397305 	
1.555	3.4768 	-0.186595 	-2.39152 	-0.00231233 	-0.167532 	0.00391662 	
1.56	3.47704 	-0.186832 	-2.39366 	-0.00234379 	-0.167684 	0.0038775 	
1.565	3.47724 	-0.187406 	-2.39532 	-0.00238286 	-0.167826 	0.00385243 	
1.57	3.48046 	-0.18397 	-2.38951 	-0.00239677 	-0.167891 	0.00358541 	
1.575	3.48115 	-0.183693 	-2.38803 	-0.00244303 	-0.167971 	0.00349044 	
1.58	3.48168 	-0.183873 	-2.38708 	-0.00249354 	-0.168053 	0.00342153 	
1.585	3.48213 	-0.184371 	-2.3866 	-0.00254499 	-0.168136 	0.00337393 	
1.59	3.48076 	-0.180881 	-2.39721 	-0.00242675 	-0.168373 	0.00328169 	
1.595	3.48101 	-0.180667 	-2.40094 	-0.00243808 	-0.168546 	0.00323885 	
1.6	3.48109 	-0.180912 	-2.4037 	-0.00246307 	-0.1687 	0.00321042 	
1.605	3.48437 	-0.179336 	-2.39672 	-0.00252704 	-0.168747 	0.00300228 	
1.61	3.48488 	-0.179457 	-2.39514 	-0.00257872 	-0.168816 	0.00292838 	
1.615	3.48527 	-0.179901 	-2.39415 	-0.00263068 	-0.168887 	0.00287689 	
1.62	3.48559 	-0.180562 	-2.39365 	-0.00268088 	-0.16896 	0.00284373 	
1.625	3.48422 	-0.175627 	-2.40289 	-0.00253949 	-0.169166 	0.00268362 	
1.63	3.48431 	-0.175017 	-2.40611 	-0.00254476 	-0.169319 	0.00262208 	
1.635	3.48427 	-0.174968 	-2.40852 	-0.00256542 	-0.169458 	0.00257946 	
1.64	3.48717 	-0.174992 	-2.40211 	-0.00265836 	-0.169502 	0.00244155 	
1.645	3.48758 	-0.175458 	-2.40073 	-0.00271249 	-0.169565 	0.00238924 	
1.65	3.48789 	-0.176128 	-2.39993 	-0.00276383 	-0.16963 	0.00235564 	
1.655	3.48814 	-0.176928 	-2.3996 	-0.00281137 	-0.169698 	0.00233728 	
1.66	3.48694 	-0.170834 	-2.40744 	-0.00265312 	-0.169874 	0.00212006 	
1.665	3.48696 	-0.169902 	-2.41023 	-0.00265299 	-0.17001 	0.002044 	
1.67	3.48686 	-0.169608 	-2.41235 	-0.00266956 	-0.170135 	0.00199045 	
1.675	3.48673 	-0.169775 	-2.41402 	-0.00269701 	-0.170253 	0.00195487 	
1.68	3.49062 	-0.170743 	-2.40645 	-0.00282086 	-0.170288 	0.0018394 	
1.685	3.49129 	-0.1715 	-2.40454 	-0.00288159 	-0.170334 	0.00179923 	
1.69	3.49172 	-0.17234 	-2.40335 	-0.00293488 	-0.170381 	0.001776 	
1.695	3.48973 	-0.167479 	-2.41134 	-0.00279455 	-0.170537 	0.00162398 	
1.7	3.48955 	-0.166876 	-2.41398 	-0.0027965 	-0.170655 	0.00157028 	
1.705	3.48931 	-0.166793 	-2.41606 	-0.00281201 	-0.170766 	0.00153483 	
1.71	3.48907 	-0.167081 	-2.41774 	-0.00283625 	-0.170871 	0.001514 	
1.715	3.493 	-0.166571 	-2.41053 	-0.00292162 	-0.170903 	0.00134802 	
1.72	3.49363 	-0.166918 	-2.40877 	-0.00297096 	-0.170944 	0.00129503 	
1.725	3.49399 	-0.167453 	-2.40768 	-0.00301629 	-0.170986 	0.00126148 	
1.73	3.49187 	-0.164276 	-2.41475 	-0.00291615 	-0.171117 	0.0011736 	
1.735	3.49156 	-0.164027 	-2.41716 	-0.00292259 	-0.17122 	0.00114002 	
1.74	3.49123 	-0.164175 	-2.41913 	-0.00293906 	-0.171318 	0.00112092 	
1.745	3.49093 	-0.164604 	-2.42079 	-0.00296176 	-0.171412 	0.00111347 	
1.75	3.49496 	-0.162887 	-2.4139 	-0.00301601 	-0.171441 	0.000905339 	
1.755	3.49559 	-0.162908 	-2.41226 	-0.00305621 	-0.171477 	0.000842139 	
1.76	3.49592 	-0.163198 	-2.41126 	-0.00309495 	-0.171514 	0.000800451 	
1.765	3.49608 	-0.163673 	-2.41081 	-0.00313104 	-0.171553 	0.00077636 	
1.77	3.49374 	-0.160673 	-2.4193 	-0.00302231 	-0.171697 	0.000715941 	
1.775	3.49329 	-0.160438 	-2.42243 	-0.00302127 	-0.171804 	0.000695509 	
1.78	3.49281 	-0.160582 	-2.4249 	-0.00303127 	-0.171904 	0.000686744 	
1.785	3.49679 	-0.160315 	-2.41754 	-0.00311934 	-0.171922 	0.000532092 	
1.79	3.49726 	-0.160634 	-2.41599 	-0.00316132 	-0.171952 	0.000488273 	
1.795	3.49746 	-0.161116 	-2.4151 	-0.00319908 	-0.171983 	0.000462628 	
1.8	3.4975 	-0.161706 	-2.41475 	-0.0032324 	-0.172016 	0.000451789 	
1.805	3.49744 	-0.162364 	-2.41485 	-0.00326133 	-0.172052 	0.000452919 	
1.81	3.49551 	-0.156974 	-2.42223 	-0.00310924 	-0.172177 	0.000283589 	
1.815	3.495 	-0.156074 	-2.42509 	-0.0030958 	-0.172273 	0.000233662 	
1.82	3.49444 	-0.15573 	-2.42738 	-0.00309752 	-0.172363 	0.000201969 	
1.825	3.49851 	-0.158356 	-2.4199 	-0.00324903 	-0.172376 	0.000161388 	
1.83	3.49898 	-0.159315 	-2.41837 	-0.00329961 	-0.172398 	0.000151963 	
1.835	3.49916 	-0.16022 	-2.41754 	-0.00333967 	-0.172419 	0.000154818 	
1.84	3.49916 	-0.161074 	-2.41727 	-0.00337101 	-0.172443 	0.00016758 	
1.845	3.49723 	-0.155122 	-2.4233 	-0.00321101 	-0.172536 	-2.97625e-05 	
1.85	3.49663 	-0.154077 	-2.42561 	-0.00319429 	-0.172612 	-8.45805e-05 	
1.855	3.49602 	-0.153604 	-2.42753 	-0.00319244 	-0.172685 	-0.000119628 	
1.86	3.49945 	-0.156913 	-2.42121 	-0.00334515 	-0.172695 	-0.000112634 	
1.865	3.49978 	-0.158002 	-2.42007 	-0.00339157 	-0.172713 	-0.000105716 	
1.87	3.49984 	-0.158979 	-2.41956 	-0.00342668 	-0.172732 	-8.93238e-05 	
1.875	3.49974 	-0.159862 	-2.41957 	-0.0034527 	-0.172753 	-6.53907e-05 	
1.88	3.49839 	-0.153836 	-2.42356 	-0.00330347 	-0.172818 	-0.000283836 	
1.885	3.49782 	-0.152731 	-2.42528 	-0.00328597 	-0.172874 	-0.000341101 	
1.89	3.49723 	-0.15219 	-2.42683 	-0.00328218 	-0.172932 	-0.000377628 	
1.895	3.50004 	-0.155981 	-2.42178 	-0.00343089 	-0.172941 	-0.000329412 	
1.9	3.50025 	-0.157161 	-2.42105 	-0.00347253 	-0.172957 	-0.000307953 	
1.905	3.50021 	-0.158183 	-2.42089 	-0.00350241 	-0.172973 	-0.000279563 	
1.91	3.50003 	-0.159079 	-2.42118 	-0.00352308 	-0.172993 	-0.000245763 	
1.915	3.49974 	-0.159874 	-2.42182 	-0.00353656 	-0.173015 	-0.000207799 	
1.92	3.49961 	-0.152207 	-2.42357 	-0.00337 	-0.173055 	-0.00052219 	
1.925	3.4992 	-0.15056 	-2.4247 	-0.00334472 	-0.173095 	-0.000607893 	
1.93	3.49867 	-0.149611 	-2.42582 	-0.00333576 	-0.173138 	-0.00066673 	
1.935	3.50079 	-0.155971 	-2.42212 	-0.00352624 	-0.173142 	-0.000494666 	
1.94	3.50086 	-0.157732 	-2.42184 	-0.00357182 	-0.173153 	-0.000435968 	
1.945	3.50071 	-0.15914 	-2.42204 	-0.00360103 	-0.173166 	-0.000376969 	
1.95	3.50042 	-0.160278 	-2.42264 	-0.00361796 	-0.173181 	-0.000318087 	
1.955	3.50083 	-0.152474 	-2.42305 	-0.00345438 	-0.173205 	-0.000645425 	
1.96	3.50048 	-0.150843 	-2.42373 	-0.00342813 	-0.173231 	-0.00072725 	
1.965	3.49996 	-0.149875 	-2.42454 	-0.00341668 	-0.173261 	-0.000782724 	
1.97	3.50146 	-0.156226 	-2.42194 	-0.00359266 	-0.173262 	-0.000588319 	
1.975	3.50135 	-0.157949 	-2.42198 	-0.00363097 	-0.173269 	-0.000520424 	
1.98	3.50106 	-0.15931 	-2.42246 	-0.00365356 	-0.173278 	-0.000453905 	
1.985	3.50063 	-0.160396 	-2.42327 	-0.00366452 	-0.17329 	-0.000388886 	
1.99	3.50192 	-0.153271 	-2.42203 	-0.00352712 	-0.173301 	-0.000705267 	
1.995	3.50169 	-0.151769 	-2.42225 	-0.00350298 	-0.173314 	-0.000780011 	
2	3.50122 	-0.150862 	-2.42273 	-0.00349103 	-0.17333 	-0.000829593 	
2.005	3.50061 	-0.1504 	-2.42346 	-0.00348725 	-0.173349 	-0.000858937 	
2.01	3.50249 	-0.158417 	-2.42093 	-0.00369862 	-0.173338 	-0.000598996 	
2.015	3.50247 	-0.16072 	-2.42107 	-0.00374269 	-0.173332 	-0.000497321 	
2.02	3.5022 	-0.162448 	-2.42163 	-0.00376505 	-0.173331 	-0.000402702 	
2.025	3.50211 	-0.154845 	-2.42237 	-0.0035985 	-0.173345 	-0.000705704 	
2.03	3.50159 	-0.153362 	-2.42321 	-0.00356618 	-0.173362 	-0.000764306 	
2.035	3.50098 	-0.15244 	-2.42422 	-0.00354612 	-0.173383 	-0.000800627 	
2.04	3.50032 	-0.15194 	-2.42539 	-0.00353464 	-0.173408 	-0.000819221 	
2.045	3.502 	-0.158682 	-2.42301 	-0.00372462 	-0.173404 	-0.000615444 	
2.05	3.50197 	-0.160567 	-2.42334 	-0.00376016 	-0.173407 	-0.000529405 	
2.055	3.50177 	-0.161979 	-2.42408 	-0.00377646 	-0.173414 	-0.000447408 	
2.06	3.50107 	-0.155345 	-2.42627 	-0.00361975 	-0.173445 	-0.000692358 	
2.065	3.50054 	-0.154029 	-2.42773 	-0.00358572 	-0.173477 	-0.000734754 	
2.07	3.49999 	-0.153213 	-2.42924 	-0.00356299 	-0.173513 	-0.000757944 	
2.075	3.49945 	-0.152777 	-2.43079 	-0.00354837 	-0.173552 	-0.000765983 	
2.08	3.49894 	-0.152626 	-2.4324 	-0.00353946 	-0.173595 	-0.000762085 	
2.085	3.50122 	-0.15913 	-2.42942 	-0.0037539 	-0.173603 	-0.000608386 	
2.09	3.50149 	-0.160989 	-2.42966 	-0.00379464 	-0.173617 	-0.000529995 	
2.095	3.50157 	-0.162346 	-2.43035 	-0.00381289 	-0.173634 	-0.000453317 	
2.1	3.50006 	-0.155119 	-2.43525 	-0.003609 	-0.173699 	-0.00066963 	
2.105	3.49956 	-0.153627 	-2.43763 	-0.00356245 	-0.173756 	-0.000705099 	
2.11	3.4991 	-0.152691 	-2.4398 	-0.00353087 	-0.173816 	-0.00072313 	
2.115	3.49868 	-0.152176 	-2.44183 	-0.00351029 	-0.173876 	-0.000727483 	
2.12	3.50064 	-0.158353 	-2.43919 	-0.0037275 	-0.173896 	-0.00059789 	
2.125	3.50092 	-0.159983 	-2.43964 	-0.00376537 	-0.173925 	-0.000530266 	
2.13	3.50109 	-0.161173 	-2.44048 	-0.00378196 	-0.173956 	-0.000462214 	
2.135	3.49961 	-0.154823 	-2.44599 	-0.00359065 	-0.174042 	-0.000632506 	
2.14	3.49927 	-0.153531 	-2.44865 	-0.0035456 	-0.174116 	-0.000654791 	
2.145	3.49898 	-0.152734 	-2.45102 	-0.00351431 	-0.174189 	-0.000662332 	
2.15	3.49873 	-0.152314 	-2.45319 	-0.00349321 	-0.174262 	-0.000658362 	
2.155	3.49855 	-0.152176 	-2.45522 	-0.00347955 	-0.174336 	-0.000645383 	
2.16	3.50038 	-0.158121 	-2.45303 	-0.00372644 	-0.174373 	-0.000570449 	
2.165	3.5008 	-0.159726 	-2.45358 	-0.00377192 	-0.174416 	-0.000513155 	
2.17	3.50114 	-0.160856 	-2.4545 	-0.00379202 	-0.174461 	-0.000452273 	
2.175	3.49955 	-0.153986 	-2.46153 	-0.00354692 	-0.17458 	-0.000580793 	
2.18	3.49936 	-0.152564 	-2.46472 	-0.00348903 	-0.174675 	-0.000593304 	
2.185	3.4992 	-0.151692 	-2.46745 	-0.00344935 	-0.174767 	-0.000594074 	
2.19	3.49909 	-0.151235 	-2.46985 	-0.00342321 	-0.174856 	-0.000585595 	
2.195	3.50049 	-0.156895 	-2.46843 	-0.00367506 	-0.174906 	-0.000535737 	
2.2	3.50086 	-0.158301 	-2.46928 	-0.00371814 	-0.174963 	-0.000488287 	
2.205	3.50121 	-0.159287 	-2.4704 	-0.00373687 	-0.175021 	-0.000435153 	
2.21	3.49987 	-0.153255 	-2.47725 	-0.00350764 	-0.175151 	-0.000526827 	
2.215	3.49982 	-0.152029 	-2.48044 	-0.00345253 	-0.175256 	-0.000528952 	
2.22	3.4998 	-0.151294 	-2.48315 	-0.00341423 	-0.175356 	-0.000521465 	
2.225	3.49983 	-0.150931 	-2.48553 	-0.00338847 	-0.175452 	-0.000506413 	
2.23	3.49992 	-0.150847 	-2.48768 	-0.00337189 	-0.175546 	-0.000485372 	
2.235	3.50072 	-0.156254 	-2.48788 	-0.00365858 	-0.175621 	-0.000497998 	
2.24	3.50109 	-0.157611 	-2.48914 	-0.00371071 	-0.175695 	-0.000464386 	
2.245	3.50148 	-0.158509 	-2.49051 	-0.0037334 	-0.175767 	-0.000420581 	
2.25	3.50044 	-0.152014 	-2.49729 	-0.00344216 	-0.175915 	-0.000456539 	
2.255	3.50052 	-0.150685 	-2.50053 	-0.00337277 	-0.176031 	-0.000445524 	
2.26	3.50063 	-0.149906 	-2.50326 	-0.00332555 	-0.17614 	-0.000429048 	
2.265	3.50079 	-0.149539 	-2.50563 	-0.00329478 	-0.176244 	-0.000408041 	
2.27	3.50119 	-0.154696 	-2.50695 	-0.00358828 	-0.176334 	-0.000446848 	
2.275	3.50151 	-0.15588 	-2.50858 	-0.00363814 	-0.17642 	-0.000422061 	
2.28	3.50187 	-0.156654 	-2.51018 	-0.00365951 	-0.176503 	-0.000385073 	
2.285	3.50111 	-0.150961 	-2.51619 	-0.00338812 	-0.17665 	-0.000393916 	
2.29	3.50127 	-0.14982 	-2.51921 	-0.00332268 	-0.176768 	-0.000375246 	
2.295	3.50147 	-0.149171 	-2.52176 	-0.00327767 	-0.176879 	-0.000352516 	
2.3	3.50171 	-0.148892 	-2.524 	-0.00324781 	-0.176984 	-0.000326377 	
2.305	3.50164 	-0.153159 	-2.52689 	-0.00351817 	-0.177093 	-0.000393852 	
2.31	3.50191 	-0.154111 	-2.52895 	-0.00356255 	-0.177192 	-0.000377436 	
2.315	3.50223 	-0.154717 	-2.53081 	-0.00358035 	-0.177286 	-0.000346963 	
2.32	3.5026 	-0.155083 	-2.53255 	-0.0035794 	-0.177377 	-0.000306648 	
2.325	3.50185 	-0.148439 	-2.53931 	-0.0032578 	-0.177549 	-0.000312298 	
2.33	3.50204 	-0.146974 	-2.54258 	-0.00317607 	-0.177681 	-0.000294446 	
2.335	3.50223 	-0.146144 	-2.54525 	-0.00312262 	-0.177803 	-0.000274117 	
2.34	3.50247 	-0.151202 	-2.54706 	-0.00341332 	-0.177903 	-0.000313866 	
2.345	3.50276 	-0.152245 	-2.54884 	-0.00345729 	-0.178 	-0.000291254 	
2.35	3.50311 	-0.152943 	-2.55048 	-0.00347602 	-0.178093 	-0.000256773 	
2.355	3.50352 	-0.153398 	-2.55205 	-0.00347688 	-0.178183 	-0.000214021 	
2.36	3.50243 	-0.147032 	-2.5599 	-0.00319368 	-0.178365 	-0.00025616 	
2.365	3.50255 	-0.145624 	-2.56341 	-0.00312136 	-0.178502 	-0.000247615 	
2.37	3.50268 	-0.144807 	-2.5662 	-0.00307334 	-0.178627 	-0.000233403 	
2.375	3.50283 	-0.144433 	-2.5685 	-0.00304324 	-0.178743 	-0.000214444 	
2.38	3.50325 	-0.150597 	-2.56975 	-0.00338846 	-0.178846 	-0.000247262 	
2.385	3.50359 	-0.152018 	-2.5712 	-0.00344951 	-0.178941 	-0.00021962 	
2.39	3.50397 	-0.152932 	-2.57259 	-0.00347671 	-0.17903 	-0.000179692 	
2.395	3.50299 	-0.146258 	-2.57931 	-0.00315609 	-0.179195 	-0.000193527 	
2.4	3.5031 	-0.144908 	-2.58239 	-0.00308049 	-0.179323 	-0.000176591 	
2.405	3.50324 	-0.144124 	-2.58488 	-0.00302922 	-0.179441 	-0.000155694 	
2.41	3.50342 	-0.143765 	-2.58697 	-0.00299595 	-0.179551 	-0.000131377 	
2.415	3.50333 	-0.148988 	-2.58956 	-0.00331532 	-0.179663 	-0.000192845 	
2.42	3.50356 	-0.150139 	-2.59136 	-0.0033688 	-0.179762 	-0.000173743 	
2.425	3.50383 	-0.150859 	-2.59295 	-0.00339094 	-0.179855 	-0.000140615 	
2.43	3.50319 	-0.145057 	-2.59808 	-0.00309493 	-0.180001 	-0.000129956 	
2.435	3.50331 	-0.14389 	-2.60067 	-0.00302328 	-0.180119 	-0.000106184 	
2.44	3.50347 	-0.143232 	-2.60282 	-0.00297406 	-0.180228 	-7.96022e-05 	
2.445	3.50368 	-0.142956 	-2.6047 	-0.00294146 	-0.180332 	-5.05337e-05 	
2.45	3.50321 	-0.147269 	-2.60833 	-0.00323464 	-0.180451 	-0.000138273 	
2.455	3.50334 	-0.148187 	-2.61039 	-0.00328203 	-0.180553 	-0.000127222 	
2.46	3.50351 	-0.148744 	-2.61214 	-0.00330036 	-0.180647 	-0.000100578 	
2.465	3.50374 	-0.149053 	-2.61369 	-0.00329826 	-0.180736 	-6.29865e-05 	
2.47	3.50319 	-0.142305 	-2.61858 	-0.00294869 	-0.180888 	-4.70964e-05 	
2.475	3.5033 	-0.140834 	-2.62107 	-0.00286019 	-0.181006 	-2.33726e-05 	
2.48	3.50342 	-0.140021 	-2.62315 	-0.00280264 	-0.181114 	1.34364e-06 	
2.485	3.50328 	-0.145142 	-2.62534 	-0.00311801 	-0.181212 	-5.96022e-05 	
2.49	3.50342 	-0.14617 	-2.62698 	-0.00316554 	-0.181303 	-4.24341e-05 	
2.495	3.50359 	-0.146839 	-2.62844 	-0.00318557 	-0.181387 	-1.20802e-05 	
2.5	3.50381 	-0.147256 	-2.6298 	-0.0031861 	-0.181469 	2.75627e-05 	
2.505	3.50298 	-0.14081 	-2.63496 	-0.00287878 	-0.181611 	3.85936e-06 	
2.51	3.50298 	-0.139415 	-2.63746 	-0.00280135 	-0.181723 	1.68093e-05 	
2.515	3.50299 	-0.138632 	-2.63952 	-0.0027506 	-0.181825 	3.41034e-05 	
2.52	3.50319 	-0.143473 	-2.6406 	-0.00302708 	-0.181908 	6.96523e-06 	
2.525	3.50332 	-0.144484 	-2.64188 	-0.00306806 	-0.181988 	3.09157e-05 	
2.53	3.5035 	-0.145169 	-2.64311 	-0.00308479 	-0.182064 	6.55154e-05 	
2.535	3.5037 	-0.145625 	-2.64433 	-0.0030843 	-0.182138 	0.000107628 	
2.54	3.50392 	-0.145925 	-2.64556 	-0.00307184 	-0.18221 	0.000154927 	
2.545	3.50266 	-0.138321 	-2.65187 	-0.00276295 	-0.182359 	5.03763e-05 	
2.55	3.5025 	-0.136555 	-2.65466 	-0.00268382 	-0.182471 	3.83709e-05 	
2.555	3.50233 	-0.135516 	-2.65689 	-0.00263344 	-0.182573 	3.61217e-05 	
2.56	3.5034 	-0.142113 	-2.65571 	-0.00294819 	-0.182631 	8.01374e-05 	
2.565	3.50363 	-0.143568 	-2.65634 	-0.00299863 	-0.182694 	0.000121479 	
2.57	3.50386 	-0.144578 	-2.65711 	-0.00302146 	-0.182755 	0.00016948 	
2.575	3.50407 	-0.145266 	-2.65803 	-0.00302454 	-0.182814 	0.000221978 	
2.58	3.50267 	-0.137399 	-2.6638 	-0.00272213 	-0.182942 	8.78368e-05 	
2.585	3.50241 	-0.135649 	-2.66631 	-0.00264853 	-0.18304 	6.86108e-05 	
2.59	3.50214 	-0.134601 	-2.66835 	-0.00260108 	-0.18313 	6.14195e-05 	
2.595	3.50342 	-0.140831 	-2.66666 	-0.00288008 	-0.183176 	0.000127497 	
2.6	3.50364 	-0.142221 	-2.6671 	-0.00292324 	-0.183228 	0.000172971 	
2.605	3.50381 	-0.143206 	-2.66775 	-0.00294197 	-0.183279 	0.000223484 	
2.61	3.50395 	-0.143898 	-2.66858 	-0.00294322 	-0.18333 	0.000277349 	
2.615	3.50275 	-0.138039 	-2.67059 	-0.00271682 	-0.183392 	0.000179815 	
2.62	3.50302 	-0.137573 	-2.67112 	-0.00267514 	-0.183447 	0.000205245 	
2.625	-1.78001 	2.66301 	9.57783 	-0.189994 	0.294366 	-0.0573442 	
2.63	-0.805226 	2.26023 	7.96488 	-0.171394 	0.22533 	-0.0368214 	
2.635	-0.82159 	2.29593 	8.3906 	-0.1832 	0.238966 	-0.0272527 	
2.64	-0.774089 	2.37589 	8.77783 	-0.193285 	0.249443 	-0.0211471 	
2.645	-1.08452 	2.07638 	9.43333 	-0.169387 	0.27633 	0.0113946 	
2.65	-1.19486 	2.05018 	9.90844 	-0.165594 	0.29261 	0.0141865 	
2.655	-1.26931 	1.86524 	10.2806 	-0.147829 	0.305754 	0.0146243 	
2.66	-0.838828 	1.59963 	11.3039 	-0.116513 	0.3257 	0.00669296 	
2.665	-0.915656 	1.53904 	11.1727 	-0.108936 	0.324301 	-0.00410482 	
2.67	-0.616889 	1.56934 	10.8918 	-0.118173 	0.31011 	0.00209463 	
2.675	-0.308953 	1.44729 	10.584 	-0.108519 	0.294206 	0.00195474 	
2.68	-0.432187 	1.14095 	10.7676 	-0.078098 	0.302537 	0.00426333 	
2.685	-0.517585 	1.00505 	10.9026 	-0.0630047 	0.30868 	-0.000700631 	
2.69	-0.584198 	0.880134 	11.0097 	-0.0495848 	0.313535 	-0.00363948 	
2.695	-0.644522 	0.779011 	11.1044 	-0.0386065 	0.317863 	-0.00614247 	
2.7	-0.702855 	0.703833 	11.1924 	-0.0301955 	0.321934 	-0.00826068 	
2.705	-0.759927 	0.651024 	11.2751 	-0.024065 	0.325809 	-0.00980109 	
2.71	-0.81289 	0.612913 	11.35 	-0.0196239 	0.329341 	-0.0103622 	
2.715	-0.860259 	0.584606 	11.4161 	-0.0165686 	0.332473 	-0.00954192 	
2.72	-0.904001 	0.564825 	11.4753 	-0.0146392 	0.33531 	-0.00786176 	
2.725	-0.942231 	0.548409 	11.526 	-0.0130854 	0.337742 	-0.00622801 	
2.73	-0.975573 	0.534717 	11.5691 	-0.0117961 	0.339818 	-0.00479965 	
2.735	-1.00508 	0.523874 	11.6061 	-0.0107885 	0.341607 	-0.00351049 	
2.74	-1.01884 	0.542658 	11.6235 	-0.0113324 	0.34235 	-0.00786866 	
2.745	-1.03655 	0.561578 	11.6444 	-0.012151 	0.343312 	-0.0108602 	
2.75	-1.05245 	0.58009 	11.6623 	-0.0130042 	0.344144 	-0.0135887 	
2.755	-1.06639 	0.596877 	11.6772 	-0.0137754 	0.34484 	-0.0160544 	
2.76	-1.07848 	0.611484 	11.6892 	-0.014419 	0.345409 	-0.0182806 	
2.765	-1.0882 	0.624511 	11.698 	-0.0149807 	0.345831 	-0.020336 	
2.77	-1.10903 	0.618688 	11.717 	-0.0140904 	0.346769 	-0.0203886 	
2.775	-1.12556 	0.61723 	11.7313 	-0.0135829 	0.347482 	-0.020774 	
2.78	-1.14099 	0.616706 	11.7441 	-0.0131947 	0.34813 	-0.0211123 	
2.785	-1.1555 	0.616967 	11.7556 	-0.012905 	0.348723 	-0.0214124 	
2.79	-1.16913 	0.617905 	11.7661 	-0.0127034 	0.349265 	-0.0216765 	
2.795	-1.18195 	0.619365 	11.7755 	-0.0125732 	0.349761 	-0.021908 	
2.8	-1.19399 	0.621227 	11.7839 	-0.0125028 	0.350213 	-0.0221082 	
2.805	-1.2053 	0.623365 	11.7914 	-0.0124789 	0.350623 	-0.0222793 	
2.81	-1.21592 	0.625652 	11.7982 	-0.0124867 	0.350996 	-0.0224244 	
2.815	-1.22585 	0.628057 	11.804 	-0.0125253 	0.351331 	-0.0225429 	
2.82	-1.2352 	0.630492 	11.8092 	-0.0125833 	0.351635 	-0.0226381 	
2.825	-1.24395 	0.632973 	11.8137 	-0.0126647 	0.351905 	-0.022709 	
2.83	-0.925769 	0.146557 	11.3946 	0.0382568 	0.330928 	-0.0239388 	
2.835	-0.674383 	-0.143633 	11.0892 	0.0657105 	0.315589 	-0.0221288 	
2.84	-0.888175 	0.570704 	11.8201 	-0.0134862 	0.34354 	-0.00926361 	
2.845	-0.780658 	0.864018 	11.5179 	-0.0456553 	0.332528 	-0.00506256 	
2.85	-0.72837 	0.748076 	11.4252 	-0.0310689 	0.328047 	-0.00724879 	
2.855	-0.628017 	0.200694 	11.186 	0.0314494 	0.317275 	-0.0161617 	
2.86	-0.544204 	-0.211099 	11.0222 	0.0721556 	0.310005 	-0.0186173 	
2.865	-0.461982 	-0.580895 	10.8766 	0.106111 	0.30336 	-0.0193878 	
2.87	-0.397758 	-0.889297 	10.7539 	0.135295 	0.297789 	-0.020529 	
2.875	-0.863779 	0.0965458 	12.2523 	0.0286792 	0.35353 	-0.00410254 	
2.88	-0.715653 	0.420364 	11.7273 	-0.00673441 	0.334851 	-0.00064617 	
2.885	-0.676862 	0.763634 	11.576 	-0.0424908 	0.329647 	0.00273512 	
2.89	-0.444338 	0.715927 	10.6703 	-0.0623803 	0.299953 	0.0163582 	
2.895	-0.43567 	0.142812 	10.7141 	0.0108688 	0.299108 	0.00238642 	
2.9	-0.391874 	-0.256778 	10.6233 	0.054441 	0.294818 	-0.00280515 	
2.905	-0.166502 	-0.309889 	10.3865 	0.0612331 	0.282023 	-0.00542934 	
2.91	0.140718 	-0.241805 	10.0481 	0.0508083 	0.264682 	-0.00445461 	
2.915	-1.41897 	0.262789 	11.6126 	0.018419 	0.338549 	-0.0094837 	
2.92	-1.27693 	0.411441 	11.4681 	-0.00349973 	0.328149 	0.00732556 	
2.925	-1.37318 	0.541704 	11.553 	-0.0183288 	0.329129 	0.0158166 	
2.93	-1.42553 	0.874986 	11.6557 	-0.051294 	0.339455 	0.0189922 	
2.935	-1.45126 	1.08503 	11.7085 	-0.0725242 	0.344663 	0.0227238 	
2.94	-1.47634 	0.895998 	11.682 	-0.0527195 	0.336649 	0.0184811 	
2.945	-1.49863 	0.811454 	11.6743 	-0.0436675 	0.332345 	0.016125 	
2.95	-1.51823 	0.741301 	11.6675 	-0.0361266 	0.328675 	0.0140459 	
2.955	-1.53562 	0.683396 	11.6617 	-0.0298894 	0.325556 	0.0122673 	
2.96	-1.53441 	1.02003 	11.7146 	-0.063993 	0.334907 	0.0172658 	
2.965	-1.60381 	1.17981 	11.8139 	-0.0794396 	0.343048 	0.0187279 	
2.97	-1.53584 	1.06682 	11.7687 	-0.0668562 	0.34196 	0.0125808 	
2.975	-1.49936 	1.01886 	11.7509 	-0.0610916 	0.342419 	0.00875784 	
2.98	-1.43241 	0.986548 	11.7008 	-0.057403 	0.341487 	0.00632995 	
2.985	-1.87398 	0.802821 	12.1512 	-0.0338386 	0.361258 	-0.00457541 	
2.99	-1.69991 	0.82329 	11.9871 	-0.0367756 	0.355055 	-0.00388624 	
2.995	-1.64037 	0.806357 	11.934 	-0.0349463 	0.353379 	-0.00500006 	
3	-1.58995 	0.790531 	11.8884 	-0.0332746 	0.351934 	-0.00580131 	
3.005	-1.86022 	0.506312 	12.1381 	-0.00138094 	0.359048 	-0.00685492 	
3.01	-1.74889 	0.575939 	12.0141 	-0.00991515 	0.353418 	-0.00536274 	
3.015	-1.73834 	0.593527 	11.9834 	-0.0132234 	0.351127 	0.000113085 	
3.02	-1.74049 	0.615327 	11.9649 	-0.0170748 	0.349423 	0.00651484 	
3.025	-1.74562 	0.636674 	11.9503 	-0.0206974 	0.347947 	0.0123241 	
3.03	-1.74659 	0.639582 	11.9346 	-0.0220838 	0.3465 	0.0165133 	
3.035	-1.69938 	0.669234 	11.8972 	-0.0234992 	0.345867 	0.00981626 	
3.04	-1.58757 	0.845585 	11.7873 	-0.0417974 	0.342824 	0.00610746 	
3.045	-1.72066 	0.815953 	11.912 	-0.0341546 	0.346699 	-0.00406425 	
3.05	-1.70514 	0.630112 	11.847 	-0.0117259 	0.340906 	-0.0165649 	
3.055	-1.71889 	0.711542 	11.8148 	-0.0209149 	0.335217 	-0.0143013 	
3.06	-1.72788 	0.739258 	11.7861 	-0.0237385 	0.330782 	-0.0148305 	
3.065	-1.69549 	0.746506 	11.7627 	-0.0247742 	0.331077 	-0.014817 	
3.07	-1.67133 	0.733681 	11.7431 	-0.0242021 	0.330875 	-0.0127712 	
3.075	-1.64971 	0.730718 	11.7242 	-0.0244164 	0.330644 	-0.0116665 	
3.08	-1.63139 	0.726009 	11.7081 	-0.0244064 	0.330522 	-0.0106445 	
3.085	-1.56883 	0.342316 	11.5912 	0.0160632 	0.323394 	-0.020171 	
3.09	-1.59087 	0.301215 	11.5576 	0.0183852 	0.316726 	-0.0154553 	
3.095	-1.62256 	0.373924 	11.5703 	0.0108082 	0.315573 	-0.0143911 	
3.1	-1.64988 	0.48591 	11.5782 	-3.05404e-05 	0.314358 	-0.0155887 	
3.105	-1.63961 	0.513809 	11.5878 	-0.00106959 	0.318213 	-0.0227286 	
3.11	-1.67065 	0.623176 	11.5922 	-0.012214 	0.315769 	-0.0213246 	
3.115	-1.48628 	0.559318 	11.3665 	-0.00653147 	0.305094 	-0.0254937 	
3.12	-1.57532 	0.681261 	11.4449 	-0.0182034 	0.306854 	-0.0245522 	
3.125	-1.64487 	0.842793 	11.4904 	-0.0348447 	0.307036 	-0.0204212 	
3.13	-1.69796 	0.963246 	11.5236 	-0.0471198 	0.307038 	-0.0177159 	
3.135	-1.69196 	0.907642 	11.5163 	-0.0409385 	0.306513 	-0.0201341 	
3.14	-1.60556 	0.719508 	11.4574 	-0.0244466 	0.306899 	-0.0133131 	
3.145	-1.58847 	0.696235 	11.4585 	-0.0232832 	0.308196 	-0.00902129 	
3.15	-1.67323 	0.396631 	11.566 	0.00675654 	0.309348 	-0.00943726 	
3.155	-1.66865 	0.47887 	11.5562 	-0.00148573 	0.31114 	-0.00924292 	
3.16	-1.67363 	0.494362 	11.5614 	-0.00334835 	0.312442 	-0.00804956 	
3.165	-1.67752 	0.507046 	11.5647 	-0.00494968 	0.313513 	-0.00677606 	
3.17	-1.65249 	0.484432 	11.5602 	-0.00290675 	0.316073 	-0.00643659 	
3.175	-1.64583 	0.515603 	11.568 	-0.00652665 	0.318697 	-0.00430813 	
3.18	-1.62703 	0.51009 	11.556 	-0.00617288 	0.319432 	-0.00382817 	
3.185	-1.61607 	0.511578 	11.551 	-0.00635505 	0.320506 	-0.00387161 	
3.19	-1.65977 	0.612025 	11.5473 	-0.0150436 	0.316915 	-0.00836203 	
3.195	-1.66881 	0.584465 	11.538 	-0.012512 	0.315516 	-0.00759137 	
3.2	-1.57128 	0.573692 	11.4777 	-0.0119983 	0.315581 	-0.00970414 	
3.205	-1.48718 	0.147863 	11.3255 	0.0305143 	0.306721 	-0.0135146 	
3.21	-1.58355 	0.391782 	11.4339 	0.00376085 	0.313231 	-0.000825438 	
3.215	-1.62641 	0.583365 	11.4906 	-0.0158803 	0.317934 	0.00392275 	
3.22	-1.63357 	0.533695 	11.4844 	-0.00993825 	0.316381 	-0.000380958 	
3.225	-1.64791 	0.543071 	11.4963 	-0.0109815 	0.317016 	0.000521538 	
3.23	-1.63283 	0.580458 	11.501 	-0.0143341 	0.319339 	-0.00078037 	
3.235	-1.62543 	0.605605 	11.5049 	-0.0165817 	0.320904 	-0.00158756 	
3.24	-1.62312 	0.661072 	11.5139 	-0.0211749 	0.322887 	-0.00455866 	
3.245	-1.61199 	0.614683 	11.5123 	-0.0168328 	0.324204 	-0.00388638 	
3.25	-1.60652 	0.594545 	11.514 	-0.0148215 	0.325445 	-0.00402961 	
3.255	-1.60631 	0.634998 	11.5171 	-0.018268 	0.326427 	-0.00600353 	
3.26	-1.60479 	0.606827 	11.5165 	-0.0155569 	0.326987 	-0.00564097 	
3.265	-1.60359 	0.592599 	11.5154 	-0.014144 	0.327464 	-0.0055949 	
3.27	-1.60137 	0.575286 	11.5131 	-0.0124495 	0.327902 	-0.00551533 	
3.275	-1.60155 	0.56381 	11.5126 	-0.0113159 	0.328337 	-0.00541857 	
3.28	-1.6018 	0.553462 	11.5115 	-0.0102944 	0.32868 	-0.00534426 	
3.285	-1.60249 	0.544864 	11.5102 	-0.00944612 	0.328968 	-0.00527328 	
3.29	-1.60554 	0.536714 	11.5084 	-0.00862966 	0.329007 	-0.00528188 	
3.295	-1.60833 	0.530428 	11.5069 	-0.00799917 	0.329079 	-0.00526783 	
3.3	-1.61041 	0.522975 	11.5042 	-0.00726228 	0.329086 	-0.00525737 	
3.305	-1.61738 	0.555051 	11.5048 	-0.0100654 	0.329082 	-0.00639583 	
3.31	-1.58566 	0.37148 	11.4371 	0.00786545 	0.324476 	-0.00752281 	
3.315	-1.61754 	0.445873 	11.461 	0.00143726 	0.325009 	-0.0103258 	
3.32	-1.59997 	0.330313 	11.4012 	0.013612 	0.319751 	-0.0148847 	
3.325	-1.49456 	0.0424765 	11.2621 	0.0402571 	0.312223 	-0.0129299 	
3.33	-1.49122 	-0.0769433 	11.2236 	0.0532669 	0.308904 	-0.0195943 	
3.335	-1.56899 	0.0478882 	11.2734 	0.0399995 	0.308111 	-0.0143182 	
3.34	-1.61612 	0.103804 	11.2956 	0.0339714 	0.30691 	-0.0116779 	
3.345	-1.65604 	0.150005 	11.3133 	0.0289587 	0.305866 	-0.00940336 	
3.35	-1.69086 	0.1907 	11.3282 	0.0245485 	0.304977 	-0.0074544 	
3.355	-1.74698 	0.228151 	11.3611 	0.0186579 	0.30509 	0.00187036 	
3.36	-1.70259 	-0.0507391 	11.3012 	0.0434147 	0.305673 	0.00989723 	
3.365	-1.74798 	0.324886 	11.3707 	0.00801681 	0.310391 	0.00614823 	
3.37	-1.77106 	0.417961 	11.4025 	-0.00143071 	0.312853 	0.00837044 	
3.375	-1.78963 	0.524985 	11.4307 	-0.0119765 	0.31534 	0.00949883 	
3.38	-1.80758 	0.615137 	11.4552 	-0.0209143 	0.317419 	0.0107624 	
3.385	-1.82336 	0.692391 	11.4755 	-0.0285352 	0.31916 	0.0117811 	
3.39	-1.83446 	0.763065 	11.4938 	-0.0354817 	0.321098 	0.0126829 	
3.395	-1.8454 	0.829098 	11.5095 	-0.0419261 	0.32272 	0.013356 	
3.4	-1.73254 	0.608678 	11.4074 	-0.0210876 	0.319026 	0.0132922 	
3.405	-1.66094 	0.474736 	11.3426 	-0.0085135 	0.316849 	0.0134315 	
3.41	-1.67252 	0.488136 	11.36 	-0.00830462 	0.318316 	0.00787849 	
3.415	-1.66913 	0.474132 	11.3601 	-0.00604966 	0.318845 	0.00436736 	
3.42	-1.66716 	0.464066 	11.36 	-0.00423648 	0.319282 	0.0012673 	
3.425	-1.6654 	0.484505 	11.3586 	-0.00517844 	0.319501 	-0.00275825 	
3.43	-1.66579 	0.470623 	11.3531 	-0.00359824 	0.319038 	-0.00352797 	
3.435	-1.69536 	0.453127 	11.375 	-0.00289626 	0.319999 	0.0013107 	
3.44	-1.71563 	0.441761 	11.3887 	-0.00239242 	0.3206 	0.00423887 	
3.445	-1.73858 	0.451862 	11.4013 	-0.00377308 	0.320821 	0.00634522 	
3.45	-1.74717 	0.458257 	11.4017 	-0.00401111 	0.320482 	0.00502003 	
3.455	-1.75595 	0.464417 	11.4041 	-0.0044322 	0.320464 	0.00454559 	
3.46	-1.7642 	0.469559 	11.4056 	-0.00477573 	0.320386 	0.00413466 	
3.465	-1.80383 	0.584085 	11.4429 	-0.0172015 	0.323095 	0.0103165 	
3.47	-1.83136 	0.65914 	11.4664 	-0.0252777 	0.324804 	0.0142346 	
3.475	-1.83489 	0.651749 	11.4644 	-0.0242824 	0.324633 	0.0134789 	
3.48	-1.82855 	0.615581 	11.4463 	-0.0197526 	0.322883 	0.00940449 	
3.485	-1.81768 	0.636995 	11.4575 	-0.022252 	0.326212 	0.011379 	
3.49	-1.82619 	0.604031 	11.438 	-0.0181034 	0.322892 	0.00764573 	
3.495	-1.80057 	0.603064 	11.4458 	-0.0179779 	0.326628 	0.00772827 	
3.5	-1.6523 	0.346468 	11.3664 	0.0109121 	0.323397 	-0.0118241 	
3.505	-1.65301 	0.408703 	11.3801 	0.00363686 	0.327887 	-0.00552726 	
3.51	-1.63687 	0.423748 	11.3836 	0.00185962 	0.330892 	-0.00396567 	
3.515	-1.65451 	0.473619 	11.4071 	-0.0032718 	0.33321 	-0.00273528 	
3.52	-1.65793 	0.490485 	11.4133 	-0.00500912 	0.334584 	-0.00185944 	
3.525	-1.66633 	0.507756 	11.4193 	-0.00680698 	0.335504 	-0.00077529 	
3.53	-1.6387 	0.497756 	11.4175 	-0.00580312 	0.338535 	-0.000638242 	
3.535	-1.62377 	0.500562 	11.4194 	-0.00614739 	0.34086 	-0.00024863 	
3.54	-1.61277 	0.506304 	11.4224 	-0.00675944 	0.34296 	7.20252e-05 	
3.545	-1.65928 	0.494754 	11.405 	-0.00560779 	0.337107 	9.8165e-05 	
3.55	-1.68813 	0.487193 	11.3931 	-0.00488227 	0.333576 	0.000167613 	
3.555	-1.71339 	0.481155 	11.3824 	-0.00430057 	0.330516 	0.000219874 	
3.56	-1.57259 	0.161504 	11.1987 	0.0282071 	0.322622 	-0.0103723 	
3.565	-1.6362 	0.256683 	11.2516 	0.0186583 	0.323665 	-0.00763119 	
3.57	-1.66023 	0.276933 	11.2614 	0.0166551 	0.323252 	-0.00718891 	
3.575	-1.68321 	0.29383 	11.2668 	0.0149812 	0.322462 	-0.00694715 	
3.58	-1.70058 	0.255511 	11.2454 	0.0191795 	0.319107 	-0.00906705 	
3.585	-1.73478 	0.348958 	11.2764 	0.00946206 	0.320585 	-0.00559686 	
3.59	-1.80428 	0.54876 	11.3285 	-0.0111473 	0.322623 	0.000885213 	
3.595	-1.85559 	0.691641 	11.3655 	-0.0258336 	0.324024 	0.00549295 	
3.6	-1.89894 	0.813008 	11.3963 	-0.038259 	0.325236 	0.00933298 	
3.605	-1.88427 	0.731733 	11.377 	-0.0298361 	0.32384 	0.00690874 	
3.61	-1.88389 	0.698596 	11.3685 	-0.0263806 	0.322922 	0.00593195 	
3.615	-1.88381 	0.670393 	11.3609 	-0.02344 	0.322148 	0.00510827 	
3.62	-1.8823 	0.646948 	11.3547 	-0.0209896 	0.321738 	0.0044138 	
3.625	-1.93404 	0.815061 	11.395 	-0.038221 	0.32391 	0.0095773 	
3.63	-1.9163 	0.733398 	11.3735 	-0.029769 	0.322607 	0.00706274 	
3.635	-1.96428 	0.889372 	11.4102 	-0.0457422 	0.324602 	0.0118012 	
3.64	-1.9407 	0.784462 	11.3833 	-0.0348955 	0.322996 	0.00867887 	
3.645	2.69863 	-0.0539968 	11.5787 	0.0415424 	0.777987 	-0.0137224 	
3.65	1.05766 	0.377153 	11.5198 	0.00255996 	0.618961 	-0.00951607 	
3.655	0.604992 	0.337404 	11.4847 	0.0062165 	0.572496 	-0.00491022 	
3.66	0.190281 	0.365147 	11.4654 	0.00329376 	0.531995 	-0.000193694 	
3.665	-0.188007 	0.390087 	11.4803 	0.000278241 	0.500145 	0.00657004 	
3.67	-0.41719 	0.406322 	11.4499 	-0.000314863 	0.474641 	0.00438925 	
3.675	-0.652158 	0.415149 	11.4209 	-0.00051963 	0.44917 	0.00358569 	
3.68	-0.826335 	0.42625 	11.4062 	-0.00111531 	0.431185 	0.00314715 	
3.685	-0.979824 	0.435076 	11.3913 	-0.00154693 	0.415184 	0.00273477 	
3.69	-1.11133 	0.442783 	11.3781 	-0.00192977 	0.401508 	0.00238151 	
3.695	-1.22283 	0.449399 	11.3662 	-0.00225018 	0.389899 	0.00203336 	
3.7	-1.33189 	0.436947 	11.3448 	-0.000760964 	0.377328 	0.00152838 	
3.705	-1.42338 	0.430979 	11.3286 	4.28121e-05 	0.367108 	0.00116436 	
3.71	-1.50099 	0.423897 	11.3133 	0.000914188 	0.358325 	0.000843427 	
3.715	-1.56779 	0.418127 	11.2998 	0.00162506 	0.350804 	0.000589421 	
3.72	-1.62527 	0.413246 	11.2878 	0.00222248 	0.344359 	0.000385295 	
3.725	-1.67481 	0.40912 	11.277 	0.00272534 	0.338832 	0.000216411 	
3.73	-1.70572 	0.423942 	11.2785 	0.00138092 	0.336645 	0.000274412 	
3.735	-1.73491 	0.433234 	11.2771 	0.000571449 	0.334255 	0.000283412 	
3.74	-1.76012 	0.44079 	11.2752 	-7.81609e-05 	0.332187 	0.00027822 	
3.745	-1.79916 	0.462745 	11.2735 	-0.00214509 	0.329002 	0.000573054 	
3.75	-1.81306 	0.468226 	11.271 	-0.00258732 	0.327906 	0.0004575 	
3.755	-1.82868 	0.474903 	11.2685 	-0.00316266 	0.326669 	0.0004136 	
3.76	-1.84181 	0.475373 	11.2658 	-0.00315655 	0.325623 	0.000381353 	
3.765	-1.847 	0.470788 	11.2622 	-0.00255592 	0.325112 	7.21205e-05 	
3.77	-1.8532 	0.468362 	11.2588 	-0.00217854 	0.324569 	-0.000145198 	
3.775	-1.88086 	0.455735 	11.2441 	-0.000786553 	0.320642 	-0.000523206 	
3.78	-1.92931 	0.591824 	11.2544 	-0.0132593 	0.318593 	-0.00198669 	
3.785	-1.91378 	0.547003 	11.2489 	-0.00908609 	0.319644 	-0.00159506 	
3.79	-1.67292 	0.507934 	11.2585 	-0.0059708 	0.343338 	-0.00133333 	
3.795	-1.5161 	0.480237 	11.2637 	-0.00373839 	0.358766 	-0.0011099 	
3.8	-1.37937 	0.4561 	11.2683 	-0.00177836 	0.372273 	-0.000958329 	
3.805	-0.126717 	0.26127 	11.3467 	0.0154695 	0.49811 	-0.00587736 	
3.81	-0.661017 	0.328516 	11.3128 	0.00980288 	0.444983 	-0.00409296 	
3.815	-0.911773 	0.471532 	11.3216 	-0.00418192 	0.424515 	-0.000285369 	
3.82	-1.06344 	0.433246 	11.2906 	1.55099e-05 	0.406652 	-0.00136039 	
3.825	-1.20277 	0.427386 	11.2702 	0.000858627 	0.391578 	-0.00152047 	
3.83	-1.32045 	0.421944 	11.2522 	0.00160812 	0.378827 	-0.00164476 	
3.835	-1.41178 	0.41925 	11.2391 	0.00208055 	0.369206 	-0.00190552 	
3.84	-1.47523 	0.427189 	11.2345 	0.00126713 	0.362993 	-0.00117902 	
3.845	-1.53501 	0.431201 	11.2297 	0.00102498 	0.357323 	-0.00119842 	
3.85	-1.58555 	0.435435 	11.2245 	0.000676781 	0.352411 	-0.000981349 	
3.855	-1.63864 	0.500834 	11.2293 	-0.00588822 	0.34943 	0.000714299 	
3.86	-1.73567 	0.600522 	11.232 	-0.0162911 	0.341664 	0.0050911 	
3.865	-1.76606 	0.557324 	11.2265 	-0.0111189 	0.338751 	0.00199124 	
3.87	-1.7938 	0.543278 	11.2185 	-0.00960516 	0.335437 	0.00161462 	
3.875	-1.56071 	0.500164 	11.2279 	-0.00584137 	0.358335 	0.000986348 	
3.88	-1.07619 	0.529639 	11.1863 	-0.0156892 	0.391324 	0.0216123 	
3.885	-1.04302 	0.483369 	11.2077 	-0.00932907 	0.399392 	0.0145407 	
3.89	2.30953 	-0.0236943 	11.461 	0.0355942 	0.739501 	0.000427953 	
3.895	0.973528 	0.157922 	11.3705 	0.0206216 	0.60646 	0.00275272 	
3.9	0.521498 	0.200612 	11.3334 	0.0175431 	0.56101 	0.00272871 	
3.905	0.100066 	0.383779 	11.3392 	0.000369049 	0.525058 	0.00578085 	
3.91	-0.184748 	0.320248 	11.2904 	0.00740554 	0.492841 	0.00405622 	
3.915	-0.452442 	0.350503 	11.2749 	0.00527709 	0.466951 	0.00353506 	
3.92	-0.679241 	0.367297 	11.2577 	0.00431743 	0.44455 	0.00304177 	
3.925	-0.873337 	0.381903 	11.2426 	0.00347483 	0.425412 	0.00261695 	
3.93	-1.03682 	0.399065 	11.2322 	0.00233733 	0.409699 	0.0021878 	
3.935	-1.17673 	0.411467 	11.2215 	0.00158259 	0.396101 	0.00180322 	
3.94	-1.29652 	0.421931 	11.2117 	0.000952512 	0.384465 	0.0014692 	
3.945	-1.39916 	0.430807 	11.2028 	0.000422029 	0.374506 	0.00118084 	
3.95	-1.48742 	0.43895 	11.1949 	-8.47417e-05 	0.365993 	0.000944686 	
3.955	-1.56355 	0.446771 	11.188 	-0.00060097 	0.358722 	0.000760152 	
3.96	-1.63175 	0.449116 	11.1787 	-0.000652592 	0.351852 	0.000647534 	
3.965	-1.68947 	0.451134 	11.1703 	-0.000700463 	0.346068 	0.000549889 	
3.97	-1.73976 	0.454103 	11.1632 	-0.00085175 	0.341133 	0.000451666 	
3.975	-1.78086 	0.454905 	11.1563 	-0.000750661 	0.337077 	9.67092e-05 	
3.98	-1.8162 	0.456583 	11.1492 	-0.000610899 	0.33352 	-0.000780452 	
3.985	-1.88684 	0.530597 	11.1681 	-0.00902339 	0.331154 	0.00595264 	
3.99	-1.91612 	0.519245 	11.1584 	-0.00808292 	0.327815 	0.00672518 	
3.995	-1.94081 	0.517743 	11.1495 	-0.00752701 	0.324795 	0.00518957 	
4	-1.96355 	0.517411 	11.1422 	-0.00726772 	0.322254 	0.00444849 	
4.005	-1.98144 	0.514969 	11.135 	-0.00684461 	0.320178 	0.00380834 	
4.01	-1.99751 	0.513179 	11.1283 	-0.00650898 	0.31834 	0.00326082 	
4.015	-2.01236 	0.512943 	11.1227 	-0.00634004 	0.316773 	0.00280167 	
4.02	-2.02573 	0.516214 	11.1185 	-0.00648777 	0.315558 	0.00231619 	
4.025	-1.99942 	0.489213 	11.105 	-0.00448338 	0.316484 	0.00381771 	
4.03	-1.94494 	0.450147 	11.0867 	-0.000970304 	0.319203 	0.00301711 	
4.035	-1.91018 	0.44058 	11.0775 	-0.000133225 	0.321538 	0.00301051 	
4.04	-1.76198 	0.145486 	10.8758 	0.0288678 	0.311151 	-0.00304015 	
4.045	-1.46861 	0.21352 	10.9784 	0.0212795 	0.35145 	-0.00173578 	
4.05	-1.32958 	0.180955 	11.0149 	0.0259761 	0.37179 	-0.00915711 	
4.055	-1.18498 	0.163099 	11.0472 	0.0284561 	0.390922 	-0.0133929 	
4.06	-0.951058 	0.174511 	11.0807 	0.0262673 	0.415366 	-0.010416 	
4.065	-0.863249 	0.157241 	11.1029 	0.0287763 	0.427934 	-0.0145078 	
4.07	-0.817095 	0.189321 	11.117 	0.0250883 	0.433213 	-0.0118513 	
4.075	-1.05153 	0.263181 	11.101 	0.0180108 	0.409843 	-0.00919624 	
4.08	-1.23362 	0.399062 	11.1221 	0.00641161 	0.397067 	-0.0102848 	
4.085	-1.36558 	0.469076 	11.1175 	-0.000323906 	0.384838 	-0.00766246 	
4.09	-1.47632 	0.532447 	11.1112 	-0.00629274 	0.374303 	-0.00590665 	
4.095	-1.57151 	0.586884 	11.1055 	-0.0113938 	0.365292 	-0.00445532 	
4.1	-1.65992 	0.616558 	11.1045 	-0.0140999 	0.357581 	-0.00350351 	
4.105	-1.73105 	0.63909 	11.0989 	-0.0161535 	0.350702 	-0.0028128 	
4.11	-1.78839 	0.654026 	11.0901 	-0.017468 	0.344582 	-0.00248986 	
4.115	-1.79019 	0.59316 	11.07 	-0.0121089 	0.341341 	-0.00212937 	
4.12	-1.79349 	0.577337 	11.0551 	-0.0113498 	0.339174 	0.000382284 	
4.125	-1.83515 	0.650015 	11.1234 	-0.0170899 	0.344002 	-0.00271686 	
4.13	-1.80513 	0.595999 	11.093 	-0.0124551 	0.34303 	-0.00203322 	
4.135	-1.77203 	0.572608 	11.0904 	-0.0100575 	0.345965 	-0.00339777 	
4.14	-1.73098 	0.540381 	11.0775 	-0.00760509 	0.348107 	-0.00196416 	
4.145	-1.7089 	0.517855 	11.0738 	-0.00482497 	0.350108 	-0.00488594 	
4.15	-1.6879 	0.497902 	11.0686 	-0.00263769 	0.35175 	-0.00643731 	
4.155	-1.65787 	0.487984 	11.075 	-0.00106629 	0.355763 	-0.00925757 	
4.16	-1.62921 	0.477159 	11.0741 	-0.000274627 	0.358519 	-0.00880409 	
4.165	-1.69046 	0.476632 	11.0618 	-7.43154e-05 	0.351522 	-0.00898655 	
4.17	-1.66882 	0.424573 	11.0196 	0.00386153 	0.348706 	-0.00585627 	
4.175	-1.35646 	0.38852 	11.0577 	0.00708309 	0.381946 	-0.0077013 	
4.18	-1.1449 	0.357357 	11.0773 	0.0097751 	0.403787 	-0.00849908 	
4.185	-0.966296 	0.330728 	11.0935 	0.0120753 	0.422235 	-0.00916587 	
4.19	-0.820696 	0.309617 	11.107 	0.0138559 	0.43739 	-0.00953969 	
4.195	-0.704911 	0.293743 	11.1183 	0.0151626 	0.44959 	-0.00969354 	
4.2	-0.713619 	0.296406 	11.1165 	0.0149805 	0.448871 	-0.00984938 	
4.205	-0.906759 	0.326299 	11.0974 	0.0121535 	0.429403 	-0.0082872 	
4.21	-1.06551 	0.340615 	11.0719 	0.0107733 	0.412247 	-0.00703391 	
4.215	-1.18104 	0.350592 	11.0533 	0.00979999 	0.399853 	-0.00606348 	
4.22	-1.28232 	0.359265 	11.0364 	0.00894374 	0.388981 	-0.00520487 	
4.225	-1.30282 	0.371229 	11.0363 	0.00811148 	0.387519 	-0.00609384 	
4.23	-1.4475 	0.684492 	11.0292 	-0.0230035 	0.379537 	0.00173865 	
4.235	-1.52813 	0.607039 	11.0203 	-0.0147716 	0.369656 	-0.00135388 	
4.24	-1.58625 	0.586895 	11.0137 	-0.0124361 	0.363343 	-0.0026582 	
4.245	-1.5438 	0.564521 	11.0175 	-0.0102221 	0.367731 	-0.00343411 	
4.25	-1.56708 	0.405654 	10.9159 	0.00468262 	0.353155 	-0.00452003 	
4.255	-1.63636 	0.447552 	10.9369 	0.00105737 	0.349645 	-0.00504677 	
4.26	-1.70356 	0.462338 	10.9479 	-0.000321266 	0.345412 	-0.00429331 	
4.265	-1.76251 	0.474183 	10.9547 	-0.00144188 	0.341471 	-0.00357563 	
4.27	-1.81019 	0.483286 	10.9594 	-0.0022908 	0.338271 	-0.00306086 	
4.275	-1.8513 	0.490545 	10.9625 	-0.00296454 	0.335464 	-0.002634 	
4.28	-1.87504 	0.489907 	10.9651 	-0.00289463 	0.334102 	-0.00238812 	
4.285	-1.89775 	0.490442 	10.9665 	-0.0029301 	0.332704 	-0.00216442 	
4.29	-1.90993 	0.491422 	10.9638 	-0.00315504 	0.331731 	-0.00158532 	
4.295	-1.92532 	0.492564 	10.9617 	-0.00330615 	0.330577 	-0.00126628 	
4.3	-1.8813 	0.819801 	10.8779 	-0.0333495 	0.325582 	-0.00694094 	
4.305	-1.90598 	0.710296 	10.8992 	-0.0231234 	0.325997 	-0.00566792 	
4.31	-1.91717 	0.680709 	10.9012 	-0.0202895 	0.325545 	-0.00556489 	
4.315	-1.91664 	0.646214 	10.8943 	-0.0174999 	0.324631 	-0.00277845 	
4.32	-1.97477 	0.66888 	10.8909 	-0.0189472 	0.319748 	-0.00493051 	
4.325	-1.15406 	0.596195 	11.0293 	-0.0134929 	0.411442 	-0.00520409 	
4.33	-1.42533 	0.516665 	10.9794 	-0.00738076 	0.379305 	0.00388481 	
4.335	-0.421244 	0.37523 	11.097 	0.00506463 	0.484976 	-0.00142316 	
4.34	-0.828477 	0.500146 	11.0002 	-0.00458935 	0.435729 	-0.00774283 	
4.345	-1.06203 	0.46158 	11.0359 	-0.00178942 	0.421691 	-0.000440934 	
4.35	-1.20493 	0.471945 	11.0119 	-0.00228566 	0.406099 	-0.00151658 	
4.355	-1.33475 	0.475991 	10.998 	-0.00242027 	0.393279 	-0.00145377 	
4.36	-1.44626 	0.480119 	10.986 	-0.00259839 	0.382328 	-0.00139021 	
4.365	-1.54161 	0.483254 	10.9749 	-0.00271299 	0.372938 	-0.00134387 	
4.37	-1.62339 	0.485971 	10.9649 	-0.00281276 	0.364893 	-0.00130539 	
4.375	-1.69483 	0.484826 	10.9579 	-0.00259977 	0.358225 	-0.0010421 	
4.38	-1.71816 	0.502015 	10.925 	-0.00384437 	0.35171 	-0.00323346 	
4.385	-1.77957 	0.562508 	10.9439 	-0.00902153 	0.349877 	-0.00360951 	
4.39	-1.02577 	0.508119 	11.0657 	-0.00515402 	0.433167 	-0.00425137 	
4.395	-1.32861 	0.546118 	11.0195 	-0.00805331 	0.40089 	-0.00413917 	
4.4	-1.4321 	0.56746 	11.0056 	-0.00968101 	0.390535 	-0.00446332 	
4.405	-1.547 	0.523539 	10.9608 	-0.00488919 	0.374834 	-0.00665587 	
4.41	-1.74209 	0.508909 	11.0782 	-0.00123113 	0.368649 	-0.00818317 	
4.415	1.16184 	0.0553075 	11.3593 	0.0356709 	0.663928 	-0.0130641 	
4.42	0.0939606 	0.205647 	11.2281 	0.0229598 	0.553405 	-0.00948098 	
4.425	0.617444 	0.123447 	11.2708 	0.0295759 	0.605908 	-0.0104442 	
4.43	-0.0824911 	0.185545 	11.2936 	0.02248 	0.551596 	0.00386926 	
4.435	-0.358854 	0.241361 	11.2129 	0.018292 	0.515961 	0.000639229 	
4.44	-0.618681 	0.281545 	11.163 	0.0150008 	0.486713 	0.000305453 	
4.445	-0.842299 	0.32602 	11.1256 	0.011678 	0.462458 	-0.00135601 	
4.45	-1.04216 	0.363837 	11.0995 	0.00891963 	0.441977 	-0.00268064 	
4.455	-1.11148 	0.362087 	11.0587 	0.00812969 	0.430433 	0.000390915 	
4.46	-1.19007 	0.366846 	11.0261 	0.00715431 	0.419346 	0.00226806 	
4.465	-1.26208 	0.368711 	10.9954 	0.00642289 	0.409113 	0.00399978 	
4.47	-1.33904 	0.372497 	10.9663 	0.00559987 	0.398711 	0.00561581 	
4.475	-1.41379 	0.377824 	10.9409 	0.00478019 	0.389058 	0.00681859 	
4.48	-1.4811 	0.385611 	10.9212 	0.00397209 	0.380917 	0.00734238 	
4.485	-1.57643 	0.404834 	10.9132 	0.0043226 	0.371448 	0.000733311 	
4.49	-1.64575 	0.431019 	10.8959 	0.00206379 	0.363712 	0.000228917 	
4.495	-1.70823 	0.445996 	10.8778 	0.00094933 	0.356234 	-0.000636702 	
4.5	-1.75983 	0.45907 	10.8611 	-1.80097e-05 	0.349921 	-0.00143193 	
4.505	-1.81077 	0.465684 	10.8557 	-0.00048341 	0.345458 	-0.00140691 	
4.51	-1.82894 	0.461119 	10.8474 	-0.000150769 	0.34328 	-0.00100794 	
4.515	-1.8461 	0.459217 	10.8413 	2.21545e-05 	0.341533 	-0.00089973 	
4.52	-1.8993 	0.472888 	10.835 	-0.00109945 	0.336828 	-0.000865918 	
4.525	-1.91784 	0.464253 	10.8305 	-0.000159243 	0.335062 	-0.00109873 	
4.53	-1.89256 	0.430552 	10.8292 	0.00305951 	0.337218 	-0.00160174 	
4.535	-1.88642 	0.410801 	10.8273 	0.00504015 	0.337821 	-0.00220204 	
4.54	-1.86201 	0.391329 	10.8274 	0.00692263 	0.340311 	-0.00268499 	
4.545	-1.85174 	0.376548 	10.8254 	0.00838825 	0.341289 	-0.00312567 	
4.55	-1.84218 	0.363573 	10.8238 	0.00963428 	0.34235 	-0.00337121 	
4.555	-1.83439 	0.353277 	10.8225 	0.0106223 	0.343306 	-0.00355809 	
4.56	-1.82858 	0.351702 	10.8265 	0.0108185 	0.344662 	-0.00375488 	
4.565	-1.82328 	0.347783 	10.8278 	0.0111641 	0.345737 	-0.00381081 	
4.57	-1.81834 	0.344039 	10.828 	0.0114813 	0.34666 	-0.00384803 	
4.575	-1.80802 	0.337165 	10.8233 	0.0119639 	0.347292 	-0.00357103 	
4.58	-1.74684 	0.305478 	10.8024 	0.0143523 	0.350147 	-0.00268624 	
4.585	-1.43144 	0.257733 	10.833 	0.0181399 	0.382297 	-0.00323065 	
4.59	-1.08543 	0.208477 	10.8704 	0.0220072 	0.417994 	-0.00373362 	
4.595	-1.21884 	0.210195 	10.8343 	0.0218209 	0.401775 	-0.00302145 	
4.6	-1.25274 	0.203202 	10.8154 	0.0223241 	0.396609 	-0.00257259 	
4.605	-1.10757 	0.181231 	10.83 	0.0240857 	0.411702 	-0.00289985 	
4.61	-1.01959 	0.165875 	10.8357 	0.0252894 	0.420554 	-0.00298908 	
4.615	-1.12749 	0.169585 	10.812 	0.0250768 	0.408332 	-0.00277457 	
4.62	-1.15645 	0.194851 	10.807 	0.0226961 	0.405957 	-0.00243507 	
4.625	-1.18538 	0.20969 	10.8 	0.0212648 	0.403044 	-0.00194678 	
4.63	-1.21067 	0.222826 	10.7937 	0.020004 	0.400537 	-0.00154025 	
4.635	-1.23307 	0.234262 	10.7878 	0.0189136 	0.398336 	-0.00122695 	
4.64	-1.25271 	0.244016 	10.7822 	0.0179823 	0.396402 	-0.000953976 	
4.645	-1.27008 	0.252435 	10.7768 	0.0171799 	0.394697 	-0.00073014 	
4.65	-1.28332 	0.257366 	10.7712 	0.0166621 	0.393186 	-0.00034345 	
4.655	-1.29757 	0.264147 	10.7664 	0.016027 	0.391841 	-0.000224964 	
4.66	-0.732235 	-0.318798 	10.7448 	0.0711133 	0.432824 	-0.0126484 	
4.665	-0.943943 	-0.110272 	10.7466 	0.051454 	0.417176 	-0.00834805 	
4.67	-1.1041 	-0.0396041 	10.7275 	0.0449211 	0.401695 	-0.00675642 	
4.675	-1.12707 	0.00761398 	10.7304 	0.0403937 	0.400962 	-0.00562477 	
4.68	-1.16641 	0.0504181 	10.729 	0.0363321 	0.398206 	-0.00465971 	
4.685	-1.32692 	0.0980146 	10.702 	0.0319963 	0.381509 	-0.00358415 	
4.69	-1.43855 	0.135997 	10.683 	0.0284942 	0.370063 	-0.0026913 	
4.695	-1.53423 	0.168555 	10.6662 	0.0254937 	0.360274 	-0.00194716 	
4.7	-1.61571 	0.195796 	10.6509 	0.0229744 	0.351892 	-0.00129509 	
4.705	-1.68798 	0.219505 	10.6368 	0.020774 	0.344443 	-0.000721096 	
4.71	-1.73566 	0.285486 	10.6425 	0.01422 	0.342248 	0.00158536 	
4.715	-1.73368 	0.251448 	10.6255 	0.017404 	0.340379 	0.00114088 	
4.72	-1.70043 	0.273993 	10.6378 	0.0151092 	0.34558 	0.00192631 	
4.725	-1.66544 	0.268958 	10.6409 	0.0153376 	0.349419 	0.00256103 	
4.73	-1.75715 	0.501971 	10.688 	-0.00519565 	0.350276 	0.00179649 	
4.735	-1.8095 	0.446172 	10.6527 	8.13882e-06 	0.341023 	0.00154465 	
4.74	-1.85601 	0.440227 	10.6347 	0.00069473 	0.33499 	0.00132006 	
4.745	-1.89587 	0.440673 	10.6228 	0.000807789 	0.330439 	0.00106682 	
4.75	-1.86423 	0.436657 	10.6234 	0.000712834 	0.333922 	0.00262698 	
4.755	-1.81808 	0.418471 	10.6237 	0.00220374 	0.338379 	0.00278097 	
4.76	-1.57079 	0.377041 	10.6585 	0.00555492 	0.3648 	0.00245984 	
4.765	-1.3706 	0.342757 	10.6873 	0.00834606 	0.386429 	0.00222914 	
4.77	-1.18474 	0.311527 	10.7148 	0.0109081 	0.406598 	0.00192558 	
4.775	-1.01807 	0.283987 	10.7393 	0.0131696 	0.424668 	0.00162135 	
4.78	-0.879362 	0.260989 	10.7593 	0.0150626 	0.439686 	0.0013515 	
4.785	-0.773684 	0.243202 	10.774 	0.0165264 	0.451113 	0.00115724 	
4.79	-0.843966 	0.247219 	10.7568 	0.0162187 	0.443117 	0.00140155 	
4.795	-0.902245 	0.250119 	10.7427 	0.016001 	0.436651 	0.00168752 	
4.8	-0.950334 	0.25251 	10.7302 	0.0158155 	0.431266 	0.00192998 	
4.805	-1.02041 	0.258591 	10.7142 	0.0153329 	0.423531 	0.00218595 	
4.81	-1.08962 	0.265166 	10.698 	0.0147953 	0.415801 	0.00242552 	
4.815	-1.14573 	0.270311 	10.6838 	0.0143551 	0.409434 	0.00266647 	
4.82	-0.45477 	0.0981554 	10.7959 	0.0292508 	0.484231 	-0.00286421 	
4.825	-0.867323 	0.18502 	10.7222 	0.0222183 	0.439159 	-0.00185707 	
4.83	-1.07154 	0.221606 	10.6837 	0.019307 	0.416759 	-0.00155686 	
4.835	-1.24206 	0.253214 	10.651 	0.0168193 	0.398086 	-0.00143149 	
4.84	-0.867404 	0.194891 	10.7122 	0.0214786 	0.438741 	-0.00172855 	
4.845	-1.1547 	0.233126 	10.6565 	0.0184788 	0.406861 	-0.00125271 	
4.85	-1.29457 	0.249279 	10.6256 	0.017131 	0.391049 	-0.000636619 	
4.855	-1.41552 	0.263485 	10.5985 	0.0159612 	0.377394 	-0.000173338 	
4.86	-1.51906 	0.275828 	10.5747 	0.0149378 	0.365716 	0.000219154 	
4.865	-1.41338 	0.243711 	10.5862 	0.0176339 	0.376529 	8.76905e-05 	
4.87	-1.3358 	0.22263 	10.5942 	0.0193342 	0.384567 	0.000169759 	
4.875	2.70591 	-0.2592 	11.2081 	0.059746 	0.817985 	-0.0204478 	
4.88	1.13256 	-0.106731 	10.921 	0.0476084 	0.643643 	-0.0148155 	
4.885	3.58529 	-0.390769 	11.4135 	0.0695486 	0.918882 	-0.0169388 	
4.89	2.03344 	0.102816 	11.221 	0.0275301 	0.762487 	-0.0140166 	
4.895	1.68154 	0.0802429 	11.1804 	0.0298214 	0.726365 	-0.01148 	
4.9	1.19678 	-0.176255 	10.9039 	0.0527715 	0.646978 	-0.0109156 	
4.905	0.572097 	0.258494 	10.9346 	0.0151075 	0.599762 	-0.00970851 	
4.91	0.194276 	0.227702 	10.8735 	0.0189035 	0.559209 	-0.010542 	
4.915	-0.1477 	0.152695 	10.7634 	0.0256513 	0.51472 	-0.0089659 	
4.92	-0.307525 	-0.283999 	10.4817 	0.0664398 	0.467262 	-0.0195763 	
4.925	-0.626397 	-0.0989887 	10.5323 	0.0497092 	0.444939 	-0.01461 	
4.93	-0.578001 	-0.442142 	10.2955 	0.078678 	0.417013 	-0.0125906 	
4.935	-0.564222 	-0.285312 	10.4313 	0.0656335 	0.437179 	-0.0142416 	
4.94	-0.468553 	-0.227851 	10.5028 	0.060644 	0.455067 	-0.0142235 	
4.945	-0.871463 	0.0294047 	10.514 	0.0377125 	0.423188 	-0.0105325 	
4.95	-0.650384 	-0.598021 	10.0559 	0.0936457 	0.38435 	-0.0199897 	
4.955	0.199998 	-0.47534 	10.4109 	0.0812032 	0.502648 	-0.016464 	
4.96	0.833509 	-0.477906 	10.5949 	0.0803429 	0.580675 	-0.0152968 	
4.965	0.506499 	-0.894994 	10.1001 	0.121383 	0.493548 	-0.0303833 	
4.97	0.386766 	-1.15311 	9.8399 	0.143001 	0.448802 	-0.0274044 	
4.975	0.537516 	-0.824969 	10.1649 	0.113186 	0.503147 	-0.0224916 	
4.98	-0.1119 	-0.489812 	10.2208 	0.083715 	0.455545 	-0.0163898 	
4.985	-0.392803 	-0.454125 	10.2089 	0.0804103 	0.429008 	-0.0141608 	
4.99	-0.699687 	-0.206104 	10.2768 	0.058164 	0.412289 	-0.0109188 	
4.995	-0.908585 	-0.147399 	10.296 	0.05295 	0.396248 	-0.00923842 	
5	-1.09724 	-0.0731708 	10.3178 	0.0463431 	0.382689 	-0.00747177 	
5.005	-1.25827 	-0.00995713 	10.3353 	0.0407115 	0.371063 	-0.00599572 	
5.01	-1.42856 	0.0609776 	10.3476 	0.0344321 	0.358198 	-0.00455374 	
5.015	-1.51996 	0.102269 	10.3759 	0.0318765 	0.355301 	-0.00769456 	
5.02	-1.61094 	0.137279 	10.3983 	0.0299281 	0.351863 	-0.0114261 	
5.025	-1.31995 	0.142371 	10.1169 	0.0256238 	0.322478 	-0.00875669 	
5.03	-1.55375 	0.195823 	10.2145 	0.0217311 	0.321165 	-0.0067561 	
5.035	-1.67597 	0.226498 	10.2409 	0.019092 	0.315817 	-0.0051977 	
5.04	-1.73733 	0.25383 	10.273 	0.0167152 	0.316192 	-0.00403624 	
5.045	2.63434 	-0.405134 	11.046 	0.0670598 	0.790003 	-0.00258758 	
5.05	1.11137 	-0.0908507 	10.86 	0.0428995 	0.638062 	-0.00461326 	
5.055	0.467381 	0.11173 	10.8591 	0.0239041 	0.586785 	0.0065133 	
5.06	0.0876708 	0.102213 	10.7583 	0.0257093 	0.540829 	0.00463046 	
5.065	-0.224857 	0.150993 	10.7166 	0.0226029 	0.509351 	0.00250563 	
5.07	-0.492635 	0.17574 	10.6686 	0.0213869 	0.480834 	0.000768553 	
5.075	-0.779206 	0.203767 	10.6122 	0.019253 	0.449261 	0.00118371 	
5.08	-1.01261 	0.225952 	10.5661 	0.0176643 	0.423693 	0.0011736 	
5.085	-1.1586 	0.291511 	10.5788 	0.0123381 	0.413401 	0.00101854 	
5.09	-1.28994 	0.336524 	10.5778 	0.00876175 	0.402552 	0.000774046 	
5.095	-1.38179 	0.365089 	10.5725 	0.00665601 	0.394353 	-0.000236876 	
5.1	-1.46687 	0.390787 	10.5756 	0.00465362 	0.38793 	-0.000159882 	
5.105	-1.53921 	0.41274 	10.5761 	0.00295959 	0.382255 	-0.000254839 	
5.11	-1.6011 	0.431392 	10.5759 	0.00152518 	0.377385 	-0.00034172 	
5.115	-1.33451 	-0.115233 	10.1758 	0.0472952 	0.348066 	-0.000646896 	
5.12	-1.17004 	-0.470832 	9.91246 	0.0769444 	0.327951 	-0.000717813 	
5.125	-0.999109 	-0.821053 	9.63713 	0.105924 	0.307073 	-0.000594995 	
5.13	-0.753165 	-1.05384 	9.2028 	0.117213 	0.282419 	0.0113024 	
5.135	-0.222712 	-0.892953 	9.64157 	0.10592 	0.381166 	0.00535096 	
5.14	-0.77597 	-0.303977 	9.96846 	0.053886 	0.376984 	0.0178028 	
5.145	-0.838718 	-0.0519807 	10.1768 	0.0319891 	0.399489 	0.0219417 	
5.15	-0.694091 	-0.0535061 	10.2531 	0.0338694 	0.420847 	0.0165748 	
5.155	-0.911573 	0.30029 	10.4293 	0.00246262 	0.4271 	0.0227466 	
5.16	-0.828187 	0.249743 	10.4584 	0.00855227 	0.436949 	0.0174719 	
5.165	-0.507209 	0.21362 	10.5537 	0.0123947 	0.476233 	0.0143858 	
5.17	-0.198982 	0.177832 	10.6415 	0.0160584 	0.513532 	0.0117484 	
5.175	-0.502108 	0.234644 	10.6107 	0.0124582 	0.483451 	0.00958333 	
5.18	2.29375 	-0.120137 	11.2099 	0.0407405 	0.798872 	0.00417049 	
5.185	1.00386 	0.0471824 	10.9541 	0.0281336 	0.655832 	0.00488733 	
5.19	0.518951 	0.0970024 	10.86 	0.024634 	0.602325 	0.00507053 	
5.195	0.156646 	0.106986 	10.7752 	0.0244123 	0.560246 	0.00496699 	
5.2	-0.214598 	0.154214 	10.7058 	0.0209518 	0.519841 	0.0050541 	
5.205	-0.517191 	0.176411 	10.6406 	0.0195608 	0.485697 	0.00504238 	
5.21	-0.770854 	0.166366 	10.5737 	0.021111 	0.455524 	0.0041376 	
5.215	-0.988852 	0.164215 	10.5182 	0.0218353 	0.429939 	0.00354325 	
5.22	-1.1751 	0.162358 	10.47 	0.0224503 	0.408057 	0.0030376 	
5.225	-1.33431 	0.16093 	10.428 	0.0229612 	0.389341 	0.00260467 	
5.23	-1.47033 	0.159739 	10.3914 	0.0233905 	0.373325 	0.00223599 	
5.235	-1.59128 	0.169443 	10.3637 	0.0228693 	0.359875 	0.0019271 	
5.24	-1.67609 	0.161248 	10.3299 	0.0234711 	0.348654 	0.00195204 	
5.245	-1.68141 	0.179323 	10.3363 	0.0218244 	0.349273 	0.00263107 	
5.25	-1.69653 	0.202119 	10.3555 	0.0205965 	0.351744 	0.00019345 	
5.255	-1.70813 	0.101623 	10.2669 	0.0282137 	0.338391 	0.00235638 	
5.26	-1.56385 	0.123811 	10.3345 	0.0263456 	0.360288 	0.00213465 	
5.265	-1.63576 	0.012341 	10.2341 	0.0361063 	0.341107 	0.00121197 	
5.27	-1.66463 	-0.0607494 	10.1736 	0.0424472 	0.330945 	0.000655415 	
5.275	-1.68954 	-0.123608 	10.1209 	0.0478682 	0.322186 	0.000190885 	
5.28	1.90165 	-0.527279 	10.9448 	0.0781086 	0.734003 	-0.00148692 	
5.285	0.638432 	-0.451703 	10.6101 	0.0732408 	0.583355 	-0.00128719 	
5.29	0.311213 	-0.499473 	10.4699 	0.0772736 	0.536862 	-6.80565e-05 	
5.295	0.885344 	-0.45744 	10.6688 	0.0731996 	0.611966 	-0.000866151 	
5.3	0.944987 	-0.420916 	10.7169 	0.0699785 	0.623613 	-0.000358806 	
5.305	0.290391 	-0.231349 	10.6374 	0.0545089 	0.559142 	0.000535601 	
5.31	-0.109554 	-0.114964 	10.5892 	0.0450758 	0.519851 	0.000841827 	
5.315	-0.43652 	-0.0523914 	10.5251 	0.0404287 	0.484028 	-0.000315968 	
5.32	-0.710674 	-0.00374025 	10.4732 	0.0366855 	0.454471 	-0.000419781 	
5.325	-0.963458 	0.0655094 	10.4418 	0.031021 	0.429818 	0.000169617 	
5.33	-1.17551 	0.119089 	10.4111 	0.0266976 	0.408552 	0.000446163 	
5.335	-1.35526 	0.162558 	10.3826 	0.0232118 	0.390271 	0.000572743 	
5.34	-1.5094 	0.200937 	10.3581 	0.0201173 	0.374661 	0.000711331 	
5.345	-1.63405 	0.247813 	10.3692 	0.0153436 	0.367201 	0.0054251 	
5.35	-1.61052 	0.0741838 	10.2318 	0.0295942 	0.349484 	0.00610522 	
5.355	-1.58405 	0.133989 	10.3031 	0.0241429 	0.362679 	0.00851537 	
5.36	-1.71509 	0.181474 	10.2727 	0.0205151 	0.348029 	0.00729589 	
5.365	1.67575 	-0.213796 	11.0863 	0.0507095 	0.740095 	0.00396883 	
5.37	0.482377 	-0.181489 	10.7201 	0.0492227 	0.590987 	0.00441194 	
5.375	0.0135545 	0.0191496 	10.6903 	0.0332593 	0.548895 	0.00258591 	
5.38	-0.354163 	0.132405 	10.6312 	0.0244104 	0.510628 	0.00103137 	
5.385	-0.655826 	0.176417 	10.5668 	0.0210607 	0.47725 	0.00102546 	
5.39	-0.91663 	0.225418 	10.5143 	0.0172896 	0.448903 	0.000762323 	
5.395	-1.10719 	0.203923 	10.4422 	0.0191435 	0.423233 	0.00143994 	
5.4	-1.29473 	0.261057 	10.4081 	0.0144121 	0.403657 	0.00189147 	
5.405	-1.43832 	0.285167 	10.3687 	0.0124738 	0.386704 	0.00197409 	
5.41	-1.5635 	0.308038 	10.3352 	0.0106207 	0.372156 	0.00209857 	
5.415	-1.66262 	0.305166 	10.3069 	0.0108818 	0.36049 	0.00268264 	
5.42	-1.73615 	0.307008 	10.283 	0.0107037 	0.351532 	0.00298285 	
5.425	-1.83774 	0.354562 	10.2709 	0.00671675 	0.342358 	0.00343338 	
5.43	-1.79952 	0.218639 	10.1885 	0.0175077 	0.334075 	0.00568447 	
5.435	-1.61424 	0.154556 	10.2727 	0.0224621 	0.361411 	0.00820007 	
5.44	-1.52183 	-0.0663891 	10.0423 	0.0367987 	0.334188 	0.0200072 	
5.445	0.970371 	-0.25539 	10.7451 	0.0519712 	0.637333 	0.0121482 	
5.45	-0.0300605 	-0.0901323 	10.5245 	0.0395183 	0.525357 	0.0113551 	
5.455	-0.350918 	0.0255779 	10.504 	0.0304728 	0.49674 	0.0103039 	
5.46	-0.696126 	0.217891 	10.4868 	0.0147833 	0.468087 	0.0102068 	
5.465	-0.934743 	0.246061 	10.4324 	0.0129541 	0.441427 	0.00946391 	
5.47	-1.14716 	0.293485 	10.3927 	0.00941662 	0.419179 	0.00891804 	
5.475	-0.509688 	0.737173 	10.7119 	-0.0281252 	0.522615 	0.00895941 	
5.48	-0.307661 	0.697601 	10.8417 	-0.0249172 	0.55702 	0.0102394 	
5.485	-0.470081 	0.270084 	10.419 	0.0101561 	0.481736 	0.00901789 	
5.49	0.575267 	-0.0281932 	10.6112 	0.0349702 	0.593174 	0.00132652 	
5.495	-0.0940144 	0.057824 	10.4719 	0.0289236 	0.518691 	0.00139354 	
5.5	-0.197191 	-0.212682 	10.2234 	0.050664 	0.473937 	0.00279554 	
5.505	-0.415303 	-0.344579 	10.0835 	0.0621776 	0.436845 	0.00283565 	
5.51	2.78666 	0.148038 	11.6768 	0.0205532 	0.925136 	0.00345743 	
5.515	1.34907 	0.131017 	11.1518 	0.0230117 	0.73343 	0.00274877 	
5.52	0.842868 	0.16816 	11.0119 	0.0206553 	0.672282 	0.00173479 	
5.525	0.278915 	0.302717 	10.922 	0.00747076 	0.617059 	0.0126236 	
5.53	-0.0699275 	0.367531 	10.7751 	0.00401096 	0.566751 	0.00257964 	
5.535	-0.315316 	0.363936 	10.7278 	0.00535156 	0.540346 	0.000743435 	
5.54	-0.582236 	0.598626 	10.5993 	-0.0108024 	0.499124 	-0.0176324 	
5.545	-0.853867 	0.712818 	10.5288 	-0.0192308 	0.467136 	-0.0219522 	
5.55	-0.886335 	0.376264 	10.331 	0.00856605 	0.438281 	-0.0194027 	
5.555	-1.13475 	0.460714 	10.3318 	0.00138631 	0.418107 	-0.0168447 	
5.56	-1.22456 	0.446436 	10.329 	0.00270524 	0.410715 	-0.0159685 	
5.565	-1.28371 	0.425871 	10.3217 	0.00446588 	0.404939 	-0.0150522 	
5.57	-1.47232 	0.451543 	10.2688 	-0.000995985 	0.382965 	-0.000874342 	
5.575	-1.46343 	0.407826 	10.2654 	0.00360999 	0.382868 	-0.00455997 	
5.58	-1.48743 	0.383835 	10.2553 	0.00575344 	0.379515 	-0.00493185 	
5.585	-0.702767 	0.693403 	10.5176 	-0.021957 	0.484632 	-0.00528784 	
5.59	-0.424229 	0.764479 	10.7707 	-0.0257127 	0.543496 	-0.00374074 	
5.595	-0.181456 	0.683513 	10.8306 	-0.0197414 	0.569939 	-0.00408632 	
5.6	-0.241803 	0.227302 	10.5297 	0.0184367 	0.522898 	-0.00601535 	
5.605	-0.216173 	0.131186 	10.4545 	0.0260023 	0.513725 	-0.00452611 	
5.61	-0.448857 	0.206459 	10.4655 	0.0207137 	0.496756 	-0.00674161 	
5.615	-0.656574 	0.0343539 	10.276 	0.0342608 	0.45204 	-0.00549141 	
5.62	0.108356 	-0.00557816 	10.5241 	0.0368421 	0.54863 	-0.00518339 	
5.625	0.427435 	-0.0336426 	10.6227 	0.038768 	0.588001 	-0.0049931 	
5.63	1.07818 	-0.106112 	10.8008 	0.0439761 	0.665167 	-0.00472181 	
5.635	0.207656 	0.189269 	10.6923 	0.01865 	0.583981 	0.002656 	
5.64	-0.206446 	0.263168 	10.6143 	0.0123594 	0.539776 	0.0055503 	
5.645	0.126225 	0.202296 	10.7048 	0.0180477 	0.578631 	0.00189891 	
5.65	1.892 	-0.0771009 	11.1068 	0.0391762 	0.776517 	0.00155388 	
5.655	2.31713 	-0.149423 	11.2095 	0.0448825 	0.82477 	0.000836658 	
5.66	1.43836 	0.00338625 	11.055 	0.0347341 	0.73302 	-0.00388762 	
5.665	2.04138 	-0.10078 	11.1813 	0.0423309 	0.798598 	-0.00299122 	
5.67	2.18895 	-0.126232 	11.2159 	0.0442787 	0.814966 	-0.00309725 	
5.675	2.04226 	-0.114673 	11.1782 	0.0436505 	0.797469 	-0.00346405 	
5.68	1.72747 	-0.0485989 	11.0984 	0.0382727 	0.76079 	-0.00316008 	
5.685	0.990831 	0.0323265 	10.9735 	0.0316798 	0.684205 	0.00287738 	
5.69	0.62342 	-0.17614 	10.6562 	0.0502752 	0.609966 	-0.00195792 	
5.695	0.141966 	-0.0105639 	10.5974 	0.0359774 	0.562495 	0.00231917 	
5.7	-0.150426 	0.00101495 	10.5136 	0.0360032 	0.527687 	-0.000689264 	
5.705	1.58495 	-0.197983 	11.0142 	0.0519242 	0.739222 	-0.00548848 	
5.71	0.724119 	-0.0918588 	10.7583 	0.0434849 	0.633136 	-0.00414443 	
5.715	2.35921 	-0.316719 	11.166 	0.0597767 	0.82157 	-0.00247854 	
5.72	2.27656 	-0.285935 	11.1575 	0.0573885 	0.813592 	-0.00282534 	
5.725	1.9235 	-0.231914 	11.067 	0.0532342 	0.772292 	-0.00283422 	
5.73	1.17426 	-0.111117 	10.8866 	0.044186 	0.686324 	-0.0027238 	
5.735	0.900568 	-0.0693791 	10.817 	0.0410266 	0.65459 	-0.00311181 	
5.74	0.439779 	0.0376442 	10.7324 	0.0325707 	0.605276 	-0.00276198 	
5.745	0.31935 	0.109695 	10.7283 	0.0273647 	0.595461 	-0.00550579 	
5.75	0.501746 	0.0847482 	10.7851 	0.0292429 	0.618184 	-0.00531946 	
5.755	1.46342 	-0.0688157 	11.0076 	0.0408243 	0.726668 	-0.00538926 	
5.76	1.26381 	-0.0426477 	10.9534 	0.038758 	0.703061 	-0.00506359 	
5.765	0.77354 	-0.0257151 	10.7859 	0.0375979 	0.640114 	-0.00459337 	
5.77	2.04012 	-0.173116 	11.1246 	0.0485599 	0.789326 	-0.00502485 	
5.775	1.08037 	0.115111 	10.8598 	0.0271427 	0.674731 	-0.0152717 	
5.78	1.18959 	0.0427254 	10.8973 	0.0323591 	0.689053 	-0.0109547 	
5.785	0.622047 	0.0307589 	10.6324 	0.0330254 	0.606518 	-0.0130091 	
5.79	0.158056 	0.126199 	10.5578 	0.0257287 	0.558949 	-0.0102497 	
5.795	-0.270375 	0.196416 	10.4725 	0.0210058 	0.51324 	-0.0119046 	
5.8	-0.579817 	0.220023 	10.3831 	0.018944 	0.475798 	-0.00969527 	
5.805	-0.858666 	0.271876 	10.3221 	0.0147768 	0.445081 	-0.0085189 	
5.81	-1.09579 	0.311693 	10.2664 	0.0115889 	0.418506 	-0.00751734 	
5.815	-1.29962 	0.359906 	10.2258 	0.00771178 	0.396807 	-0.00672656 	
5.82	-1.47215 	0.395425 	10.1871 	0.00486263 	0.377907 	-0.00602947 	
5.825	-1.62152 	0.436085 	10.1577 	0.0015977 	0.362254 	-0.00554566 	
5.83	-1.80847 	0.440043 	10.2157 	0.00172245 	0.357339 	-0.00190113 	
5.835	-1.80065 	0.436841 	10.2065 	0.00199131 	0.355976 	-0.00248552 	
5.84	-1.74886 	0.416356 	10.2521 	0.00344267 	0.367245 	-0.00020022 	
5.845	-1.73382 	0.400073 	10.2924 	0.00450867 	0.375087 	0.0025802 	
5.85	-1.72454 	0.468171 	10.2133 	-0.000642352 	0.363224 	-0.00399077 	
5.855	-0.949175 	0.330838 	10.4164 	0.00979241 	0.4546 	-0.00296442 	
5.86	-0.90243 	0.319487 	10.4306 	0.0107187 	0.460566 	-0.00297207 	
5.865	-1.12858 	0.287362 	10.444 	0.0132696 	0.445497 	0.00257212 	
5.87	-1.23238 	0.332831 	10.3878 	0.00988381 	0.428801 	0.000202812 	
5.875	-1.3263 	0.356385 	10.3539 	0.00812136 	0.41647 	-0.000579704 	
5.88	-1.37577 	0.311891 	10.3845 	0.0115727 	0.417699 	0.00309748 	
5.885	-1.20858 	0.303505 	10.4067 	0.0122299 	0.434331 	0.00152466 	
5.89	-1.20653 	0.285352 	10.4103 	0.0133136 	0.435633 	0.00320486 	
5.895	-1.19003 	0.269874 	10.4181 	0.0143033 	0.438601 	0.00466469 	
5.9	-1.19199 	0.25718 	10.4276 	0.015144 	0.440359 	0.00663641 	
5.905	-1.16875 	0.190484 	10.4606 	0.0205882 	0.446841 	0.00997167 	
5.91	-1.27546 	0.228611 	10.4189 	0.0177351 	0.43252 	0.00806177 	
5.915	-1.30959 	0.247476 	10.4146 	0.0164145 	0.42931 	0.00784839 	
5.92	-0.801702 	0.178315 	10.5296 	0.0215545 	0.486506 	0.00714838 	
5.925	-0.928578 	0.201726 	10.5134 	0.019963 	0.47471 	0.00787983 	
5.93	-0.992269 	0.214921 	10.4995 	0.0190673 	0.468 	0.00782847 	
5.935	-1.0617 	0.227892 	10.4808 	0.0181546 	0.460097 	0.00764052 	
5.94	-1.19768 	0.252431 	10.4235 	0.0163921 	0.440868 	0.00594123 	
5.945	-0.702502 	0.17617 	10.602 	0.0219426 	0.507774 	0.0106796 	
5.95	-0.779127 	0.192528 	10.5811 	0.0208731 	0.498916 	0.0102023 	
5.955	-0.968816 	0.223909 	10.5024 	0.0185874 	0.472171 	0.00794026 	
5.96	-1.09118 	0.244826 	10.4517 	0.017082 	0.455073 	0.00650257 	
5.965	-1.19528 	0.262477 	10.4074 	0.0158089 	0.440442 	0.00526526 	
5.97	-1.28379 	0.277485 	10.3689 	0.0147271 	0.427938 	0.00419639 	
5.975	-1.35877 	0.290037 	10.3351 	0.0138215 	0.417247 	0.00327578 	
5.98	-1.42232 	0.300591 	10.3056 	0.0130632 	0.408126 	0.00248968 	
5.985	-1.47575 	0.309088 	10.2793 	0.0124463 	0.400328 	0.00182104 	
5.99	-1.49592 	0.314948 	10.2637 	0.0119761 	0.396711 	0.00131842 	
5.995	-1.54712 	0.324906 	10.2431 	0.0112553 	0.38997 	0.000774808 	
6	-1.57913 	0.328219 	10.2229 	0.0110266 	0.384868 	0.000366587 	
6.005	-1.56351 	0.057979 	10.2256 	0.0342804 	0.381942 	-0.00019214 	
6.01	-1.58202 	0.16043 	10.2175 	0.025563 	0.381309 	-0.000479503 	
6.015	0.762567 	-0.124755 	10.822 	0.045473 	0.654662 	0.00108099 	
6.02	-0.0749531 	0.0110876 	10.5915 	0.0355892 	0.555484 	-0.000274523 	
6.025	-0.306592 	0.0599611 	10.5301 	0.0318529 	0.528913 	7.7924e-05 	
6.03	-0.528933 	0.103936 	10.4668 	0.0284756 	0.502743 	-0.000289219 	
6.035	-0.715044 	0.141373 	10.4136 	0.0256043 	0.480876 	-0.000524042 	
6.04	-0.850364 	0.152635 	10.3712 	0.0254358 	0.463545 	-0.00137654 	
6.045	-0.96968 	0.177895 	10.3363 	0.0232266 	0.449805 	-0.001206 	
6.05	1.48246 	-0.230457 	10.9774 	0.0537105 	0.734843 	-0.00148183 	
6.055	0.202856 	0.102118 	10.9358 	0.0282802 	0.630082 	0.00557924 	
6.06	-0.183764 	0.239011 	10.7293 	0.0186131 	0.57111 	-0.00381342 	
6.065	-0.558642 	0.325155 	10.6065 	0.0131023 	0.525627 	-0.00919987 	
6.07	-0.858268 	0.3964 	10.4884 	0.00824503 	0.486122 	-0.0131574 	
6.075	-1.11322 	0.454376 	10.3861 	0.00423176 	0.452315 	-0.0160908 	
6.08	-1.3277 	0.499363 	10.2953 	0.00102813 	0.423261 	-0.0180336 	
6.085	-1.5083 	0.533821 	10.2149 	-0.00149123 	0.39828 	-0.0192852 	
6.09	-1.6599 	0.560032 	10.1433 	-0.00348354 	0.376777 	-0.0199764 	
6.095	-1.788 	0.58107 	10.0802 	-0.00512762 	0.358302 	-0.0203815 	
6.1	-1.80275 	0.516967 	10.0425 	-0.000795663 	0.351504 	-0.0168232 	
6.105	-1.81296 	0.294969 	10.0593 	0.0175319 	0.349631 	-0.0136468 	
6.11	-1.83074 	0.35709 	10.0466 	0.0118409 	0.347625 	-0.012338 	
6.115	-1.84187 	0.364329 	10.0386 	0.0108663 	0.345979 	-0.0110001 	
6.12	-1.83112 	0.361313 	10.0373 	0.010739 	0.346989 	-0.00972598 	
6.125	-1.83075 	0.363692 	10.033 	0.010248 	0.3468 	-0.00870817 	
6.13	-1.82239 	0.363515 	10.0318 	0.00999159 	0.347686 	-0.00778642 	
6.135	-1.80741 	0.360603 	10.0276 	0.010092 	0.348241 	-0.00771032 	
6.14	-1.79394 	0.359488 	10.025 	0.0100778 	0.349034 	-0.00756592 	
6.145	-1.7904 	0.358445 	10.0266 	0.00988687 	0.349939 	-0.00645518 	
6.15	-1.9 	0.495421 	10.15 	-0.000799444 	0.358604 	-0.00700965 	
6.155	-1.82313 	0.44059 	10.1168 	0.00329999 	0.360605 	-0.00615959 	
6.16	-1.78879 	0.423964 	10.1093 	0.00447715 	0.362772 	-0.00567106 	
6.165	-1.76559 	0.407547 	10.0999 	0.00568758 	0.363724 	-0.00530848 	
6.17	-1.74157 	0.386321 	10.0878 	0.00701132 	0.363938 	-0.00417741 	
6.175	-1.72676 	0.371864 	10.0829 	0.00801644 	0.364797 	-0.00376231 	
6.18	-1.69392 	0.331605 	10.0005 	0.0115062 	0.356405 	-0.0038458 	
6.185	-1.96438 	0.761478 	10.3887 	-0.0202903 	0.386373 	-0.00852504 	
6.19	-1.87449 	0.623058 	10.2517 	-0.0103038 	0.37612 	-0.00663348 	
6.195	-1.84955 	0.58792 	10.2092 	-0.00784154 	0.373036 	-0.00603169 	
6.2	1.97134 	0.0633123 	11.2344 	0.0310116 	0.816171 	-0.0130939 	
6.205	0.398384 	0.247241 	10.9204 	0.0210973 	0.656244 	-0.0202067 	
6.21	0.249566 	0.245038 	10.7965 	0.0198215 	0.625412 	-0.0155904 	
6.215	1.97279 	-0.0922779 	11.2729 	0.045058 	0.827527 	-0.0138039 	
6.22	0.9965 	0.0587568 	10.954 	0.0332642 	0.705808 	-0.012213 	
6.225	0.627341 	0.142208 	10.7696 	0.0249056 	0.651626 	-0.0111784 	
6.23	1.44137 	0.0059259 	11.0168 	0.0354269 	0.750332 	-0.0107082 	
6.235	1.00368 	0.00886581 	10.8691 	0.0354219 	0.694138 	-0.00904553 	
6.24	0.772568 	-0.00157967 	10.7886 	0.0363966 	0.663972 	-0.00797153 	
6.245	0.773456 	0.0233522 	10.8265 	0.0343256 	0.668834 	-0.00676738 	
6.25	0.800668 	0.00858712 	10.8537 	0.0355278 	0.67445 	-0.00600392 	
6.255	1.21653 	0.0621279 	10.9878 	0.0304484 	0.728068 	-0.00587586 	
6.26	2.38016 	-0.370363 	11.0162 	0.0625239 	0.825278 	-0.00398163 	
6.265	2.28787 	-0.330218 	11.0605 	0.0591072 	0.826079 	0.00177222 	
6.27	2.53142 	-0.366134 	11.1026 	0.0617621 	0.850767 	5.72939e-05 	
6.275	2.54246 	-0.339793 	11.1346 	0.0598104 	0.85577 	-0.000427581 	
6.28	2.5854 	-0.328324 	11.1625 	0.0589474 	0.862824 	-0.000809575 	
6.285	2.61381 	-0.322225 	11.1777 	0.0584604 	0.866983 	-0.00102901 	
6.29	2.64806 	-0.312565 	11.201 	0.0577431 	0.872782 	-0.00134511 	
6.295	2.60084 	-0.237288 	11.225 	0.0518099 	0.871195 	-0.00142777 	
6.3	2.57051 	-0.224955 	11.2389 	0.0510185 	0.870866 	-0.00172905 	
6.305	2.63058 	-0.237734 	11.2516 	0.0519828 	0.877424 	-0.00191665 	
6.31	2.65931 	-0.2408 	11.2622 	0.0522348 	0.881183 	-0.00207994 	
6.315	2.68492 	-0.243744 	11.2713 	0.0524731 	0.88448 	-0.00222026 	
6.32	2.70663 	-0.246271 	11.2791 	0.0526779 	0.887274 	-0.00234011 	
6.325	2.72541 	-0.248431 	11.2857 	0.0528526 	0.889684 	-0.00244267 	
6.33	2.74145 	-0.250287 	11.2914 	0.0530027 	0.891738 	-0.00253067 	
6.335	2.75497 	-0.251845 	11.2962 	0.053129 	0.89347 	-0.0026061 	
6.34	2.76656 	-0.253184 	11.3003 	0.0532375 	0.894951 	-0.0026701 	
6.345	2.77647 	-0.254327 	11.3038 	0.0533302 	0.896213 	-0.00272504 	
6.35	2.78513 	-0.255337 	11.3068 	0.0534115 	0.897308 	-0.00277081 	
6.355	2.79244 	-0.256177 	11.3093 	0.0534796 	0.898232 	-0.00281092 	
6.36	2.79849 	-0.256884 	11.3115 	0.0535373 	0.898998 	-0.00284575 	
6.365	2.80368 	-0.257485 	11.3133 	0.0535863 	0.89965 	-0.0028755 	
6.37	2.8081 	-0.257998 	11.3148 	0.0536283 	0.900202 	-0.00290102 	
6.375	2.81187 	-0.258437 	11.3162 	0.0536642 	0.90067 	-0.00292292 	
6.38	2.81503 	-0.258804 	11.3173 	0.0536943 	0.90106 	-0.0029417 	
6.385	2.81776 	-0.259123 	11.3182 	0.0537206 	0.901393 	-0.00295791 	
6.39	2.82008 	-0.259396 	11.319 	0.0537431 	0.901672 	-0.00297185 	
6.395	2.82206 	-0.25963 	11.3196 	0.0537625 	0.901907 	-0.00298387 	
6.4	2.82368 	-0.259814 	11.3202 	0.0537779 	0.902097 	-0.00299447 	
6.405	2.82504 	-0.259969 	11.3206 	0.053791 	0.902253 	-0.00300342 	
6.41	2.82625 	-0.260114 	11.321 	0.0538032 	0.902388 	-0.00301125 	
6.415	2.82757 	-0.260286 	11.3214 	0.0538172 	0.902534 	-0.00301827 	
6.42	2.82878 	-0.260477 	11.3217 	0.0538317 	0.902649 	-0.00302118 	
6.425	2.82937 	-0.260535 	11.3219 	0.0538373 	0.902709 	-0.00302728 	
6.43	2.82992 	-0.260594 	11.3221 	0.0538426 	0.90276 	-0.00303204 	
6.435	2.83038 	-0.260652 	11.3222 	0.0538479 	0.902798 	-0.00303618 	
6.44	2.83076 	-0.260699 	11.3223 	0.0538523 	0.902826 	-0.00303983 	
6.445	2.83108 	-0.26074 	11.3224 	0.0538561 	0.902845 	-0.00304306 	
6.45	2.83135 	-0.260775 	11.3224 	0.0538595 	0.902858 	-0.00304592 	
6.455	2.83156 	-0.260804 	11.3225 	0.0538624 	0.902864 	-0.0030485 	
6.46	2.83183 	-0.260844 	11.3225 	0.053866 	0.902873 	-0.00305079 	
6.465	2.83189 	-0.260854 	11.3225 	0.0538673 	0.902861 	-0.0030528 	
6.47	2.83198 	-0.260872 	11.3225 	0.0538694 	0.90285 	-0.00305466 	
6.475	2.55993 	-0.3075 	11.2479 	0.0584907 	0.870984 	-0.00343865 	
6.48	2.43132 	-0.385602 	11.1763 	0.0652188 	0.851145 	-0.00817132 	
6.485	2.53397 	-0.349116 	11.217 	0.0619135 	0.864794 	-0.00641595 	
6.49	2.57732 	-0.336355 	11.2323 	0.0607407 	0.870298 	-0.00590738 	
6.495	2.46738 	-0.396336 	11.1824 	0.0655394 	0.854936 	-0.00381701 	
6.5	2.83512 	-0.564567 	11.123 	0.0779614 	0.876356 	-0.00368571 	
6.505	2.77788 	-0.480444 	11.1703 	0.0714188 	0.878103 	-0.00361878 	
6.51	2.78563 	-0.448554 	11.1924 	0.0688593 	0.88166 	-0.00350715 	
6.515	2.79354 	-0.421567 	11.2116 	0.0666906 	0.884849 	-0.00342023 	
6.52	2.79873 	-0.398193 	11.2275 	0.0648153 	0.887381 	-0.00333697 	
6.525	2.80342 	-0.37828 	11.2412 	0.0632172 	0.88957 	-0.00326746 	
6.53	2.80743 	-0.361277 	11.2529 	0.0618526 	0.891437 	-0.00320808 	
6.535	2.81075 	-0.346732 	11.2628 	0.0606855 	0.893018 	-0.00315726 	
6.54	2.81364 	-0.334327 	11.2713 	0.0596901 	0.894371 	-0.0031141 	
6.545	2.81624 	-0.323745 	11.2786 	0.0588412 	0.895536 	-0.00307763 	
6.55	2.73618 	-0.296842 	11.2688 	0.0568484 	0.887716 	-0.00331696 	
6.555	2.7661 	-0.29526 	11.2795 	0.0566636 	0.891563 	-0.00319535 	
6.56	2.77542 	-0.290354 	11.2855 	0.0562542 	0.893106 	-0.00314643 	
6.565	2.38919 	-0.14583 	11.256 	0.0453077 	0.858523 	-0.00468061 	
6.57	2.50073 	-0.185069 	11.2695 	0.0483057 	0.869113 	-0.0042328 	
6.575	2.39299 	-0.166641 	11.261 	0.0471455 	0.859374 	-0.00507524 	
6.58	2.48872 	-0.186529 	11.2729 	0.0485313 	0.868592 	-0.00454813 	
6.585	2.4602 	-0.222363 	11.2594 	0.0515443 	0.863696 	-0.00398529 	
6.59	2.35414 	-0.241898 	11.2224 	0.0531927 	0.849594 	-0.00342732 	
6.595	2.45816 	-0.241158 	11.2466 	0.052937 	0.861518 	-0.00342257 	
6.6	2.51197 	-0.244167 	11.2572 	0.0530711 	0.867371 	-0.00333713 	
6.605	2.55803 	-0.246663 	11.2663 	0.0531806 	0.872379 	-0.00326589 	
6.61	2.59803 	-0.248912 	11.2742 	0.0532825 	0.876726 	-0.00320347 	
6.615	2.476 	-0.230118 	11.2723 	0.0521225 	0.866185 	-0.00286771 	
6.62	2.41144 	-0.254265 	11.2381 	0.0543556 	0.857589 	-0.00570358 	
6.625	3.51578 	-0.14603 	11.7185 	0.0454203 	1.0124 	-0.00955915 	
6.63	3.21363 	-0.184132 	11.569 	0.0483283 	0.967449 	-0.00759153 	
6.635	3.15693 	-0.195453 	11.5325 	0.0491254 	0.957826 	-0.00688382 	
6.64	3.1087 	-0.205108 	11.5014 	0.0498047 	0.949621 	-0.00628098 	
6.645	2.8605 	-0.163466 	11.4415 	0.0467618 	0.921541 	-0.00662021 	
6.65	2.89847 	-0.187691 	11.4311 	0.0484887 	0.923078 	-0.00587403 	
6.655	2.88762 	-0.198502 	11.4146 	0.0492593 	0.919881 	-0.00541558 	
6.66	2.8787 	-0.207715 	11.4006 	0.0499164 	0.917194 	-0.00502441 	
6.665	2.87033 	-0.21554 	11.3884 	0.0504749 	0.914793 	-0.00469168 	
6.67	2.36114 	-0.206037 	11.2134 	0.0497899 	0.848736 	-0.00392633 	
6.675	2.27295 	-0.150753 	11.1781 	0.0457853 	0.83571 	-0.00694922 	
6.68	2.20174 	-0.146521 	11.152 	0.0454 	0.825996 	-0.00769835 	
6.685	2.14334 	-0.118355 	11.1062 	0.0430257 	0.814353 	-0.0105237 	
6.69	2.12516 	-0.141212 	11.1245 	0.0449937 	0.815646 	-0.0084694 	
6.695	2.09481 	-0.0958892 	10.9873 	0.0426484 	0.793105 	-0.0156758 	
6.7	1.92902 	-0.101589 	10.995 	0.0429817 	0.780583 	-0.013058 	
6.705	2.3165 	-0.160621 	11.1013 	0.0469569 	0.827654 	-0.0110604 	
