0	-0.0104961 	-0.000607109 	-1.74306 	0.26553 	0.164412 	-0.206081 	
0.005	-0.0105905 	-0.000580041 	-1.74311 	0.265534 	0.164411 	-0.206829 	
0.01	-0.0104538 	-0.00065755 	-1.74308 	0.265638 	0.164694 	-0.207573 	
0.015	-0.010465 	-0.000673202 	-1.74304 	0.265602 	0.164614 	-0.206783 	
0.02	-0.0104346 	-0.000732962 	-1.74305 	0.26567 	0.164841 	-0.206119 	
0.025	-0.0103704 	-0.000830037 	-1.74308 	0.26582 	0.165314 	-0.205554 	
0.03	-0.0104229 	-0.000835631 	-1.74296 	0.265687 	0.164898 	-0.206104 	
0.035	-0.010425 	-0.000893222 	-1.74289 	0.265676 	0.164857 	-0.206511 	
0.04	-0.0103866 	-0.000994325 	-1.74286 	0.265764 	0.165116 	-0.206805 	
0.045	-0.0103158 	-0.0011322 	-1.74286 	0.265931 	0.165613 	-0.207006 	
0.05	-0.0103591 	-0.00118476 	-1.74271 	0.265811 	0.165269 	-0.206322 	
0.055	-0.0103534 	-0.00128763 	-1.74262 	0.265811 	0.165284 	-0.205743 	
0.06	-0.0103085 	-0.00143265 	-1.74255 	0.265907 	0.165588 	-0.205247 	
0.065	-0.0102322 	-0.00161337 	-1.74252 	0.266081 	0.166122 	-0.204818 	
0.07	-0.0102643 	-0.00171044 	-1.74235 	0.265988 	0.165836 	-0.205492 	
0.075	-0.0102493 	-0.00185661 	-1.74222 	0.26601 	0.165899 	-0.205999 	
0.08	-0.0101967 	-0.00204399 	-1.74212 	0.266124 	0.166241 	-0.206372 	
0.085	-0.0101138 	-0.00226629 	-1.74205 	0.266312 	0.166806 	-0.206639 	
0.09	-0.0101367 	-0.00240996 	-1.74185 	0.266233 	0.16659 	-0.205578 	
0.095	-0.010114 	-0.00260108 	-1.7417 	0.266266 	0.166708 	-0.204697 	
0.1	-0.0100549 	-0.00283207 	-1.74157 	0.266389 	0.167094 	-0.203961 	
0.105	-0.0100353 	-0.0030381 	-1.74139 	0.266416 	0.167178 	-0.204526 	
0.11	-0.00997841 	-0.00328486 	-1.74124 	0.266533 	0.167536 	-0.204946 	
0.115	-0.00989169 	-0.00356615 	-1.74112 	0.266722 	0.168114 	-0.205251 	
0.12	-0.00978101 	-0.00387705 	-1.74101 	0.26697 	0.168867 	-0.205463 	
0.125	-0.00982575 	-0.00406627 	-1.74071 	0.266831 	0.168468 	-0.20442 	
0.13	-0.00982006 	-0.00430721 	-1.74047 	0.266816 	0.168439 	-0.203553 	
0.135	-0.00977402 	-0.00459139 	-1.74026 	0.266899 	0.168707 	-0.202829 	
0.14	-0.00969562 	-0.00491209 	-1.74007 	0.267063 	0.169212 	-0.202219 	
0.145	-0.00964319 	-0.00522045 	-1.73985 	0.267159 	0.169525 	-0.202983 	
0.15	-0.00955955 	-0.00556432 	-1.73966 	0.267333 	0.170065 	-0.203564 	
0.155	-0.00945088 	-0.00593855 	-1.73948 	0.267568 	0.170788 	-0.203997 	
0.16	-0.00944554 	-0.00623413 	-1.73917 	0.267546 	0.170742 	-0.202952 	
0.165	-0.00939937 	-0.0065734 	-1.7389 	0.267624 	0.170996 	-0.202084 	
0.17	-0.00932052 	-0.00694951 	-1.73866 	0.267783 	0.171489 	-0.201359 	
0.175	-0.00921546 	-0.00735704 	-1.73844 	0.268005 	0.172173 	-0.200748 	
0.18	-0.00918703 	-0.00771052 	-1.73812 	0.268033 	0.1723 	-0.201311 	
0.185	-0.00912219 	-0.00810364 	-1.73783 	0.26815 	0.172692 	-0.201731 	
0.19	-0.00902819 	-0.00853039 	-1.73757 	0.26834 	0.173295 	-0.202036 	
0.195	-0.00897716 	-0.00892873 	-1.73725 	0.268425 	0.173572 	-0.201035 	
0.2	-0.0088941 	-0.00936334 	-1.73695 	0.268588 	0.174083 	-0.200204 	
0.205	-0.00878538 	-0.00982887 	-1.73667 	0.268815 	0.174782 	-0.199508 	
0.21	-0.0086561 	-0.0103211 	-1.73641 	0.269092 	0.175629 	-0.19892 	
0.215	-0.00864564 	-0.0107244 	-1.73601 	0.269065 	0.17562 	-0.19928 	
0.22	-0.00859486 	-0.0111704 	-1.73564 	0.269139 	0.175901 	-0.199536 	
0.225	-0.00851182 	-0.0116524 	-1.73529 	0.269293 	0.176415 	-0.199711 	
0.23	-0.00840294 	-0.0121651 	-1.73497 	0.269513 	0.177115 	-0.19982 	
0.235	-0.00832509 	-0.0126592 	-1.7346 	0.269657 	0.177578 	-0.198486 	
0.24	-0.00822029 	-0.0131853 	-1.73425 	0.269867 	0.178236 	-0.197389 	
0.245	-0.00809392 	-0.0137388 	-1.73391 	0.270131 	0.17905 	-0.19648 	
0.25	-0.00804214 	-0.0142414 	-1.73349 	0.270199 	0.179339 	-0.196781 	
0.255	-0.00795811 	-0.0147796 	-1.73309 	0.270349 	0.179858 	-0.19699 	
0.26	-0.00784829 	-0.0153483 	-1.73271 	0.270564 	0.180561 	-0.197128 	
0.265	-0.00771781 	-0.0159431 	-1.73234 	0.270832 	0.18141 	-0.197207 	
0.27	-0.00765743 	-0.0164872 	-1.73188 	0.270923 	0.181746 	-0.195836 	
0.275	-0.00756646 	-0.0170658 	-1.73145 	0.27109 	0.182302 	-0.194708 	
0.28	-0.00745102 	-0.017674 	-1.73104 	0.27132 	0.183033 	-0.193776 	
0.285	-0.00731601 	-0.0183076 	-1.73063 	0.271599 	0.183903 	-0.193 	
0.29	-0.00724862 	-0.018898 	-1.73015 	0.271694 	0.184316 	-0.193516 	
0.295	-0.00715202 	-0.019521 	-1.72969 	0.271865 	0.184932 	-0.193899 	
0.3	-0.00703206 	-0.0201717 	-1.72925 	0.272098 	0.18571 	-0.194175 	
0.305	-0.00693634 	-0.020809 	-1.72876 	0.272271 	0.186301 	-0.192854 	
0.31	-0.00681709 	-0.0214747 	-1.7283 	0.272505 	0.187058 	-0.191766 	
0.315	-0.00667902 	-0.0221649 	-1.72784 	0.272787 	0.187948 	-0.190866 	
0.32	-0.00652591 	-0.0228766 	-1.72739 	0.273108 	0.188944 	-0.190115 	
0.325	-0.00636077 	-0.0236072 	-1.72694 	0.273459 	0.190023 	-0.189485 	
0.33	-0.00634383 	-0.0242316 	-1.72633 	0.273408 	0.190109 	-0.189881 	
0.335	-0.0062876 	-0.0248957 	-1.72576 	0.273462 	0.19046 	-0.190167 	
0.34	-0.00620002 	-0.0255933 	-1.72521 	0.273599 	0.191023 	-0.190366 	
0.345	-0.00604121 	-0.0263544 	-1.72472 	0.273931 	0.192061 	-0.188988 	
0.35	-0.00587163 	-0.0271332 	-1.72422 	0.274291 	0.193172 	-0.187855 	
0.355	-0.00569344 	-0.0279278 	-1.72373 	0.274674 	0.194342 	-0.186918 	
0.36	-0.00550839 	-0.0287369 	-1.72323 	0.275074 	0.195559 	-0.186139 	
0.365	-0.00549714 	-0.0294211 	-1.72256 	0.274997 	0.195629 	-0.186306 	
0.37	-0.00544564 	-0.0301449 	-1.72193 	0.275029 	0.195966 	-0.18641 	
0.375	-0.00536203 	-0.030902 	-1.72131 	0.275149 	0.196515 	-0.186463 	
0.38	-0.00518216 	-0.0317442 	-1.72077 	0.27553 	0.197712 	-0.185186 	
0.385	-0.00499597 	-0.0325996 	-1.72023 	0.275928 	0.198949 	-0.184135 	
0.39	-0.00480476 	-0.0334673 	-1.71968 	0.276341 	0.200216 	-0.183263 	
0.395	-0.00460958 	-0.0343466 	-1.71913 	0.276765 	0.201508 	-0.182536 	
0.4	-0.00441129 	-0.0352367 	-1.71857 	0.277198 	0.202818 	-0.181923 	
0.405	-0.00445458 	-0.0359532 	-1.71779 	0.276954 	0.202576 	-0.181868 	
0.41	-0.00444701 	-0.0367159 	-1.71704 	0.276853 	0.202659 	-0.181794 	
0.415	-0.0043989 	-0.0375172 	-1.71632 	0.276866 	0.203002 	-0.181704 	
0.42	-0.00415588 	-0.0384803 	-1.71577 	0.277414 	0.204635 	-0.180461 	
0.425	-0.00391962 	-0.0394458 	-1.7152 	0.277946 	0.206216 	-0.179436 	
0.43	-0.0036888 	-0.0404146 	-1.71461 	0.278465 	0.207754 	-0.178586 	
0.435	-0.00346243 	-0.0413879 	-1.71401 	0.278974 	0.209259 	-0.177875 	
0.44	-0.00350402 	-0.0421691 	-1.71318 	0.278722 	0.209072 	-0.177593 	
0.445	-0.00349556 	-0.0429948 	-1.71238 	0.278614 	0.209197 	-0.177338 	
0.45	-0.00344722 	-0.0438576 	-1.7116 	0.278621 	0.209569 	-0.177104 	
0.455	-0.00319633 	-0.0448898 	-1.71099 	0.279185 	0.211276 	-0.175959 	
0.46	-0.00295431 	-0.0459214 	-1.71036 	0.27973 	0.212913 	-0.175013 	
0.465	-0.00271944 	-0.0469542 	-1.70971 	0.280258 	0.214493 	-0.174225 	
0.47	-0.0024904 	-0.0479893 	-1.70905 	0.280774 	0.216026 	-0.173565 	
0.475	-0.00252486 	-0.04884 	-1.70817 	0.280528 	0.215942 	-0.173037 	
0.48	-0.0025113 	-0.0497318 	-1.70732 	0.280423 	0.216145 	-0.172585 	
0.485	-0.0024595 	-0.0506582 	-1.70648 	0.280433 	0.216576 	-0.172193 	
0.49	-0.00220413 	-0.0517552 	-1.70581 	0.281007 	0.218336 	-0.171144 	
0.495	-0.00195921 	-0.0528492 	-1.70512 	0.281559 	0.220011 	-0.170275 	
0.5	-0.00172271 	-0.0539423 	-1.70442 	0.282093 	0.221617 	-0.169548 	
0.505	-0.00149307 	-0.0550362 	-1.70369 	0.282612 	0.223167 	-0.168936 	
0.51	-0.00152026 	-0.0559564 	-1.70276 	0.28237 	0.223198 	-0.168174 	
0.515	-0.00150161 	-0.0569143 	-1.70186 	0.282269 	0.223487 	-0.167534 	
0.52	-0.0014465 	-0.0579035 	-1.70098 	0.28228 	0.223984 	-0.166991 	
0.525	-0.00136235 	-0.0589194 	-1.7001 	0.282381 	0.224645 	-0.166527 	
0.53	-0.001051 	-0.0601322 	-1.69941 	0.283106 	0.226811 	-0.165356 	
0.535	-0.00076223 	-0.0613306 	-1.69869 	0.283777 	0.228806 	-0.164388 	
0.54	-0.000491582 	-0.0625188 	-1.69793 	0.284406 	0.230662 	-0.163583 	
0.545	-0.000495159 	-0.0635108 	-1.69697 	0.284235 	0.230859 	-0.162893 	
0.55	-0.000458512 	-0.0645358 	-1.69602 	0.284189 	0.231277 	-0.162311 	
0.555	-0.000389902 	-0.0655885 	-1.69509 	0.284245 	0.231871 	-0.161815 	
0.56	-0.000295857 	-0.0666648 	-1.69417 	0.284381 	0.232605 	-0.161387 	
0.565	-1.36667e-05 	-0.0679249 	-1.6934 	0.285002 	0.234682 	-0.160026 	
0.57	0.000250807 	-0.0691705 	-1.6926 	0.285589 	0.2366 	-0.158906 	
0.575	0.000501031 	-0.0704058 	-1.69177 	0.286151 	0.238389 	-0.157979 	
0.58	0.000739669 	-0.071634 	-1.69092 	0.286691 	0.240076 	-0.157207 	
0.585	0.000687645 	-0.0726515 	-1.68987 	0.286377 	0.240022 	-0.156576 	
0.59	0.000684465 	-0.0737074 	-1.68883 	0.286217 	0.240233 	-0.156041 	
0.595	0.00072012 	-0.074795 	-1.68781 	0.28618 	0.240656 	-0.155583 	
0.6	0.00100398 	-0.0761103 	-1.68698 	0.286815 	0.242757 	-0.154338 	
0.605	0.00126871 	-0.077409 	-1.68611 	0.287413 	0.244689 	-0.153311 	
0.61	0.00151807 	-0.0786955 	-1.68523 	0.287982 	0.246484 	-0.152459 	
0.615	0.00175492 	-0.0799735 	-1.68432 	0.288528 	0.24817 	-0.151746 	
0.62	0.00171163 	-0.0810632 	-1.68322 	0.288215 	0.248285 	-0.150854 	
0.625	0.0017143 	-0.0821853 	-1.68214 	0.288055 	0.248625 	-0.15011 	
0.63	0.00175349 	-0.0833345 	-1.68108 	0.288018 	0.249146 	-0.149484 	
0.635	0.00202886 	-0.0846942 	-1.68018 	0.28864 	0.251206 	-0.148367 	
0.64	0.00228564 	-0.0860366 	-1.67925 	0.289227 	0.253099 	-0.147443 	
0.645	0.00252744 	-0.0873664 	-1.67829 	0.289787 	0.254858 	-0.146672 	
0.65	0.00275703 	-0.0886871 	-1.67732 	0.290324 	0.256508 	-0.146024 	
0.655	0.00272165 	-0.089848 	-1.67619 	0.29001 	0.256795 	-0.144887 	
0.66	0.00272939 	-0.091035 	-1.67507 	0.289848 	0.257267 	-0.143946 	
0.665	0.00277138 	-0.0922441 	-1.67396 	0.289809 	0.257887 	-0.143162 	
0.67	0.00284058 	-0.093472 	-1.67286 	0.289867 	0.258624 	-0.142505 	
0.675	0.00316837 	-0.0949383 	-1.67192 	0.290642 	0.261067 	-0.141338 	
0.68	0.00346558 	-0.0963752 	-1.67095 	0.291351 	0.263259 	-0.140374 	
0.685	0.00373823 	-0.0977893 	-1.66995 	0.292007 	0.26525 	-0.139571 	
0.69	0.0037177 	-0.0990013 	-1.66878 	0.291756 	0.265622 	-0.138559 	
0.695	0.00373599 	-0.100237 	-1.66761 	0.291644 	0.266155 	-0.137718 	
0.7	0.00378508 	-0.101492 	-1.66645 	0.291643 	0.266818 	-0.137014 	
0.705	0.0038586 	-0.102763 	-1.6653 	0.291731 	0.267583 	-0.136421 	
0.71	0.00415227 	-0.104275 	-1.6643 	0.292377 	0.269974 	-0.135023 	
0.715	0.00442078 	-0.105755 	-1.66326 	0.292982 	0.272118 	-0.133874 	
0.72	0.00466905 	-0.107211 	-1.66219 	0.293554 	0.274063 	-0.132924 	
0.725	0.0046681 	-0.108475 	-1.66098 	0.293381 	0.274546 	-0.132029 	
0.73	0.00470064 	-0.109759 	-1.65977 	0.293331 	0.275162 	-0.131283 	
0.735	0.00475969 	-0.111059 	-1.65857 	0.29338 	0.275884 	-0.130655 	
0.74	0.00497591 	-0.112545 	-1.65747 	0.29381 	0.277825 	-0.129363 	
0.745	0.00518125 	-0.114011 	-1.65635 	0.294242 	0.279603 	-0.128298 	
0.75	0.00537776 	-0.115459 	-1.65521 	0.294676 	0.28125 	-0.127416 	
0.755	0.00556697 	-0.116896 	-1.65405 	0.29511 	0.282791 	-0.126678 	
0.76	0.00575015 	-0.118323 	-1.65287 	0.295545 	0.284247 	-0.126058 	
0.765	0.0057129 	-0.119658 	-1.65161 	0.295186 	0.284836 	-0.124615 	
0.77	0.00571469 	-0.121005 	-1.65035 	0.294987 	0.285529 	-0.12343 	
0.775	0.00574747 	-0.122363 	-1.64909 	0.294915 	0.286304 	-0.122452 	
0.78	0.00580483 	-0.12373 	-1.64784 	0.294944 	0.287143 	-0.121639 	
0.785	0.00610474 	-0.125323 	-1.6467 	0.295673 	0.289525 	-0.120591 	
0.79	0.00637506 	-0.126881 	-1.64554 	0.296343 	0.291647 	-0.119721 	
0.795	0.00662158 	-0.128411 	-1.64435 	0.296965 	0.29356 	-0.118995 	
0.8	0.00659027 	-0.129775 	-1.64304 	0.296657 	0.294149 	-0.117718 	
0.805	0.00659529 	-0.131151 	-1.64174 	0.296497 	0.294834 	-0.116665 	
0.81	0.00662911 	-0.132537 	-1.64043 	0.296456 	0.295596 	-0.115793 	
0.815	0.00668575 	-0.133932 	-1.63912 	0.29651 	0.296418 	-0.115065 	
0.82	0.00694912 	-0.135569 	-1.63793 	0.297091 	0.298786 	-0.113757 	
0.825	0.0071886 	-0.137166 	-1.63671 	0.297643 	0.300889 	-0.112681 	
0.83	0.00740887 	-0.138733 	-1.63547 	0.298169 	0.302779 	-0.111789 	
0.835	0.00739221 	-0.14013 	-1.63412 	0.29794 	0.303414 	-0.110674 	
0.84	0.00740738 	-0.141536 	-1.63277 	0.297843 	0.30413 	-0.109752 	
0.845	0.00744773 	-0.142951 	-1.63142 	0.297851 	0.304908 	-0.108985 	
0.85	0.00750802 	-0.144373 	-1.63007 	0.297943 	0.305735 	-0.108341 	
0.855	0.0077352 	-0.14605 	-1.62882 	0.298381 	0.308089 	-0.106798 	
0.86	0.0079441 	-0.147684 	-1.62755 	0.298816 	0.310173 	-0.105533 	
0.865	0.0081383 	-0.149283 	-1.62625 	0.29925 	0.312041 	-0.104491 	
0.87	0.00832048 	-0.150856 	-1.62493 	0.299681 	0.313734 	-0.103628 	
0.875	0.00824909 	-0.15224 	-1.62352 	0.299302 	0.314079 	-0.102568 	
0.88	0.00821873 	-0.15364 	-1.6221 	0.299084 	0.314554 	-0.101691 	
0.885	0.00822093 	-0.155053 	-1.62069 	0.298995 	0.315131 	-0.100959 	
0.89	0.0084376 	-0.156738 	-1.61939 	0.299445 	0.317367 	-0.0996027 	
0.895	0.00863653 	-0.158381 	-1.61806 	0.299889 	0.319349 	-0.0984876 	
0.9	0.00882118 	-0.159991 	-1.61671 	0.300329 	0.321128 	-0.097566 	
0.905	0.00899414 	-0.161575 	-1.61534 	0.300765 	0.322742 	-0.0967989 	
0.91	0.00891991 	-0.163022 	-1.6139 	0.300334 	0.323293 	-0.095478 	
0.915	0.00888565 	-0.164475 	-1.61246 	0.300073 	0.323925 	-0.0943921 	
0.92	0.0088831 	-0.165934 	-1.61102 	0.299948 	0.324619 	-0.0934943 	
0.925	0.00908243 	-0.167615 	-1.60965 	0.30039 	0.326692 	-0.0923216 	
0.93	0.00926594 	-0.169258 	-1.60827 	0.300828 	0.328536 	-0.0913543 	
0.935	0.00943667 	-0.17087 	-1.60687 	0.301261 	0.330196 	-0.0905513 	
0.94	0.00959694 	-0.172458 	-1.60545 	0.301691 	0.331708 	-0.0898798 	
0.945	0.00951804 	-0.173962 	-1.60399 	0.301206 	0.332447 	-0.0883248 	
0.95	0.00947841 	-0.175463 	-1.60252 	0.3009 	0.333222 	-0.0870522 	
0.955	0.00946998 	-0.176963 	-1.60105 	0.300739 	0.334023 	-0.0860057 	
0.96	0.00948628 	-0.17846 	-1.59958 	0.300694 	0.334844 	-0.0851402 	
0.965	0.00971975 	-0.180202 	-1.59818 	0.301263 	0.337149 	-0.0840288 	
0.97	0.00992874 	-0.181896 	-1.59675 	0.301801 	0.339169 	-0.0831112 	
0.975	0.010118 	-0.18355 	-1.59531 	0.302314 	0.340961 	-0.0823487 	
0.98	0.0100457 	-0.185055 	-1.59381 	0.301899 	0.341645 	-0.0809956 	
0.985	0.0100098 	-0.186558 	-1.59231 	0.301649 	0.342366 	-0.0798852 	
0.99	0.0100028 	-0.188059 	-1.59081 	0.301532 	0.343117 	-0.078969 	
0.995	0.0100187 	-0.18956 	-1.5893 	0.301521 	0.343892 	-0.0782082 	
1	0.0102093 	-0.191332 	-1.58786 	0.301912 	0.346196 	-0.0768459 	
1.005	0.0103824 	-0.193051 	-1.5864 	0.302307 	0.348209 	-0.0757282 	
1.01	0.0105414 	-0.194726 	-1.58492 	0.302705 	0.349987 	-0.0748065 	
1.015	0.010689 	-0.196366 	-1.58343 	0.303105 	0.351577 	-0.0740414 	
1.02	0.0105549 	-0.197835 	-1.58189 	0.302507 	0.351951 	-0.0726925 	
1.025	0.0104679 	-0.199309 	-1.58034 	0.302111 	0.352417 	-0.0715864 	
1.03	0.0104185 	-0.200788 	-1.5788 	0.301875 	0.352955 	-0.0706746 	
1.035	0.0105983 	-0.202543 	-1.57731 	0.302288 	0.355097 	-0.0695107 	
1.04	0.0107614 	-0.204246 	-1.57581 	0.302699 	0.356972 	-0.0685525 	
1.045	0.010911 	-0.205909 	-1.5743 	0.303109 	0.358633 	-0.0677591 	
1.05	0.0108459 	-0.207451 	-1.57275 	0.302741 	0.359423 	-0.066466 	
1.055	0.0108128 	-0.208983 	-1.5712 	0.302529 	0.360214 	-0.065405 	
1.06	0.0108051 	-0.210509 	-1.56964 	0.302439 	0.361005 	-0.0645299 	
1.065	0.0108176 	-0.212028 	-1.56809 	0.302449 	0.361796 	-0.0638036 	
1.07	0.0109431 	-0.213796 	-1.56657 	0.302642 	0.363887 	-0.0623901 	
1.075	0.0110614 	-0.215511 	-1.56504 	0.302878 	0.365713 	-0.0612332 	
1.08	0.0111737 	-0.217181 	-1.56349 	0.303146 	0.367328 	-0.0602817 	
1.085	0.0112812 	-0.218817 	-1.56194 	0.303441 	0.368772 	-0.0594945 	
1.09	0.011168 	-0.220319 	-1.56036 	0.302939 	0.3693 	-0.0582392 	
1.095	0.0110949 	-0.221818 	-1.55878 	0.302618 	0.369875 	-0.0572095 	
1.1	0.0110538 	-0.223315 	-1.55721 	0.302441 	0.370485 	-0.0563605 	
1.105	0.011038 	-0.22481 	-1.55562 	0.302379 	0.371123 	-0.0556561 	
1.11	0.0111955 	-0.226637 	-1.55408 	0.302676 	0.373498 	-0.0542254 	
1.115	0.0113377 	-0.228396 	-1.55253 	0.302993 	0.375544 	-0.0530558 	
1.12	0.0114677 	-0.230101 	-1.55096 	0.303325 	0.377325 	-0.0520952 	
1.125	0.0113632 	-0.231579 	-1.54937 	0.302905 	0.377771 	-0.0510428 	
1.13	0.0112959 	-0.233057 	-1.54777 	0.302647 	0.378272 	-0.0501763 	
1.135	0.011258 	-0.234535 	-1.54618 	0.302521 	0.378817 	-0.0494588 	
1.14	0.0113414 	-0.236272 	-1.54461 	0.30262 	0.380685 	-0.0481395 	
1.145	0.0114233 	-0.237957 	-1.54303 	0.302779 	0.38232 	-0.0470598 	
1.15	0.0115042 	-0.2396 	-1.54144 	0.302985 	0.383767 	-0.0461721 	
1.155	0.011584 	-0.241208 	-1.53985 	0.303228 	0.385063 	-0.0454378 	
1.16	0.0114703 	-0.242735 	-1.53825 	0.302718 	0.385744 	-0.0441385 	
1.165	0.0113944 	-0.24425 	-1.53665 	0.302388 	0.386426 	-0.0430756 	
1.17	0.0113485 	-0.245754 	-1.53505 	0.302203 	0.387108 	-0.0422019 	
1.175	0.0113266 	-0.247249 	-1.53346 	0.302133 	0.38779 	-0.0414797 	
1.18	0.0114276 	-0.24901 	-1.53187 	0.302301 	0.389809 	-0.0401874 	
1.185	0.0115224 	-0.250711 	-1.53027 	0.302513 	0.391557 	-0.0391305 	
1.19	0.0116123 	-0.252362 	-1.52867 	0.302761 	0.393087 	-0.0382621 	
1.195	0.0116981 	-0.253973 	-1.52707 	0.303037 	0.394442 	-0.0375444 	
1.2	0.011525 	-0.25543 	-1.52547 	0.302349 	0.394788 	-0.0362754 	
1.205	0.0114005 	-0.256883 	-1.52386 	0.301876 	0.395196 	-0.0352379 	
1.21	0.0113147 	-0.258334 	-1.52226 	0.301575 	0.395651 	-0.0343858 	
1.215	0.011413 	-0.260046 	-1.52066 	0.301795 	0.397492 	-0.0333035 	
1.22	0.0115046 	-0.261704 	-1.51906 	0.302048 	0.399091 	-0.0324157 	
1.225	0.0115911 	-0.263316 	-1.51745 	0.302328 	0.400496 	-0.0316835 	
1.23	0.0114776 	-0.264817 	-1.51585 	0.301848 	0.401171 	-0.0304865 	
1.235	0.0113999 	-0.266303 	-1.51425 	0.301542 	0.401837 	-0.0295074 	
1.24	0.0113506 	-0.267775 	-1.51265 	0.301373 	0.402494 	-0.0287029 	
1.245	0.0113239 	-0.269236 	-1.51105 	0.301316 	0.403143 	-0.028038 	
1.25	0.0113663 	-0.270938 	-1.50945 	0.301303 	0.404921 	-0.0267462 	
1.255	0.0114125 	-0.272582 	-1.50784 	0.30137 	0.406463 	-0.0256919 	
1.26	0.0114616 	-0.274178 	-1.50624 	0.301501 	0.407818 	-0.0248276 	
1.265	0.0115131 	-0.275735 	-1.50464 	0.301681 	0.409021 	-0.0241155 	
1.27	0.01136 	-0.277167 	-1.50305 	0.30109 	0.409439 	-0.0229795 	
1.275	0.0112497 	-0.27859 	-1.50146 	0.300694 	0.409893 	-0.0220506 	
1.28	0.0111736 	-0.280006 	-1.49987 	0.300453 	0.410374 	-0.0212873 	
1.285	0.0111246 	-0.281415 	-1.49829 	0.300337 	0.410877 	-0.0206567 	
1.29	0.0111933 	-0.283139 	-1.49668 	0.300413 	0.412866 	-0.0193761 	
1.295	0.0112596 	-0.284794 	-1.49508 	0.300551 	0.414572 	-0.0183319 	
1.3	0.011324 	-0.286393 	-1.49349 	0.300736 	0.416051 	-0.017477 	
1.305	0.0113868 	-0.287945 	-1.49189 	0.30096 	0.417348 	-0.0167735 	
1.31	0.0111754 	-0.28927 	-1.49033 	0.3002 	0.417365 	-0.0157164 	
1.315	0.0110179 	-0.2906 	-1.48876 	0.299668 	0.417492 	-0.0148517 	
1.32	0.0109033 	-0.291934 	-1.4872 	0.299318 	0.417708 	-0.0141411 	
1.325	0.0109747 	-0.293592 	-1.48561 	0.299464 	0.419514 	-0.0130712 	
1.33	0.0110426 	-0.295187 	-1.48402 	0.299657 	0.421069 	-0.0121967 	
1.335	0.0111078 	-0.296731 	-1.48244 	0.299886 	0.422423 	-0.0114785 	
1.34	0.010961 	-0.298106 	-1.48088 	0.299339 	0.422835 	-0.0104522 	
1.345	0.0108545 	-0.299471 	-1.47933 	0.298977 	0.423275 	-0.00961308 	
1.35	0.0107803 	-0.300827 	-1.47779 	0.298763 	0.423737 	-0.00892369 	
1.355	0.0107317 	-0.302175 	-1.47624 	0.298667 	0.424215 	-0.00835421 	
1.36	0.0107451 	-0.303795 	-1.47467 	0.298577 	0.425902 	-0.00712326 	
1.365	0.0107662 	-0.305352 	-1.4731 	0.29858 	0.427358 	-0.00612084 	
1.37	0.0107935 	-0.306858 	-1.47154 	0.298657 	0.42863 	-0.00530142 	
1.375	0.0108258 	-0.308321 	-1.46999 	0.298794 	0.429753 	-0.00462841 	
1.38	0.0106424 	-0.309597 	-1.46848 	0.298148 	0.429866 	-0.00369633 	
1.385	0.0105064 	-0.310873 	-1.46697 	0.297707 	0.430063 	-0.00293365 	
1.39	0.0104082 	-0.312149 	-1.46546 	0.297428 	0.430326 	-0.00230659 	
1.395	0.0103401 	-0.313423 	-1.46396 	0.297281 	0.430642 	-0.00178812 	
1.4	0.0103839 	-0.315058 	-1.4624 	0.297285 	0.432574 	-0.000551785 	
1.405	0.0104289 	-0.316619 	-1.46086 	0.297363 	0.434222 	0.000453837 	
1.41	0.0104751 	-0.318118 	-1.45932 	0.2975 	0.435643 	0.00127469 	
1.415	0.0103137 	-0.31933 	-1.45785 	0.296976 	0.435681 	0.002016 	
1.42	0.010195 	-0.320546 	-1.45638 	0.296631 	0.435816 	0.00262514 	
1.425	0.0101105 	-0.321765 	-1.45491 	0.296429 	0.436026 	0.00312851 	
1.43	0.0100994 	-0.323259 	-1.4534 	0.296298 	0.437442 	0.00420507 	
1.435	0.0101006 	-0.324697 	-1.4519 	0.296267 	0.438676 	0.00508208 	
1.44	0.0101116 	-0.32609 	-1.45041 	0.296317 	0.439763 	0.00579931 	
1.445	0.0101304 	-0.327446 	-1.44893 	0.296431 	0.440734 	0.00638871 	
1.45	0.0101556 	-0.32877 	-1.44747 	0.296596 	0.441611 	0.00687584 	
1.455	0.00991517 	-0.329963 	-1.44604 	0.295689 	0.441672 	0.00797832 	
1.46	0.00973319 	-0.331154 	-1.44462 	0.295037 	0.441822 	0.00887531 	
1.465	0.00959794 	-0.332342 	-1.4432 	0.294589 	0.442042 	0.00960776 	
1.47	0.00950005 	-0.333526 	-1.44179 	0.294305 	0.442319 	0.0102085 	
1.475	0.00958805 	-0.335007 	-1.44032 	0.294582 	0.444016 	0.0110029 	
1.48	0.00966838 	-0.336424 	-1.43886 	0.294877 	0.445472 	0.0116531 	
1.485	0.00974271 	-0.337787 	-1.43741 	0.295187 	0.446735 	0.0121878 	
1.49	0.00952815 	-0.338905 	-1.43605 	0.294415 	0.446716 	0.0130946 	
1.495	0.00936692 	-0.340025 	-1.43468 	0.293871 	0.4468 	0.0138343 	
1.5	0.00924833 	-0.341146 	-1.43332 	0.29351 	0.446966 	0.0144402 	
1.505	0.00916387 	-0.342266 	-1.43196 	0.293295 	0.447199 	0.014939 	
1.51	0.00920169 	-0.343687 	-1.43054 	0.293361 	0.448773 	0.0158485 	
1.515	0.00924206 	-0.345044 	-1.42913 	0.293487 	0.45013 	0.0165901 	
1.52	0.0092846 	-0.346349 	-1.42774 	0.293661 	0.451313 	0.0171972 	
1.525	0.00910477 	-0.347401 	-1.42643 	0.29305 	0.451281 	0.0179236 	
1.53	0.0089715 	-0.348458 	-1.42512 	0.292634 	0.451353 	0.0185183 	
1.535	0.00887548 	-0.349518 	-1.42382 	0.292375 	0.451511 	0.0190075 	
1.54	0.00880929 	-0.350578 	-1.42253 	0.292242 	0.451735 	0.0194124 	
1.545	0.00880156 	-0.351928 	-1.42116 	0.292118 	0.453173 	0.0204078 	
1.55	0.0088058 	-0.353217 	-1.41981 	0.292093 	0.45442 	0.0212173 	
1.555	0.00881977 	-0.354457 	-1.41849 	0.292146 	0.455516 	0.021878 	
1.56	0.00884156 	-0.355654 	-1.41718 	0.292262 	0.456489 	0.0224198 	
1.565	0.00862976 	-0.356561 	-1.41596 	0.291564 	0.456108 	0.0230238 	
1.57	0.00847137 	-0.35749 	-1.41475 	0.291079 	0.455902 	0.0235199 	
1.575	0.00835572 	-0.358433 	-1.41354 	0.290765 	0.455837 	0.0239295 	
1.58	0.00827429 	-0.359386 	-1.41233 	0.290587 	0.455884 	0.02427 	
1.585	0.00830707 	-0.360737 	-1.41102 	0.290587 	0.45761 	0.0252741 	
1.59	0.00834412 	-0.362015 	-1.40972 	0.29066 	0.459089 	0.0260899 	
1.595	0.0083848 	-0.363231 	-1.40845 	0.290792 	0.46037 	0.026755 	
1.6	0.00820455 	-0.364063 	-1.40732 	0.290235 	0.459971 	0.0272025 	
1.605	0.00807186 	-0.364919 	-1.40618 	0.289863 	0.459752 	0.0275729 	
1.61	0.00797721 	-0.365793 	-1.40505 	0.289639 	0.459676 	0.0278815 	
1.615	0.00791308 	-0.366678 	-1.40391 	0.289534 	0.459717 	0.0281408 	
1.62	0.00790274 	-0.367934 	-1.40267 	0.289363 	0.46125 	0.0291824 	
1.625	0.00790588 	-0.369123 	-1.40146 	0.289299 	0.462575 	0.0300278 	
1.63	0.00792003 	-0.370256 	-1.40027 	0.289322 	0.463735 	0.0307161 	
1.635	0.00777521 	-0.371024 	-1.39921 	0.288911 	0.463378 	0.0310354 	
1.64	0.00767144 	-0.371816 	-1.39815 	0.288656 	0.463193 	0.0313028 	
1.645	0.00760051 	-0.372625 	-1.3971 	0.288525 	0.463147 	0.0315287 	
1.65	0.00755596 	-0.373446 	-1.39604 	0.288494 	0.463212 	0.0317214 	
1.655	0.00750757 	-0.374599 	-1.39489 	0.288175 	0.464545 	0.0327762 	
1.66	0.00748098 	-0.375693 	-1.39376 	0.287993 	0.465713 	0.0336317 	
1.665	0.00747205 	-0.376736 	-1.39266 	0.287921 	0.466749 	0.0343278 	
1.67	0.00747734 	-0.377737 	-1.39158 	0.287938 	0.467679 	0.0348963 	
1.675	0.00731869 	-0.378328 	-1.39065 	0.287524 	0.466934 	0.0350025 	
1.68	0.00720467 	-0.378963 	-1.38972 	0.287268 	0.466442 	0.0350991 	
1.685	0.00712641 	-0.379631 	-1.38878 	0.287136 	0.466153 	0.035188 	
1.69	0.00710289 	-0.380686 	-1.38772 	0.286942 	0.467394 	0.0360765 	
1.695	0.007097 	-0.381687 	-1.38668 	0.286861 	0.46849 	0.0367989 	
1.7	0.00710543 	-0.382642 	-1.38567 	0.28687 	0.469472 	0.0373881 	
1.705	0.00712542 	-0.38356 	-1.38467 	0.286952 	0.470362 	0.0378711 	
1.71	0.00694739 	-0.384088 	-1.38384 	0.286427 	0.469626 	0.0380543 	
1.715	0.0068187 	-0.384659 	-1.38299 	0.286081 	0.469145 	0.0382123 	
1.72	0.00672954 	-0.385262 	-1.38215 	0.285878 	0.468867 	0.0383501 	
1.725	0.00672715 	-0.386208 	-1.38118 	0.285796 	0.469985 	0.0390715 	
1.73	0.00673907 	-0.387108 	-1.38024 	0.285805 	0.470987 	0.0396599 	
1.735	0.00676265 	-0.387968 	-1.37933 	0.285886 	0.471897 	0.040142 	
1.74	0.00679566 	-0.388796 	-1.37843 	0.286026 	0.472734 	0.0405391 	
1.745	0.00660178 	-0.389252 	-1.37769 	0.285408 	0.471988 	0.0407734 	
1.75	0.00646131 	-0.389751 	-1.37694 	0.284989 	0.471501 	0.0409721 	
1.755	0.00636367 	-0.390283 	-1.37619 	0.284727 	0.471224 	0.0411424 	
1.76	0.00630043 	-0.390839 	-1.37544 	0.284593 	0.471114 	0.04129 	
1.765	0.00633779 	-0.391757 	-1.37456 	0.284632 	0.472479 	0.0420175 	
1.77	0.00638259 	-0.392618 	-1.37371 	0.284738 	0.473683 	0.0426109 	
1.775	0.00643356 	-0.393431 	-1.37288 	0.284897 	0.474759 	0.043097 	
1.78	0.00627652 	-0.393814 	-1.37224 	0.284424 	0.474067 	0.0432233 	
1.785	0.0061665 	-0.39424 	-1.3716 	0.28412 	0.473629 	0.0433357 	
1.79	0.00609421 	-0.394698 	-1.37094 	0.283952 	0.473394 	0.043437 	
1.795	0.00605224 	-0.395181 	-1.37029 	0.283892 	0.473323 	0.0435295 	
1.8	0.00603468 	-0.395681 	-1.36964 	0.283919 	0.473383 	0.0436151 	
1.805	0.00602147 	-0.3965 	-1.36888 	0.283719 	0.474643 	0.0444679 	
1.81	0.00602701 	-0.397265 	-1.36815 	0.283634 	0.475768 	0.0451616 	
1.815	0.0060478 	-0.397985 	-1.36744 	0.28364 	0.476786 	0.045728 	
1.82	0.00593944 	-0.398241 	-1.36693 	0.28339 	0.476023 	0.0456207 	
1.825	0.00586958 	-0.39855 	-1.36641 	0.283265 	0.475534 	0.0455464 	
1.83	0.00583064 	-0.398898 	-1.36588 	0.28324 	0.475263 	0.0454987 	
1.835	0.00581661 	-0.399275 	-1.36535 	0.283296 	0.475169 	0.0454723 	
1.84	0.00577664 	-0.399955 	-1.36472 	0.283 	0.47618 	0.046267 	
1.845	0.00576196 	-0.400594 	-1.36411 	0.282839 	0.477112 	0.0469145 	
1.85	0.00576773 	-0.401198 	-1.36352 	0.282785 	0.477981 	0.0474441 	
1.855	0.0056943 	-0.401396 	-1.36311 	0.282656 	0.477338 	0.047283 	
1.86	0.00565352 	-0.401642 	-1.36269 	0.282628 	0.47695 	0.0471659 	
1.865	0.005639 	-0.401925 	-1.36226 	0.282682 	0.476766 	0.0470842 	
1.87	0.00564567 	-0.402234 	-1.36184 	0.2828 	0.476747 	0.047031 	
1.875	0.0055799 	-0.402762 	-1.36134 	0.28242 	0.477468 	0.0477376 	
1.88	0.00554581 	-0.403264 	-1.36086 	0.282192 	0.478174 	0.0483149 	
1.885	0.00553728 	-0.403743 	-1.3604 	0.282085 	0.478869 	0.0487888 	
1.89	0.00549627 	-0.403881 	-1.36009 	0.282065 	0.478345 	0.0485847 	
1.895	0.00548262 	-0.404064 	-1.35977 	0.282125 	0.478058 	0.0484336 	
1.9	0.00549103 	-0.404281 	-1.35945 	0.282249 	0.477961 	0.0483251 	
1.905	0.00551727 	-0.404523 	-1.35913 	0.282424 	0.478017 	0.0482508 	
1.91	0.00555795 	-0.404783 	-1.35881 	0.28264 	0.478197 	0.0482041 	
1.915	0.00542545 	-0.405147 	-1.35847 	0.281983 	0.478594 	0.0489545 	
1.92	0.00533943 	-0.405501 	-1.35814 	0.281533 	0.479048 	0.0495674 	
1.925	0.0052908 	-0.405844 	-1.35783 	0.28125 	0.479548 	0.0500701 	
1.93	0.00531783 	-0.405896 	-1.35764 	0.281506 	0.479138 	0.0496873 	
1.935	0.00536004 	-0.405992 	-1.35744 	0.281788 	0.478949 	0.0493939 	
1.94	0.00541459 	-0.406123 	-1.35724 	0.282091 	0.478938 	0.0491722 	
1.945	0.0054792 	-0.406278 	-1.35704 	0.282409 	0.479069 	0.049008 	
1.95	0.00533244 	-0.406492 	-1.35685 	0.281713 	0.479212 	0.0496492 	
1.955	0.00523633 	-0.40671 	-1.35665 	0.281233 	0.479469 	0.0501752 	
1.96	0.00518094 	-0.406929 	-1.35647 	0.280925 	0.479818 	0.050609 	
1.965	0.00523154 	-0.406919 	-1.35639 	0.281251 	0.479518 	0.0502142 	
1.97	0.00529393 	-0.406951 	-1.35629 	0.281588 	0.479425 	0.0499117 	
1.975	0.00536593 	-0.407015 	-1.3562 	0.281935 	0.479496 	0.0496833 	
1.98	0.00544583 	-0.407101 	-1.35611 	0.28229 	0.479701 	0.0495145 	
1.985	0.00528902 	-0.407157 	-1.35605 	0.281579 	0.479567 	0.0500159 	
1.99	0.00518622 	-0.407232 	-1.356 	0.281087 	0.47961 	0.0504308 	
1.995	0.00512682 	-0.407321 	-1.35595 	0.280771 	0.479795 	0.0507764 	
2	0.00510233 	-0.407419 	-1.35591 	0.280596 	0.480094 	0.0510666 	
2.005	0.00519939 	-0.407278 	-1.35595 	0.281143 	0.479689 	0.0504258 	
2.01	0.00529752 	-0.407204 	-1.35596 	0.281657 	0.479502 	0.0499255 	
2.015	0.0053962 	-0.407186 	-1.35593 	0.282145 	0.479488 	0.0495377 	
2.02	0.00527567 	-0.407285 	-1.35585 	0.281562 	0.479614 	0.0500066 	
2.025	0.00519871 	-0.407407 	-1.35575 	0.281172 	0.479847 	0.0503934 	
2.03	0.00515627 	-0.407548 	-1.35563 	0.280936 	0.480163 	0.0507141 	
2.035	0.00514112 	-0.407706 	-1.35548 	0.280823 	0.480543 	0.0509817 	
2.04	0.00520016 	-0.407645 	-1.35541 	0.281212 	0.480205 	0.0503844 	
2.045	0.00526553 	-0.407642 	-1.3553 	0.281598 	0.480058 	0.0499174 	
2.05	0.00533564 	-0.407688 	-1.35516 	0.281983 	0.480062 	0.0495544 	
2.055	0.00524549 	-0.407892 	-1.35495 	0.281536 	0.480422 	0.0499799 	
2.06	0.00519049 	-0.408104 	-1.35473 	0.281253 	0.480828 	0.0503304 	
2.065	0.00516328 	-0.408325 	-1.35449 	0.281102 	0.481269 	0.0506205 	
2.07	0.00515798 	-0.408553 	-1.35423 	0.281054 	0.481736 	0.0508621 	
2.075	0.00516989 	-0.408787 	-1.35395 	0.281091 	0.482222 	0.0510647 	
2.08	0.0051858 	-0.408774 	-1.35376 	0.28133 	0.48181 	0.0503285 	
2.085	0.00521404 	-0.408818 	-1.35354 	0.281595 	0.481589 	0.0497486 	
2.09	0.00525184 	-0.408908 	-1.35329 	0.281881 	0.48152 	0.0492936 	
2.095	0.00519307 	-0.409263 	-1.35292 	0.28155 	0.482257 	0.0498358 	
2.1	0.00516053 	-0.409603 	-1.35254 	0.281358 	0.48295 	0.0502779 	
2.105	0.00514872 	-0.409934 	-1.35216 	0.281278 	0.483605 	0.0506396 	
2.11	0.00515318 	-0.410257 	-1.35176 	0.281287 	0.484228 	0.0509367 	
2.115	0.00514659 	-0.410343 	-1.35145 	0.281421 	0.48398 	0.0502305 	
2.12	0.00515467 	-0.410472 	-1.35112 	0.2816 	0.483877 	0.0496731 	
2.125	0.00517417 	-0.410637 	-1.35075 	0.281816 	0.483889 	0.0492346 	
2.13	0.00513453 	-0.411063 	-1.35027 	0.281589 	0.484737 	0.0497259 	
2.135	0.00511518 	-0.411467 	-1.34979 	0.281479 	0.485506 	0.0501259 	
2.14	0.00511182 	-0.411854 	-1.3493 	0.281463 	0.486209 	0.0504525 	
2.145	0.00512096 	-0.412228 	-1.3488 	0.281522 	0.486859 	0.0507201 	
2.15	0.00513983 	-0.412592 	-1.3483 	0.281641 	0.487463 	0.0509404 	
2.155	0.00509108 	-0.412766 	-1.34787 	0.281593 	0.487303 	0.0500817 	
2.16	0.00506314 	-0.412972 	-1.34742 	0.281625 	0.487257 	0.0494007 	
2.165	0.00505156 	-0.413204 	-1.34694 	0.281723 	0.487301 	0.0488618 	
2.17	0.00504356 	-0.413729 	-1.34633 	0.281642 	0.488357 	0.0494834 	
2.175	0.00504729 	-0.414218 	-1.34572 	0.281648 	0.489278 	0.0499861 	
2.18	0.00506021 	-0.414679 	-1.34511 	0.281723 	0.49009 	0.0503933 	
2.185	0.00508022 	-0.415118 	-1.3445 	0.281853 	0.490812 	0.050724 	
2.19	0.00501732 	-0.415398 	-1.34396 	0.281724 	0.490867 	0.0499047 	
2.195	0.00497624 	-0.415693 	-1.3434 	0.281691 	0.490982 	0.0492539 	
2.2	0.00495239 	-0.416001 	-1.34283 	0.281735 	0.491143 	0.0487379 	
2.205	0.0049542 	-0.416566 	-1.34213 	0.281727 	0.49221 	0.0492987 	
2.21	0.00496408 	-0.417091 	-1.34144 	0.281791 	0.493128 	0.0497514 	
2.215	0.00498025 	-0.417585 	-1.34075 	0.281911 	0.493927 	0.0501175 	
2.22	0.00500124 	-0.418055 	-1.34006 	0.282076 	0.494628 	0.0504142 	
2.225	0.00502587 	-0.418506 	-1.33937 	0.282278 	0.495251 	0.0506551 	
2.23	0.00492057 	-0.418906 	-1.33871 	0.281931 	0.495537 	0.0496696 	
2.235	0.00484379 	-0.419302 	-1.33804 	0.281723 	0.495825 	0.0488846 	
2.24	0.00478965 	-0.419696 	-1.33736 	0.281626 	0.496113 	0.0482599 	
2.245	0.00482387 	-0.420295 	-1.33657 	0.281796 	0.497198 	0.0489655 	
2.25	0.00485807 	-0.420853 	-1.3358 	0.282001 	0.498119 	0.0495329 	
2.255	0.00489212 	-0.421376 	-1.33503 	0.282233 	0.49891 	0.0499897 	
2.26	0.00492587 	-0.421873 	-1.33426 	0.282487 	0.499595 	0.0503577 	
2.265	0.00481275 	-0.422369 	-1.33351 	0.282084 	0.500095 	0.0494219 	
2.27	0.00472845 	-0.422844 	-1.33275 	0.281829 	0.500545 	0.0486758 	
2.275	0.00466707 	-0.423303 	-1.33199 	0.281694 	0.500954 	0.0480813 	
2.28	0.00470372 	-0.423914 	-1.33115 	0.281907 	0.501978 	0.0487158 	
2.285	0.00473875 	-0.424482 	-1.33032 	0.282144 	0.502844 	0.0492256 	
2.29	0.00477241 	-0.425018 	-1.3295 	0.282402 	0.503582 	0.0496354 	
2.295	0.00480483 	-0.425526 	-1.32868 	0.282675 	0.504217 	0.0499653 	
2.3	0.00468723 	-0.42611 	-1.32784 	0.282228 	0.504931 	0.0491061 	
2.305	0.00459837 	-0.426659 	-1.32701 	0.281936 	0.505545 	0.0484205 	
2.31	0.00453245 	-0.427179 	-1.32619 	0.281771 	0.506078 	0.0478738 	
2.315	0.00448479 	-0.427676 	-1.32537 	0.281705 	0.506547 	0.0474381 	
2.32	0.00454756 	-0.428337 	-1.32445 	0.282036 	0.507682 	0.0483365 	
2.325	0.00460261 	-0.428948 	-1.32355 	0.282367 	0.50863 	0.0490567 	
2.33	0.00465145 	-0.429519 	-1.32267 	0.282699 	0.509427 	0.0496342 	
2.335	0.00454735 	-0.430095 	-1.3218 	0.282341 	0.510067 	0.0488286 	
2.34	0.00446871 	-0.430639 	-1.32094 	0.282121 	0.510616 	0.0481854 	
2.345	0.00441042 	-0.431155 	-1.32009 	0.282012 	0.511093 	0.0476722 	
2.35	0.00436838 	-0.431651 	-1.31925 	0.281991 	0.511512 	0.0472629 	
2.355	0.00440805 	-0.432374 	-1.31828 	0.282197 	0.512779 	0.0480458 	
2.36	0.00444419 	-0.433036 	-1.31733 	0.282428 	0.513827 	0.0486733 	
2.365	0.00447754 	-0.433648 	-1.31641 	0.282679 	0.514701 	0.0491763 	
2.37	0.00450863 	-0.434219 	-1.31551 	0.282945 	0.515434 	0.0495797 	
2.375	0.00437742 	-0.434786 	-1.31463 	0.282486 	0.515971 	0.0484851 	
2.38	0.00427685 	-0.435321 	-1.31376 	0.282185 	0.516435 	0.0476106 	
2.385	0.00420084 	-0.435831 	-1.31289 	0.282011 	0.51684 	0.046912 	
2.39	0.00424434 	-0.436518 	-1.31193 	0.282265 	0.517958 	0.0476571 	
2.395	0.00428353 	-0.437149 	-1.31098 	0.282535 	0.518885 	0.0482543 	
2.4	0.00431935 	-0.437735 	-1.31007 	0.282816 	0.519661 	0.0487331 	
2.405	0.00435249 	-0.438286 	-1.30917 	0.283107 	0.520315 	0.0491171 	
2.41	0.0042186 	-0.438904 	-1.30826 	0.282606 	0.521012 	0.0481131 	
2.415	0.00411602 	-0.43948 	-1.30736 	0.282272 	0.521603 	0.0473109 	
2.42	0.00403861 	-0.440021 	-1.30648 	0.28207 	0.52211 	0.0466704 	
2.425	0.00408195 	-0.440657 	-1.30554 	0.282352 	0.523058 	0.0473394 	
2.43	0.00412136 	-0.441245 	-1.30463 	0.282644 	0.523851 	0.0478759 	
2.435	0.00415774 	-0.441796 	-1.30373 	0.282942 	0.524519 	0.0483064 	
2.44	0.00419177 	-0.442316 	-1.30286 	0.283247 	0.525088 	0.0486522 	
2.445	0.0040554 	-0.442964 	-1.30194 	0.28271 	0.525897 	0.0477343 	
2.45	0.00395133 	-0.443562 	-1.30104 	0.282345 	0.526579 	0.0470015 	
2.455	0.00387329 	-0.444118 	-1.30017 	0.28212 	0.527159 	0.0464168 	
2.46	0.0038162 	-0.444641 	-1.29931 	0.282005 	0.52766 	0.0459509 	
2.465	0.00389033 	-0.445242 	-1.2984 	0.28243 	0.528563 	0.0469048 	
2.47	0.00395519 	-0.445801 	-1.29752 	0.282835 	0.529321 	0.0476698 	
2.475	0.00401279 	-0.446323 	-1.29666 	0.283225 	0.529965 	0.0482837 	
2.48	0.00389219 	-0.446904 	-1.29579 	0.28278 	0.530614 	0.0474271 	
2.485	0.00380166 	-0.447445 	-1.29495 	0.28249 	0.531172 	0.046744 	
2.49	0.0037354 	-0.447951 	-1.29413 	0.282324 	0.531657 	0.0461997 	
2.495	0.00368873 	-0.448431 	-1.29333 	0.282257 	0.532085 	0.0457668 	
2.5	0.00373709 	-0.44903 	-1.29245 	0.282543 	0.53301 	0.0466023 	
2.505	0.0037824 	-0.449583 	-1.2916 	0.282837 	0.533791 	0.0472734 	
2.51	0.00382549 	-0.450098 	-1.29078 	0.283139 	0.534458 	0.047813 	
2.515	0.00372505 	-0.450604 	-1.28999 	0.282798 	0.534959 	0.0470554 	
2.52	0.00365192 	-0.451081 	-1.28922 	0.282592 	0.535403 	0.0464524 	
2.525	0.00360085 	-0.451532 	-1.28847 	0.282494 	0.535805 	0.0459733 	
2.53	0.00356765 	-0.451962 	-1.28773 	0.282482 	0.536172 	0.0455935 	
2.535	0.00354897 	-0.452375 	-1.28701 	0.282539 	0.536513 	0.0452934 	
2.54	0.00357334 	-0.452993 	-1.28617 	0.282667 	0.537564 	0.0462379 	
2.545	0.00360105 	-0.453555 	-1.28537 	0.282837 	0.538454 	0.0469975 	
2.55	0.00363174 	-0.454071 	-1.2846 	0.283039 	0.539215 	0.0476091 	
2.555	0.00354844 	-0.454446 	-1.28394 	0.282805 	0.539425 	0.046745 	
2.56	0.00349084 	-0.45481 	-1.28329 	0.282685 	0.539645 	0.0460583 	
2.565	0.00345403 	-0.455166 	-1.28266 	0.282657 	0.539876 	0.0455136 	
2.57	0.00343413 	-0.455513 	-1.28203 	0.282701 	0.540117 	0.0450829 	
2.575	0.00343854 	-0.456074 	-1.28128 	0.282729 	0.541072 	0.045945 	
2.58	0.00345204 	-0.456585 	-1.28056 	0.282819 	0.541894 	0.04664 	
2.585	0.00347313 	-0.457054 	-1.27988 	0.282959 	0.542611 	0.0472014 	
2.59	0.00340923 	-0.45735 	-1.27933 	0.282807 	0.542716 	0.0464377 	
2.595	0.003369 	-0.457646 	-1.27878 	0.282753 	0.542862 	0.0458327 	
2.6	0.00334798 	-0.45794 	-1.27824 	0.282778 	0.543044 	0.0453549 	
2.605	0.00334262 	-0.458233 	-1.27771 	0.282867 	0.543255 	0.0449793 	
2.61	0.00332528 	-0.458711 	-1.27708 	0.282792 	0.544056 	0.0457337 	
2.615	0.00336281 	-0.45899 	-1.27656 	0.282978 	0.544258 	0.0460476 	
2.62	0.0033781 	-0.45923 	-1.2761 	0.283237 	0.544432 	0.0463078 	
2.625	0.00341322 	-0.45945 	-1.27565 	0.283498 	0.544532 	0.0464077 	
2.63	0.00344673 	-0.459644 	-1.27522 	0.283739 	0.544561 	0.0462759 	
2.635	0.00330053 	-0.460218 	-1.2746 	0.283021 	0.545643 	0.0458929 	
2.64	0.00321794 	-0.460613 	-1.27409 	0.282674 	0.546251 	0.0455544 	
2.645	0.00317116 	-0.460911 	-1.27364 	0.28246 	0.546575 	0.0453391 	
2.65	0.00313352 	-0.461139 	-1.27325 	0.282349 	0.546731 	0.0451783 	
2.655	0.00309701 	-0.461307 	-1.27291 	0.282292 	0.546744 	0.0450519 	
2.66	0.0030734 	-0.46138 	-1.2726 	0.282343 	0.546472 	0.0450038 	
2.665	0.00310752 	-0.46137 	-1.27249 	0.2824 	0.546295 	0.044744 	
2.67	0.00316496 	-0.461293 	-1.27242 	0.282548 	0.545977 	0.0444846 	
2.675	0.0032284 	-0.461164 	-1.27241 	0.282751 	0.545598 	0.0442194 	
2.68	0.00327236 	-0.461005 	-1.27248 	0.28285 	0.545262 	0.0441551 	
2.685	0.00329812 	-0.460821 	-1.27261 	0.282913 	0.544907 	0.0441739 	
2.69	0.00331071 	-0.460618 	-1.27277 	0.282955 	0.544523 	0.0442065 	
2.695	0.0033137 	-0.4604 	-1.27295 	0.282984 	0.544113 	0.0442368 	
2.7	0.00330916 	-0.46017 	-1.27316 	0.283001 	0.543682 	0.0442607 	
2.705	0.00329867 	-0.459931 	-1.27337 	0.283008 	0.543234 	0.0442758 	
2.71	0.00328375 	-0.459685 	-1.2736 	0.283006 	0.542771 	0.0442823 	
2.715	0.00326575 	-0.459434 	-1.27383 	0.282998 	0.542299 	0.0442832 	
2.72	0.00324576 	-0.459179 	-1.27408 	0.282987 	0.541819 	0.0442821 	
2.725	0.00322439 	-0.45892 	-1.27432 	0.282974 	0.541333 	0.0442815 	
2.73	0.00320201 	-0.45866 	-1.27457 	0.28296 	0.540842 	0.0442818 	
2.735	0.00317888 	-0.458398 	-1.27483 	0.282945 	0.540347 	0.044283 	
2.74	0.00315411 	-0.458135 	-1.27508 	0.28293 	0.53984 	0.0442484 	
2.745	0.00312835 	-0.457871 	-1.27533 	0.282914 	0.539321 	0.0441856 	
2.75	0.00310215 	-0.457606 	-1.27558 	0.282897 	0.538793 	0.0441001 	
2.755	0.00307596 	-0.45734 	-1.27582 	0.28288 	0.538259 	0.043996 	
2.76	0.00305006 	-0.457074 	-1.27607 	0.282864 	0.537718 	0.0438764 	
2.765	0.00302459 	-0.456807 	-1.27631 	0.282849 	0.537174 	0.0437452 	
2.77	0.00299914 	-0.45654 	-1.27655 	0.282835 	0.536627 	0.0436081 	
2.775	0.00297375 	-0.456272 	-1.2768 	0.282821 	0.536078 	0.0434663 	
2.78	0.00294842 	-0.456005 	-1.27704 	0.282808 	0.535528 	0.0433208 	
2.785	0.00292316 	-0.455737 	-1.27728 	0.282796 	0.534975 	0.0431722 	
2.79	0.00289801 	-0.45547 	-1.27752 	0.282785 	0.534421 	0.0430211 	
2.795	0.00287301 	-0.455202 	-1.27776 	0.282776 	0.533866 	0.0428679 	
2.8	0.00284819 	-0.454934 	-1.278 	0.282768 	0.53331 	0.042713 	
2.805	0.00282359 	-0.454666 	-1.27824 	0.282761 	0.532752 	0.0425567 	
2.81	0.00279923 	-0.454397 	-1.27848 	0.282755 	0.532193 	0.0423993 	
2.815	0.00277515 	-0.454129 	-1.27872 	0.282751 	0.531633 	0.042241 	
2.82	0.00275135 	-0.45386 	-1.27896 	0.282748 	0.531073 	0.042082 	
2.825	0.00272785 	-0.453591 	-1.2792 	0.282746 	0.530511 	0.0419224 	
2.83	0.00267524 	-0.453325 	-1.27942 	0.282684 	0.529918 	0.0418189 	
2.835	0.00257843 	-0.453066 	-1.27962 	0.282507 	0.529274 	0.0418053 	
2.84	0.00249172 	-0.452814 	-1.27981 	0.282333 	0.528605 	0.0417961 	
2.845	0.00243602 	-0.452555 	-1.28 	0.28225 	0.527914 	0.041744 	
2.85	0.00239898 	-0.452292 	-1.28017 	0.282228 	0.527205 	0.041666 	
2.855	0.00235017 	-0.452028 	-1.28034 	0.282189 	0.526483 	0.0416066 	
2.86	0.00225305 	-0.451772 	-1.2805 	0.282016 	0.525752 	0.041637 	
2.865	0.00211104 	-0.451523 	-1.2807 	0.281751 	0.525118 	0.041849 	
2.87	0.00192569 	-0.451279 	-1.28089 	0.281405 	0.524457 	0.0421011 	
2.875	0.00173805 	-0.451057 	-1.28109 	0.281004 	0.523773 	0.0423626 	
2.88	0.00159767 	-0.450824 	-1.28126 	0.280785 	0.523061 	0.0425117 	
2.885	0.00150947 	-0.450582 	-1.28142 	0.280708 	0.522332 	0.0425581 	
2.89	0.00144455 	-0.450312 	-1.28154 	0.280819 	0.521613 	0.0425501 	
2.895	0.00134485 	-0.450048 	-1.28165 	0.280714 	0.520837 	0.0425879 	
2.9	0.0012058 	-0.449791 	-1.28179 	0.280453 	0.520072 	0.0427025 	
2.905	0.00106297 	-0.449532 	-1.28193 	0.280208 	0.519303 	0.0428145 	
2.91	0.000943462 	-0.44926 	-1.28216 	0.279949 	0.518706 	0.042825 	
2.915	0.000840854 	-0.448987 	-1.28238 	0.279762 	0.518073 	0.0428234 	
2.92	0.000762847 	-0.448705 	-1.28262 	0.279621 	0.517478 	0.0428004 	
2.925	0.000703476 	-0.448416 	-1.28287 	0.279526 	0.516894 	0.0427865 	
2.93	0.000683033 	-0.448121 	-1.28313 	0.279527 	0.516317 	0.0427258 	
2.935	0.00069251 	-0.447821 	-1.28337 	0.279594 	0.515741 	0.0426447 	
2.94	0.00069566 	-0.447519 	-1.28362 	0.279637 	0.515161 	0.0425873 	
2.945	0.000693043 	-0.447216 	-1.28387 	0.27967 	0.514579 	0.0425498 	
2.95	0.000684677 	-0.446914 	-1.28412 	0.279693 	0.513995 	0.0425269 	
2.955	0.000670774 	-0.446611 	-1.28437 	0.279707 	0.513409 	0.0425144 	
2.96	0.000678417 	-0.446305 	-1.28462 	0.279776 	0.512814 	0.0424693 	
2.965	0.000703391 	-0.445998 	-1.28486 	0.27988 	0.512215 	0.0424012 	
2.97	0.00073687 	-0.44569 	-1.2851 	0.280007 	0.511614 	0.0423187 	
2.975	0.000773701 	-0.445382 	-1.28534 	0.280142 	0.511016 	0.0422265 	
2.98	0.000812194 	-0.445076 	-1.28557 	0.280286 	0.510404 	0.0421288 	
2.985	0.000847842 	-0.444773 	-1.2858 	0.280431 	0.509792 	0.0420248 	
2.99	0.000881665 	-0.444472 	-1.28604 	0.280565 	0.509201 	0.0419139 	
2.995	0.000913671 	-0.444172 	-1.28628 	0.280695 	0.508617 	0.0418008 	
3	0.000944693 	-0.443873 	-1.28652 	0.280824 	0.508036 	0.0416861 	
3.005	0.000967199 	-0.443577 	-1.28677 	0.280953 	0.507458 	0.0415972 	
3.01	0.00098682 	-0.443281 	-1.28702 	0.281073 	0.506889 	0.0415108 	
3.015	0.00100496 	-0.442985 	-1.28727 	0.281189 	0.506322 	0.0414251 	
3.02	0.00102247 	-0.442689 	-1.28752 	0.281304 	0.505756 	0.0413406 	
3.025	0.00103994 	-0.442391 	-1.28777 	0.281418 	0.505189 	0.041258 	
3.03	0.00105741 	-0.442093 	-1.28802 	0.281531 	0.504622 	0.041179 	
3.035	0.0010637 	-0.441797 	-1.28827 	0.281613 	0.504037 	0.0410962 	
3.04	0.00106947 	-0.441502 	-1.28851 	0.281678 	0.503445 	0.0410074 	
3.045	0.00108231 	-0.441204 	-1.28875 	0.281763 	0.50285 	0.0408793 	
3.05	0.00108648 	-0.440906 	-1.28899 	0.281819 	0.502258 	0.0407254 	
3.055	0.00108362 	-0.440606 	-1.28924 	0.281843 	0.501671 	0.0405625 	
3.06	0.00107836 	-0.440306 	-1.28949 	0.281866 	0.50108 	0.040406 	
3.065	0.0010708 	-0.440006 	-1.28974 	0.281892 	0.500489 	0.040278 	
3.07	0.00107064 	-0.439704 	-1.28998 	0.281947 	0.499895 	0.0401187 	
3.075	0.00106574 	-0.439402 	-1.29023 	0.281979 	0.499304 	0.0400018 	
3.08	0.00104664 	-0.439102 	-1.29048 	0.281989 	0.498711 	0.0399129 	
3.085	0.00100318 	-0.438805 	-1.29074 	0.281932 	0.498113 	0.0398597 	
3.09	0.000958927 	-0.438505 	-1.29099 	0.28188 	0.497514 	0.0398096 	
3.095	0.000917382 	-0.438202 	-1.29125 	0.28183 	0.496911 	0.039727 	
3.1	0.000882498 	-0.437895 	-1.2915 	0.281796 	0.496306 	0.0396387 	
3.105	0.000842295 	-0.437588 	-1.29175 	0.281752 	0.495678 	0.0395108 	
3.11	0.000807338 	-0.437279 	-1.292 	0.281708 	0.49505 	0.0393566 	
3.115	0.000779123 	-0.436966 	-1.29224 	0.281679 	0.494414 	0.0391871 	
3.12	0.000766681 	-0.436647 	-1.29248 	0.281692 	0.493777 	0.039008 	
3.125	0.000759856 	-0.436325 	-1.29273 	0.281719 	0.493137 	0.0388251 	
3.13	0.000754899 	-0.436001 	-1.29297 	0.28175 	0.492495 	0.038641 	
3.135	0.000749864 	-0.435677 	-1.29321 	0.281778 	0.491852 	0.0384571 	
3.14	0.000721411 	-0.435358 	-1.29346 	0.281755 	0.491217 	0.0383845 	
3.145	0.000682236 	-0.435041 	-1.29371 	0.281714 	0.490586 	0.0383616 	
3.15	0.000637919 	-0.434726 	-1.29397 	0.281661 	0.489957 	0.0383635 	
3.155	0.000590136 	-0.434412 	-1.29423 	0.281599 	0.489329 	0.0383705 	
3.16	0.00054204 	-0.434099 	-1.29449 	0.281535 	0.488702 	0.0383754 	
3.165	0.000499799 	-0.433785 	-1.29475 	0.281492 	0.488082 	0.0383546 	
3.17	0.000467261 	-0.43347 	-1.29501 	0.281485 	0.487467 	0.0383325 	
3.175	0.000431214 	-0.433159 	-1.29527 	0.281457 	0.486845 	0.0382696 	
3.18	0.000399311 	-0.432846 	-1.29553 	0.281432 	0.486219 	0.0381736 	
3.185	0.000363259 	-0.432535 	-1.29579 	0.281394 	0.485598 	0.0381249 	
3.19	0.000331308 	-0.432221 	-1.29604 	0.281365 	0.484973 	0.0380515 	
3.195	0.000301505 	-0.431906 	-1.2963 	0.281342 	0.484346 	0.0379698 	
3.2	0.00027834 	-0.43159 	-1.29656 	0.28134 	0.483724 	0.0378967 	
3.205	0.000253471 	-0.431276 	-1.29681 	0.281335 	0.483105 	0.0378765 	
3.21	0.00022817 	-0.430961 	-1.29707 	0.281331 	0.482489 	0.0378658 	
3.215	0.000213489 	-0.430643 	-1.29733 	0.281354 	0.481877 	0.0378626 	
3.22	0.000205916 	-0.430324 	-1.29759 	0.281396 	0.481266 	0.0378674 	
3.225	0.00018834 	-0.430008 	-1.29785 	0.281408 	0.480647 	0.0378784 	
3.23	0.000166829 	-0.429694 	-1.2981 	0.281411 	0.480027 	0.0378875 	
3.235	0.000142967 	-0.42938 	-1.29835 	0.281409 	0.479409 	0.0378864 	
3.24	0.000106177 	-0.42907 	-1.2986 	0.281375 	0.478787 	0.037924 	
3.245	6.34529e-05 	-0.428762 	-1.29886 	0.281326 	0.478165 	0.0379671 	
3.25	2.27979e-05 	-0.428453 	-1.29911 	0.281286 	0.477546 	0.0379982 	
3.255	-1.69886e-05 	-0.428144 	-1.29937 	0.281249 	0.476929 	0.0380241 	
3.26	-5.66011e-05 	-0.427836 	-1.29962 	0.281213 	0.476312 	0.0380477 	
3.265	-9.46294e-05 	-0.427528 	-1.29988 	0.281181 	0.475697 	0.0380635 	
3.27	-0.000130626 	-0.427219 	-1.30013 	0.281155 	0.475082 	0.0380729 	
3.275	-0.00016478 	-0.42691 	-1.30039 	0.281136 	0.474468 	0.0380782 	
3.28	-0.000198497 	-0.426601 	-1.30064 	0.281117 	0.473855 	0.0380834 	
3.285	-0.000232226 	-0.426292 	-1.3009 	0.2811 	0.47324 	0.0380889 	
3.29	-0.000265341 	-0.425982 	-1.30115 	0.281083 	0.472625 	0.0380881 	
3.295	-0.000298422 	-0.425673 	-1.30141 	0.281067 	0.47201 	0.038085 	
3.3	-0.000331644 	-0.425363 	-1.30166 	0.281051 	0.471394 	0.0380809 	
3.305	-0.000365043 	-0.425054 	-1.30192 	0.281034 	0.470777 	0.0380675 	
3.31	-0.000416203 	-0.424747 	-1.30217 	0.280982 	0.470153 	0.038075 	
3.315	-0.000468209 	-0.42444 	-1.30241 	0.28093 	0.469527 	0.0380662 	
3.32	-0.000537161 	-0.424138 	-1.30266 	0.280812 	0.468887 	0.0381009 	
3.325	-0.000608386 	-0.423835 	-1.30291 	0.280689 	0.468248 	0.0380765 	
3.33	-0.000700343 	-0.423536 	-1.30315 	0.280525 	0.467601 	0.0380902 	
3.335	-0.000811486 	-0.423239 	-1.30339 	0.280323 	0.466948 	0.0381278 	
3.34	-0.000919387 	-0.42294 	-1.30364 	0.280132 	0.466297 	0.0381534 	
3.345	-0.00102266 	-0.422638 	-1.30388 	0.27995 	0.465644 	0.038168 	
3.35	-0.0011199 	-0.422332 	-1.30413 	0.279783 	0.464988 	0.0381701 	
3.355	-0.00121113 	-0.422022 	-1.30438 	0.279631 	0.464329 	0.038165 	
3.36	-0.00129314 	-0.421709 	-1.30463 	0.279504 	0.463669 	0.0381417 	
3.365	-0.00140014 	-0.421402 	-1.30487 	0.279318 	0.462998 	0.0381881 	
3.37	-0.00147617 	-0.421087 	-1.30513 	0.279217 	0.462349 	0.0381907 	
3.375	-0.00153774 	-0.420769 	-1.30538 	0.279141 	0.461702 	0.0381909 	
3.38	-0.00159002 	-0.420451 	-1.30564 	0.27908 	0.461056 	0.0381878 	
3.385	-0.00163464 	-0.420132 	-1.30589 	0.279037 	0.460413 	0.0381766 	
3.39	-0.00166999 	-0.419811 	-1.30615 	0.279013 	0.459771 	0.0381549 	
3.395	-0.00170656 	-0.419492 	-1.3064 	0.278982 	0.459124 	0.0381232 	
3.4	-0.00174393 	-0.419174 	-1.30665 	0.278946 	0.458475 	0.0380812 	
3.405	-0.001782 	-0.418857 	-1.30689 	0.278908 	0.457828 	0.0380297 	
3.41	-0.00182408 	-0.418541 	-1.30714 	0.27886 	0.457176 	0.0379864 	
3.415	-0.00186288 	-0.418224 	-1.30738 	0.278829 	0.456529 	0.0379465 	
3.42	-0.00190572 	-0.417909 	-1.30763 	0.278782 	0.455877 	0.0379148 	
3.425	-0.00195064 	-0.417595 	-1.30787 	0.27873 	0.455225 	0.037877 	
3.43	-0.00199481 	-0.417281 	-1.30811 	0.278678 	0.454572 	0.0378172 	
3.435	-0.00203575 	-0.416966 	-1.30836 	0.278631 	0.453923 	0.0377389 	
3.44	-0.00207578 	-0.416651 	-1.30861 	0.278593 	0.453278 	0.0377193 	
3.445	-0.00211567 	-0.416335 	-1.30885 	0.278558 	0.452634 	0.0377086 	
3.45	-0.00215335 	-0.416018 	-1.3091 	0.278533 	0.45199 	0.0377054 	
3.455	-0.00219035 	-0.415701 	-1.30935 	0.278512 	0.451345 	0.0377076 	
3.46	-0.0022249 	-0.415382 	-1.3096 	0.278498 	0.450701 	0.0377074 	
3.465	-0.00226039 	-0.415064 	-1.30984 	0.278481 	0.450054 	0.0377114 	
3.47	-0.00228442 	-0.414741 	-1.31009 	0.278488 	0.449407 	0.0376844 	
3.475	-0.00230339 	-0.414417 	-1.31033 	0.278509 	0.448757 	0.037642 	
3.48	-0.00232081 	-0.414092 	-1.31058 	0.278533 	0.448105 	0.0375945 	
3.485	-0.00233611 	-0.413767 	-1.31082 	0.278566 	0.447455 	0.0375627 	
3.49	-0.00235079 	-0.413442 	-1.31107 	0.278601 	0.446807 	0.0375697 	
3.495	-0.00236622 	-0.413117 	-1.31131 	0.278635 	0.44616 	0.0375923 	
3.5	-0.00237939 	-0.412795 	-1.31155 	0.278676 	0.445519 	0.0376446 	
3.505	-0.00239991 	-0.412478 	-1.31179 	0.278689 	0.444872 	0.0376523 	
3.51	-0.00242098 	-0.412162 	-1.31203 	0.278703 	0.444227 	0.0376533 	
3.515	-0.00244469 	-0.41185 	-1.31227 	0.278711 	0.443584 	0.0376604 	
3.52	-0.00247128 	-0.41154 	-1.31251 	0.27871 	0.442942 	0.0376773 	
3.525	-0.0024927 	-0.41123 	-1.31274 	0.278727 	0.442306 	0.0377035 	
3.53	-0.00251496 	-0.410918 	-1.31298 	0.278749 	0.44167 	0.037794 	
3.535	-0.00254643 	-0.410607 	-1.31321 	0.27874 	0.44102 	0.0378534 	
3.54	-0.00256234 	-0.410292 	-1.31344 	0.278773 	0.440374 	0.0379024 	
3.545	-0.00256753 	-0.409974 	-1.31368 	0.278831 	0.439734 	0.037944 	
3.55	-0.00256525 	-0.409653 	-1.31392 	0.27891 	0.439095 	0.0379917 	
3.555	-0.00257977 	-0.409336 	-1.31415 	0.278938 	0.438448 	0.0380076 	
3.56	-0.00260895 	-0.409023 	-1.31439 	0.278929 	0.437794 	0.0380288 	
3.565	-0.00264689 	-0.408712 	-1.31462 	0.278901 	0.43714 	0.038039 	
3.57	-0.00269026 	-0.408401 	-1.31486 	0.278858 	0.436485 	0.0380425 	
3.575	-0.00274461 	-0.408091 	-1.31509 	0.278787 	0.435822 	0.0380513 	
3.58	-0.00279873 	-0.40778 	-1.31532 	0.278725 	0.435157 	0.0380623 	
3.585	-0.00284474 	-0.407465 	-1.31555 	0.278687 	0.434492 	0.0380724 	
3.59	-0.00289005 	-0.407149 	-1.31579 	0.278644 	0.433829 	0.0380746 	
3.595	-0.0029272 	-0.406833 	-1.31602 	0.278621 	0.433166 	0.0380791 	
3.6	-0.00296525 	-0.406516 	-1.31626 	0.278593 	0.432503 	0.0380798 	
3.605	-0.00299241 	-0.406194 	-1.31649 	0.278593 	0.431841 	0.0380803 	
3.61	-0.00303072 	-0.405876 	-1.31672 	0.278559 	0.431162 	0.0381017 	
3.615	-0.00305897 	-0.405557 	-1.31695 	0.278554 	0.430497 	0.0381241 	
3.62	-0.00308352 	-0.40524 	-1.31719 	0.27856 	0.429837 	0.0381447 	
3.625	-0.00310675 	-0.404924 	-1.31742 	0.278569 	0.42918 	0.0381641 	
3.63	-0.00312947 	-0.404611 	-1.31765 	0.278579 	0.428525 	0.0381821 	
3.635	-0.00315194 	-0.404299 	-1.31788 	0.27859 	0.427873 	0.0381985 	
3.64	-0.00317412 	-0.403988 	-1.31811 	0.278603 	0.427221 	0.0382077 	
3.645	-0.00318606 	-0.403674 	-1.31834 	0.278653 	0.426574 	0.0382121 	
3.65	-0.00320928 	-0.403365 	-1.31856 	0.278684 	0.425924 	0.0382173 	
3.655	-0.0032429 	-0.403237 	-1.31873 	0.278696 	0.425534 	0.0382219 	
3.66	-0.00326526 	-0.403105 	-1.31889 	0.278699 	0.425134 	0.0382258 	
3.665	-0.00328659 	-0.402963 	-1.31904 	0.278686 	0.424711 	0.0381981 	
3.67	-0.00330523 	-0.402806 	-1.31919 	0.278677 	0.424274 	0.0381452 	
3.675	-0.00332472 	-0.402634 	-1.31934 	0.27867 	0.423825 	0.038108 	
3.68	-0.00334523 	-0.402449 	-1.3195 	0.278665 	0.423363 	0.0380971 	
3.685	-0.00337014 	-0.402248 	-1.31967 	0.278652 	0.42288 	0.0380965 	
3.69	-0.0034035 	-0.402036 	-1.31984 	0.278617 	0.422375 	0.0381014 	
3.695	-0.00343349 	-0.401809 	-1.32001 	0.278596 	0.421852 	0.0380839 	
3.7	-0.00346216 	-0.401569 	-1.32019 	0.278584 	0.421309 	0.0380607 	
3.705	-0.00350009 	-0.40132 	-1.32038 	0.278546 	0.420747 	0.0380588 	
3.71	-0.00354261 	-0.401061 	-1.32057 	0.2785 	0.420168 	0.0380613 	
3.715	-0.0035823 	-0.400792 	-1.32077 	0.278469 	0.419575 	0.0380435 	
3.72	-0.00362215 	-0.400515 	-1.32097 	0.27844 	0.418967 	0.0380215 	
3.725	-0.00366412 	-0.40023 	-1.32118 	0.278407 	0.418345 	0.0380033 	
3.73	-0.00370905 	-0.399939 	-1.32139 	0.278368 	0.417712 	0.0379905 	
3.735	-0.00375719 	-0.399643 	-1.3216 	0.278321 	0.417068 	0.037984 	
3.74	-0.00380883 	-0.399342 	-1.32182 	0.278266 	0.416414 	0.0379833 	
3.745	-0.00385583 	-0.399034 	-1.32203 	0.278231 	0.415754 	0.0379852 	
3.75	-0.003903 	-0.398722 	-1.32225 	0.278195 	0.415084 	0.037986 	
3.755	-0.00394563 	-0.398406 	-1.32248 	0.278173 	0.414413 	0.0379842 	
3.76	-0.00398678 	-0.398088 	-1.3227 	0.278155 	0.413737 	0.0379814 	
3.765	-0.00402739 	-0.397767 	-1.32293 	0.278138 	0.413057 	0.0379783 	
3.77	-0.00406777 	-0.397445 	-1.32315 	0.27812 	0.412373 	0.0379751 	
3.775	-0.00410204 	-0.39712 	-1.32338 	0.278125 	0.411682 	0.0379396 	
3.78	-0.00413479 	-0.396792 	-1.3236 	0.278131 	0.410985 	0.0378995 	
3.785	-0.00416644 	-0.396468 	-1.32382 	0.27814 	0.410295 	0.0378744 	
3.79	-0.00420387 	-0.396144 	-1.32404 	0.278129 	0.409596 	0.0378386 	
3.795	-0.00424594 	-0.395819 	-1.32426 	0.278099 	0.408894 	0.0377916 	
3.8	-0.00428976 	-0.395493 	-1.32448 	0.278067 	0.408187 	0.0377402 	
3.805	-0.00433781 	-0.395165 	-1.3247 	0.278032 	0.407479 	0.0377047 	
3.81	-0.00437668 	-0.394842 	-1.32492 	0.278036 	0.406785 	0.0376913 	
3.815	-0.00441575 	-0.394517 	-1.32515 	0.278032 	0.40609 	0.0376837 	
3.82	-0.00445649 	-0.394191 	-1.32537 	0.27802 	0.405393 	0.0376799 	
3.825	-0.00449904 	-0.393875 	-1.32559 	0.278 	0.404704 	0.03766 	
3.83	-0.00454195 	-0.393567 	-1.3258 	0.277976 	0.404026 	0.0376362 	
3.835	-0.00458413 	-0.393268 	-1.32601 	0.277951 	0.403361 	0.0376124 	
3.84	-0.00462522 	-0.392978 	-1.32622 	0.277926 	0.402708 	0.0375904 	
3.845	-0.0046651 	-0.392695 	-1.32642 	0.277903 	0.402066 	0.0375713 	
3.85	-0.00470375 	-0.392419 	-1.32662 	0.277882 	0.401436 	0.0375563 	
3.855	-0.00474118 	-0.39215 	-1.32682 	0.277862 	0.400817 	0.0375461 	
3.86	-0.00477744 	-0.391887 	-1.32701 	0.277845 	0.400207 	0.0375415 	
3.865	-0.0048126 	-0.39163 	-1.3272 	0.27783 	0.399606 	0.0375431 	
3.87	-0.00484773 	-0.391367 	-1.32739 	0.27781 	0.398999 	0.0375372 	
3.875	-0.00488391 	-0.391097 	-1.32758 	0.277787 	0.398384 	0.037536 	
3.88	-0.00492109 	-0.390821 	-1.32777 	0.277764 	0.397761 	0.0375359 	
3.885	-0.00495922 	-0.390538 	-1.32797 	0.27774 	0.397129 	0.0375361 	
3.89	-0.00499833 	-0.390251 	-1.32817 	0.277716 	0.396487 	0.0375335 	
3.895	-0.00504411 	-0.389958 	-1.32836 	0.277672 	0.39583 	0.0375277 	
3.9	-0.00509276 	-0.389661 	-1.32857 	0.277623 	0.395163 	0.0375254 	
3.905	-0.00513536 	-0.389552 	-1.32871 	0.277601 	0.394792 	0.0375254 	
3.91	-0.00516299 	-0.389432 	-1.32885 	0.27757 	0.394394 	0.0375267 	
3.915	-0.00518372 	-0.389296 	-1.32898 	0.277552 	0.393979 	0.0375304 	
3.92	-0.0052059 	-0.389145 	-1.32911 	0.27753 	0.393541 	0.0375361 	
3.925	-0.00522869 	-0.388977 	-1.32925 	0.277512 	0.393083 	0.0375402 	
3.93	-0.00525182 	-0.388792 	-1.32939 	0.277498 	0.392603 	0.0375324 	
3.935	-0.005279 	-0.388591 	-1.32954 	0.277476 	0.392102 	0.0375306 	
3.94	-0.00530788 	-0.388376 	-1.3297 	0.277454 	0.39158 	0.0375287 	
3.945	-0.00533362 	-0.388146 	-1.32986 	0.277451 	0.391038 	0.0375213 	
3.95	-0.00535864 	-0.387902 	-1.33003 	0.277456 	0.390475 	0.0375121 	
3.955	-0.00538468 	-0.387647 	-1.3302 	0.277461 	0.389893 	0.0375028 	
3.96	-0.00541274 	-0.387382 	-1.33038 	0.277462 	0.389291 	0.0374946 	
3.965	-0.00544321 	-0.387107 	-1.33056 	0.27746 	0.388672 	0.0374884 	
3.97	-0.00547628 	-0.386824 	-1.33075 	0.277453 	0.388038 	0.0374846 	
3.975	-0.00551205 	-0.386534 	-1.33094 	0.277441 	0.38739 	0.0374834 	
3.98	-0.00555646 	-0.386239 	-1.33113 	0.277403 	0.386726 	0.0374852 	
3.985	-0.00560447 	-0.385938 	-1.33133 	0.277358 	0.386048 	0.0374904 	
3.99	-0.00564961 	-0.38563 	-1.33153 	0.277328 	0.385363 	0.0374942 	
3.995	-0.00569434 	-0.385317 	-1.33173 	0.2773 	0.384669 	0.037498 	
4	-0.00573889 	-0.384999 	-1.33194 	0.277275 	0.383966 	0.0375009 	
4.005	-0.00578423 	-0.384678 	-1.33214 	0.277248 	0.383256 	0.0375041 	
4.01	-0.00583158 	-0.384353 	-1.33235 	0.277216 	0.382539 	0.0375089 	
4.015	-0.00587877 	-0.38403 	-1.33255 	0.277181 	0.381816 	0.0374659 	
4.02	-0.00592501 	-0.383721 	-1.33275 	0.277158 	0.381117 	0.0374706 	
4.025	-0.00596955 	-0.383421 	-1.33295 	0.277138 	0.380429 	0.0374872 	
4.03	-0.00601658 	-0.383127 	-1.33314 	0.27711 	0.379749 	0.0375196 	
4.035	-0.00606223 	-0.382837 	-1.33333 	0.277083 	0.379073 	0.0375464 	
4.04	-0.00610586 	-0.382555 	-1.33352 	0.27706 	0.378409 	0.0375676 	
4.045	-0.00614776 	-0.382279 	-1.3337 	0.277039 	0.377757 	0.0375872 	
4.05	-0.006191 	-0.382012 	-1.33388 	0.277019 	0.377127 	0.0376249 	
4.055	-0.0062316 	-0.381766 	-1.33404 	0.27701 	0.376542 	0.037653 	
4.06	-0.00626737 	-0.381567 	-1.3342 	0.277008 	0.376028 	0.0376824 	
4.065	-0.0063032 	-0.381363 	-1.33435 	0.27699 	0.375495 	0.0377146 	
4.07	-0.00634047 	-0.38115 	-1.3345 	0.276965 	0.374948 	0.0377483 	
4.075	-0.00638024 	-0.380929 	-1.33465 	0.276933 	0.374386 	0.0377894 	
4.08	-0.00641874 	-0.380694 	-1.33481 	0.276903 	0.373812 	0.0378024 	
4.085	-0.00645628 	-0.380448 	-1.33497 	0.276878 	0.373223 	0.0378053 	
4.09	-0.00649441 	-0.380192 	-1.33514 	0.276854 	0.372617 	0.0378057 	
4.095	-0.00653426 	-0.379926 	-1.33532 	0.276828 	0.371994 	0.0378083 	
4.1	-0.0065755 	-0.379651 	-1.33549 	0.276801 	0.371354 	0.0378116 	
4.105	-0.00661798 	-0.379367 	-1.33567 	0.276773 	0.370699 	0.0378152 	
4.11	-0.00666253 	-0.379083 	-1.33585 	0.276742 	0.370035 	0.0378114 	
4.115	-0.00670821 	-0.378798 	-1.33603 	0.276708 	0.369366 	0.0377983 	
4.12	-0.00675466 	-0.378513 	-1.33621 	0.27667 	0.368694 	0.0377769 	
4.125	-0.0067927 	-0.378225 	-1.33639 	0.276654 	0.368023 	0.0377712 	
4.13	-0.00682619 	-0.377937 	-1.33658 	0.27665 	0.367352 	0.0377724 	
4.135	-0.00685766 	-0.377649 	-1.33676 	0.276652 	0.366682 	0.0377753 	
4.14	-0.00688814 	-0.377362 	-1.33694 	0.276655 	0.366012 	0.0377791 	
4.145	-0.00691809 	-0.377076 	-1.33713 	0.276659 	0.365342 	0.0377834 	
4.15	-0.00694766 	-0.37679 	-1.33731 	0.276663 	0.364672 	0.0377879 	
4.155	-0.00697694 	-0.376505 	-1.33749 	0.276667 	0.364003 	0.0377925 	
4.16	-0.00701767 	-0.37622 	-1.33766 	0.276648 	0.363318 	0.037857 	
4.165	-0.00706257 	-0.375934 	-1.33783 	0.276624 	0.362625 	0.0379372 	
4.17	-0.00710945 	-0.375646 	-1.33801 	0.276598 	0.361927 	0.0380222 	
4.175	-0.0071442 	-0.375348 	-1.33818 	0.276597 	0.361229 	0.0380472 	
4.18	-0.00717159 	-0.375042 	-1.33836 	0.276609 	0.360525 	0.0380446 	
4.185	-0.0071962 	-0.37473 	-1.33854 	0.276625 	0.359812 	0.0380314 	
4.19	-0.00722564 	-0.374417 	-1.33872 	0.276632 	0.359086 	0.0380551 	
4.195	-0.00726651 	-0.374108 	-1.3389 	0.276608 	0.358356 	0.0380994 	
4.2	-0.00731071 	-0.373803 	-1.33908 	0.276579 	0.35763 	0.0381404 	
4.205	-0.00735802 	-0.373496 	-1.33926 	0.276544 	0.356899 	0.0381904 	
4.21	-0.00740713 	-0.373187 	-1.33944 	0.276509 	0.356163 	0.0382429 	
4.215	-0.00745753 	-0.372877 	-1.33962 	0.276472 	0.355423 	0.0382962 	
4.22	-0.00751448 	-0.37258 	-1.33979 	0.276404 	0.354706 	0.0382816 	
4.225	-0.00757196 	-0.372303 	-1.33996 	0.27633 	0.354021 	0.0382504 	
4.23	-0.00762636 	-0.372037 	-1.34013 	0.276261 	0.353353 	0.0382158 	
4.235	-0.00767777 	-0.371771 	-1.3403 	0.276198 	0.352685 	0.0381803 	
4.24	-0.00772788 	-0.371503 	-1.34046 	0.276138 	0.352015 	0.0381438 	
4.245	-0.00777728 	-0.371234 	-1.34062 	0.27608 	0.351345 	0.0381065 	
4.25	-0.00782419 	-0.370959 	-1.34079 	0.276038 	0.350668 	0.0380882 	
4.255	-0.00787124 	-0.370679 	-1.34096 	0.275999 	0.349984 	0.0380854 	
4.26	-0.00792971 	-0.370398 	-1.34112 	0.275946 	0.349296 	0.0380552 	
4.265	-0.00799848 	-0.370114 	-1.34128 	0.275859 	0.348593 	0.0380335 	
4.27	-0.00806917 	-0.369826 	-1.34144 	0.275767 	0.34788 	0.0380112 	
4.275	-0.00813273 	-0.36953 	-1.34161 	0.275703 	0.34716 	0.0379915 	
4.28	-0.00818528 	-0.369246 	-1.34178 	0.275669 	0.346467 	0.0379514 	
4.285	-0.00823177 	-0.369009 	-1.34193 	0.275646 	0.34585 	0.0379119 	
4.29	-0.00827229 	-0.368783 	-1.34209 	0.275629 	0.345251 	0.0378927 	
4.295	-0.00830802 	-0.368553 	-1.34223 	0.275617 	0.344646 	0.0378635 	
4.3	-0.00834196 	-0.368315 	-1.34238 	0.275607 	0.344032 	0.0378332 	
4.305	-0.00837531 	-0.368073 	-1.34252 	0.275577 	0.343405 	0.0378107 	
4.31	-0.00840439 	-0.367826 	-1.34267 	0.275541 	0.342768 	0.0377897 	
4.315	-0.00843701 	-0.367573 	-1.34281 	0.2755 	0.34212 	0.0377717 	
4.32	-0.00846351 	-0.367315 	-1.34296 	0.275463 	0.341465 	0.0377498 	
4.325	-0.00848516 	-0.367053 	-1.34311 	0.275425 	0.340802 	0.0377257 	
4.33	-0.0085107 	-0.366791 	-1.34326 	0.275385 	0.340142 	0.0376989 	
4.335	-0.00854232 	-0.366527 	-1.34341 	0.275343 	0.339484 	0.037644 	
4.34	-0.00856792 	-0.36626 	-1.34356 	0.275328 	0.338827 	0.0375719 	
4.345	-0.00859894 	-0.366027 	-1.3437 	0.275294 	0.338223 	0.037484 	
4.35	-0.00863452 	-0.365847 	-1.34383 	0.27525 	0.337704 	0.0374665 	
4.355	-0.00866256 	-0.365657 	-1.34397 	0.275222 	0.337173 	0.0374556 	
4.36	-0.00868949 	-0.365454 	-1.3441 	0.275199 	0.336625 	0.0374452 	
4.365	-0.00871907 	-0.36524 	-1.34424 	0.275173 	0.336059 	0.0374452 	
4.37	-0.00875125 	-0.365013 	-1.34438 	0.275146 	0.335473 	0.0374477 	
4.375	-0.00878596 	-0.364774 	-1.34452 	0.275118 	0.334867 	0.0374509 	
4.38	-0.00882301 	-0.364524 	-1.34467 	0.275089 	0.334242 	0.0374539 	
4.385	-0.0088621 	-0.364264 	-1.34482 	0.275059 	0.333599 	0.0374555 	
4.39	-0.00890308 	-0.363994 	-1.34497 	0.275029 	0.332939 	0.0374555 	
4.395	-0.00894588 	-0.363716 	-1.34513 	0.274997 	0.332263 	0.0374552 	
4.4	-0.00899036 	-0.363429 	-1.34529 	0.274965 	0.331571 	0.0374548 	
4.405	-0.00903501 	-0.363135 	-1.34546 	0.274936 	0.330864 	0.0374452 	
4.41	-0.00908042 	-0.362835 	-1.34562 	0.274907 	0.330144 	0.0374329 	
4.415	-0.00912813 	-0.36253 	-1.34579 	0.274874 	0.329413 	0.0374301 	
4.42	-0.00917607 	-0.362219 	-1.34596 	0.274843 	0.328671 	0.0374205 	
4.425	-0.0092246 	-0.361906 	-1.34613 	0.274815 	0.32792 	0.0374261 	
4.43	-0.00927206 	-0.361593 	-1.34628 	0.274814 	0.327171 	0.0374653 	
4.435	-0.00931791 	-0.361276 	-1.34644 	0.274819 	0.326408 	0.0375152 	
4.44	-0.00937432 	-0.36096 	-1.3466 	0.274778 	0.325636 	0.0375671 	
4.445	-0.00943464 	-0.360648 	-1.34676 	0.274724 	0.324867 	0.0376226 	
4.45	-0.00949208 	-0.36036 	-1.34692 	0.274671 	0.324126 	0.0376573 	
4.455	-0.00954805 	-0.360071 	-1.34709 	0.274615 	0.323388 	0.0376809 	
4.46	-0.00960374 	-0.359786 	-1.34724 	0.274563 	0.322667 	0.0377026 	
4.465	-0.00965585 	-0.359557 	-1.34739 	0.274518 	0.322046 	0.0377197 	
4.47	-0.00970313 	-0.35933 	-1.34753 	0.274477 	0.32143 	0.0377396 	
4.475	-0.0097431 	-0.359167 	-1.34766 	0.274448 	0.320922 	0.0377199 	
4.48	-0.00977352 	-0.358992 	-1.34778 	0.274436 	0.320402 	0.0377186 	
4.485	-0.00980155 	-0.358806 	-1.3479 	0.274428 	0.319867 	0.0377214 	
4.49	-0.00983199 	-0.35861 	-1.34803 	0.274412 	0.319318 	0.0377221 	
4.495	-0.00986521 	-0.358403 	-1.34815 	0.27439 	0.318751 	0.0377182 	
4.5	-0.00990102 	-0.358184 	-1.34828 	0.274365 	0.318165 	0.0377208 	
4.505	-0.00994006 	-0.357955 	-1.34841 	0.274334 	0.31756 	0.0377235 	
4.51	-0.00998137 	-0.357714 	-1.34855 	0.2743 	0.316935 	0.0377266 	
4.515	-0.0100242 	-0.357465 	-1.34868 	0.274267 	0.316295 	0.0377303 	
4.52	-0.010068 	-0.357208 	-1.34882 	0.274234 	0.315639 	0.0377341 	
4.525	-0.0101116 	-0.356942 	-1.34897 	0.274206 	0.314969 	0.0377366 	
4.53	-0.010155 	-0.356669 	-1.34911 	0.274181 	0.314284 	0.0377376 	
4.535	-0.0101983 	-0.356389 	-1.34926 	0.274159 	0.313587 	0.0377365 	
4.54	-0.0102412 	-0.356102 	-1.34941 	0.274139 	0.312879 	0.0377331 	
4.545	-0.0102838 	-0.355811 	-1.34957 	0.274122 	0.312159 	0.0377273 	
4.55	-0.0103266 	-0.355515 	-1.34972 	0.274107 	0.31143 	0.0377203 	
4.555	-0.0103708 	-0.355214 	-1.34987 	0.274088 	0.31069 	0.0377142 	
4.56	-0.0104115 	-0.354906 	-1.35003 	0.274088 	0.309943 	0.0377297 	
4.565	-0.0104678 	-0.354598 	-1.35019 	0.27403 	0.309179 	0.0377251 	
4.57	-0.0105283 	-0.354286 	-1.35034 	0.273961 	0.308407 	0.0377177 	
4.575	-0.0105893 	-0.353971 	-1.3505 	0.273895 	0.307627 	0.0377123 	
4.58	-0.0106496 	-0.353657 	-1.35065 	0.273828 	0.306843 	0.0376313 	
4.585	-0.0107097 	-0.353343 	-1.35081 	0.273761 	0.306055 	0.0375381 	
4.59	-0.0107683 	-0.35303 	-1.35096 	0.273698 	0.305267 	0.0374433 	
4.595	-0.0108262 	-0.352719 	-1.35112 	0.273638 	0.304481 	0.0373489 	
4.6	-0.0109038 	-0.35247 	-1.35124 	0.273469 	0.303806 	0.0368813 	
4.605	-0.0109655 	-0.352238 	-1.35136 	0.27338 	0.303203 	0.0366698 	
4.61	-0.0110195 	-0.352014 	-1.35148 	0.273313 	0.302623 	0.0365444 	
4.615	-0.0110685 	-0.351792 	-1.35159 	0.273268 	0.302057 	0.036486 	
4.62	-0.0111112 	-0.351549 	-1.35171 	0.273245 	0.301443 	0.036445 	
4.625	-0.0111525 	-0.351291 	-1.35183 	0.273228 	0.300791 	0.0364117 	
4.63	-0.011195 	-0.351018 	-1.35197 	0.27321 	0.300109 	0.0363974 	
4.635	-0.0112368 	-0.350736 	-1.3521 	0.273192 	0.299401 	0.0363951 	
4.64	-0.0112791 	-0.350448 	-1.35224 	0.273173 	0.298673 	0.0363984 	
4.645	-0.0113143 	-0.35015 	-1.35238 	0.273184 	0.297941 	0.0364028 	
4.65	-0.011347 	-0.349848 	-1.35253 	0.273206 	0.2972 	0.0364083 	
4.655	-0.0113875 	-0.349545 	-1.35268 	0.273199 	0.296442 	0.0364259 	
4.66	-0.0114388 	-0.349243 	-1.35282 	0.273164 	0.295671 	0.0364444 	
4.665	-0.0114941 	-0.348938 	-1.35296 	0.273121 	0.294892 	0.0364596 	
4.67	-0.0115512 	-0.348631 	-1.35311 	0.273077 	0.294107 	0.0364822 	
4.675	-0.0116097 	-0.34832 	-1.35325 	0.273033 	0.293314 	0.0365094 	
4.68	-0.0116694 	-0.348007 	-1.3534 	0.272987 	0.292515 	0.0365406 	
4.685	-0.0117301 	-0.347693 	-1.35354 	0.272942 	0.291709 	0.0365754 	
4.69	-0.01179 	-0.347379 	-1.35368 	0.272896 	0.290899 	0.0366128 	
4.695	-0.0118449 	-0.347206 	-1.35381 	0.272837 	0.290339 	0.0366359 	
4.7	-0.0118888 	-0.347027 	-1.35393 	0.272788 	0.289763 	0.0366171 	
4.705	-0.0119289 	-0.346837 	-1.35404 	0.272746 	0.289177 	0.0366071 	
4.71	-0.011969 	-0.346637 	-1.35415 	0.272707 	0.288578 	0.0366098 	
4.715	-0.0120103 	-0.346425 	-1.35426 	0.272672 	0.287962 	0.0366265 	
4.72	-0.0120535 	-0.346203 	-1.35437 	0.272637 	0.287328 	0.0366477 	
4.725	-0.0120989 	-0.34597 	-1.35448 	0.272602 	0.286675 	0.036671 	
4.73	-0.0121464 	-0.345727 	-1.3546 	0.272565 	0.286004 	0.0366957 	
4.735	-0.012196 	-0.345474 	-1.35471 	0.272528 	0.285314 	0.0367214 	
4.74	-0.0122475 	-0.345212 	-1.35483 	0.27249 	0.284607 	0.0367484 	
4.745	-0.0123011 	-0.344943 	-1.35495 	0.272449 	0.283884 	0.0367741 	
4.75	-0.0123568 	-0.344668 	-1.35508 	0.272405 	0.28315 	0.0367878 	
4.755	-0.0124156 	-0.34439 	-1.3552 	0.272354 	0.282406 	0.0367978 	
4.76	-0.0124775 	-0.344108 	-1.35533 	0.272296 	0.281653 	0.0368079 	
4.765	-0.0125427 	-0.343824 	-1.35546 	0.27223 	0.280891 	0.03682 	
4.77	-0.0126109 	-0.343537 	-1.35559 	0.272158 	0.280123 	0.0368347 	
4.775	-0.0126705 	-0.343241 	-1.35572 	0.272119 	0.27935 	0.0368409 	
4.78	-0.0127311 	-0.342939 	-1.35585 	0.272075 	0.278567 	0.0368473 	
4.785	-0.0127924 	-0.342632 	-1.35599 	0.272029 	0.277773 	0.0368535 	
4.79	-0.0128545 	-0.342321 	-1.35613 	0.271983 	0.276969 	0.0368592 	
4.795	-0.0129175 	-0.342005 	-1.35626 	0.271935 	0.276155 	0.0368654 	
4.8	-0.0129818 	-0.341686 	-1.3564 	0.271887 	0.275331 	0.0368761 	
4.805	-0.0130442 	-0.341362 	-1.35654 	0.271845 	0.274498 	0.0368785 	
4.81	-0.0131102 	-0.341037 	-1.35668 	0.271795 	0.273655 	0.0368983 	
4.815	-0.0131784 	-0.34071 	-1.35681 	0.271742 	0.272803 	0.0369273 	
4.82	-0.0132481 	-0.340381 	-1.35695 	0.271686 	0.271944 	0.0369637 	
4.825	-0.013319 	-0.34005 	-1.35708 	0.271629 	0.271078 	0.0370047 	
4.83	-0.013398 	-0.339736 	-1.35721 	0.271541 	0.270235 	0.0370625 	
4.835	-0.0134782 	-0.339434 	-1.35734 	0.271447 	0.269414 	0.0371232 	
4.84	-0.0135574 	-0.339142 	-1.35747 	0.271352 	0.268611 	0.0371837 	
4.845	-0.0136327 	-0.338875 	-1.35759 	0.271264 	0.267855 	0.0372387 	
4.85	-0.0137026 	-0.338632 	-1.35771 	0.271183 	0.267146 	0.0372908 	
4.855	-0.0137671 	-0.338409 	-1.35783 	0.271107 	0.266477 	0.0373393 	
4.86	-0.0138293 	-0.338194 	-1.35793 	0.271033 	0.265826 	0.0373862 	
4.865	-0.0138903 	-0.33798 	-1.35804 	0.270959 	0.265179 	0.0374331 	
4.87	-0.0139507 	-0.337768 	-1.35814 	0.270884 	0.264537 	0.0374761 	
4.875	-0.0140108 	-0.337556 	-1.35824 	0.270809 	0.2639 	0.0375142 	
4.88	-0.0140708 	-0.337345 	-1.35835 	0.270734 	0.263266 	0.0375471 	
4.885	-0.0141304 	-0.337136 	-1.35845 	0.270658 	0.262639 	0.0375752 	
4.89	-0.014187 	-0.336919 	-1.35855 	0.270593 	0.262002 	0.0376008 	
4.895	-0.0142387 	-0.336686 	-1.35866 	0.270547 	0.261341 	0.0376151 	
4.9	-0.0142969 	-0.336452 	-1.35876 	0.270478 	0.260674 	0.0376354 	
4.905	-0.0143579 	-0.336217 	-1.35887 	0.270402 	0.260003 	0.0376575 	
4.91	-0.0143964 	-0.336171 	-1.35896 	0.270372 	0.259704 	0.0376636 	
4.915	-0.0144328 	-0.336106 	-1.35902 	0.270285 	0.259345 	0.0376047 	
4.92	-0.0144649 	-0.33602 	-1.35909 	0.270206 	0.25895 	0.0375204 	
4.925	-0.0144925 	-0.335939 	-1.35915 	0.270162 	0.258595 	0.0374917 	
4.93	-0.0145117 	-0.335912 	-1.35921 	0.27014 	0.258348 	0.0374838 	
4.935	-0.0145293 	-0.335857 	-1.35926 	0.270116 	0.258041 	0.0374869 	
4.94	-0.0145467 	-0.335772 	-1.35932 	0.270096 	0.257682 	0.0374481 	
4.945	-0.0145598 	-0.335686 	-1.35938 	0.270092 	0.257308 	0.0374318 	
4.95	-0.0145763 	-0.335597 	-1.35944 	0.270091 	0.25695 	0.0373989 	
4.955	-0.0146205 	-0.335488 	-1.35949 	0.270005 	0.256532 	0.0373863 	
4.96	-0.0146595 	-0.335348 	-1.35956 	0.269951 	0.256063 	0.0373504 	
4.965	-0.0146999 	-0.335181 	-1.35963 	0.269908 	0.255545 	0.0373187 	
4.97	-0.0147429 	-0.334991 	-1.35971 	0.269871 	0.254986 	0.0373236 	
4.975	-0.0147894 	-0.334781 	-1.3598 	0.269833 	0.254387 	0.0373395 	
4.98	-0.0148392 	-0.334553 	-1.3599 	0.269793 	0.25375 	0.0373594 	
4.985	-0.0148816 	-0.334305 	-1.35999 	0.269781 	0.253081 	0.0373736 	
4.99	-0.01493 	-0.334051 	-1.36009 	0.269747 	0.252396 	0.0373786 	
4.995	-0.0149836 	-0.333784 	-1.36019 	0.269698 	0.251671 	0.0373718 	
5	-0.0150602 	-0.333509 	-1.36028 	0.269573 	0.250911 	0.0373333 	
5.005	-0.0151536 	-0.333235 	-1.36038 	0.269407 	0.250161 	0.0372545 	
5.01	-0.0152523 	-0.332963 	-1.36049 	0.269229 	0.249406 	0.0371812 	
5.015	-0.015359 	-0.332685 	-1.36059 	0.269031 	0.248618 	0.0371327 	
5.02	-0.0154249 	-0.332423 	-1.36069 	0.268992 	0.247939 	0.0371129 	
5.025	-0.0154679 	-0.332276 	-1.36078 	0.268993 	0.247462 	0.0371031 	
5.03	-0.0154923 	-0.332275 	-1.36086 	0.268992 	0.247235 	0.0370969 	
5.035	-0.0155135 	-0.332256 	-1.36091 	0.268962 	0.246958 	0.0370721 	
5.04	-0.0155751 	-0.332225 	-1.36094 	0.26881 	0.246623 	0.0370546 	
5.045	-0.0156185 	-0.33216 	-1.36099 	0.268711 	0.246267 	0.0370671 	
5.05	-0.0156541 	-0.332064 	-1.36104 	0.268655 	0.245874 	0.0370788 	
5.055	-0.015695 	-0.331943 	-1.3611 	0.268595 	0.245431 	0.0370903 	
5.06	-0.0157487 	-0.331798 	-1.36116 	0.2685 	0.244935 	0.0370913 	
5.065	-0.0157921 	-0.331626 	-1.36123 	0.268458 	0.244403 	0.0371179 	
5.07	-0.0158293 	-0.331502 	-1.3613 	0.26843 	0.243961 	0.037129 	
5.075	-0.015868 	-0.331374 	-1.36137 	0.268391 	0.243522 	0.0371357 	
5.08	-0.0159011 	-0.331238 	-1.36144 	0.268362 	0.243045 	0.0371383 	
5.085	-0.0159534 	-0.331089 	-1.36151 	0.268282 	0.242525 	0.0371662 	
5.09	-0.0159985 	-0.330923 	-1.36158 	0.268229 	0.241993 	0.0371652 	
5.095	-0.0160324 	-0.330736 	-1.36167 	0.268218 	0.241438 	0.0371599 	
5.1	-0.0160588 	-0.330532 	-1.36176 	0.268236 	0.240855 	0.0371602 	
5.105	-0.0160838 	-0.330314 	-1.36185 	0.268261 	0.240245 	0.0371608 	
5.11	-0.0161087 	-0.330082 	-1.36195 	0.26829 	0.239609 	0.0371622 	
5.115	-0.0161341 	-0.329838 	-1.36205 	0.26832 	0.238948 	0.0371638 	
5.12	-0.0161602 	-0.329584 	-1.36215 	0.268352 	0.238264 	0.0371657 	
5.125	-0.0161871 	-0.329319 	-1.36226 	0.268385 	0.23756 	0.0371676 	
5.13	-0.0162246 	-0.329049 	-1.36236 	0.268392 	0.236836 	0.0371537 	
5.135	-0.0162767 	-0.328773 	-1.36247 	0.268381 	0.236091 	0.037156 	
5.14	-0.0163303 	-0.328497 	-1.36257 	0.268368 	0.235341 	0.0371452 	
5.145	-0.0163792 	-0.328216 	-1.36268 	0.268367 	0.234582 	0.0371388 	
5.15	-0.0164381 	-0.327931 	-1.36278 	0.268336 	0.233798 	0.0371661 	
5.155	-0.0165015 	-0.32764 	-1.36288 	0.268295 	0.232998 	0.0372029 	
5.16	-0.0165742 	-0.327362 	-1.36298 	0.268223 	0.232219 	0.0372548 	
5.165	-0.0166506 	-0.327081 	-1.36308 	0.26814 	0.231427 	0.0373117 	
5.17	-0.0167287 	-0.326793 	-1.36318 	0.268047 	0.230622 	0.037337 	
5.175	-0.0168124 	-0.326501 	-1.36328 	0.267945 	0.229799 	0.0373963 	
5.18	-0.0168912 	-0.326202 	-1.36337 	0.267863 	0.228962 	0.0374663 	
5.185	-0.0169635 	-0.325899 	-1.36347 	0.267796 	0.228132 	0.0374337 	
5.19	-0.017037 	-0.325587 	-1.36358 	0.267729 	0.227276 	0.0374269 	
5.195	-0.017116 	-0.325269 	-1.36368 	0.267646 	0.226401 	0.037428 	
5.2	-0.0172085 	-0.324949 	-1.36378 	0.267533 	0.225511 	0.0374663 	
5.205	-0.0172838 	-0.324617 	-1.36389 	0.26749 	0.224615 	0.037501 	
5.21	-0.0173536 	-0.324287 	-1.36401 	0.267425 	0.223762 	0.0373742 	
5.215	-0.0174027 	-0.324183 	-1.36411 	0.267406 	0.223328 	0.0373236 	
5.22	-0.0174599 	-0.324028 	-1.36418 	0.267348 	0.222856 	0.0373112 	
5.225	-0.0175124 	-0.323828 	-1.36426 	0.267322 	0.222312 	0.0373225 	
5.23	-0.0175809 	-0.323592 	-1.36433 	0.26726 	0.221685 	0.0373479 	
5.235	-0.0176474 	-0.323326 	-1.36443 	0.267195 	0.221029 	0.0372592 	
5.24	-0.0176958 	-0.323223 	-1.36452 	0.267182 	0.220655 	0.0372279 	
5.245	-0.0177449 	-0.323091 	-1.36459 	0.267139 	0.220203 	0.0372361 	
5.25	-0.0177986 	-0.322925 	-1.36466 	0.267082 	0.219684 	0.0372501 	
5.255	-0.0178575 	-0.322725 	-1.36473 	0.267017 	0.219105 	0.0372428 	
5.26	-0.0179148 	-0.322491 	-1.36481 	0.266951 	0.218461 	0.0372598 	
5.265	-0.0179821 	-0.322228 	-1.36489 	0.266872 	0.217756 	0.0372926 	
5.27	-0.0180512 	-0.321935 	-1.36498 	0.266806 	0.216997 	0.0373312 	
5.275	-0.0180954 	-0.32183 	-1.36508 	0.266793 	0.216589 	0.0373418 	
5.28	-0.0181404 	-0.321701 	-1.36515 	0.266748 	0.216118 	0.0373617 	
5.285	-0.0181939 	-0.321543 	-1.36522 	0.266679 	0.215592 	0.0373749 	
5.29	-0.018243 	-0.321349 	-1.3653 	0.266643 	0.215016 	0.037393 	
5.295	-0.0182917 	-0.32112 	-1.36537 	0.266617 	0.214382 	0.0374115 	
5.3	-0.018361 	-0.320866 	-1.36545 	0.266549 	0.213685 	0.0374331 	
5.305	-0.0184405 	-0.320585 	-1.36553 	0.266465 	0.212932 	0.0374686 	
5.31	-0.0185362 	-0.320279 	-1.36562 	0.266353 	0.212121 	0.0375155 	
5.315	-0.0186035 	-0.320062 	-1.36573 	0.266306 	0.211405 	0.0375076 	
5.32	-0.0186884 	-0.319841 	-1.36583 	0.266199 	0.210679 	0.0375429 	
5.325	-0.0187742 	-0.319604 	-1.36591 	0.266099 	0.20994 	0.0375923 	
5.33	-0.0188617 	-0.319347 	-1.366 	0.265998 	0.209182 	0.0376416 	
5.335	-0.0189687 	-0.319073 	-1.36608 	0.265847 	0.208388 	0.0377094 	
5.34	-0.0190926 	-0.31878 	-1.36616 	0.265658 	0.207548 	0.037751 	
5.345	-0.0192038 	-0.31846 	-1.36625 	0.265539 	0.206684 	0.0377848 	
5.35	-0.0192744 	-0.31837 	-1.36635 	0.26551 	0.206292 	0.0377931 	
5.355	-0.019369 	-0.318265 	-1.36641 	0.265359 	0.205822 	0.0378043 	
5.36	-0.0194699 	-0.318131 	-1.36647 	0.26518 	0.205304 	0.0378493 	
5.365	-0.0195612 	-0.317959 	-1.36653 	0.265044 	0.204737 	0.0378887 	
5.37	-0.0196528 	-0.317754 	-1.3666 	0.264916 	0.204113 	0.0379294 	
5.375	-0.0197588 	-0.31752 	-1.36666 	0.264759 	0.203427 	0.037977 	
5.38	-0.0198623 	-0.317253 	-1.36673 	0.264622 	0.202676 	0.0380065 	
5.385	-0.0199013 	-0.317018 	-1.36682 	0.264706 	0.20211 	0.0380156 	
5.39	-0.0199516 	-0.316923 	-1.36688 	0.264705 	0.201842 	0.0380194 	
5.395	-0.0199744 	-0.316828 	-1.36695 	0.264733 	0.201552 	0.038022 	
5.4	-0.0199829 	-0.316732 	-1.367 	0.264791 	0.201254 	0.0380146 	
5.405	-0.0199834 	-0.316634 	-1.36706 	0.264867 	0.200944 	0.0380016 	
5.41	-0.0199817 	-0.316528 	-1.36712 	0.264931 	0.200608 	0.0379821 	
5.415	-0.0199768 	-0.316412 	-1.36718 	0.265001 	0.200254 	0.0379685 	
5.42	-0.0199743 	-0.316296 	-1.36723 	0.265055 	0.199878 	0.0379261 	
5.425	-0.0199764 	-0.316231 	-1.36729 	0.26509 	0.19961 	0.0378803 	
5.43	-0.0199722 	-0.316151 	-1.36736 	0.265205 	0.199386 	0.0378723 	
5.435	-0.020024 	-0.31604 	-1.3674 	0.265157 	0.199028 	0.0378539 	
5.44	-0.0200636 	-0.315941 	-1.36747 	0.265088 	0.198639 	0.0378162 	
5.445	-0.020103 	-0.315805 	-1.36753 	0.265036 	0.198174 	0.0377839 	
5.45	-0.020147 	-0.31563 	-1.3676 	0.264994 	0.197638 	0.0377675 	
5.455	-0.0201866 	-0.31544 	-1.36768 	0.264986 	0.197117 	0.0377546 	
5.46	-0.0202115 	-0.315249 	-1.36775 	0.265059 	0.196601 	0.0377678 	
5.465	-0.0202144 	-0.315066 	-1.36784 	0.265174 	0.196115 	0.037748 	
5.47	-0.0202043 	-0.31489 	-1.36792 	0.26532 	0.195647 	0.0377141 	
5.475	-0.0201886 	-0.31472 	-1.368 	0.265479 	0.195187 	0.0376792 	
5.48	-0.0201696 	-0.314554 	-1.36808 	0.265642 	0.194731 	0.0376485 	
5.485	-0.0201472 	-0.314393 	-1.36816 	0.265808 	0.194286 	0.0376147 	
5.49	-0.020126 	-0.314269 	-1.36823 	0.265936 	0.193936 	0.0375977 	
5.495	-0.0200971 	-0.314139 	-1.3683 	0.266089 	0.193578 	0.0376083 	
5.5	-0.0200708 	-0.314002 	-1.36837 	0.266237 	0.19319 	0.0376211 	
5.505	-0.0200407 	-0.313854 	-1.36844 	0.266395 	0.192785 	0.0376361 	
5.51	-0.0200411 	-0.313767 	-1.36849 	0.266434 	0.192508 	0.0376392 	
5.515	-0.0200459 	-0.313709 	-1.36855 	0.266444 	0.192264 	0.0376216 	
5.52	-0.0200629 	-0.313611 	-1.36859 	0.266427 	0.191919 	0.0376303 	
5.525	-0.0200887 	-0.313471 	-1.36864 	0.266407 	0.191488 	0.037648 	
5.53	-0.0201241 	-0.313292 	-1.3687 	0.266383 	0.190974 	0.037671 	
5.535	-0.0201262 	-0.313114 	-1.36877 	0.26649 	0.190498 	0.0377144 	
5.54	-0.0201135 	-0.312939 	-1.36886 	0.266617 	0.190042 	0.0377247 	
5.545	-0.020092 	-0.312767 	-1.36894 	0.266765 	0.189596 	0.037723 	
5.55	-0.0200525 	-0.312602 	-1.36903 	0.266962 	0.189158 	0.037731 	
5.555	-0.0200033 	-0.312437 	-1.36911 	0.267183 	0.188723 	0.0377384 	
5.56	-0.0199563 	-0.312273 	-1.36919 	0.267387 	0.188279 	0.0377323 	
5.565	-0.0199053 	-0.312123 	-1.36927 	0.267532 	0.187806 	0.0377165 	
5.57	-0.0198787 	-0.311949 	-1.36935 	0.267631 	0.187282 	0.0377225 	
5.575	-0.019883 	-0.311751 	-1.36942 	0.26767 	0.186699 	0.0377365 	
5.58	-0.0199125 	-0.311527 	-1.36948 	0.267673 	0.186058 	0.0377635 	
5.585	-0.0198883 	-0.311315 	-1.36957 	0.267869 	0.185527 	0.0377681 	
5.59	-0.019842 	-0.311109 	-1.36966 	0.268129 	0.185022 	0.0377515 	
5.595	-0.019782 	-0.310906 	-1.36975 	0.268419 	0.184526 	0.0377189 	
5.6	-0.0197139 	-0.310705 	-1.36983 	0.268723 	0.184033 	0.0376782 	
5.605	-0.0196411 	-0.310505 	-1.36991 	0.269034 	0.183541 	0.0376315 	
5.61	-0.0195483 	-0.310312 	-1.36999 	0.269418 	0.183075 	0.0376243 	
5.615	-0.0194665 	-0.310123 	-1.37007 	0.269711 	0.182618 	0.0375841 	
5.62	-0.0193898 	-0.30994 	-1.37016 	0.269982 	0.182181 	0.0375571 	
5.625	-0.019355 	-0.309835 	-1.37024 	0.270099 	0.181869 	0.0375225 	
5.63	-0.01934 	-0.309709 	-1.37029 	0.270205 	0.181507 	0.0374829 	
5.635	-0.0193442 	-0.309558 	-1.37034 	0.270285 	0.181094 	0.0374453 	
5.64	-0.0193236 	-0.309403 	-1.3704 	0.270458 	0.180714 	0.0373951 	
5.645	-0.0192866 	-0.309242 	-1.37047 	0.270679 	0.180336 	0.0373429 	
5.65	-0.019264 	-0.309146 	-1.37054 	0.270847 	0.180069 	0.0373144 	
5.655	-0.0192402 	-0.309044 	-1.3706 	0.271003 	0.179771 	0.0372676 	
5.66	-0.0192649 	-0.309007 	-1.37062 	0.270956 	0.179611 	0.0372739 	
5.665	-0.0192705 	-0.308979 	-1.37067 	0.270906 	0.179385 	0.0372909 	
5.67	-0.0192707 	-0.308924 	-1.37071 	0.270884 	0.179138 	0.0372799 	
5.675	-0.019267 	-0.30891 	-1.37075 	0.270878 	0.178963 	0.0372728 	
5.68	-0.0192488 	-0.308863 	-1.37078 	0.270942 	0.178755 	0.0372601 	
5.685	-0.0192306 	-0.308762 	-1.37082 	0.271029 	0.178458 	0.0372466 	
5.69	-0.0192239 	-0.308618 	-1.37086 	0.271085 	0.178053 	0.0372309 	
5.695	-0.0192262 	-0.308431 	-1.37091 	0.271137 	0.177554 	0.0372398 	
5.7	-0.019216 	-0.308198 	-1.37096 	0.271288 	0.176969 	0.0372316 	
5.705	-0.0192231 	-0.307932 	-1.37102 	0.271382 	0.176296 	0.0372415 	
5.71	-0.0191906 	-0.307668 	-1.3711 	0.271636 	0.175668 	0.0372952 	
5.715	-0.019143 	-0.307412 	-1.37118 	0.271918 	0.175053 	0.0374135 	
5.72	-0.0190825 	-0.307156 	-1.37127 	0.272203 	0.174453 	0.0374862 	
5.725	-0.018996 	-0.306908 	-1.37136 	0.272532 	0.173858 	0.0375138 	
5.73	-0.0188902 	-0.306665 	-1.37145 	0.27291 	0.17328 	0.037523 	
5.735	-0.0187737 	-0.306423 	-1.37154 	0.273319 	0.17271 	0.037518 	
5.74	-0.018774 	-0.306383 	-1.37156 	0.27329 	0.172634 	0.0375314 	
5.745	-0.0187634 	-0.306295 	-1.37159 	0.27331 	0.172416 	0.0375334 	
5.75	-0.0187351 	-0.306173 	-1.37163 	0.27339 	0.172114 	0.0375317 	
5.755	-0.0186822 	-0.306029 	-1.37168 	0.273567 	0.171775 	0.0375197 	
5.76	-0.0186449 	-0.305932 	-1.37173 	0.273683 	0.17154 	0.0375284 	
5.765	-0.0186195 	-0.305859 	-1.37177 	0.27376 	0.171335 	0.0375222 	
5.77	-0.0186075 	-0.305846 	-1.37182 	0.273846 	0.171115 	0.0375186 	
5.775	-0.0186089 	-0.305855 	-1.37187 	0.273875 	0.170942 	0.0375209 	
5.78	-0.0186136 	-0.305825 	-1.37192 	0.273899 	0.170709 	0.0375346 	
5.785	-0.0186046 	-0.305743 	-1.37196 	0.273988 	0.170408 	0.037557 	
5.79	-0.018607 	-0.305716 	-1.37201 	0.274018 	0.170203 	0.0375735 	
5.795	-0.0186112 	-0.305661 	-1.37205 	0.274043 	0.169964 	0.0375994 	
5.8	-0.0186185 	-0.305561 	-1.37209 	0.274075 	0.169636 	0.0376393 	
5.805	-0.018628 	-0.305416 	-1.37214 	0.274123 	0.169224 	0.0376985 	
5.81	-0.018639 	-0.305227 	-1.37219 	0.274191 	0.168729 	0.0377759 	
5.815	-0.0186489 	-0.304997 	-1.37225 	0.27429 	0.168158 	0.0378765 	
5.82	-0.0186557 	-0.304728 	-1.37232 	0.274425 	0.167517 	0.0380033 	
5.825	-0.0186758 	-0.304606 	-1.37237 	0.274487 	0.167216 	0.0380687 	
5.83	-0.0186934 	-0.304564 	-1.37242 	0.274506 	0.167043 	0.0380913 	
5.835	-0.0187046 	-0.304517 	-1.37247 	0.274522 	0.166826 	0.0381144 	
5.84	-0.0187148 	-0.304425 	-1.37251 	0.274546 	0.166511 	0.0381514 	
5.845	-0.0187263 	-0.304287 	-1.37255 	0.274586 	0.166106 	0.038207 	
5.85	-0.0187541 	-0.304231 	-1.37258 	0.274579 	0.165992 	0.0382111 	
5.855	-0.0187727 	-0.304159 	-1.37261 	0.274589 	0.1658 	0.0382385 	
5.86	-0.0187825 	-0.304085 	-1.37264 	0.274628 	0.165596 	0.038291 	
5.865	-0.0187979 	-0.304027 	-1.37267 	0.274633 	0.165405 	0.0383041 	
5.87	-0.0188118 	-0.303977 	-1.37271 	0.274638 	0.165212 	0.0383021 	
5.875	-0.0188188 	-0.303947 	-1.37275 	0.274651 	0.164994 	0.0382994 	
5.88	-0.0188277 	-0.303894 	-1.37279 	0.274656 	0.164709 	0.0382997 	
5.885	-0.0188419 	-0.303799 	-1.37284 	0.274661 	0.164343 	0.0383044 	
5.89	-0.0188641 	-0.303666 	-1.37288 	0.274657 	0.163902 	0.0382944 	
5.895	-0.0188932 	-0.303535 	-1.37292 	0.274639 	0.163471 	0.0382774 	
5.9	-0.0189259 	-0.3034 	-1.37297 	0.274616 	0.163032 	0.0382583 	
5.905	-0.018961 	-0.303257 	-1.37302 	0.274592 	0.162576 	0.0382383 	
5.91	-0.0189984 	-0.303112 	-1.37307 	0.274567 	0.162118 	0.0382349 	
5.915	-0.0190376 	-0.302956 	-1.37312 	0.274542 	0.161638 	0.0382367 	
5.92	-0.0190771 	-0.302811 	-1.37317 	0.274517 	0.161181 	0.0382387 	
5.925	-0.0190896 	-0.30279 	-1.37325 	0.274502 	0.160756 	0.0382444 	
5.93	-0.0190937 	-0.302761 	-1.37333 	0.274499 	0.160375 	0.0382382 	
5.935	-0.019085 	-0.302707 	-1.37339 	0.274557 	0.16001 	0.0382537 	
5.94	-0.0190755 	-0.302622 	-1.37344 	0.274618 	0.15962 	0.0382374 	
5.945	-0.0190817 	-0.302512 	-1.37348 	0.27463 	0.159193 	0.0382153 	
5.95	-0.0190981 	-0.302374 	-1.37354 	0.274622 	0.158728 	0.0381656 	
5.955	-0.0191213 	-0.302203 	-1.37358 	0.274611 	0.15821 	0.0381027 	
5.96	-0.0191506 	-0.302004 	-1.37364 	0.2746 	0.157639 	0.0380354 	
5.965	-0.0191849 	-0.301777 	-1.37369 	0.274594 	0.157012 	0.0379684 	
5.97	-0.019223 	-0.301524 	-1.37375 	0.274597 	0.156331 	0.037904 	
5.975	-0.0192584 	-0.301244 	-1.37381 	0.274647 	0.155579 	0.037869 	
5.98	-0.0192938 	-0.300941 	-1.37386 	0.274715 	0.154775 	0.0378421 	
5.985	-0.0193256 	-0.300605 	-1.37393 	0.274823 	0.153951 	0.0378469 	
5.99	-0.0193154 	-0.300416 	-1.37398 	0.275091 	0.153583 	0.0378066 	
5.995	-0.019329 	-0.30031 	-1.37402 	0.275187 	0.15337 	0.037783 	
6	-0.0193484 	-0.300244 	-1.37405 	0.275224 	0.153222 	0.0377702 	
6.005	-0.0193693 	-0.300204 	-1.37408 	0.275232 	0.15311 	0.0377646 	
6.01	-0.0193881 	-0.300176 	-1.3741 	0.275231 	0.153011 	0.0377617 	
6.015	-0.0194031 	-0.300154 	-1.37413 	0.275234 	0.152909 	0.0377583 	
6.02	-0.0194193 	-0.300137 	-1.37415 	0.275259 	0.152796 	0.0377517 	
6.025	-0.019407 	-0.300101 	-1.37418 	0.275365 	0.152649 	0.0377265 	
6.03	-0.0194105 	-0.30009 	-1.37421 	0.275391 	0.152544 	0.0377197 	
6.035	-0.0194179 	-0.300088 	-1.37424 	0.275395 	0.152451 	0.0377184 	
6.04	-0.0194058 	-0.300053 	-1.37427 	0.275461 	0.152294 	0.0376976 	
6.045	-0.0193931 	-0.299978 	-1.3743 	0.275529 	0.152039 	0.0376765 	
6.05	-0.0193849 	-0.299882 	-1.37434 	0.275582 	0.151725 	0.0376707 	
6.055	-0.0193755 	-0.299769 	-1.37438 	0.275647 	0.151371 	0.0376661 	
6.06	-0.019363 	-0.29964 	-1.37443 	0.27573 	0.150986 	0.0376596 	
6.065	-0.0193546 	-0.299497 	-1.37448 	0.275808 	0.150551 	0.0376893 	
6.07	-0.019345 	-0.299344 	-1.37453 	0.275875 	0.150067 	0.0377422 	
6.075	-0.0193451 	-0.299165 	-1.37457 	0.27595 	0.149532 	0.037747 	
6.08	-0.0193446 	-0.29898 	-1.37461 	0.276008 	0.148975 	0.037715 	
6.085	-0.0193253 	-0.298788 	-1.37467 	0.276155 	0.148432 	0.0377077 	
6.09	-0.019284 	-0.298594 	-1.37473 	0.276348 	0.147913 	0.0376892 	
6.095	-0.0192621 	-0.298606 	-1.37484 	0.276505 	0.147505 	0.0376831 	
6.1	-0.0192637 	-0.29864 	-1.37492 	0.276549 	0.147193 	0.0376463 	
6.105	-0.0192748 	-0.298689 	-1.37498 	0.276555 	0.146981 	0.0376266 	
6.11	-0.0192986 	-0.298711 	-1.37503 	0.27653 	0.14675 	0.037625 	
6.115	-0.0193258 	-0.298697 	-1.37507 	0.27651 	0.146487 	0.0376284 	
6.12	-0.019361 	-0.298646 	-1.37511 	0.276481 	0.146163 	0.0376482 	
6.125	-0.0194084 	-0.298553 	-1.37514 	0.276439 	0.145756 	0.0376698 	
6.13	-0.0194583 	-0.298414 	-1.37517 	0.276412 	0.145274 	0.037683 	
6.135	-0.0195147 	-0.298233 	-1.37521 	0.276388 	0.144709 	0.0376957 	
6.14	-0.0195788 	-0.298014 	-1.37524 	0.276355 	0.144055 	0.0376777 	
6.145	-0.0196517 	-0.297763 	-1.37528 	0.27631 	0.143328 	0.0376839 	
6.15	-0.0197277 	-0.297483 	-1.37533 	0.276269 	0.142543 	0.0376714 	
6.155	-0.0198044 	-0.297177 	-1.37538 	0.276241 	0.141703 	0.0376518 	
6.16	-0.0198846 	-0.296855 	-1.37543 	0.276206 	0.140831 	0.0375865 	
6.165	-0.0199719 	-0.296511 	-1.37548 	0.276173 	0.139889 	0.0375769 	
6.17	-0.0200497 	-0.296218 	-1.37555 	0.276144 	0.139002 	0.037543 	
6.175	-0.0201113 	-0.296069 	-1.37562 	0.276165 	0.138523 	0.0374909 	
6.18	-0.0201572 	-0.29593 	-1.37568 	0.276183 	0.138057 	0.0374256 	
6.185	-0.0201954 	-0.295797 	-1.37574 	0.276198 	0.137606 	0.0373682 	
6.19	-0.0202336 	-0.295652 	-1.37579 	0.276198 	0.137135 	0.0373269 	
6.195	-0.020289 	-0.295479 	-1.37582 	0.276155 	0.136593 	0.0372958 	
6.2	-0.0203299 	-0.295305 	-1.37587 	0.276155 	0.136073 	0.0372398 	
6.205	-0.0203475 	-0.295138 	-1.37593 	0.276264 	0.135626 	0.0371768 	
6.21	-0.0203634 	-0.295056 	-1.37599 	0.276366 	0.135345 	0.0371409 	
6.215	-0.0203714 	-0.294972 	-1.37604 	0.276475 	0.135038 	0.0371202 	
6.22	-0.0203967 	-0.294869 	-1.37607 	0.276502 	0.134678 	0.0371014 	
6.225	-0.0204437 	-0.294726 	-1.3761 	0.276479 	0.134208 	0.0371075 	
6.23	-0.0204583 	-0.294591 	-1.37615 	0.276569 	0.133821 	0.0370942 	
6.235	-0.0204647 	-0.294456 	-1.3762 	0.276681 	0.133448 	0.0370872 	
6.24	-0.0204548 	-0.294311 	-1.37624 	0.276847 	0.133081 	0.0370687 	
6.245	-0.0204475 	-0.294182 	-1.37628 	0.276995 	0.132695 	0.0370123 	
6.25	-0.0204075 	-0.29407 	-1.37634 	0.277223 	0.132353 	0.0369585 	
6.255	-0.0203804 	-0.293953 	-1.37639 	0.277394 	0.131981 	0.0369337 	
6.26	-0.0203626 	-0.293835 	-1.37643 	0.277529 	0.131595 	0.0369258 	
6.265	-0.0203755 	-0.293699 	-1.37647 	0.277576 	0.131156 	0.0369144 	
6.27	-0.0203925 	-0.293553 	-1.3765 	0.277644 	0.130695 	0.0369731 	
6.275	-0.0204188 	-0.293398 	-1.37653 	0.277703 	0.130198 	0.0370771 	
6.28	-0.0204572 	-0.293214 	-1.37656 	0.277724 	0.129638 	0.0371498 	
6.285	-0.0205034 	-0.292992 	-1.37659 	0.277738 	0.129 	0.037164 	
6.29	-0.0205541 	-0.292732 	-1.37662 	0.277764 	0.128272 	0.0371727 	
6.295	-0.0205675 	-0.292544 	-1.37668 	0.277909 	0.127793 	0.0371081 	
6.3	-0.0205716 	-0.292407 	-1.37674 	0.278054 	0.127425 	0.037037 	
6.305	-0.0205861 	-0.292265 	-1.37679 	0.278168 	0.126997 	0.0370371 	
6.31	-0.020617 	-0.292104 	-1.37683 	0.278225 	0.126519 	0.0370258 	
6.315	-0.0206576 	-0.291918 	-1.37687 	0.278241 	0.125982 	0.0369801 	
6.32	-0.0207029 	-0.291709 	-1.37691 	0.278245 	0.125396 	0.0369033 	
6.325	-0.0207626 	-0.291481 	-1.37695 	0.27821 	0.124745 	0.0368311 	
6.33	-0.0207721 	-0.291288 	-1.37704 	0.278211 	0.124076 	0.0367767 	
6.335	-0.0207275 	-0.291121 	-1.37715 	0.278379 	0.123547 	0.0367282 	
6.34	-0.0206501 	-0.290988 	-1.37726 	0.278593 	0.123159 	0.0365807 	
6.345	-0.0205944 	-0.29092 	-1.37734 	0.278732 	0.122864 	0.0365033 	
6.35	-0.0205619 	-0.290851 	-1.37739 	0.278809 	0.122534 	0.0364812 	
6.355	-0.0205406 	-0.290775 	-1.37744 	0.278864 	0.122193 	0.0364951 	
6.36	-0.0205328 	-0.29069 	-1.37748 	0.278885 	0.121835 	0.0364803 	
6.365	-0.0205481 	-0.290572 	-1.37751 	0.278864 	0.121385 	0.0364809 	
6.37	-0.0205794 	-0.290412 	-1.37753 	0.278822 	0.120847 	0.0364763 	
6.375	-0.0206169 	-0.290239 	-1.37756 	0.278778 	0.120262 	0.0364733 	
6.38	-0.0206544 	-0.290062 	-1.37759 	0.278754 	0.119678 	0.036495 	
6.385	-0.0206904 	-0.289889 	-1.37762 	0.27874 	0.119071 	0.0365528 	
6.39	-0.0207262 	-0.289716 	-1.37766 	0.278694 	0.118444 	0.0365878 	
6.395	-0.0207754 	-0.289517 	-1.37769 	0.278618 	0.117769 	0.0365974 	
6.4	-0.0208364 	-0.289292 	-1.37772 	0.278533 	0.117039 	0.0366035 	
6.405	-0.020907 	-0.289039 	-1.37775 	0.278448 	0.116253 	0.0366119 	
6.41	-0.0209735 	-0.288779 	-1.37777 	0.278397 	0.115459 	0.0366087 	
6.415	-0.0210205 	-0.288516 	-1.37781 	0.278419 	0.114716 	0.0365491 	
6.42	-0.0210918 	-0.288232 	-1.37784 	0.278383 	0.113886 	0.0365454 	
6.425	-0.021176 	-0.287926 	-1.37787 	0.278323 	0.112992 	0.0365515 	
6.43	-0.0212178 	-0.287627 	-1.37792 	0.278393 	0.112155 	0.0366055 	
6.435	-0.0212161 	-0.287347 	-1.37798 	0.278589 	0.111384 	0.0366596 	
6.44	-0.0211915 	-0.287071 	-1.37802 	0.278829 	0.110619 	0.036646 	
6.445	-0.0211756 	-0.286949 	-1.37808 	0.279011 	0.110196 	0.0366084 	
6.45	-0.021152 	-0.286829 	-1.37813 	0.279195 	0.109767 	0.0366209 	
6.455	-0.0211207 	-0.286703 	-1.37817 	0.279381 	0.109328 	0.0366495 	
6.46	-0.0211315 	-0.286553 	-1.3782 	0.279433 	0.108805 	0.0366501 	
6.465	-0.0211688 	-0.286372 	-1.37822 	0.279426 	0.108201 	0.0366555 	
6.47	-0.021223 	-0.286156 	-1.37823 	0.279399 	0.107517 	0.0366713 	
6.475	-0.0212889 	-0.285907 	-1.37824 	0.27937 	0.106755 	0.0366915 	
6.48	-0.0213175 	-0.285656 	-1.37828 	0.279438 	0.106023 	0.0367374 	
6.485	-0.0213053 	-0.285419 	-1.37833 	0.279637 	0.105362 	0.0367661 	
6.49	-0.0213016 	-0.285193 	-1.37838 	0.279784 	0.1047 	0.036827 	
6.495	-0.0213079 	-0.284955 	-1.37839 	0.279909 	0.104138 	0.0369005 	
6.5	-0.0212799 	-0.284725 	-1.3784 	0.280143 	0.103687 	0.0368837 	
6.505	-0.0212836 	-0.284474 	-1.37838 	0.280258 	0.103154 	0.0368578 	
6.51	-0.0213329 	-0.284217 	-1.37835 	0.280219 	0.102565 	0.0368227 	
6.515	-0.0214018 	-0.283948 	-1.37833 	0.280163 	0.101928 	0.0368064 	
6.52	-0.0214685 	-0.283767 	-1.3783 	0.280139 	0.101633 	0.0368037 	
6.525	-0.0215441 	-0.283557 	-1.37828 	0.280074 	0.101227 	0.0368107 	
6.53	-0.0216132 	-0.283401 	-1.37827 	0.280017 	0.100979 	0.036829 	
6.535	-0.0216653 	-0.283313 	-1.37825 	0.280002 	0.100943 	0.0368346 	
6.54	-0.0217059 	-0.28325 	-1.37823 	0.279997 	0.100959 	0.0368367 	
6.545	-0.0217406 	-0.283195 	-1.3782 	0.279987 	0.100975 	0.0368379 	
6.55	-0.0217809 	-0.283122 	-1.37818 	0.279952 	0.100933 	0.0368379 	
6.555	-0.0218036 	-0.283016 	-1.37816 	0.27997 	0.10078 	0.0368251 	
6.56	-0.0217968 	-0.282902 	-1.37815 	0.280077 	0.100634 	0.0368067 	
6.565	-0.0218152 	-0.282817 	-1.37813 	0.280091 	0.100577 	0.0368 	
6.57	-0.0218416 	-0.282717 	-1.3781 	0.280078 	0.100452 	0.0367693 	
6.575	-0.0218738 	-0.282608 	-1.37809 	0.280029 	0.100296 	0.0366783 	
6.58	-0.0218941 	-0.282511 	-1.37808 	0.280019 	0.100166 	0.0366004 	
6.585	-0.0219123 	-0.282437 	-1.37807 	0.280028 	0.100087 	0.0365544 	
6.59	-0.0219318 	-0.282394 	-1.37805 	0.280029 	0.100089 	0.0365434 	
6.595	-0.021949 	-0.282364 	-1.37803 	0.280029 	0.10012 	0.0365407 	
6.6	-0.0219644 	-0.28234 	-1.37801 	0.280029 	0.100157 	0.0365398 	
6.605	-0.0219788 	-0.282319 	-1.378 	0.280029 	0.100196 	0.0365396 	
6.61	-0.0219877 	-0.282286 	-1.37798 	0.280048 	0.100208 	0.0365332 	
6.615	-0.0220003 	-0.282231 	-1.37796 	0.280055 	0.10016 	0.0365279 	
6.62	-0.0220178 	-0.282154 	-1.37795 	0.280052 	0.100061 	0.0365231 	
6.625	-0.022033 	-0.282084 	-1.37795 	0.280065 	0.0999811 	0.0365258 	
6.63	-0.0220478 	-0.282021 	-1.37794 	0.28008 	0.0999183 	0.0365293 	
6.635	-0.0220619 	-0.281988 	-1.37794 	0.280097 	0.0998959 	0.036526 	
6.64	-0.0220705 	-0.281945 	-1.37793 	0.280131 	0.0998559 	0.0365129 	
6.645	-0.0220768 	-0.28189 	-1.37792 	0.280174 	0.099793 	0.0364962 	
6.65	-0.0220821 	-0.281827 	-1.37791 	0.280222 	0.0997173 	0.0364853 	
6.655	-0.0220982 	-0.281747 	-1.37791 	0.280238 	0.0995917 	0.0364802 	
6.66	-0.0221198 	-0.281673 	-1.3779 	0.280242 	0.0994745 	0.0364874 	
6.665	-0.0221459 	-0.281589 	-1.37789 	0.280237 	0.0993406 	0.0364894 	
6.67	-0.0221709 	-0.281497 	-1.37788 	0.280245 	0.0992045 	0.0364849 	
6.675	-0.0221996 	-0.281391 	-1.37788 	0.28025 	0.0990313 	0.0364828 	
6.68	-0.0222279 	-0.281294 	-1.37788 	0.280252 	0.0988782 	0.0364809 	
6.685	-0.0222565 	-0.281224 	-1.37787 	0.28025 	0.0987759 	0.0364677 	
6.69	-0.0222768 	-0.28117 	-1.37787 	0.280267 	0.0987197 	0.0364586 	
6.695	-0.0222988 	-0.281127 	-1.37786 	0.280274 	0.0986818 	0.0364779 	
6.7	-0.0223282 	-0.28109 	-1.37784 	0.280247 	0.0986353 	0.0365114 	
6.705	-0.0223584 	-0.281054 	-1.37782 	0.280225 	0.0986138 	0.0365398 	
6.71	-0.0224069 	-0.280997 	-1.37779 	0.280149 	0.0985236 	0.036571 	
6.715	-0.022446 	-0.280954 	-1.37777 	0.280106 	0.0984723 	0.0365901 	
6.72	-0.0224742 	-0.280927 	-1.37776 	0.280095 	0.0984901 	0.0365952 	
6.725	-0.022497 	-0.280907 	-1.37774 	0.280091 	0.0985252 	0.0365966 	
6.73	-0.0225182 	-0.280885 	-1.37773 	0.280083 	0.0985332 	0.0365989 	
6.735	-0.0225383 	-0.280869 	-1.37771 	0.280075 	0.0985588 	0.0366009 	
6.74	-0.0225499 	-0.280824 	-1.37769 	0.280101 	0.0985337 	0.0365956 	
6.745	-0.0225658 	-0.280797 	-1.37768 	0.280107 	0.0985572 	0.0365944 	
6.75	-0.0225818 	-0.280776 	-1.37766 	0.280108 	0.0985934 	0.0365942 	
6.755	-0.0225973 	-0.280758 	-1.37764 	0.280108 	0.0986319 	0.0365942 	
6.76	-0.0226123 	-0.280741 	-1.37762 	0.280107 	0.0986718 	0.0365943 	
6.765	-0.0226253 	-0.280723 	-1.3776 	0.280113 	0.0987013 	0.0365947 	
6.77	-0.0226392 	-0.280708 	-1.37759 	0.280114 	0.0987395 	0.0365949 	
6.775	-0.0226529 	-0.280696 	-1.37757 	0.280114 	0.0987802 	0.036595 	
6.78	-0.0226664 	-0.280684 	-1.37755 	0.280113 	0.0988214 	0.0365951 	
6.785	-0.0226796 	-0.280673 	-1.37754 	0.280112 	0.0988631 	0.0365952 	
6.79	-0.0226926 	-0.280663 	-1.37752 	0.280111 	0.0989048 	0.0365953 	
6.795	-0.0227055 	-0.280654 	-1.3775 	0.28011 	0.0989467 	0.0365954 	
6.8	-0.0227182 	-0.280645 	-1.37749 	0.28011 	0.0989886 	0.0365955 	
6.805	-0.0227308 	-0.280636 	-1.37747 	0.280109 	0.0990305 	0.0365956 	
6.81	-0.0227433 	-0.280628 	-1.37745 	0.280108 	0.0990726 	0.0365956 	
6.815	-0.0227557 	-0.280619 	-1.37744 	0.280107 	0.0991147 	0.0365957 	
6.82	-0.022768 	-0.280612 	-1.37742 	0.280106 	0.0991568 	0.0365958 	
6.825	-0.0227803 	-0.280604 	-1.3774 	0.280105 	0.099199 	0.0365959 	
6.83	-0.0227937 	-0.280587 	-1.37738 	0.280108 	0.0992261 	0.0366042 	
6.835	-0.0228074 	-0.280573 	-1.37736 	0.280108 	0.0992638 	0.0366064 	
6.84	-0.0228212 	-0.280561 	-1.37735 	0.280108 	0.0993042 	0.0366072 	
6.845	-0.0228347 	-0.280549 	-1.37733 	0.280107 	0.0993454 	0.0366075 	
6.85	-0.022848 	-0.280538 	-1.37731 	0.280106 	0.0993869 	0.0366077 	
6.855	-0.0228611 	-0.280528 	-1.37729 	0.280106 	0.0994286 	0.0366079 	
6.86	-0.0228741 	-0.280518 	-1.37728 	0.280105 	0.0994704 	0.0366081 	
6.865	-0.0228869 	-0.280509 	-1.37726 	0.280104 	0.0995123 	0.0366082 	
6.87	-0.0228996 	-0.2805 	-1.37724 	0.280103 	0.0995542 	0.0366084 	
6.875	-0.0229122 	-0.280491 	-1.37723 	0.280102 	0.0995962 	0.0366085 	
6.88	-0.0229247 	-0.280483 	-1.37721 	0.280101 	0.0996379 	0.0366087 	
6.885	-0.0229372 	-0.280475 	-1.37719 	0.2801 	0.0996799 	0.0366088 	
6.89	-0.0229495 	-0.280467 	-1.37718 	0.280099 	0.099722 	0.0366089 	
6.895	-0.0229619 	-0.280459 	-1.37716 	0.280099 	0.0997642 	0.036609 	
6.9	-0.0229741 	-0.280452 	-1.37714 	0.280098 	0.0998063 	0.0366091 	
6.905	-0.0229864 	-0.280444 	-1.37713 	0.280097 	0.0998485 	0.0366092 	
6.91	-0.0229986 	-0.280437 	-1.37711 	0.280096 	0.0998908 	0.0366093 	
6.915	-0.0230108 	-0.28043 	-1.37709 	0.280095 	0.099933 	0.0366094 	
6.92	-0.0230229 	-0.280422 	-1.37708 	0.280094 	0.0999753 	0.0366095 	
6.925	-0.023036 	-0.280414 	-1.37706 	0.280093 	0.100016 	0.0366098 	
6.93	-0.023049 	-0.280405 	-1.37705 	0.280092 	0.100058 	0.0366099 	
6.935	-0.023062 	-0.280397 	-1.37703 	0.280091 	0.1001 	0.03661 	
6.94	-0.0230748 	-0.280389 	-1.37701 	0.28009 	0.100142 	0.0366101 	
6.945	-0.0230876 	-0.280381 	-1.377 	0.280089 	0.100184 	0.0366102 	
6.95	-0.0231002 	-0.280373 	-1.37698 	0.280088 	0.100226 	0.0366103 	
6.955	-0.0231128 	-0.280365 	-1.37696 	0.280087 	0.100269 	0.0366104 	
6.96	-0.0231253 	-0.280358 	-1.37695 	0.280086 	0.100311 	0.0366105 	
6.965	-0.0231377 	-0.28035 	-1.37693 	0.280085 	0.100353 	0.0366106 	
6.97	-0.0231501 	-0.280343 	-1.37691 	0.280084 	0.100395 	0.0366107 	
6.975	-0.0231625 	-0.280335 	-1.3769 	0.280083 	0.100438 	0.0366108 	
6.98	-0.0231748 	-0.280328 	-1.37688 	0.280083 	0.10048 	0.0366109 	
6.985	-0.0231871 	-0.280321 	-1.37687 	0.280082 	0.100522 	0.0366109 	
6.99	-0.0231994 	-0.280314 	-1.37685 	0.280081 	0.100564 	0.036611 	
6.995	-0.0232116 	-0.280306 	-1.37683 	0.28008 	0.100606 	0.0366111 	
7	-0.0232238 	-0.280299 	-1.37682 	0.280079 	0.100649 	0.0366112 	
7.005	-0.023236 	-0.280292 	-1.3768 	0.280078 	0.100691 	0.0366113 	
7.01	-0.0232483 	-0.280285 	-1.37678 	0.280077 	0.100733 	0.0366114 	
7.015	-0.0232605 	-0.280278 	-1.37677 	0.280076 	0.100776 	0.0366114 	
7.02	-0.0232727 	-0.28027 	-1.37675 	0.280075 	0.100818 	0.0366115 	
7.025	-0.023284 	-0.280262 	-1.37674 	0.280079 	0.100854 	0.0366104 	
7.03	-0.023296 	-0.280255 	-1.37672 	0.28008 	0.100895 	0.0366102 	
7.035	-0.0233082 	-0.280248 	-1.3767 	0.280079 	0.100937 	0.0366102 	
7.04	-0.0233204 	-0.280241 	-1.37669 	0.280078 	0.100979 	0.0366103 	
7.045	-0.0233326 	-0.280234 	-1.37667 	0.280077 	0.101022 	0.0366104 	
7.05	-0.0233448 	-0.280228 	-1.37666 	0.280077 	0.101064 	0.0366104 	
7.055	-0.0233575 	-0.280216 	-1.37664 	0.280075 	0.101099 	0.0366105 	
7.06	-0.0233709 	-0.280203 	-1.37662 	0.280073 	0.101131 	0.0366106 	
7.065	-0.0233848 	-0.280186 	-1.37661 	0.280071 	0.101158 	0.0366105 	
7.07	-0.0233991 	-0.280164 	-1.37659 	0.280072 	0.101178 	0.0366097 	
7.075	-0.0234141 	-0.280141 	-1.37658 	0.280071 	0.101195 	0.0366087 	
7.08	-0.0234234 	-0.280099 	-1.37657 	0.280098 	0.101174 	0.0366034 	
