0	-0.0104961 	-0.000607109 	-1.74306 	0.26553 	0.164412 	-0.206081 	
0.005	-0.0105905 	-0.000580041 	-1.74311 	0.265534 	0.164411 	-0.206829 	
0.01	-0.0104538 	-0.00065755 	-1.74308 	0.265638 	0.164694 	-0.207573 	
0.015	-0.010465 	-0.000673202 	-1.74304 	0.265602 	0.164614 	-0.206783 	
0.02	-0.0104346 	-0.000732962 	-1.74305 	0.26567 	0.164841 	-0.206119 	
0.025	-0.0103704 	-0.000830037 	-1.74308 	0.26582 	0.165314 	-0.205554 	
0.03	-0.0104229 	-0.000835631 	-1.74296 	0.265687 	0.164898 	-0.206104 	
0.035	-0.010425 	-0.000893222 	-1.74289 	0.265676 	0.164857 	-0.206511 	
0.04	-0.0103866 	-0.000994325 	-1.74286 	0.265764 	0.165116 	-0.206805 	
0.045	-0.0103158 	-0.0011322 	-1.74286 	0.265931 	0.165613 	-0.207006 	
0.05	-0.0103591 	-0.00118476 	-1.74271 	0.265811 	0.165269 	-0.206322 	
0.055	-0.0103534 	-0.00128763 	-1.74262 	0.265811 	0.165284 	-0.205743 	
0.06	-0.0103085 	-0.00143265 	-1.74255 	0.265907 	0.165588 	-0.205247 	
0.065	-0.0102322 	-0.00161337 	-1.74252 	0.266081 	0.166122 	-0.204818 	
0.07	-0.0102643 	-0.00171044 	-1.74235 	0.265988 	0.165836 	-0.205492 	
0.075	-0.0102493 	-0.00185661 	-1.74222 	0.26601 	0.165899 	-0.205999 	
0.08	-0.0101967 	-0.00204399 	-1.74212 	0.266124 	0.166241 	-0.206372 	
0.085	-0.0101138 	-0.00226629 	-1.74205 	0.266312 	0.166806 	-0.206639 	
0.09	-0.0101367 	-0.00240996 	-1.74185 	0.266233 	0.16659 	-0.205578 	
0.095	-0.010114 	-0.00260108 	-1.7417 	0.266266 	0.166708 	-0.204697 	
0.1	-0.0100549 	-0.00283207 	-1.74157 	0.266389 	0.167094 	-0.203961 	
0.105	-0.0100353 	-0.0030381 	-1.74139 	0.266416 	0.167178 	-0.204526 	
0.11	-0.00997841 	-0.00328486 	-1.74124 	0.266533 	0.167536 	-0.204946 	
0.115	-0.00989169 	-0.00356615 	-1.74112 	0.266722 	0.168114 	-0.205251 	
0.12	-0.00978101 	-0.00387705 	-1.74101 	0.26697 	0.168867 	-0.205463 	
0.125	-0.00982575 	-0.00406627 	-1.74071 	0.266831 	0.168468 	-0.20442 	
0.13	-0.00982006 	-0.00430721 	-1.74047 	0.266816 	0.168439 	-0.203553 	
0.135	-0.00977402 	-0.00459139 	-1.74026 	0.266899 	0.168707 	-0.202829 	
0.14	-0.00969562 	-0.00491209 	-1.74007 	0.267063 	0.169212 	-0.202219 	
0.145	-0.00964319 	-0.00522045 	-1.73985 	0.267159 	0.169525 	-0.202983 	
0.15	-0.00955955 	-0.00556432 	-1.73966 	0.267333 	0.170065 	-0.203564 	
0.155	-0.00945088 	-0.00593855 	-1.73948 	0.267568 	0.170788 	-0.203997 	
0.16	-0.00944554 	-0.00623413 	-1.73917 	0.267546 	0.170742 	-0.202952 	
0.165	-0.00939937 	-0.0065734 	-1.7389 	0.267624 	0.170996 	-0.202084 	
0.17	-0.00932052 	-0.00694951 	-1.73866 	0.267783 	0.171489 	-0.201359 	
0.175	-0.00921546 	-0.00735704 	-1.73844 	0.268005 	0.172173 	-0.200748 	
0.18	-0.00918703 	-0.00771052 	-1.73812 	0.268033 	0.1723 	-0.201311 	
0.185	-0.00912219 	-0.00810364 	-1.73783 	0.26815 	0.172692 	-0.201731 	
0.19	-0.00902819 	-0.00853039 	-1.73757 	0.26834 	0.173295 	-0.202036 	
0.195	-0.00897716 	-0.00892873 	-1.73725 	0.268425 	0.173572 	-0.201035 	
0.2	-0.0088941 	-0.00936334 	-1.73695 	0.268588 	0.174083 	-0.200204 	
0.205	-0.00878538 	-0.00982887 	-1.73667 	0.268815 	0.174782 	-0.199508 	
0.21	-0.0086561 	-0.0103211 	-1.73641 	0.269092 	0.175629 	-0.19892 	
0.215	-0.00864564 	-0.0107244 	-1.73601 	0.269065 	0.17562 	-0.19928 	
0.22	-0.00859486 	-0.0111704 	-1.73564 	0.269139 	0.175901 	-0.199536 	
0.225	-0.00851182 	-0.0116524 	-1.73529 	0.269293 	0.176415 	-0.199711 	
0.23	-0.00840294 	-0.0121651 	-1.73497 	0.269513 	0.177115 	-0.19982 	
0.235	-0.00832509 	-0.0126592 	-1.7346 	0.269657 	0.177578 	-0.198486 	
0.24	-0.00822029 	-0.0131853 	-1.73425 	0.269867 	0.178236 	-0.197389 	
0.245	-0.00809392 	-0.0137388 	-1.73391 	0.270131 	0.17905 	-0.19648 	
0.25	-0.00804214 	-0.0142414 	-1.73349 	0.270199 	0.179339 	-0.196781 	
0.255	-0.00795811 	-0.0147796 	-1.73309 	0.270349 	0.179858 	-0.19699 	
0.26	-0.00784829 	-0.0153483 	-1.73271 	0.270564 	0.180561 	-0.197128 	
0.265	-0.00771781 	-0.0159431 	-1.73234 	0.270832 	0.18141 	-0.197207 	
0.27	-0.00765743 	-0.0164872 	-1.73188 	0.270923 	0.181746 	-0.195836 	
0.275	-0.00756646 	-0.0170658 	-1.73145 	0.27109 	0.182302 	-0.194708 	
0.28	-0.00745102 	-0.017674 	-1.73104 	0.27132 	0.183033 	-0.193776 	
0.285	-0.00731601 	-0.0183076 	-1.73063 	0.271599 	0.183903 	-0.193 	
0.29	-0.00724862 	-0.018898 	-1.73015 	0.271694 	0.184316 	-0.193516 	
0.295	-0.00715202 	-0.019521 	-1.72969 	0.271865 	0.184932 	-0.193899 	
0.3	-0.00703206 	-0.0201717 	-1.72925 	0.272098 	0.18571 	-0.194175 	
0.305	-0.00693634 	-0.020809 	-1.72876 	0.272271 	0.186301 	-0.192854 	
0.31	-0.00681709 	-0.0214747 	-1.7283 	0.272505 	0.187058 	-0.191766 	
0.315	-0.00667902 	-0.0221649 	-1.72784 	0.272787 	0.187948 	-0.190866 	
0.32	-0.00652591 	-0.0228766 	-1.72739 	0.273108 	0.188944 	-0.190115 	
0.325	-0.00636077 	-0.0236072 	-1.72694 	0.273459 	0.190023 	-0.189485 	
0.33	-0.00634383 	-0.0242316 	-1.72633 	0.273408 	0.190109 	-0.189881 	
0.335	-0.0062876 	-0.0248957 	-1.72576 	0.273462 	0.19046 	-0.190167 	
0.34	-0.00620002 	-0.0255933 	-1.72521 	0.273599 	0.191023 	-0.190366 	
0.345	-0.00604121 	-0.0263544 	-1.72472 	0.273931 	0.192061 	-0.188988 	
0.35	-0.00587163 	-0.0271332 	-1.72422 	0.274291 	0.193172 	-0.187855 	
0.355	-0.00569344 	-0.0279278 	-1.72373 	0.274674 	0.194342 	-0.186918 	
0.36	-0.00550839 	-0.0287369 	-1.72323 	0.275074 	0.195559 	-0.186139 	
0.365	-0.00549714 	-0.0294211 	-1.72256 	0.274997 	0.195629 	-0.186306 	
0.37	-0.00544564 	-0.0301449 	-1.72193 	0.275029 	0.195966 	-0.18641 	
0.375	-0.00536203 	-0.030902 	-1.72131 	0.275149 	0.196515 	-0.186463 	
0.38	-0.00518216 	-0.0317442 	-1.72077 	0.27553 	0.197712 	-0.185186 	
0.385	-0.00499597 	-0.0325996 	-1.72023 	0.275928 	0.198949 	-0.184135 	
0.39	-0.00480476 	-0.0334673 	-1.71968 	0.276341 	0.200216 	-0.183263 	
0.395	-0.00460958 	-0.0343466 	-1.71913 	0.276765 	0.201508 	-0.182536 	
0.4	-0.00441129 	-0.0352367 	-1.71857 	0.277198 	0.202818 	-0.181923 	
0.405	-0.00445458 	-0.0359532 	-1.71779 	0.276954 	0.202576 	-0.181868 	
0.41	-0.00444701 	-0.0367159 	-1.71704 	0.276853 	0.202659 	-0.181794 	
0.415	-0.0043989 	-0.0375172 	-1.71632 	0.276866 	0.203002 	-0.181704 	
0.42	-0.00415588 	-0.0384803 	-1.71577 	0.277414 	0.204635 	-0.180461 	
0.425	-0.00391962 	-0.0394458 	-1.7152 	0.277946 	0.206216 	-0.179436 	
0.43	-0.0036888 	-0.0404146 	-1.71461 	0.278465 	0.207754 	-0.178586 	
0.435	-0.00346243 	-0.0413879 	-1.71401 	0.278974 	0.209259 	-0.177875 	
0.44	-0.00350402 	-0.0421691 	-1.71318 	0.278722 	0.209072 	-0.177593 	
0.445	-0.00349556 	-0.0429948 	-1.71238 	0.278614 	0.209197 	-0.177338 	
0.45	-0.00344722 	-0.0438576 	-1.7116 	0.278621 	0.209569 	-0.177104 	
0.455	-0.00319633 	-0.0448898 	-1.71099 	0.279185 	0.211276 	-0.175959 	
0.46	-0.00295431 	-0.0459214 	-1.71036 	0.27973 	0.212913 	-0.175013 	
0.465	-0.00271944 	-0.0469542 	-1.70971 	0.280258 	0.214493 	-0.174225 	
0.47	-0.0024904 	-0.0479893 	-1.70905 	0.280774 	0.216026 	-0.173565 	
0.475	-0.00252486 	-0.04884 	-1.70817 	0.280528 	0.215942 	-0.173037 	
0.48	-0.0025113 	-0.0497318 	-1.70732 	0.280423 	0.216145 	-0.172585 	
0.485	-0.0024595 	-0.0506582 	-1.70648 	0.280433 	0.216576 	-0.172193 	
0.49	-0.00220413 	-0.0517552 	-1.70581 	0.281007 	0.218336 	-0.171144 	
0.495	-0.00195921 	-0.0528492 	-1.70512 	0.281559 	0.220011 	-0.170275 	
0.5	-0.00172271 	-0.0539423 	-1.70442 	0.282093 	0.221617 	-0.169548 	
0.505	-0.00149307 	-0.0550362 	-1.70369 	0.282612 	0.223167 	-0.168936 	
0.51	-0.00152026 	-0.0559564 	-1.70276 	0.28237 	0.223198 	-0.168174 	
0.515	-0.00150161 	-0.0569143 	-1.70186 	0.282269 	0.223487 	-0.167534 	
0.52	-0.0014465 	-0.0579035 	-1.70098 	0.28228 	0.223984 	-0.166991 	
0.525	-0.00136235 	-0.0589194 	-1.7001 	0.282381 	0.224645 	-0.166527 	
0.53	-0.001051 	-0.0601322 	-1.69941 	0.283106 	0.226811 	-0.165356 	
0.535	-0.00076223 	-0.0613306 	-1.69869 	0.283777 	0.228806 	-0.164388 	
0.54	-0.000491582 	-0.0625188 	-1.69793 	0.284406 	0.230662 	-0.163583 	
0.545	-0.000495159 	-0.0635108 	-1.69697 	0.284235 	0.230859 	-0.162893 	
0.55	-0.000458512 	-0.0645358 	-1.69602 	0.284189 	0.231277 	-0.162311 	
0.555	-0.000389902 	-0.0655885 	-1.69509 	0.284245 	0.231871 	-0.161815 	
0.56	-0.000295857 	-0.0666648 	-1.69417 	0.284381 	0.232605 	-0.161387 	
0.565	-1.36667e-05 	-0.0679249 	-1.6934 	0.285002 	0.234682 	-0.160026 	
0.57	0.000250807 	-0.0691705 	-1.6926 	0.285589 	0.2366 	-0.158906 	
0.575	0.000501031 	-0.0704058 	-1.69177 	0.286151 	0.238389 	-0.157979 	
0.58	0.000739669 	-0.071634 	-1.69092 	0.286691 	0.240076 	-0.157207 	
0.585	0.000687645 	-0.0726515 	-1.68987 	0.286377 	0.240022 	-0.156576 	
0.59	0.000684465 	-0.0737074 	-1.68883 	0.286217 	0.240233 	-0.156041 	
0.595	0.00072012 	-0.074795 	-1.68781 	0.28618 	0.240656 	-0.155583 	
0.6	0.00100398 	-0.0761103 	-1.68698 	0.286815 	0.242757 	-0.154338 	
0.605	0.00126871 	-0.077409 	-1.68611 	0.287413 	0.244689 	-0.153311 	
0.61	0.00151807 	-0.0786955 	-1.68523 	0.287982 	0.246484 	-0.152459 	
0.615	0.00175492 	-0.0799735 	-1.68432 	0.288528 	0.24817 	-0.151746 	
0.62	0.00171163 	-0.0810632 	-1.68322 	0.288215 	0.248285 	-0.150854 	
0.625	0.0017143 	-0.0821853 	-1.68214 	0.288055 	0.248625 	-0.15011 	
0.63	0.00175349 	-0.0833345 	-1.68108 	0.288018 	0.249146 	-0.149484 	
0.635	0.00202886 	-0.0846942 	-1.68018 	0.28864 	0.251206 	-0.148367 	
0.64	0.00228564 	-0.0860366 	-1.67925 	0.289227 	0.253099 	-0.147443 	
0.645	0.00252744 	-0.0873664 	-1.67829 	0.289787 	0.254858 	-0.146672 	
0.65	0.00275703 	-0.0886871 	-1.67732 	0.290324 	0.256508 	-0.146024 	
0.655	0.00272165 	-0.089848 	-1.67619 	0.29001 	0.256795 	-0.144887 	
0.66	0.00272939 	-0.091035 	-1.67507 	0.289848 	0.257267 	-0.143946 	
0.665	0.00277138 	-0.0922441 	-1.67396 	0.289809 	0.257887 	-0.143162 	
0.67	0.00284058 	-0.093472 	-1.67286 	0.289867 	0.258624 	-0.142505 	
0.675	0.00316837 	-0.0949383 	-1.67192 	0.290642 	0.261067 	-0.141338 	
0.68	0.00346558 	-0.0963752 	-1.67095 	0.291351 	0.263259 	-0.140374 	
0.685	0.00373823 	-0.0977893 	-1.66995 	0.292007 	0.26525 	-0.139571 	
0.69	0.0037177 	-0.0990013 	-1.66878 	0.291756 	0.265622 	-0.138559 	
0.695	0.00373599 	-0.100237 	-1.66761 	0.291644 	0.266155 	-0.137718 	
0.7	0.00378508 	-0.101492 	-1.66645 	0.291643 	0.266818 	-0.137014 	
0.705	0.0038586 	-0.102763 	-1.6653 	0.291731 	0.267583 	-0.136421 	
0.71	0.00415227 	-0.104275 	-1.6643 	0.292377 	0.269974 	-0.135023 	
0.715	0.00442078 	-0.105755 	-1.66326 	0.292982 	0.272118 	-0.133874 	
0.72	0.00466905 	-0.107211 	-1.66219 	0.293554 	0.274063 	-0.132924 	
0.725	0.0046681 	-0.108475 	-1.66098 	0.293381 	0.274546 	-0.132029 	
0.73	0.00470064 	-0.109759 	-1.65977 	0.293331 	0.275162 	-0.131283 	
0.735	0.00475969 	-0.111059 	-1.65857 	0.29338 	0.275884 	-0.130655 	
0.74	0.00497591 	-0.112545 	-1.65747 	0.29381 	0.277825 	-0.129363 	
0.745	0.00518125 	-0.114011 	-1.65635 	0.294242 	0.279603 	-0.128298 	
0.75	0.00537776 	-0.115459 	-1.65521 	0.294676 	0.28125 	-0.127416 	
0.755	0.00556697 	-0.116896 	-1.65405 	0.29511 	0.282791 	-0.126678 	
0.76	0.00575015 	-0.118323 	-1.65287 	0.295545 	0.284247 	-0.126058 	
0.765	0.0057129 	-0.119658 	-1.65161 	0.295186 	0.284836 	-0.124615 	
0.77	0.00571469 	-0.121005 	-1.65035 	0.294987 	0.285529 	-0.12343 	
0.775	0.00574747 	-0.122363 	-1.64909 	0.294915 	0.286304 	-0.122452 	
0.78	0.00580483 	-0.12373 	-1.64784 	0.294944 	0.287143 	-0.121639 	
0.785	0.00610474 	-0.125323 	-1.6467 	0.295673 	0.289525 	-0.120591 	
0.79	0.00637506 	-0.126881 	-1.64554 	0.296343 	0.291647 	-0.119721 	
0.795	0.00662158 	-0.128411 	-1.64435 	0.296965 	0.29356 	-0.118995 	
0.8	0.00659027 	-0.129775 	-1.64304 	0.296657 	0.294149 	-0.117718 	
0.805	0.00659529 	-0.131151 	-1.64174 	0.296497 	0.294834 	-0.116665 	
0.81	0.00662911 	-0.132537 	-1.64043 	0.296456 	0.295596 	-0.115793 	
0.815	0.00668575 	-0.133932 	-1.63912 	0.29651 	0.296418 	-0.115065 	
0.82	0.00694912 	-0.135569 	-1.63793 	0.297091 	0.298786 	-0.113757 	
0.825	0.0071886 	-0.137166 	-1.63671 	0.297643 	0.300889 	-0.112681 	
0.83	0.00740887 	-0.138733 	-1.63547 	0.298169 	0.302779 	-0.111789 	
0.835	0.00739221 	-0.14013 	-1.63412 	0.29794 	0.303414 	-0.110674 	
0.84	0.00740738 	-0.141536 	-1.63277 	0.297843 	0.30413 	-0.109752 	
0.845	0.00744773 	-0.142951 	-1.63142 	0.297851 	0.304908 	-0.108985 	
0.85	0.00750802 	-0.144373 	-1.63007 	0.297943 	0.305735 	-0.108341 	
0.855	0.0077352 	-0.14605 	-1.62882 	0.298381 	0.308089 	-0.106798 	
0.86	0.0079441 	-0.147684 	-1.62755 	0.298816 	0.310173 	-0.105533 	
0.865	0.0081383 	-0.149283 	-1.62625 	0.29925 	0.312041 	-0.104491 	
0.87	0.00832048 	-0.150856 	-1.62493 	0.299681 	0.313734 	-0.103628 	
0.875	0.00824909 	-0.15224 	-1.62352 	0.299302 	0.314079 	-0.102568 	
0.88	0.00821873 	-0.15364 	-1.6221 	0.299084 	0.314554 	-0.101691 	
0.885	0.00822093 	-0.155053 	-1.62069 	0.298995 	0.315131 	-0.100959 	
0.89	0.0084376 	-0.156738 	-1.61939 	0.299445 	0.317367 	-0.0996027 	
0.895	0.00863653 	-0.158381 	-1.61806 	0.299889 	0.319349 	-0.0984876 	
0.9	0.00882118 	-0.159991 	-1.61671 	0.300329 	0.321128 	-0.097566 	
0.905	0.00899414 	-0.161575 	-1.61534 	0.300765 	0.322742 	-0.0967989 	
0.91	0.00891991 	-0.163022 	-1.6139 	0.300334 	0.323293 	-0.095478 	
0.915	0.00888565 	-0.164475 	-1.61246 	0.300073 	0.323925 	-0.0943921 	
0.92	0.0088831 	-0.165934 	-1.61102 	0.299948 	0.324619 	-0.0934943 	
0.925	0.00908243 	-0.167615 	-1.60965 	0.30039 	0.326692 	-0.0923216 	
0.93	0.00926594 	-0.169258 	-1.60827 	0.300828 	0.328536 	-0.0913543 	
0.935	0.00943667 	-0.17087 	-1.60687 	0.301261 	0.330196 	-0.0905513 	
0.94	0.00959694 	-0.172458 	-1.60545 	0.301691 	0.331708 	-0.0898798 	
0.945	0.00951804 	-0.173962 	-1.60399 	0.301206 	0.332447 	-0.0883248 	
0.95	0.00947841 	-0.175463 	-1.60252 	0.3009 	0.333222 	-0.0870522 	
0.955	0.00946998 	-0.176963 	-1.60105 	0.300739 	0.334023 	-0.0860057 	
0.96	0.00948628 	-0.17846 	-1.59958 	0.300694 	0.334844 	-0.0851402 	
0.965	0.00971975 	-0.180202 	-1.59818 	0.301263 	0.337149 	-0.0840288 	
0.97	0.00992874 	-0.181896 	-1.59675 	0.301801 	0.339169 	-0.0831112 	
0.975	0.010118 	-0.18355 	-1.59531 	0.302314 	0.340961 	-0.0823487 	
0.98	0.0100457 	-0.185055 	-1.59381 	0.301899 	0.341645 	-0.0809956 	
0.985	0.0100098 	-0.186558 	-1.59231 	0.301649 	0.342366 	-0.0798852 	
0.99	0.0100028 	-0.188059 	-1.59081 	0.301532 	0.343117 	-0.078969 	
0.995	0.0100187 	-0.18956 	-1.5893 	0.301521 	0.343892 	-0.0782082 	
1	0.0102093 	-0.191332 	-1.58786 	0.301912 	0.346196 	-0.0768459 	
1.005	0.0103824 	-0.193051 	-1.5864 	0.302307 	0.348209 	-0.0757282 	
1.01	0.0105414 	-0.194726 	-1.58492 	0.302705 	0.349987 	-0.0748065 	
1.015	0.010689 	-0.196366 	-1.58343 	0.303105 	0.351577 	-0.0740414 	
1.02	0.0105549 	-0.197835 	-1.58189 	0.302507 	0.351951 	-0.0726925 	
1.025	0.0104679 	-0.199309 	-1.58034 	0.302111 	0.352417 	-0.0715864 	
1.03	0.0104185 	-0.200788 	-1.5788 	0.301875 	0.352955 	-0.0706746 	
1.035	0.0105983 	-0.202543 	-1.57731 	0.302288 	0.355097 	-0.0695107 	
1.04	0.0107614 	-0.204246 	-1.57581 	0.302699 	0.356972 	-0.0685525 	
1.045	0.010911 	-0.205909 	-1.5743 	0.303109 	0.358633 	-0.0677591 	
1.05	0.0108459 	-0.207451 	-1.57275 	0.302741 	0.359423 	-0.066466 	
1.055	0.0108128 	-0.208983 	-1.5712 	0.302529 	0.360214 	-0.065405 	
1.06	0.0108051 	-0.210509 	-1.56964 	0.302439 	0.361005 	-0.0645299 	
1.065	0.0108176 	-0.212028 	-1.56809 	0.302449 	0.361796 	-0.0638036 	
1.07	0.0109431 	-0.213796 	-1.56657 	0.302642 	0.363887 	-0.0623901 	
1.075	0.0110614 	-0.215511 	-1.56504 	0.302878 	0.365713 	-0.0612332 	
1.08	0.0111737 	-0.217181 	-1.56349 	0.303146 	0.367328 	-0.0602817 	
1.085	0.0112812 	-0.218817 	-1.56194 	0.303441 	0.368772 	-0.0594945 	
1.09	0.011168 	-0.220319 	-1.56036 	0.302939 	0.3693 	-0.0582392 	
1.095	0.0110949 	-0.221818 	-1.55878 	0.302618 	0.369875 	-0.0572095 	
1.1	0.0110538 	-0.223315 	-1.55721 	0.302441 	0.370485 	-0.0563605 	
1.105	0.011038 	-0.22481 	-1.55562 	0.302379 	0.371123 	-0.0556561 	
1.11	0.0111955 	-0.226637 	-1.55408 	0.302676 	0.373498 	-0.0542254 	
1.115	0.0113377 	-0.228396 	-1.55253 	0.302993 	0.375544 	-0.0530558 	
1.12	0.0114677 	-0.230101 	-1.55096 	0.303325 	0.377325 	-0.0520952 	
1.125	0.0113632 	-0.231579 	-1.54937 	0.302905 	0.377771 	-0.0510428 	
1.13	0.0112959 	-0.233057 	-1.54777 	0.302647 	0.378272 	-0.0501763 	
1.135	0.011258 	-0.234535 	-1.54618 	0.302521 	0.378817 	-0.0494588 	
1.14	0.0113414 	-0.236272 	-1.54461 	0.30262 	0.380685 	-0.0481395 	
1.145	0.0114233 	-0.237957 	-1.54303 	0.302779 	0.38232 	-0.0470598 	
1.15	0.0115042 	-0.2396 	-1.54144 	0.302985 	0.383767 	-0.0461721 	
1.155	0.011584 	-0.241208 	-1.53985 	0.303228 	0.385063 	-0.0454378 	
1.16	0.0114703 	-0.242735 	-1.53825 	0.302718 	0.385744 	-0.0441385 	
1.165	0.0113944 	-0.24425 	-1.53665 	0.302388 	0.386426 	-0.0430756 	
1.17	0.0113485 	-0.245754 	-1.53505 	0.302203 	0.387108 	-0.0422019 	
1.175	0.0113266 	-0.247249 	-1.53346 	0.302133 	0.38779 	-0.0414797 	
1.18	0.0114276 	-0.24901 	-1.53187 	0.302301 	0.389809 	-0.0401874 	
1.185	0.0115224 	-0.250711 	-1.53027 	0.302513 	0.391557 	-0.0391305 	
1.19	0.0116123 	-0.252362 	-1.52867 	0.302761 	0.393087 	-0.0382621 	
1.195	0.0116981 	-0.253973 	-1.52707 	0.303037 	0.394442 	-0.0375444 	
1.2	0.011525 	-0.25543 	-1.52547 	0.302349 	0.394788 	-0.0362754 	
1.205	0.0114005 	-0.256883 	-1.52386 	0.301876 	0.395196 	-0.0352379 	
1.21	0.0113147 	-0.258334 	-1.52226 	0.301575 	0.395651 	-0.0343858 	
1.215	0.011413 	-0.260046 	-1.52066 	0.301795 	0.397492 	-0.0333035 	
1.22	0.0115046 	-0.261704 	-1.51906 	0.302048 	0.399091 	-0.0324157 	
1.225	0.0115911 	-0.263316 	-1.51745 	0.302328 	0.400496 	-0.0316835 	
1.23	0.0114776 	-0.264817 	-1.51585 	0.301848 	0.401171 	-0.0304865 	
1.235	0.0113999 	-0.266303 	-1.51425 	0.301542 	0.401837 	-0.0295074 	
1.24	0.0113506 	-0.267775 	-1.51265 	0.301373 	0.402494 	-0.0287029 	
1.245	0.0113239 	-0.269236 	-1.51105 	0.301316 	0.403143 	-0.028038 	
1.25	0.0113663 	-0.270938 	-1.50945 	0.301303 	0.404921 	-0.0267462 	
1.255	0.0114125 	-0.272582 	-1.50784 	0.30137 	0.406463 	-0.0256919 	
1.26	0.0114616 	-0.274178 	-1.50624 	0.301501 	0.407818 	-0.0248276 	
1.265	0.0115131 	-0.275735 	-1.50464 	0.301681 	0.409021 	-0.0241155 	
1.27	0.01136 	-0.277167 	-1.50305 	0.30109 	0.409439 	-0.0229795 	
1.275	0.0112497 	-0.27859 	-1.50146 	0.300694 	0.409893 	-0.0220506 	
1.28	0.0111736 	-0.280006 	-1.49987 	0.300453 	0.410374 	-0.0212873 	
1.285	0.0111246 	-0.281415 	-1.49829 	0.300337 	0.410877 	-0.0206567 	
1.29	0.0111933 	-0.283139 	-1.49668 	0.300413 	0.412866 	-0.0193761 	
1.295	0.0112596 	-0.284794 	-1.49508 	0.300551 	0.414572 	-0.0183319 	
1.3	0.011324 	-0.286393 	-1.49349 	0.300736 	0.416051 	-0.017477 	
1.305	0.0113868 	-0.287945 	-1.49189 	0.30096 	0.417348 	-0.0167735 	
1.31	0.0111754 	-0.28927 	-1.49033 	0.3002 	0.417365 	-0.0157164 	
1.315	0.0110179 	-0.2906 	-1.48876 	0.299668 	0.417492 	-0.0148517 	
1.32	0.0109033 	-0.291934 	-1.4872 	0.299318 	0.417708 	-0.0141411 	
1.325	0.0109747 	-0.293592 	-1.48561 	0.299464 	0.419514 	-0.0130712 	
1.33	0.0110426 	-0.295187 	-1.48402 	0.299657 	0.421069 	-0.0121967 	
1.335	0.0111078 	-0.296731 	-1.48244 	0.299886 	0.422423 	-0.0114785 	
1.34	0.010961 	-0.298106 	-1.48088 	0.299339 	0.422835 	-0.0104522 	
1.345	0.0108545 	-0.299471 	-1.47933 	0.298977 	0.423275 	-0.00961308 	
1.35	0.0107803 	-0.300827 	-1.47779 	0.298763 	0.423737 	-0.00892369 	
1.355	0.0107317 	-0.302175 	-1.47624 	0.298667 	0.424215 	-0.00835421 	
1.36	0.0107451 	-0.303795 	-1.47467 	0.298577 	0.425902 	-0.00712326 	
1.365	0.0107662 	-0.305352 	-1.4731 	0.29858 	0.427358 	-0.00612084 	
1.37	0.0107935 	-0.306858 	-1.47154 	0.298657 	0.42863 	-0.00530142 	
1.375	0.0108258 	-0.308321 	-1.46999 	0.298794 	0.429753 	-0.00462841 	
1.38	0.0106424 	-0.309597 	-1.46848 	0.298148 	0.429866 	-0.00369633 	
1.385	0.0105064 	-0.310873 	-1.46697 	0.297707 	0.430063 	-0.00293365 	
1.39	0.0104082 	-0.312149 	-1.46546 	0.297428 	0.430326 	-0.00230659 	
1.395	0.0103401 	-0.313423 	-1.46396 	0.297281 	0.430642 	-0.00178812 	
1.4	0.0103839 	-0.315058 	-1.4624 	0.297285 	0.432574 	-0.000551785 	
1.405	0.0104289 	-0.316619 	-1.46086 	0.297363 	0.434222 	0.000453837 	
1.41	0.0104751 	-0.318118 	-1.45932 	0.2975 	0.435643 	0.00127469 	
1.415	0.0103137 	-0.31933 	-1.45785 	0.296976 	0.435681 	0.002016 	
1.42	0.010195 	-0.320546 	-1.45638 	0.296631 	0.435816 	0.00262514 	
1.425	0.0101105 	-0.321765 	-1.45491 	0.296429 	0.436026 	0.00312851 	
1.43	0.0100994 	-0.323259 	-1.4534 	0.296298 	0.437442 	0.00420507 	
1.435	0.0101006 	-0.324697 	-1.4519 	0.296267 	0.438676 	0.00508208 	
1.44	0.0101116 	-0.32609 	-1.45041 	0.296317 	0.439763 	0.00579931 	
1.445	0.0101304 	-0.327446 	-1.44893 	0.296431 	0.440734 	0.00638871 	
1.45	0.0101556 	-0.32877 	-1.44747 	0.296596 	0.441611 	0.00687584 	
1.455	0.00991517 	-0.329963 	-1.44604 	0.295689 	0.441672 	0.00797832 	
1.46	0.00973319 	-0.331154 	-1.44462 	0.295037 	0.441822 	0.00887531 	
1.465	0.00959794 	-0.332342 	-1.4432 	0.294589 	0.442042 	0.00960776 	
1.47	0.00950005 	-0.333526 	-1.44179 	0.294305 	0.442319 	0.0102085 	
1.475	0.00958805 	-0.335007 	-1.44032 	0.294582 	0.444016 	0.0110029 	
1.48	0.00966838 	-0.336424 	-1.43886 	0.294877 	0.445472 	0.0116531 	
1.485	0.00974271 	-0.337787 	-1.43741 	0.295187 	0.446735 	0.0121878 	
1.49	0.00952815 	-0.338905 	-1.43605 	0.294415 	0.446716 	0.0130946 	
1.495	0.00936692 	-0.340025 	-1.43468 	0.293871 	0.4468 	0.0138343 	
1.5	0.00924833 	-0.341146 	-1.43332 	0.29351 	0.446966 	0.0144402 	
1.505	0.00916387 	-0.342266 	-1.43196 	0.293295 	0.447199 	0.014939 	
1.51	0.00920169 	-0.343687 	-1.43054 	0.293361 	0.448773 	0.0158485 	
1.515	0.00924206 	-0.345044 	-1.42913 	0.293487 	0.45013 	0.0165901 	
1.52	0.0092846 	-0.346349 	-1.42774 	0.293661 	0.451313 	0.0171972 	
1.525	0.00910477 	-0.347401 	-1.42643 	0.29305 	0.451281 	0.0179236 	
1.53	0.0089715 	-0.348458 	-1.42512 	0.292634 	0.451353 	0.0185183 	
1.535	0.00887548 	-0.349518 	-1.42382 	0.292375 	0.451511 	0.0190075 	
1.54	0.00880929 	-0.350578 	-1.42253 	0.292242 	0.451735 	0.0194124 	
1.545	0.00880156 	-0.351928 	-1.42116 	0.292118 	0.453173 	0.0204078 	
1.55	0.0088058 	-0.353217 	-1.41981 	0.292093 	0.45442 	0.0212173 	
1.555	0.00881977 	-0.354457 	-1.41849 	0.292146 	0.455516 	0.021878 	
1.56	0.00884156 	-0.355654 	-1.41718 	0.292262 	0.456489 	0.0224198 	
1.565	0.00862976 	-0.356561 	-1.41596 	0.291564 	0.456108 	0.0230238 	
1.57	0.00847137 	-0.35749 	-1.41475 	0.291079 	0.455902 	0.0235199 	
1.575	0.00835572 	-0.358433 	-1.41354 	0.290765 	0.455837 	0.0239295 	
1.58	0.00827429 	-0.359386 	-1.41233 	0.290587 	0.455884 	0.02427 	
1.585	0.00830707 	-0.360737 	-1.41102 	0.290587 	0.45761 	0.0252741 	
1.59	0.00834412 	-0.362015 	-1.40972 	0.29066 	0.459089 	0.0260899 	
1.595	0.0083848 	-0.363231 	-1.40845 	0.290792 	0.46037 	0.026755 	
1.6	0.00820455 	-0.364063 	-1.40732 	0.290235 	0.459971 	0.0272025 	
1.605	0.00807186 	-0.364919 	-1.40618 	0.289863 	0.459752 	0.0275729 	
1.61	0.00797721 	-0.365793 	-1.40505 	0.289639 	0.459676 	0.0278815 	
1.615	0.00791308 	-0.366678 	-1.40391 	0.289534 	0.459717 	0.0281408 	
1.62	0.00790274 	-0.367934 	-1.40267 	0.289363 	0.46125 	0.0291824 	
1.625	0.00790588 	-0.369123 	-1.40146 	0.289299 	0.462575 	0.0300278 	
1.63	0.00792003 	-0.370256 	-1.40027 	0.289322 	0.463735 	0.0307161 	
1.635	0.00777521 	-0.371024 	-1.39921 	0.288911 	0.463378 	0.0310354 	
1.64	0.00767144 	-0.371816 	-1.39815 	0.288656 	0.463193 	0.0313028 	
1.645	0.00760051 	-0.372625 	-1.3971 	0.288525 	0.463147 	0.0315287 	
1.65	0.00755596 	-0.373446 	-1.39604 	0.288494 	0.463212 	0.0317214 	
1.655	0.00750757 	-0.374599 	-1.39489 	0.288175 	0.464545 	0.0327762 	
1.66	0.00748098 	-0.375693 	-1.39376 	0.287993 	0.465713 	0.0336317 	
1.665	0.00747205 	-0.376736 	-1.39266 	0.287921 	0.466749 	0.0343278 	
1.67	0.00747734 	-0.377737 	-1.39158 	0.287938 	0.467679 	0.0348963 	
1.675	0.00731869 	-0.378328 	-1.39065 	0.287524 	0.466934 	0.0350025 	
1.68	0.00720467 	-0.378963 	-1.38972 	0.287268 	0.466442 	0.0350991 	
1.685	0.00712641 	-0.379631 	-1.38878 	0.287136 	0.466153 	0.035188 	
1.69	0.00710289 	-0.380686 	-1.38772 	0.286942 	0.467394 	0.0360765 	
1.695	0.007097 	-0.381687 	-1.38668 	0.286861 	0.46849 	0.0367989 	
1.7	0.00710543 	-0.382642 	-1.38567 	0.28687 	0.469472 	0.0373881 	
1.705	0.00712542 	-0.38356 	-1.38467 	0.286952 	0.470362 	0.0378711 	
1.71	0.00694739 	-0.384088 	-1.38384 	0.286427 	0.469626 	0.0380543 	
1.715	0.0068187 	-0.384659 	-1.38299 	0.286081 	0.469145 	0.0382123 	
1.72	0.00672954 	-0.385262 	-1.38215 	0.285878 	0.468867 	0.0383501 	
1.725	0.00672715 	-0.386208 	-1.38118 	0.285796 	0.469985 	0.0390715 	
1.73	0.00673907 	-0.387108 	-1.38024 	0.285805 	0.470987 	0.0396599 	
1.735	0.00676265 	-0.387968 	-1.37933 	0.285886 	0.471897 	0.040142 	
1.74	0.00679566 	-0.388796 	-1.37843 	0.286026 	0.472734 	0.0405391 	
1.745	0.00660178 	-0.389252 	-1.37769 	0.285408 	0.471988 	0.0407734 	
1.75	0.00646131 	-0.389751 	-1.37694 	0.284989 	0.471501 	0.0409721 	
1.755	0.00636367 	-0.390283 	-1.37619 	0.284727 	0.471224 	0.0411424 	
1.76	0.00630043 	-0.390839 	-1.37544 	0.284593 	0.471114 	0.04129 	
1.765	0.00633779 	-0.391757 	-1.37456 	0.284632 	0.472479 	0.0420175 	
1.77	0.00638259 	-0.392618 	-1.37371 	0.284738 	0.473683 	0.0426109 	
1.775	0.00643356 	-0.393431 	-1.37288 	0.284897 	0.474759 	0.043097 	
1.78	0.00627652 	-0.393814 	-1.37224 	0.284424 	0.474067 	0.0432233 	
1.785	0.0061665 	-0.39424 	-1.3716 	0.28412 	0.473629 	0.0433357 	
1.79	0.00609421 	-0.394698 	-1.37094 	0.283952 	0.473394 	0.043437 	
1.795	0.00605224 	-0.395181 	-1.37029 	0.283892 	0.473323 	0.0435295 	
1.8	0.00603468 	-0.395681 	-1.36964 	0.283919 	0.473383 	0.0436151 	
1.805	0.00602147 	-0.3965 	-1.36888 	0.283719 	0.474643 	0.0444679 	
1.81	0.00602701 	-0.397265 	-1.36815 	0.283634 	0.475768 	0.0451616 	
1.815	0.0060478 	-0.397985 	-1.36744 	0.28364 	0.476786 	0.045728 	
1.82	0.00593944 	-0.398241 	-1.36693 	0.28339 	0.476023 	0.0456207 	
1.825	0.00586958 	-0.39855 	-1.36641 	0.283265 	0.475534 	0.0455464 	
1.83	0.00583064 	-0.398898 	-1.36588 	0.28324 	0.475263 	0.0454987 	
1.835	0.00581661 	-0.399275 	-1.36535 	0.283296 	0.475169 	0.0454723 	
1.84	0.00577664 	-0.399955 	-1.36472 	0.283 	0.47618 	0.046267 	
1.845	0.00576196 	-0.400594 	-1.36411 	0.282839 	0.477112 	0.0469145 	
1.85	0.00576773 	-0.401198 	-1.36352 	0.282785 	0.477981 	0.0474441 	
1.855	0.0056943 	-0.401396 	-1.36311 	0.282656 	0.477338 	0.047283 	
1.86	0.00565352 	-0.401642 	-1.36269 	0.282628 	0.47695 	0.0471659 	
1.865	0.005639 	-0.401925 	-1.36226 	0.282682 	0.476766 	0.0470842 	
1.87	0.00564567 	-0.402234 	-1.36184 	0.2828 	0.476747 	0.047031 	
1.875	0.0055799 	-0.402762 	-1.36134 	0.28242 	0.477468 	0.0477376 	
1.88	0.00554581 	-0.403264 	-1.36086 	0.282192 	0.478174 	0.0483149 	
1.885	0.00553728 	-0.403743 	-1.3604 	0.282085 	0.478869 	0.0487888 	
1.89	0.00549627 	-0.403881 	-1.36009 	0.282065 	0.478345 	0.0485847 	
1.895	0.00548262 	-0.404064 	-1.35977 	0.282125 	0.478058 	0.0484336 	
1.9	0.00549103 	-0.404281 	-1.35945 	0.282249 	0.477961 	0.0483251 	
1.905	0.00551727 	-0.404523 	-1.35913 	0.282424 	0.478017 	0.0482508 	
1.91	0.00555795 	-0.404783 	-1.35881 	0.28264 	0.478197 	0.0482041 	
1.915	0.00542545 	-0.405147 	-1.35847 	0.281983 	0.478594 	0.0489545 	
1.92	0.00533943 	-0.405501 	-1.35814 	0.281533 	0.479048 	0.0495674 	
1.925	0.0052908 	-0.405844 	-1.35783 	0.28125 	0.479548 	0.0500701 	
1.93	0.00531783 	-0.405896 	-1.35764 	0.281506 	0.479138 	0.0496873 	
1.935	0.00536004 	-0.405992 	-1.35744 	0.281788 	0.478949 	0.0493939 	
1.94	0.00541459 	-0.406123 	-1.35724 	0.282091 	0.478938 	0.0491722 	
1.945	0.0054792 	-0.406278 	-1.35704 	0.282409 	0.479069 	0.049008 	
1.95	0.00533244 	-0.406492 	-1.35685 	0.281713 	0.479212 	0.0496492 	
1.955	0.00523633 	-0.40671 	-1.35665 	0.281233 	0.479469 	0.0501752 	
1.96	0.00518094 	-0.406929 	-1.35647 	0.280925 	0.479818 	0.050609 	
1.965	0.00523154 	-0.406919 	-1.35639 	0.281251 	0.479518 	0.0502142 	
1.97	0.00529393 	-0.406951 	-1.35629 	0.281588 	0.479425 	0.0499117 	
1.975	0.00536593 	-0.407015 	-1.3562 	0.281935 	0.479496 	0.0496833 	
1.98	0.00544583 	-0.407101 	-1.35611 	0.28229 	0.479701 	0.0495145 	
1.985	0.00528902 	-0.407157 	-1.35605 	0.281579 	0.479567 	0.0500159 	
1.99	0.00518622 	-0.407232 	-1.356 	0.281087 	0.47961 	0.0504308 	
1.995	0.00512682 	-0.407321 	-1.35595 	0.280771 	0.479795 	0.0507764 	
2	0.00510233 	-0.407419 	-1.35591 	0.280596 	0.480094 	0.0510666 	
2.005	0.00519939 	-0.407278 	-1.35595 	0.281143 	0.479689 	0.0504258 	
2.01	0.00529752 	-0.407204 	-1.35596 	0.281657 	0.479502 	0.0499255 	
2.015	0.0053962 	-0.407186 	-1.35593 	0.282145 	0.479488 	0.0495377 	
2.02	0.00527567 	-0.407285 	-1.35585 	0.281562 	0.479614 	0.0500066 	
2.025	0.00519871 	-0.407407 	-1.35575 	0.281172 	0.479847 	0.0503934 	
2.03	0.00515627 	-0.407548 	-1.35563 	0.280936 	0.480163 	0.0507141 	
2.035	0.00514112 	-0.407706 	-1.35548 	0.280823 	0.480543 	0.0509817 	
2.04	0.00520016 	-0.407645 	-1.35541 	0.281212 	0.480205 	0.0503844 	
2.045	0.00526553 	-0.407642 	-1.3553 	0.281598 	0.480058 	0.0499174 	
2.05	0.00533564 	-0.407688 	-1.35516 	0.281983 	0.480062 	0.0495544 	
2.055	0.00524549 	-0.407892 	-1.35495 	0.281536 	0.480422 	0.0499799 	
2.06	0.00519049 	-0.408104 	-1.35473 	0.281253 	0.480828 	0.0503304 	
2.065	0.00516328 	-0.408325 	-1.35449 	0.281102 	0.481269 	0.0506205 	
2.07	0.00515798 	-0.408553 	-1.35423 	0.281054 	0.481736 	0.0508621 	
2.075	0.00516989 	-0.408787 	-1.35395 	0.281091 	0.482222 	0.0510647 	
2.08	0.0051858 	-0.408774 	-1.35376 	0.28133 	0.48181 	0.0503285 	
2.085	0.00521404 	-0.408818 	-1.35354 	0.281595 	0.481589 	0.0497486 	
2.09	0.00525184 	-0.408908 	-1.35329 	0.281881 	0.48152 	0.0492936 	
2.095	0.00519307 	-0.409263 	-1.35292 	0.28155 	0.482257 	0.0498358 	
2.1	0.00516053 	-0.409603 	-1.35254 	0.281358 	0.48295 	0.0502779 	
2.105	0.00514872 	-0.409934 	-1.35216 	0.281278 	0.483605 	0.0506396 	
2.11	0.00515318 	-0.410257 	-1.35176 	0.281287 	0.484228 	0.0509367 	
2.115	0.00514659 	-0.410343 	-1.35145 	0.281421 	0.48398 	0.0502305 	
2.12	0.00515467 	-0.410472 	-1.35112 	0.2816 	0.483877 	0.0496731 	
2.125	0.00517417 	-0.410637 	-1.35075 	0.281816 	0.483889 	0.0492346 	
2.13	0.00513453 	-0.411063 	-1.35027 	0.281589 	0.484737 	0.0497259 	
2.135	0.00511518 	-0.411467 	-1.34979 	0.281479 	0.485506 	0.0501259 	
2.14	0.00511182 	-0.411854 	-1.3493 	0.281463 	0.486209 	0.0504525 	
2.145	0.00512096 	-0.412228 	-1.3488 	0.281522 	0.486859 	0.0507201 	
2.15	0.00513983 	-0.412592 	-1.3483 	0.281641 	0.487463 	0.0509404 	
2.155	0.00509108 	-0.412766 	-1.34787 	0.281593 	0.487303 	0.0500817 	
2.16	0.00506314 	-0.412972 	-1.34742 	0.281625 	0.487257 	0.0494007 	
2.165	0.00505156 	-0.413204 	-1.34694 	0.281723 	0.487301 	0.0488618 	
2.17	0.00504356 	-0.413729 	-1.34633 	0.281642 	0.488357 	0.0494834 	
2.175	0.00504729 	-0.414218 	-1.34572 	0.281648 	0.489278 	0.0499861 	
2.18	0.00506021 	-0.414679 	-1.34511 	0.281723 	0.49009 	0.0503933 	
2.185	0.00508022 	-0.415118 	-1.3445 	0.281853 	0.490812 	0.050724 	
2.19	0.00501732 	-0.415398 	-1.34396 	0.281724 	0.490867 	0.0499047 	
2.195	0.00497624 	-0.415693 	-1.3434 	0.281691 	0.490982 	0.0492539 	
2.2	0.00495239 	-0.416001 	-1.34283 	0.281735 	0.491143 	0.0487379 	
2.205	0.0049542 	-0.416566 	-1.34213 	0.281727 	0.49221 	0.0492987 	
2.21	0.00496408 	-0.417091 	-1.34144 	0.281791 	0.493128 	0.0497514 	
2.215	0.00498025 	-0.417585 	-1.34075 	0.281911 	0.493927 	0.0501175 	
2.22	0.00500124 	-0.418055 	-1.34006 	0.282076 	0.494628 	0.0504142 	
2.225	0.00502587 	-0.418506 	-1.33937 	0.282278 	0.495251 	0.0506551 	
2.23	0.00492057 	-0.418906 	-1.33871 	0.281931 	0.495537 	0.0496696 	
2.235	0.00484379 	-0.419302 	-1.33804 	0.281723 	0.495825 	0.0488846 	
2.24	0.00478965 	-0.419696 	-1.33736 	0.281626 	0.496113 	0.0482599 	
2.245	0.00482387 	-0.420295 	-1.33657 	0.281796 	0.497198 	0.0489655 	
2.25	0.00485807 	-0.420853 	-1.3358 	0.282001 	0.498119 	0.0495329 	
2.255	0.00489212 	-0.421376 	-1.33503 	0.282233 	0.49891 	0.0499897 	
2.26	0.00492587 	-0.421873 	-1.33426 	0.282487 	0.499595 	0.0503577 	
2.265	0.00481275 	-0.422369 	-1.33351 	0.282084 	0.500095 	0.0494219 	
2.27	0.00472845 	-0.422844 	-1.33275 	0.281829 	0.500545 	0.0486758 	
2.275	0.00466707 	-0.423303 	-1.33199 	0.281694 	0.500954 	0.0480813 	
2.28	0.00470372 	-0.423914 	-1.33115 	0.281907 	0.501978 	0.0487158 	
2.285	0.00473875 	-0.424482 	-1.33032 	0.282144 	0.502844 	0.0492256 	
2.29	0.00477241 	-0.425018 	-1.3295 	0.282402 	0.503582 	0.0496354 	
2.295	0.00480483 	-0.425526 	-1.32868 	0.282675 	0.504217 	0.0499653 	
2.3	0.00468723 	-0.42611 	-1.32784 	0.282228 	0.504931 	0.0491061 	
2.305	0.00459837 	-0.426659 	-1.32701 	0.281936 	0.505545 	0.0484205 	
2.31	0.00453245 	-0.427179 	-1.32619 	0.281771 	0.506078 	0.0478738 	
2.315	0.00448479 	-0.427676 	-1.32537 	0.281705 	0.506547 	0.0474381 	
2.32	0.00454756 	-0.428337 	-1.32445 	0.282036 	0.507682 	0.0483365 	
2.325	0.00460261 	-0.428948 	-1.32355 	0.282367 	0.50863 	0.0490567 	
2.33	0.00465145 	-0.429519 	-1.32267 	0.282699 	0.509427 	0.0496342 	
2.335	0.00454735 	-0.430095 	-1.3218 	0.282341 	0.510067 	0.0488286 	
2.34	0.00446871 	-0.430639 	-1.32094 	0.282121 	0.510616 	0.0481854 	
2.345	0.00441042 	-0.431155 	-1.32009 	0.282012 	0.511093 	0.0476722 	
2.35	0.00436838 	-0.431651 	-1.31925 	0.281991 	0.511512 	0.0472629 	
2.355	0.00440805 	-0.432374 	-1.31828 	0.282197 	0.512779 	0.0480458 	
2.36	0.00444419 	-0.433036 	-1.31733 	0.282428 	0.513827 	0.0486733 	
2.365	0.00447754 	-0.433648 	-1.31641 	0.282679 	0.514701 	0.0491763 	
2.37	0.00450863 	-0.434219 	-1.31551 	0.282945 	0.515434 	0.0495797 	
2.375	0.00437742 	-0.434786 	-1.31463 	0.282486 	0.515971 	0.0484851 	
2.38	0.00427685 	-0.435321 	-1.31376 	0.282185 	0.516435 	0.0476106 	
2.385	0.00420084 	-0.435831 	-1.31289 	0.282011 	0.51684 	0.046912 	
2.39	0.00424434 	-0.436518 	-1.31193 	0.282265 	0.517958 	0.0476571 	
2.395	0.00428353 	-0.437149 	-1.31098 	0.282535 	0.518885 	0.0482543 	
2.4	0.00431935 	-0.437735 	-1.31007 	0.282816 	0.519661 	0.0487331 	
2.405	0.00435249 	-0.438286 	-1.30917 	0.283107 	0.520315 	0.0491171 	
2.41	0.0042186 	-0.438904 	-1.30826 	0.282606 	0.521012 	0.0481131 	
2.415	0.00411602 	-0.43948 	-1.30736 	0.282272 	0.521603 	0.0473109 	
2.42	0.00403861 	-0.440021 	-1.30648 	0.28207 	0.52211 	0.0466704 	
2.425	0.00408195 	-0.440657 	-1.30554 	0.282352 	0.523058 	0.0473394 	
2.43	0.00412136 	-0.441245 	-1.30463 	0.282644 	0.523851 	0.0478759 	
2.435	0.00415774 	-0.441796 	-1.30373 	0.282942 	0.524519 	0.0483064 	
2.44	0.00419177 	-0.442316 	-1.30286 	0.283247 	0.525088 	0.0486522 	
2.445	0.0040554 	-0.442964 	-1.30194 	0.28271 	0.525897 	0.0477343 	
2.45	0.00395133 	-0.443562 	-1.30104 	0.282345 	0.526579 	0.0470015 	
2.455	0.00387329 	-0.444118 	-1.30017 	0.28212 	0.527159 	0.0464168 	
2.46	0.0038162 	-0.444641 	-1.29931 	0.282005 	0.52766 	0.0459509 	
2.465	0.00389033 	-0.445242 	-1.2984 	0.28243 	0.528563 	0.0469048 	
2.47	0.00395519 	-0.445801 	-1.29752 	0.282835 	0.529321 	0.0476698 	
2.475	0.00401279 	-0.446323 	-1.29666 	0.283225 	0.529965 	0.0482837 	
2.48	0.00389219 	-0.446904 	-1.29579 	0.28278 	0.530614 	0.0474271 	
2.485	0.00380166 	-0.447445 	-1.29495 	0.28249 	0.531172 	0.046744 	
2.49	0.0037354 	-0.447951 	-1.29413 	0.282324 	0.531657 	0.0461997 	
2.495	0.00368873 	-0.448431 	-1.29333 	0.282257 	0.532085 	0.0457668 	
2.5	0.00373709 	-0.44903 	-1.29245 	0.282543 	0.53301 	0.0466023 	
2.505	0.0037824 	-0.449583 	-1.2916 	0.282837 	0.533791 	0.0472734 	
2.51	0.00382549 	-0.450098 	-1.29078 	0.283139 	0.534458 	0.047813 	
2.515	0.00372505 	-0.450604 	-1.28999 	0.282798 	0.534959 	0.0470554 	
2.52	0.00365192 	-0.451081 	-1.28922 	0.282592 	0.535403 	0.0464524 	
2.525	0.00360085 	-0.451532 	-1.28847 	0.282494 	0.535805 	0.0459733 	
2.53	0.00356765 	-0.451962 	-1.28773 	0.282482 	0.536172 	0.0455935 	
2.535	0.00354897 	-0.452375 	-1.28701 	0.282539 	0.536513 	0.0452934 	
2.54	0.00357334 	-0.452993 	-1.28617 	0.282667 	0.537564 	0.0462379 	
2.545	0.00360105 	-0.453555 	-1.28537 	0.282837 	0.538454 	0.0469975 	
2.55	0.00363174 	-0.454071 	-1.2846 	0.283039 	0.539215 	0.0476091 	
2.555	0.00354844 	-0.454446 	-1.28394 	0.282805 	0.539425 	0.046745 	
2.56	0.00349084 	-0.45481 	-1.28329 	0.282685 	0.539645 	0.0460583 	
2.565	0.00345403 	-0.455166 	-1.28266 	0.282657 	0.539876 	0.0455136 	
2.57	0.00343413 	-0.455513 	-1.28203 	0.282701 	0.540117 	0.0450829 	
2.575	0.00343854 	-0.456074 	-1.28128 	0.282729 	0.541072 	0.045945 	
2.58	0.00345204 	-0.456585 	-1.28056 	0.282819 	0.541894 	0.04664 	
2.585	0.00347313 	-0.457054 	-1.27988 	0.282959 	0.542611 	0.0472014 	
2.59	0.00340923 	-0.45735 	-1.27933 	0.282807 	0.542716 	0.0464377 	
2.595	0.003369 	-0.457646 	-1.27878 	0.282753 	0.542862 	0.0458327 	
2.6	0.00334798 	-0.45794 	-1.27824 	0.282778 	0.543044 	0.0453549 	
2.605	0.00334262 	-0.458233 	-1.27771 	0.282867 	0.543255 	0.0449793 	
2.61	0.00332528 	-0.458711 	-1.27708 	0.282792 	0.544056 	0.0457337 	
2.615	0.00336281 	-0.45899 	-1.27656 	0.282978 	0.544258 	0.0460476 	
2.62	0.0033781 	-0.45923 	-1.2761 	0.283237 	0.544432 	0.0463078 	
2.625	0.00341322 	-0.45945 	-1.27565 	0.283498 	0.544532 	0.0464077 	
2.63	0.00344673 	-0.459644 	-1.27522 	0.283739 	0.544561 	0.0462759 	
2.635	0.00330053 	-0.460218 	-1.2746 	0.283021 	0.545643 	0.0458929 	
2.64	0.00321794 	-0.460613 	-1.27409 	0.282674 	0.546251 	0.0455544 	
2.645	0.00317116 	-0.460911 	-1.27364 	0.28246 	0.546575 	0.0453391 	
2.65	0.00313352 	-0.461139 	-1.27325 	0.282349 	0.546731 	0.0451783 	
2.655	0.00309701 	-0.461307 	-1.27291 	0.282292 	0.546744 	0.0450519 	
2.66	0.0030734 	-0.46138 	-1.2726 	0.282343 	0.546472 	0.0450038 	
2.665	0.00310752 	-0.46137 	-1.27249 	0.2824 	0.546295 	0.044744 	
2.67	0.00316496 	-0.461293 	-1.27242 	0.282548 	0.545977 	0.0444846 	
2.675	0.0032284 	-0.461164 	-1.27241 	0.282751 	0.545598 	0.0442194 	
2.68	0.00327236 	-0.461005 	-1.27248 	0.28285 	0.545262 	0.0441551 	
2.685	0.00329812 	-0.460821 	-1.27261 	0.282913 	0.544907 	0.0441739 	
2.69	0.00331071 	-0.460618 	-1.27277 	0.282955 	0.544523 	0.0442065 	
2.695	0.0033137 	-0.4604 	-1.27295 	0.282984 	0.544113 	0.0442368 	
2.7	0.00330916 	-0.46017 	-1.27316 	0.283001 	0.543682 	0.0442607 	
2.705	0.00329867 	-0.459931 	-1.27337 	0.283008 	0.543234 	0.0442758 	
2.71	0.00328375 	-0.459685 	-1.2736 	0.283006 	0.542771 	0.0442823 	
2.715	0.00326575 	-0.459434 	-1.27383 	0.282998 	0.542299 	0.0442832 	
2.72	0.00324576 	-0.459179 	-1.27408 	0.282987 	0.541819 	0.0442821 	
2.725	0.00322439 	-0.45892 	-1.27432 	0.282974 	0.541333 	0.0442815 	
2.73	0.00320201 	-0.45866 	-1.27457 	0.28296 	0.540842 	0.0442818 	
2.735	0.00317888 	-0.458398 	-1.27483 	0.282945 	0.540347 	0.044283 	
2.74	0.00315411 	-0.458135 	-1.27508 	0.28293 	0.53984 	0.0442484 	
2.745	0.00312835 	-0.457871 	-1.27533 	0.282914 	0.539321 	0.0441856 	
2.75	0.00310215 	-0.457606 	-1.27558 	0.282897 	0.538793 	0.0441001 	
2.755	0.00307596 	-0.45734 	-1.27582 	0.28288 	0.538259 	0.043996 	
2.76	0.00305006 	-0.457074 	-1.27607 	0.282864 	0.537718 	0.0438764 	
2.765	0.00302459 	-0.456807 	-1.27631 	0.282849 	0.537174 	0.0437452 	
2.77	0.00299914 	-0.45654 	-1.27655 	0.282835 	0.536627 	0.0436081 	
2.775	0.00297375 	-0.456272 	-1.2768 	0.282821 	0.536078 	0.0434663 	
2.78	0.00294842 	-0.456005 	-1.27704 	0.282808 	0.535528 	0.0433208 	
2.785	0.00292316 	-0.455737 	-1.27728 	0.282796 	0.534975 	0.0431722 	
2.79	0.00289801 	-0.45547 	-1.27752 	0.282785 	0.534421 	0.0430211 	
2.795	0.00287301 	-0.455202 	-1.27776 	0.282776 	0.533866 	0.0428679 	
2.8	0.00284819 	-0.454934 	-1.278 	0.282768 	0.53331 	0.042713 	
2.805	0.00282359 	-0.454666 	-1.27824 	0.282761 	0.532752 	0.0425567 	
2.81	0.00279923 	-0.454397 	-1.27848 	0.282755 	0.532193 	0.0423993 	
2.815	0.00277515 	-0.454129 	-1.27872 	0.282751 	0.531633 	0.042241 	
2.82	0.00275135 	-0.45386 	-1.27896 	0.282748 	0.531073 	0.042082 	
2.825	0.00272785 	-0.453591 	-1.2792 	0.282746 	0.530511 	0.0419224 	
2.83	0.00267524 	-0.453325 	-1.27942 	0.282684 	0.529918 	0.0418189 	
2.835	0.00257843 	-0.453066 	-1.27962 	0.282507 	0.529274 	0.0418053 	
2.84	0.00249172 	-0.452814 	-1.27981 	0.282333 	0.528605 	0.0417961 	
2.845	0.00243602 	-0.452555 	-1.28 	0.28225 	0.527914 	0.041744 	
2.85	0.00239898 	-0.452292 	-1.28017 	0.282228 	0.527205 	0.041666 	
2.855	0.00235017 	-0.452028 	-1.28034 	0.282189 	0.526483 	0.0416066 	
2.86	0.00225305 	-0.451772 	-1.2805 	0.282016 	0.525752 	0.041637 	
2.865	0.00211104 	-0.451523 	-1.2807 	0.281751 	0.525118 	0.041849 	
2.87	0.00192569 	-0.451279 	-1.28089 	0.281405 	0.524457 	0.0421011 	
2.875	0.00173805 	-0.451057 	-1.28109 	0.281004 	0.523773 	0.0423626 	
2.88	0.00159767 	-0.450824 	-1.28126 	0.280785 	0.523061 	0.0425117 	
2.885	0.00150947 	-0.450582 	-1.28142 	0.280708 	0.522332 	0.0425581 	
2.89	0.00144455 	-0.450312 	-1.28154 	0.280819 	0.521613 	0.0425501 	
2.895	0.00134485 	-0.450048 	-1.28165 	0.280714 	0.520837 	0.0425879 	
2.9	0.0012058 	-0.449791 	-1.28179 	0.280453 	0.520072 	0.0427025 	
2.905	0.00106297 	-0.449532 	-1.28193 	0.280208 	0.519303 	0.0428145 	
2.91	0.000943462 	-0.44926 	-1.28216 	0.279949 	0.518706 	0.042825 	
2.915	0.000840854 	-0.448987 	-1.28238 	0.279762 	0.518073 	0.0428234 	
2.92	0.000762847 	-0.448705 	-1.28262 	0.279621 	0.517478 	0.0428004 	
2.925	0.000703476 	-0.448416 	-1.28287 	0.279526 	0.516894 	0.0427865 	
2.93	0.000683033 	-0.448121 	-1.28313 	0.279527 	0.516317 	0.0427258 	
2.935	0.00069251 	-0.447821 	-1.28337 	0.279594 	0.515741 	0.0426447 	
2.94	0.00069566 	-0.447519 	-1.28362 	0.279637 	0.515161 	0.0425873 	
2.945	0.000693043 	-0.447216 	-1.28387 	0.27967 	0.514579 	0.0425498 	
2.95	0.000684677 	-0.446914 	-1.28412 	0.279693 	0.513995 	0.0425269 	
2.955	0.000670774 	-0.446611 	-1.28437 	0.279707 	0.513409 	0.0425144 	
2.96	0.000678417 	-0.446305 	-1.28462 	0.279776 	0.512814 	0.0424693 	
2.965	0.000703391 	-0.445998 	-1.28486 	0.27988 	0.512215 	0.0424012 	
2.97	0.00073687 	-0.44569 	-1.2851 	0.280007 	0.511614 	0.0423187 	
2.975	0.000773701 	-0.445382 	-1.28534 	0.280142 	0.511016 	0.0422265 	
2.98	0.000812194 	-0.445076 	-1.28557 	0.280286 	0.510404 	0.0421288 	
2.985	0.000847842 	-0.444773 	-1.2858 	0.280431 	0.509792 	0.0420248 	
2.99	0.000881665 	-0.444472 	-1.28604 	0.280565 	0.509201 	0.0419139 	
2.995	0.000913671 	-0.444172 	-1.28628 	0.280695 	0.508617 	0.0418008 	
3	0.000944693 	-0.443873 	-1.28652 	0.280824 	0.508036 	0.0416861 	
3.005	0.000967199 	-0.443577 	-1.28677 	0.280953 	0.507458 	0.0415972 	
3.01	0.00098682 	-0.443281 	-1.28702 	0.281073 	0.506889 	0.0415108 	
3.015	0.00100496 	-0.442985 	-1.28727 	0.281189 	0.506322 	0.0414251 	
3.02	0.00102247 	-0.442689 	-1.28752 	0.281304 	0.505756 	0.0413406 	
3.025	0.00103994 	-0.442391 	-1.28777 	0.281418 	0.505189 	0.041258 	
3.03	0.00105741 	-0.442093 	-1.28802 	0.281531 	0.504622 	0.041179 	
3.035	0.0010637 	-0.441797 	-1.28827 	0.281613 	0.504037 	0.0410962 	
3.04	0.00106947 	-0.441502 	-1.28851 	0.281678 	0.503445 	0.0410074 	
3.045	0.00108231 	-0.441204 	-1.28875 	0.281763 	0.50285 	0.0408793 	
3.05	0.00108648 	-0.440906 	-1.28899 	0.281819 	0.502258 	0.0407254 	
3.055	0.00108362 	-0.440606 	-1.28924 	0.281843 	0.501671 	0.0405625 	
3.06	0.00107836 	-0.440306 	-1.28949 	0.281866 	0.50108 	0.040406 	
3.065	0.0010708 	-0.440006 	-1.28974 	0.281892 	0.500489 	0.040278 	
3.07	0.00107064 	-0.439704 	-1.28998 	0.281947 	0.499895 	0.0401187 	
3.075	0.00106574 	-0.439402 	-1.29023 	0.281979 	0.499304 	0.0400018 	
3.08	0.00104664 	-0.439102 	-1.29048 	0.281989 	0.498711 	0.0399129 	
3.085	0.00100318 	-0.438805 	-1.29074 	0.281932 	0.498113 	0.0398597 	
3.09	0.000958927 	-0.438505 	-1.29099 	0.28188 	0.497514 	0.0398096 	
3.095	0.000917382 	-0.438202 	-1.29125 	0.28183 	0.496911 	0.039727 	
3.1	0.000882498 	-0.437895 	-1.2915 	0.281796 	0.496306 	0.0396387 	
3.105	0.000842295 	-0.437588 	-1.29175 	0.281752 	0.495678 	0.0395108 	
3.11	0.000807338 	-0.437279 	-1.292 	0.281708 	0.49505 	0.0393566 	
3.115	0.000779123 	-0.436966 	-1.29224 	0.281679 	0.494414 	0.0391871 	
3.12	0.000766681 	-0.436647 	-1.29248 	0.281692 	0.493777 	0.039008 	
3.125	0.000759856 	-0.436325 	-1.29273 	0.281719 	0.493137 	0.0388251 	
3.13	0.000754899 	-0.436001 	-1.29297 	0.28175 	0.492495 	0.038641 	
3.135	0.000749864 	-0.435677 	-1.29321 	0.281778 	0.491852 	0.0384571 	
3.14	0.000721411 	-0.435358 	-1.29346 	0.281755 	0.491217 	0.0383845 	
3.145	0.000682236 	-0.435041 	-1.29371 	0.281714 	0.490586 	0.0383616 	
3.15	0.000637919 	-0.434726 	-1.29397 	0.281661 	0.489957 	0.0383635 	
3.155	0.000590136 	-0.434412 	-1.29423 	0.281599 	0.489329 	0.0383705 	
3.16	0.00054204 	-0.434099 	-1.29449 	0.281535 	0.488702 	0.0383754 	
3.165	0.000499799 	-0.433785 	-1.29475 	0.281492 	0.488082 	0.0383546 	
3.17	0.000467261 	-0.43347 	-1.29501 	0.281485 	0.487467 	0.0383325 	
3.175	0.000431214 	-0.433159 	-1.29527 	0.281457 	0.486845 	0.0382696 	
3.18	0.000399311 	-0.432846 	-1.29553 	0.281432 	0.486219 	0.0381736 	
3.185	0.000363259 	-0.432535 	-1.29579 	0.281394 	0.485598 	0.0381249 	
3.19	0.000331308 	-0.432221 	-1.29604 	0.281365 	0.484973 	0.0380515 	
3.195	0.000301505 	-0.431906 	-1.2963 	0.281342 	0.484346 	0.0379698 	
3.2	0.00027834 	-0.43159 	-1.29656 	0.28134 	0.483724 	0.0378967 	
3.205	0.000253471 	-0.431276 	-1.29681 	0.281335 	0.483105 	0.0378765 	
3.21	0.00022817 	-0.430961 	-1.29707 	0.281331 	0.482489 	0.0378658 	
3.215	0.000213489 	-0.430643 	-1.29733 	0.281354 	0.481877 	0.0378626 	
3.22	0.000205916 	-0.430324 	-1.29759 	0.281396 	0.481266 	0.0378674 	
3.225	0.00018834 	-0.430008 	-1.29785 	0.281408 	0.480647 	0.0378784 	
3.23	0.000166829 	-0.429694 	-1.2981 	0.281411 	0.480027 	0.0378875 	
3.235	0.000142967 	-0.42938 	-1.29835 	0.281409 	0.479409 	0.0378864 	
3.24	0.000106177 	-0.42907 	-1.2986 	0.281375 	0.478787 	0.037924 	
3.245	6.34529e-05 	-0.428762 	-1.29886 	0.281326 	0.478165 	0.0379671 	
3.25	2.27979e-05 	-0.428453 	-1.29911 	0.281286 	0.477546 	0.0379982 	
3.255	-1.69886e-05 	-0.428144 	-1.29937 	0.281249 	0.476929 	0.0380241 	
3.26	-5.66011e-05 	-0.427836 	-1.29962 	0.281213 	0.476312 	0.0380477 	
3.265	-9.46294e-05 	-0.427528 	-1.29988 	0.281181 	0.475697 	0.0380635 	
3.27	-0.000130626 	-0.427219 	-1.30013 	0.281155 	0.475082 	0.0380729 	
3.275	-0.00016478 	-0.42691 	-1.30039 	0.281136 	0.474468 	0.0380782 	
3.28	-0.000198497 	-0.426601 	-1.30064 	0.281117 	0.473855 	0.0380834 	
3.285	-0.000232226 	-0.426292 	-1.3009 	0.2811 	0.47324 	0.0380889 	
3.29	-0.000265341 	-0.425982 	-1.30115 	0.281083 	0.472625 	0.0380881 	
3.295	-0.000298422 	-0.425673 	-1.30141 	0.281067 	0.47201 	0.038085 	
3.3	-0.000331644 	-0.425363 	-1.30166 	0.281051 	0.471394 	0.0380809 	
3.305	-0.000365043 	-0.425054 	-1.30192 	0.281034 	0.470777 	0.0380675 	
3.31	-0.000416203 	-0.424747 	-1.30217 	0.280982 	0.470153 	0.038075 	
3.315	-0.000468209 	-0.42444 	-1.30241 	0.28093 	0.469527 	0.0380662 	
3.32	-0.000537161 	-0.424138 	-1.30266 	0.280812 	0.468887 	0.0381009 	
3.325	-0.000608386 	-0.423835 	-1.30291 	0.280689 	0.468248 	0.0380765 	
3.33	-0.000700343 	-0.423536 	-1.30315 	0.280525 	0.467601 	0.0380902 	
3.335	-0.000811486 	-0.423239 	-1.30339 	0.280323 	0.466948 	0.0381278 	
3.34	-0.000919387 	-0.42294 	-1.30364 	0.280132 	0.466297 	0.0381534 	
3.345	-0.00102266 	-0.422638 	-1.30388 	0.27995 	0.465644 	0.038168 	
3.35	-0.0011199 	-0.422332 	-1.30413 	0.279783 	0.464988 	0.0381701 	
3.355	-0.00121113 	-0.422022 	-1.30438 	0.279631 	0.464329 	0.038165 	
3.36	-0.00129314 	-0.421709 	-1.30463 	0.279504 	0.463669 	0.0381417 	
3.365	-0.00140014 	-0.421402 	-1.30487 	0.279318 	0.462998 	0.0381881 	
3.37	-0.00147568 	-0.421087 	-1.30513 	0.27921 	0.462348 	0.0381955 	
3.375	-0.00153541 	-0.420769 	-1.30538 	0.279132 	0.461701 	0.0381983 	
3.38	-0.00158515 	-0.420452 	-1.30564 	0.279057 	0.461052 	0.038205 	
3.385	-0.00162457 	-0.420134 	-1.30589 	0.27901 	0.46041 	0.0381975 	
3.39	-0.00164906 	-0.419813 	-1.30615 	0.279004 	0.45977 	0.0381746 	
3.395	-0.00167713 	-0.419494 	-1.3064 	0.278985 	0.459124 	0.038166 	
3.4	-0.00170775 	-0.419177 	-1.30664 	0.278961 	0.458478 	0.0381619 	
3.405	-0.00174009 	-0.418862 	-1.30689 	0.278934 	0.457831 	0.0381543 	
3.41	-0.00177382 	-0.418547 	-1.30714 	0.278905 	0.457186 	0.03814 	
3.415	-0.00181179 	-0.418233 	-1.30738 	0.278867 	0.456537 	0.0381322 	
3.42	-0.00184755 	-0.417918 	-1.30762 	0.278839 	0.45589 	0.0381171 	
3.425	-0.00188663 	-0.417604 	-1.30786 	0.278806 	0.455237 	0.0381336 	
3.43	-0.00192764 	-0.417291 	-1.30811 	0.278766 	0.454585 	0.038138 	
3.435	-0.00196842 	-0.416978 	-1.30835 	0.278726 	0.453933 	0.0381266 	
3.44	-0.00200713 	-0.416664 	-1.30859 	0.278688 	0.453285 	0.0380889 	
3.445	-0.00204435 	-0.41635 	-1.30883 	0.278652 	0.452638 	0.0380308 	
3.45	-0.00208031 	-0.416036 	-1.30908 	0.278617 	0.451989 	0.0379564 	
3.455	-0.00211511 	-0.415721 	-1.30932 	0.278584 	0.45134 	0.0378689 	
3.46	-0.00215017 	-0.415406 	-1.30956 	0.278555 	0.450693 	0.0378262 	
3.465	-0.00218876 	-0.415091 	-1.30981 	0.278516 	0.450047 	0.0378005 	
3.47	-0.00222169 	-0.414774 	-1.31005 	0.278486 	0.4494 	0.0377811 	
3.475	-0.00226386 	-0.414458 	-1.31029 	0.278436 	0.448751 	0.0377639 	
3.48	-0.00229169 	-0.414138 	-1.31054 	0.278432 	0.448106 	0.0377398 	
3.485	-0.00230921 	-0.413815 	-1.31078 	0.278458 	0.447461 	0.0377221 	
3.49	-0.0023236 	-0.413492 	-1.31102 	0.278491 	0.446817 	0.0377376 	
3.495	-0.00233373 	-0.413167 	-1.31127 	0.278536 	0.446175 	0.037771 	
3.5	-0.00234401 	-0.412842 	-1.31151 	0.278581 	0.44553 	0.0377819 	
3.505	-0.00237554 	-0.412522 	-1.31175 	0.278565 	0.444864 	0.0378114 	
3.51	-0.00240023 	-0.412198 	-1.31198 	0.278586 	0.444198 	0.0378387 	
3.515	-0.00242417 	-0.411874 	-1.31222 	0.278611 	0.443538 	0.0378619 	
3.52	-0.00245031 	-0.41155 	-1.31246 	0.278623 	0.44288 	0.0378594 	
3.525	-0.00247892 	-0.411227 	-1.3127 	0.278627 	0.442221 	0.0378506 	
3.53	-0.00250188 	-0.410902 	-1.31294 	0.278636 	0.441562 	0.0378324 	
3.535	-0.0025303 	-0.410578 	-1.31318 	0.278625 	0.440899 	0.0378143 	
3.54	-0.00254535 	-0.410249 	-1.31342 	0.278651 	0.440237 	0.0377803 	
3.545	-0.00254691 	-0.409918 	-1.31366 	0.278711 	0.439577 	0.0377415 	
3.55	-0.00255409 	-0.409591 	-1.3139 	0.27875 	0.438913 	0.0377107 	
3.555	-0.00256424 	-0.409269 	-1.31413 	0.278782 	0.438251 	0.0376835 	
3.56	-0.00260273 	-0.408951 	-1.31436 	0.278742 	0.437575 	0.0376696 	
3.565	-0.00265141 	-0.408633 	-1.31459 	0.278683 	0.436894 	0.0376551 	
3.57	-0.00271486 	-0.408316 	-1.31482 	0.278593 	0.43621 	0.0376321 	
3.575	-0.00276385 	-0.407994 	-1.31506 	0.278537 	0.435534 	0.0375851 	
3.58	-0.00279181 	-0.407669 	-1.31529 	0.278535 	0.434867 	0.0375825 	
3.585	-0.00280305 	-0.407338 	-1.31553 	0.278587 	0.4342 	0.0375698 	
3.59	-0.00282846 	-0.407011 	-1.31576 	0.278585 	0.433524 	0.0375601 	
3.595	-0.00285933 	-0.406684 	-1.316 	0.278568 	0.432846 	0.0375447 	
3.6	-0.00289321 	-0.406358 	-1.31624 	0.27855 	0.432168 	0.0375512 	
3.605	-0.00291779 	-0.406028 	-1.31647 	0.278565 	0.431491 	0.0375561 	
3.61	-0.00294779 	-0.4057 	-1.31671 	0.278562 	0.430807 	0.0375782 	
3.615	-0.00298141 	-0.405375 	-1.31694 	0.278551 	0.430122 	0.0376035 	
3.62	-0.00301659 	-0.405051 	-1.31717 	0.278537 	0.429439 	0.0376296 	
3.625	-0.0030526 	-0.404729 	-1.31741 	0.278523 	0.428757 	0.0376557 	
3.63	-0.00308916 	-0.404409 	-1.31764 	0.278508 	0.428077 	0.0376817 	
3.635	-0.00311809 	-0.404089 	-1.31787 	0.278508 	0.427401 	0.0377075 	
3.64	-0.00313704 	-0.403769 	-1.3181 	0.278535 	0.426731 	0.037733 	
3.645	-0.00315919 	-0.40345 	-1.31832 	0.278558 	0.42606 	0.0377572 	
3.65	-0.00318443 	-0.403133 	-1.31855 	0.278575 	0.425388 	0.037781 	
3.655	-0.00321305 	-0.402817 	-1.31877 	0.278583 	0.424715 	0.0378046 	
3.66	-0.00324498 	-0.402502 	-1.31899 	0.278583 	0.424042 	0.0378282 	
3.665	-0.00328005 	-0.402187 	-1.31922 	0.278575 	0.423368 	0.0378519 	
3.67	-0.00331727 	-0.401872 	-1.31944 	0.278561 	0.422691 	0.0378774 	
3.675	-0.00335714 	-0.401556 	-1.31966 	0.278541 	0.42201 	0.0379022 	
3.68	-0.00339824 	-0.401238 	-1.31989 	0.278519 	0.421327 	0.0379268 	
3.685	-0.00344004 	-0.400919 	-1.32011 	0.278496 	0.420641 	0.0379513 	
3.69	-0.00348493 	-0.400602 	-1.32034 	0.278467 	0.419956 	0.037998 	
3.695	-0.0035232 	-0.400492 	-1.32051 	0.278456 	0.419566 	0.0380199 	
3.7	-0.00354681 	-0.40038 	-1.32065 	0.278432 	0.419164 	0.0379908 	
3.705	-0.00356248 	-0.400257 	-1.3208 	0.278408 	0.418758 	0.0379433 	
3.71	-0.00357118 	-0.400119 	-1.32093 	0.278394 	0.418345 	0.0378812 	
3.715	-0.00358452 	-0.399967 	-1.32108 	0.278374 	0.41792 	0.0378656 	
3.72	-0.00358683 	-0.399796 	-1.32122 	0.278391 	0.417478 	0.0378316 	
3.725	-0.00357749 	-0.399605 	-1.32137 	0.278446 	0.417019 	0.0378007 	
3.73	-0.00355993 	-0.399395 	-1.32153 	0.278527 	0.41654 	0.0377884 	
3.735	-0.0035368 	-0.399168 	-1.32169 	0.278626 	0.41604 	0.0377858 	
3.74	-0.00352005 	-0.398926 	-1.32186 	0.278711 	0.415513 	0.0377869 	
3.745	-0.0035075 	-0.398671 	-1.32203 	0.278792 	0.414963 	0.0377889 	
3.75	-0.00349804 	-0.398402 	-1.32221 	0.278869 	0.414392 	0.0377913 	
3.755	-0.00348978 	-0.398121 	-1.3224 	0.278951 	0.413801 	0.0377939 	
3.76	-0.00348234 	-0.397829 	-1.3226 	0.279036 	0.413192 	0.0377965 	
3.765	-0.00350278 	-0.397539 	-1.3228 	0.279045 	0.412567 	0.0378022 	
3.77	-0.00353688 	-0.397247 	-1.323 	0.27902 	0.41193 	0.0378099 	
3.775	-0.00357583 	-0.396952 	-1.32321 	0.278986 	0.411288 	0.0378117 	
3.78	-0.0036195 	-0.396654 	-1.32342 	0.278958 	0.41064 	0.0378026 	
3.785	-0.00366032 	-0.396352 	-1.32363 	0.278941 	0.409984 	0.037773 	
3.79	-0.00369962 	-0.396046 	-1.32384 	0.278927 	0.409321 	0.0377402 	
3.795	-0.00373816 	-0.395737 	-1.32406 	0.278914 	0.408651 	0.0377067 	
3.8	-0.00377627 	-0.395425 	-1.32427 	0.278902 	0.407977 	0.0376731 	
3.805	-0.00381411 	-0.395111 	-1.32449 	0.278888 	0.407297 	0.0376395 	
3.81	-0.00384783 	-0.394839 	-1.32469 	0.278898 	0.406683 	0.0376565 	
3.815	-0.00388052 	-0.394563 	-1.32489 	0.278892 	0.40606 	0.0376375 	
3.82	-0.00390197 	-0.39428 	-1.32509 	0.278916 	0.405437 	0.0376344 	
3.825	-0.00392244 	-0.393991 	-1.32529 	0.278929 	0.404804 	0.037638 	
3.83	-0.0039429 	-0.393703 	-1.32549 	0.278947 	0.404168 	0.0376512 	
3.835	-0.00396814 	-0.393412 	-1.32569 	0.278955 	0.403523 	0.0376652 	
3.84	-0.00399666 	-0.393118 	-1.32589 	0.278954 	0.402875 	0.0376709 	
3.845	-0.0040272 	-0.39282 	-1.32609 	0.27895 	0.402221 	0.0376706 	
3.85	-0.00405917 	-0.392518 	-1.32629 	0.278944 	0.401561 	0.0376675 	
3.855	-0.00409652 	-0.392214 	-1.3265 	0.278923 	0.400895 	0.037671 	
3.86	-0.00413304 	-0.391907 	-1.32671 	0.278907 	0.400225 	0.0376697 	
3.865	-0.00417097 	-0.391597 	-1.32692 	0.278889 	0.399549 	0.0376684 	
3.87	-0.00421087 	-0.391284 	-1.32714 	0.278866 	0.398867 	0.0376616 	
3.875	-0.00425002 	-0.390969 	-1.32735 	0.278847 	0.398179 	0.037639 	
3.88	-0.0042888 	-0.390652 	-1.32756 	0.278829 	0.397486 	0.0376122 	
3.885	-0.00432742 	-0.390333 	-1.32777 	0.278811 	0.396789 	0.0375841 	
3.89	-0.00437308 	-0.390013 	-1.32798 	0.278773 	0.396082 	0.0375552 	
3.895	-0.00441751 	-0.38969 	-1.3282 	0.278743 	0.395378 	0.037548 	
3.9	-0.00446199 	-0.389366 	-1.32842 	0.278715 	0.394672 	0.0375463 	
3.905	-0.00450674 	-0.38904 	-1.32863 	0.278686 	0.393963 	0.0375458 	
3.91	-0.00454718 	-0.388711 	-1.32885 	0.278675 	0.393251 	0.0375714 	
3.915	-0.00458701 	-0.388379 	-1.32907 	0.278665 	0.392532 	0.0376028 	
3.92	-0.00462475 	-0.388044 	-1.32928 	0.278662 	0.39181 	0.0376395 	
3.925	-0.00465438 	-0.387717 	-1.32949 	0.278691 	0.391102 	0.0376674 	
3.93	-0.00468042 	-0.387397 	-1.3297 	0.278728 	0.390402 	0.0376926 	
3.935	-0.00470674 	-0.387083 	-1.3299 	0.278755 	0.38971 	0.0376914 	
3.94	-0.00473468 	-0.386766 	-1.33011 	0.278771 	0.389014 	0.0376867 	
3.945	-0.00477233 	-0.38645 	-1.33032 	0.278751 	0.388316 	0.0376895 	
3.95	-0.00481415 	-0.386132 	-1.33052 	0.27872 	0.387612 	0.0376801 	
3.955	-0.00485802 	-0.385814 	-1.33073 	0.278688 	0.386901 	0.0376816 	
3.96	-0.00490727 	-0.385496 	-1.33094 	0.278641 	0.386187 	0.0376778 	
3.965	-0.00495208 	-0.385172 	-1.33114 	0.278607 	0.385466 	0.0376401 	
3.97	-0.00499539 	-0.384847 	-1.33135 	0.278579 	0.384741 	0.0376051 	
3.975	-0.00504212 	-0.384522 	-1.33156 	0.278539 	0.384018 	0.0375948 	
3.98	-0.00509275 	-0.384198 	-1.33177 	0.27849 	0.383296 	0.0375853 	
3.985	-0.00514376 	-0.383874 	-1.33197 	0.278441 	0.382574 	0.0375867 	
3.99	-0.00519256 	-0.38355 	-1.33218 	0.278403 	0.381854 	0.0376015 	
3.995	-0.00524121 	-0.383225 	-1.33239 	0.278365 	0.381134 	0.0376208 	
4	-0.0052882 	-0.3829 	-1.3326 	0.278333 	0.380414 	0.0376416 	
4.005	-0.00533223 	-0.382574 	-1.33281 	0.278311 	0.379694 	0.0376504 	
4.01	-0.00538273 	-0.38225 	-1.33302 	0.278266 	0.378965 	0.0376676 	
4.015	-0.00543948 	-0.38195 	-1.33321 	0.278208 	0.378262 	0.0376991 	
4.02	-0.00549552 	-0.381676 	-1.33339 	0.278149 	0.377598 	0.0377313 	
4.025	-0.00554945 	-0.381404 	-1.33357 	0.278088 	0.376933 	0.0377578 	
4.03	-0.005602 	-0.381131 	-1.33375 	0.27803 	0.376269 	0.037781 	
4.035	-0.00564833 	-0.380851 	-1.33393 	0.277985 	0.375605 	0.0377812 	
4.04	-0.00569842 	-0.380591 	-1.3341 	0.277933 	0.374967 	0.0378146 	
4.045	-0.00574373 	-0.380326 	-1.33427 	0.277889 	0.374323 	0.0378182 	
4.05	-0.00578843 	-0.380056 	-1.33445 	0.277845 	0.373673 	0.0378114 	
4.055	-0.00583493 	-0.379783 	-1.33462 	0.277796 	0.373017 	0.0378005 	
4.06	-0.0058827 	-0.379505 	-1.3348 	0.277744 	0.372353 	0.0377811 	
4.065	-0.00593451 	-0.379231 	-1.33497 	0.277681 	0.37169 	0.0377818 	
4.07	-0.00598308 	-0.378951 	-1.33515 	0.277631 	0.37102 	0.0377596 	
4.075	-0.00602761 	-0.378664 	-1.33533 	0.277595 	0.37034 	0.0377269 	
4.08	-0.00606669 	-0.378371 	-1.33551 	0.277583 	0.369659 	0.0377083 	
4.085	-0.00609778 	-0.378068 	-1.33569 	0.277597 	0.368966 	0.037692 	
4.09	-0.0061236 	-0.377754 	-1.33587 	0.277627 	0.368256 	0.0376766 	
4.095	-0.00614581 	-0.377435 	-1.33606 	0.277669 	0.367539 	0.0376913 	
4.1	-0.0061637 	-0.377111 	-1.33624 	0.277724 	0.366814 	0.0377149 	
4.105	-0.0061963 	-0.376947 	-1.33636 	0.277743 	0.36641 	0.0377322 	
4.11	-0.00622361 	-0.376767 	-1.33649 	0.277731 	0.365955 	0.0377218 	
4.115	-0.00625055 	-0.376572 	-1.33662 	0.277711 	0.365462 	0.0377071 	
4.12	-0.00627902 	-0.376364 	-1.33676 	0.277687 	0.364941 	0.0376909 	
4.125	-0.00629794 	-0.376137 	-1.3369 	0.2777 	0.364395 	0.0376787 	
4.13	-0.00632225 	-0.375902 	-1.33705 	0.277684 	0.363829 	0.037678 	
4.135	-0.00634016 	-0.375653 	-1.3372 	0.277706 	0.363243 	0.0376774 	
4.14	-0.00635056 	-0.375387 	-1.33735 	0.277755 	0.362631 	0.0376853 	
4.145	-0.00635407 	-0.375103 	-1.33751 	0.277824 	0.36199 	0.0376815 	
4.15	-0.00637833 	-0.37486 	-1.33766 	0.277809 	0.361416 	0.0376874 	
4.155	-0.00640249 	-0.374612 	-1.33781 	0.277798 	0.36083 	0.037682 	
4.16	-0.00642915 	-0.374355 	-1.33796 	0.277779 	0.360221 	0.0376649 	
4.165	-0.00645824 	-0.374091 	-1.33813 	0.277758 	0.359596 	0.0376433 	
4.17	-0.00649505 	-0.373827 	-1.33829 	0.277721 	0.35896 	0.0376296 	
4.175	-0.00653563 	-0.373563 	-1.33845 	0.277681 	0.358322 	0.0376178 	
4.18	-0.00657826 	-0.3733 	-1.33862 	0.27764 	0.357682 	0.0376061 	
4.185	-0.00662235 	-0.373038 	-1.33879 	0.2776 	0.357041 	0.0375943 	
4.19	-0.00666763 	-0.372776 	-1.33895 	0.277558 	0.3564 	0.0375822 	
4.195	-0.00671393 	-0.372516 	-1.33912 	0.277516 	0.355759 	0.0375699 	
4.2	-0.00675507 	-0.372249 	-1.33929 	0.277488 	0.355111 	0.0375488 	
4.205	-0.00679494 	-0.371976 	-1.33946 	0.277464 	0.354455 	0.0375253 	
4.21	-0.00683483 	-0.3717 	-1.33963 	0.27744 	0.353791 	0.0375009 	
4.215	-0.0068712 	-0.371418 	-1.3398 	0.277422 	0.353121 	0.0374762 	
4.22	-0.0069072 	-0.371135 	-1.33997 	0.277409 	0.352447 	0.0374513 	
4.225	-0.0069446 	-0.370852 	-1.34014 	0.277393 	0.35177 	0.0374263 	
4.23	-0.00698388 	-0.370569 	-1.34031 	0.277373 	0.351091 	0.037401 	
4.235	-0.00702508 	-0.370285 	-1.34048 	0.277348 	0.350409 	0.0373755 	
4.24	-0.00709528 	-0.370002 	-1.34064 	0.277239 	0.349698 	0.0373725 	
4.245	-0.00717934 	-0.369712 	-1.3408 	0.277097 	0.348968 	0.0373744 	
4.25	-0.00725353 	-0.369419 	-1.34096 	0.276991 	0.348248 	0.0373553 	
4.255	-0.00732439 	-0.369127 	-1.34114 	0.276895 	0.347531 	0.0373307 	
4.26	-0.00739375 	-0.368835 	-1.34131 	0.276802 	0.346815 	0.0373047 	
4.265	-0.00746215 	-0.368544 	-1.34148 	0.276711 	0.346101 	0.0372782 	
4.27	-0.00752977 	-0.368255 	-1.34165 	0.27662 	0.345389 	0.0372516 	
4.275	-0.0075967 	-0.367967 	-1.34183 	0.27653 	0.344679 	0.0372248 	
4.28	-0.00766298 	-0.36768 	-1.342 	0.27644 	0.34397 	0.0371981 	
4.285	-0.00772867 	-0.367394 	-1.34217 	0.276352 	0.343264 	0.0371713 	
4.29	-0.00779351 	-0.36711 	-1.34235 	0.276265 	0.342559 	0.0371445 	
4.295	-0.00785734 	-0.366826 	-1.34252 	0.276181 	0.341857 	0.0371178 	
4.3	-0.00792018 	-0.366544 	-1.34269 	0.2761 	0.341156 	0.037091 	
4.305	-0.00798208 	-0.366261 	-1.34286 	0.276021 	0.340456 	0.0370643 	
4.31	-0.0080431 	-0.36598 	-1.34304 	0.275945 	0.339757 	0.0370376 	
4.315	-0.0081033 	-0.365699 	-1.34321 	0.275871 	0.33906 	0.0370108 	
4.32	-0.00816275 	-0.365418 	-1.34338 	0.275799 	0.338363 	0.0369841 	
4.325	-0.00822151 	-0.365138 	-1.34355 	0.275729 	0.337667 	0.0369574 	
4.33	-0.00828167 	-0.36486 	-1.34372 	0.275654 	0.336972 	0.0369331 	
4.335	-0.00834202 	-0.364581 	-1.34389 	0.275578 	0.336281 	0.0369271 	
4.34	-0.00840284 	-0.364301 	-1.34406 	0.275502 	0.33559 	0.0369258 	
4.345	-0.00846409 	-0.36402 	-1.34424 	0.275426 	0.334897 	0.0369257 	
4.35	-0.00852574 	-0.363738 	-1.34441 	0.275349 	0.334203 	0.0369258 	
4.355	-0.00858772 	-0.363456 	-1.34458 	0.275272 	0.333506 	0.0369261 	
4.36	-0.00865002 	-0.363172 	-1.34476 	0.275195 	0.332808 	0.0369264 	
4.365	-0.00871262 	-0.362889 	-1.34493 	0.275117 	0.332108 	0.0369267 	
4.37	-0.00876378 	-0.362597 	-1.3451 	0.275093 	0.331398 	0.0369182 	
4.375	-0.00881011 	-0.362301 	-1.34526 	0.275086 	0.330679 	0.0369077 	
4.38	-0.00885468 	-0.362001 	-1.34543 	0.275083 	0.329951 	0.0368973 	
4.385	-0.00889865 	-0.361697 	-1.34559 	0.275081 	0.329215 	0.0368873 	
4.39	-0.00894246 	-0.36139 	-1.34576 	0.275079 	0.328474 	0.0368778 	
4.395	-0.00899992 	-0.361089 	-1.34593 	0.275018 	0.327736 	0.0368765 	
4.4	-0.00906275 	-0.360791 	-1.3461 	0.274938 	0.327002 	0.0368765 	
4.405	-0.00912776 	-0.360494 	-1.34628 	0.274853 	0.326271 	0.0368768 	
4.41	-0.00920327 	-0.360207 	-1.34645 	0.274745 	0.325548 	0.0368838 	
4.415	-0.00928417 	-0.359932 	-1.34661 	0.274622 	0.32484 	0.036896 	
4.42	-0.0093642 	-0.359667 	-1.34677 	0.2745 	0.324149 	0.0369104 	
4.425	-0.0094411 	-0.359411 	-1.34692 	0.274383 	0.323474 	0.036927 	
4.43	-0.0095082 	-0.359151 	-1.34707 	0.274294 	0.322799 	0.0369312 	
4.435	-0.00957872 	-0.358883 	-1.34722 	0.274194 	0.322108 	0.0369044 	
4.44	-0.00965058 	-0.358608 	-1.34737 	0.27409 	0.321403 	0.0368697 	
4.445	-0.00972056 	-0.358323 	-1.34752 	0.273998 	0.320684 	0.0368346 	
4.45	-0.00979327 	-0.358032 	-1.34767 	0.273908 	0.319947 	0.0368308 	
4.455	-0.00986599 	-0.357734 	-1.34782 	0.27382 	0.319196 	0.0368349 	
4.46	-0.00995057 	-0.357437 	-1.34797 	0.273698 	0.318436 	0.0368473 	
4.465	-0.0100375 	-0.357138 	-1.34813 	0.27357 	0.317675 	0.0368625 	
4.47	-0.010127 	-0.356838 	-1.34829 	0.273436 	0.316911 	0.0368815 	
4.475	-0.0102176 	-0.356542 	-1.34845 	0.273298 	0.316153 	0.0369046 	
4.48	-0.0103053 	-0.356243 	-1.34861 	0.273174 	0.315392 	0.0369242 	
4.485	-0.0104103 	-0.355943 	-1.34876 	0.272999 	0.314606 	0.0369502 	
4.49	-0.0105259 	-0.355639 	-1.34891 	0.272793 	0.313816 	0.0369585 	
4.495	-0.0106412 	-0.355332 	-1.34906 	0.27259 	0.313025 	0.0369466 	
4.5	-0.0107129 	-0.355252 	-1.34917 	0.272525 	0.312717 	0.0369466 	
4.505	-0.0107709 	-0.35515 	-1.34926 	0.272423 	0.312336 	0.0369374 	
4.51	-0.0108221 	-0.355026 	-1.34935 	0.27233 	0.311908 	0.036945 	
4.515	-0.0108742 	-0.354881 	-1.34944 	0.272239 	0.31144 	0.0369562 	
4.52	-0.0109242 	-0.354716 	-1.34954 	0.272161 	0.310943 	0.0369669 	
4.525	-0.0109767 	-0.354534 	-1.34965 	0.272083 	0.310417 	0.0369776 	
4.53	-0.0110338 	-0.354337 	-1.34976 	0.271998 	0.309861 	0.0369903 	
4.535	-0.0110951 	-0.354126 	-1.34988 	0.271908 	0.309278 	0.0370041 	
4.54	-0.0111601 	-0.353902 	-1.35 	0.271813 	0.30867 	0.0370186 	
4.545	-0.0112289 	-0.353666 	-1.35013 	0.271714 	0.308038 	0.0370337 	
4.55	-0.011301 	-0.35342 	-1.35026 	0.271611 	0.307384 	0.0370495 	
4.555	-0.011376 	-0.353164 	-1.35039 	0.271504 	0.30671 	0.0370658 	
4.56	-0.0114658 	-0.352902 	-1.35052 	0.27136 	0.306006 	0.0370864 	
4.565	-0.0115591 	-0.352631 	-1.35066 	0.27121 	0.305289 	0.037073 	
4.57	-0.011655 	-0.352351 	-1.3508 	0.271056 	0.304556 	0.0370523 	
4.575	-0.0117532 	-0.352063 	-1.35094 	0.2709 	0.303808 	0.0370307 	
4.58	-0.0118538 	-0.351769 	-1.35108 	0.270741 	0.303045 	0.0370086 	
4.585	-0.0119568 	-0.351469 	-1.35123 	0.270578 	0.302269 	0.0369862 	
4.59	-0.0120619 	-0.351164 	-1.35137 	0.270412 	0.301481 	0.0369635 	
4.595	-0.0121692 	-0.350855 	-1.35152 	0.270242 	0.300683 	0.0369409 	
4.6	-0.0122609 	-0.350534 	-1.35167 	0.270118 	0.299874 	0.0369203 	
4.605	-0.012345 	-0.350205 	-1.35182 	0.270012 	0.299053 	0.0368993 	
4.61	-0.0124279 	-0.349882 	-1.35198 	0.269903 	0.298243 	0.0368636 	
4.615	-0.0124791 	-0.349818 	-1.3521 	0.269865 	0.297876 	0.0368607 	
4.62	-0.0125142 	-0.349746 	-1.3522 	0.269816 	0.297489 	0.0368565 	
4.625	-0.0125405 	-0.349664 	-1.35228 	0.269779 	0.297104 	0.0368514 	
4.63	-0.0125774 	-0.349567 	-1.35237 	0.269712 	0.296692 	0.0368585 	
4.635	-0.0126229 	-0.349449 	-1.35245 	0.269627 	0.296255 	0.0368397 	
4.64	-0.0126691 	-0.349309 	-1.35253 	0.269552 	0.295786 	0.0367677 	
4.645	-0.0127126 	-0.349165 	-1.35262 	0.269493 	0.295316 	0.0367284 	
4.65	-0.0127483 	-0.349049 	-1.35271 	0.269461 	0.294902 	0.0367049 	
4.655	-0.012777 	-0.34896 	-1.35278 	0.269457 	0.294586 	0.0366933 	
4.66	-0.012799 	-0.348846 	-1.35285 	0.269459 	0.294212 	0.0366858 	
4.665	-0.0128187 	-0.348709 	-1.35293 	0.269466 	0.29379 	0.036677 	
4.67	-0.012839 	-0.348551 	-1.35302 	0.269477 	0.293326 	0.0366662 	
4.675	-0.0128613 	-0.348375 	-1.35311 	0.269489 	0.292824 	0.0366547 	
4.68	-0.0128856 	-0.348184 	-1.3532 	0.269488 	0.29229 	0.0366508 	
4.685	-0.0129104 	-0.347979 	-1.3533 	0.269495 	0.291726 	0.0366432 	
4.69	-0.0129381 	-0.347763 	-1.35341 	0.2695 	0.291139 	0.0366355 	
4.695	-0.0129748 	-0.347551 	-1.35351 	0.26948 	0.290544 	0.036662 	
4.7	-0.013015 	-0.347336 	-1.35362 	0.269448 	0.289939 	0.0366752 	
4.705	-0.0130581 	-0.347109 	-1.35373 	0.269413 	0.28931 	0.0367022 	
4.71	-0.0131036 	-0.346871 	-1.35384 	0.269376 	0.288659 	0.0367336 	
4.715	-0.0131512 	-0.346623 	-1.35396 	0.269338 	0.287988 	0.036767 	
4.72	-0.0132014 	-0.34637 	-1.35408 	0.269299 	0.2873 	0.036811 	
4.725	-0.0132531 	-0.34611 	-1.3542 	0.269259 	0.286598 	0.0368585 	
4.73	-0.013306 	-0.345846 	-1.35432 	0.269218 	0.285884 	0.0369074 	
4.735	-0.01336 	-0.345577 	-1.35444 	0.269177 	0.285161 	0.0369572 	
4.74	-0.0134149 	-0.345305 	-1.35456 	0.269134 	0.284428 	0.0370076 	
4.745	-0.0134707 	-0.345029 	-1.35469 	0.269092 	0.283686 	0.0370601 	
4.75	-0.0135303 	-0.344759 	-1.35481 	0.269032 	0.282948 	0.0371017 	
4.755	-0.013592 	-0.344496 	-1.35493 	0.268965 	0.282223 	0.0371393 	
4.76	-0.0136541 	-0.344237 	-1.35506 	0.268894 	0.281502 	0.0371764 	
4.765	-0.013712 	-0.343975 	-1.35518 	0.268845 	0.280777 	0.037224 	
4.77	-0.013767 	-0.343711 	-1.3553 	0.268804 	0.280054 	0.0372628 	
4.775	-0.0138234 	-0.343446 	-1.35542 	0.268756 	0.279331 	0.037298 	
4.78	-0.0138742 	-0.343181 	-1.35555 	0.268731 	0.278613 	0.0373293 	
4.785	-0.0139206 	-0.342914 	-1.35567 	0.268721 	0.277891 	0.0373523 	
4.79	-0.0139572 	-0.342638 	-1.35579 	0.268739 	0.277161 	0.0373551 	
4.795	-0.013989 	-0.342355 	-1.35591 	0.268771 	0.276421 	0.0373507 	
4.8	-0.0140184 	-0.342065 	-1.35603 	0.268809 	0.275668 	0.0373442 	
4.805	-0.0140466 	-0.341769 	-1.35616 	0.26885 	0.274903 	0.0373376 	
4.81	-0.0140776 	-0.341469 	-1.35628 	0.268884 	0.274129 	0.0373353 	
4.815	-0.0141118 	-0.341168 	-1.3564 	0.268909 	0.273346 	0.0373358 	
4.82	-0.0141494 	-0.340864 	-1.35653 	0.268925 	0.272556 	0.0373397 	
4.825	-0.0141903 	-0.34056 	-1.35665 	0.268931 	0.271761 	0.037344 	
4.83	-0.0142346 	-0.340256 	-1.35678 	0.268928 	0.270963 	0.0373521 	
4.835	-0.0142676 	-0.340205 	-1.35686 	0.268927 	0.27069 	0.0373556 	
4.84	-0.0142818 	-0.340135 	-1.35693 	0.268929 	0.270361 	0.0373583 	
4.845	-0.0142899 	-0.340042 	-1.357 	0.268935 	0.269987 	0.0373587 	
4.85	-0.0143047 	-0.339933 	-1.35707 	0.26892 	0.269577 	0.0373713 	
4.855	-0.0143244 	-0.339806 	-1.35714 	0.268899 	0.269135 	0.037388 	
4.86	-0.0143489 	-0.339658 	-1.35722 	0.268871 	0.268654 	0.0374034 	
4.865	-0.0143779 	-0.33949 	-1.3573 	0.268839 	0.268133 	0.0374202 	
4.87	-0.0144275 	-0.339306 	-1.35738 	0.268758 	0.267566 	0.0374145 	
4.875	-0.0144955 	-0.339106 	-1.35746 	0.268639 	0.266954 	0.0374062 	
4.88	-0.0145821 	-0.338889 	-1.35754 	0.268481 	0.266297 	0.0374004 	
4.885	-0.0146864 	-0.338656 	-1.35762 	0.268287 	0.265597 	0.0373978 	
4.89	-0.0148067 	-0.338409 	-1.35771 	0.268059 	0.264858 	0.0373985 	
4.895	-0.0149418 	-0.338149 	-1.35779 	0.267801 	0.264081 	0.0374024 	
4.9	-0.0150497 	-0.337872 	-1.3579 	0.267623 	0.263303 	0.0372917 	
4.905	-0.0151427 	-0.337584 	-1.35801 	0.267486 	0.262512 	0.0371467 	
4.91	-0.0152152 	-0.337289 	-1.35813 	0.267434 	0.261724 	0.0371207 	
4.915	-0.0152843 	-0.336994 	-1.35825 	0.267389 	0.260932 	0.0371412 	
4.92	-0.0153517 	-0.336698 	-1.35836 	0.267345 	0.260135 	0.0371741 	
4.925	-0.0154178 	-0.336403 	-1.35848 	0.267302 	0.259336 	0.0372101 	
4.93	-0.015483 	-0.336109 	-1.3586 	0.267258 	0.258536 	0.0372469 	
4.935	-0.0155473 	-0.335815 	-1.35871 	0.267215 	0.257735 	0.0372838 	
4.94	-0.0155899 	-0.33576 	-1.35882 	0.267195 	0.257356 	0.0372934 	
4.945	-0.0156285 	-0.335701 	-1.35889 	0.267117 	0.256959 	0.0372151 	
4.95	-0.0156542 	-0.335682 	-1.35897 	0.267043 	0.256593 	0.0371702 	
4.955	-0.0156827 	-0.335655 	-1.35904 	0.266979 	0.256247 	0.0371697 	
4.96	-0.0156956 	-0.335604 	-1.3591 	0.266965 	0.2559 	0.0371575 	
4.965	-0.015701 	-0.335566 	-1.35917 	0.26697 	0.255577 	0.0371466 	
4.97	-0.0156992 	-0.335519 	-1.35924 	0.266998 	0.255258 	0.0371448 	
4.975	-0.0157169 	-0.335473 	-1.35929 	0.266964 	0.254958 	0.0371354 	
4.98	-0.015749 	-0.335403 	-1.35933 	0.266895 	0.254605 	0.0371457 	
4.985	-0.0158044 	-0.335309 	-1.35938 	0.266772 	0.254191 	0.0371342 	
4.99	-0.0158407 	-0.335181 	-1.35944 	0.26672 	0.253749 	0.0371436 	
4.995	-0.0158682 	-0.335024 	-1.35952 	0.266704 	0.253262 	0.0371595 	
5	-0.0159014 	-0.334847 	-1.3596 	0.266675 	0.252731 	0.03718 	
5.005	-0.0159473 	-0.334651 	-1.35967 	0.266614 	0.252153 	0.0371994 	
5.01	-0.015995 	-0.334434 	-1.35976 	0.266562 	0.251531 	0.0372058 	
5.015	-0.0160448 	-0.334199 	-1.35985 	0.266513 	0.250869 	0.0372088 	
5.02	-0.0160979 	-0.333947 	-1.35994 	0.266464 	0.250176 	0.0372253 	
5.025	-0.0161676 	-0.333686 	-1.36003 	0.266376 	0.249446 	0.0372305 	
5.03	-0.0162277 	-0.333408 	-1.36014 	0.266332 	0.248694 	0.0372331 	
5.035	-0.0163065 	-0.333124 	-1.36024 	0.266239 	0.24791 	0.0372368 	
5.04	-0.0163823 	-0.332832 	-1.36035 	0.26613 	0.247104 	0.0372434 	
5.045	-0.0164477 	-0.332529 	-1.36046 	0.266066 	0.246293 	0.0372548 	
5.05	-0.0165119 	-0.33222 	-1.36058 	0.266008 	0.24547 	0.0372684 	
5.055	-0.0165757 	-0.331907 	-1.3607 	0.265951 	0.244637 	0.0372867 	
5.06	-0.0166411 	-0.331595 	-1.36082 	0.265832 	0.243785 	0.0373128 	
5.065	-0.0166869 	-0.331378 	-1.36093 	0.265771 	0.243122 	0.037338 	
5.07	-0.0167347 	-0.331156 	-1.36103 	0.26569 	0.242444 	0.0373532 	
5.075	-0.0167787 	-0.330927 	-1.36113 	0.265624 	0.241761 	0.0373635 	
5.08	-0.0168163 	-0.330685 	-1.36123 	0.265584 	0.24106 	0.0373589 	
5.085	-0.0168512 	-0.330442 	-1.36134 	0.265537 	0.240371 	0.0373031 	
5.09	-0.0168858 	-0.330199 	-1.36145 	0.265485 	0.2397 	0.0372074 	
5.095	-0.0169242 	-0.329949 	-1.36155 	0.265447 	0.239001 	0.0372007 	
5.1	-0.0169655 	-0.32969 	-1.36165 	0.265412 	0.238277 	0.0372239 	
5.105	-0.0170098 	-0.329421 	-1.36175 	0.265377 	0.237532 	0.0372552 	
5.11	-0.0170571 	-0.329143 	-1.36185 	0.265342 	0.236768 	0.0372894 	
5.115	-0.0171135 	-0.328859 	-1.36195 	0.265282 	0.235976 	0.0373026 	
5.12	-0.017173 	-0.328565 	-1.36205 	0.265221 	0.235163 	0.037311 	
5.125	-0.0172309 	-0.328274 	-1.36216 	0.265132 	0.234352 	0.0372883 	
5.13	-0.0172713 	-0.328009 	-1.36228 	0.265098 	0.233656 	0.0371976 	
5.135	-0.0172993 	-0.327876 	-1.36237 	0.265092 	0.23319 	0.0371712 	
5.14	-0.0173508 	-0.327691 	-1.36245 	0.265032 	0.232674 	0.0371636 	
5.145	-0.0174099 	-0.327461 	-1.36253 	0.264971 	0.232079 	0.0371597 	
5.15	-0.0174603 	-0.3272 	-1.36262 	0.264957 	0.231437 	0.0371523 	
5.155	-0.0175012 	-0.327083 	-1.3627 	0.264957 	0.231056 	0.0371483 	
5.16	-0.0175301 	-0.327004 	-1.36278 	0.264963 	0.230749 	0.0371517 	
5.165	-0.0175678 	-0.326894 	-1.36285 	0.264923 	0.230362 	0.0371591 	
5.17	-0.0176053 	-0.326744 	-1.36292 	0.264895 	0.229905 	0.0371619 	
5.175	-0.0176455 	-0.326555 	-1.36299 	0.264874 	0.229377 	0.0371629 	
5.18	-0.0176921 	-0.32633 	-1.36308 	0.26485 	0.228778 	0.0371672 	
5.185	-0.0177463 	-0.326074 	-1.36316 	0.26482 	0.228116 	0.0371954 	
5.19	-0.0178001 	-0.325795 	-1.36326 	0.264801 	0.227414 	0.0372152 	
5.195	-0.0178472 	-0.32554 	-1.36336 	0.264806 	0.226754 	0.0372148 	
5.2	-0.0178944 	-0.325265 	-1.36346 	0.264813 	0.226052 	0.0372229 	
5.205	-0.017936 	-0.325057 	-1.36356 	0.264824 	0.225472 	0.0372178 	
5.21	-0.0179638 	-0.324876 	-1.36365 	0.264869 	0.224945 	0.0372079 	
5.215	-0.0179981 	-0.324678 	-1.36374 	0.264873 	0.224367 	0.0372088 	
5.22	-0.018037 	-0.324464 	-1.36383 	0.264861 	0.223758 	0.0372234 	
5.225	-0.0180767 	-0.324238 	-1.36392 	0.264849 	0.223133 	0.0372336 	
5.23	-0.0181171 	-0.323991 	-1.36401 	0.264839 	0.222467 	0.0372566 	
5.235	-0.0181446 	-0.323776 	-1.3641 	0.264879 	0.221871 	0.0372538 	
5.24	-0.0181653 	-0.323656 	-1.36418 	0.26492 	0.221462 	0.0372467 	
5.245	-0.0181863 	-0.323551 	-1.36425 	0.264935 	0.22111 	0.0372423 	
5.25	-0.0182083 	-0.323426 	-1.36432 	0.26494 	0.220723 	0.0372479 	
5.255	-0.0182304 	-0.323306 	-1.36438 	0.264945 	0.220342 	0.0372489 	
5.26	-0.0182602 	-0.323176 	-1.36444 	0.264936 	0.21997 	0.0372612 	
5.265	-0.018288 	-0.323064 	-1.36451 	0.264932 	0.219611 	0.0372616 	
5.27	-0.0183203 	-0.322911 	-1.36457 	0.264919 	0.219163 	0.0372749 	
5.275	-0.018359 	-0.322719 	-1.36464 	0.264903 	0.218635 	0.0372934 	
5.28	-0.0184044 	-0.322489 	-1.36472 	0.264885 	0.21803 	0.0373179 	
5.285	-0.0184417 	-0.322312 	-1.3648 	0.264888 	0.217506 	0.0373197 	
5.29	-0.0184738 	-0.322217 	-1.36488 	0.264887 	0.21714 	0.0373207 	
5.295	-0.0185081 	-0.322089 	-1.36495 	0.264868 	0.216705 	0.0373356 	
5.3	-0.0185555 	-0.321928 	-1.36501 	0.264816 	0.2162 	0.0373549 	
5.305	-0.0186135 	-0.321731 	-1.36508 	0.264748 	0.215627 	0.0373781 	
5.31	-0.0186816 	-0.321501 	-1.36515 	0.264672 	0.214987 	0.0374079 	
5.315	-0.0187548 	-0.321237 	-1.36523 	0.264602 	0.21428 	0.0374395 	
5.32	-0.0188219 	-0.320944 	-1.36532 	0.264562 	0.213525 	0.0374887 	
5.325	-0.0188682 	-0.320831 	-1.36541 	0.264552 	0.213082 	0.0374993 	
5.33	-0.0189075 	-0.320696 	-1.36549 	0.264534 	0.212594 	0.0375216 	
5.335	-0.0189598 	-0.320535 	-1.36556 	0.264472 	0.212054 	0.0375396 	
5.34	-0.0190172 	-0.320344 	-1.36563 	0.264406 	0.211465 	0.0375605 	
5.345	-0.0190798 	-0.320122 	-1.3657 	0.26434 	0.210824 	0.0375845 	
5.35	-0.0191549 	-0.31987 	-1.36578 	0.264248 	0.210121 	0.037601 	
5.355	-0.01923 	-0.319589 	-1.36586 	0.264187 	0.209374 	0.0376358 	
5.36	-0.0193222 	-0.319286 	-1.36594 	0.264087 	0.20857 	0.0376633 	
5.365	-0.0193918 	-0.318969 	-1.36604 	0.264073 	0.207753 	0.0376629 	
5.37	-0.0194461 	-0.318831 	-1.36613 	0.264072 	0.207287 	0.0376602 	
5.375	-0.019497 	-0.318671 	-1.36621 	0.264039 	0.206762 	0.0376393 	
5.38	-0.0195468 	-0.318479 	-1.36628 	0.264013 	0.206185 	0.0376528 	
5.385	-0.0196 	-0.318256 	-1.36636 	0.263986 	0.205553 	0.0376768 	
5.39	-0.0196707 	-0.318008 	-1.36644 	0.263913 	0.204874 	0.0376245 	
5.395	-0.0197216 	-0.317797 	-1.36654 	0.263905 	0.204204 	0.0376028 	
5.4	-0.0197917 	-0.317574 	-1.36662 	0.263839 	0.203503 	0.0376259 	
5.405	-0.0198625 	-0.317328 	-1.3667 	0.263778 	0.202777 	0.0376618 	
5.41	-0.0199051 	-0.317152 	-1.36678 	0.263819 	0.202334 	0.0376642 	
5.415	-0.0199372 	-0.317056 	-1.36685 	0.263865 	0.202021 	0.0376226 	
5.42	-0.0199689 	-0.31697 	-1.36692 	0.263882 	0.201702 	0.0376207 	
5.425	-0.0199835 	-0.316902 	-1.36699 	0.263844 	0.201342 	0.0376283 	
5.43	-0.0200123 	-0.316804 	-1.36705 	0.263781 	0.200926 	0.0376466 	
5.435	-0.0200517 	-0.316673 	-1.3671 	0.263704 	0.200455 	0.0376714 	
5.44	-0.0200898 	-0.316503 	-1.36716 	0.26366 	0.199925 	0.0376896 	
5.445	-0.0201327 	-0.316295 	-1.36723 	0.263626 	0.199329 	0.0377083 	
5.45	-0.0201855 	-0.316054 	-1.3673 	0.26358 	0.198663 	0.0377258 	
5.455	-0.0201935 	-0.315822 	-1.3674 	0.263667 	0.198081 	0.0377375 	
5.46	-0.0201736 	-0.315603 	-1.36751 	0.263829 	0.197554 	0.037745 	
5.465	-0.0201412 	-0.315394 	-1.36762 	0.264023 	0.197054 	0.0377502 	
5.47	-0.0201041 	-0.315196 	-1.36772 	0.264224 	0.196571 	0.0377544 	
5.475	-0.0200661 	-0.315007 	-1.36782 	0.264422 	0.196102 	0.0377583 	
5.48	-0.0200278 	-0.314826 	-1.36792 	0.264617 	0.195647 	0.0377618 	
5.485	-0.0199897 	-0.314653 	-1.36802 	0.264809 	0.195205 	0.0377651 	
5.49	-0.0199517 	-0.314487 	-1.36811 	0.265 	0.194776 	0.0377681 	
5.495	-0.0199223 	-0.314327 	-1.36819 	0.265161 	0.194336 	0.0377931 	
5.5	-0.0199215 	-0.31416 	-1.36825 	0.265272 	0.193823 	0.0379332 	
5.505	-0.0199068 	-0.314004 	-1.36833 	0.265405 	0.19339 	0.037964 	
5.51	-0.0198815 	-0.313854 	-1.36841 	0.265566 	0.19299 	0.0379713 	
5.515	-0.0198625 	-0.313703 	-1.3685 	0.265693 	0.192575 	0.037976 	
5.52	-0.0198498 	-0.31356 	-1.36857 	0.265795 	0.19217 	0.0379797 	
5.525	-0.0198404 	-0.313414 	-1.36865 	0.265891 	0.191751 	0.038004 	
5.53	-0.0198475 	-0.313364 	-1.36871 	0.265913 	0.19151 	0.0380129 	
5.535	-0.0198557 	-0.313287 	-1.36876 	0.265928 	0.191206 	0.0380216 	
5.54	-0.0198657 	-0.313183 	-1.36881 	0.265949 	0.19085 	0.0380324 	
5.545	-0.0198899 	-0.313043 	-1.36886 	0.265939 	0.190417 	0.038051 	
5.55	-0.0199219 	-0.312862 	-1.36891 	0.265929 	0.189901 	0.0380758 	
5.555	-0.0199561 	-0.31266 	-1.36897 	0.265936 	0.189343 	0.0380971 	
5.56	-0.0199532 	-0.312461 	-1.36906 	0.266061 	0.188847 	0.0380953 	
5.565	-0.0199257 	-0.312274 	-1.36916 	0.266243 	0.188394 	0.0380712 	
5.57	-0.0198876 	-0.312098 	-1.36925 	0.266448 	0.187958 	0.0380326 	
5.575	-0.0198454 	-0.31193 	-1.36934 	0.266659 	0.187535 	0.0379918 	
5.58	-0.0198069 	-0.311768 	-1.36942 	0.266856 	0.187109 	0.0379671 	
5.585	-0.0197685 	-0.311603 	-1.36949 	0.267075 	0.186656 	0.037975 	
5.59	-0.0197296 	-0.311434 	-1.36956 	0.267301 	0.186189 	0.0379915 	
5.595	-0.019685 	-0.311263 	-1.36963 	0.267537 	0.185737 	0.0380189 	
5.6	-0.0196385 	-0.311091 	-1.3697 	0.267778 	0.185286 	0.0380541 	
5.605	-0.0195918 	-0.310916 	-1.36978 	0.268018 	0.184827 	0.0381045 	
5.61	-0.0195384 	-0.310753 	-1.36986 	0.268242 	0.184343 	0.0381682 	
5.615	-0.0194776 	-0.310581 	-1.36996 	0.268513 	0.183946 	0.0382155 	
5.62	-0.0194562 	-0.310384 	-1.37004 	0.268689 	0.183448 	0.0382704 	
5.625	-0.0194278 	-0.310193 	-1.37013 	0.268868 	0.182969 	0.0382692 	
5.63	-0.0193808 	-0.310005 	-1.37022 	0.2691 	0.182528 	0.0382815 	
5.635	-0.0193384 	-0.309829 	-1.37031 	0.269314 	0.182096 	0.0382538 	
5.64	-0.0192887 	-0.309654 	-1.37041 	0.26954 	0.181673 	0.0382505 	
5.645	-0.0192438 	-0.309489 	-1.3705 	0.269749 	0.181253 	0.0382152 	
5.65	-0.0191941 	-0.309342 	-1.37059 	0.269914 	0.180797 	0.0381955 	
5.655	-0.0191882 	-0.309182 	-1.37067 	0.269917 	0.180293 	0.0381231 	
5.66	-0.0191931 	-0.308994 	-1.37074 	0.269923 	0.179735 	0.0380758 	
5.665	-0.0192061 	-0.308776 	-1.3708 	0.269935 	0.179124 	0.0380363 	
5.67	-0.019191 	-0.308779 	-1.37093 	0.269943 	0.178602 	0.0380023 	
5.675	-0.0191678 	-0.308843 	-1.37104 	0.269947 	0.178272 	0.0380065 	
5.68	-0.0191413 	-0.308954 	-1.37111 	0.269946 	0.178129 	0.0380076 	
5.685	-0.0191175 	-0.309045 	-1.37117 	0.26994 	0.178012 	0.0380092 	
5.69	-0.0191031 	-0.309105 	-1.37122 	0.26992 	0.177882 	0.0380063 	
5.695	-0.0191041 	-0.309125 	-1.37125 	0.269897 	0.177706 	0.0380015 	
5.7	-0.0191157 	-0.309103 	-1.37129 	0.269862 	0.177473 	0.0379782 	
5.705	-0.0191349 	-0.309036 	-1.37134 	0.269835 	0.177175 	0.0379553 	
5.71	-0.0191655 	-0.308925 	-1.37138 	0.269802 	0.176804 	0.0379249 	
5.715	-0.0192097 	-0.308773 	-1.37143 	0.269751 	0.176355 	0.0378767 	
5.72	-0.019268 	-0.308582 	-1.37149 	0.269677 	0.17583 	0.0378085 	
5.725	-0.0193354 	-0.308355 	-1.37155 	0.269597 	0.175222 	0.0377292 	
5.73	-0.0194017 	-0.308096 	-1.37162 	0.269553 	0.17454 	0.0376979 	
5.735	-0.0194655 	-0.307813 	-1.37169 	0.269519 	0.173811 	0.0376343 	
5.74	-0.0195365 	-0.307575 	-1.37175 	0.269476 	0.173228 	0.0376023 	
5.745	-0.0195818 	-0.307292 	-1.37181 	0.269551 	0.172537 	0.0375808 	
5.75	-0.0196115 	-0.307143 	-1.37189 	0.2696 	0.171962 	0.0375492 	
5.755	-0.0196396 	-0.306998 	-1.37197 	0.269623 	0.171379 	0.0375045 	
5.76	-0.0196719 	-0.306842 	-1.37204 	0.269605 	0.170812 	0.0374383 	
5.765	-0.0197105 	-0.306667 	-1.37211 	0.269579 	0.170229 	0.0374039 	
5.77	-0.0197551 	-0.306471 	-1.37218 	0.269549 	0.169618 	0.0373851 	
5.775	-0.0198047 	-0.306252 	-1.37224 	0.269518 	0.168972 	0.0373654 	
5.78	-0.0198563 	-0.30601 	-1.37231 	0.269489 	0.16829 	0.0373311 	
5.785	-0.0199102 	-0.305746 	-1.37238 	0.269455 	0.167575 	0.0372609 	
5.79	-0.019965 	-0.305462 	-1.37246 	0.269422 	0.166826 	0.037159 	
5.795	-0.0200111 	-0.305191 	-1.37253 	0.269439 	0.1661 	0.0370553 	
5.8	-0.020051 	-0.30505 	-1.37261 	0.269444 	0.165618 	0.0369978 	
5.805	-0.0200842 	-0.304887 	-1.37267 	0.26945 	0.165092 	0.0369373 	
5.81	-0.0201177 	-0.304703 	-1.37273 	0.269439 	0.164544 	0.0368612 	
5.815	-0.0201533 	-0.304493 	-1.3728 	0.269428 	0.163954 	0.0367727 	
5.82	-0.0201878 	-0.304283 	-1.37286 	0.269439 	0.163354 	0.0366901 	
5.825	-0.0202204 	-0.304074 	-1.37291 	0.269458 	0.162754 	0.0366067 	
5.83	-0.0202561 	-0.303848 	-1.37298 	0.269464 	0.162134 	0.0365264 	
5.835	-0.0202888 	-0.303607 	-1.37304 	0.269497 	0.161478 	0.0364661 	
5.84	-0.0203057 	-0.303331 	-1.3731 	0.269629 	0.160753 	0.0364316 	
5.845	-0.0203154 	-0.303051 	-1.37315 	0.269783 	0.160029 	0.0363701 	
5.85	-0.0203192 	-0.302918 	-1.37319 	0.269938 	0.159755 	0.0363386 	
5.855	-0.0203297 	-0.302817 	-1.37322 	0.270016 	0.159513 	0.0363151 	
5.86	-0.0203403 	-0.302736 	-1.37325 	0.270071 	0.159294 	0.0362965 	
5.865	-0.0203495 	-0.302656 	-1.37328 	0.27012 	0.15905 	0.0362785 	
5.87	-0.0203575 	-0.302559 	-1.37332 	0.270174 	0.158754 	0.0362548 	
5.875	-0.0203559 	-0.302515 	-1.37337 	0.270234 	0.158487 	0.0362265 	
5.88	-0.0203459 	-0.302464 	-1.37341 	0.270338 	0.158205 	0.0362104 	
5.885	-0.0203524 	-0.30238 	-1.37345 	0.270355 	0.157858 	0.0361746 	
5.89	-0.0203643 	-0.302265 	-1.3735 	0.270327 	0.157457 	0.0361073 	
5.895	-0.0203865 	-0.302114 	-1.37354 	0.270303 	0.156965 	0.0360406 	
5.9	-0.0204167 	-0.301924 	-1.37358 	0.27028 	0.15639 	0.0359782 	
5.905	-0.0204372 	-0.301802 	-1.37362 	0.270303 	0.156039 	0.0359211 	
5.91	-0.0204519 	-0.301705 	-1.37367 	0.27033 	0.155751 	0.0358798 	
5.915	-0.0204681 	-0.301628 	-1.37371 	0.270345 	0.15548 	0.0358454 	
5.92	-0.0204844 	-0.301558 	-1.37375 	0.270351 	0.155207 	0.0358161 	
5.925	-0.0205075 	-0.301457 	-1.37378 	0.270344 	0.154859 	0.0357718 	
5.93	-0.0205256 	-0.301375 	-1.37381 	0.270339 	0.154574 	0.0357429 	
5.935	-0.0205396 	-0.301305 	-1.37385 	0.270344 	0.1543 	0.0357062 	
5.94	-0.020561 	-0.301189 	-1.37389 	0.270332 	0.153913 	0.0356501 	
5.945	-0.0205788 	-0.301039 	-1.37393 	0.270371 	0.153479 	0.0355973 	
5.95	-0.0205772 	-0.300884 	-1.37397 	0.270485 	0.153058 	0.0355481 	
5.955	-0.0205618 	-0.300726 	-1.37402 	0.270638 	0.152637 	0.0354962 	
5.96	-0.0205442 	-0.300568 	-1.37409 	0.270705 	0.152113 	0.0354418 	
5.965	-0.0205074 	-0.300418 	-1.37416 	0.270848 	0.151644 	0.0353894 	
5.97	-0.0204534 	-0.300267 	-1.37423 	0.271052 	0.151206 	0.0353275 	
5.975	-0.0204353 	-0.300088 	-1.37428 	0.271163 	0.150674 	0.0352823 	
5.98	-0.0203879 	-0.299921 	-1.37436 	0.271315 	0.150142 	0.0352367 	
5.985	-0.0203611 	-0.299731 	-1.37443 	0.271435 	0.149558 	0.0351988 	
5.99	-0.0203496 	-0.299512 	-1.37448 	0.271541 	0.148916 	0.0351682 	
5.995	-0.0203481 	-0.29926 	-1.37454 	0.271652 	0.148211 	0.0351446 	
6	-0.0203296 	-0.299079 	-1.37462 	0.271813 	0.147752 	0.035072 	
6.005	-0.0203055 	-0.298928 	-1.3747 	0.271984 	0.147334 	0.0350013 	
6.01	-0.0202758 	-0.298761 	-1.37475 	0.272201 	0.146856 	0.0350198 	
6.015	-0.0202327 	-0.298577 	-1.37481 	0.272451 	0.146366 	0.035046 	
6.02	-0.0202447 	-0.298515 	-1.37483 	0.272441 	0.146166 	0.0350528 	
6.025	-0.0202544 	-0.298444 	-1.37486 	0.272439 	0.145915 	0.0350927 	
6.03	-0.0202546 	-0.298409 	-1.37491 	0.272438 	0.145618 	0.0351302 	
6.035	-0.0202545 	-0.298377 	-1.37496 	0.272429 	0.145318 	0.0351268 	
6.04	-0.0202561 	-0.298333 	-1.375 	0.272423 	0.145037 	0.0351051 	
6.045	-0.0202557 	-0.298342 	-1.37504 	0.272419 	0.144879 	0.0351009 	
6.05	-0.02026 	-0.298311 	-1.37507 	0.27241 	0.144641 	0.0351017 	
6.055	-0.0202653 	-0.298234 	-1.3751 	0.272424 	0.144319 	0.0350885 	
6.06	-0.0202743 	-0.298111 	-1.37513 	0.272454 	0.143907 	0.0350674 	
6.065	-0.0202883 	-0.297944 	-1.37517 	0.272497 	0.143405 	0.0350397 	
6.07	-0.0203075 	-0.297736 	-1.3752 	0.27255 	0.142812 	0.035006 	
6.075	-0.0203317 	-0.29749 	-1.37524 	0.272612 	0.142134 	0.0349666 	
6.08	-0.0203809 	-0.297219 	-1.37528 	0.2726 	0.141381 	0.0349583 	
6.085	-0.0204298 	-0.296915 	-1.37532 	0.27263 	0.140555 	0.0349533 	
6.09	-0.0204692 	-0.296742 	-1.37537 	0.272662 	0.140051 	0.0349489 	
6.095	-0.0204946 	-0.296706 	-1.37542 	0.272667 	0.139814 	0.0349497 	
6.1	-0.0205059 	-0.296722 	-1.37547 	0.272667 	0.139685 	0.0349506 	
6.105	-0.0205175 	-0.296698 	-1.37551 	0.272657 	0.139463 	0.034953 	
6.11	-0.0205292 	-0.296642 	-1.37554 	0.272661 	0.139179 	0.0349519 	
6.115	-0.0205387 	-0.296623 	-1.37558 	0.272665 	0.13896 	0.0349461 	
6.12	-0.0205535 	-0.296562 	-1.37561 	0.272662 	0.138656 	0.0349472 	
6.125	-0.0205845 	-0.296459 	-1.37564 	0.272635 	0.138255 	0.0349776 	
6.13	-0.0206224 	-0.296311 	-1.37567 	0.272616 	0.137766 	0.0350042 	
6.135	-0.0206753 	-0.296124 	-1.37569 	0.27258 	0.13718 	0.0350573 	
6.14	-0.0207292 	-0.295897 	-1.37573 	0.272567 	0.136519 	0.0350772 	
6.145	-0.0207899 	-0.295635 	-1.37577 	0.272552 	0.135779 	0.0350895 	
6.15	-0.0208419 	-0.295422 	-1.37582 	0.272548 	0.135037 	0.0351135 	
6.155	-0.0208936 	-0.295242 	-1.37587 	0.272535 	0.13445 	0.0351214 	
6.16	-0.0209465 	-0.295032 	-1.37592 	0.272521 	0.133797 	0.0351298 	
6.165	-0.0210104 	-0.29482 	-1.37596 	0.272461 	0.133142 	0.0351083 	
6.17	-0.0210713 	-0.294574 	-1.376 	0.272438 	0.132416 	0.0351115 	
6.175	-0.0211136 	-0.294457 	-1.37606 	0.272434 	0.131932 	0.0351198 	
6.18	-0.0211634 	-0.294325 	-1.3761 	0.272378 	0.131406 	0.035104 	
6.185	-0.0212086 	-0.294165 	-1.37615 	0.272357 	0.130853 	0.0350994 	
6.19	-0.0212372 	-0.294134 	-1.3762 	0.272352 	0.130578 	0.0351042 	
6.195	-0.0212769 	-0.294072 	-1.37624 	0.272301 	0.130219 	0.0351316 	
6.2	-0.021311 	-0.293967 	-1.37627 	0.272285 	0.129795 	0.0351441 	
6.205	-0.0213457 	-0.293819 	-1.37631 	0.272292 	0.129289 	0.0351375 	
6.21	-0.0213836 	-0.293631 	-1.37634 	0.272313 	0.128703 	0.0351329 	
6.215	-0.0214318 	-0.293409 	-1.37637 	0.272317 	0.128043 	0.0351421 	
6.22	-0.0214914 	-0.29316 	-1.3764 	0.272293 	0.127313 	0.0351535 	
6.225	-0.0215674 	-0.292882 	-1.37643 	0.272254 	0.126499 	0.0352014 	
6.23	-0.0216185 	-0.292704 	-1.37648 	0.272316 	0.125965 	0.0352086 	
6.235	-0.021662 	-0.292638 	-1.37653 	0.272337 	0.125641 	0.0352112 	
6.24	-0.0217178 	-0.292547 	-1.37656 	0.272305 	0.125235 	0.0352633 	
6.245	-0.0217714 	-0.292414 	-1.3766 	0.272284 	0.124751 	0.0352845 	
6.25	-0.0218284 	-0.292243 	-1.37663 	0.272266 	0.12419 	0.0352973 	
6.255	-0.0219053 	-0.292039 	-1.37665 	0.272206 	0.123537 	0.0353414 	
6.26	-0.021989 	-0.291798 	-1.37667 	0.272146 	0.122803 	0.0353826 	
6.265	-0.0220727 	-0.291521 	-1.3767 	0.272116 	0.121992 	0.0354243 	
6.27	-0.0221288 	-0.291444 	-1.37675 	0.272108 	0.121604 	0.0354371 	
6.275	-0.0221907 	-0.291341 	-1.37679 	0.272073 	0.121145 	0.0354536 	
6.28	-0.0222599 	-0.291204 	-1.37682 	0.272027 	0.120614 	0.0354976 	
6.285	-0.0223346 	-0.291033 	-1.37684 	0.271962 	0.120014 	0.0355304 	
6.29	-0.0224118 	-0.290826 	-1.37687 	0.271904 	0.119344 	0.0355591 	
6.295	-0.0224773 	-0.290594 	-1.3769 	0.271843 	0.118612 	0.0355673 	
6.3	-0.0225598 	-0.290338 	-1.37692 	0.271752 	0.117806 	0.035628 	
6.305	-0.022608 	-0.290214 	-1.37697 	0.271737 	0.117299 	0.0356398 	
6.31	-0.0226528 	-0.290066 	-1.37702 	0.271704 	0.11674 	0.0356126 	
6.315	-0.0226917 	-0.289906 	-1.37706 	0.271685 	0.116166 	0.0355897 	
6.32	-0.0227423 	-0.289718 	-1.37709 	0.271644 	0.115529 	0.0355929 	
6.325	-0.022803 	-0.289501 	-1.37712 	0.271593 	0.114831 	0.0356068 	
6.33	-0.0228663 	-0.289255 	-1.37714 	0.271562 	0.11407 	0.0356259 	
6.335	-0.0229204 	-0.289093 	-1.37718 	0.271536 	0.113531 	0.0356093 	
6.34	-0.0229704 	-0.288905 	-1.37722 	0.271515 	0.112933 	0.0355838 	
6.345	-0.0230204 	-0.288692 	-1.37725 	0.271503 	0.11228 	0.0355581 	
6.35	-0.0230753 	-0.288457 	-1.37728 	0.271497 	0.111565 	0.0355703 	
6.355	-0.0231328 	-0.288196 	-1.37731 	0.271489 	0.110802 	0.0355407 	
6.36	-0.02321 	-0.287911 	-1.37733 	0.271442 	0.109957 	0.0355496 	
6.365	-0.0232999 	-0.287598 	-1.37735 	0.271381 	0.109035 	0.0355852 	
6.37	-0.0233443 	-0.287395 	-1.37742 	0.271375 	0.108306 	0.0355075 	
6.375	-0.0234001 	-0.287184 	-1.37746 	0.271342 	0.107547 	0.0354769 	
6.38	-0.0234666 	-0.286955 	-1.37749 	0.271296 	0.106753 	0.0354977 	
6.385	-0.0235279 	-0.2867 	-1.37751 	0.271272 	0.105925 	0.0355283 	
6.39	-0.0235606 	-0.286508 	-1.37757 	0.271277 	0.105159 	0.0355034 	
6.395	-0.0235962 	-0.286308 	-1.37762 	0.271276 	0.1044 	0.0355126 	
6.4	-0.0236464 	-0.286075 	-1.37762 	0.271247 	0.103732 	0.0354933 	
6.405	-0.0237017 	-0.285813 	-1.37761 	0.271226 	0.103052 	0.0354955 	
6.41	-0.0237292 	-0.285641 	-1.37763 	0.271248 	0.102592 	0.0354202 	
6.415	-0.0237527 	-0.285467 	-1.37764 	0.271268 	0.102152 	0.0353376 	
6.42	-0.0237694 	-0.285298 	-1.37764 	0.271317 	0.101745 	0.0352862 	
6.425	-0.0237852 	-0.285128 	-1.37765 	0.271371 	0.101354 	0.0352437 	
6.43	-0.0238084 	-0.284936 	-1.37764 	0.27142 	0.100929 	0.0352541 	
6.435	-0.0238254 	-0.28477 	-1.37762 	0.271495 	0.100587 	0.035216 	
6.44	-0.0238415 	-0.284707 	-1.37762 	0.27152 	0.100467 	0.0352025 	
6.445	-0.0238539 	-0.284684 	-1.37761 	0.271527 	0.100469 	0.0351993 	
6.45	-0.023863 	-0.284673 	-1.3776 	0.271528 	0.100502 	0.0351987 	
6.455	-0.0238703 	-0.284665 	-1.37758 	0.271528 	0.100542 	0.0351986 	
6.46	-0.023877 	-0.284658 	-1.37756 	0.271528 	0.100584 	0.0351986 	
6.465	-0.0238837 	-0.284652 	-1.37755 	0.271528 	0.100626 	0.0351986 	
6.47	-0.0238906 	-0.284646 	-1.37753 	0.271528 	0.100669 	0.0351986 	
6.475	-0.0238977 	-0.28464 	-1.37752 	0.271527 	0.100711 	0.0351987 	
6.48	-0.0239124 	-0.284579 	-1.37749 	0.271524 	0.100621 	0.0351879 	
6.485	-0.0239343 	-0.284468 	-1.37746 	0.27153 	0.100419 	0.0351908 	
6.49	-0.023944 	-0.284434 	-1.37748 	0.271562 	0.100209 	0.0351784 	
6.495	-0.0239542 	-0.284456 	-1.37748 	0.271564 	0.100194 	0.035175 	
6.5	-0.0239661 	-0.284446 	-1.37748 	0.271562 	0.100136 	0.0351774 	
6.505	-0.0239804 	-0.284396 	-1.37746 	0.27157 	0.100017 	0.0351752 	
6.51	-0.0239895 	-0.284371 	-1.37746 	0.271579 	0.0999697 	0.0351652 	
6.515	-0.023998 	-0.284367 	-1.37745 	0.271585 	0.0999822 	0.0351612 	
6.52	-0.0240062 	-0.28437 	-1.37744 	0.271585 	0.100019 	0.0351603 	
6.525	-0.0240138 	-0.284373 	-1.37743 	0.271585 	0.100061 	0.0351601 	
6.53	-0.0240212 	-0.284376 	-1.37741 	0.271584 	0.100105 	0.0351601 	
6.535	-0.0240287 	-0.284377 	-1.3774 	0.271583 	0.100148 	0.0351601 	
6.54	-0.0240374 	-0.284361 	-1.37738 	0.271587 	0.100142 	0.0351595 	
6.545	-0.0240486 	-0.284344 	-1.37737 	0.271585 	0.100133 	0.0351585 	
6.55	-0.0240642 	-0.284327 	-1.37735 	0.271566 	0.100126 	0.0351544 	
6.555	-0.0240772 	-0.284315 	-1.37734 	0.27156 	0.10014 	0.0351536 	
6.56	-0.0240885 	-0.284269 	-1.37732 	0.271563 	0.1001 	0.0351515 	
6.565	-0.0240952 	-0.284216 	-1.3773 	0.271593 	0.100047 	0.0351444 	
6.57	-0.0240948 	-0.284152 	-1.37729 	0.271638 	0.0999723 	0.0351532 	
6.575	-0.0241024 	-0.284117 	-1.37727 	0.271654 	0.0999738 	0.0351548 	
6.58	-0.0241119 	-0.284092 	-1.37725 	0.271658 	0.100002 	0.0351551 	
6.585	-0.0241216 	-0.284073 	-1.37723 	0.271659 	0.10004 	0.0351552 	
6.59	-0.0241311 	-0.284056 	-1.37721 	0.271659 	0.10008 	0.0351553 	
6.595	-0.0241405 	-0.284041 	-1.37719 	0.271659 	0.10012 	0.0351555 	
6.6	-0.0241497 	-0.284028 	-1.37717 	0.271659 	0.100162 	0.0351556 	
6.605	-0.024159 	-0.284015 	-1.37716 	0.271658 	0.100203 	0.0351557 	
6.61	-0.0241682 	-0.284004 	-1.37714 	0.271658 	0.100244 	0.0351557 	
6.615	-0.0241774 	-0.283993 	-1.37712 	0.271657 	0.100286 	0.0351558 	
6.62	-0.0241958 	-0.28394 	-1.3771 	0.27163 	0.100225 	0.0351319 	
6.625	-0.024212 	-0.283907 	-1.37708 	0.271624 	0.100237 	0.0351256 	
6.63	-0.0242264 	-0.283882 	-1.37706 	0.271622 	0.10027 	0.0351242 	
6.635	-0.0242395 	-0.283862 	-1.37704 	0.271621 	0.100308 	0.0351238 	
6.64	-0.0242518 	-0.283844 	-1.37702 	0.271621 	0.100348 	0.0351238 	
6.645	-0.0242634 	-0.283828 	-1.377 	0.27162 	0.100389 	0.0351238 	
6.65	-0.0242747 	-0.283813 	-1.37698 	0.271619 	0.10043 	0.0351239 	
6.655	-0.0242856 	-0.2838 	-1.37696 	0.271619 	0.100471 	0.0351239 	
6.66	-0.0242962 	-0.283787 	-1.37694 	0.271618 	0.100513 	0.035124 	
6.665	-0.0243067 	-0.283776 	-1.37693 	0.271618 	0.100554 	0.035124 	
6.67	-0.0243106 	-0.283761 	-1.37691 	0.271622 	0.100594 	0.035128 	
6.675	-0.0243145 	-0.283747 	-1.37689 	0.271624 	0.100635 	0.035129 	
6.68	-0.024319 	-0.283735 	-1.37687 	0.271624 	0.100677 	0.0351291 	
6.685	-0.0243199 	-0.283717 	-1.37685 	0.271641 	0.100695 	0.0351356 	
6.69	-0.0243235 	-0.283687 	-1.37683 	0.271661 	0.100684 	0.0351541 	
6.695	-0.0243235 	-0.283643 	-1.37681 	0.271698 	0.100649 	0.0351708 	
6.7	-0.0243216 	-0.28359 	-1.3768 	0.271736 	0.100597 	0.0351957 	
6.705	-0.0243195 	-0.283531 	-1.37678 	0.271777 	0.100534 	0.0352315 	
6.71	-0.0243243 	-0.283502 	-1.37677 	0.271802 	0.100527 	0.0352405 	
6.715	-0.0243332 	-0.283487 	-1.37675 	0.271811 	0.100552 	0.0352428 	
6.72	-0.0243434 	-0.283476 	-1.37673 	0.271812 	0.10059 	0.0352436 	
6.725	-0.0243519 	-0.283458 	-1.37672 	0.271818 	0.10062 	0.0352431 	
6.73	-0.0243552 	-0.283423 	-1.3767 	0.271845 	0.100616 	0.0352389 	
6.735	-0.024357 	-0.283383 	-1.37668 	0.271875 	0.100605 	0.0352404 	
6.74	-0.0243655 	-0.28336 	-1.37667 	0.271882 	0.100632 	0.035241 	
6.745	-0.0243694 	-0.283311 	-1.37665 	0.271912 	0.100597 	0.0352356 	
6.75	-0.0243753 	-0.283271 	-1.37664 	0.271935 	0.100576 	0.0352348 	
6.755	-0.0243835 	-0.283244 	-1.37662 	0.271947 	0.100578 	0.0352367 	
6.76	-0.0243925 	-0.283226 	-1.37661 	0.271952 	0.100599 	0.0352382 	
6.765	-0.0244021 	-0.283215 	-1.37659 	0.271954 	0.100635 	0.0352388 	
6.77	-0.0244115 	-0.283206 	-1.37657 	0.271953 	0.100676 	0.035239 	
6.775	-0.0244207 	-0.283198 	-1.37656 	0.271953 	0.100718 	0.0352391 	
6.78	-0.0244298 	-0.283191 	-1.37654 	0.271952 	0.10076 	0.0352393 	
6.785	-0.024439 	-0.283183 	-1.37652 	0.271952 	0.100802 	0.0352394 	
6.79	-0.0244481 	-0.283175 	-1.37651 	0.271951 	0.100844 	0.0352395 	
6.795	-0.0244573 	-0.283168 	-1.37649 	0.271951 	0.100887 	0.0352396 	
6.8	-0.0244694 	-0.283137 	-1.37647 	0.27195 	0.100876 	0.0352427 	
6.805	-0.0244851 	-0.283097 	-1.37644 	0.271946 	0.100831 	0.0352588 	
6.81	-0.0245143 	-0.283036 	-1.37641 	0.271908 	0.100725 	0.0352918 	
6.815	-0.0245332 	-0.282963 	-1.3764 	0.271912 	0.100616 	0.0353038 	
6.82	-0.0245466 	-0.282885 	-1.3764 	0.271937 	0.100514 	0.0353038 	
6.825	-0.0245605 	-0.282838 	-1.37639 	0.271957 	0.100468 	0.035304 	
6.83	-0.0245763 	-0.282797 	-1.37638 	0.271963 	0.100427 	0.0353095 	
6.835	-0.0245919 	-0.282775 	-1.37637 	0.271965 	0.100443 	0.035311 	
6.84	-0.0246165 	-0.282727 	-1.37635 	0.271943 	0.100392 	0.0353162 	
6.845	-0.0246362 	-0.282701 	-1.37633 	0.271926 	0.100387 	0.0353198 	
6.85	-0.0246518 	-0.282683 	-1.37632 	0.27192 	0.100405 	0.0353215 	
6.855	-0.024679 	-0.282636 	-1.3763 	0.27188 	0.10034 	0.0353306 	
6.86	-0.0246995 	-0.282609 	-1.37628 	0.271875 	0.100343 	0.0353352 	
6.865	-0.0247174 	-0.282591 	-1.37626 	0.271873 	0.100375 	0.0353366 	
6.87	-0.0247405 	-0.282552 	-1.37624 	0.271857 	0.100335 	0.0353395 	
6.875	-0.0247607 	-0.282528 	-1.37622 	0.271852 	0.100355 	0.0353405 	
6.88	-0.0247785 	-0.28251 	-1.37621 	0.27185 	0.10039 	0.035341 	
6.885	-0.0247991 	-0.282485 	-1.37619 	0.271839 	0.100396 	0.0353423 	
6.89	-0.0248305 	-0.282442 	-1.37616 	0.271809 	0.100335 	0.0353711 	
6.895	-0.0248532 	-0.282395 	-1.37614 	0.271805 	0.100298 	0.0353786 	
6.9	-0.024873 	-0.282351 	-1.37613 	0.271806 	0.100268 	0.0353776 	
6.905	-0.0248962 	-0.28232 	-1.37611 	0.271794 	0.100258 	0.0353764 	
6.91	-0.0249173 	-0.282295 	-1.37609 	0.271782 	0.10027 	0.0353793 	
6.915	-0.0249439 	-0.282265 	-1.37607 	0.271766 	0.100253 	0.0353666 	
6.92	-0.0249663 	-0.282244 	-1.37606 	0.271761 	0.100279 	0.0353636 	
6.925	-0.0249862 	-0.282227 	-1.37604 	0.271759 	0.100316 	0.0353633 	
6.93	-0.0250039 	-0.282212 	-1.37603 	0.271759 	0.100356 	0.0353631 	
6.935	-0.0250205 	-0.282199 	-1.37601 	0.271759 	0.100397 	0.0353633 	
6.94	-0.0250361 	-0.282186 	-1.37599 	0.271758 	0.100439 	0.0353636 	
