0	0.333706 	-0.17241 	0.0336918 	-0.369617 	-1.57018 	0.369649 	
0.005	0.332479 	-0.183034 	0.0339483 	-2.5918 	-1.56823 	2.1216 	
0.01	0.333443 	-0.178384 	0.0337494 	-0.652107 	-1.57035 	0.38925 	
0.015	0.333472 	-0.178321 	0.0337415 	-0.648879 	-1.56995 	0.385544 	
0.02	0.333487 	-0.178296 	0.0337472 	-0.618568 	-1.57024 	0.357167 	
0.025	0.333483 	-0.178289 	0.0337403 	-0.614482 	-1.56988 	0.35365 	
0.03	0.333473 	-0.178287 	0.0337307 	-0.614354 	-1.56937 	0.354012 	
0.035	0.333524 	-0.178303 	0.0337479 	-0.623053 	-1.57023 	0.361266 	
0.04	0.333532 	-0.178313 	0.0337445 	-0.627282 	-1.57003 	0.365207 	
0.045	0.333533 	-0.178323 	0.0337376 	-0.628544 	-1.56965 	0.366273 	
0.05	0.33353 	-0.178335 	0.0337279 	-0.628558 	-1.56912 	0.366165 	
0.055	0.333598 	-0.178288 	0.0337437 	-0.618797 	-1.56991 	0.357796 	
0.06	0.333617 	-0.17828 	0.0337398 	-0.616712 	-1.56968 	0.356212 	
0.065	0.333629 	-0.178276 	0.0337326 	-0.616539 	-1.56927 	0.356476 	
0.07	0.333637 	-0.178276 	0.0337227 	-0.61696 	-1.56872 	0.357281 	
0.075	0.3337 	-0.178297 	0.0337377 	-0.620483 	-1.56945 	0.359249 	
0.08	0.333724 	-0.178308 	0.0337335 	-0.62252 	-1.56919 	0.36092 	
0.085	0.333742 	-0.17832 	0.0337261 	-0.623857 	-1.56876 	0.362 	
0.09	0.333757 	-0.178333 	0.0337161 	-0.624607 	-1.56818 	0.362579 	
0.095	0.333841 	-0.178271 	0.0337297 	-0.61712 	-1.56884 	0.357218 	
0.1	0.333877 	-0.178258 	0.0337251 	-0.615688 	-1.56855 	0.356531 	
0.105	0.333907 	-0.17825 	0.0337174 	-0.615206 	-1.56809 	0.356681 	
0.11	0.333959 	-0.178281 	0.033721 	-0.617316 	-1.56822 	0.357192 	
0.115	0.333991 	-0.178294 	0.0337138 	-0.618393 	-1.56777 	0.357975 	
0.12	0.334019 	-0.178306 	0.033704 	-0.619333 	-1.5672 	0.358716 	
0.125	0.334045 	-0.178319 	0.0336923 	-0.620071 	-1.56651 	0.35933 	
0.13	0.334164 	-0.178252 	0.0337133 	-0.614387 	-1.56754 	0.355696 	
0.135	0.334221 	-0.178237 	0.0337109 	-0.613237 	-1.56734 	0.355282 	
0.14	0.334271 	-0.178227 	0.033705 	-0.612797 	-1.56696 	0.355465 	
0.145	0.334317 	-0.178222 	0.0336964 	-0.612774 	-1.56643 	0.355975 	
0.15	0.334376 	-0.178262 	0.0336958 	-0.613373 	-1.56631 	0.354721 	
0.155	0.334421 	-0.178279 	0.0336869 	-0.614114 	-1.56576 	0.355042 	
0.16	0.334464 	-0.178294 	0.033676 	-0.614913 	-1.56509 	0.355541 	
0.165	0.334576 	-0.178232 	0.0336876 	-0.610908 	-1.56561 	0.353775 	
0.17	0.334642 	-0.178219 	0.0336822 	-0.610316 	-1.56524 	0.353922 	
0.175	0.334702 	-0.178211 	0.0336741 	-0.610133 	-1.56472 	0.354365 	
0.18	0.334759 	-0.178208 	0.0336637 	-0.610182 	-1.56407 	0.354949 	
0.185	0.334853 	-0.178232 	0.0336707 	-0.608377 	-1.56433 	0.351653 	
0.19	0.33492 	-0.178243 	0.033664 	-0.608352 	-1.56388 	0.351339 	
0.195	0.334984 	-0.178254 	0.0336548 	-0.608676 	-1.56329 	0.351466 	
0.2	0.335086 	-0.178205 	0.0336567 	-0.606244 	-1.56328 	0.351094 	
0.205	0.335161 	-0.178195 	0.0336487 	-0.605949 	-1.56275 	0.351512 	
0.21	0.335232 	-0.178189 	0.0336386 	-0.605934 	-1.5621 	0.352101 	
0.215	0.3353 	-0.178187 	0.0336268 	-0.606079 	-1.56136 	0.352763 	
0.22	0.335426 	-0.178196 	0.0336396 	-0.602733 	-1.56192 	0.348315 	
0.225	0.335514 	-0.178202 	0.0336346 	-0.602148 	-1.56153 	0.347571 	
0.23	0.335597 	-0.17821 	0.0336269 	-0.602054 	-1.561 	0.347386 	
0.235	0.335677 	-0.178218 	0.0336171 	-0.602294 	-1.56035 	0.347588 	
0.24	0.33579 	-0.178161 	0.0336156 	-0.599609 	-1.56015 	0.347407 	
0.245	0.335879 	-0.178148 	0.0336063 	-0.599151 	-1.55952 	0.347876 	
0.25	0.335965 	-0.178139 	0.0335953 	-0.598999 	-1.5588 	0.348499 	
0.255	0.336087 	-0.178159 	0.0336001 	-0.596812 	-1.55892 	0.345062 	
0.26	0.336183 	-0.178166 	0.0335927 	-0.596496 	-1.55839 	0.344626 	
0.265	0.336277 	-0.178174 	0.0335833 	-0.596556 	-1.55774 	0.344626 	
0.27	0.336368 	-0.178183 	0.0335722 	-0.596866 	-1.557 	0.344922 	
0.275	0.33651 	-0.178119 	0.0335759 	-0.592599 	-1.55707 	0.343204 	
0.28	0.336618 	-0.178103 	0.0335682 	-0.59165 	-1.55652 	0.343206 	
0.285	0.336723 	-0.178092 	0.0335585 	-0.591162 	-1.55585 	0.343513 	
0.29	0.336825 	-0.178086 	0.0335473 	-0.590999 	-1.55509 	0.34402 	
0.295	0.336957 	-0.178113 	0.03355 	-0.58876 	-1.55509 	0.340248 	
0.3	0.337068 	-0.178124 	0.033542 	-0.58841 	-1.55449 	0.339641 	
0.305	0.337177 	-0.178134 	0.0335321 	-0.588441 	-1.5538 	0.339501 	
0.31	0.337315 	-0.178076 	0.0335286 	-0.585282 	-1.55347 	0.338961 	
0.315	0.337433 	-0.178063 	0.0335189 	-0.584588 	-1.55279 	0.339187 	
0.32	0.337548 	-0.178054 	0.0335078 	-0.584275 	-1.55202 	0.339643 	
0.325	0.337662 	-0.17805 	0.0334956 	-0.584232 	-1.55118 	0.34025 	
0.33	0.337775 	-0.178048 	0.0334825 	-0.584375 	-1.5503 	0.340946 	
0.335	0.337954 	-0.178053 	0.0334962 	-0.578773 	-1.5509 	0.334146 	
0.34	0.33809 	-0.178057 	0.0334916 	-0.577325 	-1.55048 	0.332519 	
0.345	0.338223 	-0.178063 	0.0334846 	-0.576525 	-1.54993 	0.331609 	
0.35	0.338342 	-0.17802 	0.0334675 	-0.576027 	-1.54882 	0.33377 	
0.355	0.338466 	-0.178009 	0.0334541 	-0.575888 	-1.54791 	0.334586 	
0.36	0.33859 	-0.178003 	0.0334403 	-0.575963 	-1.54697 	0.335458 	
0.365	0.338714 	-0.178001 	0.0334259 	-0.576186 	-1.54599 	0.336353 	
0.37	0.338914 	-0.177995 	0.0334416 	-0.569677 	-1.54672 	0.328941 	
0.375	0.339067 	-0.177995 	0.0334375 	-0.567914 	-1.54631 	0.327145 	
0.38	0.339215 	-0.177997 	0.033431 	-0.566849 	-1.54576 	0.326088 	
0.385	0.339336 	-0.177965 	0.03341 	-0.566818 	-1.54442 	0.328412 	
0.39	0.33947 	-0.177957 	0.0333956 	-0.566746 	-1.54343 	0.329229 	
0.395	0.339605 	-0.177953 	0.033381 	-0.566879 	-1.54243 	0.330105 	
0.4	0.339741 	-0.177952 	0.0333663 	-0.567155 	-1.5414 	0.33101 	
0.405	0.339878 	-0.177954 	0.0333514 	-0.567529 	-1.54037 	0.331921 	
0.41	0.340121 	-0.177921 	0.0333758 	-0.557621 	-1.54162 	0.32165 	
0.415	0.340298 	-0.177913 	0.0333748 	-0.554647 	-1.54138 	0.318786 	
0.42	0.340469 	-0.177909 	0.0333709 	-0.552621 	-1.54098 	0.316881 	
0.425	0.340568 	-0.177897 	0.0333371 	-0.555732 	-1.53886 	0.322167 	
0.43	0.340708 	-0.177895 	0.0333193 	-0.556333 	-1.53765 	0.323631 	
0.435	0.340851 	-0.177895 	0.0333021 	-0.556955 	-1.53647 	0.324977 	
0.44	0.340996 	-0.177898 	0.0332854 	-0.557587 	-1.5353 	0.326222 	
0.445	0.341256 	-0.177854 	0.0333103 	-0.547076 	-1.53662 	0.315681 	
0.45	0.341445 	-0.177842 	0.033309 	-0.543977 	-1.53636 	0.312837 	
0.455	0.341629 	-0.177836 	0.033305 	-0.541836 	-1.53593 	0.310933 	
0.46	0.341737 	-0.177832 	0.0332701 	-0.544818 	-1.53373 	0.31579 	
0.465	0.341888 	-0.177832 	0.0332521 	-0.54536 	-1.53248 	0.31713 	
0.47	0.342042 	-0.177834 	0.0332348 	-0.545953 	-1.53127 	0.318394 	
0.475	0.342199 	-0.177837 	0.0332182 	-0.546579 	-1.53008 	0.31959 	
0.48	0.342467 	-0.177783 	0.0332405 	-0.535742 	-1.53128 	0.309208 	
0.485	0.342668 	-0.177768 	0.0332384 	-0.53253 	-1.53097 	0.306409 	
0.49	0.342864 	-0.177758 	0.0332339 	-0.530289 	-1.53051 	0.30453 	
0.495	0.34298 	-0.177762 	0.0331989 	-0.533225 	-1.52826 	0.309036 	
0.5	0.343143 	-0.177764 	0.0331808 	-0.533735 	-1.52699 	0.310281 	
0.505	0.343308 	-0.177767 	0.0331637 	-0.534317 	-1.52575 	0.311482 	
0.51	0.343477 	-0.177772 	0.0331472 	-0.534947 	-1.52455 	0.312639 	
0.515	0.343752 	-0.177707 	0.0331663 	-0.523695 	-1.52561 	0.302308 	
0.52	0.343963 	-0.177689 	0.0331633 	-0.520343 	-1.52525 	0.299517 	
0.525	0.344169 	-0.177677 	0.0331582 	-0.517983 	-1.52475 	0.297639 	
0.53	0.344372 	-0.17767 	0.0331515 	-0.516415 	-1.52414 	0.296489 	
0.535	0.344481 	-0.17768 	0.0331094 	-0.519649 	-1.52144 	0.301441 	
0.54	0.344647 	-0.177684 	0.0330883 	-0.520452 	-1.51996 	0.303049 	
0.545	0.344818 	-0.17769 	0.0330687 	-0.521245 	-1.51856 	0.304518 	
0.55	0.345103 	-0.177633 	0.0330871 	-0.511733 	-1.51956 	0.295644 	
0.555	0.345321 	-0.177619 	0.0330829 	-0.509055 	-1.51911 	0.29348 	
0.56	0.345536 	-0.177609 	0.033077 	-0.507214 	-1.51854 	0.292082 	
0.565	0.345747 	-0.177604 	0.0330696 	-0.506036 	-1.51787 	0.291291 	
0.57	0.345877 	-0.177596 	0.0330305 	-0.505965 	-1.51538 	0.293305 	
0.575	0.346056 	-0.177595 	0.0330103 	-0.505832 	-1.51396 	0.294096 	
0.58	0.346241 	-0.177597 	0.0329917 	-0.505926 	-1.5126 	0.29496 	
0.585	0.34643 	-0.177601 	0.0329743 	-0.506192 	-1.51131 	0.295874 	
0.59	0.346739 	-0.177537 	0.0329964 	-0.496124 	-1.51258 	0.286375 	
0.595	0.346976 	-0.17752 	0.0329945 	-0.493035 	-1.51226 	0.283765 	
0.6	0.347208 	-0.177509 	0.0329905 	-0.490862 	-1.5118 	0.282006 	
0.605	0.347335 	-0.177514 	0.0329482 	-0.492372 	-1.50905 	0.285354 	
0.61	0.347524 	-0.177516 	0.0329282 	-0.49244 	-1.5076 	0.286267 	
0.615	0.347719 	-0.177519 	0.0329098 	-0.492694 	-1.50624 	0.287229 	
0.62	0.347918 	-0.177525 	0.0328928 	-0.493089 	-1.50494 	0.288221 	
0.625	0.348227 	-0.17745 	0.03291 	-0.482064 	-1.50599 	0.278283 	
0.63	0.34847 	-0.177429 	0.0329066 	-0.478691 	-1.50559 	0.275553 	
0.635	0.34871 	-0.177415 	0.0329015 	-0.47629 	-1.50507 	0.273698 	
0.64	0.34885 	-0.177429 	0.0328619 	-0.478335 	-1.50241 	0.277213 	
0.645	0.34905 	-0.177433 	0.0328426 	-0.478516 	-1.50098 	0.278153 	
0.65	0.349254 	-0.177438 	0.0328249 	-0.478863 	-1.49963 	0.279139 	
0.655	0.349463 	-0.177446 	0.0328085 	-0.479336 	-1.49834 	0.280153 	
0.66	0.34977 	-0.17736 	0.0328204 	-0.467486 	-1.49915 	0.269884 	
0.665	0.35002 	-0.177336 	0.0328155 	-0.463857 	-1.49868 	0.267054 	
0.67	0.350265 	-0.177319 	0.0328092 	-0.46125 	-1.49809 	0.265117 	
0.675	0.350508 	-0.177309 	0.0328019 	-0.459458 	-1.49742 	0.263891 	
0.68	0.350637 	-0.177331 	0.0327562 	-0.462132 	-1.49433 	0.268077 	
0.685	0.350837 	-0.17734 	0.0327341 	-0.462711 	-1.49269 	0.269438 	
0.69	0.351044 	-0.177349 	0.0327142 	-0.463357 	-1.49118 	0.270739 	
0.695	0.351363 	-0.177273 	0.0327276 	-0.45325 	-1.49205 	0.26187 	
0.7	0.351619 	-0.177253 	0.0327222 	-0.450292 	-1.49152 	0.259629 	
0.705	0.351871 	-0.177241 	0.0327156 	-0.448209 	-1.49089 	0.25815 	
0.71	0.352121 	-0.177234 	0.0327081 	-0.44682 	-1.49019 	0.257274 	
0.715	0.352263 	-0.177234 	0.0326635 	-0.446287 	-1.48724 	0.258717 	
0.72	0.352473 	-0.177236 	0.0326419 	-0.445935 	-1.48564 	0.259291 	
0.725	0.352689 	-0.17724 	0.0326225 	-0.445868 	-1.48417 	0.259995 	
0.73	0.353005 	-0.177182 	0.032633 	-0.438324 	-1.48479 	0.253355 	
0.735	0.353265 	-0.177167 	0.0326268 	-0.436015 	-1.48419 	0.251685 	
0.74	0.353523 	-0.177159 	0.0326196 	-0.43444 	-1.48351 	0.25065 	
0.745	0.353701 	-0.177148 	0.0325851 	-0.432486 	-1.48119 	0.250471 	
0.75	0.353928 	-0.177146 	0.0325672 	-0.431601 	-1.47983 	0.250451 	
0.755	0.354159 	-0.177148 	0.0325508 	-0.431131 	-1.47854 	0.250702 	
0.76	0.354394 	-0.177152 	0.0325357 	-0.430983 	-1.4773 	0.25116 	
0.765	0.354633 	-0.177159 	0.0325215 	-0.431085 	-1.47612 	0.251775 	
0.77	0.354937 	-0.177061 	0.0325226 	-0.419117 	-1.47638 	0.241959 	
0.775	0.355203 	-0.177034 	0.032515 	-0.415315 	-1.47576 	0.239146 	
0.78	0.355467 	-0.177015 	0.0325069 	-0.41256 	-1.47507 	0.237212 	
0.785	0.355729 	-0.177004 	0.0324983 	-0.410637 	-1.47431 	0.235974 	
0.79	0.355884 	-0.177034 	0.0324566 	-0.41321 	-1.47132 	0.239697 	
0.795	0.356106 	-0.177046 	0.0324358 	-0.413732 	-1.4697 	0.240912 	
0.8	0.356336 	-0.177059 	0.0324172 	-0.41435 	-1.4682 	0.242112 	
0.805	0.356659 	-0.176968 	0.0324227 	-0.403732 	-1.46871 	0.233278 	
0.81	0.356931 	-0.176946 	0.0324152 	-0.400578 	-1.46808 	0.231006 	
0.815	0.3572 	-0.176931 	0.0324072 	-0.398329 	-1.46737 	0.229492 	
0.82	0.357468 	-0.176924 	0.0323988 	-0.3968 	-1.46661 	0.228577 	
0.825	0.357629 	-0.176929 	0.0323566 	-0.396235 	-1.46368 	0.229699 	
0.83	0.357857 	-0.176933 	0.0323358 	-0.395829 	-1.46208 	0.230151 	
0.835	0.358093 	-0.176941 	0.0323172 	-0.395726 	-1.46061 	0.230762 	
0.84	0.358415 	-0.176871 	0.0323218 	-0.387756 	-1.46097 	0.224145 	
0.845	0.35869 	-0.176855 	0.032314 	-0.385276 	-1.46029 	0.22244 	
0.85	0.358963 	-0.176846 	0.0323059 	-0.383557 	-1.45955 	0.221369 	
0.855	0.359234 	-0.176842 	0.0322974 	-0.382441 	-1.45877 	0.220798 	
0.86	0.359401 	-0.176822 	0.032255 	-0.379122 	-1.45591 	0.21966 	
0.865	0.359634 	-0.17682 	0.0322342 	-0.377916 	-1.45434 	0.219463 	
0.87	0.359874 	-0.176822 	0.0322156 	-0.377191 	-1.45288 	0.219571 	
0.875	0.36012 	-0.176828 	0.0321989 	-0.376841 	-1.45153 	0.219914 	
0.88	0.360461 	-0.176752 	0.0322071 	-0.368496 	-1.45218 	0.212867 	
0.885	0.360748 	-0.176733 	0.0322014 	-0.365785 	-1.45164 	0.210902 	
0.89	0.361031 	-0.176722 	0.0321949 	-0.363879 	-1.45103 	0.20962 	
0.895	0.361199 	-0.176722 	0.0321536 	-0.362566 	-1.44811 	0.210071 	
0.9	0.361437 	-0.176724 	0.0321339 	-0.361776 	-1.44658 	0.210169 	
0.905	0.361683 	-0.17673 	0.0321163 	-0.361377 	-1.44516 	0.210506 	
0.91	0.361933 	-0.176739 	0.0321004 	-0.361284 	-1.44383 	0.211026 	
0.915	0.362261 	-0.176646 	0.0321022 	-0.351328 	-1.44418 	0.202914 	
0.92	0.362545 	-0.176622 	0.0320945 	-0.348143 	-1.44355 	0.200641 	
0.925	0.362827 	-0.176608 	0.0320865 	-0.34586 	-1.44286 	0.199114 	
0.93	0.363011 	-0.176621 	0.0320506 	-0.345873 	-1.44019 	0.200429 	
0.935	0.363256 	-0.176626 	0.0320323 	-0.345411 	-1.43873 	0.200736 	
0.94	0.363506 	-0.176636 	0.0320159 	-0.34527 	-1.43737 	0.201235 	
0.945	0.363762 	-0.176648 	0.0320009 	-0.34538 	-1.43609 	0.201883 	
0.95	0.364075 	-0.176539 	0.0319967 	-0.334076 	-1.43613 	0.19292 	
0.955	0.364356 	-0.176511 	0.0319873 	-0.330492 	-1.43541 	0.190395 	
0.96	0.364637 	-0.176493 	0.0319779 	-0.327892 	-1.43465 	0.188669 	
0.965	0.364916 	-0.176484 	0.0319685 	-0.326075 	-1.43386 	0.187576 	
0.97	0.365086 	-0.176508 	0.0319296 	-0.326954 	-1.4309 	0.189652 	
0.975	0.365326 	-0.17652 	0.0319097 	-0.326945 	-1.42929 	0.190361 	
0.98	0.365573 	-0.176534 	0.0318921 	-0.327157 	-1.42782 	0.191172 	
0.985	0.365898 	-0.17644 	0.0318917 	-0.317632 	-1.42806 	0.183562 	
0.99	0.366182 	-0.176419 	0.0318827 	-0.314704 	-1.42735 	0.181563 	
0.995	0.366464 	-0.176407 	0.0318736 	-0.31262 	-1.42659 	0.180247 	
1	0.366744 	-0.176402 	0.0318646 	-0.311208 	-1.42581 	0.179473 	
1.005	0.366914 	-0.176397 	0.0318245 	-0.309266 	-1.42288 	0.179277 	
1.01	0.367153 	-0.176401 	0.0318044 	-0.308426 	-1.42129 	0.179318 	
1.015	0.367401 	-0.176409 	0.0317866 	-0.307986 	-1.41984 	0.179607 	
1.02	0.367654 	-0.17642 	0.0317706 	-0.30786 	-1.41849 	0.180088 	
1.025	0.367995 	-0.176316 	0.0317737 	-0.297758 	-1.41904 	0.17192 	
1.03	0.368287 	-0.17629 	0.0317666 	-0.294495 	-1.41849 	0.169594 	
1.035	0.368575 	-0.176275 	0.031759 	-0.292142 	-1.41786 	0.168015 	
1.04	0.368745 	-0.176294 	0.0317211 	-0.292333 	-1.41493 	0.16946 	
1.045	0.368988 	-0.176303 	0.0317023 	-0.291905 	-1.41341 	0.169786 	
1.05	0.369237 	-0.176315 	0.0316855 	-0.29179 	-1.41201 	0.170297 	
1.055	0.369548 	-0.176234 	0.0316813 	-0.2838 	-1.41194 	0.164082 	
1.06	0.369827 	-0.176217 	0.0316713 	-0.281292 	-1.41115 	0.162462 	
1.065	0.370105 	-0.176209 	0.0316614 	-0.27954 	-1.41035 	0.161441 	
1.07	0.370383 	-0.176208 	0.0316517 	-0.278385 	-1.40952 	0.160895 	
1.075	0.370564 	-0.176185 	0.0316161 	-0.274862 	-1.40691 	0.159263 	
1.08	0.370807 	-0.176184 	0.0315974 	-0.273562 	-1.40543 	0.158884 	
1.085	0.371056 	-0.176189 	0.0315806 	-0.27276 	-1.40407 	0.158841 	
1.09	0.37131 	-0.176198 	0.0315654 	-0.272351 	-1.4028 	0.159061 	
1.095	0.37163 	-0.176112 	0.0315638 	-0.264194 	-1.40295 	0.152638 	
1.1	0.371913 	-0.176093 	0.0315553 	-0.261517 	-1.4023 	0.150833 	
1.105	0.372194 	-0.176084 	0.0315465 	-0.259627 	-1.4016 	0.149661 	
1.11	0.372474 	-0.176082 	0.0315377 	-0.258363 	-1.40086 	0.148994 	
1.115	0.372623 	-0.176069 	0.0314961 	-0.255769 	-1.3977 	0.148308 	
1.12	0.372855 	-0.176073 	0.0314756 	-0.25475 	-1.39606 	0.148211 	
1.125	0.373094 	-0.176081 	0.0314573 	-0.254168 	-1.39457 	0.148386 	
1.13	0.373428 	-0.176015 	0.03146 	-0.247822 	-1.39499 	0.143278 	
1.135	0.37371 	-0.176002 	0.0314519 	-0.245719 	-1.39436 	0.141914 	
1.14	0.373989 	-0.175999 	0.0314436 	-0.244282 	-1.39368 	0.14109 	
1.145	0.37417 	-0.175978 	0.0314108 	-0.241171 	-1.39117 	0.139716 	
1.15	0.374411 	-0.175978 	0.0313935 	-0.239913 	-1.38979 	0.139323 	
1.155	0.374658 	-0.175983 	0.0313778 	-0.239144 	-1.38852 	0.139266 	
1.16	0.374909 	-0.175994 	0.0313635 	-0.23876 	-1.38732 	0.139473 	
1.165	0.375205 	-0.175908 	0.0313571 	-0.230801 	-1.38713 	0.133367 	
1.17	0.375477 	-0.17589 	0.0313471 	-0.228201 	-1.38639 	0.131665 	
1.175	0.375747 	-0.175881 	0.0313373 	-0.22637 	-1.38562 	0.130573 	
1.18	0.376017 	-0.17588 	0.0313275 	-0.22515 	-1.38484 	0.129963 	
1.185	0.376183 	-0.175866 	0.0312936 	-0.222553 	-1.38217 	0.129042 	
1.19	0.376415 	-0.175869 	0.0312753 	-0.221547 	-1.3807 	0.128876 	
1.195	0.376653 	-0.175878 	0.0312589 	-0.220975 	-1.37935 	0.128996 	
1.2	0.376896 	-0.175891 	0.031244 	-0.220746 	-1.37811 	0.12934 	
1.205	0.377213 	-0.17579 	0.0312434 	-0.211876 	-1.37844 	0.12233 	
1.21	0.377488 	-0.175768 	0.0312353 	-0.209001 	-1.37787 	0.120347 	
1.215	0.37776 	-0.175756 	0.0312268 	-0.206948 	-1.37725 	0.119027 	
1.22	0.377925 	-0.175769 	0.031195 	-0.206488 	-1.37462 	0.119743 	
1.225	0.378155 	-0.175778 	0.031178 	-0.205935 	-1.37322 	0.119896 	
1.23	0.378391 	-0.175792 	0.0311625 	-0.205722 	-1.37193 	0.120265 	
1.235	0.378679 	-0.175713 	0.0311567 	-0.19862 	-1.37177 	0.114844 	
1.24	0.378939 	-0.175699 	0.0311465 	-0.196378 	-1.37101 	0.113433 	
1.245	0.379198 	-0.175694 	0.0311364 	-0.194829 	-1.37024 	0.112566 	
1.25	0.379456 	-0.175696 	0.0311264 	-0.19383 	-1.36946 	0.112131 	
1.255	0.379626 	-0.175666 	0.0310969 	-0.190153 	-1.36711 	0.110214 	
1.26	0.379852 	-0.175665 	0.0310801 	-0.188846 	-1.36576 	0.109757 	
1.265	0.380082 	-0.175671 	0.0310648 	-0.188035 	-1.36452 	0.109645 	
1.27	0.380317 	-0.175682 	0.0310507 	-0.187618 	-1.36336 	0.109803 	
1.275	0.38061 	-0.1756 	0.0310474 	-0.180469 	-1.36342 	0.104264 	
1.28	0.380869 	-0.175584 	0.0310386 	-0.178134 	-1.3628 	0.102729 	
1.285	0.381126 	-0.175578 	0.0310295 	-0.176508 	-1.36213 	0.101761 	
1.29	0.38138 	-0.17558 	0.0310203 	-0.175447 	-1.36144 	0.101243 	
1.295	0.381519 	-0.175559 	0.0309869 	-0.172589 	-1.35865 	0.100125 	
1.3	0.381729 	-0.175562 	0.0309689 	-0.171543 	-1.35718 	0.0999148 	
1.305	0.381946 	-0.175571 	0.0309527 	-0.170938 	-1.35585 	0.0999945 	
1.31	0.382168 	-0.175585 	0.0309378 	-0.170682 	-1.35462 	0.100302 	
1.315	0.382487 	-0.175491 	0.0309414 	-0.162824 	-1.35533 	0.0939689 	
1.32	0.382748 	-0.175471 	0.0309347 	-0.160285 	-1.35492 	0.0921957 	
1.325	0.383005 	-0.175463 	0.0309273 	-0.158495 	-1.35443 	0.0910335 	
1.33	0.383137 	-0.17547 	0.0308954 	-0.157695 	-1.35165 	0.0915075 	
1.335	0.383344 	-0.175479 	0.0308786 	-0.157113 	-1.35026 	0.0916232 	
1.34	0.383556 	-0.175492 	0.0308633 	-0.156875 	-1.34899 	0.0919587 	
1.345	0.383837 	-0.175419 	0.0308609 	-0.150533 	-1.34912 	0.0870306 	
1.35	0.38408 	-0.175407 	0.0308518 	-0.148542 	-1.34849 	0.0857681 	
1.355	0.38432 	-0.175404 	0.0308426 	-0.147188 	-1.34782 	0.0850116 	
1.36	0.384558 	-0.175409 	0.0308333 	-0.146341 	-1.34714 	0.0846573 	
1.365	0.3847 	-0.175375 	0.0308054 	-0.142698 	-1.34476 	0.0827571 	
1.37	0.384901 	-0.175374 	0.0307894 	-0.14145 	-1.34345 	0.0823251 	
1.375	0.385106 	-0.17538 	0.0307746 	-0.140685 	-1.34225 	0.082227 	
1.38	0.385316 	-0.175391 	0.0307609 	-0.140302 	-1.34113 	0.0823916 	
1.385	0.385601 	-0.175316 	0.0307614 	-0.13399 	-1.34154 	0.0773807 	
1.39	0.385841 	-0.175303 	0.0307539 	-0.131954 	-1.34106 	0.0760212 	
1.395	0.386077 	-0.1753 	0.0307459 	-0.130562 	-1.34052 	0.0751845 	
1.4	0.386309 	-0.175304 	0.0307375 	-0.129684 	-1.33994 	0.0747646 	
1.405	0.386413 	-0.175278 	0.0307056 	-0.126767 	-1.33708 	0.0736146 	
1.41	0.386595 	-0.175281 	0.0306884 	-0.125762 	-1.33563 	0.0734187 	
1.415	0.386784 	-0.175289 	0.0306727 	-0.125187 	-1.33432 	0.0735049 	
1.42	0.387075 	-0.175237 	0.030676 	-0.120544 	-1.33499 	0.0696895 	
1.425	0.387306 	-0.175231 	0.0306688 	-0.119028 	-1.33454 	0.0687216 	
1.43	0.387533 	-0.175233 	0.0306611 	-0.118049 	-1.33403 	0.0681943 	
1.435	0.387665 	-0.175205 	0.0306366 	-0.115061 	-1.33185 	0.066734 	
1.44	0.387852 	-0.175206 	0.0306223 	-0.113994 	-1.33067 	0.0663886 	
1.445	0.388043 	-0.175213 	0.0306089 	-0.113371 	-1.32958 	0.0663557 	
1.45	0.388236 	-0.175226 	0.0305962 	-0.1131 	-1.32856 	0.0665692 	
1.455	0.38843 	-0.175243 	0.0305842 	-0.113108 	-1.3276 	0.0669769 	
1.46	0.388689 	-0.175131 	0.0305839 	-0.104548 	-1.32797 	0.0602243 	
1.465	0.388907 	-0.175106 	0.0305768 	-0.10185 	-1.32754 	0.058328 	
1.47	0.389121 	-0.175094 	0.0305691 	-0.0999287 	-1.32704 	0.0570599 	
1.475	0.389331 	-0.17509 	0.0305609 	-0.0986283 	-1.3265 	0.0562934 	
1.48	0.389426 	-0.175117 	0.0305332 	-0.099392 	-1.32386 	0.0579152 	
1.485	0.389589 	-0.175136 	0.0305175 	-0.099524 	-1.32252 	0.0585582 	
1.49	0.389758 	-0.175157 	0.0305032 	-0.0998498 	-1.32129 	0.059304 	
1.495	0.390025 	-0.175061 	0.0305063 	-0.0925217 	-1.32201 	0.0533914 	
1.5	0.390233 	-0.175044 	0.0304996 	-0.0903702 	-1.32161 	0.0519082 	
1.505	0.390437 	-0.175038 	0.0304922 	-0.0888834 	-1.32115 	0.0509668 	
1.51	0.390636 	-0.175039 	0.0304844 	-0.0879275 	-1.32064 	0.0504579 	
1.515	0.390727 	-0.175036 	0.0304589 	-0.0867983 	-1.31818 	0.0505233 	
1.52	0.390882 	-0.175045 	0.0304442 	-0.0863881 	-1.31692 	0.0507118 	
1.525	0.391041 	-0.175059 	0.0304306 	-0.0862844 	-1.31577 	0.0510975 	
1.53	0.391293 	-0.174993 	0.0304332 	-0.0809693 	-1.31641 	0.0467758 	
1.535	0.391489 	-0.174984 	0.0304266 	-0.079378 	-1.31601 	0.0457261 	
1.54	0.39168 	-0.174984 	0.0304193 	-0.078337 	-1.31556 	0.0451283 	
1.545	0.391867 	-0.17499 	0.0304115 	-0.0777351 	-1.31505 	0.0448909 	
1.55	0.391955 	-0.17496 	0.0303888 	-0.0749574 	-1.31283 	0.0435842 	
1.555	0.392101 	-0.174961 	0.0303753 	-0.0740925 	-1.31165 	0.0433859 	
1.56	0.39225 	-0.174969 	0.0303625 	-0.0736283 	-1.31057 	0.0434644 	
1.565	0.392402 	-0.174982 	0.0303505 	-0.0734815 	-1.30956 	0.0437612 	
1.57	0.392661 	-0.174914 	0.0303565 	-0.0681559 	-1.31059 	0.0392797 	
1.575	0.392852 	-0.174904 	0.0303516 	-0.0665407 	-1.31039 	0.0381353 	
1.58	0.393036 	-0.174902 	0.0303458 	-0.0654793 	-1.31009 	0.0374594 	
1.585	0.393214 	-0.174907 	0.0303393 	-0.0648608 	-1.30971 	0.0371583 	
1.59	0.393256 	-0.174887 	0.0303126 	-0.0628718 	-1.30693 	0.0366731 	
1.595	0.393377 	-0.174892 	0.0302981 	-0.0622764 	-1.3056 	0.0367378 	
1.6	0.393504 	-0.174901 	0.0302846 	-0.0620245 	-1.3044 	0.0370224 	
1.605	0.393762 	-0.174855 	0.0302922 	-0.0581239 	-1.30564 	0.0335635 	
1.61	0.39394 	-0.174851 	0.0302875 	-0.0569765 	-1.30546 	0.0327759 	
1.615	0.394111 	-0.174855 	0.0302818 	-0.0562877 	-1.30517 	0.0323831 	
1.62	0.394275 	-0.174864 	0.0302754 	-0.0559654 	-1.3048 	0.0323058 	
1.625	0.394318 	-0.174822 	0.0302524 	-0.0526574 	-1.30233 	0.030679 	
1.63	0.394431 	-0.174819 	0.0302393 	-0.0517028 	-1.30112 	0.0304207 	
1.635	0.394548 	-0.174823 	0.030227 	-0.051166 	-1.30002 	0.0304489 	
1.64	0.394784 	-0.1748 	0.030233 	-0.0487772 	-1.30111 	0.0282113 	
1.645	0.394946 	-0.174802 	0.0302282 	-0.0480653 	-1.3009 	0.027765 	
1.65	0.395102 	-0.17481 	0.0302225 	-0.0477235 	-1.3006 	0.0276432 	
1.655	0.395251 	-0.174823 	0.0302161 	-0.0476772 	-1.30023 	0.0277804 	
1.66	0.395297 	-0.174762 	0.030197 	-0.0432763 	-1.2981 	0.0251788 	
1.665	0.395401 	-0.174753 	0.0301853 	-0.0420333 	-1.29701 	0.0246515 	
1.67	0.395508 	-0.174752 	0.0301743 	-0.0412676 	-1.296 	0.0244654 	
1.675	0.395617 	-0.174758 	0.0301637 	-0.0408804 	-1.29506 	0.0245489 	
1.68	0.39586 	-0.174741 	0.0301731 	-0.0389326 	-1.2966 	0.0224681 	
1.685	0.396017 	-0.174746 	0.0301701 	-0.038428 	-1.29661 	0.0220933 	
1.69	0.396165 	-0.174756 	0.030166 	-0.0382513 	-1.29649 	0.0220272 	
1.695	0.39619 	-0.174715 	0.0301464 	-0.0352223 	-1.29425 	0.0205477 	
1.7	0.396282 	-0.174712 	0.0301354 	-0.0344151 	-1.29322 	0.0203403 	
1.705	0.396376 	-0.174716 	0.0301251 	-0.0339951 	-1.29226 	0.0204066 	
1.71	0.39647 	-0.174725 	0.0301151 	-0.0338823 	-1.29135 	0.0206894 	
1.715	0.396697 	-0.174689 	0.0301247 	-0.0308172 	-1.29289 	0.0177231 	
1.72	0.396839 	-0.174688 	0.0301222 	-0.0300116 	-1.29292 	0.017102 	
1.725	0.396971 	-0.174692 	0.0301184 	-0.029594 	-1.29281 	0.016838 	
1.73	0.396991 	-0.174672 	0.0301005 	-0.0279384 	-1.29075 	0.0163662 	
1.735	0.397071 	-0.174675 	0.0300904 	-0.0275291 	-1.28979 	0.0164411 	
1.74	0.397152 	-0.174683 	0.0300808 	-0.0274252 	-1.28889 	0.0167304 	
1.745	0.397234 	-0.174694 	0.0300715 	-0.0275635 	-1.28803 	0.0171892 	
1.75	0.397445 	-0.174642 	0.0300816 	-0.0235971 	-1.28958 	0.0135029 	
1.755	0.397571 	-0.174636 	0.0300797 	-0.022559 	-1.28964 	0.0126861 	
1.76	0.397688 	-0.174636 	0.0300765 	-0.0219551 	-1.28955 	0.0122648 	
1.765	0.397796 	-0.174642 	0.0300723 	-0.0216991 	-1.28934 	0.0121604 	
1.77	0.397784 	-0.174628 	0.0300531 	-0.020587 	-1.28704 	0.0122139 	
1.775	0.397838 	-0.174633 	0.0300426 	-0.0204245 	-1.28596 	0.0125274 	
1.78	0.397895 	-0.174643 	0.0300327 	-0.0205155 	-1.28497 	0.0130044 	
1.785	0.398095 	-0.174608 	0.0300431 	-0.0177023 	-1.2866 	0.0101767 	
1.79	0.398204 	-0.174607 	0.0300411 	-0.0170578 	-1.28664 	0.00967166 	
1.795	0.398303 	-0.174611 	0.030038 	-0.0167682 	-1.28654 	0.0094986 	
1.8	0.398394 	-0.17462 	0.030034 	-0.0167624 	-1.28632 	0.00959121 	
1.805	0.398477 	-0.174632 	0.0300293 	-0.0169831 	-1.28602 	0.00989579 	
1.81	0.398463 	-0.174581 	0.0300143 	-0.0137404 	-1.28405 	0.00815801 	
1.815	0.398502 	-0.174574 	0.0300052 	-0.0129957 	-1.28305 	0.00798525 	
1.82	0.398542 	-0.174574 	0.0299965 	-0.0126241 	-1.28212 	0.00807602 	
1.825	0.398728 	-0.174578 	0.0300066 	-0.0121222 	-1.28382 	0.00701308 	
1.83	0.398821 	-0.174586 	0.030005 	-0.0121356 	-1.28391 	0.00699815 	
1.835	0.398903 	-0.174598 	0.0300024 	-0.0123715 	-1.28385 	0.00721609 	
1.84	0.398976 	-0.174612 	0.0299989 	-0.012785 	-1.28367 	0.00761996 	
1.845	0.398961 	-0.17455 	0.0299869 	-0.00897787 	-1.28199 	0.00532629 	
1.85	0.398991 	-0.17454 	0.0299795 	-0.00810148 	-1.28115 	0.00499117 	
1.855	0.399021 	-0.174537 	0.0299722 	-0.00762547 	-1.28034 	0.00495257 	
1.86	0.399175 	-0.174554 	0.0299802 	-0.00803266 	-1.28178 	0.00469469 	
1.865	0.399248 	-0.174566 	0.0299785 	-0.00833258 	-1.28182 	0.00491998 	
1.87	0.39931 	-0.174579 	0.0299759 	-0.00879707 	-1.28172 	0.0053292 	
1.875	0.399364 	-0.174595 	0.0299724 	-0.0093925 	-1.28151 	0.00588488 	
1.88	0.399361 	-0.174526 	0.029965 	-0.00516127 	-1.28035 	0.00305593 	
1.885	0.399383 	-0.174513 	0.0299593 	-0.00419817 	-1.27968 	0.00258341 	
1.89	0.399403 	-0.174507 	0.0299535 	-0.00365327 	-1.27901 	0.00243507 	
1.895	0.399524 	-0.174535 	0.0299595 	-0.00483626 	-1.28017 	0.0028868 	
1.9	0.399577 	-0.17455 	0.0299577 	-0.00538757 	-1.28016 	0.0033251 	
1.905	0.39962 	-0.174565 	0.0299551 	-0.00605255 	-1.28003 	0.00390387 	
1.91	0.399654 	-0.174582 	0.0299519 	-0.00680749 	-1.27979 	0.00459405 	
1.915	0.399682 	-0.174599 	0.0299481 	-0.00763324 	-1.27947 	0.00537224 	
1.92	0.399695 	-0.174497 	0.029947 	-0.00151009 	-1.27899 	0.000793769 	
1.925	0.399709 	-0.174473 	0.0299436 	4.31521e-05 	-1.27852 	-0.000221454 	
1.93	0.399718 	-0.174458 	0.0299398 	0.00105836 	-1.27801 	-0.000802453 	
1.935	0.399802 	-0.174526 	0.0299427 	-0.00257514 	-1.27888 	0.00167574 	
1.94	0.399832 	-0.17455 	0.0299407 	-0.00383062 	-1.27882 	0.00268062 	
1.945	0.399853 	-0.174573 	0.0299381 	-0.00505769 	-1.27865 	0.00371127 	
1.95	0.399866 	-0.174596 	0.0299349 	-0.00626054 	-1.27838 	0.00476109 	
1.955	0.399883 	-0.174487 	0.0299372 	0.000186497 	-1.27828 	-0.000226126 	
1.96	0.399887 	-0.174462 	0.0299354 	0.0017235 	-1.27797 	-0.00129307 	
1.965	0.399885 	-0.174445 	0.0299329 	0.00272621 	-1.27759 	-0.00191607 	
1.97	0.399938 	-0.174518 	0.0299343 	-0.00129515 	-1.27821 	0.000961633 	
1.975	0.399948 	-0.174543 	0.0299324 	-0.00269238 	-1.27811 	0.00209284 	
1.98	0.399949 	-0.174566 	0.02993 	-0.00403221 	-1.27791 	0.00322381 	
1.985	0.399942 	-0.174589 	0.029927 	-0.00532456 	-1.27761 	0.00435305 	
1.99	0.399969 	-0.174482 	0.0299331 	0.000958172 	-1.27801 	-0.000709935 	
1.995	0.399965 	-0.174458 	0.0299328 	0.00240795 	-1.27786 	-0.00177879 	
2	0.399953 	-0.174441 	0.0299317 	0.00334152 	-1.27762 	-0.00240404 	
2.005	0.399934 	-0.174431 	0.0299298 	0.00386224 	-1.2773 	-0.00267457 	
2.01	0.399978 	-0.174525 	0.0299303 	-0.00150586 	-1.27805 	0.00118753 	
2.015	0.39998 	-0.17456 	0.0299251 	-0.0035546 	-1.27802 	0.00279547 	
2.02	0.399976 	-0.174592 	0.0299176 	-0.00541541 	-1.27787 	0.00430766 	
2.025	0.39997 	-0.174488 	0.0299127 	0.000668065 	-1.2777 	-0.000455426 	
2.03	0.399959 	-0.174467 	0.0299025 	0.00184322 	-1.2774 	-0.0012797 	
2.035	0.399946 	-0.174454 	0.0298899 	0.00255748 	-1.27704 	-0.00170964 	
2.04	0.399931 	-0.174447 	0.0298752 	0.00290374 	-1.27662 	-0.00182488 	
2.045	0.39998 	-0.174521 	0.0298634 	-0.00122238 	-1.27728 	0.00093646 	
2.05	0.399987 	-0.17455 	0.0298464 	-0.00288934 	-1.27718 	0.00220596 	
2.055	0.399988 	-0.174576 	0.029827 	-0.0044441 	-1.27698 	0.00344674 	
2.06	0.399968 	-0.174491 	0.0298072 	0.000486422 	-1.2764 	-0.00029451 	
2.065	0.399957 	-0.174475 	0.0297843 	0.00136089 	-1.27594 	-0.000852359 	
2.07	0.399945 	-0.174465 	0.0297592 	0.00183619 	-1.27544 	-0.00107071 	
2.075	0.399932 	-0.174462 	0.0297323 	0.00199336 	-1.27492 	-0.00101872 	
2.08	0.39992 	-0.174462 	0.0297034 	0.00189726 	-1.27437 	-0.000751726 	
2.085	0.399986 	-0.17452 	0.0296802 	-0.00113133 	-1.27517 	0.000767823 	
2.09	0.400003 	-0.174546 	0.0296504 	-0.00256281 	-1.27508 	0.00172917 	
2.095	0.400014 	-0.17457 	0.0296184 	-0.00392805 	-1.27488 	0.0027223 	
2.1	0.399964 	-0.174491 	0.029581 	0.000414155 	-1.2736 	-0.000176886 	
2.105	0.399948 	-0.174477 	0.0295438 	0.00114909 	-1.2729 	-0.000525614 	
2.11	0.399934 	-0.174469 	0.029505 	0.00151565 	-1.27221 	-0.000579564 	
2.115	0.399922 	-0.174466 	0.0294645 	0.00158919 	-1.27153 	-0.000399419 	
2.12	0.399985 	-0.174515 	0.0294294 	-0.000857195 	-1.27213 	0.000540347 	
2.125	0.400003 	-0.174537 	0.0293883 	-0.00201701 	-1.27192 	0.00126024 	
2.13	0.400016 	-0.174557 	0.0293452 	-0.00316232 	-1.27163 	0.00205758 	
2.135	0.399964 	-0.174494 	0.029296 	0.000256385 	-1.27017 	-4.44193e-05 	
2.14	0.39995 	-0.174484 	0.0292477 	0.000746366 	-1.26937 	-0.000184544 	
2.145	0.399939 	-0.174479 	0.0291981 	0.000920732 	-1.26861 	-7.53688e-05 	
2.15	0.399931 	-0.174479 	0.0291472 	0.000844298 	-1.26787 	0.000231518 	
2.155	0.399926 	-0.174483 	0.0290949 	0.000568702 	-1.26715 	0.000695077 	
2.16	0.399988 	-0.174513 	0.0290478 	-0.000684886 	-1.26757 	0.000282719 	
2.165	0.400009 	-0.17453 	0.0289951 	-0.0015399 	-1.26728 	0.000617739 	
2.17	0.400027 	-0.174548 	0.0289407 	-0.0024384 	-1.26693 	0.00110418 	
2.175	0.399962 	-0.174496 	0.0288781 	0.000141533 	-1.26511 	0.000119833 	
2.18	0.399947 	-0.174488 	0.0288182 	0.000429094 	-1.26416 	0.000258444 	
2.185	0.399938 	-0.174486 	0.0287574 	0.000447089 	-1.26327 	0.000585025 	
2.19	0.399932 	-0.174488 	0.0286955 	0.000251041 	-1.26244 	0.00106034 	
2.195	0.399984 	-0.17451 	0.0286378 	-0.000478723 	-1.26258 	0.000128648 	
2.2	0.400004 	-0.174523 	0.0285757 	-0.00111431 	-1.26215 	0.000278266 	
2.205	0.400022 	-0.174537 	0.0285122 	-0.00183368 	-1.26168 	0.000612763 	
2.21	0.399963 	-0.174498 	0.0284413 	2.30992e-05 	-1.25987 	0.000209991 	
2.215	0.399953 	-0.174494 	0.028373 	0.000124579 	-1.25889 	0.000493992 	
2.22	0.399947 	-0.174494 	0.028304 	-1.51036e-06 	-1.25797 	0.000932121 	
2.225	0.399946 	-0.174498 	0.0282341 	-0.000308214 	-1.25712 	0.0014921 	
2.23	0.399948 	-0.174505 	0.0281635 	-0.000758168 	-1.25632 	0.00214833 	
2.235	0.399983 	-0.174506 	0.0280952 	-0.000236263 	-1.25601 	-0.000206739 	
2.24	0.400001 	-0.174514 	0.028024 	-0.000512931 	-1.25544 	-0.000503067 	
2.245	0.400019 	-0.174524 	0.0279517 	-0.000941785 	-1.25486 	-0.000528747 	
2.25	0.399964 	-0.1745 	0.0278726 	-0.000129192 	-1.25304 	0.000415977 	
2.255	0.399957 	-0.174501 	0.0277963 	-0.00028451 	-1.25201 	0.00103979 	
2.26	0.399955 	-0.174504 	0.0277196 	-0.00060912 	-1.25107 	0.00174284 	
2.265	0.399957 	-0.174511 	0.0276423 	-0.00106813 	-1.25019 	0.00250827 	
2.27	0.399979 	-0.174504 	0.0275665 	-0.000104593 	-1.24957 	-0.000280109 	
2.275	0.399993 	-0.174508 	0.0274888 	-0.000222681 	-1.24886 	-0.000696435 	
2.28	0.400009 	-0.174516 	0.0274104 	-0.000520706 	-1.24818 	-0.000822098 	
2.285	0.399966 	-0.174502 	0.0273266 	-0.000205393 	-1.2465 	0.000460645 	
2.29	0.399963 	-0.174505 	0.0272452 	-0.000483685 	-1.24548 	0.00116179 	
2.295	0.399965 	-0.174511 	0.0271635 	-0.000901884 	-1.24455 	0.00192196 	
2.3	0.399972 	-0.174519 	0.0270815 	-0.00143112 	-1.24368 	0.00272847 	
2.305	0.399975 	-0.174502 	0.0269996 	1.5678e-06 	-1.24268 	-0.00034645 	
2.31	0.399985 	-0.174503 	0.026917 	3.02134e-05 	-1.24184 	-0.00085491 	
2.315	0.399998 	-0.174508 	0.0268341 	-0.00014634 	-1.24105 	-0.00105838 	
2.32	0.400014 	-0.174516 	0.0267507 	-0.000485307 	-1.2403 	-0.00101956 	
2.325	0.399964 	-0.174502 	0.0266623 	-0.000245815 	-1.23845 	0.000671042 	
2.33	0.399958 	-0.174505 	0.0265766 	-0.000555191 	-1.23736 	0.00156518 	
2.335	0.399959 	-0.174511 	0.026491 	-0.000991626 	-1.23636 	0.00247308 	
2.34	0.399976 	-0.174503 	0.0264068 	-0.000111007 	-1.23556 	-0.000159766 	
2.345	0.399989 	-0.174507 	0.0263217 	-0.000236913 	-1.23475 	-0.000483759 	
2.35	0.400005 	-0.174514 	0.0262363 	-0.000531552 	-1.23398 	-0.000545202 	
2.355	0.400023 	-0.174523 	0.0261509 	-0.000959675 	-1.23325 	-0.000398064 	
2.36	0.399961 	-0.1745 	0.0260603 	-0.000105612 	-1.23116 	0.000481589 	
2.365	0.399953 	-0.1745 	0.0259729 	-0.000224291 	-1.22998 	0.00112205 	
2.37	0.399952 	-0.174504 	0.0258858 	-0.000504903 	-1.22893 	0.00182373 	
2.375	0.399956 	-0.17451 	0.025799 	-0.000914231 	-1.22797 	0.00257357 	
2.38	0.39998 	-0.174504 	0.025714 	-0.00011854 	-1.22727 	-0.000335319 	
2.385	0.399997 	-0.174509 	0.0256281 	-0.000258283 	-1.22652 	-0.00082038 	
2.39	0.400016 	-0.174517 	0.0255423 	-0.000559468 	-1.2258 	-0.00101518 	
2.395	0.399965 	-0.174502 	0.0254527 	-0.000175484 	-1.2239 	0.000474754 	
2.4	0.399961 	-0.174505 	0.0253657 	-0.000409192 	-1.2228 	0.00120369 	
2.405	0.399963 	-0.17451 	0.0252792 	-0.000777345 	-1.22181 	0.0019717 	
2.41	0.39997 	-0.174518 	0.0251932 	-0.00125238 	-1.2209 	0.00277034 	
2.415	0.399976 	-0.174502 	0.0251083 	-1.94702e-05 	-1.21991 	-0.000385413 	
2.42	0.399987 	-0.174504 	0.0250233 	-2.20988e-05 	-1.21906 	-0.000945886 	
2.425	0.400002 	-0.174509 	0.0249387 	-0.000209672 	-1.21828 	-0.00120494 	
2.43	0.399968 	-0.174504 	0.0248519 	-0.000235168 	-1.21671 	0.00050363 	
2.435	0.399968 	-0.174509 	0.0247672 	-0.000568091 	-1.21571 	0.00128152 	
2.44	0.399973 	-0.174516 	0.0246832 	-0.00101166 	-1.21479 	0.00208479 	
2.445	0.399981 	-0.174525 	0.0245998 	-0.00154315 	-1.21395 	0.0029078 	
2.45	0.399972 	-0.1745 	0.0245171 	6.64726e-05 	-1.21273 	-0.000429306 	
2.455	0.399979 	-0.174499 	0.024435 	0.000182685 	-1.21183 	-0.00105054 	
2.46	0.399988 	-0.174502 	0.0243535 	9.3912e-05 	-1.211 	-0.00136193 	
2.465	0.4 	-0.174508 	0.0242726 	-0.000157146 	-1.21022 	-0.00142714 	
2.47	0.399967 	-0.174505 	0.0241904 	-0.000302884 	-1.20873 	0.000750222 	
2.475	0.399965 	-0.174511 	0.0241101 	-0.000692704 	-1.20776 	0.00175526 	
2.48	0.399968 	-0.174519 	0.0240308 	-0.00117648 	-1.20687 	0.00273492 	
2.485	0.399974 	-0.174502 	0.0239533 	-5.05189e-05 	-1.20596 	-0.000234384 	
2.49	0.399982 	-0.174504 	0.023876 	-8.1362e-05 	-1.20516 	-0.000677122 	
2.495	0.399993 	-0.174509 	0.0237995 	-0.000283078 	-1.20442 	-0.000850424 	
2.5	0.400005 	-0.174516 	0.0237239 	-0.000620148 	-1.20371 	-0.000809484 	
2.505	0.399965 	-0.174502 	0.0236475 	-0.000166274 	-1.20216 	0.000561804 	
2.51	0.39996 	-0.174505 	0.0235731 	-0.000370894 	-1.20119 	0.00131542 	
2.515	0.399959 	-0.174511 	0.0234998 	-0.000704299 	-1.20031 	0.00209171 	
2.52	0.399975 	-0.174503 	0.0234286 	-0.000132517 	-1.19967 	-0.00011976 	
2.525	0.399985 	-0.174508 	0.0233578 	-0.000300013 	-1.19897 	-0.000372289 	
2.53	0.399995 	-0.174515 	0.023288 	-0.000606901 	-1.1983 	-0.000397565 	
2.535	0.400006 	-0.174524 	0.0232192 	-0.00102424 	-1.19765 	-0.000242051 	
2.54	0.400017 	-0.174534 	0.0231515 	-0.00152903 	-1.19703 	5.7223e-05 	
2.545	0.39996 	-0.174497 	0.0230839 	0.00010181 	-1.19527 	0.000384964 	
2.55	0.399946 	-0.174493 	0.0230181 	0.000258612 	-1.19426 	0.000856799 	
2.555	0.399938 	-0.174492 	0.0229535 	0.000216607 	-1.19335 	0.00140536 	
2.56	0.399979 	-0.174507 	0.0228915 	-0.000298544 	-1.19326 	-6.34416e-06 	
2.565	0.399993 	-0.174517 	0.02283 	-0.000742216 	-1.19275 	-6.21601e-05 	
2.57	0.400005 	-0.174529 	0.0227696 	-0.00126612 	-1.19224 	6.60578e-05 	
2.575	0.400016 	-0.174541 	0.0227104 	-0.00185345 	-1.19172 	0.000340809 	
2.58	0.39996 	-0.174496 	0.0226523 	0.000179957 	-1.19008 	0.000239262 	
2.585	0.399946 	-0.174489 	0.0225957 	0.000452659 	-1.18916 	0.000547676 	
2.59	0.399935 	-0.174487 	0.0225404 	0.000505007 	-1.18831 	0.000963876 	
2.595	0.399979 	-0.174508 	0.0224875 	-0.000346694 	-1.1884 	7.87639e-05 	
2.6	0.399991 	-0.17452 	0.0224353 	-0.00087225 	-1.18797 	0.000158904 	
2.605	0.400001 	-0.174532 	0.0223845 	-0.00145896 	-1.18753 	0.000393198 	
2.61	0.400008 	-0.174546 	0.0223351 	-0.00209394 	-1.18707 	0.000750224 	
2.615	0.40004 	-0.17452 	0.022475 	-0.000572289 	-1.18614 	0.00062768 	
2.62	0.400009 	-0.174506 	0.0222676 	-0.000973209 	-1.18575 	0.0012859 	
2.625	0.400017 	-0.174533 	0.0222459 	-0.00154931 	-1.18543 	0.00195922 	
2.63	0.400038 	-0.174536 	0.0222387 	-0.0023088 	-1.18517 	0.00258634 	
2.635	0.400064 	-0.174568 	0.0221838 	-0.00343794 	-1.18502 	0.00350502 	
2.64	0.400008 	-0.174509 	0.0221595 	-4.89556e-05 	-1.18331 	-0.000203883 	
2.645	0.399997 	-0.174502 	0.022122 	0.000327564 	-1.18284 	-0.000741021 	
2.65	0.400003 	-0.174491 	0.0220852 	0.000471923 	-1.18252 	-0.00100636 	
2.655	0.398512 	-0.1765 	0.0777471 	0.000494727 	-1.18233 	-0.00112415 	
2.66	0.398536 	-0.176494 	0.0777068 	0.000282021 	-1.18237 	-0.000924376 	
2.665	0.398541 	-0.176483 	0.0776872 	-0.000148907 	-1.18244 	-0.00072362 	
2.67	0.398548 	-0.176456 	0.077665 	-0.000828499 	-1.18262 	-0.000245333 	
2.675	0.398546 	-0.17644 	0.0776435 	-0.00166805 	-1.18287 	0.000352105 	
2.68	0.398534 	-0.176427 	0.0776311 	-0.00202777 	-1.18313 	0.000666028 	
2.685	0.398521 	-0.176412 	0.0776222 	-0.00221413 	-1.18344 	0.000896953 	
2.69	0.398505 	-0.176402 	0.0776153 	-0.00233768 	-1.18378 	0.00106719 	
2.695	0.398487 	-0.176395 	0.0776099 	-0.00242985 	-1.18416 	0.00119646 	
2.7	0.398468 	-0.176391 	0.0776056 	-0.0025002 	-1.18456 	0.00129236 	
2.705	0.398448 	-0.176388 	0.0776024 	-0.0025538 	-1.18498 	0.0013592 	
2.71	0.398427 	-0.176386 	0.0776001 	-0.0025954 	-1.18542 	0.00140312 	
2.715	0.398405 	-0.176385 	0.0775986 	-0.00262854 	-1.18587 	0.00143123 	
2.72	0.398383 	-0.176384 	0.0775978 	-0.0026559 	-1.18633 	0.00145012 	
2.725	0.398361 	-0.176384 	0.0775975 	-0.002679 	-1.1868 	0.00146384 	
2.73	0.398339 	-0.176385 	0.0775977 	-0.00269912 	-1.18728 	0.00147453 	
2.735	0.398317 	-0.176385 	0.0775983 	-0.00271732 	-1.18776 	0.00148324 	
2.74	0.398295 	-0.176386 	0.0775985 	-0.00277092 	-1.18825 	0.00149181 	
2.745	0.398273 	-0.176387 	0.0775984 	-0.00285113 	-1.18875 	0.00149855 	
2.75	0.398252 	-0.176388 	0.077598 	-0.00295382 	-1.18925 	0.00150561 	
2.755	0.39823 	-0.176389 	0.0775974 	-0.00307655 	-1.18976 	0.0015147 	
2.76	0.39821 	-0.17639 	0.0775966 	-0.00321757 	-1.19027 	0.00152716 	
2.765	0.398189 	-0.17639 	0.0775957 	-0.00337317 	-1.19079 	0.00154311 	
2.77	0.398168 	-0.176391 	0.0775948 	-0.0035352 	-1.19131 	0.00155962 	
2.775	0.398147 	-0.176391 	0.0775939 	-0.00370472 	-1.19183 	0.00157904 	
2.78	0.398127 	-0.176392 	0.077593 	-0.00388117 	-1.19235 	0.00160146 	
2.785	0.398106 	-0.176392 	0.077592 	-0.00406401 	-1.19287 	0.00162706 	
2.79	0.398085 	-0.176393 	0.077591 	-0.00425274 	-1.19339 	0.00165592 	
2.795	0.398065 	-0.176393 	0.07759 	-0.00444704 	-1.19391 	0.00168816 	
2.8	0.398044 	-0.176394 	0.0775889 	-0.00464662 	-1.19443 	0.00172388 	
2.805	0.398024 	-0.176394 	0.0775878 	-0.00485122 	-1.19496 	0.00176319 	
2.81	0.398003 	-0.176395 	0.0775866 	-0.00506066 	-1.19548 	0.00180614 	
2.815	0.397983 	-0.176395 	0.0775854 	-0.0052747 	-1.19601 	0.00185275 	
2.82	0.397962 	-0.176395 	0.0775842 	-0.00549315 	-1.19653 	0.00190307 	
2.825	0.397942 	-0.176396 	0.0775829 	-0.00571583 	-1.19706 	0.00195707 	
2.83	0.39792 	-0.176402 	0.0775772 	-0.00572313 	-1.19759 	0.0018458 	
2.835	0.397899 	-0.176414 	0.0775658 	-0.00533556 	-1.19816 	0.00143184 	
2.84	0.397883 	-0.17642 	0.0775601 	-0.00495387 	-1.19876 	0.00104186 	
2.845	0.397871 	-0.176421 	0.0775537 	-0.00486403 	-1.19937 	0.000904823 	
2.85	0.397858 	-0.176421 	0.0775453 	-0.00496735 	-1.19998 	0.000930692 	
2.855	0.397844 	-0.176425 	0.0775343 	-0.00500754 	-1.2006 	0.000904988 	
2.86	0.397826 	-0.176438 	0.0775196 	-0.00459128 	-1.20121 	0.000508191 	
2.865	0.397801 	-0.176463 	0.0775076 	-0.00373109 	-1.20177 	-0.00017752 	
2.87	0.397777 	-0.176491 	0.077492 	-0.00260828 	-1.20235 	-0.00108137 	
2.875	0.397761 	-0.176521 	0.0774902 	-0.00132665 	-1.20298 	-0.00213497 	
2.88	0.397749 	-0.17654 	0.0774822 	-0.00065778 	-1.2036 	-0.00267877 	
2.885	0.397738 	-0.176557 	0.0774756 	-0.000481413 	-1.20423 	-0.00284232 	
2.89	0.397717 	-0.176575 	0.0774478 	-0.000878943 	-1.20478 	-0.00250994 	
2.895	0.397696 	-0.176591 	0.0774201 	-0.000640031 	-1.20539 	-0.00273709 	
2.9	0.397676 	-0.17661 	0.0773966 	0.000107666 	-1.20601 	-0.00338478 	
2.905	0.397658 	-0.176626 	0.0773747 	0.000812797 	-1.20664 	-0.00398891 	
2.91	0.397627 	-0.176643 	0.0773622 	0.00147475 	-1.20717 	-0.00466191 	
2.915	0.397604 	-0.176651 	0.0773529 	0.00192317 	-1.20774 	-0.00511847 	
2.92	0.397576 	-0.17666 	0.0773448 	0.00222611 	-1.20828 	-0.00546044 	
2.925	0.397548 	-0.176665 	0.0773374 	0.00241403 	-1.20881 	-0.00567281 	
2.93	0.397523 	-0.176661 	0.0773324 	0.0022892 	-1.20934 	-0.00560815 	
2.935	0.397498 	-0.176653 	0.0773274 	0.00195662 	-1.20987 	-0.00535318 	
2.94	0.39747 	-0.176647 	0.0773207 	0.00171533 	-1.21039 	-0.00516921 	
2.945	0.397444 	-0.17664 	0.0773137 	0.00152329 	-1.21092 	-0.00500961 	
2.95	0.397417 	-0.176634 	0.0773066 	0.00137055 	-1.21145 	-0.00487749 	
2.955	0.39739 	-0.17663 	0.0772996 	0.00125334 	-1.21198 	-0.00477325 	
2.96	0.397365 	-0.176619 	0.0772934 	0.000946352 	-1.21252 	-0.00450096 	
2.965	0.397341 	-0.176606 	0.0772874 	0.00051894 	-1.21305 	-0.0041317 	
2.97	0.397317 	-0.176593 	0.0772812 	1.04731e-05 	-1.21359 	-0.00369411 	
2.975	0.397293 	-0.176578 	0.0772753 	-0.000532219 	-1.21413 	-0.00323139 	
2.98	0.397271 	-0.176563 	0.0772683 	-0.0011113 	-1.21467 	-0.00273502 	
2.985	0.397249 	-0.17655 	0.0772638 	-0.00169742 	-1.21522 	-0.00224481 	
2.99	0.397227 	-0.176538 	0.0772604 	-0.00225827 	-1.21575 	-0.00178792 	
2.995	0.397204 	-0.176526 	0.0772572 	-0.0028109 	-1.21628 	-0.00134016 	
3	0.397181 	-0.176513 	0.0772537 	-0.00336497 	-1.21681 	-0.000893531 	
3.005	0.397158 	-0.176506 	0.0772519 	-0.00389226 	-1.21734 	-0.000459711 	
3.01	0.397134 	-0.176498 	0.0772502 	-0.00439135 	-1.21787 	-5.06912e-05 	
3.015	0.39711 	-0.176491 	0.0772483 	-0.00488117 	-1.21839 	0.000349413 	
3.02	0.397086 	-0.176484 	0.0772461 	-0.00536519 	-1.21891 	0.000744891 	
3.025	0.397061 	-0.176477 	0.0772436 	-0.0058464 	-1.21943 	0.0011398 	
3.03	0.397036 	-0.176469 	0.0772409 	-0.00632314 	-1.21995 	0.00153416 	
3.035	0.397012 	-0.176464 	0.077238 	-0.00671737 	-1.22049 	0.00184087 	
3.04	0.396988 	-0.176456 	0.0772343 	-0.00707102 	-1.22102 	0.00210998 	
3.045	0.396964 	-0.176447 	0.0772299 	-0.00752357 	-1.22156 	0.00244063 	
3.05	0.396939 	-0.176441 	0.0772256 	-0.00791668 	-1.2221 	0.00268144 	
3.055	0.396913 	-0.176433 	0.0772211 	-0.00822869 	-1.22263 	0.00283736 	
3.06	0.396887 	-0.176426 	0.0772162 	-0.00853041 	-1.22317 	0.00299047 	
3.065	0.396861 	-0.17642 	0.0772114 	-0.00881307 	-1.22371 	0.0031478 	
3.07	0.396835 	-0.176413 	0.0772061 	-0.00921463 	-1.22424 	0.00339473 	
3.075	0.396808 	-0.176408 	0.0772015 	-0.00950563 	-1.22478 	0.00356782 	
3.08	0.396781 	-0.176406 	0.0771966 	-0.00970473 	-1.22532 	0.00367364 	
3.085	0.396752 	-0.176409 	0.077191 	-0.00967243 	-1.22587 	0.00357853 	
3.09	0.396723 	-0.176409 	0.0771851 	-0.0096511 	-1.22641 	0.003502 	
3.095	0.396694 	-0.17641 	0.0771785 	-0.00967174 	-1.22696 	0.00343456 	
3.1	0.396664 	-0.176409 	0.0771721 	-0.0097427 	-1.22751 	0.00341308 	
3.105	0.396635 	-0.176409 	0.0771634 	-0.00982855 	-1.22807 	0.00336773 	
3.11	0.396606 	-0.176407 	0.0771547 	-0.00993813 	-1.22863 	0.00332485 	
3.115	0.396577 	-0.176403 	0.0771452 	-0.0101119 	-1.22919 	0.00333513 	
3.12	0.396548 	-0.176395 	0.077135 	-0.0104158 	-1.22975 	0.00347025 	
3.125	0.396518 	-0.176387 	0.0771241 	-0.0107681 	-1.23031 	0.0036492 	
3.13	0.396489 	-0.176379 	0.0771131 	-0.0111313 	-1.23087 	0.00383938 	
3.135	0.396459 	-0.17637 	0.0771023 	-0.0114891 	-1.23143 	0.00402523 	
3.14	0.396427 	-0.176368 	0.0770921 	-0.0115817 	-1.23199 	0.00404319 	
3.145	0.396396 	-0.176366 	0.0770825 	-0.0115718 	-1.23255 	0.00401035 	
3.15	0.396365 	-0.176367 	0.0770739 	-0.0115022 	-1.23311 	0.00393749 	
3.155	0.396333 	-0.176369 	0.0770659 	-0.0113971 	-1.23368 	0.00383356 	
3.16	0.396302 	-0.17637 	0.0770583 	-0.011291 	-1.23424 	0.00372591 	
3.165	0.396271 	-0.176371 	0.0770509 	-0.0112709 	-1.2348 	0.0036786 	
3.17	0.39624 	-0.176371 	0.0770446 	-0.0113573 	-1.23536 	0.00373387 	
3.175	0.39621 	-0.176372 	0.0770386 	-0.0114235 	-1.23592 	0.00372848 	
3.18	0.39618 	-0.17637 	0.0770318 	-0.0115348 	-1.23648 	0.00374171 	
3.185	0.396149 	-0.176371 	0.0770258 	-0.0115572 	-1.23704 	0.00370894 	
3.19	0.396119 	-0.176368 	0.0770191 	-0.0116315 	-1.23761 	0.00371043 	
3.195	0.396089 	-0.176366 	0.0770121 	-0.0117338 	-1.23817 	0.00372958 	
3.2	0.396058 	-0.176363 	0.0770057 	-0.0118907 	-1.23873 	0.00381292 	
3.205	0.396028 	-0.176361 	0.0769997 	-0.0119834 	-1.23929 	0.00388061 	
3.21	0.395997 	-0.176359 	0.0769936 	-0.0120708 	-1.23984 	0.00395417 	
3.215	0.395967 	-0.176354 	0.0769874 	-0.0122332 	-1.24039 	0.00411383 	
3.22	0.395936 	-0.176349 	0.0769813 	-0.0124432 	-1.24094 	0.00432844 	
3.225	0.395905 	-0.176346 	0.0769741 	-0.0125592 	-1.24149 	0.00445361 	
3.23	0.395875 	-0.176342 	0.0769668 	-0.0126512 	-1.24205 	0.00455479 	
3.235	0.395844 	-0.176339 	0.0769598 	-0.0127373 	-1.2426 	0.00463863 	
3.24	0.395813 	-0.17634 	0.0769533 	-0.012686 	-1.24316 	0.00461791 	
3.245	0.395783 	-0.176341 	0.076947 	-0.0125841 	-1.24372 	0.00455361 	
3.25	0.395752 	-0.176341 	0.0769409 	-0.0125218 	-1.24427 	0.00451641 	
3.255	0.395721 	-0.176342 	0.0769348 	-0.0124732 	-1.24483 	0.0044858 	
3.26	0.39569 	-0.176343 	0.076929 	-0.0124279 	-1.24539 	0.00445615 	
3.265	0.39566 	-0.176344 	0.0769234 	-0.0124052 	-1.24594 	0.00444171 	
3.27	0.395629 	-0.176345 	0.0769178 	-0.0124083 	-1.24649 	0.00444638 	
3.275	0.395598 	-0.176345 	0.0769123 	-0.0124332 	-1.24705 	0.00446886 	
3.28	0.395567 	-0.176345 	0.0769069 	-0.0124631 	-1.2476 	0.00449589 	
3.285	0.395536 	-0.176346 	0.0769014 	-0.0124939 	-1.24815 	0.00452425 	
3.29	0.395505 	-0.176346 	0.0768959 	-0.0125365 	-1.24871 	0.00455843 	
3.295	0.395475 	-0.176346 	0.0768903 	-0.012582 	-1.24926 	0.00459318 	
3.3	0.395444 	-0.176346 	0.0768847 	-0.0126284 	-1.24982 	0.0046279 	
3.305	0.395413 	-0.176346 	0.076879 	-0.0126808 	-1.25037 	0.00465954 	
3.31	0.395381 	-0.176351 	0.0768723 	-0.0126038 	-1.25093 	0.00457422 	
3.315	0.395349 	-0.176354 	0.0768647 	-0.0125452 	-1.25148 	0.00449555 	
3.32	0.395317 	-0.176361 	0.0768581 	-0.0122337 	-1.25206 	0.00420362 	
3.325	0.395286 	-0.176366 	0.0768506 	-0.0119675 	-1.25263 	0.0039048 	
3.33	0.395253 	-0.176377 	0.0768422 	-0.0115315 	-1.2532 	0.00346145 	
3.335	0.39522 	-0.176392 	0.0768327 	-0.010953 	-1.25378 	0.00289482 	
3.34	0.395187 	-0.176405 	0.0768233 	-0.0104161 	-1.25436 	0.00236056 	
3.345	0.395153 	-0.176418 	0.0768139 	-0.00992164 	-1.25494 	0.0018566 	
3.35	0.395119 	-0.176429 	0.0768044 	-0.00948316 	-1.25552 	0.00139801 	
3.355	0.395085 	-0.17644 	0.0767949 	-0.00909822 	-1.2561 	0.000987239 	
3.36	0.395051 	-0.176448 	0.0767853 	-0.00881099 	-1.25668 	0.000658623 	
3.365	0.395016 	-0.176464 	0.0767744 	-0.00826657 	-1.25727 	0.000130238 	
3.37	0.394982 	-0.176469 	0.0767658 	-0.00800327 	-1.25785 	-0.000137644 	
3.375	0.394948 	-0.176474 	0.0767576 	-0.00784373 	-1.25842 	-0.000309118 	
3.38	0.394915 	-0.176476 	0.0767508 	-0.00768572 	-1.259 	-0.000466652 	
3.385	0.394883 	-0.176475 	0.0767446 	-0.00763382 	-1.25958 	-0.000528462 	
3.39	0.394851 	-0.176471 	0.0767376 	-0.00772842 	-1.26014 	-0.000454867 	
3.395	0.394819 	-0.176469 	0.0767311 	-0.00776792 	-1.26072 	-0.0004261 	
3.4	0.394787 	-0.176466 	0.0767245 	-0.00778589 	-1.26129 	-0.000412096 	
3.405	0.394756 	-0.176464 	0.076718 	-0.00779901 	-1.26186 	-0.000407166 	
3.41	0.394724 	-0.176462 	0.0767114 	-0.00781172 	-1.26243 	-0.00041021 	
3.415	0.394693 	-0.176462 	0.0767046 	-0.00778828 	-1.26301 	-0.000444492 	
3.42	0.394661 	-0.17646 	0.076696 	-0.00780788 	-1.26357 	-0.000440882 	
3.425	0.394629 	-0.17646 	0.076688 	-0.00777669 	-1.26414 	-0.000460849 	
3.43	0.394598 	-0.17646 	0.0766807 	-0.00773427 	-1.26472 	-0.000503416 	
3.435	0.394566 	-0.17646 	0.0766734 	-0.0077096 	-1.26529 	-0.000543234 	
3.44	0.394534 	-0.176459 	0.0766663 	-0.00771657 	-1.26586 	-0.000577155 	
3.445	0.394503 	-0.176458 	0.0766591 	-0.00774932 	-1.26643 	-0.000604527 	
3.45	0.394471 	-0.176456 	0.0766518 	-0.00780328 	-1.267 	-0.00062603 	
3.455	0.394439 	-0.176454 	0.0766444 	-0.00787535 	-1.26757 	-0.000641649 	
3.46	0.394407 	-0.176453 	0.0766372 	-0.00791558 	-1.26814 	-0.000646917 	
3.465	0.394374 	-0.176452 	0.0766299 	-0.00790796 	-1.26871 	-0.000683725 	
3.47	0.394342 	-0.176449 	0.0766224 	-0.00792239 	-1.26928 	-0.000687029 	
3.475	0.394309 	-0.17645 	0.0766143 	-0.00786568 	-1.26985 	-0.000765312 	
3.48	0.394276 	-0.176445 	0.0766062 	-0.00797346 	-1.27041 	-0.00067888 	
3.485	0.394243 	-0.176441 	0.076598 	-0.00817156 	-1.27097 	-0.000498404 	
3.49	0.39421 	-0.176437 	0.07659 	-0.00836072 	-1.27153 	-0.000293773 	
3.495	0.394177 	-0.176431 	0.076582 	-0.00857617 	-1.27209 	-4.25428e-05 	
3.5	0.394145 	-0.176425 	0.0765739 	-0.00881344 	-1.27266 	0.000207715 	
3.505	0.394111 	-0.176424 	0.0765645 	-0.00882907 	-1.27323 	0.000250454 	
3.51	0.394079 	-0.176419 	0.0765537 	-0.00897537 	-1.2738 	0.000427344 	
3.515	0.394045 	-0.176417 	0.0765438 	-0.00913577 	-1.27437 	0.000606107 	
3.52	0.394012 	-0.176415 	0.0765349 	-0.0092797 	-1.27494 	0.000744493 	
3.525	0.393978 	-0.176413 	0.0765264 	-0.00940333 	-1.27551 	0.000856275 	
3.53	0.393945 	-0.176408 	0.0765177 	-0.00955369 	-1.27608 	0.000990883 	
3.535	0.393911 	-0.176406 	0.0765091 	-0.00963708 	-1.27666 	0.00105591 	
3.54	0.393878 	-0.176398 	0.0765 	-0.00986196 	-1.27723 	0.00125559 	
3.545	0.393845 	-0.176389 	0.0764905 	-0.0102081 	-1.27779 	0.00157319 	
3.55	0.393812 	-0.176383 	0.0764823 	-0.0104774 	-1.27837 	0.00181802 	
3.555	0.39378 	-0.176375 	0.0764748 	-0.0107206 	-1.27894 	0.00204227 	
3.56	0.393747 	-0.176375 	0.0764654 	-0.010703 	-1.27952 	0.0020086 	
3.565	0.393714 	-0.176374 	0.0764552 	-0.010624 	-1.28011 	0.00191526 	
3.57	0.39368 	-0.176377 	0.076444 	-0.0104429 	-1.28069 	0.00170335 	
3.575	0.393646 	-0.176376 	0.076434 	-0.0104036 	-1.28127 	0.00161695 	
3.58	0.393612 	-0.176372 	0.0764235 	-0.0105081 	-1.28185 	0.0017235 	
3.585	0.393578 	-0.176366 	0.0764131 	-0.0108084 	-1.28241 	0.00201433 	
3.59	0.393543 	-0.176364 	0.0764034 	-0.0109197 	-1.28299 	0.00211401 	
3.595	0.393509 	-0.17636 	0.076394 	-0.0109852 	-1.28358 	0.0021686 	
3.6	0.393475 	-0.176357 	0.0763846 	-0.0110251 	-1.28416 	0.00221621 	
3.605	0.393441 	-0.176352 	0.0763745 	-0.0111806 	-1.28474 	0.00237994 	
3.61	0.393406 	-0.17635 	0.0763649 	-0.0112632 	-1.28533 	0.00248285 	
3.615	0.393373 	-0.176348 	0.0763557 	-0.01131 	-1.28591 	0.00255443 	
3.62	0.393339 	-0.176346 	0.0763467 	-0.0113477 	-1.2865 	0.00261674 	
3.625	0.393306 	-0.176345 	0.0763378 	-0.0113831 	-1.28709 	0.00267582 	
3.63	0.393272 	-0.176344 	0.0763291 	-0.0114179 	-1.28767 	0.00273355 	
3.635	0.39324 	-0.17634 	0.0763206 	-0.0115044 	-1.28825 	0.00284712 	
3.64	0.393207 	-0.176335 	0.0763124 	-0.0116848 	-1.28883 	0.00305652 	
3.645	0.393175 	-0.176332 	0.0763039 	-0.0118584 	-1.2894 	0.00325319 	
3.65	0.393142 	-0.17633 	0.0762952 	-0.0120064 	-1.28997 	0.00342453 	
3.655	0.39311 	-0.176327 	0.0762865 	-0.0121258 	-1.29055 	0.00356615 	
3.66	0.393077 	-0.176326 	0.0762778 	-0.0122163 	-1.29112 	0.003678 	
3.665	0.393045 	-0.176325 	0.076269 	-0.0122788 	-1.2917 	0.00376104 	
3.67	0.393012 	-0.176324 	0.0762601 	-0.0123202 	-1.29228 	0.00382446 	
3.675	0.392979 	-0.176324 	0.076251 	-0.0123396 	-1.29286 	0.00386445 	
3.68	0.392945 	-0.176323 	0.0762415 	-0.0123537 	-1.29344 	0.00389893 	
3.685	0.392911 	-0.176323 	0.0762319 	-0.0123666 	-1.29403 	0.00393175 	
3.69	0.392878 	-0.176324 	0.0762225 	-0.0123331 	-1.29461 	0.00393859 	
3.695	0.392885 	-0.176328 	0.0762542 	-0.012342 	-1.29505 	0.00395332 	
3.7	0.392883 	-0.176346 	0.0762822 	-0.0123574 	-1.29548 	0.00389137 	
3.705	0.392882 	-0.17635 	0.0763047 	-0.0123872 	-1.2959 	0.00386079 	
3.71	0.392879 	-0.17635 	0.0763223 	-0.0124753 	-1.29631 	0.0038843 	
3.715	0.392872 	-0.17635 	0.0763358 	-0.012492 	-1.29672 	0.00388126 	
3.72	0.392863 	-0.176346 	0.0763452 	-0.0126671 	-1.29714 	0.00402861 	
3.725	0.392851 	-0.17634 	0.076351 	-0.0129812 	-1.29756 	0.00431972 	
3.73	0.392835 	-0.176331 	0.076354 	-0.0133764 	-1.29798 	0.00471354 	
3.735	0.392817 	-0.176321 	0.0763544 	-0.0138302 	-1.29842 	0.00517959 	
3.74	0.392796 	-0.176312 	0.0763525 	-0.01424 	-1.29888 	0.00560327 	
3.745	0.392774 	-0.176302 	0.0763487 	-0.0146336 	-1.29935 	0.00601367 	
3.75	0.392749 	-0.176292 	0.0763432 	-0.0150233 	-1.29983 	0.00641992 	
3.755	0.392722 	-0.176282 	0.0763362 	-0.015432 	-1.30033 	0.00684522 	
3.76	0.392693 	-0.176272 	0.0763279 	-0.0158592 	-1.30084 	0.00728862 	
3.765	0.392663 	-0.176269 	0.07632 	-0.0160022 	-1.30137 	0.00743897 	
3.77	0.392633 	-0.176267 	0.076312 	-0.0160223 	-1.30192 	0.0074706 	
3.775	0.392601 	-0.176265 	0.0763039 	-0.0160174 	-1.30246 	0.00746806 	
3.78	0.39257 	-0.176266 	0.0762963 	-0.0160431 	-1.30302 	0.0074787 	
3.785	0.392538 	-0.176266 	0.0762879 	-0.0161333 	-1.30358 	0.00753433 	
3.79	0.392505 	-0.176266 	0.0762792 	-0.0162425 	-1.30414 	0.00760503 	
3.795	0.392472 	-0.176266 	0.0762703 	-0.0163562 	-1.30471 	0.00768084 	
3.8	0.392438 	-0.176265 	0.076261 	-0.0164708 	-1.30528 	0.00775848 	
3.805	0.392405 	-0.176265 	0.0762516 	-0.0165854 	-1.30585 	0.00783699 	
3.81	0.392379 	-0.176264 	0.0762494 	-0.0167248 	-1.30639 	0.00798886 	
3.815	0.392351 	-0.176267 	0.0762463 	-0.0168423 	-1.30693 	0.00807429 	
3.82	0.392323 	-0.176264 	0.0762412 	-0.0170579 	-1.30746 	0.00828732 	
3.825	0.392293 	-0.176261 	0.076235 	-0.0172302 	-1.308 	0.0084654 	
3.83	0.392265 	-0.176257 	0.0762296 	-0.0174115 	-1.30855 	0.00866356 	
3.835	0.392236 	-0.176254 	0.0762231 	-0.0175525 	-1.30909 	0.00881952 	
3.84	0.392205 	-0.176252 	0.0762156 	-0.0176753 	-1.30964 	0.00894966 	
3.845	0.392174 	-0.176249 	0.0762076 	-0.0177898 	-1.3102 	0.0090652 	
3.85	0.392142 	-0.176247 	0.0761992 	-0.0179019 	-1.31075 	0.00917505 	
3.855	0.39211 	-0.176246 	0.0761909 	-0.0179501 	-1.31132 	0.00922558 	
3.86	0.392077 	-0.176244 	0.0761822 	-0.0180283 	-1.31188 	0.00930265 	
3.865	0.392043 	-0.176243 	0.0761731 	-0.0180968 	-1.31245 	0.00936835 	
3.87	0.392009 	-0.176242 	0.0761637 	-0.0181526 	-1.31303 	0.00941612 	
3.875	0.391975 	-0.17624 	0.0761539 	-0.0182396 	-1.31361 	0.00948052 	
3.88	0.391941 	-0.176239 	0.0761438 	-0.0183374 	-1.31419 	0.00955124 	
3.885	0.391906 	-0.176237 	0.0761335 	-0.0184406 	-1.31477 	0.00962639 	
3.89	0.391871 	-0.176237 	0.0761225 	-0.018466 	-1.31536 	0.00962093 	
3.895	0.391835 	-0.176235 	0.0761117 	-0.0184993 	-1.31595 	0.00964611 	
3.9	0.391799 	-0.176235 	0.0761009 	-0.0185348 	-1.31654 	0.00967769 	
3.905	0.391763 	-0.176234 	0.07609 	-0.0185712 	-1.31714 	0.00971117 	
3.91	0.391726 	-0.176233 	0.0760781 	-0.0186498 	-1.31773 	0.00981472 	
3.915	0.391689 	-0.176231 	0.0760658 	-0.0187268 	-1.31833 	0.00992194 	
3.92	0.391652 	-0.176229 	0.0760531 	-0.0188283 	-1.31892 	0.0100607 	
3.925	0.391617 	-0.176225 	0.0760417 	-0.0190643 	-1.31951 	0.0103275 	
3.93	0.391582 	-0.176223 	0.0760312 	-0.019334 	-1.32009 	0.0106209 	
3.935	0.391549 	-0.17622 	0.0760214 	-0.0195942 	-1.32066 	0.0108804 	
3.94	0.391514 	-0.176218 	0.0760112 	-0.0198081 	-1.32124 	0.0110906 	
3.945	0.39148 	-0.176216 	0.0760013 	-0.0198754 	-1.32183 	0.0111612 	
3.95	0.391445 	-0.176214 	0.0759912 	-0.0199136 	-1.32241 	0.0111923 	
3.955	0.39141 	-0.176212 	0.075981 	-0.0199398 	-1.32301 	0.0112204 	
3.96	0.391375 	-0.176212 	0.0759701 	-0.0199079 	-1.3236 	0.011183 	
3.965	0.391339 	-0.17621 	0.0759581 	-0.0199623 	-1.3242 	0.0112032 	
3.97	0.391303 	-0.176208 	0.075946 	-0.0200415 	-1.3248 	0.0112487 	
3.975	0.391267 	-0.176207 	0.0759346 	-0.0200505 	-1.3254 	0.0112462 	
3.98	0.39123 	-0.176207 	0.075923 	-0.0200151 	-1.326 	0.0112014 	
3.985	0.391194 	-0.176206 	0.0759113 	-0.0199748 	-1.32659 	0.0111612 	
3.99	0.391157 	-0.176206 	0.0758997 	-0.0199603 	-1.32719 	0.01116 	
3.995	0.39112 	-0.176206 	0.0758881 	-0.0199453 	-1.32779 	0.0111621 	
4	0.391084 	-0.176205 	0.0758767 	-0.0199524 	-1.32838 	0.0111882 	
4.005	0.391047 	-0.176204 	0.0758653 	-0.0200124 	-1.32898 	0.0112563 	
4.01	0.39101 	-0.176204 	0.0758532 	-0.0199704 	-1.32958 	0.0112287 	
4.015	0.390978 	-0.176205 	0.0758444 	-0.0198536 	-1.33017 	0.0111402 	
4.02	0.39095 	-0.176208 	0.0758395 	-0.0197247 	-1.33073 	0.0110345 	
4.025	0.390921 	-0.176212 	0.0758344 	-0.0195959 	-1.3313 	0.0109212 	
4.03	0.390893 	-0.176215 	0.075829 	-0.0194764 	-1.33186 	0.0108182 	
4.035	0.390864 	-0.176215 	0.0758219 	-0.0194399 	-1.33241 	0.0107798 	
4.04	0.390838 	-0.176217 	0.0758182 	-0.0193309 	-1.33296 	0.0106978 	
4.045	0.39081 	-0.176219 	0.0758132 	-0.0192859 	-1.3335 	0.0106512 	
4.05	0.390782 	-0.176219 	0.0758073 	-0.0192564 	-1.33404 	0.0106118 	
4.055	0.390754 	-0.17622 	0.0758009 	-0.0192062 	-1.33459 	0.010548 	
4.06	0.390725 	-0.17622 	0.0757938 	-0.0191553 	-1.33515 	0.0104759 	
4.065	0.390696 	-0.176222 	0.0757879 	-0.0190382 	-1.33571 	0.0103548 	
4.07	0.390666 	-0.176222 	0.0757809 	-0.018997 	-1.33627 	0.0102896 	
4.075	0.390636 	-0.176222 	0.0757725 	-0.0190328 	-1.33683 	0.0102917 	
4.08	0.390604 	-0.176221 	0.0757632 	-0.0191524 	-1.33739 	0.0103928 	
4.085	0.390571 	-0.176217 	0.0757518 	-0.0193853 	-1.33796 	0.0106129 	
4.09	0.390537 	-0.176213 	0.0757389 	-0.0196922 	-1.33853 	0.0109102 	
4.095	0.390502 	-0.176208 	0.0757257 	-0.0200246 	-1.33911 	0.0112653 	
4.1	0.390467 	-0.176201 	0.0757121 	-0.0204052 	-1.33969 	0.0116795 	
4.105	0.390455 	-0.176199 	0.0757146 	-0.020564 	-1.34005 	0.0118582 	
4.11	0.390434 	-0.17621 	0.0757161 	-0.0206334 	-1.34044 	0.0118865 	
4.115	0.390416 	-0.17621 	0.0757165 	-0.0206788 	-1.34087 	0.0119143 	
4.12	0.390396 	-0.17621 	0.0757158 	-0.0207153 	-1.34131 	0.0119344 	
4.125	0.390374 	-0.176206 	0.0757118 	-0.0209126 	-1.34177 	0.0121263 	
4.13	0.39035 	-0.176203 	0.0757074 	-0.0209765 	-1.34224 	0.0121935 	
4.135	0.390325 	-0.176198 	0.0757009 	-0.0212148 	-1.34273 	0.0124411 	
4.14	0.390298 	-0.176191 	0.0756918 	-0.0215678 	-1.34322 	0.0128136 	
4.145	0.390268 	-0.176182 	0.0756807 	-0.0220278 	-1.34374 	0.0132859 	
4.15	0.390243 	-0.176178 	0.0756752 	-0.022097 	-1.34421 	0.0133704 	
4.155	0.390217 	-0.176174 	0.0756691 	-0.0221964 	-1.3447 	0.0134722 	
4.16	0.39019 	-0.17617 	0.0756625 	-0.0222802 	-1.3452 	0.0135464 	
4.165	0.390163 	-0.176166 	0.0756554 	-0.0223613 	-1.34572 	0.0136146 	
4.17	0.390135 	-0.176164 	0.0756495 	-0.0223694 	-1.34625 	0.0136125 	
4.175	0.390108 	-0.176163 	0.0756442 	-0.0223612 	-1.34679 	0.0135941 	
4.18	0.39008 	-0.176163 	0.0756394 	-0.0223514 	-1.34732 	0.0135713 	
4.185	0.390053 	-0.176163 	0.075635 	-0.022341 	-1.34786 	0.013546 	
4.19	0.390026 	-0.176164 	0.0756308 	-0.0223283 	-1.3484 	0.0135166 	
4.195	0.389999 	-0.176166 	0.0756271 	-0.0223114 	-1.34894 	0.0134817 	
4.2	0.389971 	-0.176166 	0.075622 	-0.0223696 	-1.34948 	0.0135167 	
4.205	0.389942 	-0.176166 	0.0756161 	-0.0224477 	-1.35003 	0.0135695 	
4.21	0.389912 	-0.176165 	0.0756096 	-0.0225319 	-1.35058 	0.0136286 	
4.215	0.389882 	-0.176163 	0.0756022 	-0.0226446 	-1.35113 	0.0137197 	
4.22	0.389852 	-0.176161 	0.0755947 	-0.0227789 	-1.35169 	0.0138314 	
4.225	0.389821 	-0.176159 	0.0755873 	-0.0229034 	-1.35225 	0.0139322 	
4.23	0.389791 	-0.176158 	0.07558 	-0.023011 	-1.35281 	0.0140151 	
4.235	0.38976 	-0.176157 	0.0755728 	-0.0231006 	-1.35337 	0.0140789 	
4.24	0.389727 	-0.176162 	0.075561 	-0.0227813 	-1.35395 	0.013748 	
4.245	0.389693 	-0.176166 	0.0755466 	-0.0223105 	-1.35453 	0.0132725 	
4.25	0.38966 	-0.176168 	0.0755344 	-0.0220248 	-1.35512 	0.0129629 	
4.255	0.389626 	-0.176172 	0.0755234 	-0.0217869 	-1.3557 	0.0126912 	
4.26	0.389592 	-0.176176 	0.0755132 	-0.0215624 	-1.35629 	0.0124316 	
4.265	0.389559 	-0.17618 	0.0755037 	-0.0213425 	-1.35687 	0.0121764 	
4.27	0.389526 	-0.176183 	0.0754948 	-0.0211253 	-1.35746 	0.0119237 	
4.275	0.389493 	-0.176187 	0.0754863 	-0.0209102 	-1.35805 	0.0116729 	
4.28	0.38946 	-0.176191 	0.0754784 	-0.0206969 	-1.35863 	0.0114241 	
4.285	0.389428 	-0.176194 	0.0754708 	-0.0204856 	-1.35922 	0.0111771 	
4.29	0.389396 	-0.176197 	0.0754636 	-0.0202816 	-1.3598 	0.0109377 	
4.295	0.389364 	-0.176201 	0.0754565 	-0.0200886 	-1.36038 	0.0107093 	
4.3	0.389333 	-0.176204 	0.0754498 	-0.0199067 	-1.36096 	0.0104922 	
4.305	0.389301 	-0.176207 	0.0754432 	-0.0197356 	-1.36154 	0.0102859 	
4.31	0.38927 	-0.17621 	0.0754367 	-0.0195745 	-1.36212 	0.0100899 	
4.315	0.389239 	-0.176213 	0.0754305 	-0.019423 	-1.3627 	0.00990356 	
4.32	0.389208 	-0.176215 	0.0754243 	-0.0192803 	-1.36328 	0.00972622 	
4.325	0.389176 	-0.176218 	0.0754183 	-0.0191461 	-1.36386 	0.00955744 	
4.33	0.389146 	-0.176221 	0.0754126 	-0.0189842 	-1.36444 	0.00936246 	
4.335	0.389114 	-0.176224 	0.0754069 	-0.0187986 	-1.36501 	0.00916156 	
4.34	0.389083 	-0.176227 	0.0754011 	-0.0186056 	-1.36559 	0.00895821 	
4.345	0.389051 	-0.176231 	0.0753951 	-0.0184092 	-1.36616 	0.00875227 	
4.35	0.389019 	-0.176234 	0.075389 	-0.0182103 	-1.36674 	0.00854396 	
4.355	0.388987 	-0.176237 	0.0753827 	-0.018009 	-1.36732 	0.00833332 	
4.36	0.388954 	-0.176241 	0.0753764 	-0.0178056 	-1.3679 	0.00812037 	
4.365	0.388922 	-0.176244 	0.0753698 	-0.0175998 	-1.36848 	0.00790509 	
4.37	0.388889 	-0.176245 	0.075361 	-0.0176693 	-1.36905 	0.00796158 	
4.375	0.388855 	-0.176246 	0.0753509 	-0.0178255 	-1.36963 	0.0081008 	
4.38	0.388821 	-0.176246 	0.0753401 	-0.0180049 	-1.37022 	0.008266 	
4.385	0.388787 	-0.176246 	0.0753288 	-0.0181915 	-1.37081 	0.00844042 	
4.39	0.388751 	-0.176245 	0.075317 	-0.0183815 	-1.3714 	0.00861962 	
4.395	0.388716 	-0.176247 	0.0753073 	-0.0182668 	-1.372 	0.00849665 	
4.4	0.388682 	-0.176248 	0.0752984 	-0.0180532 	-1.3726 	0.00827851 	
4.405	0.388647 	-0.176251 	0.07529 	-0.0178128 	-1.3732 	0.00803162 	
4.41	0.388614 	-0.176256 	0.0752819 	-0.0174474 	-1.37379 	0.00765954 	
4.415	0.388581 	-0.176263 	0.0752746 	-0.0169941 	-1.37438 	0.00720227 	
4.42	0.388551 	-0.17627 	0.0752688 	-0.0165349 	-1.37495 	0.00673996 	
4.425	0.388522 	-0.176277 	0.0752646 	-0.0160974 	-1.37551 	0.00630122 	
4.43	0.388493 	-0.176282 	0.0752592 	-0.0158089 	-1.37607 	0.00600389 	
4.435	0.388461 	-0.176287 	0.0752506 	-0.0154944 	-1.37663 	0.00564893 	
4.44	0.388429 	-0.176291 	0.07524 	-0.0151757 	-1.3772 	0.00528586 	
4.445	0.388395 	-0.176294 	0.075228 	-0.0149145 	-1.37777 	0.00498172 	
4.45	0.38836 	-0.176298 	0.0752145 	-0.0146352 	-1.37836 	0.00468893 	
4.455	0.388324 	-0.176301 	0.0752001 	-0.0143612 	-1.37895 	0.00441037 	
4.46	0.388287 	-0.176307 	0.075186 	-0.0139059 	-1.37955 	0.00395229 	
4.465	0.38825 	-0.176313 	0.0751723 	-0.0134061 	-1.38016 	0.00345418 	
4.47	0.388213 	-0.17632 	0.0751589 	-0.0128768 	-1.38077 	0.00292752 	
4.475	0.388176 	-0.176327 	0.0751467 	-0.0123134 	-1.38138 	0.00237004 	
4.48	0.38814 	-0.176333 	0.0751342 	-0.0118241 	-1.38199 	0.00188303 	
4.485	0.388101 	-0.176343 	0.0751178 	-0.0110642 	-1.38261 	0.00112655 	
4.49	0.388061 	-0.176353 	0.0750999 	-0.0101525 	-1.38322 	0.000199808 	
4.495	0.388021 	-0.176363 	0.0750824 	-0.00926767 	-1.38385 	-0.000719205 	
4.5	0.388024 	-0.176368 	0.0751009 	-0.00899752 	-1.38416 	-0.00100453 	
4.505	0.388011 	-0.176396 	0.0751151 	-0.00855428 	-1.38452 	-0.0015269 	
4.51	0.388002 	-0.176404 	0.0751248 	-0.00815054 	-1.38491 	-0.00194373 	
4.515	0.38799 	-0.176411 	0.0751305 	-0.00775893 	-1.38532 	-0.00234058 	
4.52	0.387975 	-0.176416 	0.0751336 	-0.00744377 	-1.38574 	-0.00265773 	
4.525	0.387957 	-0.17642 	0.0751343 	-0.00713607 	-1.38619 	-0.00296748 	
4.53	0.387936 	-0.176425 	0.0751328 	-0.00679065 	-1.38665 	-0.00331299 	
4.535	0.387913 	-0.17643 	0.0751293 	-0.00642032 	-1.38713 	-0.0036825 	
4.54	0.387888 	-0.176435 	0.075124 	-0.00602908 	-1.38763 	-0.00407279 	
4.545	0.387861 	-0.176441 	0.0751172 	-0.00561631 	-1.38814 	-0.00448462 	
4.55	0.387832 	-0.176446 	0.0751091 	-0.00518187 	-1.38867 	-0.00491801 	
4.555	0.387801 	-0.176452 	0.0750998 	-0.00472814 	-1.38921 	-0.00537056 	
4.56	0.387768 	-0.17646 	0.0750875 	-0.00407617 	-1.38976 	-0.00602203 	
4.565	0.387734 	-0.176468 	0.075074 	-0.00341618 	-1.39033 	-0.00671448 	
4.57	0.387698 	-0.176476 	0.0750595 	-0.00274576 	-1.3909 	-0.00742547 	
4.575	0.387661 	-0.176484 	0.0750443 	-0.00206165 	-1.39149 	-0.008152 	
4.58	0.387622 	-0.176493 	0.0750282 	-0.00135828 	-1.39209 	-0.00889903 	
4.585	0.387583 	-0.176502 	0.0750115 	-0.000633894 	-1.39269 	-0.00966801 	
4.59	0.387543 	-0.176511 	0.074994 	0.000111757 	-1.39331 	-0.0104591 	
4.595	0.387502 	-0.17652 	0.0749761 	0.000886051 	-1.39393 	-0.0112792 	
4.6	0.38746 	-0.176524 	0.0749573 	0.00140154 	-1.39455 	-0.0118286 	
4.605	0.387417 	-0.176529 	0.0749377 	0.00181572 	-1.39518 	-0.0122756 	
4.61	0.387376 	-0.176532 	0.0749197 	0.00223928 	-1.39581 	-0.0127456 	
4.615	0.387388 	-0.176538 	0.0749557 	0.00238134 	-1.39622 	-0.0129093 	
4.62	0.387388 	-0.176562 	0.0749862 	0.00258413 	-1.39663 	-0.0131783 	
4.625	0.387391 	-0.176569 	0.0750104 	0.0027125 	-1.39701 	-0.0133312 	
4.63	0.387389 	-0.176576 	0.0750275 	0.00302521 	-1.3974 	-0.0136566 	
4.635	0.387382 	-0.176583 	0.0750387 	0.00341024 	-1.39779 	-0.0140766 	
4.64	0.387372 	-0.176587 	0.0750441 	0.00368005 	-1.3982 	-0.0144289 	
4.645	0.387361 	-0.176591 	0.075051 	0.00388856 	-1.3986 	-0.0146893 	
4.65	0.387355 	-0.176596 	0.0750638 	0.00397445 	-1.39898 	-0.0148126 	
4.655	0.387352 	-0.176602 	0.0750744 	0.00392347 	-1.39927 	-0.0147899 	
4.66	0.387342 	-0.176609 	0.0750818 	0.00383374 	-1.3996 	-0.014727 	
4.665	0.387331 	-0.17661 	0.0750863 	0.00370465 	-1.39996 	-0.0146121 	
4.67	0.387318 	-0.17661 	0.0750883 	0.00354015 	-1.40035 	-0.0144605 	
4.675	0.387301 	-0.17661 	0.0750882 	0.00335789 	-1.40076 	-0.0142908 	
4.68	0.387283 	-0.176608 	0.0750863 	0.0032552 	-1.4012 	-0.0141899 	
4.685	0.387262 	-0.176605 	0.0750829 	0.00309687 	-1.40165 	-0.0140353 	
4.69	0.38724 	-0.176603 	0.0750784 	0.00294193 	-1.40213 	-0.0138855 	
4.695	0.387218 	-0.176604 	0.0750753 	0.00296743 	-1.40261 	-0.0138868 	
4.7	0.387196 	-0.176604 	0.0750722 	0.00305062 	-1.4031 	-0.0139596 	
4.705	0.387172 	-0.176605 	0.0750673 	0.00315998 	-1.40361 	-0.0140455 	
4.71	0.387146 	-0.176605 	0.0750608 	0.00327936 	-1.40413 	-0.014136 	
4.715	0.387118 	-0.176605 	0.075053 	0.00340489 	-1.40466 	-0.0142306 	
4.72	0.387089 	-0.176605 	0.0750443 	0.00354586 	-1.40521 	-0.0143303 	
4.725	0.38706 	-0.176606 	0.075035 	0.00369363 	-1.40576 	-0.0144342 	
4.73	0.38703 	-0.176607 	0.0750251 	0.00384573 	-1.40632 	-0.014541 	
4.735	0.386999 	-0.176607 	0.0750147 	0.00400138 	-1.40689 	-0.0146505 	
4.74	0.386967 	-0.176608 	0.0750039 	0.00416026 	-1.40746 	-0.0147626 	
4.745	0.386935 	-0.176608 	0.0749927 	0.00432312 	-1.40804 	-0.0148769 	
4.75	0.386904 	-0.17661 	0.0749832 	0.00458206 	-1.40863 	-0.0151003 	
4.755	0.386874 	-0.176612 	0.0749752 	0.00488892 	-1.4092 	-0.015377 	
4.76	0.386845 	-0.176615 	0.0749684 	0.00521509 	-1.40978 	-0.0156753 	
4.765	0.386816 	-0.176617 	0.0749604 	0.00542038 	-1.41036 	-0.0158404 	
4.77	0.386786 	-0.176619 	0.0749521 	0.00557149 	-1.41093 	-0.0159595 	
4.775	0.386755 	-0.176621 	0.0749437 	0.00576358 	-1.4115 	-0.0161233 	
4.78	0.386725 	-0.176621 	0.074935 	0.00580536 	-1.41207 	-0.0161372 	
4.785	0.386695 	-0.176621 	0.0749262 	0.00574441 	-1.41264 	-0.0160571 	
4.79	0.386664 	-0.176619 	0.0749159 	0.00548572 	-1.41321 	-0.0157923 	
4.795	0.386631 	-0.176615 	0.0749043 	0.00512792 	-1.41378 	-0.015433 	
4.8	0.386598 	-0.17661 	0.0748916 	0.00472373 	-1.41437 	-0.0150264 	
4.805	0.386564 	-0.176605 	0.0748779 	0.0042951 	-1.41495 	-0.0145933 	
4.81	0.386529 	-0.1766 	0.0748637 	0.00391206 	-1.41555 	-0.0142021 	
4.815	0.386493 	-0.176595 	0.0748493 	0.0035843 	-1.41615 	-0.0138639 	
4.82	0.386458 	-0.17659 	0.0748346 	0.00331458 	-1.41676 	-0.0135813 	
4.825	0.386421 	-0.176586 	0.0748196 	0.00310247 	-1.41737 	-0.0133572 	
4.83	0.386385 	-0.176582 	0.0748049 	0.00295129 	-1.41798 	-0.0131916 	
4.835	0.386395 	-0.176583 	0.0748301 	0.00290352 	-1.41828 	-0.0131434 	
4.84	0.386392 	-0.176599 	0.0748509 	0.00281701 	-1.4186 	-0.0130991 	
4.845	0.38639 	-0.176601 	0.0748667 	0.00269159 	-1.41895 	-0.0129785 	
4.85	0.386386 	-0.176601 	0.0748789 	0.00270931 	-1.41932 	-0.012986 	
4.855	0.386378 	-0.176601 	0.074888 	0.00276667 	-1.4197 	-0.0130262 	
4.86	0.386367 	-0.1766 	0.0748931 	0.00285764 	-1.42011 	-0.0131012 	
4.865	0.386352 	-0.176599 	0.0748949 	0.00296537 	-1.42054 	-0.0131902 	
4.87	0.386333 	-0.176601 	0.0748919 	0.00337054 	-1.42099 	-0.0136066 	
4.875	0.38631 	-0.176605 	0.0748847 	0.00402147 	-1.42148 	-0.0142759 	
4.88	0.386284 	-0.176611 	0.0748736 	0.00492363 	-1.42198 	-0.0152007 	
4.885	0.386253 	-0.17662 	0.074859 	0.00606925 	-1.42252 	-0.0163721 	
4.89	0.38622 	-0.176632 	0.0748414 	0.00744484 	-1.42307 	-0.017776 	
4.895	0.386184 	-0.176646 	0.0748212 	0.00903622 	-1.42365 	-0.0193982 	
4.9	0.386148 	-0.176652 	0.0748033 	0.00997341 	-1.42424 	-0.0204639 	
4.905	0.386109 	-0.176658 	0.0747856 	0.0106092 	-1.42484 	-0.021262 	
4.91	0.386072 	-0.176661 	0.074769 	0.0107901 	-1.42544 	-0.0214795 	
4.915	0.386034 	-0.176665 	0.0747531 	0.0109686 	-1.42605 	-0.0216512 	
4.92	0.385997 	-0.176668 	0.0747379 	0.0111496 	-1.42665 	-0.0218093 	
4.925	0.38596 	-0.176671 	0.074723 	0.0113324 	-1.42727 	-0.0219648 	
4.93	0.385923 	-0.176672 	0.0747083 	0.0115172 	-1.42788 	-0.0221206 	
4.935	0.385887 	-0.176674 	0.074694 	0.0117035 	-1.42849 	-0.022277 	
4.94	0.3859 	-0.176681 	0.0747307 	0.0117892 	-1.4289 	-0.0223726 	
4.945	0.385902 	-0.176702 	0.0747615 	0.0121895 	-1.42931 	-0.0229066 	
4.95	0.385921 	-0.176711 	0.0748059 	0.0126021 	-1.42973 	-0.0233889 	
4.955	0.385934 	-0.176722 	0.0748418 	0.0129917 	-1.43011 	-0.0238077 	
4.96	0.385943 	-0.176725 	0.07487 	0.0130195 	-1.43047 	-0.0238584 	
4.965	0.385955 	-0.176729 	0.074902 	0.012919 	-1.43082 	-0.0237804 	
4.97	0.385964 	-0.176732 	0.0749305 	0.0126659 	-1.43115 	-0.023537 	
4.975	0.385969 	-0.176737 	0.0749518 	0.0128474 	-1.43145 	-0.023742 	
4.98	0.385969 	-0.176742 	0.0749662 	0.013291 	-1.43178 	-0.0241894 	
4.985	0.385964 	-0.17675 	0.074974 	0.0140868 	-1.43213 	-0.0250163 	
4.99	0.385955 	-0.176751 	0.0749789 	0.0143864 	-1.43251 	-0.0253097 	
4.995	0.38594 	-0.176751 	0.0749802 	0.0144367 	-1.4329 	-0.0253456 	
5	0.385921 	-0.176751 	0.0749785 	0.0145714 	-1.43333 	-0.0254623 	
5.005	0.385899 	-0.176752 	0.0749732 	0.0149264 	-1.43379 	-0.0258017 	
5.01	0.385874 	-0.176751 	0.0749647 	0.0152058 	-1.43427 	-0.026074 	
5.015	0.385846 	-0.17675 	0.0749536 	0.0154474 	-1.43477 	-0.0263126 	
5.02	0.385815 	-0.17675 	0.0749406 	0.0157004 	-1.4353 	-0.0265502 	
5.025	0.385782 	-0.176752 	0.0749257 	0.0162255 	-1.43585 	-0.0270787 	
5.03	0.385747 	-0.176751 	0.0749103 	0.0164198 	-1.43642 	-0.0272707 	
5.035	0.385709 	-0.176756 	0.074893 	0.0169732 	-1.43701 	-0.0278357 	
5.04	0.385671 	-0.176756 	0.0748764 	0.0176529 	-1.43762 	-0.0285125 	
5.045	0.385633 	-0.176755 	0.0748599 	0.0180117 	-1.43824 	-0.0288604 	
5.05	0.385593 	-0.176755 	0.0748428 	0.018322 	-1.43886 	-0.0291594 	
5.055	0.385552 	-0.176754 	0.0748256 	0.0186343 	-1.43949 	-0.0294541 	
5.06	0.385513 	-0.17675 	0.0748097 	0.0194258 	-1.44014 	-0.030213 	
5.065	0.385494 	-0.176744 	0.0748127 	0.0198117 	-1.44069 	-0.0305627 	
5.07	0.385469 	-0.176749 	0.0748128 	0.0203416 	-1.44124 	-0.0310915 	
5.075	0.385445 	-0.176746 	0.074811 	0.0207596 	-1.44179 	-0.0314959 	
5.08	0.385419 	-0.176741 	0.0748064 	0.020956 	-1.44234 	-0.0316879 	
5.085	0.385392 	-0.176737 	0.074802 	0.0211608 	-1.44289 	-0.031939 	
5.09	0.385364 	-0.176731 	0.0747974 	0.0213691 	-1.44342 	-0.0322319 	
5.095	0.385335 	-0.176726 	0.0747904 	0.0215568 	-1.44397 	-0.0324179 	
5.1	0.385305 	-0.176722 	0.0747812 	0.0217458 	-1.44453 	-0.0325767 	
5.105	0.385273 	-0.176718 	0.0747702 	0.0219406 	-1.44511 	-0.0327333 	
5.11	0.385239 	-0.176715 	0.0747575 	0.0221418 	-1.44569 	-0.0328939 	
5.115	0.385203 	-0.176712 	0.0747427 	0.0225133 	-1.44629 	-0.0332484 	
5.12	0.385166 	-0.176709 	0.0747265 	0.0228876 	-1.4469 	-0.0336103 	
5.125	0.38513 	-0.176706 	0.0747137 	0.023463 	-1.44752 	-0.0342022 	
5.13	0.385099 	-0.176698 	0.0747043 	0.0235484 	-1.44806 	-0.0343631 	
5.135	0.385092 	-0.176698 	0.0747202 	0.0235123 	-1.44849 	-0.0343574 	
5.14	0.385065 	-0.176709 	0.0747121 	0.0239162 	-1.44888 	-0.0347991 	
5.145	0.385032 	-0.17671 	0.0746944 	0.0243226 	-1.44932 	-0.035215 	
5.15	0.384995 	-0.176708 	0.0746741 	0.0243363 	-1.44978 	-0.0352341 	
5.155	0.384987 	-0.176711 	0.0746847 	0.0242853 	-1.45012 	-0.0351997 	
5.16	0.384982 	-0.176725 	0.074701 	0.0242054 	-1.45042 	-0.0351537 	
5.165	0.38497 	-0.176736 	0.0747094 	0.0244934 	-1.45076 	-0.0354652 	
5.17	0.384954 	-0.176739 	0.0747099 	0.0246701 	-1.45113 	-0.0356496 	
5.175	0.38493 	-0.17674 	0.0747032 	0.0247685 	-1.45154 	-0.0357531 	
5.18	0.3849 	-0.176741 	0.0746903 	0.0248905 	-1.45199 	-0.0358753 	
5.185	0.384864 	-0.176741 	0.0746722 	0.0250718 	-1.45247 	-0.0360323 	
5.19	0.384825 	-0.176739 	0.074652 	0.025152 	-1.45298 	-0.0360916 	
5.195	0.384792 	-0.176738 	0.0746385 	0.0250124 	-1.45348 	-0.0359523 	
5.2	0.384753 	-0.176739 	0.0746212 	0.0248623 	-1.454 	-0.0358005 	
5.205	0.38473 	-0.176739 	0.0746185 	0.0246809 	-1.45447 	-0.0356282 	
5.21	0.38471 	-0.176743 	0.0746209 	0.0242112 	-1.4549 	-0.0351806 	
5.215	0.384686 	-0.176747 	0.074619 	0.0240935 	-1.45536 	-0.0350766 	
5.22	0.384661 	-0.176747 	0.074614 	0.0241254 	-1.45584 	-0.035097 	
5.225	0.384633 	-0.176746 	0.074606 	0.0241421 	-1.45632 	-0.035103 	
5.23	0.384601 	-0.176744 	0.0745944 	0.0241554 	-1.45683 	-0.0350912 	
5.235	0.384578 	-0.17674 	0.0745899 	0.0237139 	-1.45729 	-0.0346443 	
5.24	0.38457 	-0.176743 	0.0746027 	0.0232909 	-1.45766 	-0.0342383 	
5.245	0.38456 	-0.17675 	0.0746122 	0.0231001 	-1.45797 	-0.034073 	
5.25	0.384547 	-0.176754 	0.0746163 	0.0230062 	-1.4583 	-0.0339849 	
5.255	0.384536 	-0.176755 	0.0746218 	0.0229083 	-1.45862 	-0.0338917 	
5.26	0.38452 	-0.176758 	0.0746201 	0.0229418 	-1.45892 	-0.033922 	
5.265	0.38451 	-0.176761 	0.0746252 	0.022923 	-1.45922 	-0.0339139 	
5.27	0.38449 	-0.176765 	0.0746228 	0.0229748 	-1.45958 	-0.0339658 	
5.275	0.384465 	-0.176766 	0.0746135 	0.0230526 	-1.45998 	-0.0340284 	
5.28	0.384434 	-0.176765 	0.0745982 	0.0231424 	-1.46042 	-0.0340948 	
5.285	0.384416 	-0.176765 	0.0745993 	0.0230304 	-1.46085 	-0.0339832 	
5.29	0.384411 	-0.176772 	0.0746152 	0.0229888 	-1.46119 	-0.033962 	
5.295	0.384397 	-0.176782 	0.0746224 	0.0231087 	-1.46156 	-0.0340953 	
5.3	0.384378 	-0.176787 	0.0746205 	0.0235273 	-1.46196 	-0.0345091 	
5.305	0.384352 	-0.17679 	0.0746108 	0.0240778 	-1.46239 	-0.0350478 	
5.31	0.384319 	-0.176793 	0.0745948 	0.0246993 	-1.46286 	-0.0356518 	
5.315	0.384281 	-0.176796 	0.074573 	0.0252649 	-1.46337 	-0.0361953 	
5.32	0.384238 	-0.176796 	0.0745489 	0.0255681 	-1.46391 	-0.036453 	
5.325	0.384235 	-0.1768 	0.0745683 	0.0256147 	-1.46432 	-0.0365036 	
5.33	0.384221 	-0.176816 	0.0745805 	0.0257384 	-1.46475 	-0.0366478 	
5.335	0.384203 	-0.176822 	0.074583 	0.0262638 	-1.46519 	-0.0371759 	
5.34	0.38418 	-0.176826 	0.0745777 	0.0268173 	-1.46564 	-0.0377214 	
5.345	0.38415 	-0.176829 	0.0745657 	0.0273784 	-1.46613 	-0.0382695 	
5.35	0.384114 	-0.176833 	0.0745469 	0.0281622 	-1.46664 	-0.0390493 	
5.355	0.384073 	-0.176834 	0.0745233 	0.0286713 	-1.46717 	-0.0395321 	
5.36	0.384026 	-0.17684 	0.0744951 	0.0295514 	-1.46774 	-0.040403 	
5.365	0.383981 	-0.176838 	0.0744707 	0.0295751 	-1.46833 	-0.0404278 	
5.37	0.383971 	-0.176845 	0.0744821 	0.0295289 	-1.46874 	-0.0404045 	
5.375	0.38395 	-0.176861 	0.0744863 	0.0297633 	-1.46917 	-0.0407056 	
5.38	0.383926 	-0.176866 	0.0744828 	0.0299655 	-1.46962 	-0.0409107 	
5.385	0.383896 	-0.176869 	0.0744723 	0.0301701 	-1.4701 	-0.0411016 	
5.39	0.38386 	-0.176873 	0.0744549 	0.0307523 	-1.47059 	-0.0417507 	
5.395	0.383839 	-0.176876 	0.0744583 	0.0307344 	-1.47114 	-0.0417643 	
5.4	0.38381 	-0.176886 	0.0744538 	0.0313367 	-1.47169 	-0.0423731 	
5.405	0.383778 	-0.17689 	0.0744428 	0.0318985 	-1.47224 	-0.0429141 	
5.41	0.383756 	-0.176889 	0.0744355 	0.0314306 	-1.47258 	-0.0424443 	
5.415	0.383745 	-0.176902 	0.0744459 	0.0308986 	-1.47286 	-0.0419903 	
5.42	0.383737 	-0.176916 	0.0744572 	0.0306945 	-1.47315 	-0.0418242 	
5.425	0.383739 	-0.17692 	0.0744825 	0.0310651 	-1.47351 	-0.0422018 	
5.43	0.383734 	-0.176924 	0.0744968 	0.0316885 	-1.47388 	-0.0428203 	
5.435	0.383722 	-0.176926 	0.0745015 	0.0324527 	-1.47427 	-0.0435665 	
5.44	0.383703 	-0.176925 	0.074499 	0.0328714 	-1.47468 	-0.0439672 	
5.445	0.383676 	-0.176924 	0.0744892 	0.0331783 	-1.47513 	-0.0442553 	
5.45	0.383642 	-0.176923 	0.0744729 	0.0335975 	-1.47562 	-0.0446573 	
5.455	0.383615 	-0.176912 	0.0744671 	0.0326315 	-1.47607 	-0.043655 	
5.46	0.383589 	-0.176902 	0.0744664 	0.0308815 	-1.4765 	-0.0418735 	
5.465	0.383566 	-0.176892 	0.0744679 	0.0287768 	-1.47691 	-0.0397369 	
5.47	0.383545 	-0.17688 	0.0744709 	0.0265775 	-1.47731 	-0.0375045 	
5.475	0.383526 	-0.176869 	0.0744752 	0.0243988 	-1.4777 	-0.0352925 	
5.48	0.383508 	-0.176858 	0.0744807 	0.0222296 	-1.47808 	-0.0330903 	
5.485	0.383492 	-0.176847 	0.0744871 	0.0200782 	-1.47845 	-0.030907 	
5.49	0.383477 	-0.176836 	0.0744942 	0.0179298 	-1.47882 	-0.0287277 	
5.495	0.383462 	-0.176828 	0.0745017 	0.0161071 	-1.47919 	-0.0268581 	
5.5	0.383445 	-0.176824 	0.0745013 	0.0149017 	-1.47959 	-0.0255017 	
5.505	0.383431 	-0.176817 	0.0745063 	0.0133671 	-1.47995 	-0.023916 	
5.51	0.383417 	-0.176809 	0.0745132 	0.0114856 	-1.48029 	-0.0220083 	
5.515	0.383403 	-0.176804 	0.0745197 	0.00996716 	-1.48064 	-0.0204713 	
5.52	0.38339 	-0.176798 	0.0745266 	0.00872129 	-1.48098 	-0.0192065 	
5.525	0.383376 	-0.176793 	0.0745327 	0.0075444 	-1.48134 	-0.017992 	
5.53	0.383379 	-0.176794 	0.0745519 	0.00721715 	-1.48158 	-0.0176594 	
5.535	0.383374 	-0.176799 	0.0745644 	0.00695472 	-1.48186 	-0.0174023 	
5.54	0.383365 	-0.176798 	0.074571 	0.00660825 	-1.48216 	-0.0170437 	
5.545	0.383349 	-0.176798 	0.0745692 	0.00658678 	-1.4825 	-0.0170046 	
5.55	0.383325 	-0.176795 	0.07456 	0.0065399 	-1.48288 	-0.0169288 	
5.555	0.383298 	-0.176792 	0.0745481 	0.00628541 	-1.48329 	-0.0166463 	
5.56	0.383275 	-0.176783 	0.0745441 	0.00468317 	-1.48368 	-0.0150228 	
5.565	0.383254 	-0.176774 	0.0745459 	0.00240481 	-1.48405 	-0.0127441 	
5.57	0.383236 	-0.176764 	0.0745502 	-0.000168849 	-1.4844 	-0.0101814 	
5.575	0.38322 	-0.176753 	0.0745562 	-0.0028204 	-1.48475 	-0.00754089 	
5.58	0.383204 	-0.176743 	0.0745617 	-0.00532475 	-1.4851 	-0.00503278 	
5.585	0.38319 	-0.176732 	0.0745648 	-0.00808212 	-1.48547 	-0.00223537 	
5.59	0.383174 	-0.176721 	0.0745667 	-0.0109487 	-1.48583 	0.000679623 	
5.595	0.383158 	-0.176709 	0.0745689 	-0.0139268 	-1.48619 	0.0037211 	
5.6	0.383142 	-0.176696 	0.0745711 	-0.0169885 	-1.48654 	0.00685501 	
5.605	0.383126 	-0.176683 	0.0745732 	-0.0200563 	-1.4869 	0.0100109 	
5.61	0.383115 	-0.176669 	0.074586 	-0.0229668 	-1.48731 	0.0130249 	
5.615	0.383099 	-0.176654 	0.0745932 	-0.0264323 	-1.48764 	0.0165812 	
5.62	0.383074 	-0.176647 	0.0745886 	-0.0288248 	-1.48801 	0.0190481 	
5.625	0.383055 	-0.176633 	0.0745884 	-0.0313262 	-1.48838 	0.0215864 	
5.63	0.383035 	-0.176619 	0.0745903 	-0.034453 	-1.48873 	0.0247672 	
5.635	0.383017 	-0.176608 	0.0745949 	-0.0374281 	-1.48907 	0.0277447 	
5.64	0.383 	-0.176594 	0.0745998 	-0.0405357 	-1.48941 	0.0308894 	
5.645	0.382984 	-0.176582 	0.0746064 	-0.0434957 	-1.48975 	0.0338474 	
5.65	0.382976 	-0.176568 	0.074625 	-0.0459832 	-1.49016 	0.0363524 	
5.655	0.382961 	-0.176561 	0.0746332 	-0.0465564 	-1.49058 	0.0368717 	
5.66	0.382942 	-0.176548 	0.0746331 	-0.0471976 	-1.49102 	0.0374984 	
5.665	0.382916 	-0.176537 	0.0746255 	-0.0479269 	-1.49148 	0.0382151 	
5.67	0.382955 	-0.176541 	0.0747126 	-0.0487272 	-1.49213 	0.0389705 	
5.675	0.382998 	-0.17655 	0.074798 	-0.0492723 	-1.49262 	0.0394942 	
5.68	0.383045 	-0.176558 	0.0748773 	-0.0495525 	-1.49296 	0.0397551 	
5.685	0.383082 	-0.176565 	0.074941 	-0.049717 	-1.49322 	0.0399009 	
5.69	0.38311 	-0.176569 	0.0749899 	-0.0497016 	-1.49346 	0.0398709 	
5.695	0.383127 	-0.176573 	0.0750237 	-0.049642 	-1.49369 	0.039795 	
5.7	0.383135 	-0.176576 	0.0750463 	-0.0494878 	-1.49394 	0.0396082 	
5.705	0.383132 	-0.176578 	0.0750584 	-0.0494896 	-1.49421 	0.0395806 	
5.71	0.38312 	-0.176581 	0.0750608 	-0.0494594 	-1.49451 	0.0395126 	
5.715	0.383099 	-0.176583 	0.0750548 	-0.0492703 	-1.49486 	0.0392674 	
5.72	0.38307 	-0.176585 	0.0750412 	-0.0488686 	-1.49524 	0.038788 	
5.725	0.383035 	-0.176587 	0.0750223 	-0.0484464 	-1.49567 	0.0382789 	
5.73	0.382995 	-0.176588 	0.075 	-0.0485242 	-1.49616 	0.0383223 	
5.735	0.382951 	-0.176587 	0.0749753 	-0.0488144 	-1.49667 	0.0385486 	
5.74	0.382912 	-0.176587 	0.0749495 	-0.0488093 	-1.49706 	0.0385083 	
5.745	0.382866 	-0.176586 	0.0749172 	-0.0504621 	-1.49751 	0.0401443 	
5.75	0.382856 	-0.176591 	0.0749354 	-0.0518018 	-1.49801 	0.0414393 	
5.755	0.382845 	-0.176599 	0.0749528 	-0.0528184 	-1.49852 	0.0423897 	
5.76	0.382831 	-0.176602 	0.0749639 	-0.053276 	-1.49899 	0.0427722 	
5.765	0.382813 	-0.176603 	0.0749675 	-0.053589 	-1.49947 	0.0430471 	
5.77	0.382788 	-0.176604 	0.0749641 	-0.0538617 	-1.49994 	0.0432981 	
5.775	0.382759 	-0.176603 	0.0749547 	-0.0541347 	-1.50043 	0.04355 	
5.78	0.382725 	-0.176602 	0.0749409 	-0.0544781 	-1.50093 	0.0438609 	
5.785	0.382686 	-0.1766 	0.0749232 	-0.054834 	-1.50145 	0.0441508 	
5.79	0.382644 	-0.176596 	0.0749021 	-0.0552651 	-1.50198 	0.0444878 	
5.795	0.382606 	-0.17659 	0.0748829 	-0.0563939 	-1.5025 	0.0455286 	
5.8	0.382592 	-0.176593 	0.0748907 	-0.0571159 	-1.5029 	0.0461834 	
5.805	0.382571 	-0.1766 	0.0748916 	-0.0578873 	-1.50332 	0.0468759 	
5.81	0.382547 	-0.1766 	0.0748876 	-0.0584553 	-1.50374 	0.0473669 	
5.815	0.382518 	-0.176597 	0.0748785 	-0.0590668 	-1.50418 	0.0478958 	
5.82	0.382491 	-0.176592 	0.0748686 	-0.0600255 	-1.50462 	0.0487833 	
5.825	0.382463 	-0.17659 	0.0748587 	-0.0611267 	-1.50506 	0.0498081 	
5.83	0.38243 	-0.176587 	0.0748454 	-0.0620328 	-1.50551 	0.050639 	
5.835	0.382397 	-0.176582 	0.0748303 	-0.0634075 	-1.50598 	0.0519684 	
5.84	0.382358 	-0.176572 	0.074807 	-0.0663487 	-1.50647 	0.0549056 	
5.845	0.382318 	-0.176561 	0.0747834 	-0.0696994 	-1.50696 	0.0582269 	
5.85	0.3823 	-0.176553 	0.0747695 	-0.0724816 	-1.50712 	0.0610039 	
5.855	0.382281 	-0.176561 	0.0747623 	-0.074047 	-1.50729 	0.062526 	
5.86	0.38227 	-0.176563 	0.0747604 	-0.0752465 	-1.50745 	0.0637021 	
5.865	0.38226 	-0.176566 	0.0747609 	-0.0763965 	-1.50764 	0.0648295 	
5.87	0.382249 	-0.176566 	0.0747604 	-0.0777062 	-1.50786 	0.0661164 	
5.875	0.382254 	-0.176568 	0.0747828 	-0.0791651 	-1.50812 	0.067544 	
5.88	0.382256 	-0.17657 	0.0748015 	-0.0813408 	-1.50838 	0.0697018 	
5.885	0.382251 	-0.176573 	0.0748137 	-0.0822394 	-1.50868 	0.0705576 	
5.89	0.382241 	-0.176568 	0.0748202 	-0.0825281 	-1.50902 	0.0707903 	
5.895	0.382224 	-0.176562 	0.0748176 	-0.0829845 	-1.5094 	0.0711943 	
5.9	0.382199 	-0.176556 	0.0748072 	-0.0835763 	-1.50982 	0.0717383 	
5.905	0.382186 	-0.17655 	0.0748045 	-0.0845672 	-1.51008 	0.0726886 	
5.91	0.382173 	-0.176553 	0.0748073 	-0.08555 	-1.51032 	0.073621 	
5.915	0.382166 	-0.176557 	0.0748135 	-0.0863048 	-1.51054 	0.0743327 	
5.92	0.38216 	-0.17656 	0.0748224 	-0.086935 	-1.51078 	0.074924 	
5.925	0.382148 	-0.176562 	0.0748222 	-0.0874662 	-1.51105 	0.0754057 	
5.93	0.382141 	-0.176561 	0.0748256 	-0.0879172 	-1.51128 	0.0758302 	
5.935	0.382136 	-0.176564 	0.0748351 	-0.0885516 	-1.51152 	0.076421 	
5.94	0.382121 	-0.176565 	0.0748354 	-0.0890939 	-1.51183 	0.0769026 	
5.945	0.382102 	-0.17656 	0.0748276 	-0.0905306 	-1.51214 	0.0783009 	
5.95	0.382083 	-0.176553 	0.074822 	-0.0932308 	-1.51244 	0.0809745 	
5.955	0.382064 	-0.176545 	0.074818 	-0.0966374 	-1.51274 	0.0843542 	
5.96	0.38205 	-0.176537 	0.0748287 	-0.0988915 	-1.51317 	0.0865771 	
5.965	0.382041 	-0.17652 	0.0748394 	-0.102368 	-1.51355 	0.0900508 	
5.97	0.38203 	-0.176503 	0.074849 	-0.106901 	-1.51389 	0.0945717 	
5.975	0.382009 	-0.176494 	0.0748478 	-0.109963 	-1.51428 	0.0976169 	
5.98	0.382 	-0.176473 	0.0748616 	-0.113903 	-1.51471 	0.101571 	
5.985	0.381981 	-0.176459 	0.0748658 	-0.117371 	-1.51516 	0.105042 	
5.99	0.381957 	-0.176444 	0.0748603 	-0.1207 	-1.51563 	0.108384 	
5.995	0.381925 	-0.176429 	0.0748468 	-0.124274 	-1.51612 	0.111978 	
6	0.381906 	-0.176414 	0.0748464 	-0.128372 	-1.51645 	0.116047 	
6.005	0.38189 	-0.176409 	0.0748536 	-0.132646 	-1.51677 	0.120269 	
6.01	0.381872 	-0.1764 	0.074855 	-0.137816 	-1.51711 	0.125489 	
6.015	0.381852 	-0.176386 	0.0748508 	-0.143646 	-1.51743 	0.131393 	
6.02	0.381845 	-0.176384 	0.0748522 	-0.144013 	-1.51759 	0.13177 	
6.025	0.381838 	-0.176385 	0.0748567 	-0.144656 	-1.5178 	0.132449 	
6.03	0.381846 	-0.176387 	0.074885 	-0.145653 	-1.51811 	0.13348 	
6.035	0.381854 	-0.176388 	0.0749139 	-0.146555 	-1.51842 	0.134375 	
6.04	0.381859 	-0.176387 	0.0749346 	-0.14743 	-1.51869 	0.13523 	
6.045	0.381873 	-0.176388 	0.0749642 	-0.148062 	-1.51889 	0.135855 	
6.05	0.381876 	-0.176393 	0.0749839 	-0.148719 	-1.51913 	0.1365 	
6.055	0.381872 	-0.17639 	0.074993 	-0.150007 	-1.5194 	0.137782 	
6.06	0.381859 	-0.176386 	0.0749928 	-0.151813 	-1.51971 	0.139581 	
6.065	0.381838 	-0.176379 	0.0749843 	-0.154078 	-1.52006 	0.141837 	
6.07	0.381809 	-0.176372 	0.0749687 	-0.156793 	-1.52046 	0.144543 	
6.075	0.381774 	-0.176362 	0.0749468 	-0.159956 	-1.52091 	0.147695 	
6.08	0.381732 	-0.176358 	0.0749218 	-0.161877 	-1.52142 	0.149621 	
6.085	0.381686 	-0.176348 	0.074891 	-0.164884 	-1.52196 	0.152651 	
6.09	0.381664 	-0.176344 	0.0748843 	-0.167138 	-1.52232 	0.154911 	
6.095	0.381666 	-0.176355 	0.0749057 	-0.168274 	-1.52257 	0.15602 	
6.1	0.381678 	-0.176368 	0.0749363 	-0.169018 	-1.52275 	0.156731 	
6.105	0.381681 	-0.176377 	0.0749568 	-0.169783 	-1.52298 	0.157474 	
6.11	0.38168 	-0.176378 	0.0749703 	-0.170993 	-1.52323 	0.158679 	
6.115	0.381688 	-0.176381 	0.0749936 	-0.172077 	-1.52346 	0.15975 	
6.12	0.381685 	-0.176386 	0.075007 	-0.173237 	-1.52373 	0.160898 	
6.125	0.381674 	-0.176389 	0.0750099 	-0.174106 	-1.52404 	0.16179 	
6.13	0.381655 	-0.176389 	0.0750039 	-0.17538 	-1.5244 	0.163091 	
6.135	0.381628 	-0.17639 	0.0749899 	-0.176555 	-1.52482 	0.164317 	
6.14	0.381594 	-0.176388 	0.0749702 	-0.178488 	-1.52527 	0.166275 	
6.145	0.381553 	-0.176386 	0.0749455 	-0.180681 	-1.52577 	0.168486 	
6.15	0.381529 	-0.176387 	0.0749457 	-0.183448 	-1.52633 	0.171276 	
6.155	0.381506 	-0.17639 	0.0749418 	-0.185446 	-1.52677 	0.173274 	
6.16	0.381475 	-0.176394 	0.074931 	-0.187637 	-1.52724 	0.175464 	
6.165	0.381444 	-0.176396 	0.0749174 	-0.188851 	-1.52771 	0.17665 	
6.17	0.381406 	-0.176395 	0.0748976 	-0.191103 	-1.52822 	0.178907 	
6.175	0.381399 	-0.176398 	0.0749118 	-0.193264 	-1.52862 	0.181068 	
6.18	0.381382 	-0.17641 	0.0749187 	-0.194362 	-1.52905 	0.182118 	
6.185	0.381363 	-0.176413 	0.0749185 	-0.196328 	-1.52948 	0.184072 	
6.19	0.381371 	-0.176418 	0.0749458 	-0.197835 	-1.52976 	0.185568 	
6.195	0.381366 	-0.176434 	0.074962 	-0.198439 	-1.53009 	0.186157 	
6.2	0.381357 	-0.176438 	0.0749688 	-0.200094 	-1.53043 	0.187815 	
6.205	0.381338 	-0.176439 	0.074966 	-0.202583 	-1.5308 	0.190296 	
6.21	0.381312 	-0.176438 	0.0749548 	-0.205749 	-1.53121 	0.193462 	
6.215	0.381279 	-0.176437 	0.0749377 	-0.208787 	-1.53166 	0.196513 	
6.22	0.381241 	-0.176435 	0.074915 	-0.211484 	-1.53215 	0.199228 	
6.225	0.381196 	-0.176435 	0.0748858 	-0.21414 	-1.53269 	0.201933 	
6.23	0.381174 	-0.176435 	0.0748792 	-0.218435 	-1.53306 	0.206236 	
6.235	0.381169 	-0.176451 	0.0748959 	-0.220995 	-1.53335 	0.208757 	
6.24	0.381156 	-0.17647 	0.0749028 	-0.222448 	-1.53368 	0.210213 	
6.245	0.381139 	-0.176478 	0.0749014 	-0.224549 	-1.53404 	0.212315 	
6.25	0.381114 	-0.176483 	0.0748925 	-0.227057 	-1.53444 	0.214821 	
6.255	0.381082 	-0.17649 	0.0748753 	-0.228856 	-1.5349 	0.216645 	
6.26	0.381043 	-0.176495 	0.0748514 	-0.231052 	-1.5354 	0.218869 	
6.265	0.380998 	-0.176497 	0.0748217 	-0.234505 	-1.53593 	0.222358 	
6.27	0.380997 	-0.176505 	0.0748395 	-0.237018 	-1.53627 	0.224863 	
6.275	0.380982 	-0.176528 	0.0748484 	-0.239097 	-1.53665 	0.226898 	
6.28	0.380964 	-0.17654 	0.0748474 	-0.241106 	-1.53705 	0.228918 	
6.285	0.380939 	-0.176549 	0.0748386 	-0.242943 	-1.53749 	0.230763 	
6.29	0.380907 	-0.176555 	0.0748231 	-0.245347 	-1.53796 	0.233179 	
6.295	0.380873 	-0.176555 	0.0748071 	-0.248162 	-1.53848 	0.236 	
6.3	0.380832 	-0.176557 	0.0747839 	-0.250463 	-1.53904 	0.238354 	
6.305	0.380824 	-0.176558 	0.074795 	-0.253892 	-1.53945 	0.241793 	
6.31	0.380804 	-0.176568 	0.0747988 	-0.257095 	-1.53988 	0.244941 	
6.315	0.380785 	-0.176568 	0.0748005 	-0.260886 	-1.54032 	0.248708 	
6.32	0.38076 	-0.176569 	0.0747937 	-0.26432 	-1.54078 	0.252141 	
6.325	0.380728 	-0.176569 	0.0747795 	-0.267843 	-1.54127 	0.255677 	
6.33	0.380691 	-0.176568 	0.0747596 	-0.272482 	-1.54179 	0.26034 	
6.335	0.380671 	-0.176568 	0.074755 	-0.276054 	-1.54218 	0.263894 	
6.34	0.380642 	-0.176573 	0.0747457 	-0.280282 	-1.5426 	0.268082 	
6.345	0.38061 	-0.176573 	0.0747317 	-0.285258 	-1.54305 	0.273034 	
6.35	0.380574 	-0.176571 	0.0747133 	-0.291053 	-1.54352 	0.278846 	
6.355	0.380533 	-0.176569 	0.0746906 	-0.297316 	-1.54402 	0.285087 	
6.36	0.380487 	-0.176568 	0.0746608 	-0.302949 	-1.54457 	0.29073 	
6.365	0.380435 	-0.176567 	0.0746252 	-0.308909 	-1.54517 	0.296728 	
6.37	0.380415 	-0.176563 	0.0746321 	-0.316772 	-1.54572 	0.304524 	
6.375	0.380386 	-0.176569 	0.0746307 	-0.323921 	-1.54627 	0.311626 	
6.38	0.380355 	-0.176571 	0.0746207 	-0.330862 	-1.54683 	0.318583 	
6.385	0.380318 	-0.176568 	0.0746034 	-0.339153 	-1.54739 	0.326913 	
6.39	0.380302 	-0.176564 	0.0746172 	-0.349587 	-1.54797 	0.337332 	
6.395	0.38028 	-0.176563 	0.074623 	-0.359853 	-1.54853 	0.347611 	
6.4	0.380241 	-0.176557 	0.0745935 	-0.36648 	-1.54893 	0.354236 	
6.405	0.380194 	-0.176548 	0.0745499 	-0.37321 	-1.54931 	0.360993 	
6.41	0.380168 	-0.176539 	0.0745317 	-0.380079 	-1.54958 	0.367812 	
6.415	0.380137 	-0.176536 	0.074509 	-0.386528 	-1.54982 	0.374189 	
6.42	0.380107 	-0.176527 	0.0744841 	-0.393732 	-1.55002 	0.381369 	
6.425	0.380076 	-0.176519 	0.0744564 	-0.400859 	-1.5502 	0.388478 	
6.43	0.380039 	-0.176511 	0.0744194 	-0.407878 	-1.55038 	0.395533 	
6.435	0.380008 	-0.1765 	0.0743836 	-0.414911 	-1.55049 	0.402562 	
6.44	0.379994 	-0.176499 	0.0743685 	-0.417213 	-1.55053 	0.404855 	
6.445	0.379985 	-0.176502 	0.0743559 	-0.416759 	-1.55049 	0.40439 	
6.45	0.379978 	-0.176504 	0.074344 	-0.415588 	-1.55044 	0.403214 	
6.455	0.379972 	-0.176505 	0.0743322 	-0.41426 	-1.55038 	0.401883 	
6.46	0.379967 	-0.176506 	0.0743204 	-0.412888 	-1.55032 	0.400509 	
6.465	0.379961 	-0.176506 	0.0743087 	-0.411507 	-1.55026 	0.399127 	
6.47	0.379956 	-0.176507 	0.0742969 	-0.410129 	-1.5502 	0.397748 	
6.475	0.37995 	-0.176507 	0.0742851 	-0.408739 	-1.55014 	0.396357 	
6.48	0.379933 	-0.176506 	0.0742617 	-0.408799 	-1.55015 	0.39641 	
6.485	0.379908 	-0.176501 	0.0742296 	-0.410522 	-1.5502 	0.398151 	
6.49	0.379909 	-0.176502 	0.0742392 	-0.415924 	-1.55036 	0.40354 	
6.495	0.379916 	-0.176508 	0.0742494 	-0.416861 	-1.55039 	0.404459 	
6.5	0.379913 	-0.176514 	0.0742485 	-0.417644 	-1.55043 	0.40523 	
6.505	0.379903 	-0.176513 	0.0742352 	-0.41921 	-1.55047 	0.406797 	
6.51	0.379898 	-0.176511 	0.0742274 	-0.419964 	-1.55048 	0.407546 	
6.515	0.379895 	-0.176514 	0.0742215 	-0.419659 	-1.55045 	0.407232 	
6.52	0.379892 	-0.176516 	0.074215 	-0.418693 	-1.55041 	0.406258 	
6.525	0.379889 	-0.176519 	0.0742077 	-0.417537 	-1.55036 	0.405097 	
6.53	0.379886 	-0.17652 	0.0741998 	-0.416315 	-1.55031 	0.403869 	
6.535	0.379883 	-0.176522 	0.0741913 	-0.415062 	-1.55026 	0.402612 	
6.54	0.379877 	-0.176523 	0.0741805 	-0.41469 	-1.55023 	0.402237 	
6.545	0.37987 	-0.176524 	0.0741694 	-0.414111 	-1.55021 	0.401657 	
6.55	0.379863 	-0.176526 	0.0741578 	-0.412779 	-1.5502 	0.400315 	
6.555	0.379858 	-0.176527 	0.0741464 	-0.411629 	-1.55016 	0.399162 	
6.56	0.379844 	-0.176526 	0.0741268 	-0.411341 	-1.55013 	0.398874 	
6.565	0.37983 	-0.176522 	0.0741067 	-0.412378 	-1.55011 	0.399916 	
6.57	0.379815 	-0.176517 	0.0740858 	-0.414404 	-1.55009 	0.401968 	
6.575	0.379803 	-0.176515 	0.0740663 	-0.413957 	-1.55003 	0.40153 	
6.58	0.379793 	-0.176514 	0.0740479 	-0.412666 	-1.54996 	0.400241 	
6.585	0.379783 	-0.176514 	0.0740306 	-0.411144 	-1.54989 	0.398719 	
6.59	0.379774 	-0.176515 	0.074014 	-0.409592 	-1.54982 	0.397167 	
6.595	0.379766 	-0.176515 	0.073998 	-0.40806 	-1.54975 	0.395635 	
6.6	0.379758 	-0.176515 	0.0739827 	-0.406559 	-1.54968 	0.394134 	
6.605	0.379751 	-0.176516 	0.0739678 	-0.405087 	-1.54962 	0.392661 	
6.61	0.379743 	-0.176516 	0.0739533 	-0.403642 	-1.54955 	0.391214 	
6.615	0.379736 	-0.176517 	0.0739392 	-0.402219 	-1.54948 	0.38979 	
6.62	0.37972 	-0.176517 	0.0739164 	-0.40082 	-1.54948 	0.388365 	
6.625	0.379709 	-0.176514 	0.0738957 	-0.399294 	-1.54942 	0.386841 	
6.63	0.379697 	-0.176515 	0.0738764 	-0.397713 	-1.54935 	0.385256 	
6.635	0.379687 	-0.176517 	0.0738582 	-0.396157 	-1.54928 	0.383696 	
6.64	0.379678 	-0.176518 	0.073841 	-0.394636 	-1.5492 	0.382173 	
6.645	0.379669 	-0.176519 	0.0738245 	-0.393158 	-1.54913 	0.380693 	
6.65	0.37966 	-0.17652 	0.0738086 	-0.391716 	-1.54906 	0.379248 	
6.655	0.379652 	-0.176521 	0.0737932 	-0.390306 	-1.549 	0.377836 	
6.66	0.379644 	-0.176522 	0.0737784 	-0.388928 	-1.54893 	0.376455 	
6.665	0.379637 	-0.176523 	0.073764 	-0.387575 	-1.54886 	0.3751 	
6.67	0.379629 	-0.176521 	0.0737484 	-0.386395 	-1.54879 	0.373928 	
6.675	0.379622 	-0.17652 	0.0737334 	-0.385112 	-1.54872 	0.37265 	
6.68	0.379615 	-0.176519 	0.0737189 	-0.383817 	-1.54866 	0.371359 	
6.685	0.379608 	-0.176517 	0.0737056 	-0.383568 	-1.5486 	0.371122 	
6.69	0.379598 	-0.176515 	0.0736892 	-0.383733 	-1.54856 	0.371313 	
6.695	0.379586 	-0.176511 	0.0736712 	-0.384848 	-1.54852 	0.372459 	
6.7	0.379573 	-0.176505 	0.0736518 	-0.386187 	-1.54849 	0.373839 	
6.705	0.379559 	-0.176499 	0.073631 	-0.387673 	-1.54847 	0.375381 	
6.71	0.37955 	-0.176498 	0.0736167 	-0.3881 	-1.54842 	0.375822 	
6.715	0.379542 	-0.176499 	0.073603 	-0.387424 	-1.54837 	0.375147 	
6.72	0.379535 	-0.1765 	0.0735895 	-0.386296 	-1.5483 	0.374016 	
6.725	0.379527 	-0.1765 	0.0735736 	-0.385344 	-1.54824 	0.373065 	
6.73	0.379515 	-0.176498 	0.0735557 	-0.385619 	-1.54819 	0.373342 	
6.735	0.379504 	-0.176495 	0.0735375 	-0.386101 	-1.54813 	0.373836 	
6.74	0.379494 	-0.176494 	0.07352 	-0.385168 	-1.54807 	0.372907 	
6.745	0.37948 	-0.176492 	0.0735003 	-0.385923 	-1.54803 	0.373665 	
6.75	0.379468 	-0.176489 	0.0734829 	-0.386327 	-1.54799 	0.374076 	
6.755	0.379459 	-0.176489 	0.0734677 	-0.386041 	-1.54794 	0.373795 	
6.76	0.379451 	-0.176489 	0.0734543 	-0.385344 	-1.54789 	0.373098 	
6.765	0.379444 	-0.17649 	0.0734411 	-0.384256 	-1.54783 	0.372008 	
6.77	0.379438 	-0.176491 	0.0734281 	-0.383069 	-1.54777 	0.370818 	
6.775	0.379432 	-0.176493 	0.0734151 	-0.381866 	-1.54771 	0.369613 	
6.78	0.379425 	-0.176494 	0.0734023 	-0.380665 	-1.54764 	0.36841 	
6.785	0.379419 	-0.176495 	0.0733895 	-0.379472 	-1.54758 	0.367215 	
6.79	0.379413 	-0.176496 	0.0733769 	-0.378288 	-1.54752 	0.366028 	
6.795	0.379407 	-0.176497 	0.0733642 	-0.377112 	-1.54746 	0.36485 	
6.8	0.379396 	-0.176497 	0.0733457 	-0.376372 	-1.54741 	0.364113 	
6.805	0.379384 	-0.176496 	0.0733265 	-0.375922 	-1.5474 	0.363682 	
6.81	0.379367 	-0.176497 	0.0733025 	-0.374687 	-1.54742 	0.362477 	
6.815	0.379349 	-0.176494 	0.07328 	-0.375284 	-1.54744 	0.363094 	
6.82	0.37933 	-0.176492 	0.0732582 	-0.376691 	-1.54745 	0.364508 	
6.825	0.379318 	-0.176492 	0.0732425 	-0.377376 	-1.54743 	0.365194 	
6.83	0.379305 	-0.176494 	0.0732265 	-0.377472 	-1.54742 	0.365291 	
6.835	0.379296 	-0.176495 	0.0732114 	-0.376658 	-1.54737 	0.364475 	
6.84	0.37928 	-0.176499 	0.0731894 	-0.375446 	-1.54735 	0.363259 	
6.845	0.379271 	-0.176499 	0.0731736 	-0.37416 	-1.54732 	0.361976 	
6.85	0.379262 	-0.176501 	0.0731586 	-0.373001 	-1.54727 	0.360813 	
6.855	0.379247 	-0.176505 	0.0731387 	-0.371416 	-1.54728 	0.359225 	
6.86	0.379238 	-0.176504 	0.0731218 	-0.370404 	-1.54724 	0.358219 	
6.865	0.379228 	-0.176508 	0.0731056 	-0.36919 	-1.54718 	0.356997 	
6.87	0.379214 	-0.176512 	0.0730863 	-0.368254 	-1.54716 	0.356054 	
6.875	0.379204 	-0.176513 	0.0730684 	-0.367013 	-1.5471 	0.354811 	
6.88	0.379194 	-0.176516 	0.0730513 	-0.365733 	-1.54703 	0.353523 	
6.885	0.379183 	-0.176519 	0.0730334 	-0.364442 	-1.54698 	0.352224 	
6.89	0.379168 	-0.176523 	0.073011 	-0.36303 	-1.54698 	0.35083 	
6.895	0.379154 	-0.176524 	0.0729904 	-0.362489 	-1.54695 	0.350296 	
6.9	0.37914 	-0.176526 	0.0729716 	-0.362109 	-1.54693 	0.34991 	
6.905	0.379129 	-0.176528 	0.0729533 	-0.360989 	-1.54689 	0.348781 	
6.91	0.379118 	-0.176531 	0.0729359 	-0.359645 	-1.54684 	0.347431 	
6.915	0.379106 	-0.176536 	0.0729179 	-0.35847 	-1.54681 	0.346231 	
6.92	0.379096 	-0.176539 	0.0729008 	-0.357264 	-1.54675 	0.345014 	
6.925	0.379086 	-0.176543 	0.0728843 	-0.356038 	-1.54668 	0.343776 	
6.93	0.379077 	-0.176547 	0.0728684 	-0.354894 	-1.54661 	0.342622 	
6.935	0.379068 	-0.17655 	0.072853 	-0.353728 	-1.54654 	0.341448 	
6.94	0.37906 	-0.176553 	0.0728381 	-0.35257 	-1.54648 	0.340283 	
