0.0	0.333706	-0.17241	0.0336918	-0.369617	-1.57018	0.369649
0.005	0.332479	-0.183034	0.0339483	-2.5918	-1.56823	2.1216
0.01	0.333443	-0.178384	0.0337494	-0.652107	-1.57035	0.38925
0.015	0.333472	-0.178321	0.0337415	-0.648879	-1.56995	0.385544
0.02	0.333487	-0.178296	0.0337472	-0.618568	-1.57024	0.357167
0.025	0.333483	-0.178289	0.0337403	-0.614482	-1.56988	0.35365
0.03	0.333473	-0.178287	0.0337307	-0.614354	-1.56937	0.354012
0.035	0.333524	-0.178303	0.0337479	-0.623053	-1.57023	0.361266
0.04	0.333532	-0.178313	0.0337445	-0.627282	-1.57003	0.365207
0.045	0.333533	-0.178323	0.0337376	-0.628544	-1.56965	0.366273
0.05	0.33353	-0.178335	0.0337279	-0.628558	-1.56912	0.366165
0.055	0.333598	-0.178288	0.0337437	-0.618797	-1.56991	0.357796
0.06	0.333617	-0.17828	0.0337398	-0.616712	-1.56968	0.356212
0.065	0.333629	-0.178276	0.0337326	-0.616539	-1.56927	0.356476
0.07	0.333637	-0.178276	0.0337227	-0.61696	-1.56872	0.357281
0.075	0.3337	-0.178297	0.0337377	-0.620483	-1.56945	0.359249
0.08	0.333724	-0.178308	0.0337335	-0.62252	-1.56919	0.36092
0.085	0.333742	-0.17832	0.0337261	-0.623857	-1.56876	0.362
0.09	0.333757	-0.178333	0.0337161	-0.624607	-1.56818	0.362579
0.095	0.333841	-0.178271	0.0337297	-0.61712	-1.56884	0.357218
0.1	0.333877	-0.178258	0.0337251	-0.615688	-1.56855	0.356531
0.105	0.333907	-0.17825	0.0337174	-0.615206	-1.56809	0.356681
0.11	0.333959	-0.178281	0.033721	-0.617316	-1.56822	0.357192
0.115	0.333991	-0.178294	0.0337138	-0.618393	-1.56777	0.357975
0.12	0.334019	-0.178306	0.033704	-0.619333	-1.5672	0.358716
0.125	0.334045	-0.178319	0.0336923	-0.620071	-1.56651	0.35933
0.13	0.334164	-0.178252	0.0337133	-0.614387	-1.56754	0.355696
0.135	0.334221	-0.178237	0.0337109	-0.613237	-1.56734	0.355282
0.14	0.334271	-0.178227	0.033705	-0.612797	-1.56696	0.355465
0.145	0.334317	-0.178222	0.0336964	-0.612774	-1.56643	0.355975
0.15	0.334376	-0.178262	0.0336958	-0.613373	-1.56631	0.354721
0.155	0.334421	-0.178279	0.0336869	-0.614114	-1.56576	0.355042
0.16	0.334464	-0.178294	0.033676	-0.614913	-1.56509	0.355541
0.165	0.334576	-0.178232	0.0336876	-0.610908	-1.56561	0.353775
0.17	0.334642	-0.178219	0.0336822	-0.610316	-1.56524	0.353922
0.175	0.334702	-0.178211	0.0336741	-0.610133	-1.56472	0.354365
0.18	0.334759	-0.178208	0.0336637	-0.610182	-1.56407	0.354949
0.185	0.334853	-0.178232	0.0336707	-0.608377	-1.56433	0.351653
0.19	0.33492	-0.178243	0.033664	-0.608352	-1.56388	0.351339
0.195	0.334984	-0.178254	0.0336548	-0.608676	-1.56329	0.351466
0.2	0.335086	-0.178205	0.0336567	-0.606244	-1.56328	0.351094
0.205	0.335161	-0.178195	0.0336487	-0.605949	-1.56275	0.351512
0.21	0.335232	-0.178189	0.0336386	-0.605934	-1.5621	0.352101
0.215	0.3353	-0.178187	0.0336268	-0.606079	-1.56136	0.352763
0.22	0.335426	-0.178196	0.0336396	-0.602733	-1.56192	0.348315
0.225	0.335514	-0.178202	0.0336346	-0.602148	-1.56153	0.347571
0.23	0.335597	-0.17821	0.0336269	-0.602054	-1.561	0.347386
0.235	0.335677	-0.178218	0.0336171	-0.602294	-1.56035	0.347588
0.24	0.33579	-0.178161	0.0336156	-0.599609	-1.56015	0.347407
0.245	0.335879	-0.178148	0.0336063	-0.599151	-1.55952	0.347876
0.25	0.335965	-0.178139	0.0335953	-0.598999	-1.5588	0.348499
0.255	0.336087	-0.178159	0.0336001	-0.596812	-1.55892	0.345062
0.26	0.336183	-0.178166	0.0335927	-0.596496	-1.55839	0.344626
0.265	0.336277	-0.178174	0.0335833	-0.596556	-1.55774	0.344626
0.27	0.336368	-0.178183	0.0335722	-0.596866	-1.557	0.344922
0.275	0.33651	-0.178119	0.0335759	-0.592599	-1.55707	0.343204
0.28	0.336618	-0.178103	0.0335682	-0.59165	-1.55652	0.343206
0.285	0.336723	-0.178092	0.0335585	-0.591162	-1.55585	0.343513
0.29	0.336825	-0.178086	0.0335473	-0.590999	-1.55509	0.34402
0.295	0.336957	-0.178113	0.03355	-0.58876	-1.55509	0.340248
0.3	0.337068	-0.178124	0.033542	-0.58841	-1.55449	0.339641
0.305	0.337177	-0.178134	0.0335321	-0.588441	-1.5538	0.339501
0.31	0.337315	-0.178076	0.0335286	-0.585282	-1.55347	0.338961
0.315	0.337433	-0.178063	0.0335189	-0.584588	-1.55279	0.339187
0.32	0.337548	-0.178054	0.0335078	-0.584275	-1.55202	0.339643
0.325	0.337662	-0.17805	0.0334956	-0.584232	-1.55118	0.34025
0.33	0.337775	-0.178048	0.0334825	-0.584375	-1.5503	0.340946
0.335	0.337954	-0.178053	0.0334962	-0.578773	-1.5509	0.334146
0.34	0.33809	-0.178057	0.0334916	-0.577325	-1.55048	0.332519
0.345	0.338223	-0.178063	0.0334846	-0.576525	-1.54993	0.331609
0.35	0.338342	-0.17802	0.0334675	-0.576027	-1.54882	0.33377
0.355	0.338466	-0.178009	0.0334541	-0.575888	-1.54791	0.334586
0.36	0.33859	-0.178003	0.0334403	-0.575963	-1.54697	0.335458
0.365	0.338714	-0.178001	0.0334259	-0.576186	-1.54599	0.336353
0.37	0.338914	-0.177995	0.0334416	-0.569677	-1.54672	0.328941
0.375	0.339067	-0.177995	0.0334375	-0.567914	-1.54631	0.327145
0.38	0.339215	-0.177997	0.033431	-0.566849	-1.54576	0.326088
0.385	0.339336	-0.177965	0.03341	-0.566818	-1.54442	0.328412
0.39	0.33947	-0.177957	0.0333956	-0.566746	-1.54343	0.329229
0.395	0.339605	-0.177953	0.033381	-0.566879	-1.54243	0.330105
0.4	0.339741	-0.177952	0.0333663	-0.567155	-1.5414	0.33101
0.405	0.339878	-0.177954	0.0333514	-0.567529	-1.54037	0.331921
0.41	0.340121	-0.177921	0.0333758	-0.557621	-1.54162	0.32165
0.415	0.340298	-0.177913	0.0333748	-0.554647	-1.54138	0.318786
0.42	0.340469	-0.177909	0.0333709	-0.552621	-1.54098	0.316881
0.425	0.340568	-0.177897	0.0333371	-0.555732	-1.53886	0.322167
0.43	0.340708	-0.177895	0.0333193	-0.556333	-1.53765	0.323631
0.435	0.340851	-0.177895	0.0333021	-0.556955	-1.53647	0.324977
0.44	0.340996	-0.177898	0.0332854	-0.557587	-1.5353	0.326222
0.445	0.341256	-0.177854	0.0333103	-0.547076	-1.53662	0.315681
0.45	0.341445	-0.177842	0.033309	-0.543977	-1.53636	0.312837
0.455	0.341629	-0.177836	0.033305	-0.541836	-1.53593	0.310933
0.46	0.341737	-0.177832	0.0332701	-0.544818	-1.53373	0.31579
0.465	0.341888	-0.177832	0.0332521	-0.54536	-1.53248	0.31713
0.47	0.342042	-0.177834	0.0332348	-0.545953	-1.53127	0.318394
0.475	0.342199	-0.177837	0.0332182	-0.546579	-1.53008	0.31959
0.48	0.342467	-0.177783	0.0332405	-0.535742	-1.53128	0.309208
0.485	0.342668	-0.177768	0.0332384	-0.53253	-1.53097	0.306409
0.49	0.342864	-0.177758	0.0332339	-0.530289	-1.53051	0.30453
0.495	0.34298	-0.177762	0.0331989	-0.533225	-1.52826	0.309036
0.5	0.343143	-0.177764	0.0331808	-0.533735	-1.52699	0.310281
0.505	0.343308	-0.177767	0.0331637	-0.534317	-1.52575	0.311482
0.51	0.343477	-0.177772	0.0331472	-0.534947	-1.52455	0.312639
0.515	0.343752	-0.177707	0.0331663	-0.523695	-1.52561	0.302308
0.52	0.343963	-0.177689	0.0331633	-0.520343	-1.52525	0.299517
0.525	0.344169	-0.177677	0.0331582	-0.517983	-1.52475	0.297639
0.53	0.344372	-0.17767	0.0331515	-0.516415	-1.52414	0.296489
0.535	0.344481	-0.17768	0.0331094	-0.519649	-1.52144	0.301441
0.54	0.344647	-0.177684	0.0330883	-0.520452	-1.51996	0.303049
0.545	0.344818	-0.17769	0.0330687	-0.521245	-1.51856	0.304518
0.55	0.345103	-0.177633	0.0330871	-0.511733	-1.51956	0.295644
0.555	0.345321	-0.177619	0.0330829	-0.509055	-1.51911	0.29348
0.56	0.345536	-0.177609	0.033077	-0.507214	-1.51854	0.292082
0.565	0.345747	-0.177604	0.0330696	-0.506036	-1.51787	0.291291
0.57	0.345877	-0.177596	0.0330305	-0.505965	-1.51538	0.293305
0.575	0.346056	-0.177595	0.0330103	-0.505832	-1.51396	0.294096
0.58	0.346241	-0.177597	0.0329917	-0.505926	-1.5126	0.29496
0.585	0.34643	-0.177601	0.0329743	-0.506192	-1.51131	0.295874
0.59	0.346739	-0.177537	0.0329964	-0.496124	-1.51258	0.286375
0.595	0.346976	-0.17752	0.0329945	-0.493035	-1.51226	0.283765
0.6	0.347208	-0.177509	0.0329905	-0.490862	-1.5118	0.282006
0.605	0.347335	-0.177514	0.0329482	-0.492372	-1.50905	0.285354
0.61	0.347524	-0.177516	0.0329282	-0.49244	-1.5076	0.286267
0.615	0.347719	-0.177519	0.0329098	-0.492694	-1.50624	0.287229
0.62	0.347918	-0.177525	0.0328928	-0.493089	-1.50494	0.288221
0.625	0.348227	-0.17745	0.03291	-0.482064	-1.50599	0.278283
0.63	0.34847	-0.177429	0.0329066	-0.478691	-1.50559	0.275553
0.635	0.34871	-0.177415	0.0329015	-0.47629	-1.50507	0.273698
0.64	0.34885	-0.177429	0.0328619	-0.478335	-1.50241	0.277213
0.645	0.34905	-0.177433	0.0328426	-0.478516	-1.50098	0.278153
0.65	0.349254	-0.177438	0.0328249	-0.478863	-1.49963	0.279139
0.655	0.349463	-0.177446	0.0328085	-0.479336	-1.49834	0.280153
0.66	0.34977	-0.17736	0.0328204	-0.467486	-1.49915	0.269884
0.665	0.35002	-0.177336	0.0328155	-0.463857	-1.49868	0.267054
0.67	0.350265	-0.177319	0.0328092	-0.46125	-1.49809	0.265117
0.675	0.350508	-0.177309	0.0328019	-0.459458	-1.49742	0.263891
0.68	0.350637	-0.177331	0.0327562	-0.462132	-1.49433	0.268077
0.685	0.350837	-0.17734	0.0327341	-0.462711	-1.49269	0.269438
0.69	0.351044	-0.177349	0.0327142	-0.463357	-1.49118	0.270739
0.695	0.351363	-0.177273	0.0327276	-0.45325	-1.49205	0.26187
0.7	0.351619	-0.177253	0.0327222	-0.450292	-1.49152	0.259629
0.705	0.351871	-0.177241	0.0327156	-0.448209	-1.49089	0.25815
0.71	0.352121	-0.177234	0.0327081	-0.44682	-1.49019	0.257274
0.715	0.352263	-0.177234	0.0326635	-0.446287	-1.48724	0.258717
0.72	0.352473	-0.177236	0.0326419	-0.445935	-1.48564	0.259291
0.725	0.352689	-0.17724	0.0326225	-0.445868	-1.48417	0.259995
0.73	0.353005	-0.177182	0.032633	-0.438324	-1.48479	0.253355
0.735	0.353265	-0.177167	0.0326268	-0.436015	-1.48419	0.251685
0.74	0.353523	-0.177159	0.0326196	-0.43444	-1.48351	0.25065
0.745	0.353701	-0.177148	0.0325851	-0.432486	-1.48119	0.250471
0.75	0.353928	-0.177146	0.0325672	-0.431601	-1.47983	0.250451
0.755	0.354159	-0.177148	0.0325508	-0.431131	-1.47854	0.250702
0.76	0.354394	-0.177152	0.0325357	-0.430983	-1.4773	0.25116
0.765	0.354633	-0.177159	0.0325215	-0.431085	-1.47612	0.251775
0.77	0.354937	-0.177061	0.0325226	-0.419117	-1.47638	0.241959
0.775	0.355203	-0.177034	0.032515	-0.415315	-1.47576	0.239146
0.78	0.355467	-0.177015	0.0325069	-0.41256	-1.47507	0.237212
0.785	0.355729	-0.177004	0.0324983	-0.410637	-1.47431	0.235974
0.79	0.355884	-0.177034	0.0324566	-0.41321	-1.47132	0.239697
0.795	0.356106	-0.177046	0.0324358	-0.413732	-1.4697	0.240912
0.8	0.356336	-0.177059	0.0324172	-0.41435	-1.4682	0.242112
0.805	0.356659	-0.176968	0.0324227	-0.403732	-1.46871	0.233278
0.81	0.356931	-0.176946	0.0324152	-0.400578	-1.46808	0.231006
0.815	0.3572	-0.176931	0.0324072	-0.398329	-1.46737	0.229492
0.82	0.357468	-0.176924	0.0323988	-0.3968	-1.46661	0.228577
0.825	0.357629	-0.176929	0.0323566	-0.396235	-1.46368	0.229699
0.83	0.357857	-0.176933	0.0323358	-0.395829	-1.46208	0.230151
0.835	0.358093	-0.176941	0.0323172	-0.395726	-1.46061	0.230762
0.84	0.358415	-0.176871	0.0323218	-0.387756	-1.46097	0.224145
0.845	0.35869	-0.176855	0.032314	-0.385276	-1.46029	0.22244
0.85	0.358963	-0.176846	0.0323059	-0.383557	-1.45955	0.221369
0.855	0.359234	-0.176842	0.0322974	-0.382441	-1.45877	0.220798
0.86	0.359401	-0.176822	0.032255	-0.379122	-1.45591	0.21966
0.865	0.359634	-0.17682	0.0322342	-0.377916	-1.45434	0.219463
0.87	0.359874	-0.176822	0.0322156	-0.377191	-1.45288	0.219571
0.875	0.36012	-0.176828	0.0321989	-0.376841	-1.45153	0.219914
0.88	0.360461	-0.176752	0.0322071	-0.368496	-1.45218	0.212867
0.885	0.360748	-0.176733	0.0322014	-0.365785	-1.45164	0.210902
0.89	0.361031	-0.176722	0.0321949	-0.363879	-1.45103	0.20962
0.895	0.361199	-0.176722	0.0321536	-0.362566	-1.44811	0.210071
0.9	0.361437	-0.176724	0.0321339	-0.361776	-1.44658	0.210169
0.905	0.361683	-0.17673	0.0321163	-0.361377	-1.44516	0.210506
0.91	0.361933	-0.176739	0.0321004	-0.361284	-1.44383	0.211026
0.915	0.362261	-0.176646	0.0321022	-0.351328	-1.44418	0.202914
0.92	0.362545	-0.176622	0.0320945	-0.348143	-1.44355	0.200641
0.925	0.362827	-0.176608	0.0320865	-0.34586	-1.44286	0.199114
0.93	0.363011	-0.176621	0.0320506	-0.345873	-1.44019	0.200429
0.935	0.363256	-0.176626	0.0320323	-0.345411	-1.43873	0.200736
0.94	0.363506	-0.176636	0.0320159	-0.34527	-1.43737	0.201235
0.945	0.363762	-0.176648	0.0320009	-0.34538	-1.43609	0.201883
0.95	0.364075	-0.176539	0.0319967	-0.334076	-1.43613	0.19292
0.955	0.364356	-0.176511	0.0319873	-0.330492	-1.43541	0.190395
0.96	0.364637	-0.176493	0.0319779	-0.327892	-1.43465	0.188669
0.965	0.364916	-0.176484	0.0319685	-0.326075	-1.43386	0.187576
0.97	0.365086	-0.176508	0.0319296	-0.326954	-1.4309	0.189652
0.975	0.365326	-0.17652	0.0319097	-0.326945	-1.42929	0.190361
0.98	0.365573	-0.176534	0.0318921	-0.327157	-1.42782	0.191172
0.985	0.365898	-0.17644	0.0318917	-0.317632	-1.42806	0.183562
0.99	0.366182	-0.176419	0.0318827	-0.314704	-1.42735	0.181563
0.995	0.366464	-0.176407	0.0318736	-0.31262	-1.42659	0.180247
1.0	0.366744	-0.176402	0.0318646	-0.311208	-1.42581	0.179473
1.005	0.366914	-0.176397	0.0318245	-0.309266	-1.42288	0.179277
1.01	0.367153	-0.176401	0.0318044	-0.308426	-1.42129	0.179318
1.015	0.367401	-0.176409	0.0317866	-0.307986	-1.41984	0.179607
1.02	0.367654	-0.17642	0.0317706	-0.30786	-1.41849	0.180088
1.025	0.367995	-0.176316	0.0317737	-0.297758	-1.41904	0.17192
1.03	0.368287	-0.17629	0.0317666	-0.294495	-1.41849	0.169594
1.035	0.368575	-0.176275	0.031759	-0.292142	-1.41786	0.168015
1.04	0.368745	-0.176294	0.0317211	-0.292333	-1.41493	0.16946
1.045	0.368988	-0.176303	0.0317023	-0.291905	-1.41341	0.169786
1.05	0.369237	-0.176315	0.0316855	-0.29179	-1.41201	0.170297
1.055	0.369548	-0.176234	0.0316813	-0.2838	-1.41194	0.164082
1.06	0.369827	-0.176217	0.0316713	-0.281292	-1.41115	0.162462
1.065	0.370105	-0.176209	0.0316614	-0.27954	-1.41035	0.161441
1.07	0.370383	-0.176208	0.0316517	-0.278385	-1.40952	0.160895
1.075	0.370564	-0.176185	0.0316161	-0.274862	-1.40691	0.159263
1.08	0.370807	-0.176184	0.0315974	-0.273562	-1.40543	0.158884
1.085	0.371056	-0.176189	0.0315806	-0.27276	-1.40407	0.158841
1.09	0.37131	-0.176198	0.0315654	-0.272351	-1.4028	0.159061
1.095	0.37163	-0.176112	0.0315638	-0.264194	-1.40295	0.152638
1.1	0.371913	-0.176093	0.0315553	-0.261517	-1.4023	0.150833
1.105	0.372194	-0.176084	0.0315465	-0.259627	-1.4016	0.149661
1.11	0.372474	-0.176082	0.0315377	-0.258363	-1.40086	0.148994
1.115	0.372623	-0.176069	0.0314961	-0.255769	-1.3977	0.148308
1.12	0.372855	-0.176073	0.0314756	-0.25475	-1.39606	0.148211
1.125	0.373094	-0.176081	0.0314573	-0.254168	-1.39457	0.148386
1.13	0.373428	-0.176015	0.03146	-0.247822	-1.39499	0.143278
1.135	0.37371	-0.176002	0.0314519	-0.245719	-1.39436	0.141914
1.14	0.373989	-0.175999	0.0314436	-0.244282	-1.39368	0.14109
1.145	0.37417	-0.175978	0.0314108	-0.241171	-1.39117	0.139716
1.15	0.374411	-0.175978	0.0313935	-0.239913	-1.38979	0.139323
1.155	0.374658	-0.175983	0.0313778	-0.239144	-1.38852	0.139266
1.16	0.374909	-0.175994	0.0313635	-0.23876	-1.38732	0.139473
1.165	0.375205	-0.175908	0.0313571	-0.230801	-1.38713	0.133367
1.17	0.375477	-0.17589	0.0313471	-0.228201	-1.38639	0.131665
1.175	0.375747	-0.175881	0.0313373	-0.22637	-1.38562	0.130573
1.18	0.376017	-0.17588	0.0313275	-0.22515	-1.38484	0.129963
1.185	0.376183	-0.175866	0.0312936	-0.222553	-1.38217	0.129042
1.19	0.376415	-0.175869	0.0312753	-0.221547	-1.3807	0.128876
1.195	0.376653	-0.175878	0.0312589	-0.220975	-1.37935	0.128996
1.2	0.376896	-0.175891	0.031244	-0.220746	-1.37811	0.12934
1.205	0.377213	-0.17579	0.0312434	-0.211876	-1.37844	0.12233
1.21	0.377488	-0.175768	0.0312353	-0.209001	-1.37787	0.120347
1.215	0.37776	-0.175756	0.0312268	-0.206948	-1.37725	0.119027
1.22	0.377925	-0.175769	0.031195	-0.206488	-1.37462	0.119743
1.225	0.378155	-0.175778	0.031178	-0.205935	-1.37322	0.119896
1.23	0.378391	-0.175792	0.0311625	-0.205722	-1.37193	0.120265
1.235	0.378679	-0.175713	0.0311567	-0.19862	-1.37177	0.114844
1.24	0.378939	-0.175699	0.0311465	-0.196378	-1.37101	0.113433
1.245	0.379198	-0.175694	0.0311364	-0.194829	-1.37024	0.112566
1.25	0.379456	-0.175696	0.0311264	-0.19383	-1.36946	0.112131
1.255	0.379626	-0.175666	0.0310969	-0.190153	-1.36711	0.110214
1.26	0.379852	-0.175665	0.0310801	-0.188846	-1.36576	0.109757
1.265	0.380082	-0.175671	0.0310648	-0.188035	-1.36452	0.109645
1.27	0.380317	-0.175682	0.0310507	-0.187618	-1.36336	0.109803
1.275	0.38061	-0.1756	0.0310474	-0.180469	-1.36342	0.104264
1.28	0.380869	-0.175584	0.0310386	-0.178134	-1.3628	0.102729
1.285	0.381126	-0.175578	0.0310295	-0.176508	-1.36213	0.101761
1.29	0.38138	-0.17558	0.0310203	-0.175447	-1.36144	0.101243
1.295	0.381519	-0.175559	0.0309869	-0.172589	-1.35865	0.100125
1.3	0.381729	-0.175562	0.0309689	-0.171543	-1.35718	0.0999148
1.305	0.381946	-0.175571	0.0309527	-0.170938	-1.35585	0.0999945
1.31	0.382168	-0.175585	0.0309378	-0.170682	-1.35462	0.100302
1.315	0.382487	-0.175491	0.0309414	-0.162824	-1.35533	0.0939689
1.32	0.382748	-0.175471	0.0309347	-0.160285	-1.35492	0.0921957
1.325	0.383005	-0.175463	0.0309273	-0.158495	-1.35443	0.0910335
1.33	0.383137	-0.17547	0.0308954	-0.157695	-1.35165	0.0915075
1.335	0.383344	-0.175479	0.0308786	-0.157113	-1.35026	0.0916232
1.34	0.383556	-0.175492	0.0308633	-0.156875	-1.34899	0.0919587
1.345	0.383837	-0.175419	0.0308609	-0.150533	-1.34912	0.0870306
1.35	0.38408	-0.175407	0.0308518	-0.148542	-1.34849	0.0857681
1.355	0.38432	-0.175404	0.0308426	-0.147188	-1.34782	0.0850116
1.36	0.384558	-0.175409	0.0308333	-0.146341	-1.34714	0.0846573
1.365	0.3847	-0.175375	0.0308054	-0.142698	-1.34476	0.0827571
1.37	0.384901	-0.175374	0.0307894	-0.14145	-1.34345	0.0823251
1.375	0.385106	-0.17538	0.0307746	-0.140685	-1.34225	0.082227
1.38	0.385316	-0.175391	0.0307609	-0.140302	-1.34113	0.0823916
1.385	0.385601	-0.175316	0.0307614	-0.13399	-1.34154	0.0773807
1.39	0.385841	-0.175303	0.0307539	-0.131954	-1.34106	0.0760212
1.395	0.386077	-0.1753	0.0307459	-0.130562	-1.34052	0.0751845
1.4	0.386309	-0.175304	0.0307375	-0.129684	-1.33994	0.0747646
1.405	0.386413	-0.175278	0.0307056	-0.126767	-1.33708	0.0736146
1.41	0.386595	-0.175281	0.0306884	-0.125762	-1.33563	0.0734187
1.415	0.386784	-0.175289	0.0306727	-0.125187	-1.33432	0.0735049
1.42	0.387075	-0.175237	0.030676	-0.120544	-1.33499	0.0696895
1.425	0.387306	-0.175231	0.0306688	-0.119028	-1.33454	0.0687216
1.43	0.387533	-0.175233	0.0306611	-0.118049	-1.33403	0.0681943
1.435	0.387665	-0.175205	0.0306366	-0.115061	-1.33185	0.066734
1.44	0.387852	-0.175206	0.0306223	-0.113994	-1.33067	0.0663886
1.445	0.388043	-0.175213	0.0306089	-0.113371	-1.32958	0.0663557
1.45	0.388236	-0.175226	0.0305962	-0.1131	-1.32856	0.0665692
1.455	0.38843	-0.175243	0.0305842	-0.113108	-1.3276	0.0669769
1.46	0.388689	-0.175131	0.0305839	-0.104548	-1.32797	0.0602243
1.465	0.388907	-0.175106	0.0305768	-0.10185	-1.32754	0.058328
1.47	0.389121	-0.175094	0.0305691	-0.0999287	-1.32704	0.0570599
1.475	0.389331	-0.17509	0.0305609	-0.0986283	-1.3265	0.0562934
1.48	0.389426	-0.175117	0.0305332	-0.099392	-1.32386	0.0579152
1.485	0.389589	-0.175136	0.0305175	-0.099524	-1.32252	0.0585582
1.49	0.389758	-0.175157	0.0305032	-0.0998498	-1.32129	0.059304
1.495	0.390025	-0.175061	0.0305063	-0.0925217	-1.32201	0.0533914
1.5	0.390233	-0.175044	0.0304996	-0.0903702	-1.32161	0.0519082
1.505	0.390437	-0.175038	0.0304922	-0.0888834	-1.32115	0.0509668
1.51	0.390636	-0.175039	0.0304844	-0.0879275	-1.32064	0.0504579
1.515	0.390727	-0.175036	0.0304589	-0.0867983	-1.31818	0.0505233
1.52	0.390882	-0.175045	0.0304442	-0.0863881	-1.31692	0.0507118
1.525	0.391041	-0.175059	0.0304306	-0.0862844	-1.31577	0.0510975
1.53	0.391293	-0.174993	0.0304332	-0.0809693	-1.31641	0.0467758
1.535	0.391489	-0.174984	0.0304266	-0.079378	-1.31601	0.0457261
1.54	0.39168	-0.174984	0.0304193	-0.078337	-1.31556	0.0451283
1.545	0.391867	-0.17499	0.0304115	-0.0777351	-1.31505	0.0448909
1.55	0.391955	-0.17496	0.0303888	-0.0749574	-1.31283	0.0435842
1.555	0.392101	-0.174961	0.0303753	-0.0740925	-1.31165	0.0433859
1.56	0.39225	-0.174969	0.0303625	-0.0736283	-1.31057	0.0434644
1.565	0.392402	-0.174982	0.0303505	-0.0734815	-1.30956	0.0437612
1.57	0.392661	-0.174914	0.0303565	-0.0681559	-1.31059	0.0392797
1.575	0.392852	-0.174904	0.0303516	-0.0665407	-1.31039	0.0381353
1.58	0.393036	-0.174902	0.0303458	-0.0654793	-1.31009	0.0374594
1.585	0.393214	-0.174907	0.0303393	-0.0648608	-1.30971	0.0371583
1.59	0.393256	-0.174887	0.0303126	-0.0628718	-1.30693	0.0366731
1.595	0.393377	-0.174892	0.0302981	-0.0622764	-1.3056	0.0367378
1.6	0.393504	-0.174901	0.0302846	-0.0620245	-1.3044	0.0370224
1.605	0.393762	-0.174855	0.0302922	-0.0581239	-1.30564	0.0335635
1.61	0.39394	-0.174851	0.0302875	-0.0569765	-1.30546	0.0327759
1.615	0.394111	-0.174855	0.0302818	-0.0562877	-1.30517	0.0323831
1.62	0.394275	-0.174864	0.0302754	-0.0559654	-1.3048	0.0323058
1.625	0.394318	-0.174822	0.0302524	-0.0526574	-1.30233	0.030679
1.63	0.394431	-0.174819	0.0302393	-0.0517028	-1.30112	0.0304207
1.635	0.394548	-0.174823	0.030227	-0.051166	-1.30002	0.0304489
1.64	0.394784	-0.1748	0.030233	-0.0487772	-1.30111	0.0282113
1.645	0.394946	-0.174802	0.0302282	-0.0480653	-1.3009	0.027765
1.65	0.395102	-0.17481	0.0302225	-0.0477235	-1.3006	0.0276432
1.655	0.395251	-0.174823	0.0302161	-0.0476772	-1.30023	0.0277804
1.66	0.395297	-0.174762	0.030197	-0.0432763	-1.2981	0.0251788
1.665	0.395401	-0.174753	0.0301853	-0.0420333	-1.29701	0.0246515
1.67	0.395508	-0.174752	0.0301743	-0.0412676	-1.296	0.0244654
1.675	0.395617	-0.174758	0.0301637	-0.0408804	-1.29506	0.0245489
1.68	0.39586	-0.174741	0.0301731	-0.0389326	-1.2966	0.0224681
1.685	0.396017	-0.174746	0.0301701	-0.038428	-1.29661	0.0220933
1.69	0.396165	-0.174756	0.030166	-0.0382513	-1.29649	0.0220272
1.695	0.39619	-0.174715	0.0301464	-0.0352223	-1.29425	0.0205477
1.7	0.396282	-0.174712	0.0301354	-0.0344151	-1.29322	0.0203403
1.705	0.396376	-0.174716	0.0301251	-0.0339951	-1.29226	0.0204066
1.71	0.39647	-0.174725	0.0301151	-0.0338823	-1.29135	0.0206894
1.715	0.396697	-0.174689	0.0301247	-0.0308172	-1.29289	0.0177231
1.72	0.396839	-0.174688	0.0301222	-0.0300116	-1.29292	0.017102
1.725	0.396971	-0.174692	0.0301184	-0.029594	-1.29281	0.016838
1.73	0.396991	-0.174672	0.0301005	-0.0279384	-1.29075	0.0163662
1.735	0.397071	-0.174675	0.0300904	-0.0275291	-1.28979	0.0164411
1.74	0.397152	-0.174683	0.0300808	-0.0274252	-1.28889	0.0167304
1.745	0.397234	-0.174694	0.0300715	-0.0275635	-1.28803	0.0171892
1.75	0.397445	-0.174642	0.0300816	-0.0235971	-1.28958	0.0135029
1.755	0.397571	-0.174636	0.0300797	-0.022559	-1.28964	0.0126861
1.76	0.397688	-0.174636	0.0300765	-0.0219551	-1.28955	0.0122648
1.765	0.397796	-0.174642	0.0300723	-0.0216991	-1.28934	0.0121604
1.77	0.397784	-0.174628	0.0300531	-0.020587	-1.28704	0.0122139
1.775	0.397838	-0.174633	0.0300426	-0.0204245	-1.28596	0.0125274
1.78	0.397895	-0.174643	0.0300327	-0.0205155	-1.28497	0.0130044
1.785	0.398095	-0.174608	0.0300431	-0.0177023	-1.2866	0.0101767
1.79	0.398204	-0.174607	0.0300411	-0.0170578	-1.28664	0.00967166
1.795	0.398303	-0.174611	0.030038	-0.0167682	-1.28654	0.0094986
1.8	0.398394	-0.17462	0.030034	-0.0167624	-1.28632	0.00959121
1.805	0.398477	-0.174632	0.0300293	-0.0169831	-1.28602	0.00989579
1.81	0.398463	-0.174581	0.0300143	-0.0137404	-1.28405	0.00815801
1.815	0.398502	-0.174574	0.0300052	-0.0129957	-1.28305	0.00798525
1.82	0.398542	-0.174574	0.0299965	-0.0126241	-1.28212	0.00807602
1.825	0.398728	-0.174578	0.0300066	-0.0121222	-1.28382	0.00701308
1.83	0.398821	-0.174586	0.030005	-0.0121356	-1.28391	0.00699815
1.835	0.398903	-0.174598	0.0300024	-0.0123715	-1.28385	0.00721609
1.84	0.398976	-0.174612	0.0299989	-0.012785	-1.28367	0.00761996
1.845	0.398961	-0.17455	0.0299869	-0.00897787	-1.28199	0.00532629
1.85	0.398991	-0.17454	0.0299795	-0.00810148	-1.28115	0.00499117
1.855	0.399021	-0.174537	0.0299722	-0.00762547	-1.28034	0.00495257
1.86	0.399175	-0.174554	0.0299802	-0.00803266	-1.28178	0.00469469
1.865	0.399248	-0.174566	0.0299785	-0.00833258	-1.28182	0.00491998
1.87	0.39931	-0.174579	0.0299759	-0.00879707	-1.28172	0.0053292
1.875	0.399364	-0.174595	0.0299724	-0.0093925	-1.28151	0.00588488
1.88	0.399361	-0.174526	0.029965	-0.00516127	-1.28035	0.00305593
1.885	0.399383	-0.174513	0.0299593	-0.00419817	-1.27968	0.00258341
1.89	0.399403	-0.174507	0.0299535	-0.00365327	-1.27901	0.00243507
1.895	0.399524	-0.174535	0.0299595	-0.00483626	-1.28017	0.0028868
1.9	0.399577	-0.17455	0.0299577	-0.00538757	-1.28016	0.0033251
1.905	0.39962	-0.174565	0.0299551	-0.00605255	-1.28003	0.00390387
1.91	0.399654	-0.174582	0.0299519	-0.00680749	-1.27979	0.00459405
1.915	0.399682	-0.174599	0.0299481	-0.00763324	-1.27947	0.00537224
1.92	0.399695	-0.174497	0.029947	-0.00151009	-1.27899	0.000793769
1.925	0.399709	-0.174473	0.0299436	4.31521e-05	-1.27852	-0.000221454
1.93	0.399718	-0.174458	0.0299398	0.00105836	-1.27801	-0.000802453
1.935	0.399802	-0.174526	0.0299427	-0.00257514	-1.27888	0.00167574
1.94	0.399832	-0.17455	0.0299407	-0.00383062	-1.27882	0.00268062
1.945	0.399853	-0.174573	0.0299381	-0.00505769	-1.27865	0.00371127
1.95	0.399866	-0.174596	0.0299349	-0.00626054	-1.27838	0.00476109
1.955	0.399883	-0.174487	0.0299372	0.000186497	-1.27828	-0.000226126
1.96	0.399887	-0.174462	0.0299354	0.0017235	-1.27797	-0.00129307
1.965	0.399885	-0.174445	0.0299329	0.00272621	-1.27759	-0.00191607
1.97	0.399938	-0.174518	0.0299343	-0.00129515	-1.27821	0.000961633
1.975	0.399948	-0.174543	0.0299324	-0.00269238	-1.27811	0.00209284
1.98	0.399949	-0.174566	0.02993	-0.00403221	-1.27791	0.00322381
1.985	0.399942	-0.174589	0.029927	-0.00532456	-1.27761	0.00435305
1.99	0.399969	-0.174482	0.0299331	0.000958172	-1.27801	-0.000709935
1.995	0.399965	-0.174458	0.0299328	0.00240795	-1.27786	-0.00177879
2.0	0.399953	-0.174441	0.0299317	0.00334152	-1.27762	-0.00240404
2.005	0.399934	-0.174431	0.0299298	0.00386224	-1.2773	-0.00267457
2.01	0.399978	-0.174525	0.0299303	-0.00150586	-1.27805	0.00118753
2.015	0.39998	-0.17456	0.0299251	-0.0035546	-1.27802	0.00279547
2.02	0.399976	-0.174592	0.0299176	-0.00541541	-1.27787	0.00430766
2.025	0.39997	-0.174488	0.0299127	0.000668065	-1.2777	-0.000455426
2.03	0.399959	-0.174467	0.0299025	0.00184322	-1.2774	-0.0012797
2.035	0.399946	-0.174454	0.0298899	0.00255748	-1.27704	-0.00170964
2.04	0.399931	-0.174447	0.0298752	0.00290374	-1.27662	-0.00182488
2.045	0.39998	-0.174521	0.0298634	-0.00122238	-1.27728	0.00093646
2.05	0.399987	-0.17455	0.0298464	-0.00288934	-1.27718	0.00220596
2.055	0.399988	-0.174576	0.029827	-0.0044441	-1.27698	0.00344674
2.06	0.399968	-0.174491	0.0298072	0.000486422	-1.2764	-0.00029451
2.065	0.399957	-0.174475	0.0297843	0.00136089	-1.27594	-0.000852359
2.07	0.399945	-0.174465	0.0297592	0.00183619	-1.27544	-0.00107071
2.075	0.399932	-0.174462	0.0297323	0.00199336	-1.27492	-0.00101872
2.08	0.39992	-0.174462	0.0297034	0.00189726	-1.27437	-0.000751726
2.085	0.399986	-0.17452	0.0296802	-0.00113133	-1.27517	0.000767823
2.09	0.400003	-0.174546	0.0296504	-0.00256281	-1.27508	0.00172917
2.095	0.400014	-0.17457	0.0296184	-0.00392805	-1.27488	0.0027223
2.1	0.399964	-0.174491	0.029581	0.000414155	-1.2736	-0.000176886
2.105	0.399948	-0.174477	0.0295438	0.00114909	-1.2729	-0.000525614
2.11	0.399934	-0.174469	0.029505	0.00151565	-1.27221	-0.000579564
2.115	0.399922	-0.174466	0.0294645	0.00158919	-1.27153	-0.000399419
2.12	0.399985	-0.174515	0.0294294	-0.000857195	-1.27213	0.000540347
2.125	0.400003	-0.174537	0.0293883	-0.00201701	-1.27192	0.00126024
2.13	0.400016	-0.174557	0.0293452	-0.00316232	-1.27163	0.00205758
2.135	0.399964	-0.174494	0.029296	0.000256385	-1.27017	-4.44193e-05
2.14	0.39995	-0.174484	0.0292477	0.000746366	-1.26937	-0.000184544
2.145	0.399939	-0.174479	0.0291981	0.000920732	-1.26861	-7.53688e-05
2.15	0.399931	-0.174479	0.0291472	0.000844298	-1.26787	0.000231518
2.155	0.399926	-0.174483	0.0290949	0.000568702	-1.26715	0.000695077
2.16	0.399988	-0.174513	0.0290478	-0.000684886	-1.26757	0.000282719
2.165	0.400009	-0.17453	0.0289951	-0.0015399	-1.26728	0.000617739
2.17	0.400027	-0.174548	0.0289407	-0.0024384	-1.26693	0.00110418
2.175	0.399962	-0.174496	0.0288781	0.000141533	-1.26511	0.000119833
2.18	0.399947	-0.174488	0.0288182	0.000429094	-1.26416	0.000258444
2.185	0.399938	-0.174486	0.0287574	0.000447089	-1.26327	0.000585025
2.19	0.399932	-0.174488	0.0286955	0.000251041	-1.26244	0.00106034
2.195	0.399984	-0.17451	0.0286378	-0.000478723	-1.26258	0.000128648
2.2	0.400004	-0.174523	0.0285757	-0.00111431	-1.26215	0.000278266
2.205	0.400022	-0.174537	0.0285122	-0.00183368	-1.26168	0.000612763
2.21	0.399963	-0.174498	0.0284413	2.30992e-05	-1.25987	0.000209991
2.215	0.399953	-0.174494	0.028373	0.000124579	-1.25889	0.000493992
2.22	0.399947	-0.174494	0.028304	-1.51036e-06	-1.25797	0.000932121
2.225	0.399946	-0.174498	0.0282341	-0.000308214	-1.25712	0.0014921
2.23	0.399948	-0.174505	0.0281635	-0.000758168	-1.25632	0.00214833
2.235	0.399983	-0.174506	0.0280952	-0.000236263	-1.25601	-0.000206739
2.24	0.400001	-0.174514	0.028024	-0.000512931	-1.25544	-0.000503067
2.245	0.400019	-0.174524	0.0279517	-0.000941785	-1.25486	-0.000528747
2.25	0.399964	-0.1745	0.0278726	-0.000129192	-1.25304	0.000415977
2.255	0.399957	-0.174501	0.0277963	-0.00028451	-1.25201	0.00103979
2.26	0.399955	-0.174504	0.0277196	-0.00060912	-1.25107	0.00174284
2.265	0.399957	-0.174511	0.0276423	-0.00106813	-1.25019	0.00250827
2.27	0.399979	-0.174504	0.0275665	-0.000104593	-1.24957	-0.000280109
2.275	0.399993	-0.174508	0.0274888	-0.000222681	-1.24886	-0.000696435
2.28	0.400009	-0.174516	0.0274104	-0.000520706	-1.24818	-0.000822098
2.285	0.399966	-0.174502	0.0273266	-0.000205393	-1.2465	0.000460645
2.29	0.399963	-0.174505	0.0272452	-0.000483685	-1.24548	0.00116179
2.295	0.399965	-0.174511	0.0271635	-0.000901884	-1.24455	0.00192196
2.3	0.399972	-0.174519	0.0270815	-0.00143112	-1.24368	0.00272847
2.305	0.399975	-0.174502	0.0269996	1.5678e-06	-1.24268	-0.00034645
2.31	0.399985	-0.174503	0.026917	3.02134e-05	-1.24184	-0.00085491
2.315	0.399998	-0.174508	0.0268341	-0.00014634	-1.24105	-0.00105838
2.32	0.400014	-0.174516	0.0267507	-0.000485307	-1.2403	-0.00101956
2.325	0.399964	-0.174502	0.0266623	-0.000245815	-1.23845	0.000671042
2.33	0.399958	-0.174505	0.0265766	-0.000555191	-1.23736	0.00156518
2.335	0.399959	-0.174511	0.026491	-0.000991626	-1.23636	0.00247308
2.34	0.399976	-0.174503	0.0264068	-0.000111007	-1.23556	-0.000159766
2.345	0.399989	-0.174507	0.0263217	-0.000236913	-1.23475	-0.000483759
2.35	0.400005	-0.174514	0.0262363	-0.000531552	-1.23398	-0.000545202
2.355	0.400023	-0.174523	0.0261509	-0.000959675	-1.23325	-0.000398064
2.36	0.399961	-0.1745	0.0260603	-0.000105612	-1.23116	0.000481589
2.365	0.399953	-0.1745	0.0259729	-0.000224291	-1.22998	0.00112205
2.37	0.399952	-0.174504	0.0258858	-0.000504903	-1.22893	0.00182373
2.375	0.399956	-0.17451	0.025799	-0.000914231	-1.22797	0.00257357
2.38	0.39998	-0.174504	0.025714	-0.00011854	-1.22727	-0.000335319
2.385	0.399997	-0.174509	0.0256281	-0.000258283	-1.22652	-0.00082038
2.39	0.400016	-0.174517	0.0255423	-0.000559468	-1.2258	-0.00101518
2.395	0.399965	-0.174502	0.0254527	-0.000175484	-1.2239	0.000474754
2.4	0.399961	-0.174505	0.0253657	-0.000409192	-1.2228	0.00120369
2.405	0.399963	-0.17451	0.0252792	-0.000777345	-1.22181	0.0019717
2.41	0.39997	-0.174518	0.0251932	-0.00125238	-1.2209	0.00277034
2.415	0.399976	-0.174502	0.0251083	-1.94702e-05	-1.21991	-0.000385413
2.42	0.399987	-0.174504	0.0250233	-2.20988e-05	-1.21906	-0.000945886
2.425	0.400002	-0.174509	0.0249387	-0.000209672	-1.21828	-0.00120494
2.43	0.399968	-0.174504	0.0248519	-0.000235168	-1.21671	0.00050363
2.435	0.399968	-0.174509	0.0247672	-0.000568091	-1.21571	0.00128152
2.44	0.399973	-0.174516	0.0246832	-0.00101166	-1.21479	0.00208479
2.445	0.399981	-0.174525	0.0245998	-0.00154315	-1.21395	0.0029078
2.45	0.399972	-0.1745	0.0245171	6.64726e-05	-1.21273	-0.000429306
2.455	0.399979	-0.174499	0.024435	0.000182685	-1.21183	-0.00105054
2.46	0.399988	-0.174502	0.0243535	9.3912e-05	-1.211	-0.00136193
2.465	0.4	-0.174508	0.0242726	-0.000157146	-1.21022	-0.00142714
2.47	0.399967	-0.174505	0.0241904	-0.000302884	-1.20873	0.000750222
2.475	0.399965	-0.174511	0.0241101	-0.000692704	-1.20776	0.00175526
2.48	0.399968	-0.174519	0.0240308	-0.00117648	-1.20687	0.00273492
2.485	0.399974	-0.174502	0.0239533	-5.05189e-05	-1.20596	-0.000234384
2.49	0.399982	-0.174504	0.023876	-8.1362e-05	-1.20516	-0.000677122
2.495	0.399993	-0.174509	0.0237995	-0.000283078	-1.20442	-0.000850424
2.5	0.400005	-0.174516	0.0237239	-0.000620148	-1.20371	-0.000809484
2.505	0.399965	-0.174502	0.0236475	-0.000166274	-1.20216	0.000561804
2.51	0.39996	-0.174505	0.0235731	-0.000370894	-1.20119	0.00131542
2.515	0.399959	-0.174511	0.0234998	-0.000704299	-1.20031	0.00209171
2.52	0.399975	-0.174503	0.0234286	-0.000132517	-1.19967	-0.00011976
2.525	0.399985	-0.174508	0.0233578	-0.000300013	-1.19897	-0.000372289
2.53	0.399995	-0.174515	0.023288	-0.000606901	-1.1983	-0.000397565
2.535	0.400006	-0.174524	0.0232192	-0.00102424	-1.19765	-0.000242051
2.54	0.400017	-0.174534	0.0231515	-0.00152903	-1.19703	5.7223e-05
2.545	0.39996	-0.174497	0.0230839	0.00010181	-1.19527	0.000384964
2.55	0.399946	-0.174493	0.0230181	0.000258612	-1.19426	0.000856799
2.555	0.399938	-0.174492	0.0229535	0.000216607	-1.19335	0.00140536
2.56	0.399979	-0.174507	0.0228915	-0.000298544	-1.19326	-6.34416e-06
2.565	0.399993	-0.174517	0.02283	-0.000742216	-1.19275	-6.21601e-05
2.57	0.400005	-0.174529	0.0227696	-0.00126612	-1.19224	6.60578e-05
2.575	0.400016	-0.174541	0.0227104	-0.00185345	-1.19172	0.000340809
2.58	0.39996	-0.174496	0.0226523	0.000179957	-1.19008	0.000239262
2.585	0.399946	-0.174489	0.0225957	0.000452659	-1.18916	0.000547676
2.59	0.399935	-0.174487	0.0225404	0.000505007	-1.18831	0.000963876
2.595	0.399979	-0.174508	0.0224875	-0.000346694	-1.1884	7.87639e-05
2.6	0.399991	-0.17452	0.0224353	-0.00087225	-1.18797	0.000158904
2.605	0.400001	-0.174532	0.0223845	-0.00145896	-1.18753	0.000393198
2.61	0.400008	-0.174546	0.0223351	-0.00209394	-1.18707	0.000750224
2.615	0.40004	-0.17452	0.022475	-0.000572289	-1.18614	0.00062768
2.62	0.400009	-0.174506	0.0222676	-0.000973209	-1.18575	0.0012859
2.625	0.400017	-0.174533	0.0222459	-0.00154931	-1.18543	0.00195922
2.63	0.400038	-0.174536	0.0222387	-0.0023088	-1.18517	0.00258634
2.635	0.400064	-0.174568	0.0221838	-0.00343794	-1.18502	0.00350502
2.64	0.400008	-0.174509	0.0221595	-4.89556e-05	-1.18331	-0.000203883
2.645	0.399997	-0.174502	0.022122	0.000327564	-1.18284	-0.000741021
2.65	0.400003	-0.174491	0.0220852	0.000471923	-1.18252	-0.00100636
2.655	0.400003	-0.174491	0.0220852	0.000494727	-1.18233	-0.00112415
2.66	0.400027	-0.174485	0.0220449	0.000282021	-1.18237	-0.000924376
2.665	0.400032	-0.174474	0.0220253	-0.000148907	-1.18244	-0.00072362
2.67	0.400039	-0.174447	0.0220031	-0.000828499	-1.18262	-0.000245333
2.675	0.400037	-0.174431	0.0219816	-0.00166805	-1.18287	0.000352105
2.68	0.400025	-0.174418	0.0219692	-0.00202777	-1.18313	0.000666028
2.685	0.400012	-0.174403	0.0219603	-0.00221413	-1.18344	0.000896953
2.69	0.399996	-0.174393	0.0219534	-0.00233768	-1.18378	0.00106719
2.695	0.399978	-0.174386	0.021948	-0.00242985	-1.18416	0.00119646
2.7	0.399959	-0.174382	0.0219437	-0.0025002	-1.18456	0.00129236
2.705	0.399939	-0.174379	0.0219405	-0.0025538	-1.18498	0.0013592
2.71	0.399918	-0.174377	0.0219382	-0.0025954	-1.18542	0.00140312
2.715	0.399896	-0.174376	0.0219367	-0.00262854	-1.18587	0.00143123
2.72	0.399874	-0.174375	0.0219359	-0.0026559	-1.18633	0.00145012
2.725	0.399852	-0.174375	0.0219356	-0.002679	-1.1868	0.00146384
2.73	0.39983	-0.174376	0.0219358	-0.00269912	-1.18728	0.00147453
2.735	0.399808	-0.174376	0.0219364	-0.00271732	-1.18776	0.00148324
2.74	0.399786	-0.174377	0.0219366	-0.00277092	-1.18825	0.00149181
2.745	0.399764	-0.174378	0.0219365	-0.00285113	-1.18875	0.00149855
2.75	0.399743	-0.174379	0.0219361	-0.00295382	-1.18925	0.00150561
2.755	0.399721	-0.17438	0.0219355	-0.00307655	-1.18976	0.0015147
2.76	0.399701	-0.174381	0.0219347	-0.00321757	-1.19027	0.00152716
2.765	0.39968	-0.174381	0.0219338	-0.00337317	-1.19079	0.00154311
2.77	0.399659	-0.174382	0.0219329	-0.0035352	-1.19131	0.00155962
2.775	0.399638	-0.174382	0.021932	-0.00370472	-1.19183	0.00157904
2.78	0.399618	-0.174383	0.0219311	-0.00388117	-1.19235	0.00160146
2.785	0.399597	-0.174383	0.0219301	-0.00406401	-1.19287	0.00162706
2.79	0.399576	-0.174384	0.0219291	-0.00425274	-1.19339	0.00165592
2.795	0.399556	-0.174384	0.0219281	-0.00444704	-1.19391	0.00168816
2.8	0.399535	-0.174385	0.021927	-0.00464662	-1.19443	0.00172388
2.805	0.399515	-0.174385	0.0219259	-0.00485122	-1.19496	0.00176319
2.81	0.399494	-0.174386	0.0219247	-0.00506066	-1.19548	0.00180614
2.815	0.399474	-0.174386	0.0219235	-0.0052747	-1.19601	0.00185275
2.82	0.399453	-0.174386	0.0219223	-0.00549315	-1.19653	0.00190307
2.825	0.399433	-0.174387	0.021921	-0.00571583	-1.19706	0.00195707
2.83	0.399411	-0.174393	0.0219153	-0.00572313	-1.19759	0.0018458
2.835	0.39939	-0.174405	0.0219039	-0.00533556	-1.19816	0.00143184
2.84	0.399374	-0.174411	0.0218982	-0.00495387	-1.19876	0.00104186
2.845	0.399362	-0.174412	0.0218918	-0.00486403	-1.19937	0.000904823
2.85	0.399349	-0.174412	0.0218834	-0.00496735	-1.19998	0.000930692
2.855	0.399335	-0.174416	0.0218724	-0.00500754	-1.2006	0.000904988
2.86	0.399317	-0.174429	0.0218577	-0.00459128	-1.20121	0.000508191
2.865	0.399292	-0.174454	0.0218457	-0.00373109	-1.20177	-0.00017752
2.87	0.399268	-0.174482	0.0218301	-0.00260828	-1.20235	-0.00108137
2.875	0.399252	-0.174512	0.0218283	-0.00132665	-1.20298	-0.00213497
2.88	0.39924	-0.174531	0.0218203	-0.00065778	-1.2036	-0.00267877
2.885	0.399229	-0.174548	0.0218137	-0.000481413	-1.20423	-0.00284232
2.89	0.399208	-0.174566	0.0217859	-0.000878943	-1.20478	-0.00250994
2.895	0.399187	-0.174582	0.0217582	-0.000640031	-1.20539	-0.00273709
2.9	0.399167	-0.174601	0.0217347	0.000107666	-1.20601	-0.00338478
2.905	0.399149	-0.174617	0.0217128	0.000812797	-1.20664	-0.00398891
2.91	0.399118	-0.174634	0.0217003	0.00147475	-1.20717	-0.00466191
2.915	0.399095	-0.174642	0.021691	0.00192317	-1.20774	-0.00511847
2.92	0.399067	-0.174651	0.0216829	0.00222611	-1.20828	-0.00546044
2.925	0.399039	-0.174656	0.0216755	0.00241403	-1.20881	-0.00567281
2.93	0.399014	-0.174652	0.0216705	0.0022892	-1.20934	-0.00560815
2.935	0.398989	-0.174644	0.0216655	0.00195662	-1.20987	-0.00535318
2.94	0.398961	-0.174638	0.0216588	0.00171533	-1.21039	-0.00516921
2.945	0.398935	-0.174631	0.0216518	0.00152329	-1.21092	-0.00500961
2.95	0.398908	-0.174625	0.0216447	0.00137055	-1.21145	-0.00487749
2.955	0.398881	-0.174621	0.0216377	0.00125334	-1.21198	-0.00477325
2.96	0.398856	-0.17461	0.0216315	0.000946352	-1.21252	-0.00450096
2.965	0.398832	-0.174597	0.0216255	0.00051894	-1.21305	-0.0041317
2.97	0.398808	-0.174584	0.0216193	1.04731e-05	-1.21359	-0.00369411
2.975	0.398784	-0.174569	0.0216134	-0.000532219	-1.21413	-0.00323139
2.98	0.398762	-0.174554	0.0216064	-0.0011113	-1.21467	-0.00273502
2.985	0.39874	-0.174541	0.0216019	-0.00169742	-1.21522	-0.00224481
2.99	0.398718	-0.174529	0.0215985	-0.00225827	-1.21575	-0.00178792
2.995	0.398695	-0.174517	0.0215953	-0.0028109	-1.21628	-0.00134016
3.0	0.398672	-0.174504	0.0215918	-0.00336497	-1.21681	-0.000893531
3.005	0.398649	-0.174497	0.02159	-0.00389226	-1.21734	-0.000459711
3.01	0.398625	-0.174489	0.0215883	-0.00439135	-1.21787	-5.06912e-05
3.015	0.398601	-0.174482	0.0215864	-0.00488117	-1.21839	0.000349413
3.02	0.398577	-0.174475	0.0215842	-0.00536519	-1.21891	0.000744891
3.025	0.398552	-0.174468	0.0215817	-0.0058464	-1.21943	0.0011398
3.03	0.398527	-0.17446	0.021579	-0.00632314	-1.21995	0.00153416
3.035	0.398503	-0.174455	0.0215761	-0.00671737	-1.22049	0.00184087
3.04	0.398479	-0.174447	0.0215724	-0.00707102	-1.22102	0.00210998
3.045	0.398455	-0.174438	0.021568	-0.00752357	-1.22156	0.00244063
3.05	0.39843	-0.174432	0.0215637	-0.00791668	-1.2221	0.00268144
3.055	0.398404	-0.174424	0.0215592	-0.00822869	-1.22263	0.00283736
3.06	0.398378	-0.174417	0.0215543	-0.00853041	-1.22317	0.00299047
3.065	0.398352	-0.174411	0.0215495	-0.00881307	-1.22371	0.0031478
3.07	0.398326	-0.174404	0.0215442	-0.00921463	-1.22424	0.00339473
3.075	0.398299	-0.174399	0.0215396	-0.00950563	-1.22478	0.00356782
3.08	0.398272	-0.174397	0.0215347	-0.00970473	-1.22532	0.00367364
3.085	0.398243	-0.1744	0.0215291	-0.00967243	-1.22587	0.00357853
3.09	0.398214	-0.1744	0.0215232	-0.0096511	-1.22641	0.003502
3.095	0.398185	-0.174401	0.0215166	-0.00967174	-1.22696	0.00343456
3.1	0.398155	-0.1744	0.0215102	-0.0097427	-1.22751	0.00341308
3.105	0.398126	-0.1744	0.0215015	-0.00982855	-1.22807	0.00336773
3.11	0.398097	-0.174398	0.0214928	-0.00993813	-1.22863	0.00332485
3.115	0.398068	-0.174394	0.0214833	-0.0101119	-1.22919	0.00333513
3.12	0.398039	-0.174386	0.0214731	-0.0104158	-1.22975	0.00347025
3.125	0.398009	-0.174378	0.0214622	-0.0107681	-1.23031	0.0036492
3.13	0.39798	-0.17437	0.0214512	-0.0111313	-1.23087	0.00383938
3.135	0.39795	-0.174361	0.0214404	-0.0114891	-1.23143	0.00402523
3.14	0.397918	-0.174359	0.0214302	-0.0115817	-1.23199	0.00404319
3.145	0.397887	-0.174357	0.0214206	-0.0115718	-1.23255	0.00401035
3.15	0.397856	-0.174358	0.021412	-0.0115022	-1.23311	0.00393749
3.155	0.397824	-0.17436	0.021404	-0.0113971	-1.23368	0.00383356
3.16	0.397793	-0.174361	0.0213964	-0.011291	-1.23424	0.00372591
3.165	0.397762	-0.174362	0.021389	-0.0112709	-1.2348	0.0036786
3.17	0.397731	-0.174362	0.0213827	-0.0113573	-1.23536	0.00373387
3.175	0.397701	-0.174363	0.0213767	-0.0114235	-1.23592	0.00372848
3.18	0.397671	-0.174361	0.0213699	-0.0115348	-1.23648	0.00374171
3.185	0.39764	-0.174362	0.0213639	-0.0115572	-1.23704	0.00370894
3.19	0.39761	-0.174359	0.0213572	-0.0116315	-1.23761	0.00371043
3.195	0.39758	-0.174357	0.0213502	-0.0117338	-1.23817	0.00372958
3.2	0.397549	-0.174354	0.0213438	-0.0118907	-1.23873	0.00381292
3.205	0.397519	-0.174352	0.0213378	-0.0119834	-1.23929	0.00388061
3.21	0.397488	-0.17435	0.0213317	-0.0120708	-1.23984	0.00395417
3.215	0.397458	-0.174345	0.0213255	-0.0122332	-1.24039	0.00411383
3.22	0.397427	-0.17434	0.0213194	-0.0124432	-1.24094	0.00432844
3.225	0.397396	-0.174337	0.0213122	-0.0125592	-1.24149	0.00445361
3.23	0.397366	-0.174333	0.0213049	-0.0126512	-1.24205	0.00455479
3.235	0.397335	-0.17433	0.0212979	-0.0127373	-1.2426	0.00463863
3.24	0.397304	-0.174331	0.0212914	-0.012686	-1.24316	0.00461791
3.245	0.397274	-0.174332	0.0212851	-0.0125841	-1.24372	0.00455361
3.25	0.397243	-0.174332	0.021279	-0.0125218	-1.24427	0.00451641
3.255	0.397212	-0.174333	0.0212729	-0.0124732	-1.24483	0.0044858
3.26	0.397181	-0.174334	0.0212671	-0.0124279	-1.24539	0.00445615
3.265	0.397151	-0.174335	0.0212615	-0.0124052	-1.24594	0.00444171
3.27	0.39712	-0.174336	0.0212559	-0.0124083	-1.24649	0.00444638
3.275	0.397089	-0.174336	0.0212504	-0.0124332	-1.24705	0.00446886
3.28	0.397058	-0.174336	0.021245	-0.0124631	-1.2476	0.00449589
3.285	0.397027	-0.174337	0.0212395	-0.0124939	-1.24815	0.00452425
3.29	0.396996	-0.174337	0.021234	-0.0125365	-1.24871	0.00455843
3.295	0.396966	-0.174337	0.0212284	-0.012582	-1.24926	0.00459318
3.3	0.396935	-0.174337	0.0212228	-0.0126284	-1.24982	0.0046279
3.305	0.396904	-0.174337	0.0212171	-0.0126808	-1.25037	0.00465954
3.31	0.396872	-0.174342	0.0212104	-0.0126038	-1.25093	0.00457422
3.315	0.39684	-0.174345	0.0212028	-0.0125452	-1.25148	0.00449555
3.32	0.396808	-0.174352	0.0211962	-0.0122337	-1.25206	0.00420362
3.325	0.396777	-0.174357	0.0211887	-0.0119675	-1.25263	0.0039048
3.33	0.396744	-0.174368	0.0211803	-0.0115315	-1.2532	0.00346145
3.335	0.396711	-0.174383	0.0211708	-0.010953	-1.25378	0.00289482
3.34	0.396678	-0.174396	0.0211614	-0.0104161	-1.25436	0.00236056
3.345	0.396644	-0.174409	0.021152	-0.00992164	-1.25494	0.0018566
3.35	0.39661	-0.17442	0.0211425	-0.00948316	-1.25552	0.00139801
3.355	0.396576	-0.174431	0.021133	-0.00909822	-1.2561	0.000987239
3.36	0.396542	-0.174439	0.0211234	-0.00881099	-1.25668	0.000658623
3.365	0.396507	-0.174455	0.0211125	-0.00826657	-1.25727	0.000130238
3.37	0.396473	-0.17446	0.0211039	-0.00800327	-1.25785	-0.000137644
3.375	0.396439	-0.174465	0.0210957	-0.00784373	-1.25842	-0.000309118
3.38	0.396406	-0.174467	0.0210889	-0.00768572	-1.259	-0.000466652
3.385	0.396374	-0.174466	0.0210827	-0.00763382	-1.25958	-0.000528462
3.39	0.396342	-0.174462	0.0210757	-0.00772842	-1.26014	-0.000454867
3.395	0.39631	-0.17446	0.0210692	-0.00776792	-1.26072	-0.0004261
3.4	0.396278	-0.174457	0.0210626	-0.00778589	-1.26129	-0.000412096
3.405	0.396247	-0.174455	0.0210561	-0.00779901	-1.26186	-0.000407166
3.41	0.396215	-0.174453	0.0210495	-0.00781172	-1.26243	-0.00041021
3.415	0.396184	-0.174453	0.0210427	-0.00778828	-1.26301	-0.000444492
3.42	0.396152	-0.174451	0.0210341	-0.00780788	-1.26357	-0.000440882
3.425	0.39612	-0.174451	0.0210261	-0.00777669	-1.26414	-0.000460849
3.43	0.396089	-0.174451	0.0210188	-0.00773427	-1.26472	-0.000503416
3.435	0.396057	-0.174451	0.0210115	-0.0077096	-1.26529	-0.000543234
3.44	0.396025	-0.17445	0.0210044	-0.00771657	-1.26586	-0.000577155
3.445	0.395994	-0.174449	0.0209972	-0.00774932	-1.26643	-0.000604527
3.45	0.395962	-0.174447	0.0209899	-0.00780328	-1.267	-0.00062603
3.455	0.39593	-0.174445	0.0209825	-0.00787535	-1.26757	-0.000641649
3.46	0.395898	-0.174444	0.0209753	-0.00791558	-1.26814	-0.000646917
3.465	0.395865	-0.174443	0.020968	-0.00790796	-1.26871	-0.000683725
3.47	0.395833	-0.17444	0.0209605	-0.00792239	-1.26928	-0.000687029
3.475	0.3958	-0.174441	0.0209524	-0.00786568	-1.26985	-0.000765312
3.48	0.395767	-0.174436	0.0209443	-0.00797346	-1.27041	-0.00067888
3.485	0.395734	-0.174432	0.0209361	-0.00817156	-1.27097	-0.000498404
3.49	0.395701	-0.174428	0.0209281	-0.00836072	-1.27153	-0.000293773
3.495	0.395668	-0.174422	0.0209201	-0.00857617	-1.27209	-4.25428e-05
3.5	0.395636	-0.174416	0.020912	-0.00881344	-1.27266	0.000207715
3.505	0.395602	-0.174415	0.0209026	-0.00882907	-1.27323	0.000250454
3.51	0.39557	-0.17441	0.0208918	-0.00897537	-1.2738	0.000427344
3.515	0.395536	-0.174408	0.0208819	-0.00913577	-1.27437	0.000606107
3.52	0.395503	-0.174406	0.020873	-0.0092797	-1.27494	0.000744493
3.525	0.395469	-0.174404	0.0208645	-0.00940333	-1.27551	0.000856275
3.53	0.395436	-0.174399	0.0208558	-0.00955369	-1.27608	0.000990883
3.535	0.395402	-0.174397	0.0208472	-0.00963708	-1.27666	0.00105591
3.54	0.395369	-0.174389	0.0208381	-0.00986196	-1.27723	0.00125559
3.545	0.395336	-0.17438	0.0208286	-0.0102081	-1.27779	0.00157319
3.55	0.395303	-0.174374	0.0208204	-0.0104774	-1.27837	0.00181802
3.555	0.395271	-0.174366	0.0208129	-0.0107206	-1.27894	0.00204227
3.56	0.395238	-0.174366	0.0208035	-0.010703	-1.27952	0.0020086
3.565	0.395205	-0.174365	0.0207933	-0.010624	-1.28011	0.00191526
3.57	0.395171	-0.174368	0.0207821	-0.0104429	-1.28069	0.00170335
3.575	0.395137	-0.174367	0.0207721	-0.0104036	-1.28127	0.00161695
3.58	0.395103	-0.174363	0.0207616	-0.0105081	-1.28185	0.0017235
3.585	0.395069	-0.174357	0.0207512	-0.0108084	-1.28241	0.00201433
3.59	0.395034	-0.174355	0.0207415	-0.0109197	-1.28299	0.00211401
3.595	0.395	-0.174351	0.0207321	-0.0109852	-1.28358	0.0021686
3.6	0.394966	-0.174348	0.0207227	-0.0110251	-1.28416	0.00221621
3.605	0.394932	-0.174343	0.0207126	-0.0111806	-1.28474	0.00237994
3.61	0.394897	-0.174341	0.020703	-0.0112632	-1.28533	0.00248285
3.615	0.394864	-0.174339	0.0206938	-0.01131	-1.28591	0.00255443
3.62	0.39483	-0.174337	0.0206848	-0.0113477	-1.2865	0.00261674
3.625	0.394797	-0.174336	0.0206759	-0.0113831	-1.28709	0.00267582
3.63	0.394763	-0.174335	0.0206672	-0.0114179	-1.28767	0.00273355
3.635	0.394731	-0.174331	0.0206587	-0.0115044	-1.28825	0.00284712
3.64	0.394698	-0.174326	0.0206505	-0.0116848	-1.28883	0.00305652
3.645	0.394666	-0.174323	0.020642	-0.0118584	-1.2894	0.00325319
3.65	0.394633	-0.174321	0.0206333	-0.0120064	-1.28997	0.00342453
3.655	0.394601	-0.174318	0.0206246	-0.0121258	-1.29055	0.00356615
3.66	0.394568	-0.174317	0.0206159	-0.0122163	-1.29112	0.003678
3.665	0.394536	-0.174316	0.0206071	-0.0122788	-1.2917	0.00376104
3.67	0.394503	-0.174315	0.0205982	-0.0123202	-1.29228	0.00382446
3.675	0.39447	-0.174315	0.0205891	-0.0123396	-1.29286	0.00386445
3.68	0.394436	-0.174314	0.0205796	-0.0123537	-1.29344	0.00389893
3.685	0.394402	-0.174314	0.02057	-0.0123666	-1.29403	0.00393175
3.69	0.394369	-0.174315	0.0205606	-0.0123331	-1.29461	0.00393859
3.695	0.394376	-0.174319	0.0205923	-0.012342	-1.29505	0.00395332
3.7	0.394374	-0.174337	0.0206203	-0.0123574	-1.29548	0.00389137
3.705	0.394373	-0.174341	0.0206428	-0.0123872	-1.2959	0.00386079
3.71	0.39437	-0.174341	0.0206604	-0.0124753	-1.29631	0.0038843
3.715	0.394363	-0.174341	0.0206739	-0.012492	-1.29672	0.00388126
3.72	0.394354	-0.174337	0.0206833	-0.0126671	-1.29714	0.00402861
3.725	0.394342	-0.174331	0.0206891	-0.0129812	-1.29756	0.00431972
3.73	0.394326	-0.174322	0.0206921	-0.0133764	-1.29798	0.00471354
3.735	0.394308	-0.174312	0.0206925	-0.0138302	-1.29842	0.00517959
3.74	0.394287	-0.174303	0.0206906	-0.01424	-1.29888	0.00560327
3.745	0.394265	-0.174293	0.0206868	-0.0146336	-1.29935	0.00601367
3.75	0.39424	-0.174283	0.0206813	-0.0150233	-1.29983	0.00641992
3.755	0.394213	-0.174273	0.0206743	-0.015432	-1.30033	0.00684522
3.76	0.394184	-0.174263	0.020666	-0.0158592	-1.30084	0.00728862
3.765	0.394154	-0.17426	0.0206581	-0.0160022	-1.30137	0.00743897
3.77	0.394124	-0.174258	0.0206501	-0.0160223	-1.30192	0.0074706
3.775	0.394092	-0.174256	0.020642	-0.0160174	-1.30246	0.00746806
3.78	0.394061	-0.174257	0.0206344	-0.0160431	-1.30302	0.0074787
3.785	0.394029	-0.174257	0.020626	-0.0161333	-1.30358	0.00753433
3.79	0.393996	-0.174257	0.0206173	-0.0162425	-1.30414	0.00760503
3.795	0.393963	-0.174257	0.0206084	-0.0163562	-1.30471	0.00768084
3.8	0.393929	-0.174256	0.0205991	-0.0164708	-1.30528	0.00775848
3.805	0.393896	-0.174256	0.0205897	-0.0165854	-1.30585	0.00783699
3.81	0.39387	-0.174255	0.0205875	-0.0167248	-1.30639	0.00798886
3.815	0.393842	-0.174258	0.0205844	-0.0168423	-1.30693	0.00807429
3.82	0.393814	-0.174255	0.0205793	-0.0170579	-1.30746	0.00828732
3.825	0.393784	-0.174252	0.0205731	-0.0172302	-1.308	0.0084654
3.83	0.393756	-0.174248	0.0205677	-0.0174115	-1.30855	0.00866356
3.835	0.393727	-0.174245	0.0205612	-0.0175525	-1.30909	0.00881952
3.84	0.393696	-0.174243	0.0205537	-0.0176753	-1.30964	0.00894966
3.845	0.393665	-0.17424	0.0205457	-0.0177898	-1.3102	0.0090652
3.85	0.393633	-0.174238	0.0205373	-0.0179019	-1.31075	0.00917505
3.855	0.393601	-0.174237	0.020529	-0.0179501	-1.31132	0.00922558
3.86	0.393568	-0.174235	0.0205203	-0.0180283	-1.31188	0.00930265
3.865	0.393534	-0.174234	0.0205112	-0.0180968	-1.31245	0.00936835
3.87	0.3935	-0.174233	0.0205018	-0.0181526	-1.31303	0.00941612
3.875	0.393466	-0.174231	0.020492	-0.0182396	-1.31361	0.00948052
3.88	0.393432	-0.17423	0.0204819	-0.0183374	-1.31419	0.00955124
3.885	0.393397	-0.174228	0.0204716	-0.0184406	-1.31477	0.00962639
3.89	0.393362	-0.174228	0.0204606	-0.018466	-1.31536	0.00962093
3.895	0.393326	-0.174226	0.0204498	-0.0184993	-1.31595	0.00964611
3.9	0.39329	-0.174226	0.020439	-0.0185348	-1.31654	0.00967769
3.905	0.393254	-0.174225	0.0204281	-0.0185712	-1.31714	0.00971117
3.91	0.393217	-0.174224	0.0204162	-0.0186498	-1.31773	0.00981472
3.915	0.39318	-0.174222	0.0204039	-0.0187268	-1.31833	0.00992194
3.92	0.393143	-0.17422	0.0203912	-0.0188283	-1.31892	0.0100607
3.925	0.393108	-0.174216	0.0203798	-0.0190643	-1.31951	0.0103275
3.93	0.393073	-0.174214	0.0203693	-0.019334	-1.32009	0.0106209
3.935	0.39304	-0.174211	0.0203595	-0.0195942	-1.32066	0.0108804
3.94	0.393005	-0.174209	0.0203493	-0.0198081	-1.32124	0.0110906
3.945	0.392971	-0.174207	0.0203394	-0.0198754	-1.32183	0.0111612
3.95	0.392936	-0.174205	0.0203293	-0.0199136	-1.32241	0.0111923
3.955	0.392901	-0.174203	0.0203191	-0.0199398	-1.32301	0.0112204
3.96	0.392866	-0.174203	0.0203082	-0.0199079	-1.3236	0.011183
3.965	0.39283	-0.174201	0.0202962	-0.0199623	-1.3242	0.0112032
3.97	0.392794	-0.174199	0.0202841	-0.0200415	-1.3248	0.0112487
3.975	0.392758	-0.174198	0.0202727	-0.0200505	-1.3254	0.0112462
3.98	0.392721	-0.174198	0.0202611	-0.0200151	-1.326	0.0112014
3.985	0.392685	-0.174197	0.0202494	-0.0199748	-1.32659	0.0111612
3.99	0.392648	-0.174197	0.0202378	-0.0199603	-1.32719	0.01116
3.995	0.392611	-0.174197	0.0202262	-0.0199453	-1.32779	0.0111621
4.0	0.392575	-0.174196	0.0202148	-0.0199524	-1.32838	0.0111882
4.005	0.392538	-0.174195	0.0202034	-0.0200124	-1.32898	0.0112563
4.01	0.392501	-0.174195	0.0201913	-0.0199704	-1.32958	0.0112287
4.015	0.392469	-0.174196	0.0201825	-0.0198536	-1.33017	0.0111402
4.02	0.392441	-0.174199	0.0201776	-0.0197247	-1.33073	0.0110345
4.025	0.392412	-0.174203	0.0201725	-0.0195959	-1.3313	0.0109212
4.03	0.392384	-0.174206	0.0201671	-0.0194764	-1.33186	0.0108182
4.035	0.392355	-0.174206	0.02016	-0.0194399	-1.33241	0.0107798
4.04	0.392329	-0.174208	0.0201563	-0.0193309	-1.33296	0.0106978
4.045	0.392301	-0.17421	0.0201513	-0.0192859	-1.3335	0.0106512
4.05	0.392273	-0.17421	0.0201454	-0.0192564	-1.33404	0.0106118
4.055	0.392245	-0.174211	0.020139	-0.0192062	-1.33459	0.010548
4.06	0.392216	-0.174211	0.0201319	-0.0191553	-1.33515	0.0104759
4.065	0.392187	-0.174213	0.020126	-0.0190382	-1.33571	0.0103548
4.07	0.392157	-0.174213	0.020119	-0.018997	-1.33627	0.0102896
4.075	0.392127	-0.174213	0.0201106	-0.0190328	-1.33683	0.0102917
4.08	0.392095	-0.174212	0.0201013	-0.0191524	-1.33739	0.0103928
4.085	0.392062	-0.174208	0.0200899	-0.0193853	-1.33796	0.0106129
4.09	0.392028	-0.174204	0.020077	-0.0196922	-1.33853	0.0109102
4.095	0.391993	-0.174199	0.0200638	-0.0200246	-1.33911	0.0112653
4.1	0.391958	-0.174192	0.0200502	-0.0204052	-1.33969	0.0116795
4.105	0.391946	-0.17419	0.0200527	-0.020564	-1.34005	0.0118582
4.11	0.391925	-0.174201	0.0200542	-0.0206334	-1.34044	0.0118865
4.115	0.391907	-0.174201	0.0200546	-0.0206788	-1.34087	0.0119143
4.12	0.391887	-0.174201	0.0200539	-0.0207153	-1.34131	0.0119344
4.125	0.391865	-0.174197	0.0200499	-0.0209126	-1.34177	0.0121263
4.13	0.391841	-0.174194	0.0200455	-0.0209765	-1.34224	0.0121935
4.135	0.391816	-0.174189	0.020039	-0.0212148	-1.34273	0.0124411
4.14	0.391789	-0.174182	0.0200299	-0.0215678	-1.34322	0.0128136
4.145	0.391759	-0.174173	0.0200188	-0.0220278	-1.34374	0.0132859
4.15	0.391734	-0.174169	0.0200133	-0.022097	-1.34421	0.0133704
4.155	0.391708	-0.174165	0.0200072	-0.0221964	-1.3447	0.0134722
4.16	0.391681	-0.174161	0.0200006	-0.0222802	-1.3452	0.0135464
4.165	0.391654	-0.174157	0.0199935	-0.0223613	-1.34572	0.0136146
4.17	0.391626	-0.174155	0.0199876	-0.0223694	-1.34625	0.0136125
4.175	0.391599	-0.174154	0.0199823	-0.0223612	-1.34679	0.0135941
4.18	0.391571	-0.174154	0.0199775	-0.0223514	-1.34732	0.0135713
4.185	0.391544	-0.174154	0.0199731	-0.022341	-1.34786	0.013546
4.19	0.391517	-0.174155	0.0199689	-0.0223283	-1.3484	0.0135166
4.195	0.39149	-0.174157	0.0199652	-0.0223114	-1.34894	0.0134817
4.2	0.391462	-0.174157	0.0199601	-0.0223696	-1.34948	0.0135167
4.205	0.391433	-0.174157	0.0199542	-0.0224477	-1.35003	0.0135695
4.21	0.391403	-0.174156	0.0199477	-0.0225319	-1.35058	0.0136286
4.215	0.391373	-0.174154	0.0199403	-0.0226446	-1.35113	0.0137197
4.22	0.391343	-0.174152	0.0199328	-0.0227789	-1.35169	0.0138314
4.225	0.391312	-0.17415	0.0199254	-0.0229034	-1.35225	0.0139322
4.23	0.391282	-0.174149	0.0199181	-0.023011	-1.35281	0.0140151
4.235	0.391251	-0.174148	0.0199109	-0.0231006	-1.35337	0.0140789
4.24	0.391218	-0.174153	0.0198991	-0.0227813	-1.35395	0.013748
4.245	0.391184	-0.174157	0.0198847	-0.0223105	-1.35453	0.0132725
4.25	0.391151	-0.174159	0.0198725	-0.0220248	-1.35512	0.0129629
4.255	0.391117	-0.174163	0.0198615	-0.0217869	-1.3557	0.0126912
4.26	0.391083	-0.174167	0.0198513	-0.0215624	-1.35629	0.0124316
4.265	0.39105	-0.174171	0.0198418	-0.0213425	-1.35687	0.0121764
4.27	0.391017	-0.174174	0.0198329	-0.0211253	-1.35746	0.0119237
4.275	0.390984	-0.174178	0.0198244	-0.0209102	-1.35805	0.0116729
4.28	0.390951	-0.174182	0.0198165	-0.0206969	-1.35863	0.0114241
4.285	0.390919	-0.174185	0.0198089	-0.0204856	-1.35922	0.0111771
4.29	0.390887	-0.174188	0.0198017	-0.0202816	-1.3598	0.0109377
4.295	0.390855	-0.174192	0.0197946	-0.0200886	-1.36038	0.0107093
4.3	0.390824	-0.174195	0.0197879	-0.0199067	-1.36096	0.0104922
4.305	0.390792	-0.174198	0.0197813	-0.0197356	-1.36154	0.0102859
4.31	0.390761	-0.174201	0.0197748	-0.0195745	-1.36212	0.0100899
4.315	0.39073	-0.174204	0.0197686	-0.019423	-1.3627	0.00990356
4.32	0.390699	-0.174206	0.0197624	-0.0192803	-1.36328	0.00972622
4.325	0.390667	-0.174209	0.0197564	-0.0191461	-1.36386	0.00955744
4.33	0.390637	-0.174212	0.0197507	-0.0189842	-1.36444	0.00936246
4.335	0.390605	-0.174215	0.019745	-0.0187986	-1.36501	0.00916156
4.34	0.390574	-0.174218	0.0197392	-0.0186056	-1.36559	0.00895821
4.345	0.390542	-0.174222	0.0197332	-0.0184092	-1.36616	0.00875227
4.35	0.39051	-0.174225	0.0197271	-0.0182103	-1.36674	0.00854396
4.355	0.390478	-0.174228	0.0197208	-0.018009	-1.36732	0.00833332
4.36	0.390445	-0.174232	0.0197145	-0.0178056	-1.3679	0.00812037
4.365	0.390413	-0.174235	0.0197079	-0.0175998	-1.36848	0.00790509
4.37	0.39038	-0.174236	0.0196991	-0.0176693	-1.36905	0.00796158
4.375	0.390346	-0.174237	0.019689	-0.0178255	-1.36963	0.0081008
4.38	0.390312	-0.174237	0.0196782	-0.0180049	-1.37022	0.008266
4.385	0.390278	-0.174237	0.0196669	-0.0181915	-1.37081	0.00844042
4.39	0.390242	-0.174236	0.0196551	-0.0183815	-1.3714	0.00861962
4.395	0.390207	-0.174238	0.0196454	-0.0182668	-1.372	0.00849665
4.4	0.390173	-0.174239	0.0196365	-0.0180532	-1.3726	0.00827851
4.405	0.390138	-0.174242	0.0196281	-0.0178128	-1.3732	0.00803162
4.41	0.390105	-0.174247	0.01962	-0.0174474	-1.37379	0.00765954
4.415	0.390072	-0.174254	0.0196127	-0.0169941	-1.37438	0.00720227
4.42	0.390042	-0.174261	0.0196069	-0.0165349	-1.37495	0.00673996
4.425	0.390013	-0.174268	0.0196027	-0.0160974	-1.37551	0.00630122
4.43	0.389984	-0.174273	0.0195973	-0.0158089	-1.37607	0.00600389
4.435	0.389952	-0.174278	0.0195887	-0.0154944	-1.37663	0.00564893
4.44	0.38992	-0.174282	0.0195781	-0.0151757	-1.3772	0.00528586
4.445	0.389886	-0.174285	0.0195661	-0.0149145	-1.37777	0.00498172
4.45	0.389851	-0.174289	0.0195526	-0.0146352	-1.37836	0.00468893
4.455	0.389815	-0.174292	0.0195382	-0.0143612	-1.37895	0.00441037
4.46	0.389778	-0.174298	0.0195241	-0.0139059	-1.37955	0.00395229
4.465	0.389741	-0.174304	0.0195104	-0.0134061	-1.38016	0.00345418
4.47	0.389704	-0.174311	0.019497	-0.0128768	-1.38077	0.00292752
4.475	0.389667	-0.174318	0.0194848	-0.0123134	-1.38138	0.00237004
4.48	0.389631	-0.174324	0.0194723	-0.0118241	-1.38199	0.00188303
4.485	0.389592	-0.174334	0.0194559	-0.0110642	-1.38261	0.00112655
4.49	0.389552	-0.174344	0.019438	-0.0101525	-1.38322	0.000199808
4.495	0.389512	-0.174354	0.0194205	-0.00926767	-1.38385	-0.000719205
4.5	0.389515	-0.174359	0.019439	-0.00899752	-1.38416	-0.00100453
4.505	0.389502	-0.174387	0.0194532	-0.00855428	-1.38452	-0.0015269
4.51	0.389493	-0.174395	0.0194629	-0.00815054	-1.38491	-0.00194373
4.515	0.389481	-0.174402	0.0194686	-0.00775893	-1.38532	-0.00234058
4.52	0.389466	-0.174407	0.0194717	-0.00744377	-1.38574	-0.00265773
4.525	0.389448	-0.174411	0.0194724	-0.00713607	-1.38619	-0.00296748
4.53	0.389427	-0.174416	0.0194709	-0.00679065	-1.38665	-0.00331299
4.535	0.389404	-0.174421	0.0194674	-0.00642032	-1.38713	-0.0036825
4.54	0.389379	-0.174426	0.0194621	-0.00602908	-1.38763	-0.00407279
4.545	0.389352	-0.174432	0.0194553	-0.00561631	-1.38814	-0.00448462
4.55	0.389323	-0.174437	0.0194472	-0.00518187	-1.38867	-0.00491801
4.555	0.389292	-0.174443	0.0194379	-0.00472814	-1.38921	-0.00537056
4.56	0.389259	-0.174451	0.0194256	-0.00407617	-1.38976	-0.00602203
4.565	0.389225	-0.174459	0.0194121	-0.00341618	-1.39033	-0.00671448
4.57	0.389189	-0.174467	0.0193976	-0.00274576	-1.3909	-0.00742547
4.575	0.389152	-0.174475	0.0193824	-0.00206165	-1.39149	-0.008152
4.58	0.389113	-0.174484	0.0193663	-0.00135828	-1.39209	-0.00889903
4.585	0.389074	-0.174493	0.0193496	-0.000633894	-1.39269	-0.00966801
4.59	0.389034	-0.174502	0.0193321	0.000111757	-1.39331	-0.0104591
4.595	0.388993	-0.174511	0.0193142	0.000886051	-1.39393	-0.0112792
4.6	0.388951	-0.174515	0.0192954	0.00140154	-1.39455	-0.0118286
4.605	0.388908	-0.17452	0.0192758	0.00181572	-1.39518	-0.0122756
4.61	0.388867	-0.174523	0.0192578	0.00223928	-1.39581	-0.0127456
4.615	0.388879	-0.174529	0.0192938	0.00238134	-1.39622	-0.0129093
4.62	0.388879	-0.174553	0.0193243	0.00258413	-1.39663	-0.0131783
4.625	0.388882	-0.17456	0.0193485	0.0027125	-1.39701	-0.0133312
4.63	0.38888	-0.174567	0.0193656	0.00302521	-1.3974	-0.0136566
4.635	0.388873	-0.174574	0.0193768	0.00341024	-1.39779	-0.0140766
4.64	0.388863	-0.174578	0.0193822	0.00368005	-1.3982	-0.0144289
4.645	0.388852	-0.174582	0.0193891	0.00388856	-1.3986	-0.0146893
4.65	0.388846	-0.174587	0.0194019	0.00397445	-1.39898	-0.0148126
4.655	0.388843	-0.174593	0.0194125	0.00392347	-1.39927	-0.0147899
4.66	0.388833	-0.1746	0.0194199	0.00383374	-1.3996	-0.014727
4.665	0.388822	-0.174601	0.0194244	0.00370465	-1.39996	-0.0146121
4.67	0.388809	-0.174601	0.0194264	0.00354015	-1.40035	-0.0144605
4.675	0.388792	-0.174601	0.0194263	0.00335789	-1.40076	-0.0142908
4.68	0.388774	-0.174599	0.0194244	0.0032552	-1.4012	-0.0141899
4.685	0.388753	-0.174596	0.019421	0.00309687	-1.40165	-0.0140353
4.69	0.388731	-0.174594	0.0194165	0.00294193	-1.40213	-0.0138855
4.695	0.388709	-0.174595	0.0194134	0.00296743	-1.40261	-0.0138868
4.7	0.388687	-0.174595	0.0194103	0.00305062	-1.4031	-0.0139596
4.705	0.388663	-0.174596	0.0194054	0.00315998	-1.40361	-0.0140455
4.71	0.388637	-0.174596	0.0193989	0.00327936	-1.40413	-0.014136
4.715	0.388609	-0.174596	0.0193911	0.00340489	-1.40466	-0.0142306
4.72	0.38858	-0.174596	0.0193824	0.00354586	-1.40521	-0.0143303
4.725	0.388551	-0.174597	0.0193731	0.00369363	-1.40576	-0.0144342
4.73	0.388521	-0.174598	0.0193632	0.00384573	-1.40632	-0.014541
4.735	0.38849	-0.174598	0.0193528	0.00400138	-1.40689	-0.0146505
4.74	0.388458	-0.174599	0.019342	0.00416026	-1.40746	-0.0147626
4.745	0.388426	-0.174599	0.0193308	0.00432312	-1.40804	-0.0148769
4.75	0.388395	-0.174601	0.0193213	0.00458206	-1.40863	-0.0151003
4.755	0.388365	-0.174603	0.0193133	0.00488892	-1.4092	-0.015377
4.76	0.388336	-0.174606	0.0193065	0.00521509	-1.40978	-0.0156753
4.765	0.388307	-0.174608	0.0192985	0.00542038	-1.41036	-0.0158404
4.77	0.388277	-0.17461	0.0192902	0.00557149	-1.41093	-0.0159595
4.775	0.388246	-0.174612	0.0192818	0.00576358	-1.4115	-0.0161233
4.78	0.388216	-0.174612	0.0192731	0.00580536	-1.41207	-0.0161372
4.785	0.388186	-0.174612	0.0192643	0.00574441	-1.41264	-0.0160571
4.79	0.388155	-0.17461	0.019254	0.00548572	-1.41321	-0.0157923
4.795	0.388122	-0.174606	0.0192424	0.00512792	-1.41378	-0.015433
4.8	0.388089	-0.174601	0.0192297	0.00472373	-1.41437	-0.0150264
4.805	0.388055	-0.174596	0.019216	0.0042951	-1.41495	-0.0145933
4.81	0.38802	-0.174591	0.0192018	0.00391206	-1.41555	-0.0142021
4.815	0.387984	-0.174586	0.0191874	0.0035843	-1.41615	-0.0138639
4.82	0.387949	-0.174581	0.0191727	0.00331458	-1.41676	-0.0135813
4.825	0.387912	-0.174577	0.0191577	0.00310247	-1.41737	-0.0133572
4.83	0.387876	-0.174573	0.019143	0.00295129	-1.41798	-0.0131916
4.835	0.387886	-0.174574	0.0191682	0.00290352	-1.41828	-0.0131434
4.84	0.387883	-0.17459	0.019189	0.00281701	-1.4186	-0.0130991
4.845	0.387881	-0.174592	0.0192048	0.00269159	-1.41895	-0.0129785
4.85	0.387877	-0.174592	0.019217	0.00270931	-1.41932	-0.012986
4.855	0.387869	-0.174592	0.0192261	0.00276667	-1.4197	-0.0130262
4.86	0.387858	-0.174591	0.0192312	0.00285764	-1.42011	-0.0131012
4.865	0.387843	-0.17459	0.019233	0.00296537	-1.42054	-0.0131902
4.87	0.387824	-0.174592	0.01923	0.00337054	-1.42099	-0.0136066
4.875	0.387801	-0.174596	0.0192228	0.00402147	-1.42148	-0.0142759
4.88	0.387775	-0.174602	0.0192117	0.00492363	-1.42198	-0.0152007
4.885	0.387744	-0.174611	0.0191971	0.00606925	-1.42252	-0.0163721
4.89	0.387711	-0.174623	0.0191795	0.00744484	-1.42307	-0.017776
4.895	0.387675	-0.174637	0.0191593	0.00903622	-1.42365	-0.0193982
4.9	0.387639	-0.174643	0.0191414	0.00997341	-1.42424	-0.0204639
4.905	0.3876	-0.174649	0.0191237	0.0106092	-1.42484	-0.021262
4.91	0.387563	-0.174652	0.0191071	0.0107901	-1.42544	-0.0214795
4.915	0.387525	-0.174656	0.0190912	0.0109686	-1.42605	-0.0216512
4.92	0.387488	-0.174659	0.019076	0.0111496	-1.42665	-0.0218093
4.925	0.387451	-0.174662	0.0190611	0.0113324	-1.42727	-0.0219648
4.93	0.387414	-0.174663	0.0190464	0.0115172	-1.42788	-0.0221206
4.935	0.387378	-0.174665	0.0190321	0.0117035	-1.42849	-0.022277
4.94	0.387391	-0.174672	0.0190688	0.0117892	-1.4289	-0.0223726
4.945	0.387393	-0.174693	0.0190996	0.0121895	-1.42931	-0.0229066
4.95	0.387412	-0.174702	0.019144	0.0126021	-1.42973	-0.0233889
4.955	0.387425	-0.174713	0.0191799	0.0129917	-1.43011	-0.0238077
4.96	0.387434	-0.174716	0.0192081	0.0130195	-1.43047	-0.0238584
4.965	0.387446	-0.17472	0.0192401	0.012919	-1.43082	-0.0237804
4.97	0.387455	-0.174723	0.0192686	0.0126659	-1.43115	-0.023537
4.975	0.38746	-0.174728	0.0192899	0.0128474	-1.43145	-0.023742
4.98	0.38746	-0.174733	0.0193043	0.013291	-1.43178	-0.0241894
4.985	0.387455	-0.174741	0.0193121	0.0140868	-1.43213	-0.0250163
4.99	0.387446	-0.174742	0.019317	0.0143864	-1.43251	-0.0253097
4.995	0.387431	-0.174742	0.0193183	0.0144367	-1.4329	-0.0253456
5.0	0.387412	-0.174742	0.0193166	0.0145714	-1.43333	-0.0254623
5.005	0.38739	-0.174743	0.0193113	0.0149264	-1.43379	-0.0258017
5.01	0.387365	-0.174742	0.0193028	0.0152058	-1.43427	-0.026074
5.015	0.387337	-0.174741	0.0192917	0.0154474	-1.43477	-0.0263126
5.02	0.387306	-0.174741	0.0192787	0.0157004	-1.4353	-0.0265502
5.025	0.387273	-0.174743	0.0192638	0.0162255	-1.43585	-0.0270787
5.03	0.387238	-0.174742	0.0192484	0.0164198	-1.43642	-0.0272707
5.035	0.3872	-0.174747	0.0192311	0.0169732	-1.43701	-0.0278357
5.04	0.387162	-0.174747	0.0192145	0.0176529	-1.43762	-0.0285125
5.045	0.387124	-0.174746	0.019198	0.0180117	-1.43824	-0.0288604
5.05	0.387084	-0.174746	0.0191809	0.018322	-1.43886	-0.0291594
5.055	0.387043	-0.174745	0.0191637	0.0186343	-1.43949	-0.0294541
5.06	0.387004	-0.174741	0.0191478	0.0194258	-1.44014	-0.030213
5.065	0.386985	-0.174735	0.0191508	0.0198117	-1.44069	-0.0305627
5.07	0.38696	-0.17474	0.0191509	0.0203416	-1.44124	-0.0310915
5.075	0.386936	-0.174737	0.0191491	0.0207596	-1.44179	-0.0314959
5.08	0.38691	-0.174732	0.0191445	0.020956	-1.44234	-0.0316879
5.085	0.386883	-0.174728	0.0191401	0.0211608	-1.44289	-0.031939
5.09	0.386855	-0.174722	0.0191355	0.0213691	-1.44342	-0.0322319
5.095	0.386826	-0.174717	0.0191285	0.0215568	-1.44397	-0.0324179
5.1	0.386796	-0.174713	0.0191193	0.0217458	-1.44453	-0.0325767
5.105	0.386764	-0.174709	0.0191083	0.0219406	-1.44511	-0.0327333
5.11	0.38673	-0.174706	0.0190956	0.0221418	-1.44569	-0.0328939
5.115	0.386694	-0.174703	0.0190808	0.0225133	-1.44629	-0.0332484
5.12	0.386657	-0.1747	0.0190646	0.0228876	-1.4469	-0.0336103
5.125	0.386621	-0.174697	0.0190518	0.023463	-1.44752	-0.0342022
5.13	0.38659	-0.174689	0.0190424	0.0235484	-1.44806	-0.0343631
5.135	0.386583	-0.174689	0.0190583	0.0235123	-1.44849	-0.0343574
5.14	0.386556	-0.1747	0.0190502	0.0239162	-1.44888	-0.0347991
5.145	0.386523	-0.174701	0.0190325	0.0243226	-1.44932	-0.035215
5.15	0.386486	-0.174699	0.0190122	0.0243363	-1.44978	-0.0352341
5.155	0.386478	-0.174702	0.0190228	0.0242853	-1.45012	-0.0351997
5.16	0.386473	-0.174716	0.0190391	0.0242054	-1.45042	-0.0351537
5.165	0.386461	-0.174727	0.0190475	0.0244934	-1.45076	-0.0354652
5.17	0.386445	-0.17473	0.019048	0.0246701	-1.45113	-0.0356496
5.175	0.386421	-0.174731	0.0190413	0.0247685	-1.45154	-0.0357531
5.18	0.386391	-0.174732	0.0190284	0.0248905	-1.45199	-0.0358753
5.185	0.386355	-0.174732	0.0190103	0.0250718	-1.45247	-0.0360323
5.19	0.386316	-0.17473	0.0189901	0.025152	-1.45298	-0.0360916
5.195	0.386283	-0.174729	0.0189766	0.0250124	-1.45348	-0.0359523
5.2	0.386244	-0.17473	0.0189593	0.0248623	-1.454	-0.0358005
5.205	0.386221	-0.17473	0.0189566	0.0246809	-1.45447	-0.0356282
5.21	0.386201	-0.174734	0.018959	0.0242112	-1.4549	-0.0351806
5.215	0.386177	-0.174738	0.0189571	0.0240935	-1.45536	-0.0350766
5.22	0.386152	-0.174738	0.0189521	0.0241254	-1.45584	-0.035097
5.225	0.386124	-0.174737	0.0189441	0.0241421	-1.45632	-0.035103
5.23	0.386092	-0.174735	0.0189325	0.0241554	-1.45683	-0.0350912
5.235	0.386069	-0.174731	0.018928	0.0237139	-1.45729	-0.0346443
5.24	0.386061	-0.174734	0.0189408	0.0232909	-1.45766	-0.0342383
5.245	0.386051	-0.174741	0.0189503	0.0231001	-1.45797	-0.034073
5.25	0.386038	-0.174745	0.0189544	0.0230062	-1.4583	-0.0339849
5.255	0.386027	-0.174746	0.0189599	0.0229083	-1.45862	-0.0338917
5.26	0.386011	-0.174749	0.0189582	0.0229418	-1.45892	-0.033922
5.265	0.386001	-0.174752	0.0189633	0.022923	-1.45922	-0.0339139
5.27	0.385981	-0.174756	0.0189609	0.0229748	-1.45958	-0.0339658
5.275	0.385956	-0.174757	0.0189516	0.0230526	-1.45998	-0.0340284
5.28	0.385925	-0.174756	0.0189363	0.0231424	-1.46042	-0.0340948
5.285	0.385907	-0.174756	0.0189374	0.0230304	-1.46085	-0.0339832
5.29	0.385902	-0.174763	0.0189533	0.0229888	-1.46119	-0.033962
5.295	0.385888	-0.174773	0.0189605	0.0231087	-1.46156	-0.0340953
5.3	0.385869	-0.174778	0.0189586	0.0235273	-1.46196	-0.0345091
5.305	0.385843	-0.174781	0.0189489	0.0240778	-1.46239	-0.0350478
5.31	0.38581	-0.174784	0.0189329	0.0246993	-1.46286	-0.0356518
5.315	0.385772	-0.174787	0.0189111	0.0252649	-1.46337	-0.0361953
5.32	0.385729	-0.174787	0.018887	0.0255681	-1.46391	-0.036453
5.325	0.385726	-0.174791	0.0189064	0.0256147	-1.46432	-0.0365036
5.33	0.385712	-0.174807	0.0189186	0.0257384	-1.46475	-0.0366478
5.335	0.385694	-0.174813	0.0189211	0.0262638	-1.46519	-0.0371759
5.34	0.385671	-0.174817	0.0189158	0.0268173	-1.46564	-0.0377214
5.345	0.385641	-0.17482	0.0189038	0.0273784	-1.46613	-0.0382695
5.35	0.385605	-0.174824	0.018885	0.0281622	-1.46664	-0.0390493
5.355	0.385564	-0.174825	0.0188614	0.0286713	-1.46717	-0.0395321
5.36	0.385517	-0.174831	0.0188332	0.0295514	-1.46774	-0.040403
5.365	0.385472	-0.174829	0.0188088	0.0295751	-1.46833	-0.0404278
5.37	0.385462	-0.174836	0.0188202	0.0295289	-1.46874	-0.0404045
5.375	0.385441	-0.174852	0.0188244	0.0297633	-1.46917	-0.0407056
5.38	0.385417	-0.174857	0.0188209	0.0299655	-1.46962	-0.0409107
5.385	0.385387	-0.17486	0.0188104	0.0301701	-1.4701	-0.0411016
5.39	0.385351	-0.174864	0.018793	0.0307523	-1.47059	-0.0417507
5.395	0.38533	-0.174867	0.0187964	0.0307344	-1.47114	-0.0417643
5.4	0.385301	-0.174877	0.0187919	0.0313367	-1.47169	-0.0423731
5.405	0.385269	-0.174881	0.0187809	0.0318985	-1.47224	-0.0429141
5.41	0.385247	-0.17488	0.0187736	0.0314306	-1.47258	-0.0424443
5.415	0.385236	-0.174893	0.018784	0.0308986	-1.47286	-0.0419903
5.42	0.385228	-0.174907	0.0187953	0.0306945	-1.47315	-0.0418242
5.425	0.38523	-0.174911	0.0188206	0.0310651	-1.47351	-0.0422018
5.43	0.385225	-0.174915	0.0188349	0.0316885	-1.47388	-0.0428203
5.435	0.385213	-0.174917	0.0188396	0.0324527	-1.47427	-0.0435665
5.44	0.385194	-0.174916	0.0188371	0.0328714	-1.47468	-0.0439672
5.445	0.385167	-0.174915	0.0188273	0.0331783	-1.47513	-0.0442553
5.45	0.385133	-0.174914	0.018811	0.0335975	-1.47562	-0.0446573
5.455	0.385106	-0.174903	0.0188052	0.0326315	-1.47607	-0.043655
5.46	0.38508	-0.174893	0.0188045	0.0308815	-1.4765	-0.0418735
5.465	0.385057	-0.174883	0.018806	0.0287768	-1.47691	-0.0397369
5.47	0.385036	-0.174871	0.018809	0.0265775	-1.47731	-0.0375045
5.475	0.385017	-0.17486	0.0188133	0.0243988	-1.4777	-0.0352925
5.48	0.384999	-0.174849	0.0188188	0.0222296	-1.47808	-0.0330903
5.485	0.384983	-0.174838	0.0188252	0.0200782	-1.47845	-0.030907
5.49	0.384968	-0.174827	0.0188323	0.0179298	-1.47882	-0.0287277
5.495	0.384953	-0.174819	0.0188398	0.0161071	-1.47919	-0.0268581
5.5	0.384936	-0.174815	0.0188394	0.0149017	-1.47959	-0.0255017
5.505	0.384922	-0.174808	0.0188444	0.0133671	-1.47995	-0.023916
5.51	0.384908	-0.1748	0.0188513	0.0114856	-1.48029	-0.0220083
5.515	0.384894	-0.174795	0.0188578	0.00996716	-1.48064	-0.0204713
5.52	0.384881	-0.174789	0.0188647	0.00872129	-1.48098	-0.0192065
5.525	0.384867	-0.174784	0.0188708	0.0075444	-1.48134	-0.017992
5.53	0.38487	-0.174785	0.01889	0.00721715	-1.48158	-0.0176594
5.535	0.384865	-0.17479	0.0189025	0.00695472	-1.48186	-0.0174023
5.54	0.384856	-0.174789	0.0189091	0.00660825	-1.48216	-0.0170437
5.545	0.38484	-0.174789	0.0189073	0.00658678	-1.4825	-0.0170046
5.55	0.384816	-0.174786	0.0188981	0.0065399	-1.48288	-0.0169288
5.555	0.384789	-0.174783	0.0188862	0.00628541	-1.48329	-0.0166463
5.56	0.384766	-0.174774	0.0188822	0.00468317	-1.48368	-0.0150228
5.565	0.384745	-0.174765	0.018884	0.00240481	-1.48405	-0.0127441
5.57	0.384727	-0.174755	0.0188883	-0.000168849	-1.4844	-0.0101814
5.575	0.384711	-0.174744	0.0188943	-0.0028204	-1.48475	-0.00754089
5.58	0.384695	-0.174734	0.0188998	-0.00532475	-1.4851	-0.00503278
5.585	0.384681	-0.174723	0.0189029	-0.00808212	-1.48547	-0.00223537
5.59	0.384665	-0.174712	0.0189048	-0.0109487	-1.48583	0.000679623
5.595	0.384649	-0.1747	0.018907	-0.0139268	-1.48619	0.0037211
5.6	0.384633	-0.174687	0.0189092	-0.0169885	-1.48654	0.00685501
5.605	0.384617	-0.174674	0.0189113	-0.0200563	-1.4869	0.0100109
5.61	0.384606	-0.17466	0.0189241	-0.0229668	-1.48731	0.0130249
5.615	0.38459	-0.174645	0.0189313	-0.0264323	-1.48764	0.0165812
5.62	0.384565	-0.174638	0.0189267	-0.0288248	-1.48801	0.0190481
5.625	0.384546	-0.174624	0.0189265	-0.0313262	-1.48838	0.0215864
5.63	0.384526	-0.17461	0.0189284	-0.034453	-1.48873	0.0247672
5.635	0.384508	-0.174599	0.018933	-0.0374281	-1.48907	0.0277447
5.64	0.384491	-0.174585	0.0189379	-0.0405357	-1.48941	0.0308894
5.645	0.384475	-0.174573	0.0189445	-0.0434957	-1.48975	0.0338474
5.65	0.384467	-0.174559	0.0189631	-0.0459832	-1.49016	0.0363524
5.655	0.384452	-0.174552	0.0189713	-0.0465564	-1.49058	0.0368717
5.66	0.384433	-0.174539	0.0189712	-0.0471976	-1.49102	0.0374984
5.665	0.384407	-0.174528	0.0189636	-0.0479269	-1.49148	0.0382151
5.67	0.384446	-0.174532	0.0190507	-0.0487272	-1.49213	0.0389705
5.675	0.384489	-0.174541	0.0191361	-0.0492723	-1.49262	0.0394942
5.68	0.384536	-0.174549	0.0192154	-0.0495525	-1.49296	0.0397551
5.685	0.384573	-0.174556	0.0192791	-0.049717	-1.49322	0.0399009
5.69	0.384601	-0.17456	0.019328	-0.0497016	-1.49346	0.0398709
5.695	0.384618	-0.174564	0.0193618	-0.049642	-1.49369	0.039795
5.7	0.384626	-0.174567	0.0193844	-0.0494878	-1.49394	0.0396082
5.705	0.384623	-0.174569	0.0193965	-0.0494896	-1.49421	0.0395806
5.71	0.384611	-0.174572	0.0193989	-0.0494594	-1.49451	0.0395126
5.715	0.38459	-0.174574	0.0193929	-0.0492703	-1.49486	0.0392674
5.72	0.384561	-0.174576	0.0193793	-0.0488686	-1.49524	0.038788
5.725	0.384526	-0.174578	0.0193604	-0.0484464	-1.49567	0.0382789
5.73	0.384486	-0.174579	0.0193381	-0.0485242	-1.49616	0.0383223
5.735	0.384442	-0.174578	0.0193134	-0.0488144	-1.49667	0.0385486
5.74	0.384403	-0.174578	0.0192876	-0.0488093	-1.49706	0.0385083
5.745	0.384357	-0.174577	0.0192553	-0.0504621	-1.49751	0.0401443
5.75	0.384347	-0.174582	0.0192735	-0.0518018	-1.49801	0.0414393
5.755	0.384336	-0.17459	0.0192909	-0.0528184	-1.49852	0.0423897
5.76	0.384322	-0.174593	0.019302	-0.053276	-1.49899	0.0427722
5.765	0.384304	-0.174594	0.0193056	-0.053589	-1.49947	0.0430471
5.77	0.384279	-0.174595	0.0193022	-0.0538617	-1.49994	0.0432981
5.775	0.38425	-0.174594	0.0192928	-0.0541347	-1.50043	0.04355
5.78	0.384216	-0.174593	0.019279	-0.0544781	-1.50093	0.0438609
5.785	0.384177	-0.174591	0.0192613	-0.054834	-1.50145	0.0441508
5.79	0.384135	-0.174587	0.0192402	-0.0552651	-1.50198	0.0444878
5.795	0.384097	-0.174581	0.019221	-0.0563939	-1.5025	0.0455286
5.8	0.384083	-0.174584	0.0192288	-0.0571159	-1.5029	0.0461834
5.805	0.384062	-0.174591	0.0192297	-0.0578873	-1.50332	0.0468759
5.81	0.384038	-0.174591	0.0192257	-0.0584553	-1.50374	0.0473669
5.815	0.384009	-0.174588	0.0192166	-0.0590668	-1.50418	0.0478958
5.82	0.383982	-0.174583	0.0192067	-0.0600255	-1.50462	0.0487833
5.825	0.383954	-0.174581	0.0191968	-0.0611267	-1.50506	0.0498081
5.83	0.383921	-0.174578	0.0191835	-0.0620328	-1.50551	0.050639
5.835	0.383888	-0.174573	0.0191684	-0.0634075	-1.50598	0.0519684
5.84	0.383849	-0.174563	0.0191451	-0.0663487	-1.50647	0.0549056
5.845	0.383809	-0.174552	0.0191215	-0.0696994	-1.50696	0.0582269
5.85	0.383791	-0.174544	0.0191076	-0.0724816	-1.50712	0.0610039
5.855	0.383772	-0.174552	0.0191004	-0.074047	-1.50729	0.062526
5.86	0.383761	-0.174554	0.0190985	-0.0752465	-1.50745	0.0637021
5.865	0.383751	-0.174557	0.019099	-0.0763965	-1.50764	0.0648295
5.87	0.38374	-0.174557	0.0190985	-0.0777062	-1.50786	0.0661164
5.875	0.383745	-0.174559	0.0191209	-0.0791651	-1.50812	0.067544
5.88	0.383747	-0.174561	0.0191396	-0.0813408	-1.50838	0.0697018
5.885	0.383742	-0.174564	0.0191518	-0.0822394	-1.50868	0.0705576
5.89	0.383732	-0.174559	0.0191583	-0.0825281	-1.50902	0.0707903
5.895	0.383715	-0.174553	0.0191557	-0.0829845	-1.5094	0.0711943
5.9	0.38369	-0.174547	0.0191453	-0.0835763	-1.50982	0.0717383
5.905	0.383677	-0.174541	0.0191426	-0.0845672	-1.51008	0.0726886
5.91	0.383664	-0.174544	0.0191454	-0.08555	-1.51032	0.073621
5.915	0.383657	-0.174548	0.0191516	-0.0863048	-1.51054	0.0743327
5.92	0.383651	-0.174551	0.0191605	-0.086935	-1.51078	0.074924
5.925	0.383639	-0.174553	0.0191603	-0.0874662	-1.51105	0.0754057
5.93	0.383632	-0.174552	0.0191637	-0.0879172	-1.51128	0.0758302
5.935	0.383627	-0.174555	0.0191732	-0.0885516	-1.51152	0.076421
5.94	0.383612	-0.174556	0.0191735	-0.0890939	-1.51183	0.0769026
5.945	0.383593	-0.174551	0.0191657	-0.0905306	-1.51214	0.0783009
5.95	0.383574	-0.174544	0.0191601	-0.0932308	-1.51244	0.0809745
5.955	0.383555	-0.174536	0.0191561	-0.0966374	-1.51274	0.0843542
5.96	0.383541	-0.174528	0.0191668	-0.0988915	-1.51317	0.0865771
5.965	0.383532	-0.174511	0.0191775	-0.102368	-1.51355	0.0900508
5.97	0.383521	-0.174494	0.0191871	-0.106901	-1.51389	0.0945717
5.975	0.3835	-0.174485	0.0191859	-0.109963	-1.51428	0.0976169
5.98	0.383491	-0.174464	0.0191997	-0.113903	-1.51471	0.101571
5.985	0.383472	-0.17445	0.0192039	-0.117371	-1.51516	0.105042
5.99	0.383448	-0.174435	0.0191984	-0.1207	-1.51563	0.108384
5.995	0.383416	-0.17442	0.0191849	-0.124274	-1.51612	0.111978
6.0	0.383397	-0.174405	0.0191845	-0.128372	-1.51645	0.116047
6.005	0.383381	-0.1744	0.0191917	-0.132646	-1.51677	0.120269
6.01	0.383363	-0.174391	0.0191931	-0.137816	-1.51711	0.125489
6.015	0.383343	-0.174377	0.0191889	-0.143646	-1.51743	0.131393
6.02	0.383336	-0.174375	0.0191903	-0.144013	-1.51759	0.13177
6.025	0.383329	-0.174376	0.0191948	-0.144656	-1.5178	0.132449
6.03	0.383337	-0.174378	0.0192231	-0.145653	-1.51811	0.13348
6.035	0.383345	-0.174379	0.019252	-0.146555	-1.51842	0.134375
6.04	0.38335	-0.174378	0.0192727	-0.14743	-1.51869	0.13523
6.045	0.383364	-0.174379	0.0193023	-0.148062	-1.51889	0.135855
6.05	0.383367	-0.174384	0.019322	-0.148719	-1.51913	0.1365
6.055	0.383363	-0.174381	0.0193311	-0.150007	-1.5194	0.137782
6.06	0.38335	-0.174377	0.0193309	-0.151813	-1.51971	0.139581
6.065	0.383329	-0.17437	0.0193224	-0.154078	-1.52006	0.141837
6.07	0.3833	-0.174363	0.0193068	-0.156793	-1.52046	0.144543
6.075	0.383265	-0.174353	0.0192849	-0.159956	-1.52091	0.147695
6.08	0.383223	-0.174349	0.0192599	-0.161877	-1.52142	0.149621
6.085	0.383177	-0.174339	0.0192291	-0.164884	-1.52196	0.152651
6.09	0.383155	-0.174335	0.0192224	-0.167138	-1.52232	0.154911
6.095	0.383157	-0.174346	0.0192438	-0.168274	-1.52257	0.15602
6.1	0.383169	-0.174359	0.0192744	-0.169018	-1.52275	0.156731
6.105	0.383172	-0.174368	0.0192949	-0.169783	-1.52298	0.157474
6.11	0.383171	-0.174369	0.0193084	-0.170993	-1.52323	0.158679
6.115	0.383179	-0.174372	0.0193317	-0.172077	-1.52346	0.15975
6.12	0.383176	-0.174377	0.0193451	-0.173237	-1.52373	0.160898
6.125	0.383165	-0.17438	0.019348	-0.174106	-1.52404	0.16179
6.13	0.383146	-0.17438	0.019342	-0.17538	-1.5244	0.163091
6.135	0.383119	-0.174381	0.019328	-0.176555	-1.52482	0.164317
6.14	0.383085	-0.174379	0.0193083	-0.178488	-1.52527	0.166275
6.145	0.383044	-0.174377	0.0192836	-0.180681	-1.52577	0.168486
6.15	0.38302	-0.174378	0.0192838	-0.183448	-1.52633	0.171276
6.155	0.382997	-0.174381	0.0192799	-0.185446	-1.52677	0.173274
6.16	0.382966	-0.174385	0.0192691	-0.187637	-1.52724	0.175464
6.165	0.382935	-0.174387	0.0192555	-0.188851	-1.52771	0.17665
6.17	0.382897	-0.174386	0.0192357	-0.191103	-1.52822	0.178907
6.175	0.38289	-0.174389	0.0192499	-0.193264	-1.52862	0.181068
6.18	0.382873	-0.174401	0.0192568	-0.194362	-1.52905	0.182118
6.185	0.382854	-0.174404	0.0192566	-0.196328	-1.52948	0.184072
6.19	0.382862	-0.174409	0.0192839	-0.197835	-1.52976	0.185568
6.195	0.382857	-0.174425	0.0193001	-0.198439	-1.53009	0.186157
6.2	0.382848	-0.174429	0.0193069	-0.200094	-1.53043	0.187815
6.205	0.382829	-0.17443	0.0193041	-0.202583	-1.5308	0.190296
6.21	0.382803	-0.174429	0.0192929	-0.205749	-1.53121	0.193462
6.215	0.38277	-0.174428	0.0192758	-0.208787	-1.53166	0.196513
6.22	0.382732	-0.174426	0.0192531	-0.211484	-1.53215	0.199228
6.225	0.382687	-0.174426	0.0192239	-0.21414	-1.53269	0.201933
6.23	0.382665	-0.174426	0.0192173	-0.218435	-1.53306	0.206236
6.235	0.38266	-0.174442	0.019234	-0.220995	-1.53335	0.208757
6.24	0.382647	-0.174461	0.0192409	-0.222448	-1.53368	0.210213
6.245	0.38263	-0.174469	0.0192395	-0.224549	-1.53404	0.212315
6.25	0.382605	-0.174474	0.0192306	-0.227057	-1.53444	0.214821
6.255	0.382573	-0.174481	0.0192134	-0.228856	-1.5349	0.216645
6.26	0.382534	-0.174486	0.0191895	-0.231052	-1.5354	0.218869
6.265	0.382489	-0.174488	0.0191598	-0.234505	-1.53593	0.222358
6.27	0.382488	-0.174496	0.0191776	-0.237018	-1.53627	0.224863
6.275	0.382473	-0.174519	0.0191865	-0.239097	-1.53665	0.226898
6.28	0.382455	-0.174531	0.0191855	-0.241106	-1.53705	0.228918
6.285	0.38243	-0.17454	0.0191767	-0.242943	-1.53749	0.230763
6.29	0.382398	-0.174546	0.0191612	-0.245347	-1.53796	0.233179
6.295	0.382364	-0.174546	0.0191452	-0.248162	-1.53848	0.236
6.3	0.382323	-0.174548	0.019122	-0.250463	-1.53904	0.238354
6.305	0.382315	-0.174549	0.0191331	-0.253892	-1.53945	0.241793
6.31	0.382295	-0.174559	0.0191369	-0.257095	-1.53988	0.244941
6.315	0.382276	-0.174559	0.0191386	-0.260886	-1.54032	0.248708
6.32	0.382251	-0.17456	0.0191318	-0.26432	-1.54078	0.252141
6.325	0.382219	-0.17456	0.0191176	-0.267843	-1.54127	0.255677
6.33	0.382182	-0.174559	0.0190977	-0.272482	-1.54179	0.26034
6.335	0.382162	-0.174559	0.0190931	-0.276054	-1.54218	0.263894
6.34	0.382133	-0.174564	0.0190838	-0.280282	-1.5426	0.268082
6.345	0.382101	-0.174564	0.0190698	-0.285258	-1.54305	0.273034
6.35	0.382065	-0.174562	0.0190514	-0.291053	-1.54352	0.278846
6.355	0.382024	-0.17456	0.0190287	-0.297316	-1.54402	0.285087
6.36	0.381978	-0.174559	0.0189989	-0.302949	-1.54457	0.29073
6.365	0.381926	-0.174558	0.0189633	-0.308909	-1.54517	0.296728
6.37	0.381906	-0.174554	0.0189702	-0.316772	-1.54572	0.304524
6.375	0.381877	-0.17456	0.0189688	-0.323921	-1.54627	0.311626
6.38	0.381846	-0.174562	0.0189588	-0.330862	-1.54683	0.318583
6.385	0.381809	-0.174559	0.0189415	-0.339153	-1.54739	0.326913
6.39	0.381793	-0.174555	0.0189553	-0.349587	-1.54797	0.337332
6.395	0.381771	-0.174554	0.0189611	-0.359853	-1.54853	0.347611
6.4	0.381732	-0.174548	0.0189316	-0.36648	-1.54893	0.354236
6.405	0.381685	-0.174539	0.018888	-0.37321	-1.54931	0.360993
6.41	0.381659	-0.17453	0.0188698	-0.380079	-1.54958	0.367812
6.415	0.381628	-0.174527	0.0188471	-0.386528	-1.54982	0.374189
6.42	0.381598	-0.174518	0.0188222	-0.393732	-1.55002	0.381369
6.425	0.381567	-0.17451	0.0187945	-0.400859	-1.5502	0.388478
6.43	0.38153	-0.174502	0.0187575	-0.407878	-1.55038	0.395533
6.435	0.381499	-0.174491	0.0187217	-0.414911	-1.55049	0.402562
6.44	0.381485	-0.17449	0.0187066	-0.417213	-1.55053	0.404855
6.445	0.381476	-0.174493	0.018694	-0.416759	-1.55049	0.40439
6.45	0.381469	-0.174495	0.0186821	-0.415588	-1.55044	0.403214
6.455	0.381463	-0.174496	0.0186703	-0.41426	-1.55038	0.401883
6.46	0.381458	-0.174497	0.0186585	-0.412888	-1.55032	0.400509
6.465	0.381452	-0.174497	0.0186468	-0.411507	-1.55026	0.399127
6.47	0.381447	-0.174498	0.018635	-0.410129	-1.5502	0.397748
6.475	0.381441	-0.174498	0.0186232	-0.408739	-1.55014	0.396357
6.48	0.381424	-0.174497	0.0185998	-0.408799	-1.55015	0.39641
6.485	0.381399	-0.174492	0.0185677	-0.410522	-1.5502	0.398151
6.49	0.3814	-0.174493	0.0185773	-0.415924	-1.55036	0.40354
6.495	0.381407	-0.174499	0.0185875	-0.416861	-1.55039	0.404459
6.5	0.381404	-0.174505	0.0185866	-0.417644	-1.55043	0.40523
6.505	0.381394	-0.174504	0.0185733	-0.41921	-1.55047	0.406797
6.51	0.381389	-0.174502	0.0185655	-0.419964	-1.55048	0.407546
6.515	0.381386	-0.174505	0.0185596	-0.419659	-1.55045	0.407232
6.52	0.381383	-0.174507	0.0185531	-0.418693	-1.55041	0.406258
6.525	0.38138	-0.17451	0.0185458	-0.417537	-1.55036	0.405097
6.53	0.381377	-0.174511	0.0185379	-0.416315	-1.55031	0.403869
6.535	0.381374	-0.174513	0.0185294	-0.415062	-1.55026	0.402612
6.54	0.381368	-0.174514	0.0185186	-0.41469	-1.55023	0.402237
6.545	0.381361	-0.174515	0.0185075	-0.414111	-1.55021	0.401657
6.55	0.381354	-0.174517	0.0184959	-0.412779	-1.5502	0.400315
6.555	0.381349	-0.174518	0.0184845	-0.411629	-1.55016	0.399162
6.56	0.381335	-0.174517	0.0184649	-0.411341	-1.55013	0.398874
6.565	0.381321	-0.174513	0.0184448	-0.412378	-1.55011	0.399916
6.57	0.381306	-0.174508	0.0184239	-0.414404	-1.55009	0.401968
6.575	0.381294	-0.174506	0.0184044	-0.413957	-1.55003	0.40153
6.58	0.381284	-0.174505	0.018386	-0.412666	-1.54996	0.400241
6.585	0.381274	-0.174505	0.0183687	-0.411144	-1.54989	0.398719
6.59	0.381265	-0.174506	0.0183521	-0.409592	-1.54982	0.397167
6.595	0.381257	-0.174506	0.0183361	-0.40806	-1.54975	0.395635
6.6	0.381249	-0.174506	0.0183208	-0.406559	-1.54968	0.394134
6.605	0.381242	-0.174507	0.0183059	-0.405087	-1.54962	0.392661
6.61	0.381234	-0.174507	0.0182914	-0.403642	-1.54955	0.391214
6.615	0.381227	-0.174508	0.0182773	-0.402219	-1.54948	0.38979
6.62	0.381211	-0.174508	0.0182545	-0.40082	-1.54948	0.388365
6.625	0.3812	-0.174505	0.0182338	-0.399294	-1.54942	0.386841
6.63	0.381188	-0.174506	0.0182145	-0.397713	-1.54935	0.385256
6.635	0.381178	-0.174508	0.0181963	-0.396157	-1.54928	0.383696
6.64	0.381169	-0.174509	0.0181791	-0.394636	-1.5492	0.382173
6.645	0.38116	-0.17451	0.0181626	-0.393158	-1.54913	0.380693
6.65	0.381151	-0.174511	0.0181467	-0.391716	-1.54906	0.379248
6.655	0.381143	-0.174512	0.0181313	-0.390306	-1.549	0.377836
6.66	0.381135	-0.174513	0.0181165	-0.388928	-1.54893	0.376455
6.665	0.381128	-0.174514	0.0181021	-0.387575	-1.54886	0.3751
6.67	0.38112	-0.174512	0.0180865	-0.386395	-1.54879	0.373928
6.675	0.381113	-0.174511	0.0180715	-0.385112	-1.54872	0.37265
6.68	0.381106	-0.17451	0.018057	-0.383817	-1.54866	0.371359
6.685	0.381099	-0.174508	0.0180437	-0.383568	-1.5486	0.371122
6.69	0.381089	-0.174506	0.0180273	-0.383733	-1.54856	0.371313
6.695	0.381077	-0.174502	0.0180093	-0.384848	-1.54852	0.372459
6.7	0.381064	-0.174496	0.0179899	-0.386187	-1.54849	0.373839
6.705	0.38105	-0.17449	0.0179691	-0.387673	-1.54847	0.375381
6.71	0.381041	-0.174489	0.0179548	-0.3881	-1.54842	0.375822
6.715	0.381033	-0.17449	0.0179411	-0.387424	-1.54837	0.375147
6.72	0.381026	-0.174491	0.0179276	-0.386296	-1.5483	0.374016
6.725	0.381018	-0.174491	0.0179117	-0.385344	-1.54824	0.373065
6.73	0.381006	-0.174489	0.0178938	-0.385619	-1.54819	0.373342
6.735	0.380995	-0.174486	0.0178756	-0.386101	-1.54813	0.373836
6.74	0.380985	-0.174485	0.0178581	-0.385168	-1.54807	0.372907
6.745	0.380971	-0.174483	0.0178384	-0.385923	-1.54803	0.373665
6.75	0.380959	-0.17448	0.017821	-0.386327	-1.54799	0.374076
6.755	0.38095	-0.17448	0.0178058	-0.386041	-1.54794	0.373795
6.76	0.380942	-0.17448	0.0177924	-0.385344	-1.54789	0.373098
6.765	0.380935	-0.174481	0.0177792	-0.384256	-1.54783	0.372008
6.77	0.380929	-0.174482	0.0177662	-0.383069	-1.54777	0.370818
6.775	0.380923	-0.174484	0.0177532	-0.381866	-1.54771	0.369613
6.78	0.380916	-0.174485	0.0177404	-0.380665	-1.54764	0.36841
6.785	0.38091	-0.174486	0.0177276	-0.379472	-1.54758	0.367215
6.79	0.380904	-0.174487	0.017715	-0.378288	-1.54752	0.366028
6.795	0.380898	-0.174488	0.0177023	-0.377112	-1.54746	0.36485
6.8	0.380887	-0.174488	0.0176838	-0.376372	-1.54741	0.364113
6.805	0.380875	-0.174487	0.0176646	-0.375922	-1.5474	0.363682
6.81	0.380858	-0.174488	0.0176406	-0.374687	-1.54742	0.362477
6.815	0.38084	-0.174485	0.0176181	-0.375284	-1.54744	0.363094
6.82	0.380821	-0.174483	0.0175963	-0.376691	-1.54745	0.364508
6.825	0.380809	-0.174483	0.0175806	-0.377376	-1.54743	0.365194
6.83	0.380796	-0.174485	0.0175646	-0.377472	-1.54742	0.365291
6.835	0.380787	-0.174486	0.0175495	-0.376658	-1.54737	0.364475
6.84	0.380771	-0.17449	0.0175275	-0.375446	-1.54735	0.363259
6.845	0.380762	-0.17449	0.0175117	-0.37416	-1.54732	0.361976
6.85	0.380753	-0.174492	0.0174967	-0.373001	-1.54727	0.360813
6.855	0.380738	-0.174496	0.0174768	-0.371416	-1.54728	0.359225
6.86	0.380729	-0.174495	0.0174599	-0.370404	-1.54724	0.358219
6.865	0.380719	-0.174499	0.0174437	-0.36919	-1.54718	0.356997
6.87	0.380705	-0.174503	0.0174244	-0.368254	-1.54716	0.356054
6.875	0.380695	-0.174504	0.0174065	-0.367013	-1.5471	0.354811
6.88	0.380685	-0.174507	0.0173894	-0.365733	-1.54703	0.353523
6.885	0.380674	-0.17451	0.0173715	-0.364442	-1.54698	0.352224
6.89	0.380659	-0.174514	0.0173491	-0.36303	-1.54698	0.35083
6.895	0.380645	-0.174515	0.0173285	-0.362489	-1.54695	0.350296
6.9	0.380631	-0.174517	0.0173097	-0.362109	-1.54693	0.34991
6.905	0.38062	-0.174519	0.0172914	-0.360989	-1.54689	0.348781
6.91	0.380609	-0.174522	0.017274	-0.359645	-1.54684	0.347431
6.915	0.380597	-0.174527	0.017256	-0.35847	-1.54681	0.346231
6.92	0.380587	-0.17453	0.0172389	-0.357264	-1.54675	0.345014
6.925	0.380577	-0.174534	0.0172224	-0.356038	-1.54668	0.343776
6.93	0.380568	-0.174538	0.0172065	-0.354894	-1.54661	0.342622
6.935	0.380559	-0.174541	0.0171911	-0.353728	-1.54654	0.341448
6.94	0.380551	-0.174544	0.0171762	-0.35257	-1.54648	0.340283
