0	0.556278 	-0.0521204 	-0.340329 	-0.00155664 	-0.0222476 	-0.00123478 	
0.005	14.8993 	-4.41953 	-6.6183 	-0.136995 	-0.582914 	0.10572 	
0.01	10.7718 	-0.916018 	-4.75276 	-0.0107999 	-0.416223 	0.0715023 	
0.015	9.64685 	-0.846137 	-4.3407 	-0.00998094 	-0.372282 	0.0635577 	
0.02	8.69002 	-0.765047 	-3.98297 	-0.00855877 	-0.334802 	0.0566371 	
0.025	7.86978 	-0.708228 	-3.6822 	-0.0077573 	-0.302775 	0.0508095 	
0.03	7.16894 	-0.660711 	-3.42626 	-0.00710095 	-0.275431 	0.045846 	
0.035	6.57281 	-0.630948 	-3.19926 	-0.00705782 	-0.252049 	0.0414873 	
0.04	6.06153 	-0.599418 	-3.0113 	-0.00670401 	-0.232077 	0.0378614 	
0.045	5.62463 	-0.572034 	-2.85178 	-0.00636865 	-0.215025 	0.0347862 	
0.05	5.25143 	-0.548316 	-2.71632 	-0.00605708 	-0.200472 	0.0321784 	
0.055	4.93598 	-0.520107 	-2.59459 	-0.00558596 	-0.188059 	0.029825 	
0.06	4.66405 	-0.500846 	-2.49478 	-0.00531042 	-0.17745 	0.0278833 	
0.065	4.43157 	-0.484848 	-2.41033 	-0.00508339 	-0.1684 	0.0262362 	
0.07	4.23295 	-0.471516 	-2.33889 	-0.00489401 	-0.160684 	0.0248406 	
0.075	4.06462 	-0.466419 	-2.27318 	-0.00502448 	-0.154064 	0.0235879 	
0.08	3.91965 	-0.458451 	-2.22041 	-0.00494913 	-0.148414 	0.0225768 	
0.085	3.79577 	-0.451348 	-2.17606 	-0.00486091 	-0.143597 	0.0217322 	
0.09	3.69 	-0.44505 	-2.13883 	-0.00476585 	-0.139497 	0.0210284 	
0.095	3.60238 	-0.431585 	-2.103 	-0.00445761 	-0.136019 	0.0203246 	
0.1	3.52552 	-0.424915 	-2.07516 	-0.00433829 	-0.133048 	0.0197683 	
0.105	3.45973 	-0.419642 	-2.05203 	-0.0042463 	-0.130522 	0.0193004 	
0.11	3.40358 	-0.42148 	-2.0306 	-0.00441417 	-0.128334 	0.0188936 	
0.115	3.35541 	-0.419588 	-2.01404 	-0.00440164 	-0.126482 	0.0185799 	
0.12	3.31432 	-0.417765 	-2.00051 	-0.00437235 	-0.124914 	0.0183298 	
0.125	3.27933 	-0.416041 	-1.98955 	-0.00433124 	-0.123591 	0.018133 	
0.13	3.25249 	-0.407423 	-1.97507 	-0.0041203 	-0.122474 	0.0178428 	
0.135	3.22726 	-0.404314 	-1.96584 	-0.00405625 	-0.121518 	0.0176453 	
0.14	3.20555 	-0.402021 	-1.95858 	-0.00400944 	-0.120715 	0.0174833 	
0.145	3.18697 	-0.400345 	-1.95298 	-0.00397371 	-0.120043 	0.0173533 	
0.15	3.17097 	-0.40527 	-1.94723 	-0.00417733 	-0.119442 	0.0172503 	
0.155	3.15736 	-0.405895 	-1.94367 	-0.00419612 	-0.118949 	0.0171927 	
0.16	3.14586 	-0.406167 	-1.94121 	-0.00419152 	-0.118544 	0.0171627 	
0.165	3.13831 	-0.398815 	-1.9356 	-0.00397557 	-0.118225 	0.0170436 	
0.17	3.13022 	-0.396905 	-1.93316 	-0.00392168 	-0.117956 	0.0169808 	
0.175	3.12327 	-0.395598 	-1.93166 	-0.00388208 	-0.117741 	0.0169343 	
0.18	3.11737 	-0.394735 	-1.93096 	-0.00385156 	-0.117575 	0.0169031 	
0.185	3.11269 	-0.398934 	-1.92788 	-0.00403254 	-0.1174 	0.0168509 	
0.19	3.10834 	-0.3998 	-1.92724 	-0.00405448 	-0.117269 	0.0168464 	
0.195	3.10473 	-0.400361 	-1.9273 	-0.00405596 	-0.117173 	0.0168604 	
0.2	3.10319 	-0.394431 	-1.92568 	-0.00386082 	-0.117129 	0.016817 	
0.205	3.1009 	-0.393084 	-1.92582 	-0.00381193 	-0.117099 	0.0168056 	
0.21	3.09899 	-0.392222 	-1.92649 	-0.00377519 	-0.117092 	0.0168035 	
0.215	3.09745 	-0.391712 	-1.9276 	-0.00374614 	-0.117105 	0.0168105 	
0.22	3.09694 	-0.394833 	-1.92484 	-0.00389912 	-0.117077 	0.0167616 	
0.225	3.09579 	-0.395598 	-1.92499 	-0.00392001 	-0.117073 	0.0167679 	
0.23	3.09489 	-0.396148 	-1.92573 	-0.00392381 	-0.117085 	0.0167898 	
0.235	3.09427 	-0.396528 	-1.92694 	-0.00391428 	-0.117114 	0.0168247 	
0.24	3.09538 	-0.389763 	-1.92678 	-0.00368211 	-0.117194 	0.0168014 	
0.245	3.09538 	-0.388211 	-1.92789 	-0.0036244 	-0.117267 	0.0168019 	
0.25	3.09543 	-0.387263 	-1.92936 	-0.00358442 	-0.117349 	0.0168078 	
0.255	3.09562 	-0.391332 	-1.92826 	-0.00375375 	-0.117378 	0.0167858 	
0.26	3.0956 	-0.39226 	-1.9292 	-0.00377469 	-0.11743 	0.0168047 	
0.265	3.09574 	-0.39295 	-1.93058 	-0.00377921 	-0.117493 	0.0168374 	
0.27	3.09604 	-0.393452 	-1.93229 	-0.00377091 	-0.117568 	0.0168811 	
0.275	3.09825 	-0.386491 	-1.93145 	-0.0035453 	-0.117678 	0.0168404 	
0.28	3.09892 	-0.384961 	-1.93245 	-0.00349339 	-0.117777 	0.0168354 	
0.285	3.09953 	-0.384051 	-1.93383 	-0.00345926 	-0.117881 	0.0168365 	
0.29	3.10016 	-0.383588 	-1.93552 	-0.00343663 	-0.117991 	0.0168443 	
0.295	3.10077 	-0.38861 	-1.93493 	-0.00363596 	-0.118048 	0.0168328 	
0.3	3.10125 	-0.389945 	-1.93614 	-0.00366806 	-0.118124 	0.0168605 	
0.305	3.10185 	-0.390912 	-1.93772 	-0.003679 	-0.11821 	0.0169022 	
0.31	3.10396 	-0.383966 	-1.93812 	-0.00343695 	-0.118346 	0.0168864 	
0.315	3.10494 	-0.382576 	-1.93956 	-0.00338425 	-0.118469 	0.0168928 	
0.32	3.10587 	-0.381761 	-1.94128 	-0.00334852 	-0.118594 	0.0169038 	
0.325	3.10681 	-0.38136 	-1.94322 	-0.0033239 	-0.118722 	0.0169201 	
0.33	3.10779 	-0.38125 	-1.94533 	-0.00330616 	-0.118854 	0.016942 	
0.335	3.1094 	-0.384821 	-1.94277 	-0.00348762 	-0.118922 	0.0168877 	
0.34	3.11012 	-0.385893 	-1.94331 	-0.00352296 	-0.119004 	0.0168982 	
0.345	3.11088 	-0.386698 	-1.94435 	-0.00353872 	-0.119092 	0.0169244 	
0.35	3.11259 	-0.380221 	-1.94724 	-0.00327947 	-0.119267 	0.016957 	
0.355	3.11387 	-0.378924 	-1.94946 	-0.00322048 	-0.119419 	0.0169792 	
0.36	3.1151 	-0.378187 	-1.95176 	-0.00317986 	-0.119569 	0.0170024 	
0.365	3.11633 	-0.377851 	-1.95413 	-0.00315166 	-0.119721 	0.017028 	
0.37	3.11824 	-0.38056 	-1.95107 	-0.0033129 	-0.119796 	0.0169553 	
0.375	3.11908 	-0.381368 	-1.95145 	-0.00334428 	-0.119887 	0.0169559 	
0.38	3.11996 	-0.382023 	-1.95236 	-0.00336019 	-0.119985 	0.016972 	
0.385	3.12151 	-0.376682 	-1.95601 	-0.00313201 	-0.120172 	0.0170177 	
0.39	3.12292 	-0.37567 	-1.95847 	-0.00308001 	-0.120335 	0.0170441 	
0.395	3.12428 	-0.375141 	-1.96093 	-0.00304417 	-0.120496 	0.0170712 	
0.4	3.12564 	-0.374956 	-1.9634 	-0.00301914 	-0.120658 	0.0171003 	
0.405	3.12701 	-0.375007 	-1.96587 	-0.00300096 	-0.12082 	0.0171321 	
0.41	3.12988 	-0.375663 	-1.96117 	-0.00312045 	-0.120905 	0.0170131 	
0.415	3.13087 	-0.376064 	-1.96088 	-0.00315187 	-0.120999 	0.0169913 	
0.42	3.13181 	-0.376471 	-1.96122 	-0.00317186 	-0.121098 	0.0169867 	
0.425	3.13302 	-0.372361 	-1.9675 	-0.00295008 	-0.121321 	0.017088 	
0.43	3.13466 	-0.371637 	-1.97077 	-0.0028977 	-0.12151 	0.0171314 	
0.435	3.13624 	-0.371326 	-1.9738 	-0.00286135 	-0.121693 	0.0171714 	
0.44	3.13777 	-0.371304 	-1.97665 	-0.00283585 	-0.121873 	0.0172101 	
0.445	3.14079 	-0.370977 	-1.97159 	-0.00292938 	-0.121964 	0.0170709 	
0.45	3.14183 	-0.371126 	-1.9712 	-0.00295629 	-0.122068 	0.0170395 	
0.455	3.14282 	-0.371389 	-1.97146 	-0.00297599 	-0.122176 	0.0170254 	
0.46	3.14395 	-0.36834 	-1.97803 	-0.00278934 	-0.122406 	0.0171297 	
0.465	3.14565 	-0.367889 	-1.98134 	-0.00274625 	-0.122601 	0.0171728 	
0.47	3.14728 	-0.367781 	-1.98439 	-0.00271687 	-0.122791 	0.0172127 	
0.475	3.14887 	-0.367907 	-1.98723 	-0.00269658 	-0.122978 	0.0172516 	
0.48	3.15197 	-0.366219 	-1.98241 	-0.00274175 	-0.123083 	0.017103 	
0.485	3.15311 	-0.366076 	-1.98208 	-0.00276152 	-0.123199 	0.0170646 	
0.49	3.15421 	-0.366165 	-1.98234 	-0.00277891 	-0.123321 	0.0170434 	
0.495	3.15532 	-0.364171 	-1.98906 	-0.00262949 	-0.123556 	0.017149 	
0.5	3.1571 	-0.363981 	-1.99241 	-0.00259587 	-0.123759 	0.0171917 	
0.505	3.15879 	-0.364066 	-1.99547 	-0.00257364 	-0.123956 	0.0172316 	
0.51	3.16045 	-0.364336 	-1.99829 	-0.00255873 	-0.124149 	0.0172708 	
0.515	3.16364 	-0.361335 	-1.99384 	-0.00255652 	-0.12427 	0.0171134 	
0.52	3.1649 	-0.36091 	-1.9936 	-0.00256921 	-0.124401 	0.0170687 	
0.525	3.1661 	-0.360831 	-1.99391 	-0.00258421 	-0.124536 	0.0170409 	
0.53	3.16732 	-0.360988 	-1.99469 	-0.00259876 	-0.124676 	0.017028 	
0.535	3.16898 	-0.358954 	-2.00339 	-0.00242616 	-0.124965 	0.0171682 	
0.54	3.17114 	-0.358818 	-2.00759 	-0.00238597 	-0.125202 	0.017225 	
0.545	3.1731 	-0.35897 	-2.01121 	-0.00236051 	-0.125425 	0.0172737 	
0.55	3.17605 	-0.356989 	-2.00656 	-0.00239712 	-0.125547 	0.017116 	
0.555	3.17728 	-0.356823 	-2.00643 	-0.00241694 	-0.125687 	0.0170748 	
0.56	3.17851 	-0.356936 	-2.00682 	-0.00243681 	-0.12583 	0.0170503 	
0.565	3.17979 	-0.357233 	-2.00764 	-0.00245469 	-0.125977 	0.0170404 	
0.57	3.18168 	-0.353827 	-2.01564 	-0.00225421 	-0.126277 	0.0171391 	
0.575	3.18386 	-0.353398 	-2.01953 	-0.00221347 	-0.12652 	0.0171776 	
0.58	3.18584 	-0.353372 	-2.0229 	-0.00219031 	-0.126749 	0.0172105 	
0.585	3.1877 	-0.353622 	-2.02587 	-0.00217889 	-0.126968 	0.0172408 	
0.59	3.19102 	-0.351608 	-2.02037 	-0.00223189 	-0.127088 	0.0170589 	
0.595	3.1923 	-0.351475 	-2.01969 	-0.00226282 	-0.127223 	0.0170029 	
0.6	3.19355 	-0.351627 	-2.01964 	-0.0022922 	-0.127362 	0.0169662 	
0.605	3.19501 	-0.349331 	-2.0284 	-0.00211625 	-0.12766 	0.0170846 	
0.61	3.19716 	-0.34919 	-2.03231 	-0.00208487 	-0.127903 	0.0171233 	
0.615	3.19912 	-0.349374 	-2.03566 	-0.00206857 	-0.128133 	0.0171568 	
0.62	3.20096 	-0.349778 	-2.0386 	-0.00206213 	-0.128353 	0.0171879 	
0.625	3.20426 	-0.346228 	-2.03382 	-0.00205776 	-0.128491 	0.0169939 	
0.63	3.20562 	-0.345758 	-2.03335 	-0.00207883 	-0.12864 	0.0169309 	
0.635	3.20694 	-0.345702 	-2.03344 	-0.00210395 	-0.128792 	0.0168869 	
0.64	3.20832 	-0.344628 	-2.04175 	-0.00197684 	-0.129083 	0.0170012 	
0.645	3.21044 	-0.344781 	-2.04551 	-0.0019578 	-0.129326 	0.0170373 	
0.65	3.21239 	-0.345183 	-2.04874 	-0.00195067 	-0.129556 	0.0170693 	
0.655	3.21424 	-0.345745 	-2.05157 	-0.00195099 	-0.129777 	0.0170999 	
0.66	3.21756 	-0.34073 	-2.04768 	-0.00189067 	-0.129936 	0.016895 	
0.665	3.21904 	-0.339943 	-2.04748 	-0.00190259 	-0.130101 	0.0168254 	
0.67	3.22047 	-0.339695 	-2.04773 	-0.00192386 	-0.130268 	0.0167746 	
0.675	3.2219 	-0.339822 	-2.04837 	-0.00194954 	-0.130437 	0.0167406 	
0.68	3.22385 	-0.339032 	-2.05883 	-0.00180829 	-0.13078 	0.0168923 	
0.685	3.22633 	-0.339363 	-2.06349 	-0.00178557 	-0.131053 	0.0169446 	
0.69	3.2285 	-0.339914 	-2.06731 	-0.00177696 	-0.131307 	0.0169874 	
0.695	3.23163 	-0.33606 	-2.06274 	-0.00176426 	-0.13146 	0.0167819 	
0.7	3.23303 	-0.335597 	-2.0625 	-0.00178623 	-0.131628 	0.0167162 	
0.705	3.23442 	-0.335582 	-2.06271 	-0.00181423 	-0.131798 	0.0166692 	
0.71	3.23583 	-0.335875 	-2.0633 	-0.00184431 	-0.131969 	0.0166386 	
0.715	3.23796 	-0.333283 	-2.07341 	-0.00166154 	-0.132327 	0.0167396 	
0.72	3.24044 	-0.333206 	-2.07787 	-0.00163535 	-0.132607 	0.0167703 	
0.725	3.24259 	-0.333497 	-2.08149 	-0.0016272 	-0.132866 	0.0167946 	
0.73	3.24537 	-0.331146 	-2.0774 	-0.00165396 	-0.13302 	0.0166184 	
0.735	3.24675 	-0.331033 	-2.07729 	-0.0016846 	-0.133192 	0.0165603 	
0.74	3.24816 	-0.331273 	-2.0776 	-0.00171825 	-0.133365 	0.0165199 	
0.745	3.24985 	-0.32877 	-2.08488 	-0.00157884 	-0.13367 	0.0165568 	
0.75	3.25198 	-0.328703 	-2.08818 	-0.00156908 	-0.133923 	0.0165608 	
0.755	3.25392 	-0.329004 	-2.09099 	-0.00157351 	-0.134162 	0.016566 	
0.76	3.25576 	-0.329555 	-2.09343 	-0.00158678 	-0.13439 	0.0165738 	
0.765	3.25754 	-0.330264 	-2.09562 	-0.00160495 	-0.134611 	0.016585 	
0.77	3.26077 	-0.323607 	-2.09369 	-0.00147937 	-0.134811 	0.0163565 	
0.775	3.26247 	-0.322499 	-2.09393 	-0.00148559 	-0.135004 	0.0162705 	
0.78	3.26408 	-0.322086 	-2.09444 	-0.00150779 	-0.135197 	0.0162048 	
0.785	3.26566 	-0.322167 	-2.09519 	-0.00153915 	-0.135388 	0.0161566 	
0.79	3.26751 	-0.322711 	-2.10528 	-0.00145612 	-0.135732 	0.0162934 	
0.795	3.26995 	-0.323478 	-2.10974 	-0.00145554 	-0.136011 	0.0163349 	
0.8	3.27207 	-0.324378 	-2.11332 	-0.00146543 	-0.136268 	0.0163692 	
0.805	3.27524 	-0.318796 	-2.10998 	-0.00139298 	-0.136455 	0.016132 	
0.81	3.2768 	-0.31804 	-2.11001 	-0.00141137 	-0.136646 	0.0160502 	
0.815	3.2783 	-0.317877 	-2.11035 	-0.00144165 	-0.136836 	0.0159884 	
0.82	3.27981 	-0.318131 	-2.11096 	-0.00147817 	-0.137025 	0.015944 	
0.825	3.28182 	-0.316538 	-2.12107 	-0.00134202 	-0.137389 	0.0160237 	
0.83	3.28425 	-0.316802 	-2.12542 	-0.00133515 	-0.137676 	0.0160416 	
0.835	3.28633 	-0.317372 	-2.12887 	-0.00134366 	-0.13794 	0.0160557 	
0.84	3.28915 	-0.313626 	-2.12562 	-0.00132375 	-0.13812 	0.0158529 	
0.845	3.29062 	-0.313287 	-2.12565 	-0.0013535 	-0.13831 	0.0157798 	
0.85	3.29209 	-0.313424 	-2.12599 	-0.0013911 	-0.138499 	0.0157256 	
0.855	3.29358 	-0.313889 	-2.1266 	-0.00143207 	-0.138687 	0.0156879 	
0.86	3.29581 	-0.310258 	-2.13681 	-0.00124511 	-0.139068 	0.0157097 	
0.865	3.29826 	-0.310054 	-2.14111 	-0.00123186 	-0.139361 	0.0157052 	
0.87	3.30033 	-0.310319 	-2.14448 	-0.00123871 	-0.13963 	0.0157005 	
0.875	3.30218 	-0.310906 	-2.1472 	-0.00125861 	-0.13988 	0.0156975 	
0.88	3.30523 	-0.307038 	-2.14288 	-0.00125199 	-0.140045 	0.0154673 	
0.885	3.30665 	-0.306679 	-2.14229 	-0.00129088 	-0.140222 	0.0153792 	
0.89	3.30805 	-0.306815 	-2.14213 	-0.00133643 	-0.140399 	0.0153132 	
0.895	3.30964 	-0.304873 	-2.15212 	-0.00120063 	-0.140756 	0.0153605 	
0.9	3.31187 	-0.305052 	-2.15612 	-0.00120151 	-0.141036 	0.015358 	
0.905	3.3138 	-0.305592 	-2.15927 	-0.00121813 	-0.141294 	0.015356 	
0.91	3.31555 	-0.306374 	-2.16182 	-0.00124454 	-0.141536 	0.0153561 	
0.915	3.31859 	-0.300579 	-2.15898 	-0.00116853 	-0.141725 	0.0150949 	
0.92	3.32009 	-0.299785 	-2.15883 	-0.00119485 	-0.141917 	0.0149947 	
0.925	3.32154 	-0.299638 	-2.15896 	-0.00123428 	-0.142106 	0.0149177 	
0.93	3.32288 	-0.299303 	-2.16759 	-0.00116375 	-0.142435 	0.014972 	
0.935	3.32493 	-0.299845 	-2.17116 	-0.00118014 	-0.142703 	0.0149698 	
0.94	3.32674 	-0.300648 	-2.174 	-0.00120763 	-0.142951 	0.0149692 	
0.945	3.32842 	-0.301615 	-2.17633 	-0.00124142 	-0.143186 	0.0149714 	
0.95	3.3315 	-0.294044 	-2.17504 	-0.00110128 	-0.143401 	0.0146796 	
0.955	3.33313 	-0.29285 	-2.17534 	-0.00111638 	-0.143607 	0.0145677 	
0.96	3.33464 	-0.292444 	-2.17575 	-0.00115041 	-0.143809 	0.0144803 	
0.965	3.3361 	-0.2926 	-2.17631 	-0.00119563 	-0.144008 	0.0144136 	
0.97	3.33765 	-0.292936 	-2.18649 	-0.00113098 	-0.144365 	0.0144998 	
0.975	3.33982 	-0.293784 	-2.1907 	-0.00114996 	-0.144647 	0.0145129 	
0.98	3.34167 	-0.294811 	-2.19396 	-0.00117944 	-0.144906 	0.0145238 	
0.985	3.34461 	-0.288732 	-2.19133 	-0.00109694 	-0.145102 	0.0142475 	
0.99	3.34606 	-0.28796 	-2.19136 	-0.00112494 	-0.1453 	0.0141451 	
0.995	3.34745 	-0.287851 	-2.19158 	-0.00116701 	-0.145495 	0.0140661 	
1	3.34883 	-0.288208 	-2.19198 	-0.00121678 	-0.145688 	0.0140068 	
1.005	3.35051 	-0.286132 	-2.20248 	-0.00109188 	-0.146062 	0.0140215 	
1.01	3.35266 	-0.286393 	-2.20668 	-0.00110183 	-0.14635 	0.0140082 	
1.015	3.35446 	-0.287023 	-2.20987 	-0.00112768 	-0.146612 	0.0139973 	
1.02	3.35604 	-0.2879 	-2.21235 	-0.00116332 	-0.146855 	0.0139899 	
1.025	3.35927 	-0.281339 	-2.20862 	-0.00108276 	-0.147031 	0.0136769 	
1.03	3.36067 	-0.280392 	-2.20799 	-0.00111547 	-0.147213 	0.0135557 	
1.035	3.36198 	-0.28017 	-2.20768 	-0.00116277 	-0.147394 	0.0134614 	
1.04	3.36295 	-0.280174 	-2.21757 	-0.00110232 	-0.147737 	0.0135156 	
1.045	3.36483 	-0.280845 	-2.22135 	-0.00112755 	-0.148008 	0.0135069 	
1.05	3.36644 	-0.281769 	-2.22424 	-0.00116376 	-0.148256 	0.0135007 	
1.055	3.36897 	-0.276478 	-2.22253 	-0.00109536 	-0.148456 	0.013246 	
1.06	3.37031 	-0.275923 	-2.22278 	-0.00112883 	-0.148655 	0.0131481 	
1.065	3.37159 	-0.275982 	-2.22313 	-0.0011752 	-0.148849 	0.0130729 	
1.07	3.37288 	-0.27647 	-2.2236 	-0.00122848 	-0.149039 	0.0130168 	
1.075	3.37439 	-0.273241 	-2.23287 	-0.00109771 	-0.14939 	0.0129609 	
1.08	3.3763 	-0.273232 	-2.23655 	-0.00111201 	-0.149664 	0.0129221 	
1.085	3.37789 	-0.273687 	-2.23933 	-0.00114308 	-0.149914 	0.0128917 	
1.09	3.37931 	-0.274461 	-2.24149 	-0.00118448 	-0.150147 	0.0128692 	
1.095	3.38201 	-0.269031 	-2.23894 	-0.00112322 	-0.150329 	0.0125932 	
1.1	3.38331 	-0.268392 	-2.23868 	-0.00116124 	-0.150513 	0.0124833 	
1.105	3.38456 	-0.268398 	-2.23863 	-0.00121182 	-0.150694 	0.0123988 	
1.11	3.3858 	-0.268855 	-2.2388 	-0.00126893 	-0.150874 	0.0123354 	
1.115	3.38726 	-0.266006 	-2.25081 	-0.00112528 	-0.151264 	0.0123161 	
1.12	3.38927 	-0.266124 	-2.25536 	-0.00113671 	-0.151554 	0.0122883 	
1.125	3.39085 	-0.266677 	-2.2587 	-0.00116611 	-0.151814 	0.0122657 	
1.13	3.39347 	-0.263162 	-2.25447 	-0.00117369 	-0.151969 	0.0120208 	
1.135	3.39455 	-0.262972 	-2.25387 	-0.00122449 	-0.152141 	0.0119233 	
1.14	3.39564 	-0.26329 	-2.25358 	-0.00128278 	-0.152311 	0.0118493 	
1.145	3.39651 	-0.260417 	-2.26206 	-0.00117488 	-0.152629 	0.0117805 	
1.15	3.39808 	-0.260459 	-2.2652 	-0.00119803 	-0.15288 	0.0117319 	
1.155	3.39941 	-0.260957 	-2.26757 	-0.00123593 	-0.153112 	0.0116948 	
1.16	3.40062 	-0.261768 	-2.26942 	-0.00128263 	-0.153328 	0.0116678 	
1.165	3.40297 	-0.255928 	-2.26831 	-0.00119964 	-0.153519 	0.0113851 	
1.17	3.4042 	-0.255206 	-2.26845 	-0.0012341 	-0.153705 	0.0112727 	
1.175	3.40535 	-0.255163 	-2.26867 	-0.00128295 	-0.153887 	0.0111863 	
1.18	3.40649 	-0.255598 	-2.269 	-0.00133974 	-0.154065 	0.0111213 	
1.185	3.40749 	-0.253053 	-2.27852 	-0.00123565 	-0.154401 	0.0110675 	
1.19	3.4091 	-0.253232 	-2.28218 	-0.00125891 	-0.154661 	0.0110278 	
1.195	3.41043 	-0.25383 	-2.2849 	-0.00129683 	-0.154896 	0.0109975 	
1.2	3.41159 	-0.254714 	-2.28696 	-0.00134352 	-0.155115 	0.0109759 	
1.205	3.41447 	-0.248181 	-2.28386 	-0.001265 	-0.155276 	0.010642 	
1.21	3.41564 	-0.247268 	-2.28327 	-0.00130257 	-0.155443 	0.010513 	
1.215	3.41672 	-0.247091 	-2.28293 	-0.00135472 	-0.155609 	0.0104135 	
1.22	3.41704 	-0.246766 	-2.29167 	-0.00131501 	-0.155911 	0.0104172 	
1.225	3.41839 	-0.247374 	-2.29488 	-0.00135181 	-0.156151 	0.0103883 	
1.23	3.41953 	-0.248275 	-2.29729 	-0.00139821 	-0.156372 	0.0103677 	
1.235	3.42174 	-0.242998 	-2.29589 	-0.00133512 	-0.156551 	0.0100914 	
1.24	3.4228 	-0.242456 	-2.29604 	-0.00137397 	-0.156728 	0.00998503 	
1.245	3.4238 	-0.242538 	-2.29626 	-0.00142536 	-0.156902 	0.00990399 	
1.25	3.4248 	-0.243058 	-2.29657 	-0.00148346 	-0.157071 	0.00984384 	
1.255	3.42559 	-0.239513 	-2.30474 	-0.00137474 	-0.157374 	0.00972943 	
1.26	3.42693 	-0.239421 	-2.30786 	-0.00139948 	-0.157612 	0.00966982 	
1.265	3.42804 	-0.239828 	-2.31017 	-0.0014393 	-0.15783 	0.00962483 	
1.27	3.42903 	-0.24058 	-2.31193 	-0.00148816 	-0.158033 	0.00959229 	
1.275	3.43139 	-0.235288 	-2.30965 	-0.00143348 	-0.158191 	0.00930211 	
1.28	3.43243 	-0.234685 	-2.30932 	-0.00147519 	-0.158352 	0.00918807 	
1.285	3.43339 	-0.234721 	-2.30918 	-0.00152879 	-0.158511 	0.0091013 	
1.29	3.43434 	-0.235206 	-2.30923 	-0.00158852 	-0.158667 	0.00903695 	
1.295	3.43486 	-0.232024 	-2.31958 	-0.00147241 	-0.158994 	0.00895405 	
1.3	3.4362 	-0.232033 	-2.32338 	-0.00149442 	-0.15924 	0.00890478 	
1.305	3.43723 	-0.23251 	-2.32615 	-0.00153194 	-0.159462 	0.00886784 	
1.31	3.4381 	-0.233311 	-2.3282 	-0.00157891 	-0.159665 	0.00884157 	
1.315	3.44119 	-0.22764 	-2.32339 	-0.00153907 	-0.159788 	0.0085075 	
1.32	3.44217 	-0.226915 	-2.32218 	-0.0015849 	-0.159924 	0.00838033 	
1.325	3.44305 	-0.226857 	-2.32136 	-0.00164184 	-0.160061 	0.0082832 	
1.33	3.44276 	-0.225816 	-2.33099 	-0.00158316 	-0.160352 	0.00826592 	
1.335	3.44379 	-0.22625 	-2.33431 	-0.0016169 	-0.160576 	0.00823054 	
1.34	3.44461 	-0.227022 	-2.33677 	-0.00166123 	-0.160779 	0.00820552 	
1.345	3.4468 	-0.222374 	-2.33399 	-0.00162741 	-0.160918 	0.00792699 	
1.35	3.4476 	-0.221938 	-2.33365 	-0.00167142 	-0.161066 	0.00782131 	
1.355	3.44835 	-0.222082 	-2.3335 	-0.00172545 	-0.161212 	0.00774185 	
1.36	3.4491 	-0.222631 	-2.33354 	-0.00178437 	-0.161356 	0.00768386 	
1.365	3.44934 	-0.218688 	-2.34197 	-0.00167095 	-0.161634 	0.0075474 	
1.37	3.45033 	-0.218467 	-2.34505 	-0.00169416 	-0.16185 	0.00748198 	
1.375	3.45111 	-0.218771 	-2.34731 	-0.00173243 	-0.162047 	0.00743351 	
1.38	3.45179 	-0.219442 	-2.34902 	-0.00177986 	-0.16223 	0.0073991 	
1.385	3.45429 	-0.214939 	-2.34525 	-0.00175773 	-0.162349 	0.00711396 	
1.39	3.45512 	-0.214492 	-2.34439 	-0.00180473 	-0.162479 	0.00700431 	
1.395	3.45588 	-0.214619 	-2.34386 	-0.00186041 	-0.162609 	0.00692207 	
1.4	3.45662 	-0.215144 	-2.34364 	-0.00191998 	-0.162738 	0.00686227 	
1.405	3.4565 	-0.211384 	-2.35456 	-0.00179212 	-0.163043 	0.00675656 	
1.41	3.45747 	-0.21121 	-2.35845 	-0.00181013 	-0.163267 	0.00670176 	
1.415	3.45815 	-0.211542 	-2.36125 	-0.00184411 	-0.163468 	0.00666161 	
1.42	3.46071 	-0.209103 	-2.35597 	-0.00188378 	-0.163564 	0.00643256 	
1.425	3.46136 	-0.209109 	-2.35487 	-0.00193979 	-0.163681 	0.00634252 	
1.43	3.46198 	-0.209542 	-2.35419 	-0.00199972 	-0.163798 	0.00627657 	
1.435	3.46159 	-0.206161 	-2.36146 	-0.00190797 	-0.164031 	0.00615047 	
1.44	3.46225 	-0.206026 	-2.36395 	-0.00193494 	-0.164216 	0.00608761 	
1.445	3.46279 	-0.206373 	-2.36583 	-0.00197434 	-0.164387 	0.00604233 	
1.45	3.46328 	-0.207055 	-2.36729 	-0.00202102 	-0.164547 	0.00601146 	
1.455	3.46376 	-0.207961 	-2.36848 	-0.00207118 	-0.164699 	0.00599247 	
1.46	3.46645 	-0.200534 	-2.3657 	-0.00197222 	-0.164811 	0.0056056 	
1.465	3.46729 	-0.199313 	-2.36503 	-0.00200142 	-0.16493 	0.00546545 	
1.47	3.46797 	-0.19888 	-2.36457 	-0.00204601 	-0.165049 	0.00535906 	
1.475	3.46858 	-0.199011 	-2.36437 	-0.00209935 	-0.165168 	0.00528013 	
1.48	3.46772 	-0.199356 	-2.3737 	-0.00207716 	-0.165418 	0.00531583 	
1.485	3.46829 	-0.200178 	-2.37712 	-0.00211374 	-0.165609 	0.00530804 	
1.49	3.46872 	-0.201191 	-2.37967 	-0.00215656 	-0.165782 	0.00530652 	
1.495	3.47159 	-0.19532 	-2.37503 	-0.00210816 	-0.165873 	0.0049591 	
1.5	3.47225 	-0.19454 	-2.37407 	-0.00214543 	-0.16598 	0.00484014 	
1.505	3.47281 	-0.194401 	-2.37344 	-0.00219331 	-0.166088 	0.00475115 	
1.51	3.47331 	-0.194716 	-2.37313 	-0.00224659 	-0.166197 	0.00468658 	
1.515	3.47243 	-0.192935 	-2.38175 	-0.00218263 	-0.16643 	0.00463516 	
1.52	3.47287 	-0.193184 	-2.38486 	-0.00221003 	-0.166609 	0.00460094 	
1.525	3.47319 	-0.193782 	-2.38718 	-0.00224707 	-0.166771 	0.00457894 	
1.53	3.47572 	-0.19009 	-2.38255 	-0.00224675 	-0.166854 	0.0043144 	
1.535	3.47628 	-0.189781 	-2.38162 	-0.00229065 	-0.166953 	0.00421991 	
1.54	3.47676 	-0.18996 	-2.38107 	-0.00234067 	-0.167052 	0.00415107 	
1.545	3.4772 	-0.190478 	-2.38085 	-0.002393 	-0.167153 	0.00410315 	
1.55	3.47643 	-0.186837 	-2.38868 	-0.00229342 	-0.167366 	0.00397305 	
1.555	3.4768 	-0.186595 	-2.39152 	-0.00231233 	-0.167532 	0.00391662 	
1.56	3.47704 	-0.186832 	-2.39366 	-0.00234379 	-0.167684 	0.0038775 	
1.565	3.47724 	-0.187406 	-2.39532 	-0.00238286 	-0.167826 	0.00385243 	
1.57	3.48046 	-0.18397 	-2.38951 	-0.00239677 	-0.167891 	0.00358541 	
1.575	3.48115 	-0.183693 	-2.38803 	-0.00244303 	-0.167971 	0.00349044 	
1.58	3.48168 	-0.183873 	-2.38708 	-0.00249354 	-0.168053 	0.00342153 	
1.585	3.48213 	-0.184371 	-2.3866 	-0.00254499 	-0.168136 	0.00337393 	
1.59	3.48076 	-0.180881 	-2.39721 	-0.00242675 	-0.168373 	0.00328169 	
1.595	3.48101 	-0.180667 	-2.40094 	-0.00243808 	-0.168546 	0.00323885 	
1.6	3.48109 	-0.180912 	-2.4037 	-0.00246307 	-0.1687 	0.00321042 	
1.605	3.48437 	-0.179336 	-2.39672 	-0.00252704 	-0.168747 	0.00300228 	
1.61	3.48488 	-0.179457 	-2.39514 	-0.00257872 	-0.168816 	0.00292838 	
1.615	3.48527 	-0.179901 	-2.39415 	-0.00263068 	-0.168887 	0.00287689 	
1.62	3.48559 	-0.180562 	-2.39365 	-0.00268088 	-0.16896 	0.00284373 	
1.625	3.48422 	-0.175627 	-2.40289 	-0.00253949 	-0.169166 	0.00268362 	
1.63	3.48431 	-0.175017 	-2.40611 	-0.00254476 	-0.169319 	0.00262208 	
1.635	3.48427 	-0.174968 	-2.40852 	-0.00256542 	-0.169458 	0.00257946 	
1.64	3.48717 	-0.174992 	-2.40211 	-0.00265836 	-0.169502 	0.00244155 	
1.645	3.48758 	-0.175458 	-2.40073 	-0.00271249 	-0.169565 	0.00238924 	
1.65	3.48789 	-0.176128 	-2.39993 	-0.00276383 	-0.16963 	0.00235564 	
1.655	3.48814 	-0.176928 	-2.3996 	-0.00281137 	-0.169698 	0.00233728 	
1.66	3.48694 	-0.170834 	-2.40744 	-0.00265312 	-0.169874 	0.00212006 	
1.665	3.48696 	-0.169902 	-2.41023 	-0.00265299 	-0.17001 	0.002044 	
1.67	3.48686 	-0.169608 	-2.41235 	-0.00266956 	-0.170135 	0.00199045 	
1.675	3.48673 	-0.169775 	-2.41402 	-0.00269701 	-0.170253 	0.00195487 	
1.68	3.49062 	-0.170743 	-2.40645 	-0.00282086 	-0.170288 	0.0018394 	
1.685	3.49129 	-0.1715 	-2.40454 	-0.00288159 	-0.170334 	0.00179923 	
1.69	3.49172 	-0.17234 	-2.40335 	-0.00293488 	-0.170381 	0.001776 	
1.695	3.48973 	-0.167479 	-2.41134 	-0.00279455 	-0.170537 	0.00162398 	
1.7	3.48955 	-0.166876 	-2.41398 	-0.0027965 	-0.170655 	0.00157028 	
1.705	3.48931 	-0.166793 	-2.41606 	-0.00281201 	-0.170766 	0.00153483 	
1.71	3.48907 	-0.167081 	-2.41774 	-0.00283625 	-0.170871 	0.001514 	
1.715	3.493 	-0.166571 	-2.41053 	-0.00292162 	-0.170903 	0.00134802 	
1.72	3.49363 	-0.166918 	-2.40877 	-0.00297096 	-0.170944 	0.00129503 	
1.725	3.49399 	-0.167453 	-2.40768 	-0.00301629 	-0.170986 	0.00126148 	
1.73	3.49187 	-0.164276 	-2.41475 	-0.00291615 	-0.171117 	0.0011736 	
1.735	3.49156 	-0.164027 	-2.41716 	-0.00292259 	-0.17122 	0.00114002 	
1.74	3.49123 	-0.164175 	-2.41913 	-0.00293906 	-0.171318 	0.00112092 	
1.745	3.49093 	-0.164604 	-2.42079 	-0.00296176 	-0.171412 	0.00111347 	
1.75	3.49496 	-0.162887 	-2.4139 	-0.00301601 	-0.171441 	0.000905339 	
1.755	3.49559 	-0.162908 	-2.41226 	-0.00305621 	-0.171477 	0.000842139 	
1.76	3.49592 	-0.163198 	-2.41126 	-0.00309495 	-0.171514 	0.000800451 	
1.765	3.49608 	-0.163673 	-2.41081 	-0.00313104 	-0.171553 	0.00077636 	
1.77	3.49374 	-0.160673 	-2.4193 	-0.00302231 	-0.171697 	0.000715941 	
1.775	3.49329 	-0.160438 	-2.42243 	-0.00302127 	-0.171804 	0.000695509 	
1.78	3.49281 	-0.160582 	-2.4249 	-0.00303127 	-0.171904 	0.000686744 	
1.785	3.49679 	-0.160315 	-2.41754 	-0.00311934 	-0.171922 	0.000532092 	
1.79	3.49726 	-0.160634 	-2.41599 	-0.00316132 	-0.171952 	0.000488273 	
1.795	3.49746 	-0.161116 	-2.4151 	-0.00319908 	-0.171983 	0.000462628 	
1.8	3.4975 	-0.161706 	-2.41475 	-0.0032324 	-0.172016 	0.000451789 	
1.805	3.49744 	-0.162364 	-2.41485 	-0.00326133 	-0.172052 	0.000452919 	
1.81	3.49551 	-0.156974 	-2.42223 	-0.00310924 	-0.172177 	0.000283589 	
1.815	3.495 	-0.156074 	-2.42509 	-0.0030958 	-0.172273 	0.000233662 	
1.82	3.49444 	-0.15573 	-2.42738 	-0.00309752 	-0.172363 	0.000201969 	
1.825	3.49851 	-0.158356 	-2.4199 	-0.00324903 	-0.172376 	0.000161388 	
1.83	3.49898 	-0.159315 	-2.41837 	-0.00329961 	-0.172398 	0.000151963 	
1.835	3.49916 	-0.16022 	-2.41754 	-0.00333967 	-0.172419 	0.000154818 	
1.84	3.49916 	-0.161074 	-2.41727 	-0.00337101 	-0.172443 	0.00016758 	
1.845	3.49723 	-0.155122 	-2.4233 	-0.00321101 	-0.172536 	-2.97625e-05 	
1.85	3.49663 	-0.154077 	-2.42561 	-0.00319429 	-0.172612 	-8.45805e-05 	
1.855	3.49602 	-0.153604 	-2.42753 	-0.00319244 	-0.172685 	-0.000119628 	
1.86	3.49945 	-0.156913 	-2.42121 	-0.00334515 	-0.172695 	-0.000112634 	
1.865	3.49978 	-0.158002 	-2.42007 	-0.00339157 	-0.172713 	-0.000105716 	
1.87	3.49984 	-0.158979 	-2.41956 	-0.00342668 	-0.172732 	-8.93238e-05 	
1.875	3.49974 	-0.159862 	-2.41957 	-0.0034527 	-0.172753 	-6.53907e-05 	
1.88	3.49839 	-0.153836 	-2.42356 	-0.00330347 	-0.172818 	-0.000283836 	
1.885	3.49782 	-0.152731 	-2.42528 	-0.00328597 	-0.172874 	-0.000341101 	
1.89	3.49723 	-0.15219 	-2.42683 	-0.00328218 	-0.172932 	-0.000377628 	
1.895	3.50004 	-0.155981 	-2.42178 	-0.00343089 	-0.172941 	-0.000329412 	
1.9	3.50025 	-0.157161 	-2.42105 	-0.00347253 	-0.172957 	-0.000307953 	
1.905	3.50021 	-0.158183 	-2.42089 	-0.00350241 	-0.172973 	-0.000279563 	
1.91	3.50003 	-0.159079 	-2.42118 	-0.00352308 	-0.172993 	-0.000245763 	
1.915	3.49974 	-0.159874 	-2.42182 	-0.00353656 	-0.173015 	-0.000207799 	
1.92	3.49961 	-0.152207 	-2.42357 	-0.00337 	-0.173055 	-0.00052219 	
1.925	3.4992 	-0.15056 	-2.4247 	-0.00334472 	-0.173095 	-0.000607893 	
1.93	3.49867 	-0.149611 	-2.42582 	-0.00333576 	-0.173138 	-0.00066673 	
1.935	3.50079 	-0.155971 	-2.42212 	-0.00352624 	-0.173142 	-0.000494666 	
1.94	3.50086 	-0.157732 	-2.42184 	-0.00357182 	-0.173153 	-0.000435968 	
1.945	3.50071 	-0.15914 	-2.42204 	-0.00360103 	-0.173166 	-0.000376969 	
1.95	3.50042 	-0.160278 	-2.42264 	-0.00361796 	-0.173181 	-0.000318087 	
1.955	3.50083 	-0.152474 	-2.42305 	-0.00345438 	-0.173205 	-0.000645425 	
1.96	3.50048 	-0.150843 	-2.42373 	-0.00342813 	-0.173231 	-0.00072725 	
1.965	3.49996 	-0.149875 	-2.42454 	-0.00341668 	-0.173261 	-0.000782724 	
1.97	3.50146 	-0.156226 	-2.42194 	-0.00359266 	-0.173262 	-0.000588319 	
1.975	3.50135 	-0.157949 	-2.42198 	-0.00363097 	-0.173269 	-0.000520424 	
1.98	3.50106 	-0.15931 	-2.42246 	-0.00365356 	-0.173278 	-0.000453905 	
1.985	3.50063 	-0.160396 	-2.42327 	-0.00366452 	-0.17329 	-0.000388886 	
1.99	3.50192 	-0.153271 	-2.42203 	-0.00352712 	-0.173301 	-0.000705267 	
1.995	3.50169 	-0.151769 	-2.42225 	-0.00350298 	-0.173314 	-0.000780011 	
2	3.50122 	-0.150862 	-2.42273 	-0.00349103 	-0.17333 	-0.000829593 	
2.005	3.50061 	-0.1504 	-2.42346 	-0.00348725 	-0.173349 	-0.000858937 	
2.01	3.50249 	-0.158417 	-2.42093 	-0.00369862 	-0.173338 	-0.000598996 	
2.015	3.50247 	-0.16072 	-2.42107 	-0.00374269 	-0.173332 	-0.000497321 	
2.02	3.5022 	-0.162448 	-2.42163 	-0.00376505 	-0.173331 	-0.000402702 	
2.025	3.50211 	-0.154845 	-2.42237 	-0.0035985 	-0.173345 	-0.000705704 	
2.03	3.50159 	-0.153362 	-2.42321 	-0.00356618 	-0.173362 	-0.000764306 	
2.035	3.50098 	-0.15244 	-2.42422 	-0.00354612 	-0.173383 	-0.000800627 	
2.04	3.50032 	-0.15194 	-2.42539 	-0.00353464 	-0.173408 	-0.000819221 	
2.045	3.502 	-0.158682 	-2.42301 	-0.00372462 	-0.173404 	-0.000615444 	
2.05	3.50197 	-0.160567 	-2.42334 	-0.00376016 	-0.173407 	-0.000529405 	
2.055	3.50177 	-0.161979 	-2.42408 	-0.00377646 	-0.173414 	-0.000447408 	
2.06	3.50107 	-0.155345 	-2.42627 	-0.00361975 	-0.173445 	-0.000692358 	
2.065	3.50054 	-0.154029 	-2.42773 	-0.00358572 	-0.173477 	-0.000734754 	
2.07	3.49999 	-0.153213 	-2.42924 	-0.00356299 	-0.173513 	-0.000757944 	
2.075	3.49945 	-0.152777 	-2.43079 	-0.00354837 	-0.173552 	-0.000765983 	
2.08	3.49894 	-0.152626 	-2.4324 	-0.00353946 	-0.173595 	-0.000762085 	
2.085	3.50122 	-0.15913 	-2.42942 	-0.0037539 	-0.173603 	-0.000608386 	
2.09	3.50149 	-0.160989 	-2.42966 	-0.00379464 	-0.173617 	-0.000529995 	
2.095	3.50157 	-0.162346 	-2.43035 	-0.00381289 	-0.173634 	-0.000453317 	
2.1	3.50006 	-0.155119 	-2.43525 	-0.003609 	-0.173699 	-0.00066963 	
2.105	3.49956 	-0.153627 	-2.43763 	-0.00356245 	-0.173756 	-0.000705099 	
2.11	3.4991 	-0.152691 	-2.4398 	-0.00353087 	-0.173816 	-0.00072313 	
2.115	3.49868 	-0.152176 	-2.44183 	-0.00351029 	-0.173876 	-0.000727483 	
2.12	3.50064 	-0.158353 	-2.43919 	-0.0037275 	-0.173896 	-0.00059789 	
2.125	3.50092 	-0.159983 	-2.43964 	-0.00376537 	-0.173925 	-0.000530266 	
2.13	3.50109 	-0.161173 	-2.44048 	-0.00378196 	-0.173956 	-0.000462214 	
2.135	3.49961 	-0.154823 	-2.44599 	-0.00359065 	-0.174042 	-0.000632506 	
2.14	3.49927 	-0.153531 	-2.44865 	-0.0035456 	-0.174116 	-0.000654791 	
2.145	3.49898 	-0.152734 	-2.45102 	-0.00351431 	-0.174189 	-0.000662332 	
2.15	3.49873 	-0.152314 	-2.45319 	-0.00349321 	-0.174262 	-0.000658362 	
2.155	3.49855 	-0.152176 	-2.45522 	-0.00347955 	-0.174336 	-0.000645383 	
2.16	3.50038 	-0.158121 	-2.45303 	-0.00372644 	-0.174373 	-0.000570449 	
2.165	3.5008 	-0.159726 	-2.45358 	-0.00377192 	-0.174416 	-0.000513155 	
2.17	3.50114 	-0.160856 	-2.4545 	-0.00379202 	-0.174461 	-0.000452273 	
2.175	3.49955 	-0.153986 	-2.46153 	-0.00354692 	-0.17458 	-0.000580793 	
2.18	3.49936 	-0.152564 	-2.46472 	-0.00348903 	-0.174675 	-0.000593304 	
2.185	3.4992 	-0.151692 	-2.46745 	-0.00344935 	-0.174767 	-0.000594074 	
2.19	3.49909 	-0.151235 	-2.46985 	-0.00342321 	-0.174856 	-0.000585595 	
2.195	3.50049 	-0.156895 	-2.46843 	-0.00367506 	-0.174906 	-0.000535737 	
2.2	3.50086 	-0.158301 	-2.46928 	-0.00371814 	-0.174963 	-0.000488287 	
2.205	3.50121 	-0.159287 	-2.4704 	-0.00373687 	-0.175021 	-0.000435153 	
2.21	3.49987 	-0.153255 	-2.47725 	-0.00350764 	-0.175151 	-0.000526827 	
2.215	3.49982 	-0.152029 	-2.48044 	-0.00345253 	-0.175256 	-0.000528952 	
2.22	3.4998 	-0.151294 	-2.48315 	-0.00341423 	-0.175356 	-0.000521465 	
2.225	3.49983 	-0.150931 	-2.48553 	-0.00338847 	-0.175452 	-0.000506413 	
2.23	3.49992 	-0.150847 	-2.48768 	-0.00337189 	-0.175546 	-0.000485372 	
2.235	3.50072 	-0.156254 	-2.48788 	-0.00365858 	-0.175621 	-0.000497998 	
2.24	3.50109 	-0.157611 	-2.48914 	-0.00371071 	-0.175695 	-0.000464386 	
2.245	3.50148 	-0.158509 	-2.49051 	-0.0037334 	-0.175767 	-0.000420581 	
2.25	3.50044 	-0.152014 	-2.49729 	-0.00344216 	-0.175915 	-0.000456539 	
2.255	3.50052 	-0.150685 	-2.50053 	-0.00337277 	-0.176031 	-0.000445524 	
2.26	3.50063 	-0.149906 	-2.50326 	-0.00332555 	-0.17614 	-0.000429048 	
2.265	3.50079 	-0.149539 	-2.50563 	-0.00329478 	-0.176244 	-0.000408041 	
2.27	3.50119 	-0.154696 	-2.50695 	-0.00358828 	-0.176334 	-0.000446848 	
2.275	3.50151 	-0.15588 	-2.50858 	-0.00363814 	-0.17642 	-0.000422061 	
2.28	3.50187 	-0.156654 	-2.51018 	-0.00365951 	-0.176503 	-0.000385073 	
2.285	3.50111 	-0.150961 	-2.51619 	-0.00338812 	-0.17665 	-0.000393916 	
2.29	3.50127 	-0.14982 	-2.51921 	-0.00332268 	-0.176768 	-0.000375246 	
2.295	3.50147 	-0.149171 	-2.52176 	-0.00327767 	-0.176879 	-0.000352516 	
2.3	3.50171 	-0.148892 	-2.524 	-0.00324781 	-0.176984 	-0.000326377 	
2.305	3.50164 	-0.153159 	-2.52689 	-0.00351817 	-0.177093 	-0.000393852 	
2.31	3.50191 	-0.154111 	-2.52895 	-0.00356255 	-0.177192 	-0.000377436 	
2.315	3.50223 	-0.154717 	-2.53081 	-0.00358035 	-0.177286 	-0.000346963 	
2.32	3.5026 	-0.155083 	-2.53255 	-0.0035794 	-0.177377 	-0.000306648 	
2.325	3.50185 	-0.148439 	-2.53931 	-0.0032578 	-0.177549 	-0.000312298 	
2.33	3.50204 	-0.146974 	-2.54258 	-0.00317607 	-0.177681 	-0.000294446 	
2.335	3.50223 	-0.146144 	-2.54525 	-0.00312262 	-0.177803 	-0.000274117 	
2.34	3.50247 	-0.151202 	-2.54706 	-0.00341332 	-0.177903 	-0.000313866 	
2.345	3.50276 	-0.152245 	-2.54884 	-0.00345729 	-0.178 	-0.000291254 	
2.35	3.50311 	-0.152943 	-2.55048 	-0.00347602 	-0.178093 	-0.000256773 	
2.355	3.50352 	-0.153398 	-2.55205 	-0.00347688 	-0.178183 	-0.000214021 	
2.36	3.50243 	-0.147032 	-2.5599 	-0.00319368 	-0.178365 	-0.00025616 	
2.365	3.50255 	-0.145624 	-2.56341 	-0.00312136 	-0.178502 	-0.000247615 	
2.37	3.50268 	-0.144807 	-2.5662 	-0.00307334 	-0.178627 	-0.000233403 	
2.375	3.50283 	-0.144433 	-2.5685 	-0.00304324 	-0.178743 	-0.000214444 	
2.38	3.50325 	-0.150597 	-2.56975 	-0.00338846 	-0.178846 	-0.000247262 	
2.385	3.50359 	-0.152018 	-2.5712 	-0.00344951 	-0.178941 	-0.00021962 	
2.39	3.50397 	-0.152932 	-2.57259 	-0.00347671 	-0.17903 	-0.000179692 	
2.395	3.50299 	-0.146258 	-2.57931 	-0.00315609 	-0.179195 	-0.000193527 	
2.4	3.5031 	-0.144908 	-2.58239 	-0.00308049 	-0.179323 	-0.000176591 	
2.405	3.50324 	-0.144124 	-2.58488 	-0.00302922 	-0.179441 	-0.000155694 	
2.41	3.50342 	-0.143765 	-2.58697 	-0.00299595 	-0.179551 	-0.000131377 	
2.415	3.50333 	-0.148988 	-2.58956 	-0.00331532 	-0.179663 	-0.000192845 	
2.42	3.50356 	-0.150139 	-2.59136 	-0.0033688 	-0.179762 	-0.000173743 	
2.425	3.50383 	-0.150859 	-2.59295 	-0.00339094 	-0.179855 	-0.000140615 	
2.43	3.50319 	-0.145057 	-2.59808 	-0.00309493 	-0.180001 	-0.000129956 	
2.435	3.50331 	-0.14389 	-2.60067 	-0.00302328 	-0.180119 	-0.000106184 	
2.44	3.50347 	-0.143232 	-2.60282 	-0.00297406 	-0.180228 	-7.96022e-05 	
2.445	3.50368 	-0.142956 	-2.6047 	-0.00294146 	-0.180332 	-5.05337e-05 	
2.45	3.50321 	-0.147269 	-2.60833 	-0.00323464 	-0.180451 	-0.000138273 	
2.455	3.50334 	-0.148187 	-2.61039 	-0.00328203 	-0.180553 	-0.000127222 	
2.46	3.50351 	-0.148744 	-2.61214 	-0.00330036 	-0.180647 	-0.000100578 	
2.465	3.50374 	-0.149053 	-2.61369 	-0.00329826 	-0.180736 	-6.29865e-05 	
2.47	3.50319 	-0.142305 	-2.61858 	-0.00294869 	-0.180888 	-4.70964e-05 	
2.475	3.5033 	-0.140834 	-2.62107 	-0.00286019 	-0.181006 	-2.33726e-05 	
2.48	3.50342 	-0.140021 	-2.62315 	-0.00280264 	-0.181114 	1.34364e-06 	
2.485	3.50328 	-0.145142 	-2.62534 	-0.00311801 	-0.181212 	-5.96022e-05 	
2.49	3.50342 	-0.14617 	-2.62698 	-0.00316554 	-0.181303 	-4.24341e-05 	
2.495	3.50359 	-0.146839 	-2.62844 	-0.00318557 	-0.181387 	-1.20802e-05 	
2.5	3.50381 	-0.147256 	-2.6298 	-0.0031861 	-0.181469 	2.75627e-05 	
2.505	3.50298 	-0.14081 	-2.63496 	-0.00287878 	-0.181611 	3.85936e-06 	
2.51	3.50298 	-0.139415 	-2.63746 	-0.00280135 	-0.181723 	1.68093e-05 	
2.515	3.50299 	-0.138632 	-2.63952 	-0.0027506 	-0.181825 	3.41034e-05 	
2.52	3.50319 	-0.143473 	-2.6406 	-0.00302708 	-0.181908 	6.96523e-06 	
2.525	3.50332 	-0.144484 	-2.64188 	-0.00306806 	-0.181988 	3.09157e-05 	
2.53	3.5035 	-0.145169 	-2.64311 	-0.00308479 	-0.182064 	6.55154e-05 	
2.535	3.5037 	-0.145625 	-2.64433 	-0.0030843 	-0.182138 	0.000107628 	
2.54	3.50392 	-0.145925 	-2.64556 	-0.00307184 	-0.18221 	0.000154927 	
2.545	3.50266 	-0.138321 	-2.65187 	-0.00276295 	-0.182359 	5.03763e-05 	
2.55	3.5025 	-0.136555 	-2.65466 	-0.00268382 	-0.182471 	3.83709e-05 	
2.555	3.50233 	-0.135516 	-2.65689 	-0.00263344 	-0.182573 	3.61217e-05 	
2.56	3.5034 	-0.142113 	-2.65571 	-0.00294819 	-0.182631 	8.01374e-05 	
2.565	3.50363 	-0.143568 	-2.65634 	-0.00299863 	-0.182694 	0.000121479 	
2.57	3.50386 	-0.144578 	-2.65711 	-0.00302146 	-0.182755 	0.00016948 	
2.575	3.50407 	-0.145266 	-2.65803 	-0.00302454 	-0.182814 	0.000221978 	
2.58	3.50267 	-0.137399 	-2.6638 	-0.00272213 	-0.182942 	8.78368e-05 	
2.585	3.50241 	-0.135649 	-2.66631 	-0.00264853 	-0.18304 	6.86108e-05 	
2.59	3.50214 	-0.134601 	-2.66835 	-0.00260108 	-0.18313 	6.14195e-05 	
2.595	3.50342 	-0.140831 	-2.66666 	-0.00288008 	-0.183176 	0.000127497 	
2.6	3.50364 	-0.142221 	-2.6671 	-0.00292324 	-0.183228 	0.000172971 	
2.605	3.50381 	-0.143206 	-2.66775 	-0.00294197 	-0.183279 	0.000223484 	
2.61	3.50395 	-0.143898 	-2.66858 	-0.00294322 	-0.18333 	0.000277349 	
2.615	3.50275 	-0.138039 	-2.67059 	-0.00271682 	-0.183392 	0.000179815 	
2.62	3.50302 	-0.137573 	-2.67112 	-0.00267514 	-0.183447 	0.000205245 	
2.625	-1.78001 	2.66301 	9.57783 	-0.189994 	0.294366 	-0.0573442 	
2.63	-0.805226 	2.26023 	7.96488 	-0.171394 	0.22533 	-0.0368214 	
2.635	-0.82159 	2.29593 	8.3906 	-0.1832 	0.238966 	-0.0272527 	
2.64	-0.774089 	2.37589 	8.77783 	-0.193285 	0.249443 	-0.0211471 	
2.645	-1.08452 	2.07638 	9.43333 	-0.169387 	0.27633 	0.0113946 	
2.65	-1.19486 	2.05018 	9.90844 	-0.165594 	0.29261 	0.0141865 	
2.655	-1.26931 	1.86524 	10.2806 	-0.147829 	0.305754 	0.0146243 	
2.66	-0.838828 	1.59963 	11.3039 	-0.116513 	0.3257 	0.00669296 	
2.665	-0.915656 	1.53904 	11.1727 	-0.108936 	0.324301 	-0.00410482 	
2.67	-0.616889 	1.56934 	10.8918 	-0.118173 	0.31011 	0.00209463 	
2.675	-0.308953 	1.44729 	10.584 	-0.108519 	0.294206 	0.00195474 	
2.68	-0.432187 	1.14095 	10.7676 	-0.078098 	0.302537 	0.00426333 	
2.685	-0.517585 	1.00505 	10.9026 	-0.0630047 	0.30868 	-0.000700631 	
2.69	-0.584198 	0.880134 	11.0097 	-0.0495848 	0.313535 	-0.00363948 	
2.695	-0.644522 	0.779011 	11.1044 	-0.0386065 	0.317863 	-0.00614247 	
2.7	-0.702855 	0.703833 	11.1924 	-0.0301955 	0.321934 	-0.00826068 	
2.705	-0.759927 	0.651024 	11.2751 	-0.024065 	0.325809 	-0.00980109 	
2.71	-0.81289 	0.612913 	11.35 	-0.0196239 	0.329341 	-0.0103622 	
2.715	-0.860259 	0.584606 	11.4161 	-0.0165686 	0.332473 	-0.00954192 	
2.72	-0.904001 	0.564825 	11.4753 	-0.0146392 	0.33531 	-0.00786176 	
2.725	-0.942231 	0.548409 	11.526 	-0.0130854 	0.337742 	-0.00622801 	
2.73	-0.975573 	0.534717 	11.5691 	-0.0117961 	0.339818 	-0.00479965 	
2.735	-1.00508 	0.523874 	11.6061 	-0.0107885 	0.341607 	-0.00351049 	
2.74	-1.01884 	0.542658 	11.6235 	-0.0113324 	0.34235 	-0.00786866 	
2.745	-1.03655 	0.561578 	11.6444 	-0.012151 	0.343312 	-0.0108602 	
2.75	-1.05245 	0.58009 	11.6623 	-0.0130042 	0.344144 	-0.0135887 	
2.755	-1.06639 	0.596877 	11.6772 	-0.0137754 	0.34484 	-0.0160544 	
2.76	-1.07848 	0.611484 	11.6892 	-0.014419 	0.345409 	-0.0182806 	
2.765	-1.0882 	0.624511 	11.698 	-0.0149807 	0.345831 	-0.020336 	
2.77	-1.10903 	0.618688 	11.717 	-0.0140904 	0.346769 	-0.0203886 	
2.775	-1.12556 	0.61723 	11.7313 	-0.0135829 	0.347482 	-0.020774 	
2.78	-1.14099 	0.616706 	11.7441 	-0.0131947 	0.34813 	-0.0211123 	
2.785	-1.1555 	0.616967 	11.7556 	-0.012905 	0.348723 	-0.0214124 	
2.79	-1.16913 	0.617905 	11.7661 	-0.0127034 	0.349265 	-0.0216765 	
2.795	-1.18195 	0.619365 	11.7755 	-0.0125732 	0.349761 	-0.021908 	
2.8	-1.19399 	0.621227 	11.7839 	-0.0125028 	0.350213 	-0.0221082 	
2.805	-1.2053 	0.623365 	11.7914 	-0.0124789 	0.350623 	-0.0222793 	
2.81	-1.21592 	0.625652 	11.7982 	-0.0124867 	0.350996 	-0.0224244 	
2.815	-1.22585 	0.628057 	11.804 	-0.0125253 	0.351331 	-0.0225429 	
2.82	-1.2352 	0.630492 	11.8092 	-0.0125833 	0.351635 	-0.0226381 	
2.825	-1.24395 	0.632973 	11.8137 	-0.0126647 	0.351905 	-0.022709 	
2.83	-0.925769 	0.146557 	11.3946 	0.0382568 	0.330928 	-0.0239388 	
2.835	-0.674383 	-0.143633 	11.0892 	0.0657105 	0.315589 	-0.0221288 	
2.84	-0.888175 	0.570704 	11.8201 	-0.0134862 	0.34354 	-0.00926361 	
2.845	-0.780658 	0.864018 	11.5179 	-0.0456553 	0.332528 	-0.00506256 	
2.85	-0.72837 	0.748076 	11.4252 	-0.0310689 	0.328047 	-0.00724879 	
2.855	-0.628017 	0.200694 	11.186 	0.0314494 	0.317275 	-0.0161617 	
2.86	-0.544204 	-0.211099 	11.0222 	0.0721556 	0.310005 	-0.0186173 	
2.865	-0.461982 	-0.580895 	10.8766 	0.106111 	0.30336 	-0.0193878 	
2.87	-0.397758 	-0.889297 	10.7539 	0.135295 	0.297789 	-0.020529 	
2.875	-0.863779 	0.0965458 	12.2523 	0.0286792 	0.35353 	-0.00410254 	
2.88	-0.715653 	0.420364 	11.7273 	-0.00673441 	0.334851 	-0.00064617 	
2.885	-0.676862 	0.763634 	11.576 	-0.0424908 	0.329647 	0.00273512 	
2.89	-0.444338 	0.715927 	10.6703 	-0.0623803 	0.299953 	0.0163582 	
2.895	-0.43567 	0.142812 	10.7141 	0.0108688 	0.299108 	0.00238642 	
2.9	-0.391874 	-0.256778 	10.6233 	0.054441 	0.294818 	-0.00280515 	
2.905	-0.166502 	-0.309889 	10.3865 	0.0612331 	0.282023 	-0.00542934 	
2.91	0.140718 	-0.241805 	10.0481 	0.0508083 	0.264682 	-0.00445461 	
2.915	-1.41897 	0.262789 	11.6126 	0.018419 	0.338549 	-0.0094837 	
2.92	-1.27693 	0.411441 	11.4681 	-0.00349973 	0.328149 	0.00732556 	
2.925	-1.37318 	0.541704 	11.553 	-0.0183288 	0.329129 	0.0158166 	
2.93	-1.42553 	0.874986 	11.6557 	-0.051294 	0.339455 	0.0189922 	
2.935	-1.45126 	1.08503 	11.7085 	-0.0725242 	0.344663 	0.0227238 	
2.94	-1.47634 	0.895998 	11.682 	-0.0527195 	0.336649 	0.0184811 	
2.945	-1.49863 	0.811454 	11.6743 	-0.0436675 	0.332345 	0.016125 	
2.95	-1.51823 	0.741301 	11.6675 	-0.0361266 	0.328675 	0.0140459 	
2.955	-1.53562 	0.683396 	11.6617 	-0.0298894 	0.325556 	0.0122673 	
2.96	-1.53441 	1.02003 	11.7146 	-0.063993 	0.334907 	0.0172658 	
2.965	-1.60381 	1.17981 	11.8139 	-0.0794396 	0.343048 	0.0187279 	
2.97	-1.53584 	1.06682 	11.7687 	-0.0668562 	0.34196 	0.0125808 	
2.975	-1.49936 	1.01886 	11.7509 	-0.0610916 	0.342419 	0.00875784 	
2.98	-1.43241 	0.986548 	11.7008 	-0.057403 	0.341487 	0.00632995 	
2.985	-1.87398 	0.802821 	12.1512 	-0.0338386 	0.361258 	-0.00457541 	
2.99	-1.69991 	0.82329 	11.9871 	-0.0367756 	0.355055 	-0.00388624 	
2.995	-1.64037 	0.806357 	11.934 	-0.0349463 	0.353379 	-0.00500006 	
3	-1.58995 	0.790531 	11.8884 	-0.0332746 	0.351934 	-0.00580131 	
3.005	-1.86022 	0.506312 	12.1381 	-0.00138094 	0.359048 	-0.00685492 	
3.01	-1.74889 	0.575939 	12.0141 	-0.00991515 	0.353418 	-0.00536274 	
3.015	-1.73834 	0.593527 	11.9834 	-0.0132234 	0.351127 	0.000113085 	
3.02	-1.74049 	0.615327 	11.9649 	-0.0170748 	0.349423 	0.00651484 	
3.025	-1.74562 	0.636674 	11.9503 	-0.0206974 	0.347947 	0.0123241 	
3.03	-1.74445 	0.651876 	11.933 	-0.0232651 	0.34654 	0.0162842 	
3.035	-1.69809 	0.677338 	11.8962 	-0.0242798 	0.345899 	0.00966893 	
3.04	-1.58709 	0.852311 	11.7871 	-0.0424377 	0.342878 	0.00597069 	
3.045	-1.59312 	0.896716 	11.7867 	-0.0447562 	0.342436 	-0.000396275 	
3.05	-1.62871 	0.677549 	11.7715 	-0.0181291 	0.338568 	-0.014594 	
3.055	-1.65179 	0.753357 	11.7488 	-0.0264948 	0.333141 	-0.0125652 	
3.06	-1.63147 	0.745922 	11.7309 	-0.0256843 	0.332959 	-0.013296 	
3.065	-1.56467 	0.676521 	11.6686 	-0.0211662 	0.329564 	-0.00401329 	
3.07	-1.57022 	0.690058 	11.6718 	-0.0222874 	0.330094 	-0.00546764 	
3.075	-1.57168 	0.729176 	11.6766 	-0.0272334 	0.33081 	-0.00290117 	
3.08	-1.54421 	0.38513 	11.5878 	0.00827525 	0.323899 	-0.00928872 	
3.085	-1.56778 	0.329954 	11.5529 	0.0129749 	0.317253 	-0.00715089 	
3.09	-1.59995 	0.389914 	11.5639 	0.00706745 	0.31589 	-0.00731555 	
3.095	-1.63058 	0.497346 	11.5733 	-0.00297833 	0.314592 	-0.00946342 	
3.1	-1.66774 	0.575609 	11.5943 	-0.0119255 	0.314694 	-0.00441497 	
3.105	-1.67562 	0.488672 	11.5878 	0.000616506 	0.314809 	-0.0176873 	
3.11	-1.72706 	0.699216 	11.6131 	-0.0214618 	0.313673 	-0.0127567 	
3.115	-1.73159 	0.749967 	11.609 	-0.0259245 	0.312847 	-0.0150282 	
3.12	-1.77802 	0.904902 	11.6304 	-0.0417418 	0.312098 	-0.0123392 	
3.125	-1.75958 	0.858283 	11.6091 	-0.0363683 	0.310932 	-0.0155959 	
3.13	-1.75485 	0.850564 	11.5973 	-0.0351495 	0.31 	-0.0173902 	
3.135	-1.7512 	0.84369 	11.5865 	-0.0340825 	0.309159 	-0.0189019 	
3.14	-1.64701 	0.490421 	11.4379 	-0.00053561 	0.300595 	-0.017532 	
3.145	-1.60855 	0.494456 	11.4434 	-0.00168212 	0.304701 	-0.0138866 	
3.15	-1.64024 	0.527106 	11.4775 	-0.00528646 	0.306857 	-0.0124332 	
3.155	-1.651 	0.53387 	11.4969 	-0.00616163 	0.309 	-0.0116554 	
3.16	-1.65828 	0.540779 	11.5107 	-0.0072069 	0.310642 	-0.0103606 	
3.165	-1.637 	0.510227 	11.5159 	-0.00454207 	0.313717 	-0.0094072 	
3.17	-1.70194 	0.45806 	11.6182 	0.000587705 	0.314608 	-0.00767439 	
3.175	-1.66338 	0.502975 	11.5902 	-0.00387964 	0.317338 	-0.00805767 	
3.18	-1.69787 	0.597049 	11.5809 	-0.0124108 	0.314122 	-0.0107713 	
3.185	-1.65988 	0.555426 	11.5645 	-0.00914318 	0.316293 	-0.00790716 	
3.19	-1.69702 	0.655317 	11.5599 	-0.0180783 	0.313387 	-0.0113029 	
3.195	-1.70082 	0.619486 	11.549 	-0.0148612 	0.312546 	-0.0101875 	
3.2	-1.67269 	0.646567 	11.5471 	-0.0179843 	0.315716 	-0.00906058 	
3.205	-1.68252 	0.640783 	11.5554 	-0.0181366 	0.316672 	-0.00600679 	
3.21	-1.68844 	0.619681 	11.5503 	-0.0162169 	0.316361 	-0.00541002 	
3.215	-1.73401 	0.796966 	11.5987 	-0.03595 	0.320442 	0.00439605 	
3.22	-1.74024 	0.828073 	11.608 	-0.0391745 	0.322033 	0.0057215 	
3.225	-1.71863 	0.753057 	11.5912 	-0.0309408 	0.322183 	0.00172888 	
3.23	-1.70726 	0.712503 	11.5823 	-0.0264689 	0.322598 	-0.000378672 	
3.235	-1.6982 	0.678828 	11.5744 	-0.0227181 	0.322928 	-0.00216313 	
3.24	-1.6692 	0.564738 	11.5288 	-0.0110149 	0.320732 	-0.00509198 	
3.245	-1.67308 	0.574917 	11.5383 	-0.0123387 	0.32203 	-0.00374216 	
3.25	-1.67227 	0.566912 	11.5387 	-0.0118814 	0.322699 	-0.00250143 	
3.255	-1.67175 	0.559445 	11.538 	-0.0113829 	0.3232 	-0.001614 	
3.26	-1.66879 	0.550693 	11.5367 	-0.0107316 	0.323833 	-0.000861994 	
3.265	-1.66655 	0.540242 	11.5345 	-0.0100516 	0.324303 	0.000412637 	
3.27	-1.66495 	0.530913 	11.5322 	-0.0094815 	0.324696 	0.00170513 	
3.275	-1.66389 	0.522528 	11.5297 	-0.00895714 	0.325013 	0.00286007 	
3.28	-1.66331 	0.515498 	11.5271 	-0.00848277 	0.325271 	0.00370945 	
3.285	-1.6632 	0.509531 	11.5245 	-0.00807139 	0.325485 	0.00441126 	
3.29	-1.66524 	0.50463 	11.5207 	-0.00740089 	0.325343 	0.00381518 	
3.295	-1.66699 	0.499894 	11.5173 	-0.00689454 	0.32529 	0.00376455 	
3.3	-1.66867 	0.494877 	11.5139 	-0.00638949 	0.32523 	0.00380941 	
3.305	-1.67251 	0.497201 	11.5114 	-0.00631348 	0.325086 	0.00280716 	
3.31	-1.57131 	0.16894 	11.3698 	0.0248906 	0.317308 	0.00354854 	
3.315	-1.6196 	0.287809 	11.4177 	0.0138109 	0.319287 	0.00252909 	
3.32	-1.82866 	0.52178 	11.6736 	-0.00204111 	0.326434 	-0.0175462 	
3.325	-1.74039 	0.353186 	11.5325 	0.0137235 	0.319632 	-0.018192 	
3.33	-1.63626 	0.0670063 	11.3991 	0.0394658 	0.313683 	-0.0135523 	
3.335	-1.56255 	-0.124706 	11.2958 	0.0575289 	0.308579 	-0.0139725 	
3.34	-1.63902 	0.0223848 	11.3419 	0.0426158 	0.308065 	-0.0110009 	
3.345	-1.67775 	0.0862982 	11.3549 	0.0358345 	0.306918 	-0.00884196 	
3.35	-1.70993 	0.137337 	11.3645 	0.0303823 	0.305917 	-0.00697294 	
3.355	-1.73434 	0.171288 	11.3693 	0.0266434 	0.305015 	-0.00532652 	
3.36	-1.78136 	0.207131 	11.3997 	0.020702 	0.305984 	0.00476532 	
3.365	-1.63409 	-0.0815449 	11.2439 	0.048817 	0.300244 	0.000648673 	
3.37	-1.74939 	0.37588 	11.3804 	0.0023797 	0.309739 	0.0103776 	
3.375	-1.76724 	0.52642 	11.414 	-0.0120299 	0.313354 	0.00980761 	
3.38	-1.96937 	0.863669 	11.6926 	-0.0438881 	0.327584 	0.0120354 	
3.385	-1.87725 	0.732547 	11.6005 	-0.0307839 	0.325626 	0.00864283 	
3.39	-1.89191 	0.85396 	11.6096 	-0.0429549 	0.326942 	0.0103133 	
3.395	-1.846 	0.762723 	11.5717 	-0.033084 	0.326541 	0.00541776 	
3.4	-1.81772 	0.718336 	11.5471 	-0.028098 	0.326465 	0.00230827 	
3.405	-1.79406 	0.679888 	11.5256 	-0.0237914 	0.326359 	-0.00034148 	
3.41	-1.77448 	0.647966 	11.507 	-0.0201786 	0.326257 	-0.00262569 	
3.415	-1.75555 	0.610055 	11.4839 	-0.0160756 	0.32548 	-0.00478283 	
3.42	-1.79986 	0.641064 	11.516 	-0.0180317 	0.326634 	-0.0074409 	
3.425	-1.76609 	0.589687 	11.4817 	-0.0130816 	0.325599 	-0.00840832 	
3.43	-1.75075 	0.56182 	11.4628 	-0.0101663 	0.325004 	-0.00956714 	
3.435	-1.73755 	0.568309 	11.4453 	-0.0102601 	0.324347 	-0.0120198 	
3.44	-1.72955 	0.575011 	11.4376 	-0.0105855 	0.324564 	-0.0132928 	
3.445	-1.72257 	0.580383 	11.429 	-0.0107927 	0.324572 	-0.0144973 	
3.45	-1.71709 	0.585835 	11.4212 	-0.0110362 	0.324558 	-0.0155389 	
3.455	-1.71285 	0.591306 	11.4141 	-0.0113088 	0.324523 	-0.0164426 	
3.46	-1.76008 	0.567606 	11.44 	-0.0117143 	0.324958 	-0.00469511 	
3.465	-1.75077 	0.556736 	11.4263 	-0.0121308 	0.324051 	0.000570723 	
3.47	-1.7979 	0.778898 	11.4557 	-0.0331044 	0.325054 	-0.00115352 	
3.475	-1.73941 	0.53119 	11.3717 	-0.0072764 	0.320408 	-0.00948335 	
3.48	-1.79166 	0.673478 	11.4291 	-0.0233078 	0.324468 	0.000614933 	
3.485	-1.82317 	0.73535 	11.4532 	-0.0304357 	0.325811 	0.00586094 	
3.49	-1.83518 	0.75782 	11.4674 	-0.0333515 	0.327401 	0.0092571 	
3.495	-1.84875 	0.783312 	11.4803 	-0.0364882 	0.328678 	0.0123464 	
3.5	-1.84102 	0.720446 	11.4553 	-0.0293073 	0.325921 	0.00790638 	
3.505	-1.84219 	0.638838 	11.4355 	-0.0187271 	0.323871 	-0.00246328 	
3.51	-1.84289 	0.615809 	11.4284 	-0.0172691 	0.32296 	0.00055167 	
3.515	-1.794 	0.528442 	11.3819 	-0.00659869 	0.320557 	-0.00907065 	
3.52	-1.80382 	0.527008 	11.3863 	-0.00710721 	0.320873 	-0.00614345 	
3.525	-1.80479 	0.513087 	11.3819 	-0.00597753 	0.320702 	-0.00517267 	
3.53	-1.84565 	0.752298 	11.4137 	-0.029058 	0.32249 	-0.00485093 	
3.535	-1.84505 	0.67313 	11.3996 	-0.0215197 	0.320868 	-0.00428399 	
3.54	-1.88917 	0.857667 	11.4366 	-0.0402675 	0.323268 	0.000173082 	
3.545	-1.91742 	0.981351 	11.4572 	-0.0525536 	0.324528 	0.00218712 	
3.55	-1.83886 	0.868083 	11.4483 	-0.0415293 	0.330371 	0.00156083 	
3.555	-1.79275 	0.814995 	11.4457 	-0.036419 	0.334417 	0.00153578 	
3.56	-1.75496 	0.522583 	11.3218 	-0.00545959 	0.32362 	-0.0102 	
3.565	-1.7911 	0.469333 	11.3083 	6.21034e-05 	0.318415 	-0.0110546 	
3.57	-1.73806 	0.281563 	11.217 	0.0202717 	0.312709 	-0.0202106 	
3.575	-1.81372 	0.570694 	11.2931 	-0.00923743 	0.316659 	-0.0130057 	
3.58	-1.92716 	0.785785 	11.4432 	-0.0375942 	0.323466 	-0.00127102 	
3.585	-1.93178 	0.7451 	11.4084 	-0.0318557 	0.319787 	-0.00140086 	
3.59	-1.92577 	0.703116 	11.3934 	-0.0272339 	0.318698 	-0.00185139 	
3.595	-1.92558 	0.675123 	11.3816 	-0.0241484 	0.317611 	-0.00183053 	
3.6	-1.8971 	0.645835 	11.3726 	-0.0211999 	0.319493 	-0.00132031 	
3.605	-1.94596 	0.707325 	11.381 	-0.0273817 	0.317161 	0.00146641 	
3.61	-1.88474 	0.653793 	11.3656 	-0.0220809 	0.320981 	0.00118875 	
3.615	-1.85099 	0.62566 	11.3557 	-0.0193138 	0.323171 	0.00138582 	
3.62	-1.82281 	0.60165 	11.3469 	-0.0169502 	0.325001 	0.0015526 	
3.625	-1.79935 	0.581177 	11.3388 	-0.0149312 	0.326525 	0.0016941 	
3.63	-1.77992 	0.56373 	11.3315 	-0.0132065 	0.327787 	0.0018138 	
3.635	-1.78338 	0.753844 	11.3816 	-0.0327885 	0.336086 	0.00798789 	
3.64	-1.74214 	0.80123 	11.3954 	-0.0377273 	0.342675 	0.00980472 	
3.645	-1.71155 	0.590945 	11.3333 	-0.0161261 	0.336344 	0.00391839 	
3.65	-1.71022 	0.581767 	11.3259 	-0.0151616 	0.336008 	0.00392587 	
3.655	-1.70797 	0.551653 	11.313 	-0.0120501 	0.334864 	0.00328079 	
3.66	-1.70753 	0.52901 	11.3025 	-0.00970166 	0.333899 	0.00285083 	
3.665	-1.70711 	0.509714 	11.293 	-0.00769707 	0.333113 	0.00246773 	
3.67	-1.73064 	0.497905 	11.285 	-0.00658787 	0.330309 	0.00300275 	
3.675	-1.75724 	0.496235 	11.2778 	-0.00631647 	0.327408 	0.00284272 	
3.68	-1.77829 	0.492924 	11.271 	-0.00592185 	0.325077 	0.00279269 	
3.685	-1.79682 	0.490132 	11.2647 	-0.0055855 	0.323048 	0.00274737 	
3.69	-1.75443 	0.471385 	11.2613 	-0.0039398 	0.326967 	0.00303218 	
3.695	3.42181 	-0.261267 	11.5759 	0.0600327 	0.847526 	-0.0151772 	
3.7	1.52479 	0.0817653 	11.5509 	0.0267624 	0.672285 	0.00487422 	
3.705	0.960675 	0.303019 	11.5362 	0.00622668 	0.618722 	0.00680891 	
3.71	0.484555 	0.455017 	11.5259 	-0.00795153 	0.574111 	0.00953571 	
3.715	0.12886 	0.424905 	11.4753 	-0.00373057 	0.53416 	0.00700595 	
3.72	-0.244835 	0.61599 	11.4868 	-0.0222193 	0.502394 	0.0112343 	
3.725	-0.552472 	0.743559 	11.4867 	-0.034312 	0.474852 	0.0136839 	
3.73	-0.814978 	0.852734 	11.4863 	-0.0446517 	0.451402 	0.0158011 	
3.735	-1.03967 	0.946568 	11.4854 	-0.0535082 	0.431342 	0.0175573 	
3.74	-1.21473 	0.837305 	11.4317 	-0.0416809 	0.407525 	0.0135666 	
3.745	-1.38151 	0.844137 	11.4122 	-0.0418137 	0.38988 	0.0130746 	
3.75	-1.51971 	0.845856 	11.3943 	-0.0415058 	0.375099 	0.0125382 	
3.755	-1.63496 	0.8395 	11.3764 	-0.0404251 	0.362419 	0.011824 	
3.76	-1.73308 	0.837359 	11.3614 	-0.0398218 	0.351786 	0.0112944 	
3.765	-1.55382 	0.496588 	11.1538 	-0.00709164 	0.34237 	0.0051731 	
3.77	-1.62744 	0.53389 	11.2086 	-0.00965947 	0.342595 	0.00327681 	
3.775	-1.65302 	0.522924 	11.2134 	-0.00836971 	0.340721 	0.00273925 	
3.78	-1.70334 	0.262957 	11.2638 	0.0148914 	0.342249 	0.0108873 	
3.785	-1.72837 	0.365509 	11.2516 	0.0057816 	0.338931 	0.00783201 	
3.79	-1.75282 	0.398514 	11.2498 	0.00290335 	0.336854 	0.00684836 	
3.795	-1.77424 	0.426778 	11.2477 	0.000442984 	0.335052 	0.00600509 	
3.8	-1.79305 	0.451039 	11.2453 	-0.00166694 	0.333483 	0.00528197 	
3.805	-1.80961 	0.47196 	11.2428 	-0.00348316 	0.332114 	0.00465667 	
3.81	-0.893427 	0.358042 	11.3025 	0.00634853 	0.424431 	0.00129392 	
3.815	-1.22673 	0.417443 	11.2791 	0.00125798 	0.391176 	0.00175434 	
3.82	-1.39327 	0.58498 	11.2889 	-0.0161532 	0.378068 	0.00876083 	
3.825	-1.5222 	0.699443 	11.2926 	-0.027978 	0.367471 	0.0133564 	
3.83	-1.38388 	0.627854 	11.2878 	-0.0206182 	0.37945 	0.0104309 	
3.835	-1.48405 	0.580478 	11.2548 	-0.0155717 	0.365797 	0.00901644 	
3.84	-1.57628 	0.55806 	11.2384 	-0.012663 	0.355624 	0.00704724 	
3.845	-1.62902 	0.549649 	11.235 	-0.0113315 	0.350668 	0.00577011 	
3.85	-1.67815 	0.539477 	11.2291 	-0.00990639 	0.34577 	0.00468618 	
3.855	-1.71418 	0.528492 	11.2359 	-0.0079908 	0.34415 	0.00194449 	
3.86	-1.75316 	0.522166 	11.2266 	-0.00724082 	0.339685 	0.00185188 	
3.865	-1.78515 	0.516301 	11.2202 	-0.0064502 	0.33635 	0.00137782 	
3.87	-1.81221 	0.512537 	11.2152 	-0.00589728 	0.33368 	0.000997222 	
3.875	-1.83017 	0.526889 	11.2105 	-0.00727351 	0.332111 	0.000900069 	
3.88	-1.84695 	0.534507 	11.2058 	-0.00795096 	0.330581 	0.000744095 	
3.885	-1.86157 	0.54018 	11.2012 	-0.00843523 	0.329238 	0.000582061 	
3.89	-1.88459 	0.484884 	11.1776 	-0.00257796 	0.324222 	-0.00112187 	
3.895	-1.89935 	0.49422 	11.1792 	-0.00347073 	0.323628 	-0.000880003 	
3.9	-1.91314 	0.49342 	11.1764 	-0.00331935 	0.322502 	-0.000948337 	
3.905	-1.92541 	0.492772 	11.1734 	-0.00319144 	0.321506 	-0.00100925 	
3.91	-1.97825 	0.576239 	11.1937 	-0.0121148 	0.320914 	0.00384307 	
3.915	-2.00797 	0.589303 	11.19 	-0.0135356 	0.318489 	0.00485217 	
3.92	-2.03422 	0.605897 	11.1884 	-0.0153161 	0.316683 	0.00598061 	
3.925	-1.864 	0.585138 	11.1943 	-0.0134062 	0.333247 	0.00505416 	
3.93	-1.78523 	0.576993 	11.1943 	-0.0127331 	0.340739 	0.00472156 	
3.935	-1.71321 	0.57069 	11.195 	-0.0121724 	0.347766 	0.00444916 	
3.94	-1.80313 	0.580604 	11.1843 	-0.0127181 	0.338772 	0.00382688 	
3.945	-1.82185 	0.558767 	11.1772 	-0.0103768 	0.336456 	0.0029808 	
3.95	-1.8476 	0.546953 	11.1677 	-0.0089397 	0.333173 	0.0019226 	
3.955	-1.85482 	0.538887 	11.1626 	-0.00808269 	0.332044 	0.00157066 	
3.96	-1.87872 	0.529729 	11.1555 	-0.0069401 	0.329371 	0.000668731 	
3.965	-1.92011 	0.586839 	11.1392 	-0.0110203 	0.323986 	-0.00409244 	
3.97	-1.9257 	0.558636 	11.1363 	-0.00854791 	0.323556 	-0.00319182 	
3.975	-1.92847 	0.540704 	11.1321 	-0.0068474 	0.323215 	-0.00317733 	
3.98	-1.92656 	0.53489 	11.1374 	-0.0064107 	0.324599 	-0.0026767 	
3.985	-1.93026 	0.532811 	11.1385 	-0.00627762 	0.32495 	-0.0023839 	
3.99	-1.92797 	0.531395 	11.1421 	-0.0063172 	0.326314 	-0.00164765 	
3.995	-1.92711 	0.532019 	11.146 	-0.00651419 	0.327528 	-0.00106097 	
4	-1.92559 	0.531899 	11.1482 	-0.00660327 	0.328583 	-0.000560155 	
4.005	-1.91857 	0.520647 	11.1462 	-0.00546404 	0.329276 	-0.00100089 	
4.01	-1.95188 	0.554234 	11.1497 	-0.00889751 	0.327876 	0.000720265 	
4.015	-1.51162 	0.490399 	11.1825 	-0.00340321 	0.37285 	-0.000967804 	
4.02	-1.13746 	0.437904 	11.2108 	0.000877869 	0.410282 	-0.00164266 	
4.025	-1.28091 	0.45371 	11.1928 	-0.000249855 	0.395201 	-0.0022384 	
4.03	-1.31601 	0.456064 	11.1851 	-0.000336761 	0.391309 	-0.00273905 	
4.035	-1.46239 	0.486514 	11.1582 	-0.00272092 	0.375358 	-0.00324161 	
4.04	-1.05915 	0.415726 	11.1906 	0.00327253 	0.416247 	-0.0040339 	
4.045	-1.2619 	0.446539 	11.1695 	0.000935897 	0.395408 	-0.00463215 	
4.05	-1.33047 	0.42703 	11.1561 	0.0028892 	0.387238 	-0.00488196 	
4.055	-1.39469 	0.443145 	11.1473 	0.00155079 	0.380728 	-0.00495919 	
4.06	-1.4684 	0.459502 	11.1318 	0.00025045 	0.372307 	-0.005501 	
4.065	-1.36514 	0.419929 	11.1363 	0.00372701 	0.382263 	-0.00544751 	
4.07	-1.47305 	0.447757 	11.1194 	0.00140282 	0.370777 	-0.00586261 	
4.075	-1.58017 	0.469006 	11.1154 	-0.000601107 	0.361426 	-0.00460388 	
4.08	-1.62416 	0.461292 	11.1107 	0.000231881 	0.357213 	-0.00441809 	
4.085	-1.79398 	0.569403 	11.101 	-0.00999765 	0.342003 	-0.00278207 	
4.09	-1.90795 	0.611863 	11.09 	-0.0144852 	0.331374 	0.000169077 	
4.095	-1.90395 	0.687976 	11.0873 	-0.0220538 	0.333306 	0.00168191 	
4.1	-1.92036 	0.741998 	11.0824 	-0.0274431 	0.332665 	0.00302838 	
4.105	-0.226374 	0.467757 	11.2144 	-0.00429086 	0.501591 	-0.000367898 	
4.11	-0.796192 	0.511912 	11.1639 	-0.00707795 	0.443575 	-0.000792851 	
4.115	-0.898785 	0.499803 	11.152 	-0.00551671 	0.432762 	-0.00156241 	
4.12	-0.997534 	0.49133 	11.1405 	-0.00433725 	0.422438 	-0.00219071 	
4.125	-1.22167 	0.640622 	11.1344 	-0.0224093 	0.40406 	0.0147584 	
4.13	-1.28515 	0.741104 	11.1134 	-0.0320077 	0.397803 	0.0124788 	
4.135	-1.33836 	0.749112 	11.0794 	-0.0328174 	0.388198 	0.0115784 	
4.14	-1.56187 	0.789967 	11.0757 	-0.035775 	0.368133 	0.0115611 	
4.145	-1.71823 	0.867565 	11.0771 	-0.0419991 	0.354843 	0.0096786 	
4.15	-1.28572 	0.868698 	11.1211 	-0.0427677 	0.401097 	0.0102637 	
4.155	-1.43203 	0.792014 	11.0984 	-0.0344722 	0.384049 	0.00730231 	
4.16	-1.47753 	0.74413 	11.0884 	-0.0293096 	0.37838 	0.00538947 	
4.165	-1.51639 	0.703149 	11.0795 	-0.0248901 	0.373556 	0.00375419 	
4.17	-1.41901 	0.626671 	11.0837 	-0.0172382 	0.382559 	0.00133654 	
4.175	-1.37739 	0.57095 	11.0828 	-0.0116113 	0.385989 	-0.000372631 	
4.18	-1.34074 	0.519841 	11.0808 	-0.00647565 	0.388777 	-0.00183556 	
4.185	-1.3087 	0.476018 	11.0788 	-0.00206842 	0.391249 	-0.00307072 	
4.19	-1.27875 	0.43865 	11.0769 	0.00167071 	0.393658 	-0.0040876 	
4.195	-1.24825 	0.406128 	11.0755 	0.00490588 	0.396239 	-0.00493859 	
4.2	-1.34697 	0.423313 	11.0633 	0.0035135 	0.386358 	-0.00489502 	
4.205	-1.40718 	0.429206 	11.0545 	0.00314579 	0.380263 	-0.00501463 	
4.21	-1.45898 	0.43431 	11.0464 	0.00282716 	0.375036 	-0.00511744 	
4.215	-1.50508 	0.573239 	11.0474 	-0.0108542 	0.373876 	-0.00204219 	
4.22	-1.48867 	0.497955 	11.0413 	-0.00333654 	0.373798 	-0.00391713 	
4.225	-1.48516 	0.466924 	11.0367 	-0.00020848 	0.373492 	-0.00474338 	
4.23	-1.48188 	0.440594 	11.0324 	0.00244394 	0.373283 	-0.00544181 	
4.235	-1.47883 	0.41819 	11.0283 	0.00469736 	0.373151 	-0.00603131 	
4.24	-1.6484 	0.362286 	10.9648 	0.0109762 	0.350553 	-0.0100593 	
4.245	-1.75977 	0.322774 	10.9218 	0.0155365 	0.335674 	-0.0128938 	
4.25	-1.68209 	0.33069 	10.9493 	0.0143034 	0.346158 	-0.0114562 	
4.255	-1.64938 	0.329184 	10.9593 	0.0142722 	0.350575 	-0.010993 	
4.26	-1.62091 	0.327665 	10.9672 	0.014262 	0.354381 	-0.0105974 	
4.265	-1.59616 	0.326075 	10.9732 	0.0142736 	0.357661 	-0.0102589 	
4.27	-1.57444 	0.324126 	10.9776 	0.014332 	0.360483 	-0.00997419 	
4.275	-1.55559 	0.322279 	10.9806 	0.0143916 	0.362911 	-0.00972849 	
4.28	-1.53925 	0.320458 	10.9826 	0.0144588 	0.365001 	-0.00951716 	
4.285	-1.52525 	0.318887 	10.9838 	0.0145111 	0.366803 	-0.00933166 	
4.29	-1.51294 	0.316739 	10.9842 	0.0146289 	0.368352 	-0.00918501 	
4.295	-1.50224 	0.314521 	10.9838 	0.0147616 	0.369677 	-0.00906332 	
4.3	-1.49299 	0.312302 	10.983 	0.0149012 	0.370814 	-0.00895954 	
4.305	-1.48485 	0.309919 	10.9816 	0.0150638 	0.371788 	-0.00887677 	
4.31	-1.47772 	0.307495 	10.9797 	0.0152365 	0.372622 	-0.00880961 	
4.315	-1.47135 	0.30488 	10.9775 	0.0154325 	0.373335 	-0.00875797 	
4.32	-1.46629 	0.303005 	10.9753 	0.0155647 	0.373958 	-0.00870747 	
4.325	-1.46182 	0.301038 	10.9729 	0.0157093 	0.374493 	-0.00866711 	
4.33	-1.44009 	0.294966 	10.9738 	0.0163193 	0.37697 	-0.00894792 	
4.335	-1.47631 	0.29382 	10.9727 	0.0163134 	0.374164 	-0.00821095 	
4.34	-1.49724 	0.291889 	10.9713 	0.0164127 	0.37264 	-0.00776196 	
4.345	-1.51532 	0.290083 	10.9695 	0.0165068 	0.37132 	-0.00737625 	
4.35	-1.53101 	0.288461 	10.9674 	0.0165898 	0.370178 	-0.00704305 	
4.355	-1.54468 	0.28703 	10.9652 	0.0166602 	0.369187 	-0.00675401 	
4.36	-1.55664 	0.285769 	10.9629 	0.0167193 	0.368328 	-0.00650254 	
4.365	-1.56714 	0.284656 	10.9604 	0.0167684 	0.36758 	-0.00628302 	
4.37	-1.63299 	0.321184 	10.9438 	0.0130045 	0.360483 	-0.00466777 	
4.375	-1.68032 	0.347089 	10.9336 	0.01047 	0.35579 	-0.0039457 	
4.38	-1.71965 	0.369053 	10.9234 	0.00834033 	0.351725 	-0.00343332 	
4.385	-1.7532 	0.388833 	10.9141 	0.00643271 	0.348256 	-0.00305624 	
4.39	-1.78174 	0.405986 	10.9054 	0.00478896 	0.345286 	-0.00278804 	
4.395	-1.7415 	0.373181 	10.9091 	0.00795502 	0.349569 	-0.00338457 	
4.4	-1.72062 	0.35524 	10.9104 	0.00965968 	0.351923 	-0.00369196 	
4.405	-1.70387 	0.341475 	10.9121 	0.010965 	0.353981 	-0.00391563 	
4.41	-1.42877 	0.175729 	10.8544 	0.0257218 	0.371421 	-0.00349694 	
4.415	-1.33004 	0.197561 	10.8991 	0.023271 	0.386173 	-0.00251909 	
4.42	-1.22154 	0.201176 	10.9286 	0.0224236 	0.399802 	-0.00139167 	
4.425	-1.13346 	0.209112 	10.9604 	0.0214645 	0.412072 	-0.0010777 	
4.43	-1.26613 	0.304923 	10.9712 	0.0122742 	0.40228 	0.00112268 	
4.435	-1.41742 	0.286486 	10.9116 	0.0145721 	0.382387 	-0.00121823 	
4.44	-1.54323 	0.318033 	10.887 	0.0118367 	0.368992 	-0.0015967 	
4.445	-1.64591 	0.336937 	10.8623 	0.0102768 	0.357595 	-0.00212038 	
4.45	-1.71107 	0.275054 	10.8119 	0.0161081 	0.345729 	-0.00254237 	
4.455	-1.79632 	0.325812 	10.8027 	0.0113877 	0.337941 	-0.00234077 	
4.46	-1.79173 	0.281258 	10.809 	0.0158142 	0.339307 	-0.00232757 	
4.465	-1.79221 	0.262886 	10.7982 	0.017278 	0.338154 	-0.00213894 	
4.47	-1.79501 	0.24658 	10.7924 	0.0187654 	0.337576 	-0.00246524 	
4.475	-1.6809 	0.20491 	10.7932 	0.0224273 	0.348228 	-0.00278894 	
4.48	-1.71086 	0.187363 	10.7768 	0.0240329 	0.343899 	-0.00298135 	
4.485	-1.79478 	0.130354 	10.701 	0.0292325 	0.327426 	-0.00358188 	
4.49	-1.87799 	0.120227 	10.6595 	0.0301135 	0.315419 	-0.00341687 	
4.495	-1.87248 	0.0971943 	10.651 	0.0323759 	0.315475 	-0.00491506 	
4.5	1.68507 	-0.153979 	11.2827 	0.0492886 	0.711167 	-0.00695521 	
4.505	0.285953 	0.218536 	11.1415 	0.0171209 	0.570909 	-0.00198609 	
4.51	-0.0252009 	0.156738 	11.0438 	0.0231974 	0.530666 	-0.00319386 	
4.515	-0.309227 	0.135935 	10.9709 	0.0255346 	0.496293 	-0.00341758 	
4.52	-0.537901 	0.148629 	10.9352 	0.0247358 	0.471646 	-0.00340132 	
4.525	-0.735635 	0.150388 	10.8983 	0.0248971 	0.449608 	-0.00341486 	
4.53	-0.904194 	0.14959 	10.8663 	0.0252474 	0.430819 	-0.0034006 	
4.535	-1.04916 	0.150428 	10.8386 	0.0253916 	0.414723 	-0.00338941 	
4.54	-1.17349 	0.151612 	10.8144 	0.02546 	0.400943 	-0.00337518 	
4.545	-1.28341 	0.151449 	10.7914 	0.0256178 	0.388625 	-0.00335488 	
4.55	-1.37693 	0.152424 	10.7714 	0.0256381 	0.378175 	-0.00334948 	
4.555	-1.45704 	0.153343 	10.7537 	0.0256358 	0.369224 	-0.00334062 	
4.56	-1.53683 	0.102883 	10.7042 	0.0303545 	0.356156 	-0.00332966 	
4.565	-1.6052 	0.0913073 	10.6778 	0.0318807 	0.347349 	-0.00529993 	
4.57	-1.67007 	0.0877742 	10.6578 	0.03232 	0.339738 	-0.00581372 	
4.575	-1.72342 	0.0815441 	10.6384 	0.0330231 	0.333181 	-0.00644381 	
4.58	-1.7688 	0.0750126 	10.6208 	0.0337251 	0.327539 	-0.00698048 	
4.585	-1.80764 	0.0690045 	10.6048 	0.0343472 	0.322681 	-0.00742658 	
4.59	-1.84094 	0.0635287 	10.5904 	0.0348917 	0.318492 	-0.00779214 	
4.595	-1.87061 	0.0610607 	10.5779 	0.0351135 	0.314863 	-0.00804843 	
4.6	-1.9912 	0.230644 	10.6084 	0.0191761 	0.309282 	-0.00613494 	
4.605	-2.063 	0.304648 	10.6204 	0.0127445 	0.305483 	-0.00510612 	
4.61	-1.87972 	0.264268 	10.6432 	0.0163455 	0.325132 	-0.00629696 	
4.615	3.82365 	-0.462061 	11.5465 	0.0740427 	0.941214 	-0.0131178 	
4.62	1.75484 	-0.179794 	11.2308 	0.0513541 	0.719786 	-0.00928281 	
4.625	1.14649 	-0.0795424 	11.1407 	0.0431139 	0.655138 	-0.00845421 	
4.63	0.698094 	-0.110325 	11.0093 	0.0463856 	0.598809 	-0.00801923 	
4.635	0.282821 	-0.147877 	10.8982 	0.0511462 	0.548772 	-0.0108864 	
4.64	-0.0920926 	-0.0815112 	10.845 	0.0467495 	0.508806 	-0.0123429 	
4.645	-0.0310308 	-0.0756235 	10.8722 	0.0457482 	0.517222 	-0.0112091 	
4.65	0.56869 	-0.119326 	10.9805 	0.0485221 	0.583989 	-0.0107083 	
4.655	0.0707174 	-0.0197997 	10.9157 	0.0398361 	0.531807 	-0.00859396 	
4.66	-0.20233 	0.0989585 	10.9007 	0.0291628 	0.506566 	-0.00699147 	
4.665	-0.421956 	0.162797 	10.8788 	0.0233742 	0.484737 	-0.00544498 	
4.67	-0.586683 	0.159447 	10.8473 	0.0235315 	0.466011 	-0.00381321 	
4.675	-0.723637 	0.152561 	10.8196 	0.0240268 	0.450288 	-0.00238695 	
4.68	-0.944813 	0.402177 	10.8503 	0.00190417 	0.437011 	-0.00254248 	
4.685	-1.00057 	0.313492 	10.8128 	0.00970259 	0.426534 	-0.00126187 	
4.69	-1.06661 	0.289033 	10.7922 	0.0117914 	0.418008 	-0.000274764 	
4.695	-0.911786 	0.269823 	10.8137 	0.0131572 	0.434467 	-1.06576e-06 	
4.7	-0.943278 	0.270085 	10.8067 	0.0136017 	0.431198 	-0.00150895 	
4.705	-1.11879 	0.286617 	10.7744 	0.0120484 	0.411924 	-0.000274583 	
4.71	-1.23492 	0.29718 	10.7521 	0.0111039 	0.399213 	0.000331536 	
4.715	-1.33459 	0.306455 	10.7326 	0.0102777 	0.388336 	0.000821312 	
4.72	-1.36752 	0.306009 	10.72 	0.0101707 	0.384121 	0.00138054 	
4.725	-1.40673 	0.307549 	10.7079 	0.00994287 	0.37949 	0.0017943 	
4.73	-1.44044 	0.308969 	10.6971 	0.00973887 	0.375529 	0.00213656 	
4.735	-1.46903 	0.310005 	10.6873 	0.00957505 	0.372149 	0.00243672 	
4.74	-1.49366 	0.311024 	10.6784 	0.00942497 	0.369263 	0.0026778 	
4.745	-1.51439 	0.309452 	10.6682 	0.00946631 	0.366465 	0.00309439 	
4.75	-1.34851 	0.259226 	10.6892 	0.0140272 	0.383764 	0.00196876 	
4.755	-1.24164 	0.223641 	10.6993 	0.0171608 	0.394525 	0.00157785 	
4.76	-1.15391 	0.195368 	10.7084 	0.0196683 	0.40357 	0.00118792 	
4.765	-1.25941 	0.219855 	10.686 	0.0173459 	0.391957 	0.00213657 	
4.77	-1.28418 	0.232796 	10.6849 	0.0162455 	0.390318 	0.00201161 	
4.775	-1.30266 	0.236493 	10.6816 	0.0155694 	0.388194 	0.00347081 	
4.78	-1.29314 	0.2243 	10.6777 	0.0167202 	0.389094 	0.00313476 	
4.785	-1.28337 	0.214531 	10.6746 	0.0176132 	0.389984 	0.00303999 	
4.79	-1.43612 	0.334218 	10.6768 	0.00696998 	0.378442 	0.00376221 	
4.795	-1.53348 	0.371289 	10.6655 	0.0037311 	0.369134 	0.00427958 	
4.8	-1.61952 	0.416671 	10.6585 	-6.58171e-05 	0.361582 	0.0041168 	
4.805	-1.69371 	0.454791 	10.6512 	-0.0032306 	0.354947 	0.00390145 	
4.81	-1.71131 	0.435931 	10.638 	-0.00135223 	0.352105 	0.00350483 	
4.815	-1.73347 	0.430367 	10.6276 	-0.000679838 	0.349258 	0.00315701 	
4.82	-1.75083 	0.425497 	10.6184 	-0.000101406 	0.346994 	0.00283427 	
4.825	-1.76964 	0.423485 	10.6092 	0.000270665 	0.34459 	0.00233837 	
4.83	-1.74378 	0.410514 	10.6084 	0.00115552 	0.347236 	0.00322971 	
4.835	2.19164 	0.0392564 	11.3635 	0.0282432 	0.786803 	0.00145665 	
4.84	0.762012 	0.227978 	11.1053 	0.0136674 	0.629878 	0.00186419 	
4.845	0.339842 	0.293 	11.0318 	0.00846545 	0.584095 	0.00219778 	
4.85	0.0976623 	0.277099 	10.9724 	0.0102202 	0.554977 	0.00263779 	
4.855	-0.133683 	0.278201 	10.9205 	0.0104242 	0.528066 	0.00296401 	
4.86	-0.49568 	0.330143 	10.8918 	0.00721718 	0.494336 	0.000452442 	
4.865	-0.778035 	0.368695 	10.8681 	0.00486831 	0.467884 	-0.0014267 	
4.87	-0.884031 	0.175833 	10.6796 	0.0221192 	0.433994 	-0.00289924 	
4.875	-1.00142 	0.055387 	10.5512 	0.0329997 	0.407253 	-0.00418766 	
4.88	-1.15797 	-0.055199 	10.4342 	0.0431275 	0.378297 	-0.00551034 	
4.885	-1.28045 	-0.148524 	10.3344 	0.0515923 	0.354724 	-0.00654617 	
4.89	-1.38522 	-0.228562 	10.2484 	0.0587983 	0.334541 	-0.00737187 	
4.895	-1.47488 	-0.29692 	10.174 	0.0649032 	0.317249 	-0.00803644 	
4.9	-1.56727 	-0.11059 	10.2772 	0.0481599 	0.323332 	-0.00542347 	
4.905	-1.64155 	-0.00408563 	10.3302 	0.0384533 	0.324312 	-0.00369335 	
4.91	-1.62615 	0.0380585 	10.3594 	0.0345407 	0.329848 	-0.00267914 	
4.915	-1.61211 	0.0768103 	10.3886 	0.0309368 	0.335435 	-0.00197386 	
4.92	-1.60272 	0.10934 	10.4119 	0.0278813 	0.339696 	-0.00118248 	
4.925	-1.59529 	0.137105 	10.4311 	0.0252715 	0.343266 	-0.000507076 	
4.93	-1.58961 	0.160899 	10.4468 	0.0230352 	0.346243 	6.02104e-05 	
4.935	-1.58545 	0.181353 	10.4595 	0.0211142 	0.348713 	0.000534741 	
4.94	3.79427 	-0.624381 	11.4031 	0.0851982 	0.933756 	-0.0070608 	
4.945	1.80397 	-0.28157 	11.0729 	0.0585969 	0.720034 	-0.00711698 	
4.95	3.36339 	-0.420897 	11.3994 	0.0687054 	0.897447 	-0.00803116 	
4.955	2.24742 	-0.556901 	11.0224 	0.0819463 	0.752015 	-0.00701807 	
4.96	1.51031 	-0.162749 	10.9958 	0.0485665 	0.686435 	-0.00859176 	
4.965	2.07123 	-0.268557 	11.1092 	0.0570214 	0.749564 	-0.00780227 	
4.97	1.5654 	-0.120731 	11.0593 	0.0445058 	0.700628 	-0.00625725 	
4.975	0.937375 	-0.100043 	10.9194 	0.0437674 	0.629116 	-0.00689474 	
4.98	0.456203 	-0.0235174 	10.8579 	0.0370657 	0.579876 	-0.00457569 	
4.985	0.14544 	-0.242554 	10.622 	0.0565961 	0.521483 	-0.00499931 	
4.99	-0.305959 	0.173284 	10.6982 	0.0197536 	0.495849 	-0.00113496 	
4.995	-0.631348 	0.290144 	10.6816 	0.00973214 	0.466658 	0.000180168 	
5	-0.849743 	0.274622 	10.6446 	0.0114975 	0.442889 	0.000498262 	
5.005	-1.0582 	0.262844 	10.5934 	0.0128725 	0.418642 	0.000493029 	
5.01	-1.25965 	0.292719 	10.5551 	0.010601 	0.396602 	0.000336562 	
5.015	-1.42679 	0.31098 	10.521 	0.00928652 	0.378125 	0.000246932 	
5.02	-1.55404 	0.310835 	10.4966 	0.00943102 	0.364564 	0.000614797 	
5.025	-1.56802 	0.0994234 	10.3832 	0.0281603 	0.348863 	-0.000197346 	
5.03	-1.70589 	0.194577 	10.4048 	0.0200273 	0.340021 	7.38903e-05 	
5.035	-1.67072 	-0.0419153 	10.268 	0.0411502 	0.324571 	-0.0027241 	
5.04	-2.16043 	0.580449 	10.7293 	-0.0128624 	0.341027 	0.00449937 	
5.045	-2.07383 	0.442604 	10.6037 	-0.000829208 	0.333591 	0.00198909 	
5.05	-2.0974 	0.432464 	10.5745 	-1.03887e-05 	0.32853 	0.00198363 	
5.055	-2.12454 	0.466389 	10.5856 	-0.00308794 	0.328218 	0.00236039 	
5.06	-2.57066 	1.30017 	11.1125 	-0.0779343 	0.356544 	0.0210794 	
5.065	-0.48603 	0.744779 	11.2711 	-0.0310917 	0.556971 	0.0120518 	
5.07	-1.0645 	0.620787 	11.0141 	-0.0192212 	0.474722 	0.0098794 	
5.075	-1.23786 	0.611262 	10.9708 	-0.0155041 	0.457978 	-0.000141301 	
5.08	-1.40937 	0.659753 	10.8701 	-0.0193358 	0.429541 	-0.00291023 	
5.085	-1.45874 	0.720466 	10.988 	-0.0205664 	0.446138 	-0.0155004 	
5.09	-1.44557 	0.661688 	10.936 	-0.0157391 	0.440718 	-0.0148498 	
5.095	-1.61608 	0.647131 	10.8428 	-0.0153543 	0.413513 	-0.0113499 	
5.1	-1.70919 	0.606386 	10.7737 	-0.012454 	0.396523 	-0.00892879 	
5.105	-1.79287 	0.576876 	10.7147 	-0.01042 	0.381724 	-0.00693495 	
5.11	-1.86429 	0.551344 	10.6632 	-0.00865828 	0.369035 	-0.00523271 	
5.115	-1.94084 	0.513969 	10.6022 	-0.00562604 	0.354354 	-0.00456746 	
5.12	-2.00291 	0.48491 	10.552 	-0.00333202 	0.342507 	-0.00382015 	
5.125	-2.08967 	0.855425 	10.9788 	-0.025094 	0.403031 	-0.0364501 	
5.13	-1.84971 	0.68003 	10.8587 	-0.0130775 	0.404798 	-0.0276095 	
5.135	0.750308 	0.2272 	11.2586 	0.0213631 	0.676988 	-0.0249087 	
5.14	-0.101956 	0.0475231 	10.8746 	0.0369142 	0.551948 	-0.0217048 	
5.145	-0.462143 	0.139019 	10.814 	0.0280224 	0.512853 	-0.016212 	
5.15	-0.56244 	0.205676 	10.8135 	0.0217869 	0.503703 	-0.0144644 	
5.155	2.76576 	-0.352499 	11.3833 	0.065171 	0.861074 	-0.0143026 	
5.16	2.52537 	-0.29852 	11.3365 	0.0603576 	0.833935 	-0.0125845 	
5.165	1.64875 	-0.185745 	11.1746 	0.0514287 	0.737144 	-0.0103764 	
5.17	1.03535 	-0.0826859 	11.0416 	0.0428275 	0.667591 	-0.00876178 	
5.175	0.530386 	0.00546886 	10.9412 	0.0352692 	0.611694 	-0.0063785 	
5.18	0.104834 	0.0654476 	10.8503 	0.0301568 	0.563751 	-0.0044358 	
5.185	-0.237453 	0.108065 	10.7703 	0.0265134 	0.524357 	-0.002976 	
5.19	-0.374373 	0.185714 	10.7723 	0.0201314 	0.51269 	-0.00365381 	
5.195	0.346664 	0.0749499 	10.903 	0.0285854 	0.591308 	-0.00353458 	
5.2	-0.166394 	0.193177 	10.8191 	0.0188938 	0.537177 	-0.00268316 	
5.205	1.38642 	-0.0681728 	11.0966 	0.0393868 	0.705476 	-0.00327022 	
5.21	1.64549 	-0.107923 	11.1444 	0.0425016 	0.733751 	-0.00330343 	
5.215	0.998871 	0.0360406 	11.0476 	0.0310583 	0.666281 	-0.00288825 	
5.22	0.751107 	0.10352 	11.0314 	0.0255612 	0.643201 	-0.00256129 	
5.225	0.485519 	0.205904 	10.9858 	0.0165816 	0.615859 	-0.00190286 	
5.23	0.288047 	0.337094 	10.9522 	0.0089705 	0.5898 	-0.0152798 	
5.235	1.12208 	0.138542 	11.0893 	0.0238452 	0.680344 	-0.0110555 	
5.24	2.66813 	-0.167737 	11.3796 	0.048204 	0.849224 	-0.0108768 	
5.245	1.73296 	0.00205724 	11.2143 	0.0343734 	0.74904 	-0.00906781 	
5.25	1.27165 	0.0672132 	11.123 	0.0291621 	0.698424 	-0.00780033 	
5.255	1.55709 	0.00824186 	11.1681 	0.0336642 	0.728992 	-0.00710293 	
5.26	0.803741 	0.0977898 	11.0025 	0.0264973 	0.644152 	-0.00506822 	
5.265	1.73577 	-0.11014 	11.1505 	0.0426798 	0.742487 	-0.00342416 	
5.27	0.853421 	0.0243109 	10.9725 	0.032066 	0.645128 	-0.00232492 	
5.275	0.377665 	0.0872819 	10.8698 	0.0270498 	0.591961 	-0.00133152 	
5.28	-0.0186767 	0.139964 	10.7829 	0.0228139 	0.547557 	-0.000389794 	
5.285	1.77731 	-0.146634 	11.1275 	0.0452232 	0.744955 	-0.00160485 	
5.29	2.87782 	-0.344852 	11.3154 	0.0608823 	0.862686 	-0.002569 	
5.295	1.68099 	-0.169971 	11.075 	0.0471746 	0.730437 	-0.00101739 	
5.3	1.07585 	-0.106145 	10.9278 	0.0423614 	0.660351 	-0.000516604 	
5.305	0.561244 	-0.050205 	10.8048 	0.0380257 	0.60113 	2.70254e-05 	
5.31	0.179754 	-0.0812154 	10.6776 	0.0409475 	0.552555 	0.000947088 	
5.315	-0.224066 	0.0103624 	10.6076 	0.0333371 	0.509619 	0.00187965 	
5.32	-0.382488 	0.173404 	10.6188 	0.0209471 	0.497184 	-0.00265292 	
5.325	4.07978 	-0.623256 	11.4721 	0.082873 	0.986585 	-0.00448037 	
5.33	2.21808 	-0.292898 	11.1367 	0.0565109 	0.786577 	-0.000542846 	
5.335	1.52594 	-0.216833 	10.9701 	0.0508142 	0.706381 	-0.0004204 	
5.34	0.949891 	-0.112117 	10.8709 	0.0424522 	0.645125 	0.00057232 	
5.345	0.456964 	-0.0294158 	10.7784 	0.0358761 	0.59179 	0.00132717 	
5.35	0.0302124 	0.00920286 	10.6655 	0.0329583 	0.541322 	0.00159145 	
5.355	-0.236221 	-0.0688014 	10.5202 	0.0400778 	0.49904 	-0.00163965 	
5.36	-0.448154 	-0.13064 	10.4146 	0.0421013 	0.465371 	0.0107167 	
5.365	-0.219641 	-0.0724535 	10.525 	0.0382004 	0.500425 	0.00658974 	
5.37	3.2659 	-0.613463 	11.242 	0.0803932 	0.888798 	0.00445063 	
5.375	1.55578 	-0.28352 	10.9942 	0.0526514 	0.716259 	0.0148639 	
5.38	0.997258 	-0.191415 	10.865 	0.0463154 	0.651634 	0.0114526 	
5.385	0.499656 	-0.102027 	10.7657 	0.0396236 	0.596933 	0.0105039 	
5.39	0.506848 	-0.331658 	10.3507 	0.0584434 	0.529879 	0.00472607 	
5.395	2.61682 	-0.568126 	10.935 	0.0767513 	0.788906 	0.00409464 	
5.4	1.42354 	-0.467702 	10.6548 	0.0696809 	0.653023 	0.00517076 	
5.405	0.842325 	-0.24677 	10.6012 	0.052086 	0.598606 	0.00346158 	
5.41	1.31164 	-0.281996 	10.3341 	0.0517634 	0.593712 	0.00665717 	
5.415	3.29209 	-0.886787 	10.6199 	0.101669 	0.801633 	0.00358965 	
5.42	2.76366 	-0.617414 	10.7371 	0.0802613 	0.774652 	0.00367193 	
5.425	2.37828 	0.609033 	12.3874 	-0.0230043 	0.964507 	0.0232804 	
5.43	1.72543 	0.0716213 	11.5593 	0.0237244 	0.799763 	0.0152251 	
5.435	1.09181 	0.176347 	11.3881 	0.0156834 	0.725384 	0.0141241 	
5.44	0.577725 	0.204 	11.1926 	0.0142138 	0.657285 	0.0122905 	
5.445	0.139074 	0.228216 	11.0284 	0.0129067 	0.599651 	0.0107748 	
5.45	-0.235206 	0.246207 	10.8861 	0.0120301 	0.550249 	0.00940685 	
5.455	0.295787 	0.646642 	11.0713 	-0.0227083 	0.626028 	0.0113359 	
5.46	0.512775 	0.599777 	11.1174 	-0.0188598 	0.650601 	0.00974984 	
5.465	0.649533 	0.522138 	11.1439 	-0.0118475 	0.664935 	0.00826535 	
5.47	0.778613 	0.476957 	11.1713 	-0.0077085 	0.679216 	0.00705789 	
5.475	0.888421 	0.438335 	11.1947 	-0.00415844 	0.691397 	0.00600222 	
5.48	0.981034 	0.404739 	11.2143 	-0.00106427 	0.701659 	0.00510964 	
5.485	1.05971 	0.376492 	11.2312 	0.00156919 	0.710436 	0.0042947 	
5.49	1.12402 	0.353135 	11.2454 	0.00377657 	0.717682 	0.00358116 	
5.495	1.17537 	0.354987 	11.2732 	0.0038265 	0.726275 	0.00386031 	
5.5	0.91763 	0.224761 	11.0292 	0.012263 	0.669488 	0.0144497 	
5.505	1.12044 	0.291589 	11.1757 	0.00727428 	0.708715 	0.011742 	
5.51	1.17806 	0.28912 	11.2103 	0.008462 	0.71806 	0.00880652 	
5.515	1.16462 	0.310484 	11.2398 	0.00715885 	0.721012 	0.00702089 	
5.52	1.16962 	0.328183 	11.2684 	0.00621861 	0.725452 	0.0053556 	
5.525	1.16864 	0.294508 	11.2331 	0.0084289 	0.719883 	0.00746714 	
5.53	2.71322 	-0.00627423 	11.5199 	0.0323993 	0.886962 	0.0046077 	
5.535	1.78201 	0.120287 	11.3013 	0.0228073 	0.780842 	0.00453026 	
5.54	1.39484 	0.180854 	11.2145 	0.0182833 	0.737584 	0.00397834 	
5.545	0.782447 	0.215263 	11.0288 	0.0157474 	0.66234 	0.00488417 	
5.55	0.347809 	0.24867 	10.8815 	0.0123919 	0.605968 	0.00833133 	
5.555	0.260385 	0.254918 	10.8649 	0.0123097 	0.597267 	0.00673799 	
5.56	0.497237 	0.504563 	11.0714 	-0.00714156 	0.648909 	0.00608026 	
5.565	0.790874 	0.643521 	11.1598 	-0.0192106 	0.687656 	0.00447077 	
5.57	0.956715 	0.589805 	11.1843 	-0.0155113 	0.704598 	0.00432453 	
5.575	1.08866 	0.561977 	11.2224 	-0.0133198 	0.720784 	0.00394602 	
5.58	1.10902 	0.538185 	11.2427 	-0.0108768 	0.724374 	0.00245311 	
5.585	1.02485 	0.578828 	11.2511 	-0.0145011 	0.718537 	0.00333848 	
5.59	0.995007 	0.588 	11.2152 	-0.0156039 	0.709986 	0.00234396 	
5.595	0.973076 	0.603757 	11.2406 	-0.016874 	0.711992 	0.00300923 	
5.6	0.956921 	0.613945 	11.2533 	-0.0176919 	0.712476 	0.00320787 	
5.605	0.940097 	0.621716 	11.262 	-0.0182959 	0.712437 	0.00341075 	
5.61	0.573337 	1.02713 	12.4275 	-0.0334474 	0.856774 	-0.0308393 	
5.615	0.503973 	0.240205 	11.4238 	0.0268689 	0.705227 	-0.0280584 	
5.62	0.140292 	0.153365 	11.1782 	0.0343777 	0.639068 	-0.0299248 	
5.625	0.621567 	0.604724 	11.3235 	-0.00660529 	0.704132 	-0.022178 	
5.63	0.645008 	0.623137 	11.3613 	-0.00944789 	0.711762 	-0.0128541 	
5.635	0.79625 	0.528963 	11.3674 	-0.00132258 	0.72218 	-0.0165465 	
5.64	0.826005 	0.643079 	11.4058 	-0.0124593 	0.732237 	-0.00658013 	
5.645	0.987484 	0.604606 	11.4009 	-0.00895504 	0.742276 	-0.0144808 	
5.65	0.784308 	1.35468 	12.8041 	-0.0593018 	0.908626 	-0.0238104 	
5.655	0.335681 	0.920392 	12.0021 	-0.0265109 	0.766244 	-0.0223048 	
5.66	-0.0550628 	0.906522 	11.7557 	-0.0266332 	0.70076 	-0.0200434 	
5.665	-0.388382 	0.863028 	11.5264 	-0.0240692 	0.642736 	-0.0181703 	
5.67	9.84491 	-0.929754 	13.7313 	0.111016 	1.77461 	-0.0116587 	
5.675	7.13785 	-0.554956 	12.9976 	0.0825086 	1.45457 	-0.012763 	
5.68	6.42815 	-0.499178 	12.7397 	0.0778904 	1.3617 	-0.0118014 	
5.685	5.05851 	-0.355382 	12.3317 	0.0664467 	1.19465 	-0.00943287 	
5.69	3.99368 	-0.231374 	12.0544 	0.0582226 	1.07191 	-0.0133917 	
5.695	3.20141 	-0.359738 	11.5578 	0.0683432 	0.937425 	-0.0147224 	
5.7	2.40445 	-0.209917 	11.3953 	0.0568109 	0.851246 	-0.0133135 	
5.705	1.71849 	-0.158291 	11.1955 	0.0537806 	0.769315 	-0.0157269 	
5.71	1.13383 	-0.135395 	11.0192 	0.0532227 	0.700047 	-0.0186149 	
5.715	0.626303 	-0.108451 	10.8727 	0.0519827 	0.641189 	-0.0204337 	
5.72	0.212908 	-0.0878668 	10.7403 	0.0512116 	0.590124 	-0.0226074 	
5.725	-0.15622 	-0.0226151 	10.6481 	0.0458368 	0.547604 	-0.0214059 	
5.73	-0.424465 	0.0744591 	10.6161 	0.0378659 	0.521346 	-0.0207209 	
5.735	-0.631366 	0.178706 	10.6235 	0.0297053 	0.506224 	-0.0215499 	
5.74	-0.778451 	0.178534 	10.5541 	0.029369 	0.484491 	-0.0200504 	
5.745	-1.08024 	0.288806 	10.4955 	0.0195393 	0.451668 	-0.0164309 	
5.75	4.08649 	-0.597073 	11.6882 	0.0866986 	1.03457 	-0.014276 	
5.755	2.73185 	-0.331987 	11.3685 	0.0661329 	0.880252 	-0.0139813 	
5.76	1.94782 	-0.154661 	11.2334 	0.0526607 	0.798828 	-0.0150171 	
5.765	1.34372 	-0.0572473 	11.0988 	0.0457634 	0.732081 	-0.0167066 	
5.77	0.851322 	0.0165205 	10.974 	0.0401593 	0.675264 	-0.0167446 	
5.775	0.419694 	0.088926 	10.8786 	0.0349976 	0.62779 	-0.0179587 	
5.78	0.0908276 	0.191426 	10.8467 	0.0272624 	0.597404 	-0.0192451 	
5.785	-0.195303 	0.254786 	10.789 	0.0223716 	0.566764 	-0.0193879 	
5.79	-0.446416 	0.325297 	10.7533 	0.0170145 	0.542106 	-0.01992 	
5.795	-0.111207 	0.281688 	10.8038 	0.019771 	0.575723 	-0.0186224 	
5.8	2.39695 	-0.196054 	11.3819 	0.0555634 	0.857605 	-0.0141432 	
5.805	1.10475 	0.0942384 	11.0808 	0.0334749 	0.711843 	-0.0168736 	
5.81	0.686217 	0.176025 	11.0131 	0.0275421 	0.669467 	-0.0178612 	
5.815	0.343887 	0.224671 	10.9103 	0.0232116 	0.626981 	-0.015552 	
5.82	0.471184 	0.222326 	10.9274 	0.0232099 	0.639715 	-0.0159208 	
5.825	0.504292 	0.223264 	10.9194 	0.0228792 	0.641251 	-0.015368 	
5.83	0.0839266 	0.287174 	10.8208 	0.0179047 	0.593738 	-0.0145537 	
5.835	0.09438 	0.297574 	10.8148 	0.0167924 	0.594135 	-0.0139546 	
5.84	-0.378259 	0.38604 	10.6807 	0.0094308 	0.537424 	-0.0121726 	
5.845	-0.232391 	0.361876 	10.6873 	0.0115992 	0.549877 	-0.0143422 	
5.85	0.213596 	0.31738 	10.8079 	0.014642 	0.602267 	-0.0134458 	
5.855	0.670455 	0.219977 	10.9046 	0.0212988 	0.65191 	-0.0111224 	
5.86	1.04311 	0.13078 	10.9766 	0.0283537 	0.69195 	-0.0109725 	
5.865	1.22366 	0.0893198 	11.0061 	0.0315867 	0.710496 	-0.0113267 	
5.87	1.10713 	0.100958 	10.9672 	0.0307166 	0.695768 	-0.0113126 	
5.875	3.38367 	-0.271485 	11.6039 	0.0584096 	0.968056 	-0.00709924 	
5.88	2.28152 	-0.0213195 	11.5809 	0.0435521 	0.874615 	-0.0103331 	
5.885	1.65198 	0.052653 	11.3328 	0.0366638 	0.78998 	-0.00937463 	
5.89	0.977396 	0.607909 	11.5045 	-0.00870168 	0.757994 	-0.00618911 	
5.895	0.447102 	0.538013 	11.2427 	-0.00253531 	0.680696 	-0.00652843 	
5.9	-0.00570479 	0.570055 	11.0853 	-0.00482769 	0.62344 	-0.00660152 	
5.905	0.745283 	0.320826 	11.149 	0.0139061 	0.692318 	-0.00469233 	
5.91	1.15111 	0.191812 	11.17 	0.023656 	0.727824 	-0.00466934 	
5.915	1.47583 	0.082151 	11.1951 	0.0319641 	0.757473 	-0.00415306 	
5.92	1.71073 	0.0346707 	11.2324 	0.03558 	0.781792 	-0.00479945 	
5.925	0.872587 	0.206502 	11.0091 	0.0221441 	0.683827 	-0.00525213 	
5.93	0.990487 	0.395199 	11.3453 	0.00900188 	0.743312 	-0.00663576 	
5.935	1.67727 	0.0764776 	11.343 	0.0339327 	0.7965 	-0.00723901 	
5.94	0.810756 	0.20638 	11.0623 	0.0243277 	0.688017 	-0.0101388 	
5.945	0.335402 	0.215268 	10.8716 	0.0231767 	0.62325 	-0.0076229 	
5.95	0.573611 	0.343545 	10.9919 	0.0128986 	0.659311 	-0.010505 	
5.955	0.643486 	0.429475 	11.0403 	0.00596325 	0.671855 	-0.0120686 	
5.96	0.518661 	1.18191 	12.4622 	-0.0407161 	0.833791 	-0.0316407 	
5.965	0.63522 	1.01054 	12.0214 	-0.0316521 	0.791124 	-0.0264802 	
5.97	0.573684 	1.03263 	11.9251 	-0.0348231 	0.775909 	-0.0245082 	
5.975	0.162983 	0.631392 	11.3922 	-0.00333259 	0.670468 	-0.0217039 	
5.98	0.237533 	1.60811 	12.8903 	-0.0814666 	0.885737 	-0.0102557 	
5.985	-0.102847 	0.940516 	11.9555 	-0.0297535 	0.730824 	-0.00651549 	
5.99	-0.482821 	0.913219 	11.6573 	-0.0283589 	0.660564 	-0.00626551 	
5.995	-0.776186 	0.831936 	11.3748 	-0.0226063 	0.59929 	-0.00529301 	
6	0.438499 	0.443474 	11.4325 	0.00696451 	0.705615 	-0.00542608 	
6.005	1.14475 	0.224785 	11.4547 	0.0236903 	0.766564 	-0.00626346 	
6.01	0.617559 	0.513514 	11.3829 	-0.0024511 	0.717043 	0.00602807 	
6.015	1.29938 	0.579958 	10.5719 	-0.0234622 	0.661915 	0.0171074 	
6.02	1.32175 	0.605965 	11.002 	-0.0178371 	0.72574 	0.00359439 	
6.025	1.62743 	0.437062 	11.034 	-0.00365022 	0.753661 	0.00253092 	
6.03	4.0815 	0.0628868 	11.6165 	0.0284112 	1.02696 	-0.0155028 	
6.035	3.48662 	0.0660802 	11.4818 	0.0285871 	0.961882 	-0.0113437 	
6.04	2.54859 	0.154605 	11.2621 	0.0232521 	0.857253 	-0.0122831 	
6.045	3.51021 	-0.0344695 	11.5342 	0.0383018 	0.97175 	-0.0126957 	
6.05	2.38817 	0.0600624 	11.2225 	0.0316425 	0.838543 	-0.0107704 	
6.055	1.66173 	0.182459 	11.0344 	0.0225672 	0.754939 	-0.0110195 	
6.06	1.06077 	0.272228 	10.8772 	0.0159592 	0.685518 	-0.0108183 	
6.065	0.547337 	0.348622 	10.7416 	0.0103579 	0.626119 	-0.0106968 	
6.07	0.108755 	0.413343 	10.6243 	0.00563528 	0.575263 	-0.010638 	
6.075	-0.266005 	0.468766 	10.5228 	0.0015917 	0.531735 	-0.0105701 	
6.08	-0.496546 	0.431098 	10.4465 	0.00483209 	0.502557 	-0.00917919 	
6.085	-0.793095 	0.473669 	10.3557 	0.00148092 	0.466855 	-0.00848838 	
6.09	1.32651 	0.110291 	10.9001 	0.0293473 	0.711213 	-0.00870297 	
6.095	3.36018 	-0.172522 	11.5004 	0.0514391 	0.957592 	-0.0119939 	
6.1	3.53609 	-0.217805 	11.5451 	0.0548847 	0.977646 	-0.011496 	
6.105	2.41722 	-0.103287 	11.2255 	0.046421 	0.843717 	-0.00989691 	
6.11	2.03217 	-0.040861 	11.1178 	0.0415723 	0.79841 	-0.00941898 	
6.115	3.10653 	-0.237457 	11.4113 	0.0566898 	0.924693 	-0.0093509 	
6.12	1.96656 	-0.0869811 	11.0908 	0.045287 	0.78936 	-0.00808091 	
6.125	1.33115 	-0.0607414 	10.8586 	0.0428703 	0.706267 	-0.00497993 	
6.13	0.78487 	0.0130808 	10.7052 	0.0376904 	0.642029 	-0.00556788 	
6.135	0.32913 	0.057137 	10.552 	0.0336713 	0.584404 	-0.00276626 	
6.14	-0.0518138 	0.11326 	10.4573 	0.0296284 	0.541208 	-0.00310096 	
6.145	-0.37228 	0.149437 	10.3695 	0.0270223 	0.503674 	-0.00299352 	
6.15	2.23654 	-0.205468 	11.1253 	0.0548543 	0.816767 	-0.00885881 	
6.155	1.00586 	-0.0356788 	10.7756 	0.0417278 	0.670458 	-0.00669238 	
6.16	0.527816 	0.0307643 	10.6403 	0.0366438 	0.613899 	-0.00602986 	
6.165	0.417701 	0.074557 	10.6331 	0.0330865 	0.604909 	-0.00579061 	
6.17	-0.0379064 	0.129215 	10.4869 	0.0289868 	0.54865 	-0.005022 	
6.175	3.20147 	-0.330032 	11.4191 	0.0644077 	0.935363 	-0.00996304 	
6.18	1.75696 	-0.15682 	10.9913 	0.051574 	0.761563 	-0.00938718 	
6.185	1.17162 	-0.159776 	10.8613 	0.0573574 	0.698972 	-0.025594 	
6.19	3.79731 	-0.49842 	11.5976 	0.0821412 	1.00929 	-0.0266805 	
6.195	2.29744 	-0.369567 	11.0888 	0.0710998 	0.818872 	-0.0193377 	
6.2	1.61109 	-0.218253 	10.9317 	0.058755 	0.743473 	-0.0160678 	
6.205	1.00374 	-0.0949144 	10.7493 	0.0488018 	0.669848 	-0.0149426 	
6.21	0.517648 	-0.0114237 	10.6007 	0.0421325 	0.610344 	-0.0140484 	
6.215	0.101652 	0.0667532 	10.5037 	0.0355787 	0.564821 	-0.0110121 	
6.22	-0.194755 	0.240483 	10.3994 	0.0213787 	0.527956 	-0.0135327 	
6.225	-0.401883 	0.0576803 	10.1862 	0.0332435 	0.479534 	-0.00179241 	
6.23	1.86012 	-0.856531 	10.4797 	0.104227 	0.699149 	0.00305847 	
6.235	3.34786 	-0.855509 	11.0839 	0.104577 	0.901972 	-0.00292309 	
6.24	2.03044 	-0.710712 	10.6579 	0.093634 	0.737852 	-0.00164749 	
6.245	1.40617 	-0.517111 	10.5597 	0.0787387 	0.675155 	-0.00181564 	
6.25	0.876478 	-0.376585 	10.4558 	0.0679597 	0.619056 	-0.00188461 	
6.255	0.460425 	-0.380198 	10.2594 	0.0666514 	0.557768 	0.00483065 	
6.26	0.0421007 	-0.239171 	10.1797 	0.0553315 	0.514192 	0.00574683 	
6.265	-0.271711 	-0.205307 	10.0605 	0.0517787 	0.47251 	0.00934189 	
6.27	3.9264 	-0.833131 	11.3515 	0.10036 	0.984059 	0.00484089 	
6.275	2.52537 	-1.01318 	10.5037 	0.113073 	0.75659 	0.0113553 	
6.28	1.73541 	-0.758761 	10.4081 	0.0938181 	0.680689 	0.0104744 	
6.285	1.08786 	-0.499261 	10.3853 	0.0768435 	0.628793 	-0.000461714 	
6.29	0.568847 	-0.351239 	10.3058 	0.0658441 	0.57695 	-0.00188336 	
6.295	0.0521975 	0.53074 	10.8555 	0.00888753 	0.619066 	-0.0517017 	
6.3	-0.218239 	0.244342 	10.4703 	0.0253826 	0.540756 	-0.0272755 	
6.305	2.86562 	-0.223212 	11.4241 	0.0607552 	0.916896 	-0.0273189 	
6.31	1.42726 	0.00545171 	11.01 	0.0427198 	0.746416 	-0.0232798 	
6.315	1.29381 	0.0969283 	11.0125 	0.0371337 	0.738155 	-0.029852 	
6.32	0.705474 	0.103629 	10.7689 	0.0353776 	0.656807 	-0.0235939 	
6.325	0.28102 	0.122717 	10.6021 	0.0332376 	0.599786 	-0.020196 	
6.33	-0.0483628 	0.187798 	10.5078 	0.0276885 	0.560619 	-0.0180862 	
6.335	1.30517 	-0.0259224 	10.9285 	0.0439201 	0.725938 	-0.0185235 	
6.34	0.574473 	0.0973136 	10.7212 	0.0340826 	0.640116 	-0.0157286 	
6.345	0.261552 	0.151717 	10.6354 	0.0295937 	0.604008 	-0.0138091 	
6.35	0.0381672 	0.160903 	10.5162 	0.027095 	0.568732 	-0.00696007 	
6.355	-0.280223 	0.204764 	10.4233 	0.0242631 	0.531121 	-0.00854705 	
6.36	-0.569598 	0.173796 	10.2626 	0.0263191 	0.485932 	-0.00692901 	
6.365	-0.850581 	0.20007 	10.145 	0.0238778 	0.447796 	-0.00574913 	
6.37	2.74017 	0.0168143 	11.555 	0.0378163 	0.931151 	-0.0101723 	
6.375	1.35549 	-0.0730887 	10.8692 	0.0431143 	0.723183 	-0.000387674 	
6.38	0.795308 	-0.019108 	10.6638 	0.039246 	0.650893 	-0.00137487 	
6.385	0.28704 	0.283492 	10.569 	0.0151616 	0.597712 	-0.0086711 	
6.39	2.987 	0.152284 	11.6697 	0.0250482 	0.965146 	-0.00724877 	
6.395	1.63846 	0.209625 	11.1331 	0.0210948 	0.783629 	-0.00691983 	
6.4	1.11697 	0.208738 	10.9216 	0.021598 	0.713229 	-0.00659261 	
6.405	0.599838 	0.293796 	10.8027 	0.0146194 	0.655469 	-0.00648898 	
6.41	3.0835 	0.000917933 	11.6229 	0.0365073 	0.966092 	-0.00599832 	
6.415	2.05553 	0.119335 	11.2999 	0.0286288 	0.840739 	-0.00808133 	
6.42	1.82444 	0.154779 	11.2368 	0.0262678 	0.813695 	-0.00850603 	
6.425	1.59824 	0.167888 	11.1538 	0.0255881 	0.78445 	-0.00884063 	
6.43	0.925214 	0.252008 	10.9316 	0.01898 	0.701217 	-0.00666142 	
6.435	1.30361 	0.178164 	11.0134 	0.0250533 	0.742072 	-0.00905089 	
6.44	3.01664 	-0.097312 	11.5499 	0.0456691 	0.952186 	-0.00815642 	
6.445	2.69162 	-0.0776882 	11.421 	0.0443415 	0.908324 	-0.00827119 	
6.45	2.70726 	-0.102004 	11.4071 	0.0462558 	0.907431 	-0.00827417 	
6.455	2.72667 	-0.124731 	11.3963 	0.0480398 	0.907314 	-0.00827845 	
6.46	2.73742 	-0.142278 	11.3859 	0.0494177 	0.906579 	-0.00827932 	
6.465	2.7473 	-0.157475 	11.3772 	0.0506107 	0.906024 	-0.00828089 	
6.47	2.75667 	-0.170793 	11.3699 	0.0516553 	0.905638 	-0.00828255 	
6.475	2.76589 	-0.182797 	11.3638 	0.0525979 	0.905437 	-0.00828056 	
6.48	1.82472 	-0.0679703 	11.0228 	0.0441866 	0.783749 	-0.00940857 	
6.485	1.27116 	0.0208392 	10.8715 	0.0372651 	0.719171 	-0.00768801 	
6.49	5.65139 	-1.04208 	12.1951 	0.122427 	1.24869 	-0.0136332 	
6.495	4.47378 	-0.740474 	11.8316 	0.0980248 	1.10526 	-0.0117083 	
6.5	3.40076 	-0.542664 	11.5243 	0.0825661 	0.978101 	-0.00956543 	
6.505	2.52855 	-0.32848 	11.2451 	0.0657492 	0.870722 	-0.0100226 	
6.51	3.15449 	-0.258603 	11.5612 	0.0592555 	0.962617 	-0.00757698 	
6.515	3.26712 	-0.376463 	11.4923 	0.0681789 	0.962155 	-0.00761198 	
6.52	3.15085 	-0.337501 	11.4651 	0.0651549 	0.949288 	-0.00782098 	
6.525	3.09849 	-0.324041 	11.4441 	0.06405 	0.94229 	-0.00789796 	
6.53	3.05578 	-0.312799 	11.4269 	0.0631245 	0.936557 	-0.0079635 	
6.535	3.01886 	-0.303114 	11.412 	0.0623275 	0.931603 	-0.00801938 	
6.54	2.84069 	-0.313102 	11.3711 	0.0631543 	0.911761 	-0.00629105 	
6.545	2.87364 	-0.300192 	11.3735 	0.0620488 	0.914731 	-0.00685404 	
6.55	2.83481 	-0.292471 	11.3612 	0.061343 	0.909805 	-0.00616404 	
6.555	2.84458 	-0.284704 	11.3604 	0.0607032 	0.910587 	-0.00666441 	
6.56	1.98368 	-0.0217654 	11.1647 	0.040385 	0.816048 	-0.00731182 	
6.565	2.09557 	-0.0390953 	11.2381 	0.0422496 	0.835208 	-0.00771001 	
6.57	2.15569 	0.0668482 	11.1441 	0.0341047 	0.825668 	-0.00635105 	
6.575	2.26717 	-0.008612 	11.1923 	0.0398136 	0.841517 	-0.00694828 	
6.58	2.33854 	-0.041031 	11.2091 	0.0422224 	0.849534 	-0.00710631 	
6.585	2.40708 	-0.0712925 	11.2261 	0.0445051 	0.857343 	-0.00731029 	
6.59	2.46471 	-0.0967669 	11.2403 	0.0464213 	0.863898 	-0.00747426 	
6.595	2.51326 	-0.118402 	11.2523 	0.0480486 	0.869416 	-0.00761402 	
6.6	2.55568 	-0.13706 	11.2628 	0.049452 	0.874242 	-0.00773339 	
6.605	2.59127 	-0.153014 	11.2714 	0.0506527 	0.878266 	-0.00783661 	
6.61	2.62197 	-0.166559 	11.279 	0.0516717 	0.881755 	-0.00792382 	
6.615	2.64803 	-0.178124 	11.2854 	0.052542 	0.884711 	-0.00799865 	
6.62	1.8805 	-0.0335089 	11.0958 	0.0424681 	0.799285 	-0.0114278 	
6.625	2.16883 	-0.0947789 	11.1669 	0.0467819 	0.831411 	-0.0102819 	
6.63	2.26189 	-0.116985 	11.1899 	0.0483771 	0.841811 	-0.0100145 	
6.635	2.34063 	-0.135809 	11.2093 	0.0497272 	0.850596 	-0.00978106 	
6.64	2.40848 	-0.151999 	11.2261 	0.0508889 	0.858168 	-0.00958297 	
6.645	2.46546 	-0.165685 	11.2401 	0.0518702 	0.864516 	-0.00941231 	
6.65	2.51186 	-0.176856 	11.2514 	0.0526687 	0.86967 	-0.00926608 	
6.655	2.55433 	-0.187026 	11.2618 	0.0533992 	0.874403 	-0.00914247 	
6.66	2.59057 	-0.195752 	11.2707 	0.0540267 	0.878433 	-0.00903854 	
6.665	2.62358 	-0.203552 	11.2789 	0.0545895 	0.882127 	-0.00895082 	
6.67	2.36392 	0.184034 	11.3837 	0.0249196 	0.880259 	-0.0125903 	
6.675	2.48428 	0.043138 	11.3552 	0.0356658 	0.884329 	-0.0112456 	
6.68	2.53116 	0.00086251 	11.3506 	0.0388739 	0.886959 	-0.0108345 	
6.685	2.70099 	-0.0542376 	11.3907 	0.0432132 	0.905851 	-0.0108163 	
6.69	2.36854 	-0.0127064 	11.2496 	0.0386766 	0.857644 	-0.00636415 	
6.695	2.19918 	0.0432469 	11.2533 	0.0347445 	0.844855 	-0.00672556 	
6.7	2.18021 	0.0110648 	11.1879 	0.0369054 	0.83311 	-0.0024386 	
6.705	2.15301 	-0.0102461 	11.1202 	0.0381248 	0.820537 	0.00189919 	
6.71	2.96378 	-0.305251 	11.2017 	0.0604669 	0.896296 	-0.00111418 	
6.715	2.82055 	-0.252021 	11.2137 	0.0567604 	0.88693 	-0.00213464 	
6.72	2.81341 	-0.249607 	11.2291 	0.0567872 	0.888701 	-0.00308764 	
6.725	2.47854 	-0.121846 	11.2087 	0.047317 	0.85916 	-0.00409405 	
6.73	2.25684 	-0.0366762 	11.1978 	0.0410491 	0.840003 	-0.00491707 	
6.735	2.31862 	-0.0527788 	11.1846 	0.0422393 	0.842971 	-0.00318851 	
6.74	2.40889 	-0.0899605 	11.2124 	0.045217 	0.854267 	-0.00444186 	
6.745	2.1166 	-0.00808976 	11.1799 	0.0392114 	0.826746 	-0.0050647 	
6.75	2.45306 	-0.105416 	11.23 	0.0465575 	0.860571 	-0.00583066 	
6.755	2.63638 	-0.158295 	11.2563 	0.05056 	0.878825 	-0.00660421 	
6.76	2.79346 	-0.203954 	11.2807 	0.0540214 	0.894774 	-0.00716369 	
6.765	2.76027 	-0.201568 	11.2827 	0.0539473 	0.892518 	-0.00733657 	
6.77	2.76523 	-0.207785 	11.288 	0.0544867 	0.893726 	-0.00754223 	
6.775	2.76935 	-0.213059 	11.2925 	0.0549447 	0.894744 	-0.0077187 	
6.78	2.7731 	-0.217652 	11.2964 	0.0553424 	0.895636 	-0.00786781 	
6.785	2.77603 	-0.221484 	11.2997 	0.0556755 	0.896364 	-0.00799714 	
6.79	2.77857 	-0.224776 	11.3025 	0.0559616 	0.896986 	-0.00810738 	
6.795	2.78061 	-0.22755 	11.3048 	0.0562034 	0.8975 	-0.0082018 	
6.8	2.31251 	-0.161892 	11.0946 	0.051028 	0.82936 	-0.00703116 	
6.805	2.35324 	-0.162657 	11.1474 	0.0503513 	0.840435 	-0.00673684 	
6.81	2.01788 	-0.200749 	10.9625 	0.0532766 	0.786089 	-0.00404917 	
6.815	1.99133 	-0.146635 	11.0374 	0.0495843 	0.794927 	-0.00532316 	
6.82	1.95446 	-0.122817 	11.065 	0.0480449 	0.796019 	-0.00586598 	
6.825	2.78124 	-0.320899 	11.1472 	0.0623858 	0.87479 	-0.00677558 	
6.83	2.5938 	-0.270227 	11.1498 	0.0588779 	0.860035 	-0.00671189 	
6.835	2.70544 	-0.283827 	11.183 	0.0599376 	0.873921 	-0.00710173 	
6.84	2.06729 	-0.213503 	10.9989 	0.0545802 	0.796865 	-0.0053364 	
6.845	2.78835 	-0.223653 	11.2379 	0.0549964 	0.888868 	-0.00749613 	
6.85	2.6943 	-0.228041 	11.2201 	0.0555758 	0.878763 	-0.00742944 	
6.855	2.25052 	-0.270764 	11.0576 	0.0592919 	0.81996 	-0.00612436 	
6.86	2.64524 	-0.362219 	11.1357 	0.0661892 	0.862446 	-0.00673244 	
6.865	2.62121 	-0.324401 	11.161 	0.0633796 	0.864244 	-0.00703012 	
6.87	2.36902 	-0.341164 	11.0781 	0.0650476 	0.832155 	-0.00652644 	
6.875	2.48461 	-0.321285 	11.1338 	0.0634545 	0.849424 	-0.00698468 	
6.88	2.52881 	-0.309966 	11.1604 	0.0625994 	0.856783 	-0.00723275 	
6.885	2.46967 	-0.330912 	11.119 	0.0643276 	0.845336 	-0.00772669 	
6.89	2.19738 	-0.365614 	10.9279 	0.065597 	0.794341 	-0.00234356 	
6.895	2.26523 	-0.320559 	11.0229 	0.0627081 	0.814081 	-0.00427226 	
6.9	2.38057 	-0.294695 	11.0636 	0.0607411 	0.829499 	-0.00578783 	
6.905	2.49496 	-0.301991 	11.1079 	0.0613429 	0.845366 	-0.00609823 	
6.91	2.52037 	-0.292026 	11.1353 	0.0606869 	0.851485 	-0.00639895 	
6.915	2.24522 	-0.482185 	11.2196 	0.0770821 	0.841908 	0.0023923 	
6.92	2.38637 	-0.408261 	11.222 	0.0708939 	0.853632 	-0.00102232 	
6.925	2.44462 	-0.384275 	11.2355 	0.0689557 	0.86033 	-0.00213053 	
6.93	2.49441 	-0.367496 	11.2469 	0.0676041 	0.865995 	-0.0030338 	
6.935	2.53675 	-0.348709 	11.2568 	0.0660858 	0.870878 	-0.00385834 	
6.94	2.57285 	-0.33339 	11.2652 	0.0648482 	0.875028 	-0.00455345 	
