0	-0.0104961 	-0.000607109 	-1.74306 	0.26553 	0.164412 	-0.206081 	
0.005	-0.0105905 	-0.000580041 	-1.74311 	0.265534 	0.164411 	-0.206829 	
0.01	-0.0104538 	-0.00065755 	-1.74308 	0.265638 	0.164694 	-0.207573 	
0.015	-0.010465 	-0.000673202 	-1.74304 	0.265602 	0.164614 	-0.206783 	
0.02	-0.0104346 	-0.000732962 	-1.74305 	0.26567 	0.164841 	-0.206119 	
0.025	-0.0103704 	-0.000830037 	-1.74308 	0.26582 	0.165314 	-0.205554 	
0.03	-0.0104229 	-0.000835631 	-1.74296 	0.265687 	0.164898 	-0.206104 	
0.035	-0.010425 	-0.000893222 	-1.74289 	0.265676 	0.164857 	-0.206511 	
0.04	-0.0103866 	-0.000994325 	-1.74286 	0.265764 	0.165116 	-0.206805 	
0.045	-0.0103158 	-0.0011322 	-1.74286 	0.265931 	0.165613 	-0.207006 	
0.05	-0.0103591 	-0.00118476 	-1.74271 	0.265811 	0.165269 	-0.206322 	
0.055	-0.0103534 	-0.00128763 	-1.74262 	0.265811 	0.165284 	-0.205743 	
0.06	-0.0103085 	-0.00143265 	-1.74255 	0.265907 	0.165588 	-0.205247 	
0.065	-0.0102322 	-0.00161337 	-1.74252 	0.266081 	0.166122 	-0.204818 	
0.07	-0.0102643 	-0.00171044 	-1.74235 	0.265988 	0.165836 	-0.205492 	
0.075	-0.0102493 	-0.00185661 	-1.74222 	0.26601 	0.165899 	-0.205999 	
0.08	-0.0101967 	-0.00204399 	-1.74212 	0.266124 	0.166241 	-0.206372 	
0.085	-0.0101138 	-0.00226629 	-1.74205 	0.266312 	0.166806 	-0.206639 	
0.09	-0.0101367 	-0.00240996 	-1.74185 	0.266233 	0.16659 	-0.205578 	
0.095	-0.010114 	-0.00260108 	-1.7417 	0.266266 	0.166708 	-0.204697 	
0.1	-0.0100549 	-0.00283207 	-1.74157 	0.266389 	0.167094 	-0.203961 	
0.105	-0.0100353 	-0.0030381 	-1.74139 	0.266416 	0.167178 	-0.204526 	
0.11	-0.00997841 	-0.00328486 	-1.74124 	0.266533 	0.167536 	-0.204946 	
0.115	-0.00989169 	-0.00356615 	-1.74112 	0.266722 	0.168114 	-0.205251 	
0.12	-0.00978101 	-0.00387705 	-1.74101 	0.26697 	0.168867 	-0.205463 	
0.125	-0.00982575 	-0.00406627 	-1.74071 	0.266831 	0.168468 	-0.20442 	
0.13	-0.00982006 	-0.00430721 	-1.74047 	0.266816 	0.168439 	-0.203553 	
0.135	-0.00977402 	-0.00459139 	-1.74026 	0.266899 	0.168707 	-0.202829 	
0.14	-0.00969562 	-0.00491209 	-1.74007 	0.267063 	0.169212 	-0.202219 	
0.145	-0.00964319 	-0.00522045 	-1.73985 	0.267159 	0.169525 	-0.202983 	
0.15	-0.00955955 	-0.00556432 	-1.73966 	0.267333 	0.170065 	-0.203564 	
0.155	-0.00945088 	-0.00593855 	-1.73948 	0.267568 	0.170788 	-0.203997 	
0.16	-0.00944554 	-0.00623413 	-1.73917 	0.267546 	0.170742 	-0.202952 	
0.165	-0.00939937 	-0.0065734 	-1.7389 	0.267624 	0.170996 	-0.202084 	
0.17	-0.00932052 	-0.00694951 	-1.73866 	0.267783 	0.171489 	-0.201359 	
0.175	-0.00921546 	-0.00735704 	-1.73844 	0.268005 	0.172173 	-0.200748 	
0.18	-0.00918703 	-0.00771052 	-1.73812 	0.268033 	0.1723 	-0.201311 	
0.185	-0.00912219 	-0.00810364 	-1.73783 	0.26815 	0.172692 	-0.201731 	
0.19	-0.00902819 	-0.00853039 	-1.73757 	0.26834 	0.173295 	-0.202036 	
0.195	-0.00897716 	-0.00892873 	-1.73725 	0.268425 	0.173572 	-0.201035 	
0.2	-0.0088941 	-0.00936334 	-1.73695 	0.268588 	0.174083 	-0.200204 	
0.205	-0.00878538 	-0.00982887 	-1.73667 	0.268815 	0.174782 	-0.199508 	
0.21	-0.0086561 	-0.0103211 	-1.73641 	0.269092 	0.175629 	-0.19892 	
0.215	-0.00864564 	-0.0107244 	-1.73601 	0.269065 	0.17562 	-0.19928 	
0.22	-0.00859486 	-0.0111704 	-1.73564 	0.269139 	0.175901 	-0.199536 	
0.225	-0.00851182 	-0.0116524 	-1.73529 	0.269293 	0.176415 	-0.199711 	
0.23	-0.00840294 	-0.0121651 	-1.73497 	0.269513 	0.177115 	-0.19982 	
0.235	-0.00832509 	-0.0126592 	-1.7346 	0.269657 	0.177578 	-0.198486 	
0.24	-0.00822029 	-0.0131853 	-1.73425 	0.269867 	0.178236 	-0.197389 	
0.245	-0.00809392 	-0.0137388 	-1.73391 	0.270131 	0.17905 	-0.19648 	
0.25	-0.00804214 	-0.0142414 	-1.73349 	0.270199 	0.179339 	-0.196781 	
0.255	-0.00795811 	-0.0147796 	-1.73309 	0.270349 	0.179858 	-0.19699 	
0.26	-0.00784829 	-0.0153483 	-1.73271 	0.270564 	0.180561 	-0.197128 	
0.265	-0.00771781 	-0.0159431 	-1.73234 	0.270832 	0.18141 	-0.197207 	
0.27	-0.00765743 	-0.0164872 	-1.73188 	0.270923 	0.181746 	-0.195836 	
0.275	-0.00756646 	-0.0170658 	-1.73145 	0.27109 	0.182302 	-0.194708 	
0.28	-0.00745102 	-0.017674 	-1.73104 	0.27132 	0.183033 	-0.193776 	
0.285	-0.00731601 	-0.0183076 	-1.73063 	0.271599 	0.183903 	-0.193 	
0.29	-0.00724862 	-0.018898 	-1.73015 	0.271694 	0.184316 	-0.193516 	
0.295	-0.00715202 	-0.019521 	-1.72969 	0.271865 	0.184932 	-0.193899 	
0.3	-0.00703206 	-0.0201717 	-1.72925 	0.272098 	0.18571 	-0.194175 	
0.305	-0.00693634 	-0.020809 	-1.72876 	0.272271 	0.186301 	-0.192854 	
0.31	-0.00681709 	-0.0214747 	-1.7283 	0.272505 	0.187058 	-0.191766 	
0.315	-0.00667902 	-0.0221649 	-1.72784 	0.272787 	0.187948 	-0.190866 	
0.32	-0.00652591 	-0.0228766 	-1.72739 	0.273108 	0.188944 	-0.190115 	
0.325	-0.00636077 	-0.0236072 	-1.72694 	0.273459 	0.190023 	-0.189485 	
0.33	-0.00634383 	-0.0242316 	-1.72633 	0.273408 	0.190109 	-0.189881 	
0.335	-0.0062876 	-0.0248957 	-1.72576 	0.273462 	0.19046 	-0.190167 	
0.34	-0.00620002 	-0.0255933 	-1.72521 	0.273599 	0.191023 	-0.190366 	
0.345	-0.00604121 	-0.0263544 	-1.72472 	0.273931 	0.192061 	-0.188988 	
0.35	-0.00587163 	-0.0271332 	-1.72422 	0.274291 	0.193172 	-0.187855 	
0.355	-0.00569344 	-0.0279278 	-1.72373 	0.274674 	0.194342 	-0.186918 	
0.36	-0.00550839 	-0.0287369 	-1.72323 	0.275074 	0.195559 	-0.186139 	
0.365	-0.00549714 	-0.0294211 	-1.72256 	0.274997 	0.195629 	-0.186306 	
0.37	-0.00544564 	-0.0301449 	-1.72193 	0.275029 	0.195966 	-0.18641 	
0.375	-0.00536203 	-0.030902 	-1.72131 	0.275149 	0.196515 	-0.186463 	
0.38	-0.00518216 	-0.0317442 	-1.72077 	0.27553 	0.197712 	-0.185186 	
0.385	-0.00499597 	-0.0325996 	-1.72023 	0.275928 	0.198949 	-0.184135 	
0.39	-0.00480476 	-0.0334673 	-1.71968 	0.276341 	0.200216 	-0.183263 	
0.395	-0.00460958 	-0.0343466 	-1.71913 	0.276765 	0.201508 	-0.182536 	
0.4	-0.00441129 	-0.0352367 	-1.71857 	0.277198 	0.202818 	-0.181923 	
0.405	-0.00445458 	-0.0359532 	-1.71779 	0.276954 	0.202576 	-0.181868 	
0.41	-0.00444701 	-0.0367159 	-1.71704 	0.276853 	0.202659 	-0.181794 	
0.415	-0.0043989 	-0.0375172 	-1.71632 	0.276866 	0.203002 	-0.181704 	
0.42	-0.00415588 	-0.0384803 	-1.71577 	0.277414 	0.204635 	-0.180461 	
0.425	-0.00391962 	-0.0394458 	-1.7152 	0.277946 	0.206216 	-0.179436 	
0.43	-0.0036888 	-0.0404146 	-1.71461 	0.278465 	0.207754 	-0.178586 	
0.435	-0.00346243 	-0.0413879 	-1.71401 	0.278974 	0.209259 	-0.177875 	
0.44	-0.00350402 	-0.0421691 	-1.71318 	0.278722 	0.209072 	-0.177593 	
0.445	-0.00349556 	-0.0429948 	-1.71238 	0.278614 	0.209197 	-0.177338 	
0.45	-0.00344722 	-0.0438576 	-1.7116 	0.278621 	0.209569 	-0.177104 	
0.455	-0.00319633 	-0.0448898 	-1.71099 	0.279185 	0.211276 	-0.175959 	
0.46	-0.00295431 	-0.0459214 	-1.71036 	0.27973 	0.212913 	-0.175013 	
0.465	-0.00271944 	-0.0469542 	-1.70971 	0.280258 	0.214493 	-0.174225 	
0.47	-0.0024904 	-0.0479893 	-1.70905 	0.280774 	0.216026 	-0.173565 	
0.475	-0.00252486 	-0.04884 	-1.70817 	0.280528 	0.215942 	-0.173037 	
0.48	-0.0025113 	-0.0497318 	-1.70732 	0.280423 	0.216145 	-0.172585 	
0.485	-0.0024595 	-0.0506582 	-1.70648 	0.280433 	0.216576 	-0.172193 	
0.49	-0.00220413 	-0.0517552 	-1.70581 	0.281007 	0.218336 	-0.171144 	
0.495	-0.00195921 	-0.0528492 	-1.70512 	0.281559 	0.220011 	-0.170275 	
0.5	-0.00172271 	-0.0539423 	-1.70442 	0.282093 	0.221617 	-0.169548 	
0.505	-0.00149307 	-0.0550362 	-1.70369 	0.282612 	0.223167 	-0.168936 	
0.51	-0.00152026 	-0.0559564 	-1.70276 	0.28237 	0.223198 	-0.168174 	
0.515	-0.00150161 	-0.0569143 	-1.70186 	0.282269 	0.223487 	-0.167534 	
0.52	-0.0014465 	-0.0579035 	-1.70098 	0.28228 	0.223984 	-0.166991 	
0.525	-0.00136235 	-0.0589194 	-1.7001 	0.282381 	0.224645 	-0.166527 	
0.53	-0.001051 	-0.0601322 	-1.69941 	0.283106 	0.226811 	-0.165356 	
0.535	-0.00076223 	-0.0613306 	-1.69869 	0.283777 	0.228806 	-0.164388 	
0.54	-0.000491582 	-0.0625188 	-1.69793 	0.284406 	0.230662 	-0.163583 	
0.545	-0.000495159 	-0.0635108 	-1.69697 	0.284235 	0.230859 	-0.162893 	
0.55	-0.000458512 	-0.0645358 	-1.69602 	0.284189 	0.231277 	-0.162311 	
0.555	-0.000389902 	-0.0655885 	-1.69509 	0.284245 	0.231871 	-0.161815 	
0.56	-0.000295857 	-0.0666648 	-1.69417 	0.284381 	0.232605 	-0.161387 	
0.565	-1.36667e-05 	-0.0679249 	-1.6934 	0.285002 	0.234682 	-0.160026 	
0.57	0.000250807 	-0.0691705 	-1.6926 	0.285589 	0.2366 	-0.158906 	
0.575	0.000501031 	-0.0704058 	-1.69177 	0.286151 	0.238389 	-0.157979 	
0.58	0.000739669 	-0.071634 	-1.69092 	0.286691 	0.240076 	-0.157207 	
0.585	0.000687645 	-0.0726515 	-1.68987 	0.286377 	0.240022 	-0.156576 	
0.59	0.000684465 	-0.0737074 	-1.68883 	0.286217 	0.240233 	-0.156041 	
0.595	0.00072012 	-0.074795 	-1.68781 	0.28618 	0.240656 	-0.155583 	
0.6	0.00100398 	-0.0761103 	-1.68698 	0.286815 	0.242757 	-0.154338 	
0.605	0.00126871 	-0.077409 	-1.68611 	0.287413 	0.244689 	-0.153311 	
0.61	0.00151807 	-0.0786955 	-1.68523 	0.287982 	0.246484 	-0.152459 	
0.615	0.00175492 	-0.0799735 	-1.68432 	0.288528 	0.24817 	-0.151746 	
0.62	0.00171163 	-0.0810632 	-1.68322 	0.288215 	0.248285 	-0.150854 	
0.625	0.0017143 	-0.0821853 	-1.68214 	0.288055 	0.248625 	-0.15011 	
0.63	0.00175349 	-0.0833345 	-1.68108 	0.288018 	0.249146 	-0.149484 	
0.635	0.00202886 	-0.0846942 	-1.68018 	0.28864 	0.251206 	-0.148367 	
0.64	0.00228564 	-0.0860366 	-1.67925 	0.289227 	0.253099 	-0.147443 	
0.645	0.00252744 	-0.0873664 	-1.67829 	0.289787 	0.254858 	-0.146672 	
0.65	0.00275703 	-0.0886871 	-1.67732 	0.290324 	0.256508 	-0.146024 	
0.655	0.00272165 	-0.089848 	-1.67619 	0.29001 	0.256795 	-0.144887 	
0.66	0.00272939 	-0.091035 	-1.67507 	0.289848 	0.257267 	-0.143946 	
0.665	0.00277138 	-0.0922441 	-1.67396 	0.289809 	0.257887 	-0.143162 	
0.67	0.00284058 	-0.093472 	-1.67286 	0.289867 	0.258624 	-0.142505 	
0.675	0.00316837 	-0.0949383 	-1.67192 	0.290642 	0.261067 	-0.141338 	
0.68	0.00346558 	-0.0963752 	-1.67095 	0.291351 	0.263259 	-0.140374 	
0.685	0.00373823 	-0.0977893 	-1.66995 	0.292007 	0.26525 	-0.139571 	
0.69	0.0037177 	-0.0990013 	-1.66878 	0.291756 	0.265622 	-0.138559 	
0.695	0.00373599 	-0.100237 	-1.66761 	0.291644 	0.266155 	-0.137718 	
0.7	0.00378508 	-0.101492 	-1.66645 	0.291643 	0.266818 	-0.137014 	
0.705	0.0038586 	-0.102763 	-1.6653 	0.291731 	0.267583 	-0.136421 	
0.71	0.00415227 	-0.104275 	-1.6643 	0.292377 	0.269974 	-0.135023 	
0.715	0.00442078 	-0.105755 	-1.66326 	0.292982 	0.272118 	-0.133874 	
0.72	0.00466905 	-0.107211 	-1.66219 	0.293554 	0.274063 	-0.132924 	
0.725	0.0046681 	-0.108475 	-1.66098 	0.293381 	0.274546 	-0.132029 	
0.73	0.00470064 	-0.109759 	-1.65977 	0.293331 	0.275162 	-0.131283 	
0.735	0.00475969 	-0.111059 	-1.65857 	0.29338 	0.275884 	-0.130655 	
0.74	0.00497591 	-0.112545 	-1.65747 	0.29381 	0.277825 	-0.129363 	
0.745	0.00518125 	-0.114011 	-1.65635 	0.294242 	0.279603 	-0.128298 	
0.75	0.00537776 	-0.115459 	-1.65521 	0.294676 	0.28125 	-0.127416 	
0.755	0.00556697 	-0.116896 	-1.65405 	0.29511 	0.282791 	-0.126678 	
0.76	0.00575015 	-0.118323 	-1.65287 	0.295545 	0.284247 	-0.126058 	
0.765	0.0057129 	-0.119658 	-1.65161 	0.295186 	0.284836 	-0.124615 	
0.77	0.00571469 	-0.121005 	-1.65035 	0.294987 	0.285529 	-0.12343 	
0.775	0.00574747 	-0.122363 	-1.64909 	0.294915 	0.286304 	-0.122452 	
0.78	0.00580483 	-0.12373 	-1.64784 	0.294944 	0.287143 	-0.121639 	
0.785	0.00610474 	-0.125323 	-1.6467 	0.295673 	0.289525 	-0.120591 	
0.79	0.00637506 	-0.126881 	-1.64554 	0.296343 	0.291647 	-0.119721 	
0.795	0.00662158 	-0.128411 	-1.64435 	0.296965 	0.29356 	-0.118995 	
0.8	0.00659027 	-0.129775 	-1.64304 	0.296657 	0.294149 	-0.117718 	
0.805	0.00659529 	-0.131151 	-1.64174 	0.296497 	0.294834 	-0.116665 	
0.81	0.00662911 	-0.132537 	-1.64043 	0.296456 	0.295596 	-0.115793 	
0.815	0.00668575 	-0.133932 	-1.63912 	0.29651 	0.296418 	-0.115065 	
0.82	0.00694912 	-0.135569 	-1.63793 	0.297091 	0.298786 	-0.113757 	
0.825	0.0071886 	-0.137166 	-1.63671 	0.297643 	0.300889 	-0.112681 	
0.83	0.00740887 	-0.138733 	-1.63547 	0.298169 	0.302779 	-0.111789 	
0.835	0.00739221 	-0.14013 	-1.63412 	0.29794 	0.303414 	-0.110674 	
0.84	0.00740738 	-0.141536 	-1.63277 	0.297843 	0.30413 	-0.109752 	
0.845	0.00744773 	-0.142951 	-1.63142 	0.297851 	0.304908 	-0.108985 	
0.85	0.00750802 	-0.144373 	-1.63007 	0.297943 	0.305735 	-0.108341 	
0.855	0.0077352 	-0.14605 	-1.62882 	0.298381 	0.308089 	-0.106798 	
0.86	0.0079441 	-0.147684 	-1.62755 	0.298816 	0.310173 	-0.105533 	
0.865	0.0081383 	-0.149283 	-1.62625 	0.29925 	0.312041 	-0.104491 	
0.87	0.00832048 	-0.150856 	-1.62493 	0.299681 	0.313734 	-0.103628 	
0.875	0.00824909 	-0.15224 	-1.62352 	0.299302 	0.314079 	-0.102568 	
0.88	0.00821873 	-0.15364 	-1.6221 	0.299084 	0.314554 	-0.101691 	
0.885	0.00822093 	-0.155053 	-1.62069 	0.298995 	0.315131 	-0.100959 	
0.89	0.0084376 	-0.156738 	-1.61939 	0.299445 	0.317367 	-0.0996027 	
0.895	0.00863653 	-0.158381 	-1.61806 	0.299889 	0.319349 	-0.0984876 	
0.9	0.00882118 	-0.159991 	-1.61671 	0.300329 	0.321128 	-0.097566 	
0.905	0.00899414 	-0.161575 	-1.61534 	0.300765 	0.322742 	-0.0967989 	
0.91	0.00891991 	-0.163022 	-1.6139 	0.300334 	0.323293 	-0.095478 	
0.915	0.00888565 	-0.164475 	-1.61246 	0.300073 	0.323925 	-0.0943921 	
0.92	0.0088831 	-0.165934 	-1.61102 	0.299948 	0.324619 	-0.0934943 	
0.925	0.00908243 	-0.167615 	-1.60965 	0.30039 	0.326692 	-0.0923216 	
0.93	0.00926594 	-0.169258 	-1.60827 	0.300828 	0.328536 	-0.0913543 	
0.935	0.00943667 	-0.17087 	-1.60687 	0.301261 	0.330196 	-0.0905513 	
0.94	0.00959694 	-0.172458 	-1.60545 	0.301691 	0.331708 	-0.0898798 	
0.945	0.00951804 	-0.173962 	-1.60399 	0.301206 	0.332447 	-0.0883248 	
0.95	0.00947841 	-0.175463 	-1.60252 	0.3009 	0.333222 	-0.0870522 	
0.955	0.00946998 	-0.176963 	-1.60105 	0.300739 	0.334023 	-0.0860057 	
0.96	0.00948628 	-0.17846 	-1.59958 	0.300694 	0.334844 	-0.0851402 	
0.965	0.00971975 	-0.180202 	-1.59818 	0.301263 	0.337149 	-0.0840288 	
0.97	0.00992874 	-0.181896 	-1.59675 	0.301801 	0.339169 	-0.0831112 	
0.975	0.010118 	-0.18355 	-1.59531 	0.302314 	0.340961 	-0.0823487 	
0.98	0.0100457 	-0.185055 	-1.59381 	0.301899 	0.341645 	-0.0809956 	
0.985	0.0100098 	-0.186558 	-1.59231 	0.301649 	0.342366 	-0.0798852 	
0.99	0.0100028 	-0.188059 	-1.59081 	0.301532 	0.343117 	-0.078969 	
0.995	0.0100187 	-0.18956 	-1.5893 	0.301521 	0.343892 	-0.0782082 	
1	0.0102093 	-0.191332 	-1.58786 	0.301912 	0.346196 	-0.0768459 	
1.005	0.0103824 	-0.193051 	-1.5864 	0.302307 	0.348209 	-0.0757282 	
1.01	0.0105414 	-0.194726 	-1.58492 	0.302705 	0.349987 	-0.0748065 	
1.015	0.010689 	-0.196366 	-1.58343 	0.303105 	0.351577 	-0.0740414 	
1.02	0.0105549 	-0.197835 	-1.58189 	0.302507 	0.351951 	-0.0726925 	
1.025	0.0104679 	-0.199309 	-1.58034 	0.302111 	0.352417 	-0.0715864 	
1.03	0.0104185 	-0.200788 	-1.5788 	0.301875 	0.352955 	-0.0706746 	
1.035	0.0105983 	-0.202543 	-1.57731 	0.302288 	0.355097 	-0.0695107 	
1.04	0.0107614 	-0.204246 	-1.57581 	0.302699 	0.356972 	-0.0685525 	
1.045	0.010911 	-0.205909 	-1.5743 	0.303109 	0.358633 	-0.0677591 	
1.05	0.0108459 	-0.207451 	-1.57275 	0.302741 	0.359423 	-0.066466 	
1.055	0.0108128 	-0.208983 	-1.5712 	0.302529 	0.360214 	-0.065405 	
1.06	0.0108051 	-0.210509 	-1.56964 	0.302439 	0.361005 	-0.0645299 	
1.065	0.0108176 	-0.212028 	-1.56809 	0.302449 	0.361796 	-0.0638036 	
1.07	0.0109431 	-0.213796 	-1.56657 	0.302642 	0.363887 	-0.0623901 	
1.075	0.0110614 	-0.215511 	-1.56504 	0.302878 	0.365713 	-0.0612332 	
1.08	0.0111737 	-0.217181 	-1.56349 	0.303146 	0.367328 	-0.0602817 	
1.085	0.0112812 	-0.218817 	-1.56194 	0.303441 	0.368772 	-0.0594945 	
1.09	0.011168 	-0.220319 	-1.56036 	0.302939 	0.3693 	-0.0582392 	
1.095	0.0110949 	-0.221818 	-1.55878 	0.302618 	0.369875 	-0.0572095 	
1.1	0.0110538 	-0.223315 	-1.55721 	0.302441 	0.370485 	-0.0563605 	
1.105	0.011038 	-0.22481 	-1.55562 	0.302379 	0.371123 	-0.0556561 	
1.11	0.0111955 	-0.226637 	-1.55408 	0.302676 	0.373498 	-0.0542254 	
1.115	0.0113377 	-0.228396 	-1.55253 	0.302993 	0.375544 	-0.0530558 	
1.12	0.0114677 	-0.230101 	-1.55096 	0.303325 	0.377325 	-0.0520952 	
1.125	0.0113632 	-0.231579 	-1.54937 	0.302905 	0.377771 	-0.0510428 	
1.13	0.0112959 	-0.233057 	-1.54777 	0.302647 	0.378272 	-0.0501763 	
1.135	0.011258 	-0.234535 	-1.54618 	0.302521 	0.378817 	-0.0494588 	
1.14	0.0113414 	-0.236272 	-1.54461 	0.30262 	0.380685 	-0.0481395 	
1.145	0.0114233 	-0.237957 	-1.54303 	0.302779 	0.38232 	-0.0470598 	
1.15	0.0115042 	-0.2396 	-1.54144 	0.302985 	0.383767 	-0.0461721 	
1.155	0.011584 	-0.241208 	-1.53985 	0.303228 	0.385063 	-0.0454378 	
1.16	0.0114703 	-0.242735 	-1.53825 	0.302718 	0.385744 	-0.0441385 	
1.165	0.0113944 	-0.24425 	-1.53665 	0.302388 	0.386426 	-0.0430756 	
1.17	0.0113485 	-0.245754 	-1.53505 	0.302203 	0.387108 	-0.0422019 	
1.175	0.0113266 	-0.247249 	-1.53346 	0.302133 	0.38779 	-0.0414797 	
1.18	0.0114276 	-0.24901 	-1.53187 	0.302301 	0.389809 	-0.0401874 	
1.185	0.0115224 	-0.250711 	-1.53027 	0.302513 	0.391557 	-0.0391305 	
1.19	0.0116123 	-0.252362 	-1.52867 	0.302761 	0.393087 	-0.0382621 	
1.195	0.0116981 	-0.253973 	-1.52707 	0.303037 	0.394442 	-0.0375444 	
1.2	0.011525 	-0.25543 	-1.52547 	0.302349 	0.394788 	-0.0362754 	
1.205	0.0114005 	-0.256883 	-1.52386 	0.301876 	0.395196 	-0.0352379 	
1.21	0.0113147 	-0.258334 	-1.52226 	0.301575 	0.395651 	-0.0343858 	
1.215	0.011413 	-0.260046 	-1.52066 	0.301795 	0.397492 	-0.0333035 	
1.22	0.0115046 	-0.261704 	-1.51906 	0.302048 	0.399091 	-0.0324157 	
1.225	0.0115911 	-0.263316 	-1.51745 	0.302328 	0.400496 	-0.0316835 	
1.23	0.0114776 	-0.264817 	-1.51585 	0.301848 	0.401171 	-0.0304865 	
1.235	0.0113999 	-0.266303 	-1.51425 	0.301542 	0.401837 	-0.0295074 	
1.24	0.0113506 	-0.267775 	-1.51265 	0.301373 	0.402494 	-0.0287029 	
1.245	0.0113239 	-0.269236 	-1.51105 	0.301316 	0.403143 	-0.028038 	
1.25	0.0113663 	-0.270938 	-1.50945 	0.301303 	0.404921 	-0.0267462 	
1.255	0.0114125 	-0.272582 	-1.50784 	0.30137 	0.406463 	-0.0256919 	
1.26	0.0114616 	-0.274178 	-1.50624 	0.301501 	0.407818 	-0.0248276 	
1.265	0.0115131 	-0.275735 	-1.50464 	0.301681 	0.409021 	-0.0241155 	
1.27	0.01136 	-0.277167 	-1.50305 	0.30109 	0.409439 	-0.0229795 	
1.275	0.0112497 	-0.27859 	-1.50146 	0.300694 	0.409893 	-0.0220506 	
1.28	0.0111736 	-0.280006 	-1.49987 	0.300453 	0.410374 	-0.0212873 	
1.285	0.0111246 	-0.281415 	-1.49829 	0.300337 	0.410877 	-0.0206567 	
1.29	0.0111933 	-0.283139 	-1.49668 	0.300413 	0.412866 	-0.0193761 	
1.295	0.0112596 	-0.284794 	-1.49508 	0.300551 	0.414572 	-0.0183319 	
1.3	0.011324 	-0.286393 	-1.49349 	0.300736 	0.416051 	-0.017477 	
1.305	0.0113868 	-0.287945 	-1.49189 	0.30096 	0.417348 	-0.0167735 	
1.31	0.0111754 	-0.28927 	-1.49033 	0.3002 	0.417365 	-0.0157164 	
1.315	0.0110179 	-0.2906 	-1.48876 	0.299668 	0.417492 	-0.0148517 	
1.32	0.0109033 	-0.291934 	-1.4872 	0.299318 	0.417708 	-0.0141411 	
1.325	0.0109747 	-0.293592 	-1.48561 	0.299464 	0.419514 	-0.0130712 	
1.33	0.0110426 	-0.295187 	-1.48402 	0.299657 	0.421069 	-0.0121967 	
1.335	0.0111078 	-0.296731 	-1.48244 	0.299886 	0.422423 	-0.0114785 	
1.34	0.010961 	-0.298106 	-1.48088 	0.299339 	0.422835 	-0.0104522 	
1.345	0.0108545 	-0.299471 	-1.47933 	0.298977 	0.423275 	-0.00961308 	
1.35	0.0107803 	-0.300827 	-1.47779 	0.298763 	0.423737 	-0.00892369 	
1.355	0.0107317 	-0.302175 	-1.47624 	0.298667 	0.424215 	-0.00835421 	
1.36	0.0107451 	-0.303795 	-1.47467 	0.298577 	0.425902 	-0.00712326 	
1.365	0.0107662 	-0.305352 	-1.4731 	0.29858 	0.427358 	-0.00612084 	
1.37	0.0107935 	-0.306858 	-1.47154 	0.298657 	0.42863 	-0.00530142 	
1.375	0.0108258 	-0.308321 	-1.46999 	0.298794 	0.429753 	-0.00462841 	
1.38	0.0106424 	-0.309597 	-1.46848 	0.298148 	0.429866 	-0.00369633 	
1.385	0.0105064 	-0.310873 	-1.46697 	0.297707 	0.430063 	-0.00293365 	
1.39	0.0104082 	-0.312149 	-1.46546 	0.297428 	0.430326 	-0.00230659 	
1.395	0.0103401 	-0.313423 	-1.46396 	0.297281 	0.430642 	-0.00178812 	
1.4	0.0103839 	-0.315058 	-1.4624 	0.297285 	0.432574 	-0.000551785 	
1.405	0.0104289 	-0.316619 	-1.46086 	0.297363 	0.434222 	0.000453837 	
1.41	0.0104751 	-0.318118 	-1.45932 	0.2975 	0.435643 	0.00127469 	
1.415	0.0103137 	-0.31933 	-1.45785 	0.296976 	0.435681 	0.002016 	
1.42	0.010195 	-0.320546 	-1.45638 	0.296631 	0.435816 	0.00262514 	
1.425	0.0101105 	-0.321765 	-1.45491 	0.296429 	0.436026 	0.00312851 	
1.43	0.0100994 	-0.323259 	-1.4534 	0.296298 	0.437442 	0.00420507 	
1.435	0.0101006 	-0.324697 	-1.4519 	0.296267 	0.438676 	0.00508208 	
1.44	0.0101116 	-0.32609 	-1.45041 	0.296317 	0.439763 	0.00579931 	
1.445	0.0101304 	-0.327446 	-1.44893 	0.296431 	0.440734 	0.00638871 	
1.45	0.0101556 	-0.32877 	-1.44747 	0.296596 	0.441611 	0.00687584 	
1.455	0.00991517 	-0.329963 	-1.44604 	0.295689 	0.441672 	0.00797832 	
1.46	0.00973319 	-0.331154 	-1.44462 	0.295037 	0.441822 	0.00887531 	
1.465	0.00959794 	-0.332342 	-1.4432 	0.294589 	0.442042 	0.00960776 	
1.47	0.00950005 	-0.333526 	-1.44179 	0.294305 	0.442319 	0.0102085 	
1.475	0.00958805 	-0.335007 	-1.44032 	0.294582 	0.444016 	0.0110029 	
1.48	0.00966838 	-0.336424 	-1.43886 	0.294877 	0.445472 	0.0116531 	
1.485	0.00974271 	-0.337787 	-1.43741 	0.295187 	0.446735 	0.0121878 	
1.49	0.00952815 	-0.338905 	-1.43605 	0.294415 	0.446716 	0.0130946 	
1.495	0.00936692 	-0.340025 	-1.43468 	0.293871 	0.4468 	0.0138343 	
1.5	0.00924833 	-0.341146 	-1.43332 	0.29351 	0.446966 	0.0144402 	
1.505	0.00916387 	-0.342266 	-1.43196 	0.293295 	0.447199 	0.014939 	
1.51	0.00920169 	-0.343687 	-1.43054 	0.293361 	0.448773 	0.0158485 	
1.515	0.00924206 	-0.345044 	-1.42913 	0.293487 	0.45013 	0.0165901 	
1.52	0.0092846 	-0.346349 	-1.42774 	0.293661 	0.451313 	0.0171972 	
1.525	0.00910477 	-0.347401 	-1.42643 	0.29305 	0.451281 	0.0179236 	
1.53	0.0089715 	-0.348458 	-1.42512 	0.292634 	0.451353 	0.0185183 	
1.535	0.00887548 	-0.349518 	-1.42382 	0.292375 	0.451511 	0.0190075 	
1.54	0.00880929 	-0.350578 	-1.42253 	0.292242 	0.451735 	0.0194124 	
1.545	0.00880156 	-0.351928 	-1.42116 	0.292118 	0.453173 	0.0204078 	
1.55	0.0088058 	-0.353217 	-1.41981 	0.292093 	0.45442 	0.0212173 	
1.555	0.00881977 	-0.354457 	-1.41849 	0.292146 	0.455516 	0.021878 	
1.56	0.00884156 	-0.355654 	-1.41718 	0.292262 	0.456489 	0.0224198 	
1.565	0.00862976 	-0.356561 	-1.41596 	0.291564 	0.456108 	0.0230238 	
1.57	0.00847137 	-0.35749 	-1.41475 	0.291079 	0.455902 	0.0235199 	
1.575	0.00835572 	-0.358433 	-1.41354 	0.290765 	0.455837 	0.0239295 	
1.58	0.00827429 	-0.359386 	-1.41233 	0.290587 	0.455884 	0.02427 	
1.585	0.00830707 	-0.360737 	-1.41102 	0.290587 	0.45761 	0.0252741 	
1.59	0.00834412 	-0.362015 	-1.40972 	0.29066 	0.459089 	0.0260899 	
1.595	0.0083848 	-0.363231 	-1.40845 	0.290792 	0.46037 	0.026755 	
1.6	0.00820455 	-0.364063 	-1.40732 	0.290235 	0.459971 	0.0272025 	
1.605	0.00807186 	-0.364919 	-1.40618 	0.289863 	0.459752 	0.0275729 	
1.61	0.00797721 	-0.365793 	-1.40505 	0.289639 	0.459676 	0.0278815 	
1.615	0.00791308 	-0.366678 	-1.40391 	0.289534 	0.459717 	0.0281408 	
1.62	0.00790274 	-0.367934 	-1.40267 	0.289363 	0.46125 	0.0291824 	
1.625	0.00790588 	-0.369123 	-1.40146 	0.289299 	0.462575 	0.0300278 	
1.63	0.00792003 	-0.370256 	-1.40027 	0.289322 	0.463735 	0.0307161 	
1.635	0.00777521 	-0.371024 	-1.39921 	0.288911 	0.463378 	0.0310354 	
1.64	0.00767144 	-0.371816 	-1.39815 	0.288656 	0.463193 	0.0313028 	
1.645	0.00760051 	-0.372625 	-1.3971 	0.288525 	0.463147 	0.0315287 	
1.65	0.00755596 	-0.373446 	-1.39604 	0.288494 	0.463212 	0.0317214 	
1.655	0.00750757 	-0.374599 	-1.39489 	0.288175 	0.464545 	0.0327762 	
1.66	0.00748098 	-0.375693 	-1.39376 	0.287993 	0.465713 	0.0336317 	
1.665	0.00747205 	-0.376736 	-1.39266 	0.287921 	0.466749 	0.0343278 	
1.67	0.00747734 	-0.377737 	-1.39158 	0.287938 	0.467679 	0.0348963 	
1.675	0.00731869 	-0.378328 	-1.39065 	0.287524 	0.466934 	0.0350025 	
1.68	0.00720467 	-0.378963 	-1.38972 	0.287268 	0.466442 	0.0350991 	
1.685	0.00712641 	-0.379631 	-1.38878 	0.287136 	0.466153 	0.035188 	
1.69	0.00710289 	-0.380686 	-1.38772 	0.286942 	0.467394 	0.0360765 	
1.695	0.007097 	-0.381687 	-1.38668 	0.286861 	0.46849 	0.0367989 	
1.7	0.00710543 	-0.382642 	-1.38567 	0.28687 	0.469472 	0.0373881 	
1.705	0.00712542 	-0.38356 	-1.38467 	0.286952 	0.470362 	0.0378711 	
1.71	0.00694739 	-0.384088 	-1.38384 	0.286427 	0.469626 	0.0380543 	
1.715	0.0068187 	-0.384659 	-1.38299 	0.286081 	0.469145 	0.0382123 	
1.72	0.00672954 	-0.385262 	-1.38215 	0.285878 	0.468867 	0.0383501 	
1.725	0.00672715 	-0.386208 	-1.38118 	0.285796 	0.469985 	0.0390715 	
1.73	0.00673907 	-0.387108 	-1.38024 	0.285805 	0.470987 	0.0396599 	
1.735	0.00676265 	-0.387968 	-1.37933 	0.285886 	0.471897 	0.040142 	
1.74	0.00679566 	-0.388796 	-1.37843 	0.286026 	0.472734 	0.0405391 	
1.745	0.00660178 	-0.389252 	-1.37769 	0.285408 	0.471988 	0.0407734 	
1.75	0.00646131 	-0.389751 	-1.37694 	0.284989 	0.471501 	0.0409721 	
1.755	0.00636367 	-0.390283 	-1.37619 	0.284727 	0.471224 	0.0411424 	
1.76	0.00630043 	-0.390839 	-1.37544 	0.284593 	0.471114 	0.04129 	
1.765	0.00633779 	-0.391757 	-1.37456 	0.284632 	0.472479 	0.0420175 	
1.77	0.00638259 	-0.392618 	-1.37371 	0.284738 	0.473683 	0.0426109 	
1.775	0.00643356 	-0.393431 	-1.37288 	0.284897 	0.474759 	0.043097 	
1.78	0.00627652 	-0.393814 	-1.37224 	0.284424 	0.474067 	0.0432233 	
1.785	0.0061665 	-0.39424 	-1.3716 	0.28412 	0.473629 	0.0433357 	
1.79	0.00609421 	-0.394698 	-1.37094 	0.283952 	0.473394 	0.043437 	
1.795	0.00605224 	-0.395181 	-1.37029 	0.283892 	0.473323 	0.0435295 	
1.8	0.00603468 	-0.395681 	-1.36964 	0.283919 	0.473383 	0.0436151 	
1.805	0.00602147 	-0.3965 	-1.36888 	0.283719 	0.474643 	0.0444679 	
1.81	0.00602701 	-0.397265 	-1.36815 	0.283634 	0.475768 	0.0451616 	
1.815	0.0060478 	-0.397985 	-1.36744 	0.28364 	0.476786 	0.045728 	
1.82	0.00593944 	-0.398241 	-1.36693 	0.28339 	0.476023 	0.0456207 	
1.825	0.00586958 	-0.39855 	-1.36641 	0.283265 	0.475534 	0.0455464 	
1.83	0.00583064 	-0.398898 	-1.36588 	0.28324 	0.475263 	0.0454987 	
1.835	0.00581661 	-0.399275 	-1.36535 	0.283296 	0.475169 	0.0454723 	
1.84	0.00577664 	-0.399955 	-1.36472 	0.283 	0.47618 	0.046267 	
1.845	0.00576196 	-0.400594 	-1.36411 	0.282839 	0.477112 	0.0469145 	
1.85	0.00576773 	-0.401198 	-1.36352 	0.282785 	0.477981 	0.0474441 	
1.855	0.0056943 	-0.401396 	-1.36311 	0.282656 	0.477338 	0.047283 	
1.86	0.00565352 	-0.401642 	-1.36269 	0.282628 	0.47695 	0.0471659 	
1.865	0.005639 	-0.401925 	-1.36226 	0.282682 	0.476766 	0.0470842 	
1.87	0.00564567 	-0.402234 	-1.36184 	0.2828 	0.476747 	0.047031 	
1.875	0.0055799 	-0.402762 	-1.36134 	0.28242 	0.477468 	0.0477376 	
1.88	0.00554581 	-0.403264 	-1.36086 	0.282192 	0.478174 	0.0483149 	
1.885	0.00553728 	-0.403743 	-1.3604 	0.282085 	0.478869 	0.0487888 	
1.89	0.00549627 	-0.403881 	-1.36009 	0.282065 	0.478345 	0.0485847 	
1.895	0.00548262 	-0.404064 	-1.35977 	0.282125 	0.478058 	0.0484336 	
1.9	0.00549103 	-0.404281 	-1.35945 	0.282249 	0.477961 	0.0483251 	
1.905	0.00551727 	-0.404523 	-1.35913 	0.282424 	0.478017 	0.0482508 	
1.91	0.00555795 	-0.404783 	-1.35881 	0.28264 	0.478197 	0.0482041 	
1.915	0.00542545 	-0.405147 	-1.35847 	0.281983 	0.478594 	0.0489545 	
1.92	0.00533943 	-0.405501 	-1.35814 	0.281533 	0.479048 	0.0495674 	
1.925	0.0052908 	-0.405844 	-1.35783 	0.28125 	0.479548 	0.0500701 	
1.93	0.00531783 	-0.405896 	-1.35764 	0.281506 	0.479138 	0.0496873 	
1.935	0.00536004 	-0.405992 	-1.35744 	0.281788 	0.478949 	0.0493939 	
1.94	0.00541459 	-0.406123 	-1.35724 	0.282091 	0.478938 	0.0491722 	
1.945	0.0054792 	-0.406278 	-1.35704 	0.282409 	0.479069 	0.049008 	
1.95	0.00533244 	-0.406492 	-1.35685 	0.281713 	0.479212 	0.0496492 	
1.955	0.00523633 	-0.40671 	-1.35665 	0.281233 	0.479469 	0.0501752 	
1.96	0.00518094 	-0.406929 	-1.35647 	0.280925 	0.479818 	0.050609 	
1.965	0.00523154 	-0.406919 	-1.35639 	0.281251 	0.479518 	0.0502142 	
1.97	0.00529393 	-0.406951 	-1.35629 	0.281588 	0.479425 	0.0499117 	
1.975	0.00536593 	-0.407015 	-1.3562 	0.281935 	0.479496 	0.0496833 	
1.98	0.00544583 	-0.407101 	-1.35611 	0.28229 	0.479701 	0.0495145 	
1.985	0.00528902 	-0.407157 	-1.35605 	0.281579 	0.479567 	0.0500159 	
1.99	0.00518622 	-0.407232 	-1.356 	0.281087 	0.47961 	0.0504308 	
1.995	0.00512682 	-0.407321 	-1.35595 	0.280771 	0.479795 	0.0507764 	
2	0.00510233 	-0.407419 	-1.35591 	0.280596 	0.480094 	0.0510666 	
2.005	0.00519939 	-0.407278 	-1.35595 	0.281143 	0.479689 	0.0504258 	
2.01	0.00529752 	-0.407204 	-1.35596 	0.281657 	0.479502 	0.0499255 	
2.015	0.0053962 	-0.407186 	-1.35593 	0.282145 	0.479488 	0.0495377 	
2.02	0.00527567 	-0.407285 	-1.35585 	0.281562 	0.479614 	0.0500066 	
2.025	0.00519871 	-0.407407 	-1.35575 	0.281172 	0.479847 	0.0503934 	
2.03	0.00515627 	-0.407548 	-1.35563 	0.280936 	0.480163 	0.0507141 	
2.035	0.00514112 	-0.407706 	-1.35548 	0.280823 	0.480543 	0.0509817 	
2.04	0.00520016 	-0.407645 	-1.35541 	0.281212 	0.480205 	0.0503844 	
2.045	0.00526553 	-0.407642 	-1.3553 	0.281598 	0.480058 	0.0499174 	
2.05	0.00533564 	-0.407688 	-1.35516 	0.281983 	0.480062 	0.0495544 	
2.055	0.00524549 	-0.407892 	-1.35495 	0.281536 	0.480422 	0.0499799 	
2.06	0.00519049 	-0.408104 	-1.35473 	0.281253 	0.480828 	0.0503304 	
2.065	0.00516328 	-0.408325 	-1.35449 	0.281102 	0.481269 	0.0506205 	
2.07	0.00515798 	-0.408553 	-1.35423 	0.281054 	0.481736 	0.0508621 	
2.075	0.00516989 	-0.408787 	-1.35395 	0.281091 	0.482222 	0.0510647 	
2.08	0.0051858 	-0.408774 	-1.35376 	0.28133 	0.48181 	0.0503285 	
2.085	0.00521404 	-0.408818 	-1.35354 	0.281595 	0.481589 	0.0497486 	
2.09	0.00525184 	-0.408908 	-1.35329 	0.281881 	0.48152 	0.0492936 	
2.095	0.00519307 	-0.409263 	-1.35292 	0.28155 	0.482257 	0.0498358 	
2.1	0.00516053 	-0.409603 	-1.35254 	0.281358 	0.48295 	0.0502779 	
2.105	0.00514872 	-0.409934 	-1.35216 	0.281278 	0.483605 	0.0506396 	
2.11	0.00515318 	-0.410257 	-1.35176 	0.281287 	0.484228 	0.0509367 	
2.115	0.00514659 	-0.410343 	-1.35145 	0.281421 	0.48398 	0.0502305 	
2.12	0.00515467 	-0.410472 	-1.35112 	0.2816 	0.483877 	0.0496731 	
2.125	0.00517417 	-0.410637 	-1.35075 	0.281816 	0.483889 	0.0492346 	
2.13	0.00513453 	-0.411063 	-1.35027 	0.281589 	0.484737 	0.0497259 	
2.135	0.00511518 	-0.411467 	-1.34979 	0.281479 	0.485506 	0.0501259 	
2.14	0.00511182 	-0.411854 	-1.3493 	0.281463 	0.486209 	0.0504525 	
2.145	0.00512096 	-0.412228 	-1.3488 	0.281522 	0.486859 	0.0507201 	
2.15	0.00513983 	-0.412592 	-1.3483 	0.281641 	0.487463 	0.0509404 	
2.155	0.00509108 	-0.412766 	-1.34787 	0.281593 	0.487303 	0.0500817 	
2.16	0.00506314 	-0.412972 	-1.34742 	0.281625 	0.487257 	0.0494007 	
2.165	0.00505156 	-0.413204 	-1.34694 	0.281723 	0.487301 	0.0488618 	
2.17	0.00504356 	-0.413729 	-1.34633 	0.281642 	0.488357 	0.0494834 	
2.175	0.00504729 	-0.414218 	-1.34572 	0.281648 	0.489278 	0.0499861 	
2.18	0.00506021 	-0.414679 	-1.34511 	0.281723 	0.49009 	0.0503933 	
2.185	0.00508022 	-0.415118 	-1.3445 	0.281853 	0.490812 	0.050724 	
2.19	0.00501732 	-0.415398 	-1.34396 	0.281724 	0.490867 	0.0499047 	
2.195	0.00497624 	-0.415693 	-1.3434 	0.281691 	0.490982 	0.0492539 	
2.2	0.00495239 	-0.416001 	-1.34283 	0.281735 	0.491143 	0.0487379 	
2.205	0.0049542 	-0.416566 	-1.34213 	0.281727 	0.49221 	0.0492987 	
2.21	0.00496408 	-0.417091 	-1.34144 	0.281791 	0.493128 	0.0497514 	
2.215	0.00498025 	-0.417585 	-1.34075 	0.281911 	0.493927 	0.0501175 	
2.22	0.00500124 	-0.418055 	-1.34006 	0.282076 	0.494628 	0.0504142 	
2.225	0.00502587 	-0.418506 	-1.33937 	0.282278 	0.495251 	0.0506551 	
2.23	0.00492057 	-0.418906 	-1.33871 	0.281931 	0.495537 	0.0496696 	
2.235	0.00484379 	-0.419302 	-1.33804 	0.281723 	0.495825 	0.0488846 	
2.24	0.00478965 	-0.419696 	-1.33736 	0.281626 	0.496113 	0.0482599 	
2.245	0.00482387 	-0.420295 	-1.33657 	0.281796 	0.497198 	0.0489655 	
2.25	0.00485807 	-0.420853 	-1.3358 	0.282001 	0.498119 	0.0495329 	
2.255	0.00489212 	-0.421376 	-1.33503 	0.282233 	0.49891 	0.0499897 	
2.26	0.00492587 	-0.421873 	-1.33426 	0.282487 	0.499595 	0.0503577 	
2.265	0.00481275 	-0.422369 	-1.33351 	0.282084 	0.500095 	0.0494219 	
2.27	0.00472845 	-0.422844 	-1.33275 	0.281829 	0.500545 	0.0486758 	
2.275	0.00466707 	-0.423303 	-1.33199 	0.281694 	0.500954 	0.0480813 	
2.28	0.00470372 	-0.423914 	-1.33115 	0.281907 	0.501978 	0.0487158 	
2.285	0.00473875 	-0.424482 	-1.33032 	0.282144 	0.502844 	0.0492256 	
2.29	0.00477241 	-0.425018 	-1.3295 	0.282402 	0.503582 	0.0496354 	
2.295	0.00480483 	-0.425526 	-1.32868 	0.282675 	0.504217 	0.0499653 	
2.3	0.00468723 	-0.42611 	-1.32784 	0.282228 	0.504931 	0.0491061 	
2.305	0.00459837 	-0.426659 	-1.32701 	0.281936 	0.505545 	0.0484205 	
2.31	0.00453245 	-0.427179 	-1.32619 	0.281771 	0.506078 	0.0478738 	
2.315	0.00448479 	-0.427676 	-1.32537 	0.281705 	0.506547 	0.0474381 	
2.32	0.00454756 	-0.428337 	-1.32445 	0.282036 	0.507682 	0.0483365 	
2.325	0.00460261 	-0.428948 	-1.32355 	0.282367 	0.50863 	0.0490567 	
2.33	0.00465145 	-0.429519 	-1.32267 	0.282699 	0.509427 	0.0496342 	
2.335	0.00454735 	-0.430095 	-1.3218 	0.282341 	0.510067 	0.0488286 	
2.34	0.00446871 	-0.430639 	-1.32094 	0.282121 	0.510616 	0.0481854 	
2.345	0.00441042 	-0.431155 	-1.32009 	0.282012 	0.511093 	0.0476722 	
2.35	0.00436838 	-0.431651 	-1.31925 	0.281991 	0.511512 	0.0472629 	
2.355	0.00440805 	-0.432374 	-1.31828 	0.282197 	0.512779 	0.0480458 	
2.36	0.00444419 	-0.433036 	-1.31733 	0.282428 	0.513827 	0.0486733 	
2.365	0.00447754 	-0.433648 	-1.31641 	0.282679 	0.514701 	0.0491763 	
2.37	0.00450863 	-0.434219 	-1.31551 	0.282945 	0.515434 	0.0495797 	
2.375	0.00437742 	-0.434786 	-1.31463 	0.282486 	0.515971 	0.0484851 	
2.38	0.00427685 	-0.435321 	-1.31376 	0.282185 	0.516435 	0.0476106 	
2.385	0.00420084 	-0.435831 	-1.31289 	0.282011 	0.51684 	0.046912 	
2.39	0.00424434 	-0.436518 	-1.31193 	0.282265 	0.517958 	0.0476571 	
2.395	0.00428353 	-0.437149 	-1.31098 	0.282535 	0.518885 	0.0482543 	
2.4	0.00431935 	-0.437735 	-1.31007 	0.282816 	0.519661 	0.0487331 	
2.405	0.00435249 	-0.438286 	-1.30917 	0.283107 	0.520315 	0.0491171 	
2.41	0.0042186 	-0.438904 	-1.30826 	0.282606 	0.521012 	0.0481131 	
2.415	0.00411602 	-0.43948 	-1.30736 	0.282272 	0.521603 	0.0473109 	
2.42	0.00403861 	-0.440021 	-1.30648 	0.28207 	0.52211 	0.0466704 	
2.425	0.00408195 	-0.440657 	-1.30554 	0.282352 	0.523058 	0.0473394 	
2.43	0.00412136 	-0.441245 	-1.30463 	0.282644 	0.523851 	0.0478759 	
2.435	0.00415774 	-0.441796 	-1.30373 	0.282942 	0.524519 	0.0483064 	
2.44	0.00419177 	-0.442316 	-1.30286 	0.283247 	0.525088 	0.0486522 	
2.445	0.0040554 	-0.442964 	-1.30194 	0.28271 	0.525897 	0.0477343 	
2.45	0.00395133 	-0.443562 	-1.30104 	0.282345 	0.526579 	0.0470015 	
2.455	0.00387329 	-0.444118 	-1.30017 	0.28212 	0.527159 	0.0464168 	
2.46	0.0038162 	-0.444641 	-1.29931 	0.282005 	0.52766 	0.0459509 	
2.465	0.00389033 	-0.445242 	-1.2984 	0.28243 	0.528563 	0.0469048 	
2.47	0.00395519 	-0.445801 	-1.29752 	0.282835 	0.529321 	0.0476698 	
2.475	0.00401279 	-0.446323 	-1.29666 	0.283225 	0.529965 	0.0482837 	
2.48	0.00389219 	-0.446904 	-1.29579 	0.28278 	0.530614 	0.0474271 	
2.485	0.00380166 	-0.447445 	-1.29495 	0.28249 	0.531172 	0.046744 	
2.49	0.0037354 	-0.447951 	-1.29413 	0.282324 	0.531657 	0.0461997 	
2.495	0.00368873 	-0.448431 	-1.29333 	0.282257 	0.532085 	0.0457668 	
2.5	0.00373709 	-0.44903 	-1.29245 	0.282543 	0.53301 	0.0466023 	
2.505	0.0037824 	-0.449583 	-1.2916 	0.282837 	0.533791 	0.0472734 	
2.51	0.00382549 	-0.450098 	-1.29078 	0.283139 	0.534458 	0.047813 	
2.515	0.00372505 	-0.450604 	-1.28999 	0.282798 	0.534959 	0.0470554 	
2.52	0.00365192 	-0.451081 	-1.28922 	0.282592 	0.535403 	0.0464524 	
2.525	0.00360085 	-0.451532 	-1.28847 	0.282494 	0.535805 	0.0459733 	
2.53	0.00356765 	-0.451962 	-1.28773 	0.282482 	0.536172 	0.0455935 	
2.535	0.00354897 	-0.452375 	-1.28701 	0.282539 	0.536513 	0.0452934 	
2.54	0.00357334 	-0.452993 	-1.28617 	0.282667 	0.537564 	0.0462379 	
2.545	0.00360105 	-0.453555 	-1.28537 	0.282837 	0.538454 	0.0469975 	
2.55	0.00363174 	-0.454071 	-1.2846 	0.283039 	0.539215 	0.0476091 	
2.555	0.00354844 	-0.454446 	-1.28394 	0.282805 	0.539425 	0.046745 	
2.56	0.00349084 	-0.45481 	-1.28329 	0.282685 	0.539645 	0.0460583 	
2.565	0.00345403 	-0.455166 	-1.28266 	0.282657 	0.539876 	0.0455136 	
2.57	0.00343413 	-0.455513 	-1.28203 	0.282701 	0.540117 	0.0450829 	
2.575	0.00343854 	-0.456074 	-1.28128 	0.282729 	0.541072 	0.045945 	
2.58	0.00345204 	-0.456585 	-1.28056 	0.282819 	0.541894 	0.04664 	
2.585	0.00347313 	-0.457054 	-1.27988 	0.282959 	0.542611 	0.0472014 	
2.59	0.00340923 	-0.45735 	-1.27933 	0.282807 	0.542716 	0.0464377 	
2.595	0.003369 	-0.457646 	-1.27878 	0.282753 	0.542862 	0.0458327 	
2.6	0.00334798 	-0.45794 	-1.27824 	0.282778 	0.543044 	0.0453549 	
2.605	0.00334262 	-0.458233 	-1.27771 	0.282867 	0.543255 	0.0449793 	
2.61	0.00332528 	-0.458711 	-1.27708 	0.282792 	0.544056 	0.0457337 	
2.615	0.00336281 	-0.45899 	-1.27656 	0.282978 	0.544258 	0.0460476 	
2.62	0.0033781 	-0.45923 	-1.2761 	0.283237 	0.544432 	0.0463078 	
2.625	0.00341322 	-0.45945 	-1.27565 	0.283498 	0.544532 	0.0464077 	
2.63	0.00344673 	-0.459644 	-1.27522 	0.283739 	0.544561 	0.0462759 	
2.635	0.00330053 	-0.460218 	-1.2746 	0.283021 	0.545643 	0.0458929 	
2.64	0.00321794 	-0.460613 	-1.27409 	0.282674 	0.546251 	0.0455544 	
2.645	0.00317116 	-0.460911 	-1.27364 	0.28246 	0.546575 	0.0453391 	
2.65	0.00313352 	-0.461139 	-1.27325 	0.282349 	0.546731 	0.0451783 	
2.655	0.00309701 	-0.461307 	-1.27291 	0.282292 	0.546744 	0.0450519 	
2.66	0.0030734 	-0.46138 	-1.2726 	0.282343 	0.546472 	0.0450038 	
2.665	0.00310752 	-0.46137 	-1.27249 	0.2824 	0.546295 	0.044744 	
2.67	0.00316496 	-0.461293 	-1.27242 	0.282548 	0.545977 	0.0444846 	
2.675	0.0032284 	-0.461164 	-1.27241 	0.282751 	0.545598 	0.0442194 	
2.68	0.00327236 	-0.461005 	-1.27248 	0.28285 	0.545262 	0.0441551 	
2.685	0.00329812 	-0.460821 	-1.27261 	0.282913 	0.544907 	0.0441739 	
2.69	0.00331071 	-0.460618 	-1.27277 	0.282955 	0.544523 	0.0442065 	
2.695	0.0033137 	-0.4604 	-1.27295 	0.282984 	0.544113 	0.0442368 	
2.7	0.00330916 	-0.46017 	-1.27316 	0.283001 	0.543682 	0.0442607 	
2.705	0.00329867 	-0.459931 	-1.27337 	0.283008 	0.543234 	0.0442758 	
2.71	0.00328375 	-0.459685 	-1.2736 	0.283006 	0.542771 	0.0442823 	
2.715	0.00326575 	-0.459434 	-1.27383 	0.282998 	0.542299 	0.0442832 	
2.72	0.00324576 	-0.459179 	-1.27408 	0.282987 	0.541819 	0.0442821 	
2.725	0.00322439 	-0.45892 	-1.27432 	0.282974 	0.541333 	0.0442815 	
2.73	0.00320201 	-0.45866 	-1.27457 	0.28296 	0.540842 	0.0442818 	
2.735	0.00317888 	-0.458398 	-1.27483 	0.282945 	0.540347 	0.044283 	
2.74	0.00315411 	-0.458135 	-1.27508 	0.28293 	0.53984 	0.0442484 	
2.745	0.00312835 	-0.457871 	-1.27533 	0.282914 	0.539321 	0.0441856 	
2.75	0.00310215 	-0.457606 	-1.27558 	0.282897 	0.538793 	0.0441001 	
2.755	0.00307596 	-0.45734 	-1.27582 	0.28288 	0.538259 	0.043996 	
2.76	0.00305006 	-0.457074 	-1.27607 	0.282864 	0.537718 	0.0438764 	
2.765	0.00302459 	-0.456807 	-1.27631 	0.282849 	0.537174 	0.0437452 	
2.77	0.00299914 	-0.45654 	-1.27655 	0.282835 	0.536627 	0.0436081 	
2.775	0.00297375 	-0.456272 	-1.2768 	0.282821 	0.536078 	0.0434663 	
2.78	0.00294842 	-0.456005 	-1.27704 	0.282808 	0.535528 	0.0433208 	
2.785	0.00292316 	-0.455737 	-1.27728 	0.282796 	0.534975 	0.0431722 	
2.79	0.00289801 	-0.45547 	-1.27752 	0.282785 	0.534421 	0.0430211 	
2.795	0.00287301 	-0.455202 	-1.27776 	0.282776 	0.533866 	0.0428679 	
2.8	0.00284819 	-0.454934 	-1.278 	0.282768 	0.53331 	0.042713 	
2.805	0.00282359 	-0.454666 	-1.27824 	0.282761 	0.532752 	0.0425567 	
2.81	0.00279923 	-0.454397 	-1.27848 	0.282755 	0.532193 	0.0423993 	
2.815	0.00277515 	-0.454129 	-1.27872 	0.282751 	0.531633 	0.042241 	
2.82	0.00275135 	-0.45386 	-1.27896 	0.282748 	0.531073 	0.042082 	
2.825	0.00272785 	-0.453591 	-1.2792 	0.282746 	0.530511 	0.0419224 	
2.83	0.00267524 	-0.453325 	-1.27942 	0.282684 	0.529918 	0.0418189 	
2.835	0.00257843 	-0.453066 	-1.27962 	0.282507 	0.529274 	0.0418053 	
2.84	0.00249172 	-0.452814 	-1.27981 	0.282333 	0.528605 	0.0417961 	
2.845	0.00243602 	-0.452555 	-1.28 	0.28225 	0.527914 	0.041744 	
2.85	0.00239898 	-0.452292 	-1.28017 	0.282228 	0.527205 	0.041666 	
2.855	0.00235017 	-0.452028 	-1.28034 	0.282189 	0.526483 	0.0416066 	
2.86	0.00225305 	-0.451772 	-1.2805 	0.282016 	0.525752 	0.041637 	
2.865	0.00211104 	-0.451523 	-1.2807 	0.281751 	0.525118 	0.041849 	
2.87	0.00192569 	-0.451279 	-1.28089 	0.281405 	0.524457 	0.0421011 	
2.875	0.00173805 	-0.451057 	-1.28109 	0.281004 	0.523773 	0.0423626 	
2.88	0.00159767 	-0.450824 	-1.28126 	0.280785 	0.523061 	0.0425117 	
2.885	0.00150947 	-0.450582 	-1.28142 	0.280708 	0.522332 	0.0425581 	
2.89	0.00144455 	-0.450312 	-1.28154 	0.280819 	0.521613 	0.0425501 	
2.895	0.00134485 	-0.450048 	-1.28165 	0.280714 	0.520837 	0.0425879 	
2.9	0.0012058 	-0.449791 	-1.28179 	0.280453 	0.520072 	0.0427025 	
2.905	0.00106297 	-0.449532 	-1.28193 	0.280208 	0.519303 	0.0428145 	
2.91	0.000943462 	-0.44926 	-1.28216 	0.279949 	0.518706 	0.042825 	
2.915	0.000840854 	-0.448987 	-1.28238 	0.279762 	0.518073 	0.0428234 	
2.92	0.000762847 	-0.448705 	-1.28262 	0.279621 	0.517478 	0.0428004 	
2.925	0.000703476 	-0.448416 	-1.28287 	0.279526 	0.516894 	0.0427865 	
2.93	0.000683033 	-0.448121 	-1.28313 	0.279527 	0.516317 	0.0427258 	
2.935	0.00069251 	-0.447821 	-1.28337 	0.279594 	0.515741 	0.0426447 	
2.94	0.00069566 	-0.447519 	-1.28362 	0.279637 	0.515161 	0.0425873 	
2.945	0.000693043 	-0.447216 	-1.28387 	0.27967 	0.514579 	0.0425498 	
2.95	0.000684677 	-0.446914 	-1.28412 	0.279693 	0.513995 	0.0425269 	
2.955	0.000670774 	-0.446611 	-1.28437 	0.279707 	0.513409 	0.0425144 	
2.96	0.000678417 	-0.446305 	-1.28462 	0.279776 	0.512814 	0.0424693 	
2.965	0.000703391 	-0.445998 	-1.28486 	0.27988 	0.512215 	0.0424012 	
2.97	0.00073687 	-0.44569 	-1.2851 	0.280007 	0.511614 	0.0423187 	
2.975	0.000773701 	-0.445382 	-1.28534 	0.280142 	0.511016 	0.0422265 	
2.98	0.000812194 	-0.445076 	-1.28557 	0.280286 	0.510404 	0.0421288 	
2.985	0.000847842 	-0.444773 	-1.2858 	0.280431 	0.509792 	0.0420248 	
2.99	0.000881665 	-0.444472 	-1.28604 	0.280565 	0.509201 	0.0419139 	
2.995	0.000913671 	-0.444172 	-1.28628 	0.280695 	0.508617 	0.0418008 	
3	0.000944693 	-0.443873 	-1.28652 	0.280824 	0.508036 	0.0416861 	
3.005	0.000967199 	-0.443577 	-1.28677 	0.280953 	0.507458 	0.0415972 	
3.01	0.00098682 	-0.443281 	-1.28702 	0.281073 	0.506889 	0.0415108 	
3.015	0.00100496 	-0.442985 	-1.28727 	0.281189 	0.506322 	0.0414251 	
3.02	0.00102247 	-0.442689 	-1.28752 	0.281304 	0.505756 	0.0413406 	
3.025	0.00103994 	-0.442391 	-1.28777 	0.281418 	0.505189 	0.041258 	
3.03	0.00105741 	-0.442093 	-1.28802 	0.281531 	0.504622 	0.041179 	
3.035	0.0010637 	-0.441797 	-1.28827 	0.281613 	0.504037 	0.0410962 	
3.04	0.00106947 	-0.441502 	-1.28851 	0.281678 	0.503445 	0.0410074 	
3.045	0.00108231 	-0.441204 	-1.28875 	0.281763 	0.50285 	0.0408793 	
3.05	0.00108648 	-0.440906 	-1.28899 	0.281819 	0.502258 	0.0407254 	
3.055	0.00108362 	-0.440606 	-1.28924 	0.281843 	0.501671 	0.0405625 	
3.06	0.00107836 	-0.440306 	-1.28949 	0.281866 	0.50108 	0.040406 	
3.065	0.0010708 	-0.440006 	-1.28974 	0.281892 	0.500489 	0.040278 	
3.07	0.00107064 	-0.439704 	-1.28998 	0.281947 	0.499895 	0.0401187 	
3.075	0.00106574 	-0.439402 	-1.29023 	0.281979 	0.499304 	0.0400018 	
3.08	0.00104664 	-0.439102 	-1.29048 	0.281989 	0.498711 	0.0399129 	
3.085	0.00100318 	-0.438805 	-1.29074 	0.281932 	0.498113 	0.0398597 	
3.09	0.000958927 	-0.438505 	-1.29099 	0.28188 	0.497514 	0.0398096 	
3.095	0.000917382 	-0.438202 	-1.29125 	0.28183 	0.496911 	0.039727 	
3.1	0.000882498 	-0.437895 	-1.2915 	0.281796 	0.496306 	0.0396387 	
3.105	0.000842295 	-0.437588 	-1.29175 	0.281752 	0.495678 	0.0395108 	
3.11	0.000807338 	-0.437279 	-1.292 	0.281708 	0.49505 	0.0393566 	
3.115	0.000779123 	-0.436966 	-1.29224 	0.281679 	0.494414 	0.0391871 	
3.12	0.000766681 	-0.436647 	-1.29248 	0.281692 	0.493777 	0.039008 	
3.125	0.000759856 	-0.436325 	-1.29273 	0.281719 	0.493137 	0.0388251 	
3.13	0.000754899 	-0.436001 	-1.29297 	0.28175 	0.492495 	0.038641 	
3.135	0.000749864 	-0.435677 	-1.29321 	0.281778 	0.491852 	0.0384571 	
3.14	0.000721411 	-0.435358 	-1.29346 	0.281755 	0.491217 	0.0383845 	
3.145	0.000682236 	-0.435041 	-1.29371 	0.281714 	0.490586 	0.0383616 	
3.15	0.000637919 	-0.434726 	-1.29397 	0.281661 	0.489957 	0.0383635 	
3.155	0.000590136 	-0.434412 	-1.29423 	0.281599 	0.489329 	0.0383705 	
3.16	0.00054204 	-0.434099 	-1.29449 	0.281535 	0.488702 	0.0383754 	
3.165	0.000499799 	-0.433785 	-1.29475 	0.281492 	0.488082 	0.0383546 	
3.17	0.000467261 	-0.43347 	-1.29501 	0.281485 	0.487467 	0.0383325 	
3.175	0.000431214 	-0.433159 	-1.29527 	0.281457 	0.486845 	0.0382696 	
3.18	0.000399311 	-0.432846 	-1.29553 	0.281432 	0.486219 	0.0381736 	
3.185	0.000363259 	-0.432535 	-1.29579 	0.281394 	0.485598 	0.0381249 	
3.19	0.000331308 	-0.432221 	-1.29604 	0.281365 	0.484973 	0.0380515 	
3.195	0.000301505 	-0.431906 	-1.2963 	0.281342 	0.484346 	0.0379698 	
3.2	0.00027834 	-0.43159 	-1.29656 	0.28134 	0.483724 	0.0378967 	
3.205	0.000253471 	-0.431276 	-1.29681 	0.281335 	0.483105 	0.0378765 	
3.21	0.00022817 	-0.430961 	-1.29707 	0.281331 	0.482489 	0.0378658 	
3.215	0.000213489 	-0.430643 	-1.29733 	0.281354 	0.481877 	0.0378626 	
3.22	0.000205916 	-0.430324 	-1.29759 	0.281396 	0.481266 	0.0378674 	
3.225	0.00018834 	-0.430008 	-1.29785 	0.281408 	0.480647 	0.0378784 	
3.23	0.000166829 	-0.429694 	-1.2981 	0.281411 	0.480027 	0.0378875 	
3.235	0.000142967 	-0.42938 	-1.29835 	0.281409 	0.479409 	0.0378864 	
3.24	0.000106177 	-0.42907 	-1.2986 	0.281375 	0.478787 	0.037924 	
3.245	6.34529e-05 	-0.428762 	-1.29886 	0.281326 	0.478165 	0.0379671 	
3.25	2.27902e-05 	-0.428453 	-1.29911 	0.281286 	0.477546 	0.0379981 	
3.255	-1.70016e-05 	-0.428144 	-1.29937 	0.281249 	0.476929 	0.0380239 	
3.26	-5.66178e-05 	-0.427836 	-1.29962 	0.281212 	0.476312 	0.0380475 	
3.265	-9.46501e-05 	-0.427528 	-1.29988 	0.281181 	0.475697 	0.0380633 	
3.27	-0.000130652 	-0.427219 	-1.30013 	0.281155 	0.475082 	0.0380726 	
3.275	-0.000164811 	-0.42691 	-1.30039 	0.281136 	0.474468 	0.0380779 	
3.28	-0.000198534 	-0.426601 	-1.30064 	0.281117 	0.473855 	0.0380831 	
3.285	-0.000232267 	-0.426292 	-1.3009 	0.2811 	0.47324 	0.0380886 	
3.29	-0.000265386 	-0.425982 	-1.30115 	0.281083 	0.472625 	0.0380878 	
3.295	-0.00029847 	-0.425673 	-1.30141 	0.281067 	0.47201 	0.0380847 	
3.3	-0.000331695 	-0.425363 	-1.30166 	0.281051 	0.471394 	0.0380806 	
3.305	-0.000365096 	-0.425054 	-1.30192 	0.281034 	0.470777 	0.0380672 	
3.31	-0.000416259 	-0.424747 	-1.30217 	0.280982 	0.470153 	0.0380747 	
3.315	-0.000468267 	-0.42444 	-1.30241 	0.28093 	0.469527 	0.0380659 	
3.32	-0.000537222 	-0.424138 	-1.30266 	0.280811 	0.468887 	0.0381005 	
3.325	-0.000608449 	-0.423835 	-1.30291 	0.280689 	0.468248 	0.0380762 	
3.33	-0.000700378 	-0.423536 	-1.30315 	0.280525 	0.467601 	0.0380899 	
3.335	-0.000811496 	-0.423239 	-1.30339 	0.280323 	0.466948 	0.0381275 	
3.34	-0.000919376 	-0.42294 	-1.30364 	0.280132 	0.466297 	0.0381531 	
3.345	-0.00102263 	-0.422638 	-1.30388 	0.279951 	0.465644 	0.0381678 	
3.35	-0.00111987 	-0.422332 	-1.30413 	0.279783 	0.464988 	0.0381699 	
3.355	-0.0012111 	-0.422022 	-1.30438 	0.279631 	0.46433 	0.0381648 	
3.36	-0.00129311 	-0.421709 	-1.30463 	0.279504 	0.463669 	0.0381415 	
3.365	-0.00140024 	-0.421401 	-1.30487 	0.279318 	0.462997 	0.0381868 	
3.37	-0.0014763 	-0.421087 	-1.30513 	0.279216 	0.462348 	0.0381889 	
3.375	-0.0015379 	-0.420769 	-1.30538 	0.279141 	0.461701 	0.0381889 	
3.38	-0.0015902 	-0.420451 	-1.30564 	0.279079 	0.461055 	0.0381858 	
3.385	-0.00163482 	-0.420131 	-1.30589 	0.279036 	0.460412 	0.0381746 	
3.39	-0.00167017 	-0.41981 	-1.30615 	0.279012 	0.45977 	0.0381529 	
3.395	-0.00170673 	-0.419491 	-1.3064 	0.278981 	0.459122 	0.0381212 	
3.4	-0.0017441 	-0.419173 	-1.30665 	0.278946 	0.458474 	0.0380792 	
3.405	-0.00178216 	-0.418856 	-1.30689 	0.278908 	0.457826 	0.0380278 	
3.41	-0.00182424 	-0.418541 	-1.30714 	0.27886 	0.457175 	0.0379845 	
3.415	-0.00186304 	-0.418224 	-1.30738 	0.278828 	0.456527 	0.0379446 	
3.42	-0.00190587 	-0.417909 	-1.30763 	0.278782 	0.455876 	0.0379129 	
3.425	-0.00195079 	-0.417595 	-1.30787 	0.278729 	0.455223 	0.0378752 	
3.43	-0.00199496 	-0.41728 	-1.30811 	0.278678 	0.45457 	0.0378154 	
3.435	-0.0020359 	-0.416966 	-1.30836 	0.278631 	0.453921 	0.0377371 	
3.44	-0.00207593 	-0.41665 	-1.30861 	0.278592 	0.453277 	0.0377176 	
3.445	-0.00211582 	-0.416334 	-1.30885 	0.278558 	0.452632 	0.0377069 	
3.45	-0.0021535 	-0.416018 	-1.3091 	0.278533 	0.451989 	0.0377037 	
3.455	-0.0021905 	-0.4157 	-1.30935 	0.278511 	0.451344 	0.0377059 	
3.46	-0.00222505 	-0.415382 	-1.3096 	0.278498 	0.450699 	0.0377057 	
3.465	-0.00226054 	-0.415063 	-1.30984 	0.278481 	0.450053 	0.0377097 	
3.47	-0.00228458 	-0.414741 	-1.31009 	0.278487 	0.449405 	0.0376827 	
3.475	-0.00230356 	-0.414417 	-1.31033 	0.278508 	0.448755 	0.0376403 	
3.48	-0.00232099 	-0.414092 	-1.31058 	0.278532 	0.448104 	0.0375928 	
3.485	-0.00233629 	-0.413766 	-1.31082 	0.278565 	0.447453 	0.0375611 	
3.49	-0.002351 	-0.413441 	-1.31107 	0.2786 	0.446806 	0.0375681 	
3.495	-0.00236644 	-0.413117 	-1.31131 	0.278634 	0.446159 	0.0375907 	
3.5	-0.00237962 	-0.412794 	-1.31155 	0.278675 	0.445517 	0.037643 	
3.505	-0.00240008 	-0.412477 	-1.31179 	0.278689 	0.444871 	0.0376506 	
3.51	-0.00242114 	-0.412162 	-1.31203 	0.278702 	0.444226 	0.0376515 	
3.515	-0.00244484 	-0.411849 	-1.31227 	0.278711 	0.443584 	0.0376586 	
3.52	-0.00247143 	-0.41154 	-1.31251 	0.27871 	0.442941 	0.0376755 	
3.525	-0.00249285 	-0.411229 	-1.31274 	0.278726 	0.442305 	0.0377018 	
3.53	-0.00251509 	-0.410918 	-1.31298 	0.278748 	0.44167 	0.0377923 	
3.535	-0.00254657 	-0.410607 	-1.31321 	0.27874 	0.44102 	0.0378516 	
3.54	-0.00256247 	-0.410292 	-1.31344 	0.278772 	0.440374 	0.0379007 	
3.545	-0.00256767 	-0.409974 	-1.31368 	0.278831 	0.439734 	0.0379423 	
3.55	-0.00256539 	-0.409653 	-1.31392 	0.278909 	0.439095 	0.03799 	
3.555	-0.00257992 	-0.409336 	-1.31415 	0.278937 	0.438448 	0.038006 	
3.56	-0.00260909 	-0.409023 	-1.31439 	0.278929 	0.437794 	0.0380272 	
3.565	-0.00264701 	-0.408712 	-1.31462 	0.2789 	0.43714 	0.0380375 	
3.57	-0.00269037 	-0.408401 	-1.31486 	0.278858 	0.436485 	0.0380409 	
3.575	-0.00274472 	-0.408091 	-1.31509 	0.278787 	0.435822 	0.0380498 	
3.58	-0.00280133 	-0.407781 	-1.31532 	0.278715 	0.435157 	0.0380603 	
3.585	-0.00284917 	-0.407466 	-1.31555 	0.278671 	0.434491 	0.0380696 	
3.59	-0.00289511 	-0.407151 	-1.31579 	0.278626 	0.433829 	0.0380716 	
3.595	-0.0029325 	-0.406834 	-1.31602 	0.278602 	0.433167 	0.0380761 	
3.6	-0.00297071 	-0.406517 	-1.31626 	0.278573 	0.432503 	0.0380769 	
3.605	-0.00299795 	-0.406196 	-1.31649 	0.278573 	0.431841 	0.0380774 	
3.61	-0.00303626 	-0.405878 	-1.31672 	0.278539 	0.431163 	0.0380987 	
3.615	-0.00306447 	-0.405559 	-1.31695 	0.278534 	0.430498 	0.0381211 	
3.62	-0.00308899 	-0.405242 	-1.31719 	0.27854 	0.429838 	0.0381418 	
3.625	-0.00311218 	-0.404926 	-1.31742 	0.278549 	0.42918 	0.0381611 	
3.63	-0.00313488 	-0.404613 	-1.31765 	0.278559 	0.428526 	0.0381792 	
3.635	-0.0031572 	-0.4043 	-1.31788 	0.278571 	0.427872 	0.0381898 	
3.64	-0.0031793 	-0.40399 	-1.31811 	0.278583 	0.42722 	0.0381978 	
3.645	-0.00319122 	-0.403675 	-1.31834 	0.278634 	0.426573 	0.0382023 	
3.65	-0.00320378 	-0.403362 	-1.31856 	0.278673 	0.425923 	0.0382073 	
3.655	-0.00322873 	-0.403216 	-1.31873 	0.278689 	0.425518 	0.0382132 	
3.66	-0.00324447 	-0.403065 	-1.31889 	0.278694 	0.425098 	0.0382162 	
3.665	-0.00325919 	-0.402902 	-1.31905 	0.278693 	0.424659 	0.0382048 	
3.67	-0.00327535 	-0.402725 	-1.3192 	0.278688 	0.424202 	0.0381752 	
3.675	-0.00329322 	-0.402534 	-1.31936 	0.27868 	0.423727 	0.0381349 	
3.68	-0.00330137 	-0.402326 	-1.31952 	0.278702 	0.423236 	0.0380769 	
3.685	-0.00332195 	-0.402107 	-1.31969 	0.278688 	0.422723 	0.0380643 	
3.69	-0.00334859 	-0.401876 	-1.31987 	0.278663 	0.422192 	0.0380609 	
3.695	-0.00337886 	-0.401634 	-1.32005 	0.278635 	0.421644 	0.0380598 	
3.7	-0.0034118 	-0.401381 	-1.32024 	0.278605 	0.421078 	0.0380595 	
3.705	-0.0034469 	-0.401118 	-1.32043 	0.278574 	0.420496 	0.0380595 	
3.71	-0.00348386 	-0.400846 	-1.32063 	0.278542 	0.419899 	0.0380595 	
3.715	-0.00352247 	-0.400566 	-1.32083 	0.278509 	0.419288 	0.0380597 	
3.72	-0.00356253 	-0.400278 	-1.32104 	0.278476 	0.418664 	0.0380599 	
3.725	-0.00360389 	-0.399984 	-1.32125 	0.278441 	0.418028 	0.0380601 	
3.73	-0.00364641 	-0.399684 	-1.32146 	0.278406 	0.417381 	0.0380603 	
3.735	-0.00367284 	-0.399373 	-1.32168 	0.278415 	0.416726 	0.0380369 	
3.74	-0.00369141 	-0.399057 	-1.3219 	0.278442 	0.416063 	0.0380195 	
3.745	-0.00370476 	-0.398737 	-1.32211 	0.27848 	0.415393 	0.0380048 	
3.75	-0.0037156 	-0.398414 	-1.32234 	0.278527 	0.414718 	0.0379913 	
3.755	-0.00371717 	-0.398086 	-1.32256 	0.278612 	0.414042 	0.0379762 	
3.76	-0.00371118 	-0.397751 	-1.32277 	0.278719 	0.413362 	0.037957 	
3.765	-0.00371696 	-0.397418 	-1.323 	0.278805 	0.412671 	0.0379455 	
3.77	-0.00371324 	-0.397079 	-1.32322 	0.278916 	0.41198 	0.0379138 	
3.775	-0.00371598 	-0.396743 	-1.32344 	0.278998 	0.411279 	0.0379054 	
3.78	-0.00372933 	-0.396409 	-1.32366 	0.279038 	0.410578 	0.0378977 	
3.785	-0.0037484 	-0.396078 	-1.32388 	0.27906 	0.409877 	0.0378852 	
3.79	-0.00377097 	-0.395749 	-1.32411 	0.279073 	0.409177 	0.0378707 	
3.795	-0.00379786 	-0.395422 	-1.32433 	0.279075 	0.408478 	0.0378515 	
3.8	-0.00382987 	-0.395101 	-1.32455 	0.279062 	0.407785 	0.0378248 	
3.805	-0.00386461 	-0.394782 	-1.32476 	0.279042 	0.407095 	0.0377969 	
3.81	-0.00390097 	-0.394468 	-1.32498 	0.279018 	0.406408 	0.0377696 	
3.815	-0.00393789 	-0.394156 	-1.3252 	0.278994 	0.405725 	0.0377438 	
3.82	-0.00397432 	-0.393846 	-1.32541 	0.278971 	0.405047 	0.0377302 	
3.825	-0.00399236 	-0.393529 	-1.32563 	0.279008 	0.404371 	0.0377067 	
3.83	-0.00402258 	-0.393214 	-1.32584 	0.279029 	0.403688 	0.0376827 	
3.835	-0.00406588 	-0.3929 	-1.32605 	0.279003 	0.403 	0.0376694 	
3.84	-0.00411359 	-0.392586 	-1.32627 	0.278964 	0.40231 	0.0376573 	
3.845	-0.00416189 	-0.392271 	-1.32648 	0.278926 	0.401619 	0.037652 	
3.85	-0.00420905 	-0.391955 	-1.3267 	0.278892 	0.400927 	0.0376474 	
3.855	-0.00425463 	-0.391641 	-1.32691 	0.278863 	0.400235 	0.0376341 	
3.86	-0.00429429 	-0.391327 	-1.32712 	0.278849 	0.399546 	0.0376207 	
3.865	-0.00432157 	-0.39101 	-1.32733 	0.278871 	0.398857 	0.0376075 	
3.87	-0.00434319 	-0.390689 	-1.32754 	0.278905 	0.398164 	0.0375947 	
3.875	-0.00436551 	-0.390366 	-1.32775 	0.278932 	0.397464 	0.0375845 	
3.88	-0.00439253 	-0.390046 	-1.32796 	0.278941 	0.396765 	0.0375818 	
3.885	-0.00441997 	-0.389724 	-1.32817 	0.278948 	0.396066 	0.0375641 	
3.89	-0.00444973 	-0.3894 	-1.32839 	0.278951 	0.395365 	0.0375505 	
3.895	-0.00448952 	-0.389078 	-1.3286 	0.278924 	0.394661 	0.0375483 	
3.9	-0.00453315 	-0.388756 	-1.32882 	0.27889 	0.393956 	0.0375489 	
3.905	-0.00457634 	-0.388431 	-1.32903 	0.278862 	0.393247 	0.0375478 	
3.91	-0.00461973 	-0.388105 	-1.32925 	0.278836 	0.392536 	0.0375463 	
3.915	-0.00466339 	-0.387779 	-1.32947 	0.27881 	0.391824 	0.0375447 	
3.92	-0.00470351 	-0.387449 	-1.32968 	0.278801 	0.391106 	0.0375579 	
3.925	-0.00474733 	-0.387118 	-1.32989 	0.278781 	0.390384 	0.0375661 	
3.93	-0.00477499 	-0.38678 	-1.33011 	0.278809 	0.389659 	0.0375746 	
3.935	-0.00478717 	-0.386434 	-1.33032 	0.278877 	0.388931 	0.0375765 	
3.94	-0.00481297 	-0.386093 	-1.33054 	0.278894 	0.388196 	0.0375598 	
3.945	-0.00484648 	-0.385753 	-1.33075 	0.278887 	0.38746 	0.0375752 	
3.95	-0.004888 	-0.385417 	-1.33096 	0.278856 	0.386724 	0.0375984 	
3.955	-0.00493348 	-0.385082 	-1.33118 	0.278816 	0.385987 	0.0376079 	
3.96	-0.00497715 	-0.384747 	-1.33139 	0.278787 	0.385252 	0.0376161 	
3.965	-0.00501659 	-0.384411 	-1.33161 	0.278774 	0.384518 	0.0376225 	
3.97	-0.00506305 	-0.384077 	-1.33182 	0.278732 	0.383778 	0.0375993 	
3.975	-0.00511127 	-0.383741 	-1.33203 	0.278686 	0.383035 	0.0375678 	
3.98	-0.00515849 	-0.383404 	-1.33224 	0.278644 	0.382291 	0.0375371 	
3.985	-0.00520208 	-0.383068 	-1.33246 	0.278619 	0.381552 	0.037534 	
3.99	-0.00524462 	-0.382734 	-1.33267 	0.278598 	0.380814 	0.037538 	
3.995	-0.00528675 	-0.3824 	-1.33289 	0.278581 	0.380077 	0.037549 	
4	-0.00532953 	-0.382069 	-1.3331 	0.278561 	0.379341 	0.0375634 	
4.005	-0.00537927 	-0.38174 	-1.33331 	0.278519 	0.3786 	0.0375824 	
4.01	-0.00542968 	-0.381412 	-1.33352 	0.278477 	0.377861 	0.0376008 	
4.015	-0.00549412 	-0.381095 	-1.33372 	0.278385 	0.377127 	0.0376189 	
4.02	-0.00556161 	-0.380784 	-1.33392 	0.278287 	0.376403 	0.0376402 	
4.025	-0.00562876 	-0.380479 	-1.33413 	0.278191 	0.375689 	0.0376633 	
4.03	-0.00568358 	-0.38032 	-1.33429 	0.278129 	0.375189 	0.0376848 	
4.035	-0.00573211 	-0.380158 	-1.33444 	0.278045 	0.374679 	0.0376679 	
4.04	-0.0057735 	-0.379991 	-1.33459 	0.277969 	0.374178 	0.0376483 	
4.045	-0.00580865 	-0.379817 	-1.33473 	0.277932 	0.373662 	0.0376107 	
4.05	-0.00584599 	-0.379632 	-1.33486 	0.277878 	0.37313 	0.0375797 	
4.055	-0.0058852 	-0.379438 	-1.335 	0.277823 	0.372595 	0.0375905 	
4.06	-0.00592611 	-0.379237 	-1.33514 	0.277769 	0.372052 	0.0376122 	
4.065	-0.00596838 	-0.379027 	-1.33529 	0.277715 	0.371498 	0.0376359 	
4.07	-0.00601214 	-0.378812 	-1.33543 	0.277659 	0.370936 	0.0376575 	
4.075	-0.00605721 	-0.378589 	-1.33558 	0.2776 	0.370364 	0.0376611 	
4.08	-0.00610339 	-0.378355 	-1.33573 	0.27754 	0.369777 	0.0376586 	
4.085	-0.00615042 	-0.378112 	-1.33589 	0.277481 	0.369173 	0.0376539 	
4.09	-0.00619254 	-0.377855 	-1.33605 	0.277433 	0.368551 	0.0376458 	
4.095	-0.0062326 	-0.377586 	-1.33621 	0.277393 	0.367911 	0.0376374 	
4.1	-0.00627165 	-0.377308 	-1.33638 	0.27736 	0.367254 	0.0376269 	
4.105	-0.00631151 	-0.377027 	-1.33655 	0.277331 	0.36659 	0.0376144 	
4.11	-0.00635296 	-0.376744 	-1.33672 	0.277299 	0.365921 	0.0376008 	
4.115	-0.00639607 	-0.376459 	-1.33689 	0.277265 	0.365248 	0.0375858 	
4.12	-0.00644066 	-0.376174 	-1.33707 	0.277229 	0.364572 	0.0375694 	
4.125	-0.00648649 	-0.375888 	-1.33725 	0.27719 	0.363895 	0.0375516 	
4.13	-0.00653332 	-0.375603 	-1.33743 	0.277149 	0.363217 	0.0375325 	
4.135	-0.00658094 	-0.375318 	-1.3376 	0.277107 	0.362539 	0.0375122 	
4.14	-0.00662912 	-0.375034 	-1.33778 	0.277063 	0.361863 	0.0374909 	
4.145	-0.00667768 	-0.374752 	-1.33796 	0.277019 	0.361187 	0.0374689 	
4.15	-0.0067264 	-0.37447 	-1.33814 	0.276975 	0.360512 	0.0374464 	
4.155	-0.00677521 	-0.37419 	-1.33832 	0.276931 	0.359839 	0.0374235 	
4.16	-0.00682415 	-0.37391 	-1.3385 	0.276887 	0.359167 	0.0374005 	
4.165	-0.00687346 	-0.373632 	-1.33868 	0.276843 	0.358496 	0.0373779 	
4.17	-0.00692351 	-0.373355 	-1.33886 	0.276794 	0.357828 	0.0373539 	
4.175	-0.0069736 	-0.37308 	-1.33904 	0.276747 	0.357161 	0.0373315 	
4.18	-0.00701399 	-0.372796 	-1.33921 	0.276735 	0.356479 	0.0372784 	
4.185	-0.00705854 	-0.372516 	-1.33939 	0.276703 	0.355794 	0.0372531 	
4.19	-0.00709656 	-0.37223 	-1.33956 	0.276695 	0.355101 	0.0371988 	
4.195	-0.00714403 	-0.37195 	-1.33974 	0.276647 	0.354416 	0.037184 	
4.2	-0.00718759 	-0.371666 	-1.33991 	0.276619 	0.353731 	0.0371579 	
4.205	-0.00723792 	-0.371392 	-1.34009 	0.276565 	0.353061 	0.0371571 	
4.21	-0.00729008 	-0.371127 	-1.34026 	0.276506 	0.352407 	0.0371638 	
4.215	-0.0073304 	-0.370852 	-1.34043 	0.276491 	0.351737 	0.0371218 	
4.22	-0.0073738 	-0.370576 	-1.3406 	0.27646 	0.351067 	0.0370966 	
4.225	-0.00741915 	-0.370301 	-1.34077 	0.276423 	0.350397 	0.037081 	
4.23	-0.00746997 	-0.370033 	-1.34094 	0.276366 	0.349738 	0.0370841 	
4.235	-0.00750632 	-0.369756 	-1.34111 	0.276318 	0.349074 	0.0370789 	
4.24	-0.00754584 	-0.369485 	-1.34127 	0.276259 	0.348415 	0.0370846 	
4.245	-0.00757903 	-0.369206 	-1.34144 	0.276228 	0.347745 	0.0370676 	
4.25	-0.0076119 	-0.368923 	-1.3416 	0.276204 	0.347064 	0.0370447 	
4.255	-0.00769298 	-0.368647 	-1.34175 	0.276057 	0.346352 	0.0370522 	
4.26	-0.00780345 	-0.368369 	-1.34189 	0.275855 	0.345619 	0.0370701 	
4.265	-0.00789002 	-0.368081 	-1.34205 	0.27574 	0.3449 	0.0370577 	
4.27	-0.00796639 	-0.367788 	-1.34221 	0.275653 	0.344181 	0.0370415 	
4.275	-0.00803697 	-0.367491 	-1.34238 	0.27558 	0.343458 	0.0370239 	
4.28	-0.0081033 	-0.367193 	-1.34255 	0.275516 	0.342732 	0.0370055 	
4.285	-0.00816323 	-0.36689 	-1.34272 	0.275472 	0.342007 	0.0369997 	
4.29	-0.00823095 	-0.366593 	-1.34289 	0.275393 	0.341282 	0.0370147 	
4.295	-0.00829029 	-0.366291 	-1.34307 	0.275347 	0.340554 	0.0370302 	
4.3	-0.00834556 	-0.365987 	-1.34324 	0.275314 	0.339823 	0.0370487 	
4.305	-0.00839824 	-0.365681 	-1.34341 	0.275288 	0.339088 	0.037071 	
4.31	-0.00845187 	-0.365369 	-1.34358 	0.275268 	0.338346 	0.0370516 	
4.315	-0.00850304 	-0.365055 	-1.34375 	0.275256 	0.337604 	0.0370445 	
4.32	-0.00855515 	-0.36474 	-1.34393 	0.275241 	0.336859 	0.0370392 	
4.325	-0.00860895 	-0.364425 	-1.34411 	0.27522 	0.336112 	0.0370357 	
4.33	-0.00866448 	-0.36411 	-1.34428 	0.275192 	0.335363 	0.0370338 	
4.335	-0.00872169 	-0.363796 	-1.34446 	0.275159 	0.334614 	0.0370335 	
4.34	-0.00878049 	-0.363483 	-1.34464 	0.275121 	0.333865 	0.0370349 	
4.345	-0.00884229 	-0.363179 	-1.34481 	0.275069 	0.33312 	0.0369938 	
4.35	-0.00890304 	-0.362874 	-1.34499 	0.27502 	0.33238 	0.0369867 	
4.355	-0.00896439 	-0.362569 	-1.34516 	0.274969 	0.331642 	0.0369888 	
4.36	-0.00902671 	-0.362266 	-1.34533 	0.274916 	0.330904 	0.0369941 	
4.365	-0.00909004 	-0.361963 	-1.34551 	0.274858 	0.330167 	0.037001 	
4.37	-0.00915426 	-0.36166 	-1.34568 	0.274797 	0.32943 	0.0370087 	
4.375	-0.00921927 	-0.361359 	-1.34586 	0.274734 	0.328693 	0.037017 	
4.38	-0.00928499 	-0.361057 	-1.34603 	0.274667 	0.327957 	0.0370258 	
4.385	-0.00935133 	-0.360757 	-1.3462 	0.274599 	0.32722 	0.0370347 	
4.39	-0.00940091 	-0.360667 	-1.34633 	0.274573 	0.326847 	0.0370399 	
4.395	-0.00943271 	-0.360565 	-1.34644 	0.274542 	0.326445 	0.0370438 	
4.4	-0.00946387 	-0.360453 	-1.34654 	0.274495 	0.326028 	0.037051 	
4.405	-0.00949365 	-0.360325 	-1.34665 	0.274456 	0.325595 	0.0370562 	
4.41	-0.00952666 	-0.360181 	-1.34675 	0.274411 	0.325136 	0.0370417 	
4.415	-0.00956124 	-0.360022 	-1.34686 	0.274376 	0.32465 	0.0370296 	
4.42	-0.00959655 	-0.359846 	-1.34697 	0.274348 	0.324138 	0.0370409 	
4.425	-0.00963218 	-0.359652 	-1.34709 	0.274323 	0.323604 	0.0370491 	
4.43	-0.00966867 	-0.359442 	-1.34721 	0.2743 	0.323047 	0.0370518 	
4.435	-0.00970699 	-0.359218 	-1.34734 	0.274276 	0.322466 	0.0370532 	
4.44	-0.00974728 	-0.358981 	-1.34747 	0.27425 	0.321862 	0.0370543 	
4.445	-0.00978966 	-0.358734 	-1.34761 	0.274223 	0.321238 	0.0370556 	
4.45	-0.00983433 	-0.358481 	-1.34775 	0.274194 	0.320599 	0.0370572 	
4.455	-0.00988137 	-0.358223 	-1.3479 	0.274161 	0.31995 	0.0370596 	
4.46	-0.0099306 	-0.357961 	-1.34804 	0.274123 	0.319291 	0.0370628 	
4.465	-0.00998181 	-0.357697 	-1.34819 	0.274082 	0.318624 	0.0370669 	
4.47	-0.0100348 	-0.35743 	-1.34834 	0.274037 	0.317951 	0.0370716 	
4.475	-0.0100894 	-0.357161 	-1.34849 	0.273988 	0.317273 	0.0370769 	
4.48	-0.0101455 	-0.356891 	-1.34864 	0.273936 	0.31659 	0.0370827 	
4.485	-0.0102028 	-0.35662 	-1.34879 	0.27388 	0.315904 	0.037089 	
4.49	-0.0102613 	-0.356348 	-1.34895 	0.273822 	0.315215 	0.0370957 	
4.495	-0.0103142 	-0.356066 	-1.3491 	0.273785 	0.314513 	0.037098 	
4.5	-0.0103657 	-0.355778 	-1.34925 	0.273754 	0.313797 	0.0370992 	
4.505	-0.010417 	-0.355482 	-1.34941 	0.273724 	0.313066 	0.0371002 	
4.51	-0.0104516 	-0.355173 	-1.34956 	0.273749 	0.312323 	0.0370975 	
4.515	-0.0105027 	-0.354874 	-1.34972 	0.273705 	0.311584 	0.0371032 	
4.52	-0.0105395 	-0.354563 	-1.34987 	0.273722 	0.310834 	0.0370931 	
4.525	-0.0105746 	-0.354255 	-1.35003 	0.273724 	0.310098 	0.0370881 	
4.53	-0.0106076 	-0.353942 	-1.35018 	0.273741 	0.309342 	0.0371003 	
4.535	-0.0106432 	-0.353624 	-1.35032 	0.273753 	0.308567 	0.0371351 	
4.54	-0.0106803 	-0.353302 	-1.35047 	0.273765 	0.307778 	0.0371763 	
4.545	-0.0107197 	-0.352979 	-1.35062 	0.273772 	0.306984 	0.0372206 	
4.55	-0.0107519 	-0.35291 	-1.35073 	0.273773 	0.306632 	0.0372343 	
4.555	-0.010764 	-0.352827 	-1.35083 	0.27378 	0.306256 	0.0372356 	
4.56	-0.0107717 	-0.352816 	-1.3509 	0.273777 	0.306011 	0.0372438 	
4.565	-0.0107759 	-0.352788 	-1.35096 	0.27377 	0.305715 	0.0372324 	
4.57	-0.0107746 	-0.352734 	-1.35102 	0.273763 	0.305389 	0.0372042 	
4.575	-0.0107688 	-0.352654 	-1.35109 	0.273773 	0.305044 	0.0371843 	
4.58	-0.0107589 	-0.352546 	-1.35116 	0.273808 	0.304667 	0.0371617 	
4.585	-0.0107571 	-0.352416 	-1.35124 	0.273831 	0.304253 	0.0371558 	
4.59	-0.0107608 	-0.352267 	-1.35133 	0.273853 	0.303806 	0.0371552 	
4.595	-0.0107765 	-0.3521 	-1.35142 	0.273845 	0.30332 	0.0371631 	
4.6	-0.010797 	-0.351914 	-1.35152 	0.273835 	0.302798 	0.037161 	
4.605	-0.0108188 	-0.351709 	-1.35163 	0.273836 	0.302248 	0.0371701 	
4.61	-0.0108467 	-0.351489 	-1.35174 	0.273823 	0.301662 	0.0371711 	
4.615	-0.010878 	-0.351256 	-1.35186 	0.273808 	0.301046 	0.0371631 	
4.62	-0.0109119 	-0.351009 	-1.35199 	0.273792 	0.300403 	0.0371504 	
4.625	-0.010948 	-0.350753 	-1.35211 	0.273777 	0.299744 	0.037139 	
4.63	-0.0109869 	-0.350491 	-1.35224 	0.273758 	0.299071 	0.037133 	
4.635	-0.0110291 	-0.350225 	-1.35238 	0.273733 	0.298388 	0.0371292 	
4.64	-0.0110739 	-0.349956 	-1.35252 	0.273703 	0.297701 	0.0371322 	
4.645	-0.0111218 	-0.349685 	-1.35265 	0.273666 	0.297008 	0.0371285 	
4.65	-0.0111722 	-0.349411 	-1.35279 	0.273624 	0.296302 	0.0371248 	
4.655	-0.0112251 	-0.349133 	-1.35293 	0.273577 	0.295586 	0.0371222 	
4.66	-0.0112802 	-0.348853 	-1.35308 	0.273525 	0.294864 	0.0371213 	
4.665	-0.0113374 	-0.34857 	-1.35322 	0.273467 	0.294137 	0.0371216 	
4.67	-0.0113964 	-0.348286 	-1.35337 	0.273406 	0.293403 	0.0371216 	
4.675	-0.011457 	-0.347999 	-1.35352 	0.273341 	0.292664 	0.0371201 	
4.68	-0.0115193 	-0.34771 	-1.35366 	0.273272 	0.291921 	0.0371191 	
4.685	-0.0115833 	-0.347419 	-1.35381 	0.273199 	0.291172 	0.0371189 	
4.69	-0.0116507 	-0.347158 	-1.35395 	0.273111 	0.290444 	0.0371401 	
4.695	-0.0117198 	-0.346897 	-1.35409 	0.27302 	0.289713 	0.0371657 	
4.7	-0.0117897 	-0.346634 	-1.35423 	0.272928 	0.288981 	0.0371924 	
4.705	-0.0118606 	-0.346369 	-1.35436 	0.272835 	0.288247 	0.0372199 	
4.71	-0.0119329 	-0.346101 	-1.35449 	0.27274 	0.287509 	0.0372482 	
4.715	-0.0120066 	-0.34583 	-1.35462 	0.272643 	0.286766 	0.037277 	
4.72	-0.0120816 	-0.345555 	-1.35476 	0.272544 	0.286018 	0.0373058 	
4.725	-0.0121579 	-0.345278 	-1.35489 	0.272444 	0.285264 	0.0373352 	
4.73	-0.0122353 	-0.344998 	-1.35502 	0.272342 	0.284505 	0.0373651 	
4.735	-0.0123004 	-0.34471 	-1.35516 	0.272285 	0.283741 	0.0373519 	
4.74	-0.0123612 	-0.344417 	-1.35529 	0.27224 	0.28297 	0.0373288 	
4.745	-0.0124228 	-0.344122 	-1.35542 	0.272189 	0.282191 	0.0373085 	
4.75	-0.0124834 	-0.343828 	-1.35556 	0.272145 	0.281415 	0.0373295 	
4.755	-0.0125436 	-0.343537 	-1.35569 	0.272103 	0.280642 	0.0373609 	
4.76	-0.0126032 	-0.343246 	-1.35582 	0.272062 	0.27987 	0.0373948 	
4.765	-0.0126625 	-0.342957 	-1.35595 	0.27202 	0.2791 	0.0374294 	
4.77	-0.0127215 	-0.342669 	-1.35608 	0.271979 	0.278331 	0.0374639 	
4.775	-0.0127802 	-0.342382 	-1.35621 	0.271937 	0.277563 	0.0374985 	
4.78	-0.0128387 	-0.342097 	-1.35634 	0.271896 	0.276797 	0.0375329 	
4.785	-0.012897 	-0.341812 	-1.35646 	0.271854 	0.276031 	0.0375673 	
4.79	-0.0129581 	-0.341522 	-1.35659 	0.271805 	0.275252 	0.0376047 	
4.795	-0.0130208 	-0.341227 	-1.35671 	0.271753 	0.274462 	0.0376434 	
4.8	-0.0130746 	-0.340925 	-1.35684 	0.271736 	0.273666 	0.0376648 	
4.805	-0.0131324 	-0.340618 	-1.35697 	0.271701 	0.272857 	0.0376853 	
4.81	-0.0131923 	-0.340308 	-1.3571 	0.271661 	0.272037 	0.0377068 	
4.815	-0.0132639 	-0.340012 	-1.35722 	0.271581 	0.271237 	0.0377572 	
4.82	-0.0133384 	-0.339726 	-1.35735 	0.271492 	0.270453 	0.0378138 	
4.825	-0.0134128 	-0.339449 	-1.35747 	0.271402 	0.269683 	0.0378713 	
4.83	-0.0134865 	-0.339179 	-1.35759 	0.271313 	0.268926 	0.037928 	
4.835	-0.0135591 	-0.338916 	-1.35771 	0.271225 	0.268182 	0.0379838 	
4.84	-0.0136306 	-0.338659 	-1.35783 	0.271138 	0.267448 	0.0380386 	
4.845	-0.0137011 	-0.338406 	-1.35794 	0.271053 	0.266724 	0.0380927 	
4.85	-0.0137706 	-0.338159 	-1.35806 	0.270969 	0.266009 	0.0381459 	
4.855	-0.0138393 	-0.337915 	-1.35817 	0.270887 	0.265302 	0.0381985 	
4.86	-0.0138897 	-0.337803 	-1.35826 	0.270838 	0.264854 	0.0382284 	
4.865	-0.0139305 	-0.337689 	-1.35835 	0.270787 	0.264396 	0.0382584 	
4.87	-0.0139637 	-0.337557 	-1.35843 	0.270752 	0.263914 	0.0382773 	
4.875	-0.0140138 	-0.337411 	-1.35851 	0.270668 	0.263394 	0.0382745 	
4.88	-0.0140585 	-0.337246 	-1.35859 	0.270604 	0.262854 	0.0382198 	
4.885	-0.0141024 	-0.337065 	-1.35868 	0.270547 	0.262288 	0.0381484 	
4.89	-0.0141457 	-0.336869 	-1.35877 	0.270496 	0.261697 	0.0380763 	
4.895	-0.0141905 	-0.336658 	-1.35886 	0.270445 	0.261078 	0.0380353 	
4.9	-0.0142372 	-0.336434 	-1.35896 	0.270395 	0.260431 	0.0380066 	
4.905	-0.0142862 	-0.336197 	-1.35905 	0.270344 	0.259758 	0.0379795 	
4.91	-0.0143373 	-0.335949 	-1.35915 	0.270293 	0.259063 	0.0379516 	
4.915	-0.0143895 	-0.335737 	-1.35924 	0.270251 	0.258481 	0.0379268 	
4.92	-0.0144608 	-0.335508 	-1.35932 	0.270148 	0.257832 	0.0379104 	
4.925	-0.0145228 	-0.335347 	-1.35941 	0.270095 	0.257329 	0.0378653 	
4.93	-0.0146104 	-0.335172 	-1.35948 	0.269954 	0.256757 	0.0378547 	
4.935	-0.0147245 	-0.334984 	-1.35954 	0.269742 	0.256128 	0.0378618 	
4.94	-0.0148748 	-0.334784 	-1.35959 	0.269439 	0.255446 	0.0378838 	
4.945	-0.0150223 	-0.334564 	-1.35967 	0.269165 	0.254745 	0.0378414 	
4.95	-0.0151447 	-0.334319 	-1.35975 	0.268953 	0.254024 	0.0376963 	
4.955	-0.0152501 	-0.334059 	-1.35985 	0.268787 	0.253279 	0.0375279 	
4.96	-0.0153431 	-0.333786 	-1.35995 	0.268652 	0.252513 	0.0373645 	
4.965	-0.015429 	-0.333505 	-1.36005 	0.268534 	0.251728 	0.0372142 	
4.97	-0.0155386 	-0.333221 	-1.36014 	0.268354 	0.250907 	0.0371697 	
4.975	-0.0156661 	-0.33293 	-1.36023 	0.268131 	0.250054 	0.0371572 	
4.98	-0.0158087 	-0.332631 	-1.36032 	0.267874 	0.249175 	0.0371565 	
4.985	-0.0159182 	-0.33232 	-1.36043 	0.267722 	0.24831 	0.0370755 	
4.99	-0.016013 	-0.332058 	-1.36052 	0.267611 	0.247609 	0.0369595 	
4.995	-0.0160901 	-0.331783 	-1.36062 	0.267553 	0.246874 	0.0369543 	
5	-0.0161612 	-0.331501 	-1.36072 	0.267507 	0.246114 	0.0369782 	
5.005	-0.0162298 	-0.331214 	-1.36082 	0.267464 	0.245334 	0.0370099 	
5.01	-0.0162826 	-0.331099 	-1.36091 	0.267424 	0.244864 	0.0370156 	
5.015	-0.0163265 	-0.330974 	-1.36099 	0.26736 	0.244365 	0.0369721 	
5.02	-0.0163656 	-0.330837 	-1.36107 	0.267298 	0.243847 	0.0369024 	
5.025	-0.0164275 	-0.330686 	-1.36113 	0.267178 	0.24329 	0.0368839 	
5.03	-0.0165146 	-0.330522 	-1.36119 	0.267003 	0.242694 	0.036887 	
5.035	-0.0165903 	-0.330335 	-1.36126 	0.266851 	0.242077 	0.0368281 	
5.04	-0.0166548 	-0.330129 	-1.36133 	0.266739 	0.241438 	0.0367134 	
5.045	-0.0166997 	-0.33003 	-1.36141 	0.26668 	0.241009 	0.0366588 	
5.05	-0.0167237 	-0.329934 	-1.36147 	0.266663 	0.240616 	0.0366253 	
5.055	-0.0167716 	-0.32982 	-1.36151 	0.266598 	0.240159 	0.0366058 	
5.06	-0.0168712 	-0.329695 	-1.36152 	0.266403 	0.23963 	0.0366117 	
5.065	-0.0170095 	-0.329555 	-1.36153 	0.266128 	0.239044 	0.0366298 	
5.07	-0.0171252 	-0.329382 	-1.36158 	0.265937 	0.238453 	0.0366565 	
5.075	-0.0172197 	-0.329187 	-1.36166 	0.265767 	0.237823 	0.0366685 	
5.08	-0.0172871 	-0.328965 	-1.36174 	0.265692 	0.237169 	0.0366645 	
5.085	-0.0173441 	-0.328724 	-1.36183 	0.265651 	0.236485 	0.0366512 	
5.09	-0.0173982 	-0.328469 	-1.36193 	0.26562 	0.235774 	0.036636 	
5.095	-0.0174521 	-0.328203 	-1.36202 	0.26559 	0.235039 	0.0366202 	
5.1	-0.0175367 	-0.327934 	-1.36211 	0.265474 	0.234263 	0.0366242 	
5.105	-0.0176009 	-0.327668 	-1.3622 	0.265369 	0.233514 	0.0366148 	
5.11	-0.0176495 	-0.327404 	-1.36229 	0.265319 	0.232783 	0.0365957 	
5.115	-0.0176898 	-0.327186 	-1.36239 	0.265276 	0.232099 	0.0365915 	
5.12	-0.0177521 	-0.326967 	-1.36248 	0.26517 	0.231394 	0.0366054 	
5.125	-0.017795 	-0.326796 	-1.36255 	0.265149 	0.230878 	0.0365789 	
5.13	-0.0178286 	-0.3266 	-1.36261 	0.265153 	0.230296 	0.0365384 	
5.135	-0.017861 	-0.326384 	-1.36268 	0.265161 	0.229663 	0.0365003 	
5.14	-0.017914 	-0.326155 	-1.36275 	0.265122 	0.228982 	0.0364533 	
5.145	-0.0179652 	-0.325908 	-1.36282 	0.265102 	0.228266 	0.0363947 	
5.15	-0.0180219 	-0.325646 	-1.36291 	0.265064 	0.227525 	0.0363841 	
5.155	-0.0180765 	-0.325371 	-1.36299 	0.265043 	0.226754 	0.036366 	
5.16	-0.0181633 	-0.325095 	-1.36306 	0.264935 	0.225944 	0.0363307 	
5.165	-0.0182428 	-0.324804 	-1.36315 	0.264845 	0.22512 	0.036241 	
5.17	-0.018314 	-0.324501 	-1.36323 	0.264767 	0.224276 	0.0361144 	
5.175	-0.0183817 	-0.324187 	-1.3633 	0.264724 	0.223405 	0.0359516 	
5.18	-0.018433 	-0.323911 	-1.36338 	0.264723 	0.222591 	0.0358645 	
5.185	-0.0184698 	-0.323696 	-1.36346 	0.264748 	0.221908 	0.0357926 	
5.19	-0.018542 	-0.32347 	-1.36339 	0.264751 	0.221148 	0.0356997 	
5.195	-0.0185759 	-0.323443 	-1.3634 	0.264743 	0.220838 	0.0356847 	
5.2	-0.0185816 	-0.323402 	-1.36342 	0.264733 	0.220485 	0.0356062 	
5.205	-0.0185809 	-0.323343 	-1.36347 	0.264707 	0.220113 	0.0355268 	
5.21	-0.0185718 	-0.323368 	-1.36351 	0.264699 	0.219924 	0.0355066 	
5.215	-0.0185639 	-0.323366 	-1.36355 	0.264673 	0.219688 	0.0354629 	
5.22	-0.0185552 	-0.323364 	-1.36359 	0.264657 	0.219462 	0.0354469 	
5.225	-0.018552 	-0.323332 	-1.36363 	0.264636 	0.219181 	0.0354083 	
5.23	-0.0185455 	-0.323305 	-1.36367 	0.264633 	0.218911 	0.0353932 	
5.235	-0.0185433 	-0.323259 	-1.36372 	0.264619 	0.218621 	0.0353748 	
5.24	-0.0185575 	-0.323188 	-1.36376 	0.264578 	0.218267 	0.035413 	
5.245	-0.0185719 	-0.323087 	-1.36381 	0.264552 	0.217864 	0.0354473 	
5.25	-0.0185949 	-0.322966 	-1.36386 	0.26451 	0.217424 	0.0354759 	
5.255	-0.0186159 	-0.32282 	-1.36391 	0.264489 	0.216934 	0.0354869 	
5.26	-0.0186399 	-0.322647 	-1.36397 	0.264472 	0.216392 	0.0355071 	
5.265	-0.0186673 	-0.322451 	-1.36404 	0.264456 	0.2158 	0.0355326 	
5.27	-0.0186984 	-0.322234 	-1.36411 	0.264439 	0.215163 	0.0355589 	
5.275	-0.018737 	-0.321999 	-1.36418 	0.264406 	0.214481 	0.0355782 	
5.28	-0.0187809 	-0.321748 	-1.36425 	0.264366 	0.213759 	0.0355944 	
5.285	-0.0188291 	-0.321481 	-1.36433 	0.264322 	0.213001 	0.03561 	
5.29	-0.0188808 	-0.3212 	-1.36441 	0.264275 	0.212211 	0.0356258 	
5.295	-0.0189359 	-0.320907 	-1.36449 	0.264225 	0.211392 	0.0356318 	
5.3	-0.0189941 	-0.320603 	-1.36457 	0.264173 	0.210546 	0.0356457 	
5.305	-0.0190546 	-0.320289 	-1.36466 	0.264116 	0.209676 	0.0356568 	
5.31	-0.0191178 	-0.319968 	-1.36474 	0.264069 	0.208784 	0.0356751 	
5.315	-0.0191852 	-0.319639 	-1.36483 	0.264013 	0.20787 	0.0357043 	
5.32	-0.0192466 	-0.319299 	-1.36491 	0.263982 	0.206931 	0.0357027 	
5.325	-0.0193187 	-0.318971 	-1.36501 	0.263888 	0.206038 	0.0356312 	
5.33	-0.0193805 	-0.318685 	-1.3651 	0.263831 	0.205184 	0.0356553 	
5.335	-0.0193924 	-0.31846 	-1.36524 	0.26383 	0.204409 	0.0356832 	
5.34	-0.0194063 	-0.318244 	-1.36534 	0.263827 	0.203644 	0.0357107 	
5.345	-0.0194262 	-0.318029 	-1.36543 	0.26382 	0.202889 	0.0357411 	
5.35	-0.0194576 	-0.317811 	-1.36552 	0.263777 	0.202147 	0.0357725 	
5.355	-0.0194894 	-0.317583 	-1.3656 	0.263743 	0.201408 	0.0357854 	
5.36	-0.0195099 	-0.317463 	-1.36569 	0.263701 	0.200817 	0.0357966 	
5.365	-0.0195066 	-0.317481 	-1.36578 	0.26369 	0.200516 	0.0358002 	
5.37	-0.0195064 	-0.317494 	-1.36584 	0.263659 	0.200227 	0.0358046 	
5.375	-0.0194996 	-0.317506 	-1.3659 	0.263639 	0.19996 	0.0357983 	
5.38	-0.0194907 	-0.317538 	-1.36595 	0.263624 	0.199763 	0.0357966 	
5.385	-0.0194858 	-0.317552 	-1.36599 	0.26359 	0.199553 	0.0357701 	
5.39	-0.0194796 	-0.317542 	-1.36603 	0.263571 	0.199319 	0.035741 	
5.395	-0.019475 	-0.317507 	-1.36608 	0.263557 	0.199053 	0.0356995 	
5.4	-0.0194749 	-0.317487 	-1.36611 	0.263541 	0.198834 	0.0356879 	
5.405	-0.0194709 	-0.317497 	-1.36615 	0.263534 	0.198671 	0.0356861 	
5.41	-0.0194719 	-0.317478 	-1.36618 	0.263509 	0.19844 	0.0356799 	
5.415	-0.0194677 	-0.317503 	-1.36622 	0.263499 	0.198303 	0.0356775 	
5.42	-0.0194583 	-0.317545 	-1.36625 	0.263494 	0.198203 	0.0356769 	
5.425	-0.0194471 	-0.317584 	-1.36628 	0.263489 	0.198096 	0.035676 	
5.43	-0.0194359 	-0.317604 	-1.3663 	0.263484 	0.197954 	0.0356699 	
5.435	-0.0194242 	-0.317641 	-1.36633 	0.263481 	0.197849 	0.0356683 	
5.44	-0.0194115 	-0.317685 	-1.36635 	0.263478 	0.197761 	0.0356674 	
5.445	-0.0193972 	-0.31769 	-1.36638 	0.263483 	0.197598 	0.0356574 	
5.45	-0.0193848 	-0.317713 	-1.3664 	0.263483 	0.197469 	0.0356521 	
5.455	-0.019372 	-0.317706 	-1.36643 	0.26348 	0.197273 	0.035633 	
5.46	-0.0193637 	-0.317701 	-1.36646 	0.263469 	0.197083 	0.0356239 	
5.465	-0.0193593 	-0.317682 	-1.36649 	0.263449 	0.196856 	0.0356097 	
5.47	-0.0193507 	-0.317708 	-1.36652 	0.26344 	0.196717 	0.0356056 	
5.475	-0.0193445 	-0.317717 	-1.36655 	0.263424 	0.196558 	0.0355975 	
5.48	-0.0193348 	-0.317751 	-1.36657 	0.263418 	0.196448 	0.0355954 	
5.485	-0.0193225 	-0.317795 	-1.3666 	0.263413 	0.196361 	0.035595 	
5.49	-0.0193084 	-0.317842 	-1.36662 	0.26341 	0.196278 	0.0355951 	
5.495	-0.0192934 	-0.317889 	-1.36664 	0.263406 	0.196195 	0.035595 	
5.5	-0.0192785 	-0.317934 	-1.36666 	0.263403 	0.196111 	0.0355947 	
5.505	-0.0192644 	-0.317971 	-1.36668 	0.2634 	0.195958 	0.0356042 	
5.51	-0.0192483 	-0.318009 	-1.36671 	0.263399 	0.195828 	0.0356044 	
5.515	-0.0192358 	-0.318031 	-1.36673 	0.263391 	0.19569 	0.0356082 	
5.52	-0.0192236 	-0.318037 	-1.36676 	0.263386 	0.195508 	0.0356093 	
5.525	-0.019222 	-0.31801 	-1.36679 	0.263365 	0.195258 	0.0356105 	
5.53	-0.0192167 	-0.318021 	-1.36682 	0.263357 	0.195087 	0.0356106 	
5.535	-0.0192189 	-0.317998 	-1.36683 	0.263374 	0.194833 	0.0355991 	
5.54	-0.0192308 	-0.317942 	-1.36684 	0.263412 	0.194496 	0.0355883 	
5.545	-0.01923 	-0.317931 	-1.36687 	0.263427 	0.194234 	0.0355764 	
5.55	-0.0192295 	-0.317895 	-1.36689 	0.263463 	0.193912 	0.035555 	
5.555	-0.0192272 	-0.317828 	-1.36692 	0.263491 	0.193548 	0.035521 	
5.56	-0.0192268 	-0.317731 	-1.36694 	0.263533 	0.193125 	0.0354932 	
5.565	-0.0192285 	-0.317605 	-1.36696 	0.263588 	0.192645 	0.035475 	
5.57	-0.0192167 	-0.317446 	-1.367 	0.263689 	0.192126 	0.0354366 	
5.575	-0.0192062 	-0.317261 	-1.36704 	0.263773 	0.191555 	0.0354065 	
5.58	-0.0192011 	-0.317216 	-1.3671 	0.263795 	0.191211 	0.0353931 	
5.585	-0.0191904 	-0.317154 	-1.36713 	0.263837 	0.190809 	0.0353428 	
5.59	-0.0191897 	-0.317072 	-1.36717 	0.263874 	0.190356 	0.0353079 	
5.595	-0.0191985 	-0.316965 	-1.36721 	0.263882 	0.189874 	0.0353002 	
5.6	-0.0192112 	-0.316831 	-1.36726 	0.263885 	0.189364 	0.0352982 	
5.605	-0.0192283 	-0.316671 	-1.36732 	0.263884 	0.188814 	0.0352999 	
5.61	-0.0192517 	-0.316487 	-1.36738 	0.263876 	0.188217 	0.0353018 	
5.615	-0.0192804 	-0.316282 	-1.36743 	0.263859 	0.187574 	0.0353068 	
5.62	-0.0193133 	-0.316056 	-1.3675 	0.263844 	0.186889 	0.0353095 	
5.625	-0.0193446 	-0.315809 	-1.36756 	0.263847 	0.186164 	0.0353068 	
5.63	-0.0193773 	-0.315545 	-1.36763 	0.263855 	0.185401 	0.0353025 	
5.635	-0.0194141 	-0.315267 	-1.36769 	0.263853 	0.184599 	0.0353003 	
5.64	-0.0194523 	-0.314975 	-1.36776 	0.263852 	0.183764 	0.0352981 	
5.645	-0.0194959 	-0.314674 	-1.36783 	0.263837 	0.182908 	0.035305 	
5.65	-0.0195338 	-0.314361 	-1.3679 	0.26385 	0.182026 	0.0353003 	
5.655	-0.0195833 	-0.314041 	-1.36797 	0.263842 	0.181113 	0.0352993 	
5.66	-0.0196196 	-0.313708 	-1.36803 	0.263898 	0.180171 	0.0352979 	
5.665	-0.0196598 	-0.313368 	-1.36809 	0.263927 	0.179215 	0.0352911 	
5.67	-0.0196967 	-0.31302 	-1.36817 	0.263968 	0.178248 	0.0352792 	
5.675	-0.0197113 	-0.312658 	-1.36823 	0.264098 	0.177262 	0.0352279 	
5.68	-0.0196778 	-0.312279 	-1.36828 	0.264389 	0.176265 	0.0351644 	
5.685	-0.0196138 	-0.311895 	-1.36829 	0.264772 	0.175226 	0.0349544 	
5.69	-0.0195177 	-0.311506 	-1.36827 	0.265243 	0.174153 	0.0346549 	
5.695	-0.0194697 	-0.31113 	-1.36828 	0.26548 	0.173089 	0.0344179 	
5.7	-0.0194524 	-0.311038 	-1.36832 	0.265541 	0.172603 	0.0343528 	
5.705	-0.0194196 	-0.310939 	-1.36834 	0.265627 	0.172099 	0.0343221 	
5.71	-0.0193351 	-0.310813 	-1.36833 	0.265896 	0.171575 	0.0342406 	
5.715	-0.0192607 	-0.310679 	-1.36829 	0.2661 	0.170962 	0.0341323 	
5.72	-0.0191584 	-0.310517 	-1.36824 	0.266421 	0.170314 	0.0339582 	
5.725	-0.0190626 	-0.310329 	-1.36821 	0.266724 	0.169647 	0.033809 	
5.73	-0.019019 	-0.310129 	-1.36818 	0.266852 	0.168961 	0.0337852 	
5.735	-0.0190054 	-0.309915 	-1.3682 	0.266885 	0.168266 	0.033828 	
5.74	-0.0190097 	-0.309686 	-1.36822 	0.26688 	0.167542 	0.0338672 	
5.745	-0.0190531 	-0.309452 	-1.36823 	0.266781 	0.166774 	0.0339104 	
5.75	-0.0190856 	-0.309201 	-1.36827 	0.266761 	0.166006 	0.0339211 	
5.755	-0.0190994 	-0.309167 	-1.36832 	0.266752 	0.165711 	0.0339221 	
5.76	-0.0191065 	-0.309113 	-1.36835 	0.266732 	0.165342 	0.0339132 	
5.765	-0.0191098 	-0.309032 	-1.36837 	0.266724 	0.164914 	0.0339105 	
5.77	-0.0191176 	-0.308923 	-1.36839 	0.266719 	0.164436 	0.0339223 	
5.775	-0.0191259 	-0.308784 	-1.36842 	0.266727 	0.163911 	0.0339343 	
5.78	-0.0191364 	-0.308617 	-1.36845 	0.266743 	0.163338 	0.0339508 	
5.785	-0.0191504 	-0.308425 	-1.36849 	0.266764 	0.162714 	0.0339643 	
5.79	-0.0191679 	-0.308209 	-1.36852 	0.266789 	0.162039 	0.0339787 	
5.795	-0.0191884 	-0.307971 	-1.36856 	0.266817 	0.161315 	0.033996 	
5.8	-0.0192121 	-0.307714 	-1.36861 	0.266848 	0.160546 	0.0340152 	
5.805	-0.0192402 	-0.30744 	-1.36865 	0.266877 	0.159734 	0.0340229 	
5.81	-0.0192725 	-0.307151 	-1.3687 	0.266905 	0.158885 	0.0340255 	
5.815	-0.0193298 	-0.30686 	-1.36874 	0.266834 	0.158001 	0.0340303 	
5.82	-0.0193991 	-0.306562 	-1.36878 	0.26674 	0.157092 	0.0340418 	
5.825	-0.0194559 	-0.306258 	-1.36883 	0.266706 	0.156189 	0.034044 	
5.83	-0.0195093 	-0.305952 	-1.36889 	0.266684 	0.155283 	0.0340438 	
5.835	-0.0195619 	-0.305645 	-1.36895 	0.266663 	0.154374 	0.0340428 	
5.84	-0.0196087 	-0.305339 	-1.36902 	0.266641 	0.153464 	0.0340407 	
5.845	-0.0196491 	-0.305032 	-1.36908 	0.266642 	0.152557 	0.0340356 	
5.85	-0.019697 	-0.304729 	-1.36914 	0.266613 	0.151648 	0.0340344 	
5.855	-0.0197398 	-0.304426 	-1.36921 	0.266605 	0.150746 	0.034031 	
5.86	-0.0197843 	-0.304125 	-1.36928 	0.266593 	0.149847 	0.0340291 	
5.865	-0.0198305 	-0.303825 	-1.36935 	0.266574 	0.148949 	0.0340283 	
5.87	-0.0198366 	-0.303774 	-1.36947 	0.266551 	0.148223 	0.0340265 	
5.875	-0.0198414 	-0.303774 	-1.36951 	0.266541 	0.14751 	0.0340157 	
5.88	-0.0198499 	-0.303779 	-1.36952 	0.266522 	0.146858 	0.0340156 	
5.885	-0.0198709 	-0.303771 	-1.36951 	0.266484 	0.146258 	0.0340313 	
5.89	-0.0198931 	-0.303736 	-1.36951 	0.266482 	0.145682 	0.0340436 	
5.895	-0.0199198 	-0.303667 	-1.36953 	0.266488 	0.14511 	0.0340412 	
5.9	-0.0199538 	-0.303567 	-1.36955 	0.266476 	0.14453 	0.0340441 	
5.905	-0.019994 	-0.303432 	-1.3696 	0.266433 	0.143947 	0.0340712 	
5.91	-0.0200306 	-0.303267 	-1.36965 	0.266408 	0.143336 	0.0340813 	
5.915	-0.0200679 	-0.303076 	-1.36971 	0.26639 	0.142684 	0.0340859 	
5.92	-0.0201067 	-0.302863 	-1.36977 	0.266379 	0.141988 	0.0340869 	
5.925	-0.0201471 	-0.302629 	-1.36982 	0.266376 	0.141248 	0.0340848 	
5.93	-0.0201898 	-0.302377 	-1.36988 	0.266374 	0.140465 	0.0340819 	
5.935	-0.0202359 	-0.30211 	-1.36993 	0.266369 	0.139641 	0.0340802 	
5.94	-0.0202848 	-0.301829 	-1.36998 	0.266361 	0.138781 	0.0340794 	
5.945	-0.0203362 	-0.301535 	-1.37002 	0.266353 	0.137887 	0.034079 	
5.95	-0.020396 	-0.301231 	-1.37007 	0.266329 	0.136961 	0.0340819 	
5.955	-0.0204645 	-0.300921 	-1.37011 	0.266279 	0.136007 	0.0340833 	
5.96	-0.0205331 	-0.3006 	-1.37015 	0.266236 	0.13503 	0.0340841 	
5.965	-0.0205944 	-0.300269 	-1.37019 	0.266228 	0.134025 	0.0340658 	
5.97	-0.0206546 	-0.29993 	-1.37023 	0.266221 	0.133005 	0.0340564 	
5.975	-0.0207187 	-0.299586 	-1.37026 	0.266203 	0.131965 	0.0340427 	
5.98	-0.0207816 	-0.299235 	-1.3703 	0.266194 	0.130911 	0.0340342 	
5.985	-0.0208441 	-0.298879 	-1.37034 	0.266191 	0.129844 	0.0340267 	
5.99	-0.0209069 	-0.298519 	-1.37038 	0.266189 	0.128765 	0.03402 	
5.995	-0.0209704 	-0.298155 	-1.37041 	0.266187 	0.127674 	0.0340146 	
6	-0.0210403 	-0.29779 	-1.37045 	0.266172 	0.126571 	0.0340155 	
6.005	-0.0211108 	-0.297422 	-1.37048 	0.266159 	0.12546 	0.0340198 	
6.01	-0.0211769 	-0.297051 	-1.37051 	0.266174 	0.124343 	0.0340235 	
6.015	-0.0212445 	-0.296683 	-1.37055 	0.266178 	0.123226 	0.0340345 	
6.02	-0.0213118 	-0.296323 	-1.37059 	0.266164 	0.122134 	0.0340355 	
6.025	-0.0213753 	-0.29597 	-1.37064 	0.266155 	0.121063 	0.0340317 	
6.03	-0.0214367 	-0.295623 	-1.3707 	0.266146 	0.12001 	0.0340275 	
6.035	-0.0214993 	-0.295285 	-1.37075 	0.266127 	0.118972 	0.0340256 	
6.04	-0.0215614 	-0.294953 	-1.3708 	0.266103 	0.11795 	0.034024 	
6.045	-0.0216237 	-0.294631 	-1.37085 	0.266073 	0.116945 	0.0340264 	
6.05	-0.0216964 	-0.29432 	-1.37089 	0.266004 	0.11595 	0.0340348 	
6.055	-0.0217586 	-0.294012 	-1.37093 	0.265989 	0.114969 	0.0340292 	
6.06	-0.0218163 	-0.293709 	-1.37096 	0.265978 	0.113998 	0.0340208 	
6.065	-0.0218746 	-0.29341 	-1.371 	0.265958 	0.113037 	0.0340132 	
6.07	-0.0219326 	-0.293115 	-1.37103 	0.265934 	0.112085 	0.0340063 	
6.075	-0.0219902 	-0.292824 	-1.37107 	0.265909 	0.111143 	0.0339999 	
6.08	-0.0220454 	-0.292534 	-1.37111 	0.265889 	0.110208 	0.033994 	
6.085	-0.022098 	-0.292244 	-1.37114 	0.265881 	0.109276 	0.0339885 	
6.09	-0.0221488 	-0.291956 	-1.37118 	0.265882 	0.108347 	0.0339839 	
6.095	-0.0221944 	-0.291667 	-1.37121 	0.265886 	0.107421 	0.0339699 	
6.1	-0.0222509 	-0.291379 	-1.37124 	0.265871 	0.106487 	0.033943 	
6.105	-0.0223269 	-0.291091 	-1.37125 	0.265796 	0.105531 	0.0339125 	
6.11	-0.0224023 	-0.290803 	-1.37127 	0.265731 	0.104581 	0.0339033 	
6.115	-0.0224783 	-0.290583 	-1.37127 	0.265684 	0.104032 	0.0338853 	
6.12	-0.0225581 	-0.290334 	-1.37127 	0.265624 	0.103456 	0.0338869 	
6.125	-0.022625 	-0.290077 	-1.37128 	0.265606 	0.102901 	0.0338859 	
6.13	-0.0226811 	-0.289816 	-1.3713 	0.265618 	0.102354 	0.0338825 	
6.135	-0.0227406 	-0.289566 	-1.37132 	0.265605 	0.101824 	0.0338848 	
6.14	-0.0227979 	-0.289361 	-1.37135 	0.265575 	0.101383 	0.0338914 	
6.145	-0.0228477 	-0.289269 	-1.37136 	0.265564 	0.101297 	0.0338942 	
6.15	-0.022881 	-0.28919 	-1.37136 	0.265564 	0.101223 	0.0338971 	
6.155	-0.0229062 	-0.289116 	-1.37136 	0.265564 	0.10115 	0.0339005 	
6.16	-0.0229291 	-0.289048 	-1.37135 	0.265558 	0.101083 	0.0339048 	
6.165	-0.0229469 	-0.288982 	-1.37135 	0.26556 	0.101017 	0.0339074 	
6.17	-0.0229716 	-0.288912 	-1.37134 	0.265536 	0.100922 	0.0339155 	
6.175	-0.0229864 	-0.288844 	-1.37134 	0.265553 	0.100858 	0.0339137 	
6.18	-0.0230171 	-0.288763 	-1.37132 	0.265509 	0.100724 	0.0339287 	
6.185	-0.0230389 	-0.288686 	-1.37132 	0.265486 	0.10062 	0.0339586 	
6.19	-0.0230498 	-0.288611 	-1.37132 	0.265515 	0.100534 	0.0339643 	
6.195	-0.0230499 	-0.288546 	-1.37132 	0.265532 	0.100454 	0.0339655 	
6.2	-0.0230459 	-0.288486 	-1.37132 	0.265553 	0.10039 	0.0339809 	
6.205	-0.0230345 	-0.288427 	-1.37132 	0.265597 	0.100343 	0.0340131 	
6.21	-0.0230333 	-0.288397 	-1.37131 	0.26561 	0.100358 	0.0340209 	
6.215	-0.0230347 	-0.288376 	-1.37129 	0.265614 	0.100393 	0.0340229 	
6.22	-0.0230369 	-0.288359 	-1.37128 	0.265615 	0.100433 	0.0340233 	
6.225	-0.0230397 	-0.288344 	-1.37126 	0.265616 	0.100474 	0.0340234 	
6.23	-0.0230431 	-0.28833 	-1.37124 	0.265616 	0.100515 	0.0340234 	
6.235	-0.023047 	-0.288318 	-1.37123 	0.265617 	0.100557 	0.0340233 	
6.24	-0.0230514 	-0.288306 	-1.37121 	0.265617 	0.100599 	0.0340233 	
6.245	-0.0230563 	-0.288296 	-1.37119 	0.265617 	0.100641 	0.0340233 	
6.25	-0.0230616 	-0.288286 	-1.37117 	0.265617 	0.100683 	0.0340233 	
6.255	-0.0230672 	-0.288276 	-1.37116 	0.265617 	0.100725 	0.0340233 	
6.26	-0.0230732 	-0.288267 	-1.37114 	0.265616 	0.100767 	0.0340233 	
6.265	-0.0230794 	-0.288258 	-1.37112 	0.265616 	0.100809 	0.0340233 	
6.27	-0.0230858 	-0.28825 	-1.37111 	0.265616 	0.100852 	0.0340234 	
6.275	-0.0230924 	-0.288242 	-1.37109 	0.265615 	0.100894 	0.0340234 	
6.28	-0.0230991 	-0.288234 	-1.37107 	0.265615 	0.100936 	0.0340234 	
6.285	-0.023106 	-0.288226 	-1.37105 	0.265615 	0.100979 	0.0340235 	
6.29	-0.0231132 	-0.288214 	-1.37104 	0.265613 	0.101012 	0.0340203 	
6.295	-0.0231205 	-0.288194 	-1.37102 	0.265614 	0.101033 	0.0340153 	
6.3	-0.0231285 	-0.288181 	-1.37101 	0.265614 	0.101065 	0.0340144 	
6.305	-0.0231367 	-0.288171 	-1.37099 	0.265614 	0.101105 	0.0340143 	
6.31	-0.0231448 	-0.288162 	-1.37097 	0.265613 	0.101146 	0.0340143 	
6.315	-0.0231527 	-0.288153 	-1.37096 	0.265613 	0.101188 	0.0340143 	
6.32	-0.0231606 	-0.288145 	-1.37094 	0.265612 	0.101231 	0.0340144 	
6.325	-0.0231684 	-0.288137 	-1.37092 	0.265612 	0.101273 	0.0340144 	
6.33	-0.0231762 	-0.288129 	-1.37091 	0.265611 	0.101315 	0.0340145 	
6.335	-0.0231841 	-0.288122 	-1.37089 	0.265611 	0.101358 	0.0340146 	
6.34	-0.0231919 	-0.288114 	-1.37087 	0.26561 	0.1014 	0.0340146 	
6.345	-0.0231997 	-0.288107 	-1.37085 	0.26561 	0.101442 	0.0340147 	
6.35	-0.0232076 	-0.288099 	-1.37084 	0.265609 	0.101485 	0.0340147 	
6.355	-0.0232154 	-0.288092 	-1.37082 	0.265609 	0.101527 	0.0340148 	
6.36	-0.0232232 	-0.288085 	-1.3708 	0.265608 	0.101569 	0.0340148 	
6.365	-0.0232311 	-0.288078 	-1.37079 	0.265608 	0.101612 	0.0340149 	
6.37	-0.023239 	-0.28807 	-1.37077 	0.265607 	0.101654 	0.034015 	
6.375	-0.0232468 	-0.288063 	-1.37075 	0.265607 	0.101697 	0.034015 	
6.38	-0.0232547 	-0.288056 	-1.37073 	0.265606 	0.101739 	0.034015 	
6.385	-0.0232626 	-0.288049 	-1.37072 	0.265606 	0.101781 	0.0340151 	
6.39	-0.0232706 	-0.288036 	-1.3707 	0.265604 	0.101809 	0.0340163 	
6.395	-0.023279 	-0.288026 	-1.37068 	0.265604 	0.101848 	0.0340167 	
6.4	-0.0232927 	-0.288007 	-1.37067 	0.265591 	0.101871 	0.0340156 	
6.405	-0.0233052 	-0.287992 	-1.37065 	0.265587 	0.101907 	0.0340154 	
6.41	-0.0233169 	-0.287979 	-1.37063 	0.265585 	0.101948 	0.0340154 	
6.415	-0.0233279 	-0.287967 	-1.37061 	0.265585 	0.101989 	0.0340155 	
6.42	-0.0233384 	-0.287955 	-1.3706 	0.265584 	0.102031 	0.0340155 	
6.425	-0.0233481 	-0.287931 	-1.37058 	0.265583 	0.102047 	0.0339917 	
6.43	-0.0233589 	-0.287914 	-1.37056 	0.265582 	0.102082 	0.0339857 	
6.435	-0.0233695 	-0.287899 	-1.37055 	0.265582 	0.102122 	0.0339842 	
6.44	-0.0233797 	-0.287886 	-1.37053 	0.265581 	0.102164 	0.0339838 	
6.445	-0.0233896 	-0.287874 	-1.37051 	0.265581 	0.102205 	0.0339838 	
6.45	-0.0233991 	-0.287863 	-1.37049 	0.26558 	0.102247 	0.0339837 	
6.455	-0.0234085 	-0.287852 	-1.37048 	0.26558 	0.102289 	0.0339838 	
6.46	-0.0234177 	-0.287842 	-1.37046 	0.265579 	0.102331 	0.0339838 	
6.465	-0.0234267 	-0.287832 	-1.37044 	0.265579 	0.102373 	0.0339838 	
6.47	-0.0234354 	-0.287818 	-1.37042 	0.265579 	0.102405 	0.0339818 	
6.475	-0.0234446 	-0.287807 	-1.37041 	0.265579 	0.102445 	0.0339813 	
6.48	-0.0234536 	-0.287797 	-1.37039 	0.265578 	0.102486 	0.0339812 	
6.485	-0.0234625 	-0.287787 	-1.37037 	0.265577 	0.102528 	0.0339812 	
6.49	-0.0234713 	-0.287778 	-1.37036 	0.265577 	0.10257 	0.0339813 	
6.495	-0.02348 	-0.287769 	-1.37034 	0.265576 	0.102612 	0.0339813 	
6.5	-0.0234886 	-0.28776 	-1.37032 	0.265576 	0.102655 	0.0339814 	
6.505	-0.0234971 	-0.287751 	-1.3703 	0.265575 	0.102697 	0.0339814 	
6.51	-0.0235056 	-0.287743 	-1.37029 	0.265575 	0.102739 	0.0339815 	
6.515	-0.0235141 	-0.287734 	-1.37027 	0.265574 	0.102782 	0.0339816 	
6.52	-0.0235226 	-0.287726 	-1.37025 	0.265574 	0.102824 	0.0339816 	
6.525	-0.023531 	-0.287718 	-1.37024 	0.265573 	0.102867 	0.0339817 	
6.53	-0.0235345 	-0.287711 	-1.37023 	0.26557 	0.102871 	0.0339822 	
6.535	-0.0235375 	-0.287711 	-1.37021 	0.265569 	0.102906 	0.0339823 	
6.54	-0.0235403 	-0.287713 	-1.3702 	0.265568 	0.102948 	0.0339823 	
6.545	-0.0235434 	-0.287713 	-1.37019 	0.265568 	0.102992 	0.0339823 	
6.55	-0.023547 	-0.287713 	-1.37017 	0.265567 	0.103035 	0.0339822 	
6.555	-0.0235513 	-0.287711 	-1.37015 	0.265567 	0.103079 	0.0339822 	
6.56	-0.023556 	-0.287709 	-1.37014 	0.265567 	0.103122 	0.0339822 	
6.565	-0.0235613 	-0.287706 	-1.37012 	0.265566 	0.103165 	0.0339822 	
6.57	-0.023567 	-0.287702 	-1.37011 	0.265566 	0.103209 	0.0339822 	
6.575	-0.0235731 	-0.287697 	-1.37009 	0.265565 	0.103252 	0.0339822 	
6.58	-0.0235795 	-0.287692 	-1.37007 	0.265565 	0.103294 	0.0339823 	
6.585	-0.0235863 	-0.287687 	-1.37006 	0.265564 	0.103337 	0.0339823 	
6.59	-0.0235932 	-0.287681 	-1.37004 	0.265564 	0.10338 	0.0339823 	
6.595	-0.0236004 	-0.287675 	-1.37002 	0.265563 	0.103423 	0.0339824 	
6.6	-0.0236077 	-0.287668 	-1.37001 	0.265563 	0.103466 	0.0339824 	
6.605	-0.0236153 	-0.287662 	-1.36999 	0.265562 	0.103508 	0.0339825 	
6.61	-0.0236238 	-0.287653 	-1.36998 	0.265556 	0.103537 	0.033983 	
