0	0.333706 	-0.17241 	0.0336918 	-0.369617 	-1.57018 	0.369649 	
0.005	0.332479 	-0.183034 	0.0339483 	-2.5918 	-1.56823 	2.1216 	
0.01	0.333443 	-0.178384 	0.0337494 	-0.652107 	-1.57035 	0.38925 	
0.015	0.333472 	-0.178321 	0.0337415 	-0.648879 	-1.56995 	0.385544 	
0.02	0.333487 	-0.178296 	0.0337472 	-0.618568 	-1.57024 	0.357167 	
0.025	0.333483 	-0.178289 	0.0337403 	-0.614482 	-1.56988 	0.35365 	
0.03	0.333473 	-0.178287 	0.0337307 	-0.614354 	-1.56937 	0.354012 	
0.035	0.333524 	-0.178303 	0.0337479 	-0.623053 	-1.57023 	0.361266 	
0.04	0.333532 	-0.178313 	0.0337445 	-0.627282 	-1.57003 	0.365207 	
0.045	0.333533 	-0.178323 	0.0337376 	-0.628544 	-1.56965 	0.366273 	
0.05	0.33353 	-0.178335 	0.0337279 	-0.628558 	-1.56912 	0.366165 	
0.055	0.333598 	-0.178288 	0.0337437 	-0.618797 	-1.56991 	0.357796 	
0.06	0.333617 	-0.17828 	0.0337398 	-0.616712 	-1.56968 	0.356212 	
0.065	0.333629 	-0.178276 	0.0337326 	-0.616539 	-1.56927 	0.356476 	
0.07	0.333637 	-0.178276 	0.0337227 	-0.61696 	-1.56872 	0.357281 	
0.075	0.3337 	-0.178297 	0.0337377 	-0.620483 	-1.56945 	0.359249 	
0.08	0.333724 	-0.178308 	0.0337335 	-0.62252 	-1.56919 	0.36092 	
0.085	0.333742 	-0.17832 	0.0337261 	-0.623857 	-1.56876 	0.362 	
0.09	0.333757 	-0.178333 	0.0337161 	-0.624607 	-1.56818 	0.362579 	
0.095	0.333841 	-0.178271 	0.0337297 	-0.61712 	-1.56884 	0.357218 	
0.1	0.333877 	-0.178258 	0.0337251 	-0.615688 	-1.56855 	0.356531 	
0.105	0.333907 	-0.17825 	0.0337174 	-0.615206 	-1.56809 	0.356681 	
0.11	0.333959 	-0.178281 	0.033721 	-0.617316 	-1.56822 	0.357192 	
0.115	0.333991 	-0.178294 	0.0337138 	-0.618393 	-1.56777 	0.357975 	
0.12	0.334019 	-0.178306 	0.033704 	-0.619333 	-1.5672 	0.358716 	
0.125	0.334045 	-0.178319 	0.0336923 	-0.620071 	-1.56651 	0.35933 	
0.13	0.334164 	-0.178252 	0.0337133 	-0.614387 	-1.56754 	0.355696 	
0.135	0.334221 	-0.178237 	0.0337109 	-0.613237 	-1.56734 	0.355282 	
0.14	0.334271 	-0.178227 	0.033705 	-0.612797 	-1.56696 	0.355465 	
0.145	0.334317 	-0.178222 	0.0336964 	-0.612774 	-1.56643 	0.355975 	
0.15	0.334376 	-0.178262 	0.0336958 	-0.613373 	-1.56631 	0.354721 	
0.155	0.334421 	-0.178279 	0.0336869 	-0.614114 	-1.56576 	0.355042 	
0.16	0.334464 	-0.178294 	0.033676 	-0.614913 	-1.56509 	0.355541 	
0.165	0.334576 	-0.178232 	0.0336876 	-0.610908 	-1.56561 	0.353775 	
0.17	0.334642 	-0.178219 	0.0336822 	-0.610316 	-1.56524 	0.353922 	
0.175	0.334702 	-0.178211 	0.0336741 	-0.610133 	-1.56472 	0.354365 	
0.18	0.334759 	-0.178208 	0.0336637 	-0.610182 	-1.56407 	0.354949 	
0.185	0.334853 	-0.178232 	0.0336707 	-0.608377 	-1.56433 	0.351653 	
0.19	0.33492 	-0.178243 	0.033664 	-0.608352 	-1.56388 	0.351339 	
0.195	0.334984 	-0.178254 	0.0336548 	-0.608676 	-1.56329 	0.351466 	
0.2	0.335086 	-0.178205 	0.0336567 	-0.606244 	-1.56328 	0.351094 	
0.205	0.335161 	-0.178195 	0.0336487 	-0.605949 	-1.56275 	0.351512 	
0.21	0.335232 	-0.178189 	0.0336386 	-0.605934 	-1.5621 	0.352101 	
0.215	0.3353 	-0.178187 	0.0336268 	-0.606079 	-1.56136 	0.352763 	
0.22	0.335426 	-0.178196 	0.0336396 	-0.602733 	-1.56192 	0.348315 	
0.225	0.335514 	-0.178202 	0.0336346 	-0.602148 	-1.56153 	0.347571 	
0.23	0.335597 	-0.17821 	0.0336269 	-0.602054 	-1.561 	0.347386 	
0.235	0.335677 	-0.178218 	0.0336171 	-0.602294 	-1.56035 	0.347588 	
0.24	0.33579 	-0.178161 	0.0336156 	-0.599609 	-1.56015 	0.347407 	
0.245	0.335879 	-0.178148 	0.0336063 	-0.599151 	-1.55952 	0.347876 	
0.25	0.335965 	-0.178139 	0.0335953 	-0.598999 	-1.5588 	0.348499 	
0.255	0.336087 	-0.178159 	0.0336001 	-0.596812 	-1.55892 	0.345062 	
0.26	0.336183 	-0.178166 	0.0335927 	-0.596496 	-1.55839 	0.344626 	
0.265	0.336277 	-0.178174 	0.0335833 	-0.596556 	-1.55774 	0.344626 	
0.27	0.336368 	-0.178183 	0.0335722 	-0.596866 	-1.557 	0.344922 	
0.275	0.33651 	-0.178119 	0.0335759 	-0.592599 	-1.55707 	0.343204 	
0.28	0.336618 	-0.178103 	0.0335682 	-0.59165 	-1.55652 	0.343206 	
0.285	0.336723 	-0.178092 	0.0335585 	-0.591162 	-1.55585 	0.343513 	
0.29	0.336825 	-0.178086 	0.0335473 	-0.590999 	-1.55509 	0.34402 	
0.295	0.336957 	-0.178113 	0.03355 	-0.58876 	-1.55509 	0.340248 	
0.3	0.337068 	-0.178124 	0.033542 	-0.58841 	-1.55449 	0.339641 	
0.305	0.337177 	-0.178134 	0.0335321 	-0.588441 	-1.5538 	0.339501 	
0.31	0.337315 	-0.178076 	0.0335286 	-0.585282 	-1.55347 	0.338961 	
0.315	0.337433 	-0.178063 	0.0335189 	-0.584588 	-1.55279 	0.339187 	
0.32	0.337548 	-0.178054 	0.0335078 	-0.584275 	-1.55202 	0.339643 	
0.325	0.337662 	-0.17805 	0.0334956 	-0.584232 	-1.55118 	0.34025 	
0.33	0.337775 	-0.178048 	0.0334825 	-0.584375 	-1.5503 	0.340946 	
0.335	0.337954 	-0.178053 	0.0334962 	-0.578773 	-1.5509 	0.334146 	
0.34	0.33809 	-0.178057 	0.0334916 	-0.577325 	-1.55048 	0.332519 	
0.345	0.338223 	-0.178063 	0.0334846 	-0.576525 	-1.54993 	0.331609 	
0.35	0.338342 	-0.17802 	0.0334675 	-0.576027 	-1.54882 	0.33377 	
0.355	0.338466 	-0.178009 	0.0334541 	-0.575888 	-1.54791 	0.334586 	
0.36	0.33859 	-0.178003 	0.0334403 	-0.575963 	-1.54697 	0.335458 	
0.365	0.338714 	-0.178001 	0.0334259 	-0.576186 	-1.54599 	0.336353 	
0.37	0.338914 	-0.177995 	0.0334416 	-0.569677 	-1.54672 	0.328941 	
0.375	0.339067 	-0.177995 	0.0334375 	-0.567914 	-1.54631 	0.327145 	
0.38	0.339215 	-0.177997 	0.033431 	-0.566849 	-1.54576 	0.326088 	
0.385	0.339336 	-0.177965 	0.03341 	-0.566818 	-1.54442 	0.328412 	
0.39	0.33947 	-0.177957 	0.0333956 	-0.566746 	-1.54343 	0.329229 	
0.395	0.339605 	-0.177953 	0.033381 	-0.566879 	-1.54243 	0.330105 	
0.4	0.339741 	-0.177952 	0.0333663 	-0.567155 	-1.5414 	0.33101 	
0.405	0.339878 	-0.177954 	0.0333514 	-0.567529 	-1.54037 	0.331921 	
0.41	0.340121 	-0.177921 	0.0333758 	-0.557621 	-1.54162 	0.32165 	
0.415	0.340298 	-0.177913 	0.0333748 	-0.554647 	-1.54138 	0.318786 	
0.42	0.340469 	-0.177909 	0.0333709 	-0.552621 	-1.54098 	0.316881 	
0.425	0.340568 	-0.177897 	0.0333371 	-0.555732 	-1.53886 	0.322167 	
0.43	0.340708 	-0.177895 	0.0333193 	-0.556333 	-1.53765 	0.323631 	
0.435	0.340851 	-0.177895 	0.0333021 	-0.556955 	-1.53647 	0.324977 	
0.44	0.340996 	-0.177898 	0.0332854 	-0.557587 	-1.5353 	0.326222 	
0.445	0.341256 	-0.177854 	0.0333103 	-0.547076 	-1.53662 	0.315681 	
0.45	0.341445 	-0.177842 	0.033309 	-0.543977 	-1.53636 	0.312837 	
0.455	0.341629 	-0.177836 	0.033305 	-0.541836 	-1.53593 	0.310933 	
0.46	0.341737 	-0.177832 	0.0332701 	-0.544818 	-1.53373 	0.31579 	
0.465	0.341888 	-0.177832 	0.0332521 	-0.54536 	-1.53248 	0.31713 	
0.47	0.342042 	-0.177834 	0.0332348 	-0.545953 	-1.53127 	0.318394 	
0.475	0.342199 	-0.177837 	0.0332182 	-0.546579 	-1.53008 	0.31959 	
0.48	0.342467 	-0.177783 	0.0332405 	-0.535742 	-1.53128 	0.309208 	
0.485	0.342668 	-0.177768 	0.0332384 	-0.53253 	-1.53097 	0.306409 	
0.49	0.342864 	-0.177758 	0.0332339 	-0.530289 	-1.53051 	0.30453 	
0.495	0.34298 	-0.177762 	0.0331989 	-0.533225 	-1.52826 	0.309036 	
0.5	0.343143 	-0.177764 	0.0331808 	-0.533735 	-1.52699 	0.310281 	
0.505	0.343308 	-0.177767 	0.0331637 	-0.534317 	-1.52575 	0.311482 	
0.51	0.343477 	-0.177772 	0.0331472 	-0.534947 	-1.52455 	0.312639 	
0.515	0.343752 	-0.177707 	0.0331663 	-0.523695 	-1.52561 	0.302308 	
0.52	0.343963 	-0.177689 	0.0331633 	-0.520343 	-1.52525 	0.299517 	
0.525	0.344169 	-0.177677 	0.0331582 	-0.517983 	-1.52475 	0.297639 	
0.53	0.344372 	-0.17767 	0.0331515 	-0.516415 	-1.52414 	0.296489 	
0.535	0.344481 	-0.17768 	0.0331094 	-0.519649 	-1.52144 	0.301441 	
0.54	0.344647 	-0.177684 	0.0330883 	-0.520452 	-1.51996 	0.303049 	
0.545	0.344818 	-0.17769 	0.0330687 	-0.521245 	-1.51856 	0.304518 	
0.55	0.345103 	-0.177633 	0.0330871 	-0.511733 	-1.51956 	0.295644 	
0.555	0.345321 	-0.177619 	0.0330829 	-0.509055 	-1.51911 	0.29348 	
0.56	0.345536 	-0.177609 	0.033077 	-0.507214 	-1.51854 	0.292082 	
0.565	0.345747 	-0.177604 	0.0330696 	-0.506036 	-1.51787 	0.291291 	
0.57	0.345877 	-0.177596 	0.0330305 	-0.505965 	-1.51538 	0.293305 	
0.575	0.346056 	-0.177595 	0.0330103 	-0.505832 	-1.51396 	0.294096 	
0.58	0.346241 	-0.177597 	0.0329917 	-0.505926 	-1.5126 	0.29496 	
0.585	0.34643 	-0.177601 	0.0329743 	-0.506192 	-1.51131 	0.295874 	
0.59	0.346739 	-0.177537 	0.0329964 	-0.496124 	-1.51258 	0.286375 	
0.595	0.346976 	-0.17752 	0.0329945 	-0.493035 	-1.51226 	0.283765 	
0.6	0.347208 	-0.177509 	0.0329905 	-0.490862 	-1.5118 	0.282006 	
0.605	0.347335 	-0.177514 	0.0329482 	-0.492372 	-1.50905 	0.285354 	
0.61	0.347524 	-0.177516 	0.0329282 	-0.49244 	-1.5076 	0.286267 	
0.615	0.347719 	-0.177519 	0.0329098 	-0.492694 	-1.50624 	0.287229 	
0.62	0.347918 	-0.177525 	0.0328928 	-0.493089 	-1.50494 	0.288221 	
0.625	0.348227 	-0.17745 	0.03291 	-0.482064 	-1.50599 	0.278283 	
0.63	0.34847 	-0.177429 	0.0329066 	-0.478691 	-1.50559 	0.275553 	
0.635	0.34871 	-0.177415 	0.0329015 	-0.47629 	-1.50507 	0.273698 	
0.64	0.34885 	-0.177429 	0.0328619 	-0.478335 	-1.50241 	0.277213 	
0.645	0.34905 	-0.177433 	0.0328426 	-0.478516 	-1.50098 	0.278153 	
0.65	0.349254 	-0.177438 	0.0328249 	-0.478863 	-1.49963 	0.279139 	
0.655	0.349463 	-0.177446 	0.0328085 	-0.479336 	-1.49834 	0.280153 	
0.66	0.34977 	-0.17736 	0.0328204 	-0.467486 	-1.49915 	0.269884 	
0.665	0.35002 	-0.177336 	0.0328155 	-0.463857 	-1.49868 	0.267054 	
0.67	0.350265 	-0.177319 	0.0328092 	-0.46125 	-1.49809 	0.265117 	
0.675	0.350508 	-0.177309 	0.0328019 	-0.459458 	-1.49742 	0.263891 	
0.68	0.350637 	-0.177331 	0.0327562 	-0.462132 	-1.49433 	0.268077 	
0.685	0.350837 	-0.17734 	0.0327341 	-0.462711 	-1.49269 	0.269438 	
0.69	0.351044 	-0.177349 	0.0327142 	-0.463357 	-1.49118 	0.270739 	
0.695	0.351363 	-0.177273 	0.0327276 	-0.45325 	-1.49205 	0.26187 	
0.7	0.351619 	-0.177253 	0.0327222 	-0.450292 	-1.49152 	0.259629 	
0.705	0.351871 	-0.177241 	0.0327156 	-0.448209 	-1.49089 	0.25815 	
0.71	0.352121 	-0.177234 	0.0327081 	-0.44682 	-1.49019 	0.257274 	
0.715	0.352263 	-0.177234 	0.0326635 	-0.446287 	-1.48724 	0.258717 	
0.72	0.352473 	-0.177236 	0.0326419 	-0.445935 	-1.48564 	0.259291 	
0.725	0.352689 	-0.17724 	0.0326225 	-0.445868 	-1.48417 	0.259995 	
0.73	0.353005 	-0.177182 	0.032633 	-0.438324 	-1.48479 	0.253355 	
0.735	0.353265 	-0.177167 	0.0326268 	-0.436015 	-1.48419 	0.251685 	
0.74	0.353523 	-0.177159 	0.0326196 	-0.43444 	-1.48351 	0.25065 	
0.745	0.353701 	-0.177148 	0.0325851 	-0.432486 	-1.48119 	0.250471 	
0.75	0.353928 	-0.177146 	0.0325672 	-0.431601 	-1.47983 	0.250451 	
0.755	0.354159 	-0.177148 	0.0325508 	-0.431131 	-1.47854 	0.250702 	
0.76	0.354394 	-0.177152 	0.0325357 	-0.430983 	-1.4773 	0.25116 	
0.765	0.354633 	-0.177159 	0.0325215 	-0.431085 	-1.47612 	0.251775 	
0.77	0.354937 	-0.177061 	0.0325226 	-0.419117 	-1.47638 	0.241959 	
0.775	0.355203 	-0.177034 	0.032515 	-0.415315 	-1.47576 	0.239146 	
0.78	0.355467 	-0.177015 	0.0325069 	-0.41256 	-1.47507 	0.237212 	
0.785	0.355729 	-0.177004 	0.0324983 	-0.410637 	-1.47431 	0.235974 	
0.79	0.355884 	-0.177034 	0.0324566 	-0.41321 	-1.47132 	0.239697 	
0.795	0.356106 	-0.177046 	0.0324358 	-0.413732 	-1.4697 	0.240912 	
0.8	0.356336 	-0.177059 	0.0324172 	-0.41435 	-1.4682 	0.242112 	
0.805	0.356659 	-0.176968 	0.0324227 	-0.403732 	-1.46871 	0.233278 	
0.81	0.356931 	-0.176946 	0.0324152 	-0.400578 	-1.46808 	0.231006 	
0.815	0.3572 	-0.176931 	0.0324072 	-0.398329 	-1.46737 	0.229492 	
0.82	0.357468 	-0.176924 	0.0323988 	-0.3968 	-1.46661 	0.228577 	
0.825	0.357629 	-0.176929 	0.0323566 	-0.396235 	-1.46368 	0.229699 	
0.83	0.357857 	-0.176933 	0.0323358 	-0.395829 	-1.46208 	0.230151 	
0.835	0.358093 	-0.176941 	0.0323172 	-0.395726 	-1.46061 	0.230762 	
0.84	0.358415 	-0.176871 	0.0323218 	-0.387756 	-1.46097 	0.224145 	
0.845	0.35869 	-0.176855 	0.032314 	-0.385276 	-1.46029 	0.22244 	
0.85	0.358963 	-0.176846 	0.0323059 	-0.383557 	-1.45955 	0.221369 	
0.855	0.359234 	-0.176842 	0.0322974 	-0.382441 	-1.45877 	0.220798 	
0.86	0.359401 	-0.176822 	0.032255 	-0.379122 	-1.45591 	0.21966 	
0.865	0.359634 	-0.17682 	0.0322342 	-0.377916 	-1.45434 	0.219463 	
0.87	0.359874 	-0.176822 	0.0322156 	-0.377191 	-1.45288 	0.219571 	
0.875	0.36012 	-0.176828 	0.0321989 	-0.376841 	-1.45153 	0.219914 	
0.88	0.360461 	-0.176752 	0.0322071 	-0.368496 	-1.45218 	0.212867 	
0.885	0.360748 	-0.176733 	0.0322014 	-0.365785 	-1.45164 	0.210902 	
0.89	0.361031 	-0.176722 	0.0321949 	-0.363879 	-1.45103 	0.20962 	
0.895	0.361199 	-0.176722 	0.0321536 	-0.362566 	-1.44811 	0.210071 	
0.9	0.361437 	-0.176724 	0.0321339 	-0.361776 	-1.44658 	0.210169 	
0.905	0.361683 	-0.17673 	0.0321163 	-0.361377 	-1.44516 	0.210506 	
0.91	0.361933 	-0.176739 	0.0321004 	-0.361284 	-1.44383 	0.211026 	
0.915	0.362261 	-0.176646 	0.0321022 	-0.351328 	-1.44418 	0.202914 	
0.92	0.362545 	-0.176622 	0.0320945 	-0.348143 	-1.44355 	0.200641 	
0.925	0.362827 	-0.176608 	0.0320865 	-0.34586 	-1.44286 	0.199114 	
0.93	0.363011 	-0.176621 	0.0320506 	-0.345873 	-1.44019 	0.200429 	
0.935	0.363256 	-0.176626 	0.0320323 	-0.345411 	-1.43873 	0.200736 	
0.94	0.363506 	-0.176636 	0.0320159 	-0.34527 	-1.43737 	0.201235 	
0.945	0.363762 	-0.176648 	0.0320009 	-0.34538 	-1.43609 	0.201883 	
0.95	0.364075 	-0.176539 	0.0319967 	-0.334076 	-1.43613 	0.19292 	
0.955	0.364356 	-0.176511 	0.0319873 	-0.330492 	-1.43541 	0.190395 	
0.96	0.364637 	-0.176493 	0.0319779 	-0.327892 	-1.43465 	0.188669 	
0.965	0.364916 	-0.176484 	0.0319685 	-0.326075 	-1.43386 	0.187576 	
0.97	0.365086 	-0.176508 	0.0319296 	-0.326954 	-1.4309 	0.189652 	
0.975	0.365326 	-0.17652 	0.0319097 	-0.326945 	-1.42929 	0.190361 	
0.98	0.365573 	-0.176534 	0.0318921 	-0.327157 	-1.42782 	0.191172 	
0.985	0.365898 	-0.17644 	0.0318917 	-0.317632 	-1.42806 	0.183562 	
0.99	0.366182 	-0.176419 	0.0318827 	-0.314704 	-1.42735 	0.181563 	
0.995	0.366464 	-0.176407 	0.0318736 	-0.31262 	-1.42659 	0.180247 	
1	0.366744 	-0.176402 	0.0318646 	-0.311208 	-1.42581 	0.179473 	
1.005	0.366914 	-0.176397 	0.0318245 	-0.309266 	-1.42288 	0.179277 	
1.01	0.367153 	-0.176401 	0.0318044 	-0.308426 	-1.42129 	0.179318 	
1.015	0.367401 	-0.176409 	0.0317866 	-0.307986 	-1.41984 	0.179607 	
1.02	0.367654 	-0.17642 	0.0317706 	-0.30786 	-1.41849 	0.180088 	
1.025	0.367995 	-0.176316 	0.0317737 	-0.297758 	-1.41904 	0.17192 	
1.03	0.368287 	-0.17629 	0.0317666 	-0.294495 	-1.41849 	0.169594 	
1.035	0.368575 	-0.176275 	0.031759 	-0.292142 	-1.41786 	0.168015 	
1.04	0.368745 	-0.176294 	0.0317211 	-0.292333 	-1.41493 	0.16946 	
1.045	0.368988 	-0.176303 	0.0317023 	-0.291905 	-1.41341 	0.169786 	
1.05	0.369237 	-0.176315 	0.0316855 	-0.29179 	-1.41201 	0.170297 	
1.055	0.369548 	-0.176234 	0.0316813 	-0.2838 	-1.41194 	0.164082 	
1.06	0.369827 	-0.176217 	0.0316713 	-0.281292 	-1.41115 	0.162462 	
1.065	0.370105 	-0.176209 	0.0316614 	-0.27954 	-1.41035 	0.161441 	
1.07	0.370383 	-0.176208 	0.0316517 	-0.278385 	-1.40952 	0.160895 	
1.075	0.370564 	-0.176185 	0.0316161 	-0.274862 	-1.40691 	0.159263 	
1.08	0.370807 	-0.176184 	0.0315974 	-0.273562 	-1.40543 	0.158884 	
1.085	0.371056 	-0.176189 	0.0315806 	-0.27276 	-1.40407 	0.158841 	
1.09	0.37131 	-0.176198 	0.0315654 	-0.272351 	-1.4028 	0.159061 	
1.095	0.37163 	-0.176112 	0.0315638 	-0.264194 	-1.40295 	0.152638 	
1.1	0.371913 	-0.176093 	0.0315553 	-0.261517 	-1.4023 	0.150833 	
1.105	0.372194 	-0.176084 	0.0315465 	-0.259627 	-1.4016 	0.149661 	
1.11	0.372474 	-0.176082 	0.0315377 	-0.258363 	-1.40086 	0.148994 	
1.115	0.372623 	-0.176069 	0.0314961 	-0.255769 	-1.3977 	0.148308 	
1.12	0.372855 	-0.176073 	0.0314756 	-0.25475 	-1.39606 	0.148211 	
1.125	0.373094 	-0.176081 	0.0314573 	-0.254168 	-1.39457 	0.148386 	
1.13	0.373428 	-0.176015 	0.03146 	-0.247822 	-1.39499 	0.143278 	
1.135	0.37371 	-0.176002 	0.0314519 	-0.245719 	-1.39436 	0.141914 	
1.14	0.373989 	-0.175999 	0.0314436 	-0.244282 	-1.39368 	0.14109 	
1.145	0.37417 	-0.175978 	0.0314108 	-0.241171 	-1.39117 	0.139716 	
1.15	0.374411 	-0.175978 	0.0313935 	-0.239913 	-1.38979 	0.139323 	
1.155	0.374658 	-0.175983 	0.0313778 	-0.239144 	-1.38852 	0.139266 	
1.16	0.374909 	-0.175994 	0.0313635 	-0.23876 	-1.38732 	0.139473 	
1.165	0.375205 	-0.175908 	0.0313571 	-0.230801 	-1.38713 	0.133367 	
1.17	0.375477 	-0.17589 	0.0313471 	-0.228201 	-1.38639 	0.131665 	
1.175	0.375747 	-0.175881 	0.0313373 	-0.22637 	-1.38562 	0.130573 	
1.18	0.376017 	-0.17588 	0.0313275 	-0.22515 	-1.38484 	0.129963 	
1.185	0.376183 	-0.175866 	0.0312936 	-0.222553 	-1.38217 	0.129042 	
1.19	0.376415 	-0.175869 	0.0312753 	-0.221547 	-1.3807 	0.128876 	
1.195	0.376653 	-0.175878 	0.0312589 	-0.220975 	-1.37935 	0.128996 	
1.2	0.376896 	-0.175891 	0.031244 	-0.220746 	-1.37811 	0.12934 	
1.205	0.377213 	-0.17579 	0.0312434 	-0.211876 	-1.37844 	0.12233 	
1.21	0.377488 	-0.175768 	0.0312353 	-0.209001 	-1.37787 	0.120347 	
1.215	0.37776 	-0.175756 	0.0312268 	-0.206948 	-1.37725 	0.119027 	
1.22	0.377925 	-0.175769 	0.031195 	-0.206488 	-1.37462 	0.119743 	
1.225	0.378155 	-0.175778 	0.031178 	-0.205935 	-1.37322 	0.119896 	
1.23	0.378391 	-0.175792 	0.0311625 	-0.205722 	-1.37193 	0.120265 	
1.235	0.378679 	-0.175713 	0.0311567 	-0.19862 	-1.37177 	0.114844 	
1.24	0.378939 	-0.175699 	0.0311465 	-0.196378 	-1.37101 	0.113433 	
1.245	0.379198 	-0.175694 	0.0311364 	-0.194829 	-1.37024 	0.112566 	
1.25	0.379456 	-0.175696 	0.0311264 	-0.19383 	-1.36946 	0.112131 	
1.255	0.379626 	-0.175666 	0.0310969 	-0.190153 	-1.36711 	0.110214 	
1.26	0.379852 	-0.175665 	0.0310801 	-0.188846 	-1.36576 	0.109757 	
1.265	0.380082 	-0.175671 	0.0310648 	-0.188035 	-1.36452 	0.109645 	
1.27	0.380317 	-0.175682 	0.0310507 	-0.187618 	-1.36336 	0.109803 	
1.275	0.38061 	-0.1756 	0.0310474 	-0.180469 	-1.36342 	0.104264 	
1.28	0.380869 	-0.175584 	0.0310386 	-0.178134 	-1.3628 	0.102729 	
1.285	0.381126 	-0.175578 	0.0310295 	-0.176508 	-1.36213 	0.101761 	
1.29	0.38138 	-0.17558 	0.0310203 	-0.175447 	-1.36144 	0.101243 	
1.295	0.381519 	-0.175559 	0.0309869 	-0.172589 	-1.35865 	0.100125 	
1.3	0.381729 	-0.175562 	0.0309689 	-0.171543 	-1.35718 	0.0999148 	
1.305	0.381946 	-0.175571 	0.0309527 	-0.170938 	-1.35585 	0.0999945 	
1.31	0.382168 	-0.175585 	0.0309378 	-0.170682 	-1.35462 	0.100302 	
1.315	0.382487 	-0.175491 	0.0309414 	-0.162824 	-1.35533 	0.0939689 	
1.32	0.382748 	-0.175471 	0.0309347 	-0.160285 	-1.35492 	0.0921957 	
1.325	0.383005 	-0.175463 	0.0309273 	-0.158495 	-1.35443 	0.0910335 	
1.33	0.383137 	-0.17547 	0.0308954 	-0.157695 	-1.35165 	0.0915075 	
1.335	0.383344 	-0.175479 	0.0308786 	-0.157113 	-1.35026 	0.0916232 	
1.34	0.383556 	-0.175492 	0.0308633 	-0.156875 	-1.34899 	0.0919587 	
1.345	0.383837 	-0.175419 	0.0308609 	-0.150533 	-1.34912 	0.0870306 	
1.35	0.38408 	-0.175407 	0.0308518 	-0.148542 	-1.34849 	0.0857681 	
1.355	0.38432 	-0.175404 	0.0308426 	-0.147188 	-1.34782 	0.0850116 	
1.36	0.384558 	-0.175409 	0.0308333 	-0.146341 	-1.34714 	0.0846573 	
1.365	0.3847 	-0.175375 	0.0308054 	-0.142698 	-1.34476 	0.0827571 	
1.37	0.384901 	-0.175374 	0.0307894 	-0.14145 	-1.34345 	0.0823251 	
1.375	0.385106 	-0.17538 	0.0307746 	-0.140685 	-1.34225 	0.082227 	
1.38	0.385316 	-0.175391 	0.0307609 	-0.140302 	-1.34113 	0.0823916 	
1.385	0.385601 	-0.175316 	0.0307614 	-0.13399 	-1.34154 	0.0773807 	
1.39	0.385841 	-0.175303 	0.0307539 	-0.131954 	-1.34106 	0.0760212 	
1.395	0.386077 	-0.1753 	0.0307459 	-0.130562 	-1.34052 	0.0751845 	
1.4	0.386309 	-0.175304 	0.0307375 	-0.129684 	-1.33994 	0.0747646 	
1.405	0.386413 	-0.175278 	0.0307056 	-0.126767 	-1.33708 	0.0736146 	
1.41	0.386595 	-0.175281 	0.0306884 	-0.125762 	-1.33563 	0.0734187 	
1.415	0.386784 	-0.175289 	0.0306727 	-0.125187 	-1.33432 	0.0735049 	
1.42	0.387075 	-0.175237 	0.030676 	-0.120544 	-1.33499 	0.0696895 	
1.425	0.387306 	-0.175231 	0.0306688 	-0.119028 	-1.33454 	0.0687216 	
1.43	0.387533 	-0.175233 	0.0306611 	-0.118049 	-1.33403 	0.0681943 	
1.435	0.387665 	-0.175205 	0.0306366 	-0.115061 	-1.33185 	0.066734 	
1.44	0.387852 	-0.175206 	0.0306223 	-0.113994 	-1.33067 	0.0663886 	
1.445	0.388043 	-0.175213 	0.0306089 	-0.113371 	-1.32958 	0.0663557 	
1.45	0.388236 	-0.175226 	0.0305962 	-0.1131 	-1.32856 	0.0665692 	
1.455	0.38843 	-0.175243 	0.0305842 	-0.113108 	-1.3276 	0.0669769 	
1.46	0.388689 	-0.175131 	0.0305839 	-0.104548 	-1.32797 	0.0602243 	
1.465	0.388907 	-0.175106 	0.0305768 	-0.10185 	-1.32754 	0.058328 	
1.47	0.389121 	-0.175094 	0.0305691 	-0.0999287 	-1.32704 	0.0570599 	
1.475	0.389331 	-0.17509 	0.0305609 	-0.0986283 	-1.3265 	0.0562934 	
1.48	0.389426 	-0.175117 	0.0305332 	-0.099392 	-1.32386 	0.0579152 	
1.485	0.389589 	-0.175136 	0.0305175 	-0.099524 	-1.32252 	0.0585582 	
1.49	0.389758 	-0.175157 	0.0305032 	-0.0998498 	-1.32129 	0.059304 	
1.495	0.390025 	-0.175061 	0.0305063 	-0.0925217 	-1.32201 	0.0533914 	
1.5	0.390233 	-0.175044 	0.0304996 	-0.0903702 	-1.32161 	0.0519082 	
1.505	0.390437 	-0.175038 	0.0304922 	-0.0888834 	-1.32115 	0.0509668 	
1.51	0.390636 	-0.175039 	0.0304844 	-0.0879275 	-1.32064 	0.0504579 	
1.515	0.390727 	-0.175036 	0.0304589 	-0.0867983 	-1.31818 	0.0505233 	
1.52	0.390882 	-0.175045 	0.0304442 	-0.0863881 	-1.31692 	0.0507118 	
1.525	0.391041 	-0.175059 	0.0304306 	-0.0862844 	-1.31577 	0.0510975 	
1.53	0.391293 	-0.174993 	0.0304332 	-0.0809693 	-1.31641 	0.0467758 	
1.535	0.391489 	-0.174984 	0.0304266 	-0.079378 	-1.31601 	0.0457261 	
1.54	0.39168 	-0.174984 	0.0304193 	-0.078337 	-1.31556 	0.0451283 	
1.545	0.391867 	-0.17499 	0.0304115 	-0.0777351 	-1.31505 	0.0448909 	
1.55	0.391955 	-0.17496 	0.0303888 	-0.0749574 	-1.31283 	0.0435842 	
1.555	0.392101 	-0.174961 	0.0303753 	-0.0740925 	-1.31165 	0.0433859 	
1.56	0.39225 	-0.174969 	0.0303625 	-0.0736283 	-1.31057 	0.0434644 	
1.565	0.392402 	-0.174982 	0.0303505 	-0.0734815 	-1.30956 	0.0437612 	
1.57	0.392661 	-0.174914 	0.0303565 	-0.0681559 	-1.31059 	0.0392797 	
1.575	0.392852 	-0.174904 	0.0303516 	-0.0665407 	-1.31039 	0.0381353 	
1.58	0.393036 	-0.174902 	0.0303458 	-0.0654793 	-1.31009 	0.0374594 	
1.585	0.393214 	-0.174907 	0.0303393 	-0.0648608 	-1.30971 	0.0371583 	
1.59	0.393256 	-0.174887 	0.0303126 	-0.0628718 	-1.30693 	0.0366731 	
1.595	0.393377 	-0.174892 	0.0302981 	-0.0622764 	-1.3056 	0.0367378 	
1.6	0.393504 	-0.174901 	0.0302846 	-0.0620245 	-1.3044 	0.0370224 	
1.605	0.393762 	-0.174855 	0.0302922 	-0.0581239 	-1.30564 	0.0335635 	
1.61	0.39394 	-0.174851 	0.0302875 	-0.0569765 	-1.30546 	0.0327759 	
1.615	0.394111 	-0.174855 	0.0302818 	-0.0562877 	-1.30517 	0.0323831 	
1.62	0.394275 	-0.174864 	0.0302754 	-0.0559654 	-1.3048 	0.0323058 	
1.625	0.394318 	-0.174822 	0.0302524 	-0.0526574 	-1.30233 	0.030679 	
1.63	0.394431 	-0.174819 	0.0302393 	-0.0517028 	-1.30112 	0.0304207 	
1.635	0.394548 	-0.174823 	0.030227 	-0.051166 	-1.30002 	0.0304489 	
1.64	0.394784 	-0.1748 	0.030233 	-0.0487772 	-1.30111 	0.0282113 	
1.645	0.394946 	-0.174802 	0.0302282 	-0.0480653 	-1.3009 	0.027765 	
1.65	0.395102 	-0.17481 	0.0302225 	-0.0477235 	-1.3006 	0.0276432 	
1.655	0.395251 	-0.174823 	0.0302161 	-0.0476772 	-1.30023 	0.0277804 	
1.66	0.395297 	-0.174762 	0.030197 	-0.0432763 	-1.2981 	0.0251788 	
1.665	0.395401 	-0.174753 	0.0301853 	-0.0420333 	-1.29701 	0.0246515 	
1.67	0.395508 	-0.174752 	0.0301743 	-0.0412676 	-1.296 	0.0244654 	
1.675	0.395617 	-0.174758 	0.0301637 	-0.0408804 	-1.29506 	0.0245489 	
1.68	0.39586 	-0.174741 	0.0301731 	-0.0389326 	-1.2966 	0.0224681 	
1.685	0.396017 	-0.174746 	0.0301701 	-0.038428 	-1.29661 	0.0220933 	
1.69	0.396165 	-0.174756 	0.030166 	-0.0382513 	-1.29649 	0.0220272 	
1.695	0.39619 	-0.174715 	0.0301464 	-0.0352223 	-1.29425 	0.0205477 	
1.7	0.396282 	-0.174712 	0.0301354 	-0.0344151 	-1.29322 	0.0203403 	
1.705	0.396376 	-0.174716 	0.0301251 	-0.0339951 	-1.29226 	0.0204066 	
1.71	0.39647 	-0.174725 	0.0301151 	-0.0338823 	-1.29135 	0.0206894 	
1.715	0.396697 	-0.174689 	0.0301247 	-0.0308172 	-1.29289 	0.0177231 	
1.72	0.396839 	-0.174688 	0.0301222 	-0.0300116 	-1.29292 	0.017102 	
1.725	0.396971 	-0.174692 	0.0301184 	-0.029594 	-1.29281 	0.016838 	
1.73	0.396991 	-0.174672 	0.0301005 	-0.0279384 	-1.29075 	0.0163662 	
1.735	0.397071 	-0.174675 	0.0300904 	-0.0275291 	-1.28979 	0.0164411 	
1.74	0.397152 	-0.174683 	0.0300808 	-0.0274252 	-1.28889 	0.0167304 	
1.745	0.397234 	-0.174694 	0.0300715 	-0.0275635 	-1.28803 	0.0171892 	
1.75	0.397445 	-0.174642 	0.0300816 	-0.0235971 	-1.28958 	0.0135029 	
1.755	0.397571 	-0.174636 	0.0300797 	-0.022559 	-1.28964 	0.0126861 	
1.76	0.397688 	-0.174636 	0.0300765 	-0.0219551 	-1.28955 	0.0122648 	
1.765	0.397796 	-0.174642 	0.0300723 	-0.0216991 	-1.28934 	0.0121604 	
1.77	0.397784 	-0.174628 	0.0300531 	-0.020587 	-1.28704 	0.0122139 	
1.775	0.397838 	-0.174633 	0.0300426 	-0.0204245 	-1.28596 	0.0125274 	
1.78	0.397895 	-0.174643 	0.0300327 	-0.0205155 	-1.28497 	0.0130044 	
1.785	0.398095 	-0.174608 	0.0300431 	-0.0177023 	-1.2866 	0.0101767 	
1.79	0.398204 	-0.174607 	0.0300411 	-0.0170578 	-1.28664 	0.00967166 	
1.795	0.398303 	-0.174611 	0.030038 	-0.0167682 	-1.28654 	0.0094986 	
1.8	0.398394 	-0.17462 	0.030034 	-0.0167624 	-1.28632 	0.00959121 	
1.805	0.398477 	-0.174632 	0.0300293 	-0.0169831 	-1.28602 	0.00989579 	
1.81	0.398463 	-0.174581 	0.0300143 	-0.0137404 	-1.28405 	0.00815801 	
1.815	0.398502 	-0.174574 	0.0300052 	-0.0129957 	-1.28305 	0.00798525 	
1.82	0.398542 	-0.174574 	0.0299965 	-0.0126241 	-1.28212 	0.00807602 	
1.825	0.398728 	-0.174578 	0.0300066 	-0.0121222 	-1.28382 	0.00701308 	
1.83	0.398821 	-0.174586 	0.030005 	-0.0121356 	-1.28391 	0.00699815 	
1.835	0.398903 	-0.174598 	0.0300024 	-0.0123715 	-1.28385 	0.00721609 	
1.84	0.398976 	-0.174612 	0.0299989 	-0.012785 	-1.28367 	0.00761996 	
1.845	0.398961 	-0.17455 	0.0299869 	-0.00897787 	-1.28199 	0.00532629 	
1.85	0.398991 	-0.17454 	0.0299795 	-0.00810148 	-1.28115 	0.00499117 	
1.855	0.399021 	-0.174537 	0.0299722 	-0.00762547 	-1.28034 	0.00495257 	
1.86	0.399175 	-0.174554 	0.0299802 	-0.00803266 	-1.28178 	0.00469469 	
1.865	0.399248 	-0.174566 	0.0299785 	-0.00833258 	-1.28182 	0.00491998 	
1.87	0.39931 	-0.174579 	0.0299759 	-0.00879707 	-1.28172 	0.0053292 	
1.875	0.399364 	-0.174595 	0.0299724 	-0.0093925 	-1.28151 	0.00588488 	
1.88	0.399361 	-0.174526 	0.029965 	-0.00516127 	-1.28035 	0.00305593 	
1.885	0.399383 	-0.174513 	0.0299593 	-0.00419817 	-1.27968 	0.00258341 	
1.89	0.399403 	-0.174507 	0.0299535 	-0.00365327 	-1.27901 	0.00243507 	
1.895	0.399524 	-0.174535 	0.0299595 	-0.00483626 	-1.28017 	0.0028868 	
1.9	0.399577 	-0.17455 	0.0299577 	-0.00538757 	-1.28016 	0.0033251 	
1.905	0.39962 	-0.174565 	0.0299551 	-0.00605255 	-1.28003 	0.00390387 	
1.91	0.399654 	-0.174582 	0.0299519 	-0.00680749 	-1.27979 	0.00459405 	
1.915	0.399682 	-0.174599 	0.0299481 	-0.00763324 	-1.27947 	0.00537224 	
1.92	0.399695 	-0.174497 	0.029947 	-0.00151009 	-1.27899 	0.000793769 	
1.925	0.399709 	-0.174473 	0.0299436 	4.31521e-05 	-1.27852 	-0.000221454 	
1.93	0.399718 	-0.174458 	0.0299398 	0.00105836 	-1.27801 	-0.000802453 	
1.935	0.399802 	-0.174526 	0.0299427 	-0.00257514 	-1.27888 	0.00167574 	
1.94	0.399832 	-0.17455 	0.0299407 	-0.00383062 	-1.27882 	0.00268062 	
1.945	0.399853 	-0.174573 	0.0299381 	-0.00505769 	-1.27865 	0.00371127 	
1.95	0.399866 	-0.174596 	0.0299349 	-0.00626054 	-1.27838 	0.00476109 	
1.955	0.399883 	-0.174487 	0.0299372 	0.000186497 	-1.27828 	-0.000226126 	
1.96	0.399887 	-0.174462 	0.0299354 	0.0017235 	-1.27797 	-0.00129307 	
1.965	0.399885 	-0.174445 	0.0299329 	0.00272621 	-1.27759 	-0.00191607 	
1.97	0.399938 	-0.174518 	0.0299343 	-0.00129515 	-1.27821 	0.000961633 	
1.975	0.399948 	-0.174543 	0.0299324 	-0.00269238 	-1.27811 	0.00209284 	
1.98	0.399949 	-0.174566 	0.02993 	-0.00403221 	-1.27791 	0.00322381 	
1.985	0.399942 	-0.174589 	0.029927 	-0.00532456 	-1.27761 	0.00435305 	
1.99	0.399969 	-0.174482 	0.0299331 	0.000958172 	-1.27801 	-0.000709935 	
1.995	0.399965 	-0.174458 	0.0299328 	0.00240795 	-1.27786 	-0.00177879 	
2	0.399953 	-0.174441 	0.0299317 	0.00334152 	-1.27762 	-0.00240404 	
2.005	0.399934 	-0.174431 	0.0299298 	0.00386224 	-1.2773 	-0.00267457 	
2.01	0.399978 	-0.174525 	0.0299303 	-0.00150586 	-1.27805 	0.00118753 	
2.015	0.39998 	-0.17456 	0.0299251 	-0.0035546 	-1.27802 	0.00279547 	
2.02	0.399976 	-0.174592 	0.0299176 	-0.00541541 	-1.27787 	0.00430766 	
2.025	0.39997 	-0.174488 	0.0299127 	0.000668065 	-1.2777 	-0.000455426 	
2.03	0.399959 	-0.174467 	0.0299025 	0.00184322 	-1.2774 	-0.0012797 	
2.035	0.399946 	-0.174454 	0.0298899 	0.00255748 	-1.27704 	-0.00170964 	
2.04	0.399931 	-0.174447 	0.0298752 	0.00290374 	-1.27662 	-0.00182488 	
2.045	0.39998 	-0.174521 	0.0298634 	-0.00122238 	-1.27728 	0.00093646 	
2.05	0.399987 	-0.17455 	0.0298464 	-0.00288934 	-1.27718 	0.00220596 	
2.055	0.399988 	-0.174576 	0.029827 	-0.0044441 	-1.27698 	0.00344674 	
2.06	0.399968 	-0.174491 	0.0298072 	0.000486422 	-1.2764 	-0.00029451 	
2.065	0.399957 	-0.174475 	0.0297843 	0.00136089 	-1.27594 	-0.000852359 	
2.07	0.399945 	-0.174465 	0.0297592 	0.00183619 	-1.27544 	-0.00107071 	
2.075	0.399932 	-0.174462 	0.0297323 	0.00199336 	-1.27492 	-0.00101872 	
2.08	0.39992 	-0.174462 	0.0297034 	0.00189726 	-1.27437 	-0.000751726 	
2.085	0.399986 	-0.17452 	0.0296802 	-0.00113133 	-1.27517 	0.000767823 	
2.09	0.400003 	-0.174546 	0.0296504 	-0.00256281 	-1.27508 	0.00172917 	
2.095	0.400014 	-0.17457 	0.0296184 	-0.00392805 	-1.27488 	0.0027223 	
2.1	0.399964 	-0.174491 	0.029581 	0.000414155 	-1.2736 	-0.000176886 	
2.105	0.399948 	-0.174477 	0.0295438 	0.00114909 	-1.2729 	-0.000525614 	
2.11	0.399934 	-0.174469 	0.029505 	0.00151565 	-1.27221 	-0.000579564 	
2.115	0.399922 	-0.174466 	0.0294645 	0.00158919 	-1.27153 	-0.000399419 	
2.12	0.399985 	-0.174515 	0.0294294 	-0.000857195 	-1.27213 	0.000540347 	
2.125	0.400003 	-0.174537 	0.0293883 	-0.00201701 	-1.27192 	0.00126024 	
2.13	0.400016 	-0.174557 	0.0293452 	-0.00316232 	-1.27163 	0.00205758 	
2.135	0.399964 	-0.174494 	0.029296 	0.000256385 	-1.27017 	-4.44193e-05 	
2.14	0.39995 	-0.174484 	0.0292477 	0.000746366 	-1.26937 	-0.000184544 	
2.145	0.399939 	-0.174479 	0.0291981 	0.000920732 	-1.26861 	-7.53688e-05 	
2.15	0.399931 	-0.174479 	0.0291472 	0.000844298 	-1.26787 	0.000231518 	
2.155	0.399926 	-0.174483 	0.0290949 	0.000568702 	-1.26715 	0.000695077 	
2.16	0.399988 	-0.174513 	0.0290478 	-0.000684886 	-1.26757 	0.000282719 	
2.165	0.400009 	-0.17453 	0.0289951 	-0.0015399 	-1.26728 	0.000617739 	
2.17	0.400027 	-0.174548 	0.0289407 	-0.0024384 	-1.26693 	0.00110418 	
2.175	0.399962 	-0.174496 	0.0288781 	0.000141533 	-1.26511 	0.000119833 	
2.18	0.399947 	-0.174488 	0.0288182 	0.000429094 	-1.26416 	0.000258444 	
2.185	0.399938 	-0.174486 	0.0287574 	0.000447089 	-1.26327 	0.000585025 	
2.19	0.399932 	-0.174488 	0.0286955 	0.000251041 	-1.26244 	0.00106034 	
2.195	0.399984 	-0.17451 	0.0286378 	-0.000478723 	-1.26258 	0.000128648 	
2.2	0.400004 	-0.174523 	0.0285757 	-0.00111431 	-1.26215 	0.000278266 	
2.205	0.400022 	-0.174537 	0.0285122 	-0.00183368 	-1.26168 	0.000612763 	
2.21	0.399963 	-0.174498 	0.0284413 	2.30992e-05 	-1.25987 	0.000209991 	
2.215	0.399953 	-0.174494 	0.028373 	0.000124579 	-1.25889 	0.000493992 	
2.22	0.399947 	-0.174494 	0.028304 	-1.51036e-06 	-1.25797 	0.000932121 	
2.225	0.399946 	-0.174498 	0.0282341 	-0.000308214 	-1.25712 	0.0014921 	
2.23	0.399948 	-0.174505 	0.0281635 	-0.000758168 	-1.25632 	0.00214833 	
2.235	0.399983 	-0.174506 	0.0280952 	-0.000236263 	-1.25601 	-0.000206739 	
2.24	0.400001 	-0.174514 	0.028024 	-0.000512931 	-1.25544 	-0.000503067 	
2.245	0.400019 	-0.174524 	0.0279517 	-0.000941785 	-1.25486 	-0.000528747 	
2.25	0.399964 	-0.1745 	0.0278726 	-0.000129192 	-1.25304 	0.000415977 	
2.255	0.399957 	-0.174501 	0.0277963 	-0.00028451 	-1.25201 	0.00103979 	
2.26	0.399955 	-0.174504 	0.0277196 	-0.00060912 	-1.25107 	0.00174284 	
2.265	0.399957 	-0.174511 	0.0276423 	-0.00106813 	-1.25019 	0.00250827 	
2.27	0.399979 	-0.174504 	0.0275665 	-0.000104593 	-1.24957 	-0.000280109 	
2.275	0.399993 	-0.174508 	0.0274888 	-0.000222681 	-1.24886 	-0.000696435 	
2.28	0.400009 	-0.174516 	0.0274104 	-0.000520706 	-1.24818 	-0.000822098 	
2.285	0.399966 	-0.174502 	0.0273266 	-0.000205393 	-1.2465 	0.000460645 	
2.29	0.399963 	-0.174505 	0.0272452 	-0.000483685 	-1.24548 	0.00116179 	
2.295	0.399965 	-0.174511 	0.0271635 	-0.000901884 	-1.24455 	0.00192196 	
2.3	0.399972 	-0.174519 	0.0270815 	-0.00143112 	-1.24368 	0.00272847 	
2.305	0.399975 	-0.174502 	0.0269996 	1.5678e-06 	-1.24268 	-0.00034645 	
2.31	0.399985 	-0.174503 	0.026917 	3.02134e-05 	-1.24184 	-0.00085491 	
2.315	0.399998 	-0.174508 	0.0268341 	-0.00014634 	-1.24105 	-0.00105838 	
2.32	0.400014 	-0.174516 	0.0267507 	-0.000485307 	-1.2403 	-0.00101956 	
2.325	0.399964 	-0.174502 	0.0266623 	-0.000245815 	-1.23845 	0.000671042 	
2.33	0.399958 	-0.174505 	0.0265766 	-0.000555191 	-1.23736 	0.00156518 	
2.335	0.399959 	-0.174511 	0.026491 	-0.000991626 	-1.23636 	0.00247308 	
2.34	0.399976 	-0.174503 	0.0264068 	-0.000111007 	-1.23556 	-0.000159766 	
2.345	0.399989 	-0.174507 	0.0263217 	-0.000236913 	-1.23475 	-0.000483759 	
2.35	0.400005 	-0.174514 	0.0262363 	-0.000531552 	-1.23398 	-0.000545202 	
2.355	0.400023 	-0.174523 	0.0261509 	-0.000959675 	-1.23325 	-0.000398064 	
2.36	0.399961 	-0.1745 	0.0260603 	-0.000105612 	-1.23116 	0.000481589 	
2.365	0.399953 	-0.1745 	0.0259729 	-0.000224291 	-1.22998 	0.00112205 	
2.37	0.399952 	-0.174504 	0.0258858 	-0.000504903 	-1.22893 	0.00182373 	
2.375	0.399956 	-0.17451 	0.025799 	-0.000914231 	-1.22797 	0.00257357 	
2.38	0.39998 	-0.174504 	0.025714 	-0.00011854 	-1.22727 	-0.000335319 	
2.385	0.399997 	-0.174509 	0.0256281 	-0.000258283 	-1.22652 	-0.00082038 	
2.39	0.400016 	-0.174517 	0.0255423 	-0.000559468 	-1.2258 	-0.00101518 	
2.395	0.399965 	-0.174502 	0.0254527 	-0.000175484 	-1.2239 	0.000474754 	
2.4	0.399961 	-0.174505 	0.0253657 	-0.000409192 	-1.2228 	0.00120369 	
2.405	0.399963 	-0.17451 	0.0252792 	-0.000777345 	-1.22181 	0.0019717 	
2.41	0.39997 	-0.174518 	0.0251932 	-0.00125238 	-1.2209 	0.00277034 	
2.415	0.399976 	-0.174502 	0.0251083 	-1.94702e-05 	-1.21991 	-0.000385413 	
2.42	0.399987 	-0.174504 	0.0250233 	-2.20988e-05 	-1.21906 	-0.000945886 	
2.425	0.400002 	-0.174509 	0.0249387 	-0.000209672 	-1.21828 	-0.00120494 	
2.43	0.399968 	-0.174504 	0.0248519 	-0.000235168 	-1.21671 	0.00050363 	
2.435	0.399968 	-0.174509 	0.0247672 	-0.000568091 	-1.21571 	0.00128152 	
2.44	0.399973 	-0.174516 	0.0246832 	-0.00101166 	-1.21479 	0.00208479 	
2.445	0.399981 	-0.174525 	0.0245998 	-0.00154315 	-1.21395 	0.0029078 	
2.45	0.399972 	-0.1745 	0.0245171 	6.64726e-05 	-1.21273 	-0.000429306 	
2.455	0.399979 	-0.174499 	0.024435 	0.000182685 	-1.21183 	-0.00105054 	
2.46	0.399988 	-0.174502 	0.0243535 	9.3912e-05 	-1.211 	-0.00136193 	
2.465	0.4 	-0.174508 	0.0242726 	-0.000157146 	-1.21022 	-0.00142714 	
2.47	0.399967 	-0.174505 	0.0241904 	-0.000302884 	-1.20873 	0.000750222 	
2.475	0.399965 	-0.174511 	0.0241101 	-0.000692704 	-1.20776 	0.00175526 	
2.48	0.399968 	-0.174519 	0.0240308 	-0.00117648 	-1.20687 	0.00273492 	
2.485	0.399974 	-0.174502 	0.0239533 	-5.05189e-05 	-1.20596 	-0.000234384 	
2.49	0.399982 	-0.174504 	0.023876 	-8.1362e-05 	-1.20516 	-0.000677122 	
2.495	0.399993 	-0.174509 	0.0237995 	-0.000283078 	-1.20442 	-0.000850424 	
2.5	0.400005 	-0.174516 	0.0237239 	-0.000620148 	-1.20371 	-0.000809484 	
2.505	0.399965 	-0.174502 	0.0236475 	-0.000166274 	-1.20216 	0.000561804 	
2.51	0.39996 	-0.174505 	0.0235731 	-0.000370894 	-1.20119 	0.00131542 	
2.515	0.399959 	-0.174511 	0.0234998 	-0.000704299 	-1.20031 	0.00209171 	
2.52	0.399975 	-0.174503 	0.0234286 	-0.000132517 	-1.19967 	-0.00011976 	
2.525	0.399985 	-0.174508 	0.0233578 	-0.000300013 	-1.19897 	-0.000372289 	
2.53	0.399995 	-0.174515 	0.023288 	-0.000606901 	-1.1983 	-0.000397565 	
2.535	0.400006 	-0.174524 	0.0232192 	-0.00102424 	-1.19765 	-0.000242051 	
2.54	0.400017 	-0.174534 	0.0231515 	-0.00152903 	-1.19703 	5.7223e-05 	
2.545	0.39996 	-0.174497 	0.0230839 	0.00010181 	-1.19527 	0.000384964 	
2.55	0.399946 	-0.174493 	0.0230181 	0.000258612 	-1.19426 	0.000856799 	
2.555	0.399938 	-0.174492 	0.0229535 	0.000216607 	-1.19335 	0.00140536 	
2.56	0.399979 	-0.174507 	0.0228915 	-0.000298544 	-1.19326 	-6.34416e-06 	
2.565	0.399993 	-0.174517 	0.02283 	-0.000742216 	-1.19275 	-6.21601e-05 	
2.57	0.400005 	-0.174529 	0.0227696 	-0.00126612 	-1.19224 	6.60578e-05 	
2.575	0.400016 	-0.174541 	0.0227104 	-0.00185345 	-1.19172 	0.000340809 	
2.58	0.39996 	-0.174496 	0.0226523 	0.000179957 	-1.19008 	0.000239262 	
2.585	0.399946 	-0.174489 	0.0225957 	0.000452659 	-1.18916 	0.000547676 	
2.59	0.399935 	-0.174487 	0.0225404 	0.000505007 	-1.18831 	0.000963876 	
2.595	0.399979 	-0.174508 	0.0224875 	-0.000346694 	-1.1884 	7.87639e-05 	
2.6	0.399991 	-0.17452 	0.0224353 	-0.00087225 	-1.18797 	0.000158904 	
2.605	0.400001 	-0.174532 	0.0223845 	-0.00145896 	-1.18753 	0.000393198 	
2.61	0.400008 	-0.174546 	0.0223351 	-0.00209394 	-1.18707 	0.000750224 	
2.615	0.40004 	-0.17452 	0.022475 	-0.000572289 	-1.18614 	0.00062768 	
2.62	0.400009 	-0.174506 	0.0222676 	-0.000973209 	-1.18575 	0.0012859 	
2.625	0.400017 	-0.174533 	0.0222459 	-0.00154931 	-1.18543 	0.00195922 	
2.63	0.400038 	-0.174536 	0.0222387 	-0.0023088 	-1.18517 	0.00258634 	
2.635	0.400064 	-0.174568 	0.0221838 	-0.00343794 	-1.18502 	0.00350502 	
2.64	0.400008 	-0.174509 	0.0221595 	-4.89556e-05 	-1.18331 	-0.000203883 	
2.645	0.399997 	-0.174502 	0.022122 	0.000327564 	-1.18284 	-0.000741021 	
2.65	0.400003 	-0.174491 	0.0220852 	0.000471923 	-1.18252 	-0.00100636 	
2.655	0.398512 	-0.1765 	0.0777471 	0.000494727 	-1.18233 	-0.00112415 	
2.66	0.398536 	-0.176494 	0.0777068 	0.000282021 	-1.18237 	-0.000924376 	
2.665	0.398541 	-0.176483 	0.0776872 	-0.000148907 	-1.18244 	-0.00072362 	
2.67	0.398548 	-0.176456 	0.077665 	-0.000828499 	-1.18262 	-0.000245333 	
2.675	0.398546 	-0.17644 	0.0776435 	-0.00166805 	-1.18287 	0.000352105 	
2.68	0.398534 	-0.176427 	0.0776311 	-0.00202777 	-1.18313 	0.000666028 	
2.685	0.398521 	-0.176412 	0.0776222 	-0.00221413 	-1.18344 	0.000896953 	
2.69	0.398505 	-0.176402 	0.0776153 	-0.00233768 	-1.18378 	0.00106719 	
2.695	0.398487 	-0.176395 	0.0776099 	-0.00242985 	-1.18416 	0.00119646 	
2.7	0.398468 	-0.176391 	0.0776056 	-0.0025002 	-1.18456 	0.00129236 	
2.705	0.398448 	-0.176388 	0.0776024 	-0.0025538 	-1.18498 	0.0013592 	
2.71	0.398427 	-0.176386 	0.0776001 	-0.0025954 	-1.18542 	0.00140312 	
2.715	0.398405 	-0.176385 	0.0775986 	-0.00262854 	-1.18587 	0.00143123 	
2.72	0.398383 	-0.176384 	0.0775978 	-0.0026559 	-1.18633 	0.00145012 	
2.725	0.398361 	-0.176384 	0.0775975 	-0.002679 	-1.1868 	0.00146384 	
2.73	0.398339 	-0.176385 	0.0775977 	-0.00269912 	-1.18728 	0.00147453 	
2.735	0.398317 	-0.176385 	0.0775983 	-0.00271732 	-1.18776 	0.00148324 	
2.74	0.398295 	-0.176386 	0.0775985 	-0.00277092 	-1.18825 	0.00149181 	
2.745	0.398273 	-0.176387 	0.0775984 	-0.00285113 	-1.18875 	0.00149855 	
2.75	0.398252 	-0.176388 	0.077598 	-0.00295382 	-1.18925 	0.00150561 	
2.755	0.39823 	-0.176389 	0.0775974 	-0.00307655 	-1.18976 	0.0015147 	
2.76	0.39821 	-0.17639 	0.0775966 	-0.00321757 	-1.19027 	0.00152716 	
2.765	0.398189 	-0.17639 	0.0775957 	-0.00337317 	-1.19079 	0.00154311 	
2.77	0.398168 	-0.176391 	0.0775948 	-0.0035352 	-1.19131 	0.00155962 	
2.775	0.398147 	-0.176391 	0.0775939 	-0.00370472 	-1.19183 	0.00157904 	
2.78	0.398127 	-0.176392 	0.077593 	-0.00388117 	-1.19235 	0.00160146 	
2.785	0.398106 	-0.176392 	0.077592 	-0.00406401 	-1.19287 	0.00162706 	
2.79	0.398085 	-0.176393 	0.077591 	-0.00425274 	-1.19339 	0.00165592 	
2.795	0.398065 	-0.176393 	0.07759 	-0.00444704 	-1.19391 	0.00168816 	
2.8	0.398044 	-0.176394 	0.0775889 	-0.00464662 	-1.19443 	0.00172388 	
2.805	0.398024 	-0.176394 	0.0775878 	-0.00485122 	-1.19496 	0.00176319 	
2.81	0.398003 	-0.176395 	0.0775866 	-0.00506066 	-1.19548 	0.00180614 	
2.815	0.397983 	-0.176395 	0.0775854 	-0.0052747 	-1.19601 	0.00185275 	
2.82	0.397962 	-0.176395 	0.0775842 	-0.00549315 	-1.19653 	0.00190307 	
2.825	0.397942 	-0.176396 	0.0775829 	-0.00571583 	-1.19706 	0.00195707 	
2.83	0.39792 	-0.176402 	0.0775772 	-0.00572313 	-1.19759 	0.0018458 	
2.835	0.397899 	-0.176414 	0.0775658 	-0.00533556 	-1.19816 	0.00143184 	
2.84	0.397883 	-0.17642 	0.0775601 	-0.00495387 	-1.19876 	0.00104186 	
2.845	0.397871 	-0.176421 	0.0775537 	-0.00486403 	-1.19937 	0.000904823 	
2.85	0.397858 	-0.176421 	0.0775453 	-0.00496735 	-1.19998 	0.000930692 	
2.855	0.397844 	-0.176425 	0.0775343 	-0.00500754 	-1.2006 	0.000904988 	
2.86	0.397826 	-0.176438 	0.0775196 	-0.00459128 	-1.20121 	0.000508191 	
2.865	0.397801 	-0.176463 	0.0775076 	-0.00373109 	-1.20177 	-0.00017752 	
2.87	0.397777 	-0.176491 	0.077492 	-0.00260828 	-1.20235 	-0.00108137 	
2.875	0.397761 	-0.176521 	0.0774902 	-0.00132665 	-1.20298 	-0.00213497 	
2.88	0.397749 	-0.17654 	0.0774822 	-0.00065778 	-1.2036 	-0.00267877 	
2.885	0.397738 	-0.176557 	0.0774756 	-0.000481413 	-1.20423 	-0.00284232 	
2.89	0.397717 	-0.176575 	0.0774478 	-0.000878943 	-1.20478 	-0.00250994 	
2.895	0.397696 	-0.176591 	0.0774201 	-0.000640031 	-1.20539 	-0.00273709 	
2.9	0.397676 	-0.17661 	0.0773966 	0.000107666 	-1.20601 	-0.00338478 	
2.905	0.397658 	-0.176626 	0.0773747 	0.000812797 	-1.20664 	-0.00398891 	
2.91	0.397627 	-0.176643 	0.0773622 	0.00147475 	-1.20717 	-0.00466191 	
2.915	0.397604 	-0.176651 	0.0773529 	0.00192317 	-1.20774 	-0.00511847 	
2.92	0.397576 	-0.17666 	0.0773448 	0.00222611 	-1.20828 	-0.00546044 	
2.925	0.397548 	-0.176665 	0.0773374 	0.00241403 	-1.20881 	-0.00567281 	
2.93	0.397523 	-0.176661 	0.0773324 	0.0022892 	-1.20934 	-0.00560815 	
2.935	0.397498 	-0.176653 	0.0773274 	0.00195662 	-1.20987 	-0.00535318 	
2.94	0.39747 	-0.176647 	0.0773207 	0.00171533 	-1.21039 	-0.00516921 	
2.945	0.397444 	-0.17664 	0.0773137 	0.00152329 	-1.21092 	-0.00500961 	
2.95	0.397417 	-0.176634 	0.0773066 	0.00137055 	-1.21145 	-0.00487749 	
2.955	0.39739 	-0.17663 	0.0772996 	0.00125334 	-1.21198 	-0.00477325 	
2.96	0.397365 	-0.176619 	0.0772934 	0.000946352 	-1.21252 	-0.00450096 	
2.965	0.397341 	-0.176606 	0.0772874 	0.00051894 	-1.21305 	-0.0041317 	
2.97	0.397317 	-0.176593 	0.0772812 	1.04731e-05 	-1.21359 	-0.00369411 	
2.975	0.397293 	-0.176578 	0.0772753 	-0.000532219 	-1.21413 	-0.00323139 	
2.98	0.397271 	-0.176563 	0.0772683 	-0.0011113 	-1.21467 	-0.00273502 	
2.985	0.397249 	-0.17655 	0.0772638 	-0.00169742 	-1.21522 	-0.00224481 	
2.99	0.397227 	-0.176538 	0.0772604 	-0.00225827 	-1.21575 	-0.00178792 	
2.995	0.397204 	-0.176526 	0.0772572 	-0.0028109 	-1.21628 	-0.00134016 	
3	0.397181 	-0.176513 	0.0772537 	-0.00336497 	-1.21681 	-0.000893531 	
3.005	0.397158 	-0.176506 	0.0772519 	-0.00389226 	-1.21734 	-0.000459711 	
3.01	0.397134 	-0.176498 	0.0772502 	-0.00439135 	-1.21787 	-5.06912e-05 	
3.015	0.39711 	-0.176491 	0.0772483 	-0.00488117 	-1.21839 	0.000349413 	
3.02	0.397086 	-0.176484 	0.0772461 	-0.00536519 	-1.21891 	0.000744891 	
3.025	0.397061 	-0.176477 	0.0772436 	-0.0058464 	-1.21943 	0.0011398 	
3.03	0.397036 	-0.176469 	0.0772409 	-0.00632314 	-1.21995 	0.00153416 	
3.035	0.397012 	-0.176464 	0.077238 	-0.00671737 	-1.22049 	0.00184087 	
3.04	0.396988 	-0.176456 	0.0772343 	-0.00707102 	-1.22102 	0.00210998 	
3.045	0.396964 	-0.176447 	0.0772299 	-0.00752357 	-1.22156 	0.00244063 	
3.05	0.396939 	-0.176441 	0.0772256 	-0.00791668 	-1.2221 	0.00268144 	
3.055	0.396913 	-0.176433 	0.0772211 	-0.00822869 	-1.22263 	0.00283736 	
3.06	0.396887 	-0.176426 	0.0772162 	-0.00853041 	-1.22317 	0.00299047 	
3.065	0.396861 	-0.17642 	0.0772114 	-0.00881307 	-1.22371 	0.0031478 	
3.07	0.396835 	-0.176413 	0.0772061 	-0.00921463 	-1.22424 	0.00339473 	
3.075	0.396808 	-0.176408 	0.0772015 	-0.00950563 	-1.22478 	0.00356782 	
3.08	0.396781 	-0.176406 	0.0771966 	-0.00970473 	-1.22532 	0.00367364 	
3.085	0.396752 	-0.176409 	0.077191 	-0.00967243 	-1.22587 	0.00357853 	
3.09	0.396723 	-0.176409 	0.0771851 	-0.0096511 	-1.22641 	0.003502 	
3.095	0.396694 	-0.17641 	0.0771785 	-0.00967174 	-1.22696 	0.00343456 	
3.1	0.396664 	-0.176409 	0.0771721 	-0.0097427 	-1.22751 	0.00341308 	
3.105	0.396635 	-0.176409 	0.0771634 	-0.00982855 	-1.22807 	0.00336773 	
3.11	0.396606 	-0.176407 	0.0771547 	-0.00993813 	-1.22863 	0.00332485 	
3.115	0.396577 	-0.176403 	0.0771452 	-0.0101119 	-1.22919 	0.00333513 	
3.12	0.396548 	-0.176395 	0.077135 	-0.0104158 	-1.22975 	0.00347025 	
3.125	0.396518 	-0.176387 	0.0771241 	-0.0107681 	-1.23031 	0.0036492 	
3.13	0.396489 	-0.176379 	0.0771131 	-0.0111313 	-1.23087 	0.00383938 	
3.135	0.396459 	-0.17637 	0.0771023 	-0.0114891 	-1.23143 	0.00402523 	
3.14	0.396427 	-0.176368 	0.0770921 	-0.0115817 	-1.23199 	0.00404319 	
3.145	0.396396 	-0.176366 	0.0770825 	-0.0115718 	-1.23255 	0.00401035 	
3.15	0.396365 	-0.176367 	0.0770739 	-0.0115022 	-1.23311 	0.00393749 	
3.155	0.396333 	-0.176369 	0.0770659 	-0.0113971 	-1.23368 	0.00383356 	
3.16	0.396302 	-0.17637 	0.0770583 	-0.011291 	-1.23424 	0.00372591 	
3.165	0.396271 	-0.176371 	0.0770509 	-0.0112709 	-1.2348 	0.0036786 	
3.17	0.39624 	-0.176371 	0.0770446 	-0.0113573 	-1.23536 	0.00373387 	
3.175	0.39621 	-0.176372 	0.0770386 	-0.0114235 	-1.23592 	0.00372848 	
3.18	0.39618 	-0.17637 	0.0770318 	-0.0115348 	-1.23648 	0.00374171 	
3.185	0.396149 	-0.176371 	0.0770258 	-0.0115572 	-1.23704 	0.00370894 	
3.19	0.396119 	-0.176368 	0.0770191 	-0.0116315 	-1.23761 	0.00371043 	
3.195	0.396089 	-0.176366 	0.0770121 	-0.0117338 	-1.23817 	0.00372958 	
3.2	0.396058 	-0.176363 	0.0770057 	-0.0118907 	-1.23873 	0.00381292 	
3.205	0.396028 	-0.176361 	0.0769997 	-0.0119834 	-1.23929 	0.00388061 	
3.21	0.395997 	-0.176359 	0.0769936 	-0.0120708 	-1.23984 	0.00395417 	
3.215	0.395967 	-0.176354 	0.0769874 	-0.0122332 	-1.24039 	0.00411383 	
3.22	0.395936 	-0.176349 	0.0769813 	-0.0124432 	-1.24094 	0.00432844 	
3.225	0.395905 	-0.176346 	0.0769741 	-0.0125592 	-1.24149 	0.00445361 	
3.23	0.395875 	-0.176342 	0.0769668 	-0.0126512 	-1.24205 	0.00455479 	
3.235	0.395844 	-0.176339 	0.0769598 	-0.0127373 	-1.2426 	0.00463863 	
3.24	0.395813 	-0.17634 	0.0769533 	-0.012686 	-1.24316 	0.00461791 	
3.245	0.395783 	-0.176341 	0.076947 	-0.0125841 	-1.24372 	0.00455361 	
3.25	0.395752 	-0.176341 	0.0769409 	-0.0125218 	-1.24427 	0.00451632 	
3.255	0.395721 	-0.176342 	0.0769348 	-0.0124732 	-1.24483 	0.00448565 	
3.26	0.39569 	-0.176343 	0.076929 	-0.0124279 	-1.24539 	0.00445598 	
3.265	0.39566 	-0.176344 	0.0769234 	-0.0124053 	-1.24594 	0.00444152 	
3.27	0.395629 	-0.176345 	0.0769178 	-0.0124084 	-1.24649 	0.00444619 	
3.275	0.395598 	-0.176345 	0.0769123 	-0.0124333 	-1.24705 	0.00446865 	
3.28	0.395567 	-0.176345 	0.0769069 	-0.0124632 	-1.2476 	0.00449568 	
3.285	0.395536 	-0.176346 	0.0769014 	-0.012494 	-1.24815 	0.00452402 	
3.29	0.395505 	-0.176346 	0.0768959 	-0.0125365 	-1.24871 	0.0045582 	
3.295	0.395475 	-0.176346 	0.0768903 	-0.0125821 	-1.24926 	0.00459295 	
3.3	0.395444 	-0.176346 	0.0768847 	-0.0126285 	-1.24982 	0.00462766 	
3.305	0.395413 	-0.176346 	0.076879 	-0.0126809 	-1.25037 	0.0046593 	
3.31	0.395381 	-0.176351 	0.0768722 	-0.0126039 	-1.25093 	0.00457398 	
3.315	0.395349 	-0.176354 	0.0768647 	-0.0125453 	-1.25148 	0.00449529 	
3.32	0.395317 	-0.176361 	0.076858 	-0.0122338 	-1.25206 	0.00420334 	
3.325	0.395286 	-0.176366 	0.0768506 	-0.0119675 	-1.25263 	0.0039045 	
3.33	0.395253 	-0.176377 	0.0768422 	-0.0115318 	-1.2532 	0.00346147 	
3.335	0.39522 	-0.176392 	0.0768327 	-0.0109537 	-1.25378 	0.00289515 	
3.34	0.395187 	-0.176405 	0.0768233 	-0.0104169 	-1.25436 	0.002361 	
3.345	0.395153 	-0.176418 	0.0768139 	-0.00992241 	-1.25494 	0.00185711 	
3.35	0.395119 	-0.176429 	0.0768044 	-0.00948394 	-1.25552 	0.00139857 	
3.355	0.395085 	-0.17644 	0.0767949 	-0.00909905 	-1.2561 	0.000987863 	
3.36	0.395051 	-0.176448 	0.0767853 	-0.00881182 	-1.25668 	0.000659255 	
3.365	0.395016 	-0.176464 	0.0767744 	-0.00826663 	-1.25727 	0.000128965 	
3.37	0.394982 	-0.17647 	0.0767657 	-0.00803095 	-1.25785 	-0.000118642 	
3.375	0.394948 	-0.176476 	0.0767575 	-0.00788085 	-1.25842 	-0.000286479 	
3.38	0.394914 	-0.176479 	0.0767496 	-0.00777646 	-1.259 	-0.000405403 	
3.385	0.394881 	-0.176481 	0.0767422 	-0.00774195 	-1.25957 	-0.000460025 	
3.39	0.394848 	-0.17648 	0.0767344 	-0.00777796 	-1.26013 	-0.000450083 	
3.395	0.394815 	-0.176479 	0.076727 	-0.00780053 	-1.26071 	-0.000464129 	
3.4	0.394783 	-0.176478 	0.0767197 	-0.00782082 	-1.26128 	-0.000488895 	
3.405	0.39475 	-0.176477 	0.0767125 	-0.00784145 	-1.26185 	-0.000522599 	
3.41	0.394718 	-0.176477 	0.0767051 	-0.00782221 	-1.26243 	-0.00058928 	
3.415	0.394686 	-0.176476 	0.0766962 	-0.0078514 	-1.26299 	-0.000602468 	
3.42	0.394653 	-0.176477 	0.0766884 	-0.00782555 	-1.26357 	-0.000666139 	
3.425	0.394621 	-0.176478 	0.0766808 	-0.00778612 	-1.26414 	-0.000747896 	
3.43	0.394589 	-0.176477 	0.0766732 	-0.00777049 	-1.26472 	-0.000826869 	
3.435	0.394557 	-0.176477 	0.0766658 	-0.00778732 	-1.26529 	-0.000890905 	
3.44	0.394525 	-0.176477 	0.0766586 	-0.00777334 	-1.26586 	-0.000929966 	
3.445	0.394492 	-0.176477 	0.0766514 	-0.00776356 	-1.26643 	-0.000956053 	
3.45	0.394459 	-0.176477 	0.0766441 	-0.00777762 	-1.26699 	-0.000951227 	
3.455	0.394426 	-0.176477 	0.0766367 	-0.0077965 	-1.26756 	-0.000936917 	
3.46	0.394394 	-0.176476 	0.0766293 	-0.00784549 	-1.26813 	-0.000894096 	
3.465	0.39436 	-0.176476 	0.0766218 	-0.00788 	-1.2687 	-0.000862578 	
3.47	0.394328 	-0.176472 	0.0766139 	-0.00802319 	-1.26926 	-0.00074507 	
3.475	0.394295 	-0.176468 	0.0766055 	-0.00823043 	-1.26983 	-0.000580288 	
3.48	0.394262 	-0.176464 	0.0765972 	-0.00845511 	-1.2704 	-0.00040225 	
3.485	0.394229 	-0.176459 	0.0765888 	-0.0086923 	-1.27096 	-0.000195559 	
3.49	0.394196 	-0.176454 	0.0765807 	-0.00889906 	-1.27153 	1.8394e-05 	
3.495	0.394163 	-0.17645 	0.0765726 	-0.00908876 	-1.27209 	0.000230993 	
3.5	0.39413 	-0.176445 	0.0765642 	-0.00927094 	-1.27265 	0.000467395 	
3.505	0.394098 	-0.176442 	0.0765576 	-0.00940578 	-1.27321 	0.000608176 	
3.51	0.394067 	-0.176438 	0.0765515 	-0.00954992 	-1.27378 	0.000753683 	
3.515	0.394035 	-0.176435 	0.0765454 	-0.00966954 	-1.27434 	0.00087861 	
3.52	0.394004 	-0.176433 	0.0765393 	-0.0097489 	-1.27491 	0.000973057 	
3.525	0.393974 	-0.176429 	0.076533 	-0.00987658 	-1.27546 	0.00112663 	
3.53	0.393942 	-0.176427 	0.0765252 	-0.00995875 	-1.27602 	0.00129467 	
3.535	0.39391 	-0.176426 	0.0765171 	-0.0099723 	-1.27658 	0.00136401 	
3.54	0.393879 	-0.176421 	0.0765102 	-0.0101345 	-1.27714 	0.00157924 	
3.545	0.393848 	-0.176415 	0.0765036 	-0.0103937 	-1.2777 	0.0018829 	
3.55	0.393816 	-0.176407 	0.0764967 	-0.0107171 	-1.27825 	0.00225935 	
3.555	0.393784 	-0.176403 	0.0764899 	-0.0108996 	-1.27882 	0.00245743 	
3.56	0.393752 	-0.176401 	0.076483 	-0.010955 	-1.27939 	0.00253342 	
3.565	0.39372 	-0.1764 	0.0764762 	-0.0109526 	-1.27996 	0.00253795 	
3.57	0.393688 	-0.1764 	0.0764693 	-0.0109067 	-1.28053 	0.00249067 	
3.575	0.393655 	-0.176403 	0.0764608 	-0.0107613 	-1.28111 	0.00234665 	
3.58	0.393622 	-0.176405 	0.0764519 	-0.0106089 	-1.28168 	0.00219743 	
3.585	0.393589 	-0.176406 	0.0764429 	-0.0105534 	-1.28226 	0.00214598 	
3.59	0.393555 	-0.176407 	0.0764348 	-0.0105022 	-1.28283 	0.00208917 	
3.595	0.393522 	-0.176406 	0.0764267 	-0.0105226 	-1.28341 	0.00211226 	
3.6	0.393489 	-0.176405 	0.0764185 	-0.0105287 	-1.28398 	0.0021148 	
3.605	0.393456 	-0.176401 	0.0764099 	-0.0106336 	-1.28455 	0.002223 	
3.61	0.393422 	-0.176401 	0.0764006 	-0.0106045 	-1.28513 	0.00221277 	
3.615	0.39339 	-0.176396 	0.0763928 	-0.0106748 	-1.28571 	0.00230956 	
3.62	0.393357 	-0.176393 	0.0763855 	-0.0107814 	-1.28628 	0.00243756 	
3.625	0.393325 	-0.176389 	0.0763786 	-0.0109017 	-1.28685 	0.00257815 	
3.63	0.393294 	-0.176386 	0.076372 	-0.0110286 	-1.28742 	0.00272415 	
3.635	0.393262 	-0.176382 	0.0763656 	-0.0111681 	-1.28798 	0.00287542 	
3.64	0.393231 	-0.176379 	0.0763593 	-0.0113134 	-1.28855 	0.00302964 	
3.645	0.393199 	-0.176373 	0.0763518 	-0.0115975 	-1.28911 	0.00332214 	
3.65	0.393167 	-0.176368 	0.0763446 	-0.011844 	-1.28967 	0.00357517 	
3.655	0.393165 	-0.176369 	0.0763646 	-0.0119641 	-1.29008 	0.00369307 	
3.66	0.393156 	-0.176381 	0.0763831 	-0.0120516 	-1.29051 	0.00374697 	
3.665	0.393148 	-0.176383 	0.0763969 	-0.0121374 	-1.29094 	0.00381062 	
3.67	0.393137 	-0.176384 	0.0764068 	-0.0122274 	-1.29137 	0.00386468 	
3.675	0.393124 	-0.176384 	0.0764135 	-0.0123218 	-1.29181 	0.00391511 	
3.68	0.393108 	-0.17638 	0.0764171 	-0.0125448 	-1.29225 	0.00408317 	
3.685	0.393089 	-0.17638 	0.0764189 	-0.0125963 	-1.29271 	0.00411795 	
3.69	0.393069 	-0.176379 	0.0764188 	-0.012603 	-1.29318 	0.00412133 	
3.695	0.393046 	-0.176378 	0.0764171 	-0.0125979 	-1.29367 	0.00411371 	
3.7	0.393021 	-0.176378 	0.0764139 	-0.0125891 	-1.29416 	0.00410227 	
3.705	0.392995 	-0.176378 	0.0764094 	-0.0125788 	-1.29467 	0.004089 	
3.71	0.392967 	-0.176378 	0.0764039 	-0.0125674 	-1.29518 	0.00407448 	
3.715	0.392938 	-0.176378 	0.0763974 	-0.0125552 	-1.29571 	0.0040589 	
3.72	0.392908 	-0.176378 	0.07639 	-0.0125422 	-1.29625 	0.00404235 	
3.725	0.392877 	-0.176378 	0.076382 	-0.0125284 	-1.29679 	0.0040249 	
3.73	0.392845 	-0.176378 	0.0763733 	-0.0125139 	-1.29734 	0.00400655 	
3.735	0.392812 	-0.176374 	0.0763635 	-0.0126865 	-1.2979 	0.00416027 	
3.74	0.392779 	-0.176369 	0.076354 	-0.0129197 	-1.29846 	0.0043799 	
3.745	0.392746 	-0.176363 	0.0763446 	-0.0131938 	-1.29903 	0.00464603 	
3.75	0.392713 	-0.176356 	0.0763352 	-0.0135 	-1.2996 	0.0049462 	
3.755	0.39268 	-0.176347 	0.0763243 	-0.0139545 	-1.30016 	0.00539553 	
3.76	0.392645 	-0.176338 	0.0763123 	-0.0144928 	-1.30073 	0.0059252 	
3.765	0.39261 	-0.176332 	0.0763018 	-0.0149505 	-1.3013 	0.00637252 	
3.77	0.392575 	-0.176322 	0.0762899 	-0.0155227 	-1.30188 	0.00692471 	
3.775	0.39254 	-0.176315 	0.0762784 	-0.0159685 	-1.30246 	0.00736913 	
3.78	0.392505 	-0.176308 	0.0762673 	-0.0162575 	-1.30305 	0.00765911 	
3.785	0.392471 	-0.176302 	0.0762564 	-0.0164881 	-1.30364 	0.00788702 	
3.79	0.392436 	-0.176296 	0.0762458 	-0.0166861 	-1.30422 	0.00807877 	
3.795	0.392402 	-0.176291 	0.0762355 	-0.0168461 	-1.30481 	0.00822572 	
3.8	0.392368 	-0.176287 	0.0762258 	-0.016959 	-1.3054 	0.00831621 	
3.805	0.392334 	-0.176284 	0.0762167 	-0.0170457 	-1.30598 	0.00837813 	
3.81	0.392301 	-0.176282 	0.0762082 	-0.0171171 	-1.30657 	0.00842429 	
3.815	0.392269 	-0.17628 	0.0762001 	-0.0171847 	-1.30715 	0.00846733 	
3.82	0.392236 	-0.176278 	0.0761923 	-0.0172453 	-1.30772 	0.00851477 	
3.825	0.392203 	-0.176272 	0.0761828 	-0.0175435 	-1.30829 	0.00879751 	
3.83	0.392169 	-0.176272 	0.0761732 	-0.0177833 	-1.30887 	0.00900636 	
3.835	0.392135 	-0.176272 	0.0761636 	-0.0178331 	-1.30945 	0.00903769 	
3.84	0.392101 	-0.176272 	0.0761538 	-0.0178358 	-1.31003 	0.00902507 	
3.845	0.392067 	-0.176273 	0.0761439 	-0.0178329 	-1.31061 	0.0090123 	
3.85	0.392032 	-0.176273 	0.076134 	-0.017844 	-1.31119 	0.00901415 	
3.855	0.391998 	-0.176274 	0.0761248 	-0.0178873 	-1.31178 	0.00903991 	
3.86	0.391965 	-0.176273 	0.0761155 	-0.0179823 	-1.31236 	0.00911942 	
3.865	0.391931 	-0.17627 	0.0761056 	-0.0182218 	-1.31293 	0.00934719 	
3.87	0.391897 	-0.176266 	0.0760955 	-0.0185084 	-1.31351 	0.0096233 	
3.875	0.391863 	-0.176261 	0.0760848 	-0.0187648 	-1.3141 	0.00987426 	
3.88	0.391829 	-0.176257 	0.0760752 	-0.0189491 	-1.31468 	0.0100596 	
3.885	0.391794 	-0.176253 	0.0760646 	-0.0191384 	-1.31526 	0.0102373 	
3.89	0.391759 	-0.176249 	0.0760538 	-0.0193079 	-1.31585 	0.0103974 	
3.895	0.391724 	-0.176248 	0.0760435 	-0.019352 	-1.31644 	0.0104393 	
3.9	0.391688 	-0.176246 	0.0760331 	-0.019366 	-1.31703 	0.0104549 	
3.905	0.391653 	-0.176244 	0.0760224 	-0.0194065 	-1.31762 	0.0104944 	
3.91	0.391616 	-0.176243 	0.0760114 	-0.0194533 	-1.31822 	0.0105385 	
3.915	0.39158 	-0.176242 	0.0760005 	-0.0195011 	-1.31881 	0.0105835 	
3.92	0.391544 	-0.176241 	0.0759884 	-0.0196068 	-1.31941 	0.010702 	
3.925	0.391506 	-0.17624 	0.075976 	-0.0196703 	-1.32 	0.0107711 	
3.93	0.391469 	-0.176235 	0.0759627 	-0.0199279 	-1.3206 	0.011044 	
3.935	0.391431 	-0.176227 	0.0759485 	-0.0203561 	-1.32119 	0.011484 	
3.94	0.391393 	-0.176223 	0.0759351 	-0.0205978 	-1.3218 	0.011713 	
3.945	0.391355 	-0.176218 	0.0759215 	-0.0207137 	-1.3224 	0.0118525 	
3.95	0.391318 	-0.176215 	0.0759087 	-0.020728 	-1.32301 	0.0118947 	
3.955	0.39128 	-0.176213 	0.0758962 	-0.020719 	-1.32362 	0.0118993 	
3.96	0.391243 	-0.17621 	0.0758837 	-0.0207532 	-1.32423 	0.0119449 	
3.965	0.391205 	-0.176207 	0.0758716 	-0.0208563 	-1.32483 	0.0120574 	
3.97	0.391167 	-0.176206 	0.0758585 	-0.020874 	-1.32544 	0.012053 	
3.975	0.391129 	-0.176203 	0.0758453 	-0.0208795 	-1.32606 	0.0120308 	
3.98	0.391091 	-0.176201 	0.0758319 	-0.0209068 	-1.32667 	0.0120309 	
3.985	0.391054 	-0.176199 	0.0758197 	-0.0209707 	-1.32728 	0.0120937 	
3.99	0.391016 	-0.176197 	0.075808 	-0.0210466 	-1.32789 	0.0121744 	
3.995	0.390979 	-0.176195 	0.0757966 	-0.0211285 	-1.3285 	0.0122678 	
4	0.390942 	-0.176194 	0.0757855 	-0.0211983 	-1.32911 	0.0123517 	
4.005	0.390905 	-0.176194 	0.0757739 	-0.0211744 	-1.32972 	0.0123451 	
4.01	0.390868 	-0.176193 	0.0757624 	-0.0211488 	-1.33034 	0.0123372 	
4.015	0.390832 	-0.176196 	0.0757519 	-0.0209161 	-1.33095 	0.0121164 	
4.02	0.390797 	-0.176198 	0.0757425 	-0.0206488 	-1.33155 	0.0118655 	
4.025	0.390764 	-0.176201 	0.0757341 	-0.0203878 	-1.33215 	0.01162 	
4.03	0.390759 	-0.176206 	0.0757555 	-0.0202227 	-1.33265 	0.0114611 	
4.035	0.390748 	-0.176221 	0.0757723 	-0.0200088 	-1.33314 	0.0111929 	
4.04	0.390738 	-0.176227 	0.0757868 	-0.0198271 	-1.33361 	0.0109782 	
4.045	0.390728 	-0.17623 	0.0757969 	-0.0198274 	-1.33409 	0.0109332 	
4.05	0.390714 	-0.176234 	0.0758033 	-0.0197528 	-1.33456 	0.0108179 	
4.055	0.390699 	-0.176236 	0.075808 	-0.0196343 	-1.33503 	0.0107043 	
4.06	0.390682 	-0.176238 	0.075811 	-0.0195072 	-1.33551 	0.0105928 	
4.065	0.390664 	-0.176241 	0.0758124 	-0.0193812 	-1.33599 	0.0104844 	
4.07	0.390644 	-0.176243 	0.0758128 	-0.0192494 	-1.33648 	0.0103681 	
4.075	0.390623 	-0.176245 	0.0758114 	-0.0191255 	-1.33697 	0.0102423 	
4.08	0.390599 	-0.176247 	0.0758084 	-0.0190059 	-1.33747 	0.0101154 	
4.085	0.390575 	-0.176249 	0.075804 	-0.0188947 	-1.33798 	0.00999573 	
4.09	0.390548 	-0.176248 	0.0757973 	-0.018836 	-1.3385 	0.00993069 	
4.095	0.390519 	-0.176246 	0.0757886 	-0.0188193 	-1.33902 	0.00990854 	
4.1	0.390489 	-0.176244 	0.0757795 	-0.0188378 	-1.33956 	0.00992015 	
4.105	0.390459 	-0.176242 	0.0757705 	-0.0188725 	-1.34011 	0.00994511 	
4.11	0.390429 	-0.176241 	0.0757618 	-0.0189029 	-1.34066 	0.00996295 	
4.115	0.390398 	-0.17624 	0.0757533 	-0.0189243 	-1.34122 	0.00996939 	
4.12	0.390367 	-0.17624 	0.0757451 	-0.0189367 	-1.34178 	0.00996438 	
4.125	0.390337 	-0.17624 	0.0757373 	-0.0189411 	-1.34234 	0.00994902 	
4.13	0.390306 	-0.17624 	0.0757299 	-0.0189388 	-1.3429 	0.00992476 	
4.135	0.390275 	-0.176241 	0.0757229 	-0.0189309 	-1.34347 	0.00989294 	
4.14	0.390244 	-0.176242 	0.0757162 	-0.018919 	-1.34403 	0.00985545 	
4.145	0.390214 	-0.176243 	0.0757099 	-0.0189043 	-1.3446 	0.00981395 	
4.15	0.390184 	-0.176244 	0.0757039 	-0.0188895 	-1.34516 	0.00977142 	
4.155	0.390154 	-0.176246 	0.0756981 	-0.0188752 	-1.34573 	0.0097286 	
4.16	0.390124 	-0.176247 	0.0756926 	-0.0188602 	-1.34629 	0.00968465 	
4.165	0.390094 	-0.176249 	0.0756871 	-0.0188414 	-1.34686 	0.00963696 	
4.17	0.390064 	-0.176251 	0.0756821 	-0.0188053 	-1.34742 	0.00957019 	
4.175	0.390035 	-0.176253 	0.0756771 	-0.0187743 	-1.34798 	0.00950994 	
4.18	0.390005 	-0.176252 	0.0756697 	-0.0189364 	-1.34854 	0.00961833 	
4.185	0.389975 	-0.176254 	0.0756649 	-0.0189776 	-1.34911 	0.00962701 	
4.19	0.389946 	-0.176252 	0.0756581 	-0.0191607 	-1.34969 	0.00975747 	
4.195	0.389916 	-0.176254 	0.0756533 	-0.0191247 	-1.35026 	0.00969941 	
4.2	0.389886 	-0.176253 	0.0756467 	-0.0191864 	-1.35083 	0.0097357 	
4.205	0.389856 	-0.176255 	0.0756423 	-0.0191038 	-1.3514 	0.00964489 	
4.21	0.389829 	-0.176257 	0.0756395 	-0.0189848 	-1.35195 	0.00952545 	
4.215	0.3898 	-0.176256 	0.0756337 	-0.0191196 	-1.35251 	0.00961715 	
4.22	0.38977 	-0.176258 	0.0756272 	-0.0191631 	-1.35306 	0.00962999 	
4.225	0.389741 	-0.176258 	0.0756214 	-0.0191689 	-1.35362 	0.00961712 	
4.23	0.389712 	-0.17626 	0.0756173 	-0.0190659 	-1.35417 	0.00951059 	
4.235	0.389683 	-0.176256 	0.0756104 	-0.0190109 	-1.35472 	0.00946045 	
4.24	0.389654 	-0.176253 	0.0756048 	-0.0188903 	-1.35527 	0.0093509 	
4.245	0.389624 	-0.176248 	0.0755975 	-0.0189279 	-1.35583 	0.00938215 	
4.25	0.389594 	-0.176244 	0.0755897 	-0.0190033 	-1.35638 	0.00944242 	
4.255	0.389561 	-0.17625 	0.0755766 	-0.0184808 	-1.35696 	0.00891583 	
4.26	0.389527 	-0.17626 	0.0755604 	-0.0176952 	-1.35754 	0.00813102 	
4.265	0.389494 	-0.176265 	0.0755464 	-0.0173395 	-1.35812 	0.00775278 	
4.27	0.389459 	-0.176271 	0.0755333 	-0.017122 	-1.3587 	0.00750256 	
4.275	0.389423 	-0.176276 	0.0755207 	-0.0169673 	-1.35928 	0.00731678 	
4.28	0.389388 	-0.17628 	0.0755084 	-0.0168546 	-1.35986 	0.00717459 	
4.285	0.389353 	-0.176283 	0.0754956 	-0.0168216 	-1.36045 	0.00712741 	
4.29	0.389317 	-0.176288 	0.0754849 	-0.0166073 	-1.36104 	0.00691527 	
4.295	0.389283 	-0.176289 	0.0754735 	-0.016548 	-1.36162 	0.00686556 	
4.3	0.389248 	-0.176291 	0.0754618 	-0.0165447 	-1.36221 	0.0068731 	
4.305	0.389212 	-0.176293 	0.0754502 	-0.0165721 	-1.36281 	0.00691683 	
4.31	0.389176 	-0.176294 	0.0754364 	-0.0166736 	-1.3634 	0.00699263 	
4.315	0.389139 	-0.176295 	0.075423 	-0.0168046 	-1.36399 	0.00711052 	
4.32	0.389102 	-0.176297 	0.07541 	-0.0169164 	-1.36459 	0.00721038 	
4.325	0.389064 	-0.176298 	0.0753972 	-0.0169994 	-1.36519 	0.00728294 	
4.33	0.389027 	-0.1763 	0.0753847 	-0.0170523 	-1.36579 	0.00732656 	
4.335	0.38899 	-0.176302 	0.0753726 	-0.0170757 	-1.36639 	0.00734176 	
4.34	0.388953 	-0.176304 	0.0753607 	-0.0170711 	-1.367 	0.00733 	
4.345	0.388918 	-0.176307 	0.0753499 	-0.0170399 	-1.3676 	0.00724988 	
4.35	0.388882 	-0.17631 	0.0753392 	-0.0169919 	-1.3682 	0.00718413 	
4.355	0.388847 	-0.176313 	0.0753286 	-0.0169238 	-1.3688 	0.00710833 	
4.36	0.388811 	-0.176316 	0.0753182 	-0.0168353 	-1.3694 	0.00701503 	
4.365	0.388775 	-0.17632 	0.0753078 	-0.0167274 	-1.36999 	0.00690345 	
4.37	0.38874 	-0.176323 	0.0752975 	-0.0166018 	-1.37059 	0.00677491 	
4.375	0.388704 	-0.176327 	0.0752873 	-0.0164599 	-1.37119 	0.00663047 	
4.38	0.388668 	-0.17633 	0.0752771 	-0.016303 	-1.37179 	0.00647131 	
4.385	0.388633 	-0.176334 	0.0752669 	-0.0161339 	-1.37239 	0.00629989 	
4.39	0.388638 	-0.17634 	0.0752948 	-0.0161009 	-1.37278 	0.00625491 	
4.395	0.388633 	-0.176359 	0.0753177 	-0.0160464 	-1.37318 	0.00615268 	
4.4	0.38863 	-0.176366 	0.0753366 	-0.015913 	-1.37359 	0.00600739 	
4.405	0.388624 	-0.17637 	0.0753511 	-0.0158196 	-1.37399 	0.00590762 	
4.41	0.388615 	-0.176374 	0.0753614 	-0.0157273 	-1.37441 	0.00579116 	
4.415	0.388603 	-0.176377 	0.0753683 	-0.0156841 	-1.37483 	0.0057271 	
4.42	0.388588 	-0.17638 	0.0753723 	-0.0156614 	-1.37527 	0.00570721 	
4.425	0.38857 	-0.176382 	0.0753733 	-0.0156634 	-1.37573 	0.00571097 	
4.43	0.388549 	-0.176383 	0.0753719 	-0.0156832 	-1.37619 	0.00572849 	
4.435	0.388526 	-0.176384 	0.0753684 	-0.0157059 	-1.37667 	0.00574874 	
4.44	0.3885 	-0.176384 	0.0753632 	-0.0157267 	-1.37717 	0.00576747 	
4.445	0.388473 	-0.176385 	0.0753569 	-0.0157452 	-1.37767 	0.005784 	
4.45	0.388445 	-0.176386 	0.0753502 	-0.0157554 	-1.37819 	0.00579193 	
4.455	0.388416 	-0.176387 	0.0753432 	-0.0157476 	-1.37872 	0.00578149 	
4.46	0.388386 	-0.176388 	0.075336 	-0.0157196 	-1.37926 	0.00575092 	
4.465	0.388356 	-0.17639 	0.0753286 	-0.0156717 	-1.3798 	0.00570055 	
4.47	0.388326 	-0.176392 	0.0753212 	-0.0156043 	-1.38035 	0.00563077 	
4.475	0.388295 	-0.176395 	0.0753137 	-0.0155183 	-1.3809 	0.00554242 	
4.48	0.388264 	-0.176397 	0.0753061 	-0.0154145 	-1.38145 	0.00543625 	
4.485	0.388233 	-0.1764 	0.0752985 	-0.0152936 	-1.38201 	0.00531303 	
4.49	0.388201 	-0.176403 	0.075291 	-0.0151564 	-1.38257 	0.00517341 	
4.495	0.388169 	-0.176404 	0.0752817 	-0.0151445 	-1.38314 	0.00515832 	
4.5	0.388135 	-0.176405 	0.0752712 	-0.0151645 	-1.38371 	0.00517454 	
4.505	0.3881 	-0.176405 	0.0752596 	-0.0151928 	-1.38429 	0.00520069 	
4.51	0.388064 	-0.176401 	0.0752458 	-0.0155208 	-1.38487 	0.00553423 	
4.515	0.388028 	-0.176402 	0.0752343 	-0.0154724 	-1.38546 	0.00548687 	
4.52	0.387993 	-0.176396 	0.0752204 	-0.0157697 	-1.38605 	0.00578461 	
4.525	0.387956 	-0.176392 	0.0752064 	-0.0159801 	-1.38663 	0.00599751 	
4.53	0.387919 	-0.176387 	0.0751908 	-0.0162618 	-1.38721 	0.0063022 	
4.535	0.387882 	-0.176382 	0.0751746 	-0.0165042 	-1.38781 	0.00658894 	
4.54	0.387844 	-0.176377 	0.0751579 	-0.0167391 	-1.38842 	0.0068756 	
4.545	0.387806 	-0.176372 	0.075141 	-0.0169509 	-1.38904 	0.00714165 	
4.55	0.387817 	-0.176374 	0.075173 	-0.0170501 	-1.38942 	0.00724683 	
4.555	0.387816 	-0.17639 	0.0752 	-0.017197 	-1.38981 	0.00735172 	
4.56	0.387833 	-0.176395 	0.0752368 	-0.0172548 	-1.39011 	0.00740325 	
4.565	0.387845 	-0.176401 	0.075267 	-0.0173149 	-1.39043 	0.0074344 	
4.57	0.387853 	-0.176401 	0.0752907 	-0.0174066 	-1.39077 	0.00749867 	
4.575	0.387856 	-0.176398 	0.0753089 	-0.01758 	-1.3911 	0.00765994 	
4.58	0.387854 	-0.176392 	0.0753217 	-0.0179073 	-1.39144 	0.00797804 	
4.585	0.387848 	-0.176387 	0.0753306 	-0.0181614 	-1.39181 	0.00823603 	
4.59	0.387838 	-0.176382 	0.0753363 	-0.0184185 	-1.39219 	0.00850352 	
4.595	0.387824 	-0.17638 	0.0753398 	-0.0185052 	-1.3926 	0.00860391 	
4.6	0.387808 	-0.176376 	0.0753402 	-0.0186075 	-1.39304 	0.00871285 	
4.605	0.387787 	-0.176372 	0.0753381 	-0.0187604 	-1.39349 	0.0088819 	
4.61	0.387765 	-0.176369 	0.0753342 	-0.0188612 	-1.39396 	0.00898933 	
4.615	0.38774 	-0.176366 	0.0753284 	-0.0189636 	-1.39446 	0.00909051 	
4.62	0.387713 	-0.176363 	0.0753211 	-0.0190734 	-1.39497 	0.00919396 	
4.625	0.387685 	-0.17636 	0.075313 	-0.019196 	-1.3955 	0.00931068 	
4.63	0.387656 	-0.176358 	0.0753047 	-0.0192916 	-1.39604 	0.00940367 	
4.635	0.387625 	-0.176357 	0.0752963 	-0.0193553 	-1.39658 	0.00946581 	
4.64	0.387594 	-0.176356 	0.0752876 	-0.0193861 	-1.39713 	0.00950055 	
4.645	0.387563 	-0.176355 	0.0752788 	-0.0193845 	-1.39768 	0.00949489 	
4.65	0.387531 	-0.176355 	0.0752698 	-0.0193584 	-1.39825 	0.00946359 	
4.655	0.387499 	-0.176355 	0.0752606 	-0.0193032 	-1.39882 	0.00940355 	
4.66	0.387466 	-0.176356 	0.0752513 	-0.0192176 	-1.3994 	0.00931401 	
4.665	0.387433 	-0.176357 	0.0752419 	-0.0191024 	-1.39998 	0.00919533 	
4.67	0.387399 	-0.176358 	0.0752325 	-0.0189653 	-1.40056 	0.00905366 	
4.675	0.387365 	-0.17636 	0.0752229 	-0.0188118 	-1.40115 	0.00889344 	
4.68	0.38733 	-0.176361 	0.0752132 	-0.0186337 	-1.40175 	0.00870848 	
4.685	0.387295 	-0.176363 	0.0752034 	-0.018429 	-1.40235 	0.00849719 	
4.69	0.387267 	-0.176367 	0.0752006 	-0.0181087 	-1.40295 	0.00818779 	
4.695	0.387238 	-0.176372 	0.0751963 	-0.0177627 	-1.40354 	0.00785318 	
4.7	0.387209 	-0.176376 	0.0751907 	-0.0174095 	-1.40414 	0.00751475 	
4.705	0.387178 	-0.176381 	0.0751839 	-0.0170477 	-1.40473 	0.00716867 	
4.71	0.387147 	-0.176385 	0.0751761 	-0.0166728 	-1.40532 	0.0068102 	
4.715	0.387116 	-0.17639 	0.0751675 	-0.016282 	-1.40591 	0.00643616 	
4.72	0.387083 	-0.176394 	0.0751582 	-0.0158802 	-1.40651 	0.00605098 	
4.725	0.38705 	-0.176399 	0.0751482 	-0.0154671 	-1.40711 	0.00565471 	
4.73	0.387016 	-0.176404 	0.0751377 	-0.0150423 	-1.40771 	0.00524706 	
4.735	0.386982 	-0.176405 	0.0751259 	-0.0149333 	-1.40831 	0.00511994 	
4.74	0.386947 	-0.176407 	0.0751135 	-0.0149043 	-1.40891 	0.00506178 	
4.745	0.386911 	-0.176408 	0.0751006 	-0.0148434 	-1.40952 	0.00497566 	
4.75	0.386876 	-0.176409 	0.0750881 	-0.014783 	-1.41013 	0.00493237 	
4.755	0.386841 	-0.176411 	0.0750758 	-0.0147222 	-1.41073 	0.00489805 	
4.76	0.386807 	-0.176412 	0.0750638 	-0.014661 	-1.41134 	0.00486604 	
4.765	0.386772 	-0.176413 	0.0750521 	-0.0145987 	-1.41194 	0.00483377 	
4.77	0.386738 	-0.176414 	0.0750404 	-0.0145362 	-1.41254 	0.00480145 	
4.775	0.386704 	-0.176415 	0.0750289 	-0.0144727 	-1.41314 	0.0047683 	
4.78	0.38667 	-0.176416 	0.0750175 	-0.0144085 	-1.41374 	0.00473454 	
4.785	0.386637 	-0.176417 	0.0750062 	-0.014344 	-1.41434 	0.00470039 	
4.79	0.386602 	-0.176418 	0.0749935 	-0.01423 	-1.41494 	0.00461924 	
4.795	0.386566 	-0.176419 	0.0749798 	-0.0141007 	-1.41556 	0.00452552 	
4.8	0.38653 	-0.176418 	0.074965 	-0.014213 	-1.41617 	0.00466182 	
4.805	0.386493 	-0.176418 	0.0749495 	-0.0142153 	-1.41679 	0.00468285 	
4.81	0.386454 	-0.176417 	0.0749332 	-0.014188 	-1.41742 	0.00467822 	
4.815	0.386418 	-0.176419 	0.0749194 	-0.0138647 	-1.41804 	0.00439886 	
4.82	0.386384 	-0.176422 	0.0749073 	-0.0134709 	-1.41865 	0.00405311 	
4.825	0.38635 	-0.176426 	0.0748968 	-0.0130618 	-1.41926 	0.00369054 	
4.83	0.386318 	-0.17643 	0.0748874 	-0.0126523 	-1.41985 	0.00332561 	
4.835	0.386287 	-0.176435 	0.0748792 	-0.0122464 	-1.42044 	0.00296266 	
4.84	0.386257 	-0.176439 	0.0748717 	-0.0118451 	-1.42103 	0.00260301 	
4.845	0.386228 	-0.176444 	0.0748649 	-0.011448 	-1.4216 	0.00224652 	
4.85	0.3862 	-0.176449 	0.0748587 	-0.0110546 	-1.42217 	0.00189283 	
4.855	0.386172 	-0.176454 	0.0748529 	-0.0106641 	-1.42274 	0.00154117 	
4.86	0.38617 	-0.176459 	0.0748722 	-0.0104513 	-1.42316 	0.00134334 	
4.865	0.386163 	-0.176473 	0.0748896 	-0.0102247 	-1.42358 	0.0011088 	
4.87	0.386155 	-0.176478 	0.0749022 	-0.0101201 	-1.42401 	0.00100998 	
4.875	0.386143 	-0.176484 	0.0749084 	-0.00971772 	-1.42446 	0.000588704 	
4.88	0.386129 	-0.176486 	0.0749121 	-0.00950457 	-1.42491 	0.000315955 	
4.885	0.386112 	-0.176487 	0.0749129 	-0.00935831 	-1.42537 	9.30202e-05 	
4.89	0.386092 	-0.176488 	0.0749114 	-0.00925857 	-1.42585 	-8.12255e-05 	
4.895	0.386069 	-0.176488 	0.0749073 	-0.00913986 	-1.42634 	-0.000241946 	
4.9	0.386044 	-0.176487 	0.0749011 	-0.00902002 	-1.42686 	-0.000390567 	
4.905	0.386017 	-0.176487 	0.0748929 	-0.00890055 	-1.42738 	-0.000536404 	
4.91	0.385989 	-0.176486 	0.0748832 	-0.00878581 	-1.42792 	-0.00067787 	
4.915	0.385964 	-0.176485 	0.0748733 	-0.00869034 	-1.42837 	-0.000796794 	
4.92	0.385933 	-0.176493 	0.0748597 	-0.00818585 	-1.42886 	-0.00133861 	
4.925	0.385917 	-0.176497 	0.0748602 	-0.00800985 	-1.42928 	-0.00157173 	
4.93	0.385894 	-0.176515 	0.0748551 	-0.00720144 	-1.42973 	-0.00243612 	
4.935	0.385869 	-0.17653 	0.0748445 	-0.00588568 	-1.43022 	-0.00378241 	
4.94	0.385841 	-0.17655 	0.0748281 	-0.00391238 	-1.43073 	-0.00578484 	
4.945	0.38581 	-0.176569 	0.0748126 	-0.00220114 	-1.43127 	-0.00758636 	
4.95	0.385776 	-0.176581 	0.0747959 	-0.00102592 	-1.43181 	-0.00893876 	
4.955	0.38574 	-0.176591 	0.0747789 	-0.000195554 	-1.43237 	-0.00996404 	
4.96	0.385704 	-0.176598 	0.0747618 	0.000411364 	-1.43295 	-0.0107534 	
4.965	0.385667 	-0.176603 	0.0747446 	0.000913799 	-1.43355 	-0.01142 	
4.97	0.385627 	-0.176612 	0.0747241 	0.0019657 	-1.43416 	-0.0125427 	
4.975	0.385587 	-0.176623 	0.0747009 	0.00336841 	-1.43479 	-0.0139866 	
4.98	0.385544 	-0.176636 	0.0746757 	0.00504417 	-1.43544 	-0.0156976 	
4.985	0.385503 	-0.176642 	0.0746537 	0.00587647 	-1.43608 	-0.016627 	
4.99	0.385466 	-0.176647 	0.0746335 	0.00641933 	-1.4366 	-0.0173024 	
4.995	0.385427 	-0.176657 	0.0746146 	0.00667675 	-1.43714 	-0.0175912 	
5	0.385389 	-0.176661 	0.0745964 	0.0068676 	-1.43771 	-0.0177722 	
5.005	0.385351 	-0.176664 	0.0745787 	0.00704608 	-1.4383 	-0.0179289 	
5.01	0.385349 	-0.176669 	0.0745972 	0.00724484 	-1.43873 	-0.018138 	
5.015	0.385339 	-0.176684 	0.0746126 	0.00756745 	-1.43918 	-0.0185435 	
5.02	0.38533 	-0.176688 	0.0746238 	0.00785182 	-1.43963 	-0.0189088 	
5.025	0.385317 	-0.176695 	0.0746278 	0.00862388 	-1.44009 	-0.0197191 	
5.03	0.385299 	-0.176704 	0.074625 	0.0098343 	-1.44056 	-0.0209508 	
5.035	0.385279 	-0.176708 	0.0746205 	0.0108081 	-1.44105 	-0.0219948 	
5.04	0.385256 	-0.17671 	0.0746138 	0.0114148 	-1.44155 	-0.022722 	
5.045	0.385255 	-0.176713 	0.0746311 	0.01173 	-1.44194 	-0.0231029 	
5.05	0.38525 	-0.17672 	0.0746445 	0.0117527 	-1.4423 	-0.0231776 	
5.055	0.38524 	-0.176729 	0.0746477 	0.0121456 	-1.44267 	-0.0236138 	
5.06	0.385225 	-0.176744 	0.0746405 	0.0135635 	-1.44307 	-0.0250636 	
5.065	0.385207 	-0.176763 	0.0746254 	0.0156132 	-1.4435 	-0.0271436 	
5.07	0.385184 	-0.176779 	0.0746164 	0.0170254 	-1.44395 	-0.0285723 	
5.075	0.38516 	-0.176789 	0.0746093 	0.0182645 	-1.44444 	-0.0298274 	
5.08	0.385133 	-0.176794 	0.0746011 	0.0187454 	-1.44494 	-0.0303259 	
5.085	0.385103 	-0.176796 	0.0745908 	0.0189357 	-1.44547 	-0.0305396 	
5.09	0.385071 	-0.176797 	0.0745786 	0.0190505 	-1.44601 	-0.030675 	
5.095	0.385037 	-0.176797 	0.0745647 	0.0191488 	-1.44657 	-0.0307915 	
5.1	0.385 	-0.176803 	0.0745477 	0.0199582 	-1.44714 	-0.0316157 	
5.105	0.384968 	-0.176799 	0.0745333 	0.0206777 	-1.44771 	-0.0323359 	
5.11	0.384935 	-0.176795 	0.0745201 	0.0209448 	-1.44827 	-0.0326147 	
5.115	0.384914 	-0.176794 	0.0745221 	0.0211867 	-1.44882 	-0.0328602 	
5.12	0.38489 	-0.176798 	0.0745199 	0.0219663 	-1.44938 	-0.0336414 	
5.125	0.384873 	-0.176795 	0.074517 	0.0220305 	-1.44979 	-0.0337246 	
5.13	0.384849 	-0.176798 	0.0745108 	0.0218703 	-1.45024 	-0.0336161 	
5.135	0.384824 	-0.176796 	0.0745019 	0.0216684 	-1.45073 	-0.033449 	
5.14	0.384796 	-0.176798 	0.0744888 	0.0218374 	-1.45124 	-0.0336696 	
5.145	0.384766 	-0.176796 	0.0744744 	0.0218386 	-1.45177 	-0.033727 	
5.15	0.384732 	-0.176797 	0.0744597 	0.0220321 	-1.45232 	-0.0339357 	
5.155	0.384698 	-0.176795 	0.0744433 	0.0220631 	-1.4529 	-0.0339821 	
5.16	0.38466 	-0.1768 	0.0744222 	0.0228202 	-1.45349 	-0.0347908 	
5.165	0.384622 	-0.1768 	0.0744012 	0.0233685 	-1.45409 	-0.0354326 	
5.17	0.384581 	-0.176799 	0.0743786 	0.0237781 	-1.45471 	-0.0359671 	
5.175	0.384539 	-0.176795 	0.0743502 	0.0238593 	-1.45532 	-0.036204 	
5.18	0.384506 	-0.176793 	0.0743367 	0.0236575 	-1.45594 	-0.0360852 	
5.185	0.384485 	-0.176792 	0.0743356 	0.0232746 	-1.45648 	-0.0357744 	
5.19	0.384454 	-0.176792 	0.0742899 	0.0230286 	-1.45694 	-0.0356157 	
5.195	0.384463 	-0.176799 	0.0743062 	0.0230383 	-1.45723 	-0.0356565 	
5.2	0.384469 	-0.176805 	0.0743264 	0.0230073 	-1.45756 	-0.0357201 	
5.205	0.384475 	-0.176804 	0.0743494 	0.0231195 	-1.45791 	-0.035908 	
5.21	0.384499 	-0.176802 	0.0743891 	0.0231604 	-1.45817 	-0.0359637 	
5.215	0.384513 	-0.176805 	0.074421 	0.023321 	-1.45845 	-0.0361772 	
5.22	0.384529 	-0.176803 	0.0744524 	0.0234328 	-1.45871 	-0.0363014 	
5.225	0.384538 	-0.176802 	0.0744761 	0.0235533 	-1.459 	-0.0364578 	
5.23	0.38455 	-0.1768 	0.074503 	0.0235398 	-1.45929 	-0.0364533 	
5.235	0.384556 	-0.176798 	0.0745246 	0.0236182 	-1.45958 	-0.0365481 	
5.24	0.384556 	-0.176799 	0.0745393 	0.0239756 	-1.4599 	-0.0368686 	
5.245	0.384552 	-0.176796 	0.0745486 	0.0241975 	-1.46025 	-0.03705 	
5.25	0.384543 	-0.176794 	0.0745544 	0.0245429 	-1.46061 	-0.0373641 	
5.255	0.38453 	-0.176791 	0.0745566 	0.024686 	-1.46101 	-0.0374883 	
5.26	0.384513 	-0.176787 	0.0745546 	0.0247843 	-1.46144 	-0.0375585 	
5.265	0.384491 	-0.176782 	0.0745491 	0.0248768 	-1.4619 	-0.0376151 	
5.27	0.384466 	-0.176777 	0.0745404 	0.0249691 	-1.46238 	-0.0376698 	
5.275	0.384438 	-0.176772 	0.0745289 	0.0251933 	-1.4629 	-0.0378646 	
5.28	0.384407 	-0.176767 	0.074515 	0.025479 	-1.46343 	-0.0381237 	
5.285	0.384373 	-0.176762 	0.0744991 	0.0257988 	-1.464 	-0.0384178 	
5.29	0.384336 	-0.176757 	0.0744813 	0.0261439 	-1.46458 	-0.0387373 	
5.295	0.384298 	-0.176752 	0.074462 	0.0265049 	-1.46518 	-0.0390827 	
5.3	0.384258 	-0.176747 	0.0744413 	0.026895 	-1.4658 	-0.0394498 	
5.305	0.384216 	-0.176742 	0.0744194 	0.0273266 	-1.46643 	-0.0398608 	
5.31	0.384173 	-0.176738 	0.0743964 	0.027673 	-1.46708 	-0.0401811 	
5.315	0.384129 	-0.176734 	0.0743725 	0.028116 	-1.46775 	-0.0405893 	
5.32	0.384083 	-0.176728 	0.0743456 	0.0282936 	-1.46842 	-0.0407537 	
5.325	0.384037 	-0.176725 	0.0743217 	0.0290211 	-1.46907 	-0.0415512 	
5.33	0.384003 	-0.176721 	0.0743117 	0.0295119 	-1.46972 	-0.0420125 	
5.335	0.383989 	-0.176715 	0.0743343 	0.0294815 	-1.47041 	-0.0419411 	
5.34	0.383974 	-0.176709 	0.0743501 	0.0294627 	-1.47106 	-0.0418831 	
5.345	0.383957 	-0.176703 	0.0743602 	0.0294871 	-1.47169 	-0.0418641 	
5.35	0.383938 	-0.176699 	0.0743655 	0.0298725 	-1.4723 	-0.0422092 	
5.355	0.383916 	-0.176692 	0.0743662 	0.0301584 	-1.47289 	-0.0424689 	
5.36	0.383919 	-0.176691 	0.0743995 	0.0305581 	-1.47345 	-0.0428562 	
5.365	0.383948 	-0.176695 	0.0744581 	0.0306816 	-1.47385 	-0.0429888 	
5.37	0.383968 	-0.176706 	0.0745058 	0.0309997 	-1.47421 	-0.0433321 	
5.375	0.383991 	-0.176708 	0.0745513 	0.0312055 	-1.47455 	-0.0435521 	
5.38	0.384015 	-0.176711 	0.0745956 	0.0313694 	-1.47482 	-0.043724 	
5.385	0.384033 	-0.176714 	0.0746322 	0.0317036 	-1.47509 	-0.044094 	
5.39	0.384047 	-0.176713 	0.0746621 	0.0318691 	-1.47536 	-0.0442873 	
5.395	0.384054 	-0.176711 	0.0746857 	0.0319739 	-1.47563 	-0.0444297 	
5.4	0.384064 	-0.176709 	0.0747086 	0.0321257 	-1.47587 	-0.0445895 	
5.405	0.384079 	-0.176711 	0.074738 	0.0322025 	-1.47608 	-0.044673 	
5.41	0.384087 	-0.176714 	0.074761 	0.0324506 	-1.47632 	-0.0449365 	
5.415	0.384106 	-0.176714 	0.0747925 	0.0325661 	-1.47652 	-0.0450541 	
5.42	0.384126 	-0.176718 	0.0748268 	0.0326329 	-1.47669 	-0.0451325 	
5.425	0.384145 	-0.176721 	0.0748598 	0.0327057 	-1.47687 	-0.0452147 	
5.43	0.384161 	-0.176722 	0.0748888 	0.0327542 	-1.47706 	-0.0452718 	
5.435	0.384181 	-0.176723 	0.0749206 	0.0328025 	-1.47722 	-0.0453223 	
5.44	0.384201 	-0.176725 	0.074953 	0.0328541 	-1.47738 	-0.0453803 	
5.445	0.384214 	-0.176725 	0.0749779 	0.0327896 	-1.47758 	-0.045325 	
5.45	0.384231 	-0.176723 	0.0750064 	0.0327931 	-1.47776 	-0.0453297 	
5.455	0.384242 	-0.176722 	0.0750302 	0.032813 	-1.47797 	-0.0453658 	
5.46	0.384254 	-0.17672 	0.0750538 	0.0329186 	-1.47819 	-0.0454744 	
5.465	0.384263 	-0.176719 	0.0750763 	0.0331172 	-1.47843 	-0.0456853 	
5.47	0.384282 	-0.176717 	0.0751082 	0.0332251 	-1.47862 	-0.0457943 	
5.475	0.384295 	-0.17672 	0.0751342 	0.0333941 	-1.47882 	-0.0459785 	
5.48	0.384314 	-0.17672 	0.0751653 	0.0334798 	-1.47899 	-0.0460668 	
5.485	0.384334 	-0.176723 	0.0751976 	0.033547 	-1.47915 	-0.0461406 	
5.49	0.384355 	-0.176724 	0.0752304 	0.0336055 	-1.4793 	-0.0462038 	
5.495	0.384375 	-0.176726 	0.0752634 	0.0336619 	-1.47946 	-0.0462636 	
5.5	0.384396 	-0.176727 	0.0752953 	0.033716 	-1.47961 	-0.0463206 	
5.505	0.384417 	-0.176728 	0.0753291 	0.0337674 	-1.47982 	-0.0463641 	
5.51	0.384438 	-0.176728 	0.0753638 	0.0338003 	-1.48001 	-0.0463972 	
5.515	0.384455 	-0.176728 	0.0753919 	0.0339029 	-1.4802 	-0.0464953 	
5.52	0.384469 	-0.176727 	0.0754197 	0.0339625 	-1.48042 	-0.046551 	
5.525	0.384477 	-0.176726 	0.0754399 	0.0342014 	-1.48067 	-0.0467869 	
5.53	0.384493 	-0.176724 	0.0754685 	0.0342975 	-1.48088 	-0.0468777 	
5.535	0.384501 	-0.176728 	0.075487 	0.0340871 	-1.48113 	-0.0466889 	
5.54	0.384503 	-0.176731 	0.0754963 	0.0336356 	-1.48141 	-0.046253 	
5.545	0.384517 	-0.176731 	0.0755251 	0.0334564 	-1.4817 	-0.046087 	
5.55	0.384525 	-0.176734 	0.0755455 	0.0330124 	-1.482 	-0.0456695 	
5.555	0.384527 	-0.176731 	0.0755596 	0.0326469 	-1.48232 	-0.0453302 	
5.56	0.384524 	-0.176726 	0.0755671 	0.0321051 	-1.48268 	-0.0448022 	
5.565	0.384516 	-0.176721 	0.0755689 	0.0314211 	-1.48306 	-0.0441199 	
5.57	0.384503 	-0.176709 	0.0755669 	0.030173 	-1.48346 	-0.0428794 	
5.575	0.384485 	-0.176698 	0.0755621 	0.0291065 	-1.48389 	-0.0418119 	
5.58	0.384497 	-0.176693 	0.0755925 	0.0288199 	-1.48425 	-0.0415273 	
5.585	0.384503 	-0.176693 	0.0756161 	0.0282545 	-1.48463 	-0.0410092 	
5.59	0.384506 	-0.176691 	0.0756364 	0.0277371 	-1.48504 	-0.0405221 	
5.595	0.384504 	-0.17669 	0.0756508 	0.0275772 	-1.48546 	-0.0403659 	
5.6	0.384495 	-0.176686 	0.0756596 	0.0274706 	-1.48588 	-0.040252 	
5.605	0.384481 	-0.176681 	0.075663 	0.0274089 	-1.48633 	-0.0401774 	
5.61	0.384462 	-0.176676 	0.0756616 	0.0274263 	-1.4868 	-0.0401817 	
5.615	0.384439 	-0.17667 	0.0756561 	0.0275317 	-1.48729 	-0.0402693 	
5.62	0.384413 	-0.176664 	0.0756472 	0.0276075 	-1.48781 	-0.0403291 	
5.625	0.384383 	-0.176657 	0.0756354 	0.0274507 	-1.48835 	-0.0401578 	
5.63	0.384349 	-0.176649 	0.075621 	0.0272247 	-1.48891 	-0.0399182 	
5.635	0.384314 	-0.176641 	0.075604 	0.0271146 	-1.4895 	-0.0397911 	
5.64	0.384276 	-0.176632 	0.0755849 	0.0269766 	-1.49011 	-0.0396336 	
5.645	0.384236 	-0.176624 	0.0755654 	0.0270334 	-1.49073 	-0.0396652 	
5.65	0.384196 	-0.176613 	0.0755438 	0.0267033 	-1.49137 	-0.0393128 	
5.655	0.384152 	-0.176605 	0.0755193 	0.0266439 	-1.49202 	-0.0392363 	
5.66	0.384109 	-0.176593 	0.0754924 	0.0257485 	-1.49269 	-0.0383099 	
5.665	0.384063 	-0.176584 	0.075466 	0.0251928 	-1.49337 	-0.0377383 	
5.67	0.384016 	-0.176571 	0.0754398 	0.0244573 	-1.49406 	-0.036983 	
5.675	0.38397 	-0.176553 	0.0754103 	0.0224992 	-1.49476 	-0.0350259 	
5.68	0.383923 	-0.176522 	0.0753739 	0.0183637 	-1.49544 	-0.0308682 	
5.685	0.383877 	-0.176486 	0.0753326 	0.0127599 	-1.49612 	-0.0253681 	
5.69	0.383833 	-0.176441 	0.0752877 	0.00578542 	-1.49682 	-0.0185593 	
5.695	0.383785 	-0.176409 	0.0752486 	0.00191734 	-1.49753 	-0.0148374 	
5.7	0.383794 	-0.176393 	0.0752724 	0.000806891 	-1.49797 	-0.0137473 	
5.705	0.383795 	-0.176384 	0.0752895 	-0.000623746 	-1.49841 	-0.0123204 	
5.71	0.383798 	-0.176353 	0.0752938 	-0.00466026 	-1.49881 	-0.00827342 	
5.715	0.383797 	-0.176326 	0.0752945 	-0.00790663 	-1.49927 	-0.00505479 	
5.72	0.383795 	-0.176286 	0.0752848 	-0.0129169 	-1.49972 	-9.96137e-05 	
5.725	0.383784 	-0.176254 	0.0752749 	-0.0177193 	-1.50018 	0.00465 	
5.73	0.383766 	-0.176227 	0.0752579 	-0.0199913 	-1.50065 	0.00697638 	
5.735	0.383745 	-0.176205 	0.0752456 	-0.0208697 	-1.50116 	0.00795835 	
5.74	0.383721 	-0.176184 	0.0752319 	-0.0212544 	-1.50168 	0.00843826 	
5.745	0.383692 	-0.176171 	0.0752119 	-0.0203103 	-1.50223 	0.00756854 	
5.75	0.383661 	-0.176158 	0.0751939 	-0.0205225 	-1.50278 	0.00782494 	
5.755	0.383673 	-0.176154 	0.0752204 	-0.0206305 	-1.50309 	0.00794545 	
5.76	0.383674 	-0.176162 	0.0752414 	-0.02064 	-1.50343 	0.00792521 	
5.765	0.383675 	-0.176157 	0.0752555 	-0.0208401 	-1.5038 	0.00813446 	
5.77	0.38367 	-0.176152 	0.0752631 	-0.0211181 	-1.50419 	0.00843922 	
5.775	0.383659 	-0.176144 	0.0752652 	-0.0216175 	-1.50461 	0.0089717 	
5.78	0.383643 	-0.176136 	0.0752626 	-0.0222677 	-1.50504 	0.00966179 	
5.785	0.383622 	-0.176126 	0.0752557 	-0.023037 	-1.50551 	0.0104706 	
5.79	0.383596 	-0.176116 	0.0752451 	-0.0239128 	-1.50601 	0.0113884 	
5.795	0.383567 	-0.176105 	0.0752311 	-0.0248881 	-1.50653 	0.0124103 	
5.8	0.383535 	-0.176094 	0.0752143 	-0.02596 	-1.50708 	0.0135319 	
5.805	0.3835 	-0.176083 	0.075195 	-0.0270575 	-1.50766 	0.0146675 	
5.81	0.383462 	-0.176071 	0.0751736 	-0.0281919 	-1.50827 	0.0158349 	
5.815	0.383421 	-0.176064 	0.0751507 	-0.0278018 	-1.5089 	0.0154661 	
5.82	0.38338 	-0.176058 	0.0751266 	-0.0270245 	-1.50954 	0.0147152 	
5.825	0.383339 	-0.176049 	0.0751044 	-0.027229 	-1.51019 	0.0149427 	
5.83	0.383297 	-0.176042 	0.0750835 	-0.0276547 	-1.51084 	0.0153844 	
5.835	0.383256 	-0.176035 	0.0750639 	-0.028098 	-1.5115 	0.0158434 	
5.84	0.383215 	-0.176026 	0.0750458 	-0.0285443 	-1.51216 	0.01631 	
5.845	0.383175 	-0.176016 	0.0750282 	-0.0293845 	-1.51283 	0.0171713 	
5.85	0.383134 	-0.176008 	0.0750108 	-0.0297425 	-1.51349 	0.0175472 	
5.855	0.383095 	-0.175998 	0.0749948 	-0.0304618 	-1.51415 	0.018287 	
5.86	0.383055 	-0.17599 	0.0749792 	-0.0311108 	-1.51481 	0.0189547 	
5.865	0.383016 	-0.175982 	0.0749639 	-0.0316683 	-1.51547 	0.0195307 	
5.87	0.383047 	-0.175985 	0.0750455 	-0.032167 	-1.51627 	0.0200169 	
5.875	0.383086 	-0.175991 	0.0751211 	-0.0329024 	-1.51702 	0.020728 	
5.88	0.383121 	-0.175998 	0.0751822 	-0.0333753 	-1.51768 	0.0211867 	
5.885	0.383148 	-0.176005 	0.0752299 	-0.0334085 	-1.51826 	0.0212205 	
5.89	0.383166 	-0.17601 	0.0752666 	-0.0340766 	-1.5188 	0.0218928 	
5.895	0.383175 	-0.176015 	0.0752932 	-0.034901 	-1.51931 	0.022704 	
5.9	0.383174 	-0.17602 	0.0753126 	-0.0353707 	-1.51981 	0.0231636 	
5.905	0.383164 	-0.176024 	0.0753248 	-0.0352212 	-1.5203 	0.0230291 	
5.91	0.383149 	-0.176023 	0.075331 	-0.0354723 	-1.52079 	0.023291 	
5.915	0.383128 	-0.176022 	0.0753317 	-0.0358878 	-1.52131 	0.0237135 	
5.92	0.383102 	-0.176019 	0.0753278 	-0.0365192 	-1.52184 	0.0243517 	
5.925	0.383072 	-0.176015 	0.07532 	-0.0373616 	-1.52239 	0.0252009 	
5.93	0.38304 	-0.176011 	0.0753087 	-0.0383096 	-1.52297 	0.0261574 	
5.935	0.383004 	-0.176005 	0.0752942 	-0.0392474 	-1.52357 	0.0271071 	
5.94	0.382966 	-0.175999 	0.075277 	-0.0402057 	-1.5242 	0.0280798 	
5.945	0.382926 	-0.175993 	0.0752573 	-0.041203 	-1.52484 	0.0290937 	
5.95	0.382883 	-0.175987 	0.0752354 	-0.0419285 	-1.5255 	0.0298348 	
5.955	0.382839 	-0.175983 	0.0752117 	-0.0421173 	-1.52618 	0.0300356 	
5.96	0.382793 	-0.175977 	0.0751864 	-0.0425176 	-1.52687 	0.0304506 	
5.965	0.382747 	-0.175968 	0.0751589 	-0.0437753 	-1.52757 	0.0317121 	
5.97	0.382698 	-0.175961 	0.0751308 	-0.0451205 	-1.52828 	0.0330676 	
5.975	0.382649 	-0.175952 	0.0751015 	-0.0462643 	-1.52901 	0.0342194 	
5.98	0.382598 	-0.175943 	0.0750717 	-0.0476971 	-1.52974 	0.0356673 	
5.985	0.382547 	-0.175934 	0.0750413 	-0.0493281 	-1.53048 	0.0373151 	
5.99	0.382495 	-0.175924 	0.0750102 	-0.05107 	-1.53123 	0.0390754 	
5.995	0.382443 	-0.175915 	0.0749785 	-0.0529098 	-1.53198 	0.0409356 	
6	0.382389 	-0.175907 	0.0749462 	-0.0544871 	-1.53275 	0.0425349 	
6.005	0.382336 	-0.175898 	0.0749135 	-0.056194 	-1.53351 	0.0442689 	
6.01	0.382282 	-0.175888 	0.07488 	-0.0587381 	-1.53428 	0.0468427 	
6.015	0.382228 	-0.17588 	0.0748478 	-0.0610987 	-1.53505 	0.0492364 	
6.02	0.382176 	-0.175873 	0.07482 	-0.0630115 	-1.53582 	0.0511698 	
6.025	0.382126 	-0.175864 	0.0747949 	-0.0651276 	-1.53658 	0.0533035 	
6.03	0.382077 	-0.175856 	0.0747719 	-0.0673256 	-1.53733 	0.0555169 	
6.035	0.382029 	-0.175849 	0.0747501 	-0.0692653 	-1.53807 	0.0574718 	
6.04	0.381983 	-0.175842 	0.0747294 	-0.0711268 	-1.53881 	0.0593491 	
6.045	0.381937 	-0.175835 	0.0747102 	-0.0728273 	-1.53953 	0.0610672 	
6.05	0.381893 	-0.175831 	0.074691 	-0.0733189 	-1.54025 	0.0615738 	
6.055	0.381851 	-0.175824 	0.074671 	-0.0755507 	-1.54095 	0.0638179 	
6.06	0.381809 	-0.175818 	0.0746515 	-0.078038 	-1.54164 	0.0663122 	
6.065	0.381768 	-0.175813 	0.0746328 	-0.0802871 	-1.54233 	0.0685682 	
6.07	0.381727 	-0.175806 	0.0746149 	-0.0824943 	-1.54301 	0.0707839 	
6.075	0.381687 	-0.1758 	0.0745978 	-0.0847313 	-1.54369 	0.0730293 	
6.08	0.381647 	-0.175793 	0.0745809 	-0.0872568 	-1.54436 	0.0755654 	
6.085	0.381608 	-0.175787 	0.074564 	-0.0903393 	-1.54503 	0.0786601 	
6.09	0.381568 	-0.17578 	0.074547 	-0.0939332 	-1.5457 	0.0822678 	
6.095	0.381529 	-0.175771 	0.0745304 	-0.0978441 	-1.54636 	0.0861885 	
6.1	0.381489 	-0.175764 	0.0745107 	-0.101182 	-1.54702 	0.0895153 	
6.105	0.381447 	-0.175762 	0.0744882 	-0.102254 	-1.54769 	0.0905611 	
6.11	0.381406 	-0.175758 	0.074468 	-0.103781 	-1.54837 	0.0920843 	
6.115	0.381365 	-0.175755 	0.0744291 	-0.103902 	-1.54869 	0.0921927 	
6.12	0.381312 	-0.17576 	0.0743793 	-0.103427 	-1.549 	0.0917025 	
6.125	0.38126 	-0.175757 	0.0743316 	-0.104769 	-1.5493 	0.0930493 	
6.13	0.381208 	-0.175754 	0.0742863 	-0.107582 	-1.5496 	0.0958675 	
6.135	0.381157 	-0.175752 	0.0742438 	-0.10921 	-1.54989 	0.0974998 	
6.14	0.381116 	-0.175752 	0.0742124 	-0.109796 	-1.55015 	0.0980879 	
6.145	0.381092 	-0.175754 	0.074182 	-0.109303 	-1.55014 	0.0975924 	
6.15	0.381067 	-0.175763 	0.0741566 	-0.109294 	-1.55013 	0.0975608 	
6.155	0.381046 	-0.175766 	0.0741334 	-0.109378 	-1.55012 	0.0976401 	
6.16	0.381027 	-0.175767 	0.0741116 	-0.109084 	-1.55012 	0.097346 	
6.165	0.381009 	-0.175767 	0.0740909 	-0.109238 	-1.55011 	0.0975027 	
6.17	0.38099 	-0.175768 	0.0740685 	-0.108258 	-1.55013 	0.096527 	
6.175	0.380973 	-0.175765 	0.0740455 	-0.10906 	-1.55011 	0.0973356 	
6.18	0.380951 	-0.175767 	0.0740201 	-0.107321 	-1.55015 	0.0956033 	
6.185	0.380932 	-0.175764 	0.0739983 	-0.106417 	-1.55018 	0.0947358 	
6.19	0.380915 	-0.175761 	0.0739768 	-0.107946 	-1.55018 	0.0962798 	
6.195	0.380899 	-0.175756 	0.0739601 	-0.108953 	-1.55019 	0.0973011 	
6.2	0.380886 	-0.17575 	0.0739446 	-0.110038 	-1.5502 	0.0984178 	
6.205	0.380873 	-0.175742 	0.0739292 	-0.112149 	-1.55019 	0.100584 	
6.21	0.380863 	-0.175738 	0.0739134 	-0.112409 	-1.55013 	0.100864 	
6.215	0.380854 	-0.175735 	0.0738979 	-0.112134 	-1.55006 	0.100597 	
6.22	0.380846 	-0.175733 	0.0738828 	-0.111726 	-1.54999 	0.100196 	
6.225	0.380838 	-0.175731 	0.0738681 	-0.111285 	-1.54992 	0.0997603 	
6.23	0.380831 	-0.17573 	0.0738538 	-0.110838 	-1.54985 	0.0993171 	
6.235	0.380824 	-0.175728 	0.0738398 	-0.110389 	-1.54978 	0.0988723 	
6.24	0.380817 	-0.175727 	0.0738261 	-0.109941 	-1.54971 	0.0984278 	
6.245	0.380811 	-0.175726 	0.0738126 	-0.109495 	-1.54964 	0.0979842 	
6.25	0.380804 	-0.175726 	0.0737994 	-0.109051 	-1.54957 	0.0975417 	
6.255	0.380798 	-0.175725 	0.0737862 	-0.108608 	-1.5495 	0.0971006 	
6.26	0.380792 	-0.175725 	0.0737733 	-0.108168 	-1.54943 	0.096661 	
6.265	0.380786 	-0.175725 	0.0737604 	-0.107729 	-1.54936 	0.0962231 	
6.27	0.38078 	-0.175725 	0.0737477 	-0.107292 	-1.54929 	0.095787 	
6.275	0.380774 	-0.175725 	0.073735 	-0.106858 	-1.54923 	0.0953529 	
6.28	0.380768 	-0.175725 	0.0737224 	-0.106426 	-1.54916 	0.0949208 	
6.285	0.380762 	-0.175725 	0.0737099 	-0.105995 	-1.54909 	0.0944895 	
6.29	0.380755 	-0.175725 	0.0736968 	-0.105547 	-1.54903 	0.0940387 	
6.295	0.380747 	-0.175725 	0.0736825 	-0.105258 	-1.54897 	0.0937462 	
6.3	0.38074 	-0.175724 	0.0736693 	-0.104921 	-1.54891 	0.0934089 	
6.305	0.380733 	-0.175725 	0.0736561 	-0.104515 	-1.54884 	0.0930017 	
6.31	0.380727 	-0.175726 	0.0736431 	-0.104094 	-1.54878 	0.0925795 	
6.315	0.380721 	-0.175726 	0.0736302 	-0.103672 	-1.54871 	0.0921567 	
6.32	0.380714 	-0.175727 	0.0736174 	-0.103252 	-1.54864 	0.0917361 	
6.325	0.380708 	-0.175727 	0.0736047 	-0.102836 	-1.54857 	0.0913184 	
6.33	0.380702 	-0.175728 	0.073592 	-0.102422 	-1.5485 	0.0909033 	
6.335	0.380696 	-0.175728 	0.0735794 	-0.10201 	-1.54844 	0.090491 	
6.34	0.38069 	-0.175729 	0.0735668 	-0.101602 	-1.54837 	0.0900814 	
6.345	0.380684 	-0.175729 	0.0735543 	-0.101196 	-1.5483 	0.0896743 	
6.35	0.380678 	-0.17573 	0.0735418 	-0.100793 	-1.54823 	0.08927 	
6.355	0.380672 	-0.175731 	0.0735293 	-0.100392 	-1.54817 	0.0888683 	
6.36	0.380666 	-0.175731 	0.0735169 	-0.099994 	-1.5481 	0.0884688 	
6.365	0.38066 	-0.175732 	0.0735044 	-0.099598 	-1.54803 	0.0880716 	
6.37	0.380655 	-0.175732 	0.073492 	-0.0992043 	-1.54796 	0.0876767 	
6.375	0.380649 	-0.175733 	0.0734796 	-0.098813 	-1.5479 	0.087284 	
6.38	0.380643 	-0.175734 	0.0734672 	-0.0984239 	-1.54783 	0.0868936 	
6.385	0.380637 	-0.175734 	0.0734548 	-0.0980369 	-1.54776 	0.0865054 	
6.39	0.38063 	-0.175735 	0.0734418 	-0.0976856 	-1.5477 	0.0861542 	
6.395	0.380624 	-0.175735 	0.073429 	-0.0973091 	-1.54764 	0.0857783 	
6.4	0.380614 	-0.175736 	0.0734132 	-0.0964457 	-1.54758 	0.0849092 	
6.405	0.380606 	-0.175737 	0.0733979 	-0.0959208 	-1.54751 	0.0843836 	
6.41	0.380598 	-0.175738 	0.073383 	-0.0954854 	-1.54744 	0.0839447 	
6.415	0.380591 	-0.175739 	0.0733684 	-0.0950787 	-1.54737 	0.0835349 	
6.42	0.380583 	-0.17574 	0.0733541 	-0.0946837 	-1.54729 	0.0831372 	
6.425	0.380573 	-0.175741 	0.0733378 	-0.0943935 	-1.54724 	0.0828227 	
6.43	0.380565 	-0.17574 	0.0733221 	-0.0940232 	-1.54717 	0.0824473 	
6.435	0.380557 	-0.175741 	0.0733068 	-0.093638 	-1.54709 	0.0820583 	
6.44	0.380549 	-0.175742 	0.073292 	-0.0932554 	-1.54702 	0.0816731 	
6.445	0.380541 	-0.175743 	0.0732775 	-0.0928758 	-1.54695 	0.0812915 	
6.45	0.380534 	-0.175744 	0.0732633 	-0.0925007 	-1.54688 	0.0809145 	
6.455	0.380527 	-0.175745 	0.0732493 	-0.0921299 	-1.5468 	0.080542 	
6.46	0.38052 	-0.175745 	0.0732355 	-0.0917633 	-1.54673 	0.0801737 	
6.465	0.380513 	-0.175746 	0.0732219 	-0.0914016 	-1.54666 	0.0798104 	
6.47	0.380506 	-0.175747 	0.0732081 	-0.0911169 	-1.5466 	0.0795222 	
6.475	0.380499 	-0.175747 	0.0731944 	-0.0907767 	-1.54653 	0.0791809 	
6.48	0.380492 	-0.175748 	0.0731809 	-0.0904252 	-1.54646 	0.0788276 	
6.485	0.380485 	-0.175749 	0.0731674 	-0.0900734 	-1.54639 	0.078474 	
6.49	0.380479 	-0.175749 	0.0731541 	-0.0897236 	-1.54632 	0.0781227 	
6.495	0.380472 	-0.17575 	0.0731409 	-0.0893765 	-1.54625 	0.0777741 	
6.5	0.380466 	-0.175751 	0.0731278 	-0.0890319 	-1.54618 	0.077428 	
6.505	0.380459 	-0.175752 	0.0731147 	-0.0886901 	-1.54612 	0.0770847 	
6.51	0.380453 	-0.175752 	0.0731017 	-0.0883451 	-1.54605 	0.0767381 	
6.515	0.380446 	-0.175753 	0.0730888 	-0.0880064 	-1.54598 	0.076398 	
6.52	0.38044 	-0.175754 	0.0730758 	-0.0876709 	-1.54591 	0.076061 	
6.525	0.380434 	-0.175754 	0.073063 	-0.0873378 	-1.54584 	0.0757264 	
6.53	0.38043 	-0.175755 	0.0730566 	-0.0871137 	-1.54582 	0.0755017 	
6.535	0.380428 	-0.175754 	0.0730497 	-0.0868584 	-1.54577 	0.0752487 	
6.54	0.380425 	-0.175754 	0.073042 	-0.0865895 	-1.54572 	0.0749797 	
6.545	0.380422 	-0.175754 	0.0730336 	-0.0863123 	-1.54566 	0.0747029 	
6.55	0.380419 	-0.175754 	0.0730246 	-0.0860289 	-1.5456 	0.07442 	
6.555	0.380415 	-0.175754 	0.073015 	-0.0857408 	-1.54554 	0.0741322 	
6.56	0.380411 	-0.175754 	0.073005 	-0.0854489 	-1.54548 	0.0738405 	
6.565	0.380406 	-0.175754 	0.0729946 	-0.085154 	-1.54542 	0.0735456 	
6.57	0.380401 	-0.175755 	0.0729838 	-0.084857 	-1.54535 	0.0732484 	
6.575	0.380397 	-0.175755 	0.0729727 	-0.0845583 	-1.54529 	0.0729492 	
6.58	0.380391 	-0.175755 	0.0729614 	-0.084258 	-1.54522 	0.0726484 	
6.585	0.380386 	-0.175756 	0.0729499 	-0.083957 	-1.54516 	0.0723467 	
6.59	0.380381 	-0.175756 	0.0729382 	-0.0836556 	-1.54509 	0.0720445 	
6.595	0.380375 	-0.175756 	0.0729264 	-0.0833541 	-1.54503 	0.071742 	
6.6	0.38037 	-0.175757 	0.0729144 	-0.0830526 	-1.54496 	0.0714395 	
6.605	0.380364 	-0.175758 	0.0729022 	-0.0827514 	-1.54489 	0.0711372 	
6.61	0.380358 	-0.175758 	0.0728907 	-0.0822721 	-1.54484 	0.0706563 	
