0	0.556278 	-0.0521204 	-0.340329 	-0.00155664 	-0.0222476 	-0.00123478 	
0.005	14.8993 	-4.41953 	-6.6183 	-0.136995 	-0.582914 	0.10572 	
0.01	10.7718 	-0.916018 	-4.75276 	-0.0107999 	-0.416223 	0.0715023 	
0.015	9.64685 	-0.846137 	-4.3407 	-0.00998094 	-0.372282 	0.0635577 	
0.02	8.69002 	-0.765047 	-3.98297 	-0.00855877 	-0.334802 	0.0566371 	
0.025	7.86978 	-0.708228 	-3.6822 	-0.0077573 	-0.302775 	0.0508095 	
0.03	7.16894 	-0.660711 	-3.42626 	-0.00710095 	-0.275431 	0.045846 	
0.035	6.57281 	-0.630948 	-3.19926 	-0.00705782 	-0.252049 	0.0414873 	
0.04	6.06153 	-0.599418 	-3.0113 	-0.00670401 	-0.232077 	0.0378614 	
0.045	5.62463 	-0.572034 	-2.85178 	-0.00636865 	-0.215025 	0.0347862 	
0.05	5.25143 	-0.548316 	-2.71632 	-0.00605708 	-0.200472 	0.0321784 	
0.055	4.93598 	-0.520107 	-2.59459 	-0.00558596 	-0.188059 	0.029825 	
0.06	4.66405 	-0.500846 	-2.49478 	-0.00531042 	-0.17745 	0.0278833 	
0.065	4.43157 	-0.484848 	-2.41033 	-0.00508339 	-0.1684 	0.0262362 	
0.07	4.23295 	-0.471516 	-2.33889 	-0.00489401 	-0.160684 	0.0248406 	
0.075	4.06462 	-0.466419 	-2.27318 	-0.00502448 	-0.154064 	0.0235879 	
0.08	3.91965 	-0.458451 	-2.22041 	-0.00494913 	-0.148414 	0.0225768 	
0.085	3.79577 	-0.451348 	-2.17606 	-0.00486091 	-0.143597 	0.0217322 	
0.09	3.69 	-0.44505 	-2.13883 	-0.00476585 	-0.139497 	0.0210284 	
0.095	3.60238 	-0.431585 	-2.103 	-0.00445761 	-0.136019 	0.0203246 	
0.1	3.52552 	-0.424915 	-2.07516 	-0.00433829 	-0.133048 	0.0197683 	
0.105	3.45973 	-0.419642 	-2.05203 	-0.0042463 	-0.130522 	0.0193004 	
0.11	3.40358 	-0.42148 	-2.0306 	-0.00441417 	-0.128334 	0.0188936 	
0.115	3.35541 	-0.419588 	-2.01404 	-0.00440164 	-0.126482 	0.0185799 	
0.12	3.31432 	-0.417765 	-2.00051 	-0.00437235 	-0.124914 	0.0183298 	
0.125	3.27933 	-0.416041 	-1.98955 	-0.00433124 	-0.123591 	0.018133 	
0.13	3.25249 	-0.407423 	-1.97507 	-0.0041203 	-0.122474 	0.0178428 	
0.135	3.22726 	-0.404314 	-1.96584 	-0.00405625 	-0.121518 	0.0176453 	
0.14	3.20555 	-0.402021 	-1.95858 	-0.00400944 	-0.120715 	0.0174833 	
0.145	3.18697 	-0.400345 	-1.95298 	-0.00397371 	-0.120043 	0.0173533 	
0.15	3.17097 	-0.40527 	-1.94723 	-0.00417733 	-0.119442 	0.0172503 	
0.155	3.15736 	-0.405895 	-1.94367 	-0.00419612 	-0.118949 	0.0171927 	
0.16	3.14586 	-0.406167 	-1.94121 	-0.00419152 	-0.118544 	0.0171627 	
0.165	3.13831 	-0.398815 	-1.9356 	-0.00397557 	-0.118225 	0.0170436 	
0.17	3.13022 	-0.396905 	-1.93316 	-0.00392168 	-0.117956 	0.0169808 	
0.175	3.12327 	-0.395598 	-1.93166 	-0.00388208 	-0.117741 	0.0169343 	
0.18	3.11737 	-0.394735 	-1.93096 	-0.00385156 	-0.117575 	0.0169031 	
0.185	3.11269 	-0.398934 	-1.92788 	-0.00403254 	-0.1174 	0.0168509 	
0.19	3.10834 	-0.3998 	-1.92724 	-0.00405448 	-0.117269 	0.0168464 	
0.195	3.10473 	-0.400361 	-1.9273 	-0.00405596 	-0.117173 	0.0168604 	
0.2	3.10319 	-0.394431 	-1.92568 	-0.00386082 	-0.117129 	0.016817 	
0.205	3.1009 	-0.393084 	-1.92582 	-0.00381193 	-0.117099 	0.0168056 	
0.21	3.09899 	-0.392222 	-1.92649 	-0.00377519 	-0.117092 	0.0168035 	
0.215	3.09745 	-0.391712 	-1.9276 	-0.00374614 	-0.117105 	0.0168105 	
0.22	3.09694 	-0.394833 	-1.92484 	-0.00389912 	-0.117077 	0.0167616 	
0.225	3.09579 	-0.395598 	-1.92499 	-0.00392001 	-0.117073 	0.0167679 	
0.23	3.09489 	-0.396148 	-1.92573 	-0.00392381 	-0.117085 	0.0167898 	
0.235	3.09427 	-0.396528 	-1.92694 	-0.00391428 	-0.117114 	0.0168247 	
0.24	3.09538 	-0.389763 	-1.92678 	-0.00368211 	-0.117194 	0.0168014 	
0.245	3.09538 	-0.388211 	-1.92789 	-0.0036244 	-0.117267 	0.0168019 	
0.25	3.09543 	-0.387263 	-1.92936 	-0.00358442 	-0.117349 	0.0168078 	
0.255	3.09562 	-0.391332 	-1.92826 	-0.00375375 	-0.117378 	0.0167858 	
0.26	3.0956 	-0.39226 	-1.9292 	-0.00377469 	-0.11743 	0.0168047 	
0.265	3.09574 	-0.39295 	-1.93058 	-0.00377921 	-0.117493 	0.0168374 	
0.27	3.09604 	-0.393452 	-1.93229 	-0.00377091 	-0.117568 	0.0168811 	
0.275	3.09825 	-0.386491 	-1.93145 	-0.0035453 	-0.117678 	0.0168404 	
0.28	3.09892 	-0.384961 	-1.93245 	-0.00349339 	-0.117777 	0.0168354 	
0.285	3.09953 	-0.384051 	-1.93383 	-0.00345926 	-0.117881 	0.0168365 	
0.29	3.10016 	-0.383588 	-1.93552 	-0.00343663 	-0.117991 	0.0168443 	
0.295	3.10077 	-0.38861 	-1.93493 	-0.00363596 	-0.118048 	0.0168328 	
0.3	3.10125 	-0.389945 	-1.93614 	-0.00366806 	-0.118124 	0.0168605 	
0.305	3.10185 	-0.390912 	-1.93772 	-0.003679 	-0.11821 	0.0169022 	
0.31	3.10396 	-0.383966 	-1.93812 	-0.00343695 	-0.118346 	0.0168864 	
0.315	3.10494 	-0.382576 	-1.93956 	-0.00338425 	-0.118469 	0.0168928 	
0.32	3.10587 	-0.381761 	-1.94128 	-0.00334852 	-0.118594 	0.0169038 	
0.325	3.10681 	-0.38136 	-1.94322 	-0.0033239 	-0.118722 	0.0169201 	
0.33	3.10779 	-0.38125 	-1.94533 	-0.00330616 	-0.118854 	0.016942 	
0.335	3.1094 	-0.384821 	-1.94277 	-0.00348762 	-0.118922 	0.0168877 	
0.34	3.11012 	-0.385893 	-1.94331 	-0.00352296 	-0.119004 	0.0168982 	
0.345	3.11088 	-0.386698 	-1.94435 	-0.00353872 	-0.119092 	0.0169244 	
0.35	3.11259 	-0.380221 	-1.94724 	-0.00327947 	-0.119267 	0.016957 	
0.355	3.11387 	-0.378924 	-1.94946 	-0.00322048 	-0.119419 	0.0169792 	
0.36	3.1151 	-0.378187 	-1.95176 	-0.00317986 	-0.119569 	0.0170024 	
0.365	3.11633 	-0.377851 	-1.95413 	-0.00315166 	-0.119721 	0.017028 	
0.37	3.11824 	-0.38056 	-1.95107 	-0.0033129 	-0.119796 	0.0169553 	
0.375	3.11908 	-0.381368 	-1.95145 	-0.00334428 	-0.119887 	0.0169559 	
0.38	3.11996 	-0.382023 	-1.95236 	-0.00336019 	-0.119985 	0.016972 	
0.385	3.12151 	-0.376682 	-1.95601 	-0.00313201 	-0.120172 	0.0170177 	
0.39	3.12292 	-0.37567 	-1.95847 	-0.00308001 	-0.120335 	0.0170441 	
0.395	3.12428 	-0.375141 	-1.96093 	-0.00304417 	-0.120496 	0.0170712 	
0.4	3.12564 	-0.374956 	-1.9634 	-0.00301914 	-0.120658 	0.0171003 	
0.405	3.12701 	-0.375007 	-1.96587 	-0.00300096 	-0.12082 	0.0171321 	
0.41	3.12988 	-0.375663 	-1.96117 	-0.00312045 	-0.120905 	0.0170131 	
0.415	3.13087 	-0.376064 	-1.96088 	-0.00315187 	-0.120999 	0.0169913 	
0.42	3.13181 	-0.376471 	-1.96122 	-0.00317186 	-0.121098 	0.0169867 	
0.425	3.13302 	-0.372361 	-1.9675 	-0.00295008 	-0.121321 	0.017088 	
0.43	3.13466 	-0.371637 	-1.97077 	-0.0028977 	-0.12151 	0.0171314 	
0.435	3.13624 	-0.371326 	-1.9738 	-0.00286135 	-0.121693 	0.0171714 	
0.44	3.13777 	-0.371304 	-1.97665 	-0.00283585 	-0.121873 	0.0172101 	
0.445	3.14079 	-0.370977 	-1.97159 	-0.00292938 	-0.121964 	0.0170709 	
0.45	3.14183 	-0.371126 	-1.9712 	-0.00295629 	-0.122068 	0.0170395 	
0.455	3.14282 	-0.371389 	-1.97146 	-0.00297599 	-0.122176 	0.0170254 	
0.46	3.14395 	-0.36834 	-1.97803 	-0.00278934 	-0.122406 	0.0171297 	
0.465	3.14565 	-0.367889 	-1.98134 	-0.00274625 	-0.122601 	0.0171728 	
0.47	3.14728 	-0.367781 	-1.98439 	-0.00271687 	-0.122791 	0.0172127 	
0.475	3.14887 	-0.367907 	-1.98723 	-0.00269658 	-0.122978 	0.0172516 	
0.48	3.15197 	-0.366219 	-1.98241 	-0.00274175 	-0.123083 	0.017103 	
0.485	3.15311 	-0.366076 	-1.98208 	-0.00276152 	-0.123199 	0.0170646 	
0.49	3.15421 	-0.366165 	-1.98234 	-0.00277891 	-0.123321 	0.0170434 	
0.495	3.15532 	-0.364171 	-1.98906 	-0.00262949 	-0.123556 	0.017149 	
0.5	3.1571 	-0.363981 	-1.99241 	-0.00259587 	-0.123759 	0.0171917 	
0.505	3.15879 	-0.364066 	-1.99547 	-0.00257364 	-0.123956 	0.0172316 	
0.51	3.16045 	-0.364336 	-1.99829 	-0.00255873 	-0.124149 	0.0172708 	
0.515	3.16364 	-0.361335 	-1.99384 	-0.00255652 	-0.12427 	0.0171134 	
0.52	3.1649 	-0.36091 	-1.9936 	-0.00256921 	-0.124401 	0.0170687 	
0.525	3.1661 	-0.360831 	-1.99391 	-0.00258421 	-0.124536 	0.0170409 	
0.53	3.16732 	-0.360988 	-1.99469 	-0.00259876 	-0.124676 	0.017028 	
0.535	3.16898 	-0.358954 	-2.00339 	-0.00242616 	-0.124965 	0.0171682 	
0.54	3.17114 	-0.358818 	-2.00759 	-0.00238597 	-0.125202 	0.017225 	
0.545	3.1731 	-0.35897 	-2.01121 	-0.00236051 	-0.125425 	0.0172737 	
0.55	3.17605 	-0.356989 	-2.00656 	-0.00239712 	-0.125547 	0.017116 	
0.555	3.17728 	-0.356823 	-2.00643 	-0.00241694 	-0.125687 	0.0170748 	
0.56	3.17851 	-0.356936 	-2.00682 	-0.00243681 	-0.12583 	0.0170503 	
0.565	3.17979 	-0.357233 	-2.00764 	-0.00245469 	-0.125977 	0.0170404 	
0.57	3.18168 	-0.353827 	-2.01564 	-0.00225421 	-0.126277 	0.0171391 	
0.575	3.18386 	-0.353398 	-2.01953 	-0.00221347 	-0.12652 	0.0171776 	
0.58	3.18584 	-0.353372 	-2.0229 	-0.00219031 	-0.126749 	0.0172105 	
0.585	3.1877 	-0.353622 	-2.02587 	-0.00217889 	-0.126968 	0.0172408 	
0.59	3.19102 	-0.351608 	-2.02037 	-0.00223189 	-0.127088 	0.0170589 	
0.595	3.1923 	-0.351475 	-2.01969 	-0.00226282 	-0.127223 	0.0170029 	
0.6	3.19355 	-0.351627 	-2.01964 	-0.0022922 	-0.127362 	0.0169662 	
0.605	3.19501 	-0.349331 	-2.0284 	-0.00211625 	-0.12766 	0.0170846 	
0.61	3.19716 	-0.34919 	-2.03231 	-0.00208487 	-0.127903 	0.0171233 	
0.615	3.19912 	-0.349374 	-2.03566 	-0.00206857 	-0.128133 	0.0171568 	
0.62	3.20096 	-0.349778 	-2.0386 	-0.00206213 	-0.128353 	0.0171879 	
0.625	3.20426 	-0.346228 	-2.03382 	-0.00205776 	-0.128491 	0.0169939 	
0.63	3.20562 	-0.345758 	-2.03335 	-0.00207883 	-0.12864 	0.0169309 	
0.635	3.20694 	-0.345702 	-2.03344 	-0.00210395 	-0.128792 	0.0168869 	
0.64	3.20832 	-0.344628 	-2.04175 	-0.00197684 	-0.129083 	0.0170012 	
0.645	3.21044 	-0.344781 	-2.04551 	-0.0019578 	-0.129326 	0.0170373 	
0.65	3.21239 	-0.345183 	-2.04874 	-0.00195067 	-0.129556 	0.0170693 	
0.655	3.21424 	-0.345745 	-2.05157 	-0.00195099 	-0.129777 	0.0170999 	
0.66	3.21756 	-0.34073 	-2.04768 	-0.00189067 	-0.129936 	0.016895 	
0.665	3.21904 	-0.339943 	-2.04748 	-0.00190259 	-0.130101 	0.0168254 	
0.67	3.22047 	-0.339695 	-2.04773 	-0.00192386 	-0.130268 	0.0167746 	
0.675	3.2219 	-0.339822 	-2.04837 	-0.00194954 	-0.130437 	0.0167406 	
0.68	3.22385 	-0.339032 	-2.05883 	-0.00180829 	-0.13078 	0.0168923 	
0.685	3.22633 	-0.339363 	-2.06349 	-0.00178557 	-0.131053 	0.0169446 	
0.69	3.2285 	-0.339914 	-2.06731 	-0.00177696 	-0.131307 	0.0169874 	
0.695	3.23163 	-0.33606 	-2.06274 	-0.00176426 	-0.13146 	0.0167819 	
0.7	3.23303 	-0.335597 	-2.0625 	-0.00178623 	-0.131628 	0.0167162 	
0.705	3.23442 	-0.335582 	-2.06271 	-0.00181423 	-0.131798 	0.0166692 	
0.71	3.23583 	-0.335875 	-2.0633 	-0.00184431 	-0.131969 	0.0166386 	
0.715	3.23796 	-0.333283 	-2.07341 	-0.00166154 	-0.132327 	0.0167396 	
0.72	3.24044 	-0.333206 	-2.07787 	-0.00163535 	-0.132607 	0.0167703 	
0.725	3.24259 	-0.333497 	-2.08149 	-0.0016272 	-0.132866 	0.0167946 	
0.73	3.24537 	-0.331146 	-2.0774 	-0.00165396 	-0.13302 	0.0166184 	
0.735	3.24675 	-0.331033 	-2.07729 	-0.0016846 	-0.133192 	0.0165603 	
0.74	3.24816 	-0.331273 	-2.0776 	-0.00171825 	-0.133365 	0.0165199 	
0.745	3.24985 	-0.32877 	-2.08488 	-0.00157884 	-0.13367 	0.0165568 	
0.75	3.25198 	-0.328703 	-2.08818 	-0.00156908 	-0.133923 	0.0165608 	
0.755	3.25392 	-0.329004 	-2.09099 	-0.00157351 	-0.134162 	0.016566 	
0.76	3.25576 	-0.329555 	-2.09343 	-0.00158678 	-0.13439 	0.0165738 	
0.765	3.25754 	-0.330264 	-2.09562 	-0.00160495 	-0.134611 	0.016585 	
0.77	3.26077 	-0.323607 	-2.09369 	-0.00147937 	-0.134811 	0.0163565 	
0.775	3.26247 	-0.322499 	-2.09393 	-0.00148559 	-0.135004 	0.0162705 	
0.78	3.26408 	-0.322086 	-2.09444 	-0.00150779 	-0.135197 	0.0162048 	
0.785	3.26566 	-0.322167 	-2.09519 	-0.00153915 	-0.135388 	0.0161566 	
0.79	3.26751 	-0.322711 	-2.10528 	-0.00145612 	-0.135732 	0.0162934 	
0.795	3.26995 	-0.323478 	-2.10974 	-0.00145554 	-0.136011 	0.0163349 	
0.8	3.27207 	-0.324378 	-2.11332 	-0.00146543 	-0.136268 	0.0163692 	
0.805	3.27524 	-0.318796 	-2.10998 	-0.00139298 	-0.136455 	0.016132 	
0.81	3.2768 	-0.31804 	-2.11001 	-0.00141137 	-0.136646 	0.0160502 	
0.815	3.2783 	-0.317877 	-2.11035 	-0.00144165 	-0.136836 	0.0159884 	
0.82	3.27981 	-0.318131 	-2.11096 	-0.00147817 	-0.137025 	0.015944 	
0.825	3.28182 	-0.316538 	-2.12107 	-0.00134202 	-0.137389 	0.0160237 	
0.83	3.28425 	-0.316802 	-2.12542 	-0.00133515 	-0.137676 	0.0160416 	
0.835	3.28633 	-0.317372 	-2.12887 	-0.00134366 	-0.13794 	0.0160557 	
0.84	3.28915 	-0.313626 	-2.12562 	-0.00132375 	-0.13812 	0.0158529 	
0.845	3.29062 	-0.313287 	-2.12565 	-0.0013535 	-0.13831 	0.0157798 	
0.85	3.29209 	-0.313424 	-2.12599 	-0.0013911 	-0.138499 	0.0157256 	
0.855	3.29358 	-0.313889 	-2.1266 	-0.00143207 	-0.138687 	0.0156879 	
0.86	3.29581 	-0.310258 	-2.13681 	-0.00124511 	-0.139068 	0.0157097 	
0.865	3.29826 	-0.310054 	-2.14111 	-0.00123186 	-0.139361 	0.0157052 	
0.87	3.30033 	-0.310319 	-2.14448 	-0.00123871 	-0.13963 	0.0157005 	
0.875	3.30218 	-0.310906 	-2.1472 	-0.00125861 	-0.13988 	0.0156975 	
0.88	3.30523 	-0.307038 	-2.14288 	-0.00125199 	-0.140045 	0.0154673 	
0.885	3.30665 	-0.306679 	-2.14229 	-0.00129088 	-0.140222 	0.0153792 	
0.89	3.30805 	-0.306815 	-2.14213 	-0.00133643 	-0.140399 	0.0153132 	
0.895	3.30964 	-0.304873 	-2.15212 	-0.00120063 	-0.140756 	0.0153605 	
0.9	3.31187 	-0.305052 	-2.15612 	-0.00120151 	-0.141036 	0.015358 	
0.905	3.3138 	-0.305592 	-2.15927 	-0.00121813 	-0.141294 	0.015356 	
0.91	3.31555 	-0.306374 	-2.16182 	-0.00124454 	-0.141536 	0.0153561 	
0.915	3.31859 	-0.300579 	-2.15898 	-0.00116853 	-0.141725 	0.0150949 	
0.92	3.32009 	-0.299785 	-2.15883 	-0.00119485 	-0.141917 	0.0149947 	
0.925	3.32154 	-0.299638 	-2.15896 	-0.00123428 	-0.142106 	0.0149177 	
0.93	3.32288 	-0.299303 	-2.16759 	-0.00116375 	-0.142435 	0.014972 	
0.935	3.32493 	-0.299845 	-2.17116 	-0.00118014 	-0.142703 	0.0149698 	
0.94	3.32674 	-0.300648 	-2.174 	-0.00120763 	-0.142951 	0.0149692 	
0.945	3.32842 	-0.301615 	-2.17633 	-0.00124142 	-0.143186 	0.0149714 	
0.95	3.3315 	-0.294044 	-2.17504 	-0.00110128 	-0.143401 	0.0146796 	
0.955	3.33313 	-0.29285 	-2.17534 	-0.00111638 	-0.143607 	0.0145677 	
0.96	3.33464 	-0.292444 	-2.17575 	-0.00115041 	-0.143809 	0.0144803 	
0.965	3.3361 	-0.2926 	-2.17631 	-0.00119563 	-0.144008 	0.0144136 	
0.97	3.33765 	-0.292936 	-2.18649 	-0.00113098 	-0.144365 	0.0144998 	
0.975	3.33982 	-0.293784 	-2.1907 	-0.00114996 	-0.144647 	0.0145129 	
0.98	3.34167 	-0.294811 	-2.19396 	-0.00117944 	-0.144906 	0.0145238 	
0.985	3.34461 	-0.288732 	-2.19133 	-0.00109694 	-0.145102 	0.0142475 	
0.99	3.34606 	-0.28796 	-2.19136 	-0.00112494 	-0.1453 	0.0141451 	
0.995	3.34745 	-0.287851 	-2.19158 	-0.00116701 	-0.145495 	0.0140661 	
1	3.34883 	-0.288208 	-2.19198 	-0.00121678 	-0.145688 	0.0140068 	
1.005	3.35051 	-0.286132 	-2.20248 	-0.00109188 	-0.146062 	0.0140215 	
1.01	3.35266 	-0.286393 	-2.20668 	-0.00110183 	-0.14635 	0.0140082 	
1.015	3.35446 	-0.287023 	-2.20987 	-0.00112768 	-0.146612 	0.0139973 	
1.02	3.35604 	-0.2879 	-2.21235 	-0.00116332 	-0.146855 	0.0139899 	
1.025	3.35927 	-0.281339 	-2.20862 	-0.00108276 	-0.147031 	0.0136769 	
1.03	3.36067 	-0.280392 	-2.20799 	-0.00111547 	-0.147213 	0.0135557 	
1.035	3.36198 	-0.28017 	-2.20768 	-0.00116277 	-0.147394 	0.0134614 	
1.04	3.36295 	-0.280174 	-2.21757 	-0.00110232 	-0.147737 	0.0135156 	
1.045	3.36483 	-0.280845 	-2.22135 	-0.00112755 	-0.148008 	0.0135069 	
1.05	3.36644 	-0.281769 	-2.22424 	-0.00116376 	-0.148256 	0.0135007 	
1.055	3.36897 	-0.276478 	-2.22253 	-0.00109536 	-0.148456 	0.013246 	
1.06	3.37031 	-0.275923 	-2.22278 	-0.00112883 	-0.148655 	0.0131481 	
1.065	3.37159 	-0.275982 	-2.22313 	-0.0011752 	-0.148849 	0.0130729 	
1.07	3.37288 	-0.27647 	-2.2236 	-0.00122848 	-0.149039 	0.0130168 	
1.075	3.37439 	-0.273241 	-2.23287 	-0.00109771 	-0.14939 	0.0129609 	
1.08	3.3763 	-0.273232 	-2.23655 	-0.00111201 	-0.149664 	0.0129221 	
1.085	3.37789 	-0.273687 	-2.23933 	-0.00114308 	-0.149914 	0.0128917 	
1.09	3.37931 	-0.274461 	-2.24149 	-0.00118448 	-0.150147 	0.0128692 	
1.095	3.38201 	-0.269031 	-2.23894 	-0.00112322 	-0.150329 	0.0125932 	
1.1	3.38331 	-0.268392 	-2.23868 	-0.00116124 	-0.150513 	0.0124833 	
1.105	3.38456 	-0.268398 	-2.23863 	-0.00121182 	-0.150694 	0.0123988 	
1.11	3.3858 	-0.268855 	-2.2388 	-0.00126893 	-0.150874 	0.0123354 	
1.115	3.38726 	-0.266006 	-2.25081 	-0.00112528 	-0.151264 	0.0123161 	
1.12	3.38927 	-0.266124 	-2.25536 	-0.00113671 	-0.151554 	0.0122883 	
1.125	3.39085 	-0.266677 	-2.2587 	-0.00116611 	-0.151814 	0.0122657 	
1.13	3.39347 	-0.263162 	-2.25447 	-0.00117369 	-0.151969 	0.0120208 	
1.135	3.39455 	-0.262972 	-2.25387 	-0.00122449 	-0.152141 	0.0119233 	
1.14	3.39564 	-0.26329 	-2.25358 	-0.00128278 	-0.152311 	0.0118493 	
1.145	3.39651 	-0.260417 	-2.26206 	-0.00117488 	-0.152629 	0.0117805 	
1.15	3.39808 	-0.260459 	-2.2652 	-0.00119803 	-0.15288 	0.0117319 	
1.155	3.39941 	-0.260957 	-2.26757 	-0.00123593 	-0.153112 	0.0116948 	
1.16	3.40062 	-0.261768 	-2.26942 	-0.00128263 	-0.153328 	0.0116678 	
1.165	3.40297 	-0.255928 	-2.26831 	-0.00119964 	-0.153519 	0.0113851 	
1.17	3.4042 	-0.255206 	-2.26845 	-0.0012341 	-0.153705 	0.0112727 	
1.175	3.40535 	-0.255163 	-2.26867 	-0.00128295 	-0.153887 	0.0111863 	
1.18	3.40649 	-0.255598 	-2.269 	-0.00133974 	-0.154065 	0.0111213 	
1.185	3.40749 	-0.253053 	-2.27852 	-0.00123565 	-0.154401 	0.0110675 	
1.19	3.4091 	-0.253232 	-2.28218 	-0.00125891 	-0.154661 	0.0110278 	
1.195	3.41043 	-0.25383 	-2.2849 	-0.00129683 	-0.154896 	0.0109975 	
1.2	3.41159 	-0.254714 	-2.28696 	-0.00134352 	-0.155115 	0.0109759 	
1.205	3.41447 	-0.248181 	-2.28386 	-0.001265 	-0.155276 	0.010642 	
1.21	3.41564 	-0.247268 	-2.28327 	-0.00130257 	-0.155443 	0.010513 	
1.215	3.41672 	-0.247091 	-2.28293 	-0.00135472 	-0.155609 	0.0104135 	
1.22	3.41704 	-0.246766 	-2.29167 	-0.00131501 	-0.155911 	0.0104172 	
1.225	3.41839 	-0.247374 	-2.29488 	-0.00135181 	-0.156151 	0.0103883 	
1.23	3.41953 	-0.248275 	-2.29729 	-0.00139821 	-0.156372 	0.0103677 	
1.235	3.42174 	-0.242998 	-2.29589 	-0.00133512 	-0.156551 	0.0100914 	
1.24	3.4228 	-0.242456 	-2.29604 	-0.00137397 	-0.156728 	0.00998503 	
1.245	3.4238 	-0.242538 	-2.29626 	-0.00142536 	-0.156902 	0.00990399 	
1.25	3.4248 	-0.243058 	-2.29657 	-0.00148346 	-0.157071 	0.00984384 	
1.255	3.42559 	-0.239513 	-2.30474 	-0.00137474 	-0.157374 	0.00972943 	
1.26	3.42693 	-0.239421 	-2.30786 	-0.00139948 	-0.157612 	0.00966982 	
1.265	3.42804 	-0.239828 	-2.31017 	-0.0014393 	-0.15783 	0.00962483 	
1.27	3.42903 	-0.24058 	-2.31193 	-0.00148816 	-0.158033 	0.00959229 	
1.275	3.43139 	-0.235288 	-2.30965 	-0.00143348 	-0.158191 	0.00930211 	
1.28	3.43243 	-0.234685 	-2.30932 	-0.00147519 	-0.158352 	0.00918807 	
1.285	3.43339 	-0.234721 	-2.30918 	-0.00152879 	-0.158511 	0.0091013 	
1.29	3.43434 	-0.235206 	-2.30923 	-0.00158852 	-0.158667 	0.00903695 	
1.295	3.43486 	-0.232024 	-2.31958 	-0.00147241 	-0.158994 	0.00895405 	
1.3	3.4362 	-0.232033 	-2.32338 	-0.00149442 	-0.15924 	0.00890478 	
1.305	3.43723 	-0.23251 	-2.32615 	-0.00153194 	-0.159462 	0.00886784 	
1.31	3.4381 	-0.233311 	-2.3282 	-0.00157891 	-0.159665 	0.00884157 	
1.315	3.44119 	-0.22764 	-2.32339 	-0.00153907 	-0.159788 	0.0085075 	
1.32	3.44217 	-0.226915 	-2.32218 	-0.0015849 	-0.159924 	0.00838033 	
1.325	3.44305 	-0.226857 	-2.32136 	-0.00164184 	-0.160061 	0.0082832 	
1.33	3.44276 	-0.225816 	-2.33099 	-0.00158316 	-0.160352 	0.00826592 	
1.335	3.44379 	-0.22625 	-2.33431 	-0.0016169 	-0.160576 	0.00823054 	
1.34	3.44461 	-0.227022 	-2.33677 	-0.00166123 	-0.160779 	0.00820552 	
1.345	3.4468 	-0.222374 	-2.33399 	-0.00162741 	-0.160918 	0.00792699 	
1.35	3.4476 	-0.221938 	-2.33365 	-0.00167142 	-0.161066 	0.00782131 	
1.355	3.44835 	-0.222082 	-2.3335 	-0.00172545 	-0.161212 	0.00774185 	
1.36	3.4491 	-0.222631 	-2.33354 	-0.00178437 	-0.161356 	0.00768386 	
1.365	3.44934 	-0.218688 	-2.34197 	-0.00167095 	-0.161634 	0.0075474 	
1.37	3.45033 	-0.218467 	-2.34505 	-0.00169416 	-0.16185 	0.00748198 	
1.375	3.45111 	-0.218771 	-2.34731 	-0.00173243 	-0.162047 	0.00743351 	
1.38	3.45179 	-0.219442 	-2.34902 	-0.00177986 	-0.16223 	0.0073991 	
1.385	3.45429 	-0.214939 	-2.34525 	-0.00175773 	-0.162349 	0.00711396 	
1.39	3.45512 	-0.214492 	-2.34439 	-0.00180473 	-0.162479 	0.00700431 	
1.395	3.45588 	-0.214619 	-2.34386 	-0.00186041 	-0.162609 	0.00692207 	
1.4	3.45662 	-0.215144 	-2.34364 	-0.00191998 	-0.162738 	0.00686227 	
1.405	3.4565 	-0.211384 	-2.35456 	-0.00179212 	-0.163043 	0.00675656 	
1.41	3.45747 	-0.21121 	-2.35845 	-0.00181013 	-0.163267 	0.00670176 	
1.415	3.45815 	-0.211542 	-2.36125 	-0.00184411 	-0.163468 	0.00666161 	
1.42	3.46071 	-0.209103 	-2.35597 	-0.00188378 	-0.163564 	0.00643256 	
1.425	3.46136 	-0.209109 	-2.35487 	-0.00193979 	-0.163681 	0.00634252 	
1.43	3.46198 	-0.209542 	-2.35419 	-0.00199972 	-0.163798 	0.00627657 	
1.435	3.46159 	-0.206161 	-2.36146 	-0.00190797 	-0.164031 	0.00615047 	
1.44	3.46225 	-0.206026 	-2.36395 	-0.00193494 	-0.164216 	0.00608761 	
1.445	3.46279 	-0.206373 	-2.36583 	-0.00197434 	-0.164387 	0.00604233 	
1.45	3.46328 	-0.207055 	-2.36729 	-0.00202102 	-0.164547 	0.00601146 	
1.455	3.46376 	-0.207961 	-2.36848 	-0.00207118 	-0.164699 	0.00599247 	
1.46	3.46645 	-0.200534 	-2.3657 	-0.00197222 	-0.164811 	0.0056056 	
1.465	3.46729 	-0.199313 	-2.36503 	-0.00200142 	-0.16493 	0.00546545 	
1.47	3.46797 	-0.19888 	-2.36457 	-0.00204601 	-0.165049 	0.00535906 	
1.475	3.46858 	-0.199011 	-2.36437 	-0.00209935 	-0.165168 	0.00528013 	
1.48	3.46772 	-0.199356 	-2.3737 	-0.00207716 	-0.165418 	0.00531583 	
1.485	3.46829 	-0.200178 	-2.37712 	-0.00211374 	-0.165609 	0.00530804 	
1.49	3.46872 	-0.201191 	-2.37967 	-0.00215656 	-0.165782 	0.00530652 	
1.495	3.47159 	-0.19532 	-2.37503 	-0.00210816 	-0.165873 	0.0049591 	
1.5	3.47225 	-0.19454 	-2.37407 	-0.00214543 	-0.16598 	0.00484014 	
1.505	3.47281 	-0.194401 	-2.37344 	-0.00219331 	-0.166088 	0.00475115 	
1.51	3.47331 	-0.194716 	-2.37313 	-0.00224659 	-0.166197 	0.00468658 	
1.515	3.47243 	-0.192935 	-2.38175 	-0.00218263 	-0.16643 	0.00463516 	
1.52	3.47287 	-0.193184 	-2.38486 	-0.00221003 	-0.166609 	0.00460094 	
1.525	3.47319 	-0.193782 	-2.38718 	-0.00224707 	-0.166771 	0.00457894 	
1.53	3.47572 	-0.19009 	-2.38255 	-0.00224675 	-0.166854 	0.0043144 	
1.535	3.47628 	-0.189781 	-2.38162 	-0.00229065 	-0.166953 	0.00421991 	
1.54	3.47676 	-0.18996 	-2.38107 	-0.00234067 	-0.167052 	0.00415107 	
1.545	3.4772 	-0.190478 	-2.38085 	-0.002393 	-0.167153 	0.00410315 	
1.55	3.47643 	-0.186837 	-2.38868 	-0.00229342 	-0.167366 	0.00397305 	
1.555	3.4768 	-0.186595 	-2.39152 	-0.00231233 	-0.167532 	0.00391662 	
1.56	3.47704 	-0.186832 	-2.39366 	-0.00234379 	-0.167684 	0.0038775 	
1.565	3.47724 	-0.187406 	-2.39532 	-0.00238286 	-0.167826 	0.00385243 	
1.57	3.48046 	-0.18397 	-2.38951 	-0.00239677 	-0.167891 	0.00358541 	
1.575	3.48115 	-0.183693 	-2.38803 	-0.00244303 	-0.167971 	0.00349044 	
1.58	3.48168 	-0.183873 	-2.38708 	-0.00249354 	-0.168053 	0.00342153 	
1.585	3.48213 	-0.184371 	-2.3866 	-0.00254499 	-0.168136 	0.00337393 	
1.59	3.48076 	-0.180881 	-2.39721 	-0.00242675 	-0.168373 	0.00328169 	
1.595	3.48101 	-0.180667 	-2.40094 	-0.00243808 	-0.168546 	0.00323885 	
1.6	3.48109 	-0.180912 	-2.4037 	-0.00246307 	-0.1687 	0.00321042 	
1.605	3.48437 	-0.179336 	-2.39672 	-0.00252704 	-0.168747 	0.00300228 	
1.61	3.48488 	-0.179457 	-2.39514 	-0.00257872 	-0.168816 	0.00292838 	
1.615	3.48527 	-0.179901 	-2.39415 	-0.00263068 	-0.168887 	0.00287689 	
1.62	3.48559 	-0.180562 	-2.39365 	-0.00268088 	-0.16896 	0.00284373 	
1.625	3.48422 	-0.175627 	-2.40289 	-0.00253949 	-0.169166 	0.00268362 	
1.63	3.48431 	-0.175017 	-2.40611 	-0.00254476 	-0.169319 	0.00262208 	
1.635	3.48427 	-0.174968 	-2.40852 	-0.00256542 	-0.169458 	0.00257946 	
1.64	3.48717 	-0.174992 	-2.40211 	-0.00265836 	-0.169502 	0.00244155 	
1.645	3.48758 	-0.175458 	-2.40073 	-0.00271249 	-0.169565 	0.00238924 	
1.65	3.48789 	-0.176128 	-2.39993 	-0.00276383 	-0.16963 	0.00235564 	
1.655	3.48814 	-0.176928 	-2.3996 	-0.00281137 	-0.169698 	0.00233728 	
1.66	3.48694 	-0.170834 	-2.40744 	-0.00265312 	-0.169874 	0.00212006 	
1.665	3.48696 	-0.169902 	-2.41023 	-0.00265299 	-0.17001 	0.002044 	
1.67	3.48686 	-0.169608 	-2.41235 	-0.00266956 	-0.170135 	0.00199045 	
1.675	3.48673 	-0.169775 	-2.41402 	-0.00269701 	-0.170253 	0.00195487 	
1.68	3.49062 	-0.170743 	-2.40645 	-0.00282086 	-0.170288 	0.0018394 	
1.685	3.49129 	-0.1715 	-2.40454 	-0.00288159 	-0.170334 	0.00179923 	
1.69	3.49172 	-0.17234 	-2.40335 	-0.00293488 	-0.170381 	0.001776 	
1.695	3.48973 	-0.167479 	-2.41134 	-0.00279455 	-0.170537 	0.00162398 	
1.7	3.48955 	-0.166876 	-2.41398 	-0.0027965 	-0.170655 	0.00157028 	
1.705	3.48931 	-0.166793 	-2.41606 	-0.00281201 	-0.170766 	0.00153483 	
1.71	3.48907 	-0.167081 	-2.41774 	-0.00283625 	-0.170871 	0.001514 	
1.715	3.493 	-0.166571 	-2.41053 	-0.00292162 	-0.170903 	0.00134802 	
1.72	3.49363 	-0.166918 	-2.40877 	-0.00297096 	-0.170944 	0.00129503 	
1.725	3.49399 	-0.167453 	-2.40768 	-0.00301629 	-0.170986 	0.00126148 	
1.73	3.49187 	-0.164276 	-2.41475 	-0.00291615 	-0.171117 	0.0011736 	
1.735	3.49156 	-0.164027 	-2.41716 	-0.00292259 	-0.17122 	0.00114002 	
1.74	3.49123 	-0.164175 	-2.41913 	-0.00293906 	-0.171318 	0.00112092 	
1.745	3.49093 	-0.164604 	-2.42079 	-0.00296176 	-0.171412 	0.00111347 	
1.75	3.49496 	-0.162887 	-2.4139 	-0.00301601 	-0.171441 	0.000905339 	
1.755	3.49559 	-0.162908 	-2.41226 	-0.00305621 	-0.171477 	0.000842139 	
1.76	3.49592 	-0.163198 	-2.41126 	-0.00309495 	-0.171514 	0.000800451 	
1.765	3.49608 	-0.163673 	-2.41081 	-0.00313104 	-0.171553 	0.00077636 	
1.77	3.49374 	-0.160673 	-2.4193 	-0.00302231 	-0.171697 	0.000715941 	
1.775	3.49329 	-0.160438 	-2.42243 	-0.00302127 	-0.171804 	0.000695509 	
1.78	3.49281 	-0.160582 	-2.4249 	-0.00303127 	-0.171904 	0.000686744 	
1.785	3.49679 	-0.160315 	-2.41754 	-0.00311934 	-0.171922 	0.000532092 	
1.79	3.49726 	-0.160634 	-2.41599 	-0.00316132 	-0.171952 	0.000488273 	
1.795	3.49746 	-0.161116 	-2.4151 	-0.00319908 	-0.171983 	0.000462628 	
1.8	3.4975 	-0.161706 	-2.41475 	-0.0032324 	-0.172016 	0.000451789 	
1.805	3.49744 	-0.162364 	-2.41485 	-0.00326133 	-0.172052 	0.000452919 	
1.81	3.49551 	-0.156974 	-2.42223 	-0.00310924 	-0.172177 	0.000283589 	
1.815	3.495 	-0.156074 	-2.42509 	-0.0030958 	-0.172273 	0.000233662 	
1.82	3.49444 	-0.15573 	-2.42738 	-0.00309752 	-0.172363 	0.000201969 	
1.825	3.49851 	-0.158356 	-2.4199 	-0.00324903 	-0.172376 	0.000161388 	
1.83	3.49898 	-0.159315 	-2.41837 	-0.00329961 	-0.172398 	0.000151963 	
1.835	3.49916 	-0.16022 	-2.41754 	-0.00333967 	-0.172419 	0.000154818 	
1.84	3.49916 	-0.161074 	-2.41727 	-0.00337101 	-0.172443 	0.00016758 	
1.845	3.49723 	-0.155122 	-2.4233 	-0.00321101 	-0.172536 	-2.97625e-05 	
1.85	3.49663 	-0.154077 	-2.42561 	-0.00319429 	-0.172612 	-8.45805e-05 	
1.855	3.49602 	-0.153604 	-2.42753 	-0.00319244 	-0.172685 	-0.000119628 	
1.86	3.49945 	-0.156913 	-2.42121 	-0.00334515 	-0.172695 	-0.000112634 	
1.865	3.49978 	-0.158002 	-2.42007 	-0.00339157 	-0.172713 	-0.000105716 	
1.87	3.49984 	-0.158979 	-2.41956 	-0.00342668 	-0.172732 	-8.93238e-05 	
1.875	3.49974 	-0.159862 	-2.41957 	-0.0034527 	-0.172753 	-6.53907e-05 	
1.88	3.49839 	-0.153836 	-2.42356 	-0.00330347 	-0.172818 	-0.000283836 	
1.885	3.49782 	-0.152731 	-2.42528 	-0.00328597 	-0.172874 	-0.000341101 	
1.89	3.49723 	-0.15219 	-2.42683 	-0.00328218 	-0.172932 	-0.000377628 	
1.895	3.50004 	-0.155981 	-2.42178 	-0.00343089 	-0.172941 	-0.000329412 	
1.9	3.50025 	-0.157161 	-2.42105 	-0.00347253 	-0.172957 	-0.000307953 	
1.905	3.50021 	-0.158183 	-2.42089 	-0.00350241 	-0.172973 	-0.000279563 	
1.91	3.50003 	-0.159079 	-2.42118 	-0.00352308 	-0.172993 	-0.000245763 	
1.915	3.49974 	-0.159874 	-2.42182 	-0.00353656 	-0.173015 	-0.000207799 	
1.92	3.49961 	-0.152207 	-2.42357 	-0.00337 	-0.173055 	-0.00052219 	
1.925	3.4992 	-0.15056 	-2.4247 	-0.00334472 	-0.173095 	-0.000607893 	
1.93	3.49867 	-0.149611 	-2.42582 	-0.00333576 	-0.173138 	-0.00066673 	
1.935	3.50079 	-0.155971 	-2.42212 	-0.00352624 	-0.173142 	-0.000494666 	
1.94	3.50086 	-0.157732 	-2.42184 	-0.00357182 	-0.173153 	-0.000435968 	
1.945	3.50071 	-0.15914 	-2.42204 	-0.00360103 	-0.173166 	-0.000376969 	
1.95	3.50042 	-0.160278 	-2.42264 	-0.00361796 	-0.173181 	-0.000318087 	
1.955	3.50083 	-0.152474 	-2.42305 	-0.00345438 	-0.173205 	-0.000645425 	
1.96	3.50048 	-0.150843 	-2.42373 	-0.00342813 	-0.173231 	-0.00072725 	
1.965	3.49996 	-0.149875 	-2.42454 	-0.00341668 	-0.173261 	-0.000782724 	
1.97	3.50146 	-0.156226 	-2.42194 	-0.00359266 	-0.173262 	-0.000588319 	
1.975	3.50135 	-0.157949 	-2.42198 	-0.00363097 	-0.173269 	-0.000520424 	
1.98	3.50106 	-0.15931 	-2.42246 	-0.00365356 	-0.173278 	-0.000453905 	
1.985	3.50063 	-0.160396 	-2.42327 	-0.00366452 	-0.17329 	-0.000388886 	
1.99	3.50192 	-0.153271 	-2.42203 	-0.00352712 	-0.173301 	-0.000705267 	
1.995	3.50169 	-0.151769 	-2.42225 	-0.00350298 	-0.173314 	-0.000780011 	
2	3.50122 	-0.150862 	-2.42273 	-0.00349103 	-0.17333 	-0.000829593 	
2.005	3.50061 	-0.1504 	-2.42346 	-0.00348725 	-0.173349 	-0.000858937 	
2.01	3.50249 	-0.158417 	-2.42093 	-0.00369862 	-0.173338 	-0.000598996 	
2.015	3.50247 	-0.16072 	-2.42107 	-0.00374269 	-0.173332 	-0.000497321 	
2.02	3.5022 	-0.162448 	-2.42163 	-0.00376505 	-0.173331 	-0.000402702 	
2.025	3.50211 	-0.154845 	-2.42237 	-0.0035985 	-0.173345 	-0.000705704 	
2.03	3.50159 	-0.153362 	-2.42321 	-0.00356618 	-0.173362 	-0.000764306 	
2.035	3.50098 	-0.15244 	-2.42422 	-0.00354612 	-0.173383 	-0.000800627 	
2.04	3.50032 	-0.15194 	-2.42539 	-0.00353464 	-0.173408 	-0.000819221 	
2.045	3.502 	-0.158682 	-2.42301 	-0.00372462 	-0.173404 	-0.000615444 	
2.05	3.50197 	-0.160567 	-2.42334 	-0.00376016 	-0.173407 	-0.000529405 	
2.055	3.50177 	-0.161979 	-2.42408 	-0.00377646 	-0.173414 	-0.000447408 	
2.06	3.50107 	-0.155345 	-2.42627 	-0.00361975 	-0.173445 	-0.000692358 	
2.065	3.50054 	-0.154029 	-2.42773 	-0.00358572 	-0.173477 	-0.000734754 	
2.07	3.49999 	-0.153213 	-2.42924 	-0.00356299 	-0.173513 	-0.000757944 	
2.075	3.49945 	-0.152777 	-2.43079 	-0.00354837 	-0.173552 	-0.000765983 	
2.08	3.49894 	-0.152626 	-2.4324 	-0.00353946 	-0.173595 	-0.000762085 	
2.085	3.50122 	-0.15913 	-2.42942 	-0.0037539 	-0.173603 	-0.000608386 	
2.09	3.50149 	-0.160989 	-2.42966 	-0.00379464 	-0.173617 	-0.000529995 	
2.095	3.50157 	-0.162346 	-2.43035 	-0.00381289 	-0.173634 	-0.000453317 	
2.1	3.50006 	-0.155119 	-2.43525 	-0.003609 	-0.173699 	-0.00066963 	
2.105	3.49956 	-0.153627 	-2.43763 	-0.00356245 	-0.173756 	-0.000705099 	
2.11	3.4991 	-0.152691 	-2.4398 	-0.00353087 	-0.173816 	-0.00072313 	
2.115	3.49868 	-0.152176 	-2.44183 	-0.00351029 	-0.173876 	-0.000727483 	
2.12	3.50064 	-0.158353 	-2.43919 	-0.0037275 	-0.173896 	-0.00059789 	
2.125	3.50092 	-0.159983 	-2.43964 	-0.00376537 	-0.173925 	-0.000530266 	
2.13	3.50109 	-0.161173 	-2.44048 	-0.00378196 	-0.173956 	-0.000462214 	
2.135	3.49961 	-0.154823 	-2.44599 	-0.00359065 	-0.174042 	-0.000632506 	
2.14	3.49927 	-0.153531 	-2.44865 	-0.0035456 	-0.174116 	-0.000654791 	
2.145	3.49898 	-0.152734 	-2.45102 	-0.00351431 	-0.174189 	-0.000662332 	
2.15	3.49873 	-0.152314 	-2.45319 	-0.00349321 	-0.174262 	-0.000658362 	
2.155	3.49855 	-0.152176 	-2.45522 	-0.00347955 	-0.174336 	-0.000645383 	
2.16	3.50038 	-0.158121 	-2.45303 	-0.00372644 	-0.174373 	-0.000570449 	
2.165	3.5008 	-0.159726 	-2.45358 	-0.00377192 	-0.174416 	-0.000513155 	
2.17	3.50114 	-0.160856 	-2.4545 	-0.00379202 	-0.174461 	-0.000452273 	
2.175	3.49955 	-0.153986 	-2.46153 	-0.00354692 	-0.17458 	-0.000580793 	
2.18	3.49936 	-0.152564 	-2.46472 	-0.00348903 	-0.174675 	-0.000593304 	
2.185	3.4992 	-0.151692 	-2.46745 	-0.00344935 	-0.174767 	-0.000594074 	
2.19	3.49909 	-0.151235 	-2.46985 	-0.00342321 	-0.174856 	-0.000585595 	
2.195	3.50049 	-0.156895 	-2.46843 	-0.00367506 	-0.174906 	-0.000535737 	
2.2	3.50086 	-0.158301 	-2.46928 	-0.00371814 	-0.174963 	-0.000488287 	
2.205	3.50121 	-0.159287 	-2.4704 	-0.00373687 	-0.175021 	-0.000435153 	
2.21	3.49987 	-0.153255 	-2.47725 	-0.00350764 	-0.175151 	-0.000526827 	
2.215	3.49982 	-0.152029 	-2.48044 	-0.00345253 	-0.175256 	-0.000528952 	
2.22	3.4998 	-0.151294 	-2.48315 	-0.00341423 	-0.175356 	-0.000521465 	
2.225	3.49983 	-0.150931 	-2.48553 	-0.00338847 	-0.175452 	-0.000506413 	
2.23	3.49992 	-0.150847 	-2.48768 	-0.00337189 	-0.175546 	-0.000485372 	
2.235	3.50072 	-0.156254 	-2.48788 	-0.00365858 	-0.175621 	-0.000497998 	
2.24	3.50109 	-0.157611 	-2.48914 	-0.00371071 	-0.175695 	-0.000464386 	
2.245	3.50148 	-0.158509 	-2.49051 	-0.0037334 	-0.175767 	-0.000420581 	
2.25	3.50044 	-0.152014 	-2.49729 	-0.00344216 	-0.175915 	-0.000456539 	
2.255	3.50052 	-0.150685 	-2.50053 	-0.00337277 	-0.176031 	-0.000445524 	
2.26	3.50063 	-0.149906 	-2.50326 	-0.00332555 	-0.17614 	-0.000429048 	
2.265	3.50079 	-0.149539 	-2.50563 	-0.00329478 	-0.176244 	-0.000408041 	
2.27	3.50119 	-0.154696 	-2.50695 	-0.00358828 	-0.176334 	-0.000446848 	
2.275	3.50151 	-0.15588 	-2.50858 	-0.00363814 	-0.17642 	-0.000422061 	
2.28	3.50187 	-0.156654 	-2.51018 	-0.00365951 	-0.176503 	-0.000385073 	
2.285	3.50111 	-0.150961 	-2.51619 	-0.00338812 	-0.17665 	-0.000393916 	
2.29	3.50127 	-0.14982 	-2.51921 	-0.00332268 	-0.176768 	-0.000375246 	
2.295	3.50147 	-0.149171 	-2.52176 	-0.00327767 	-0.176879 	-0.000352516 	
2.3	3.50171 	-0.148892 	-2.524 	-0.00324781 	-0.176984 	-0.000326377 	
2.305	3.50164 	-0.153159 	-2.52689 	-0.00351817 	-0.177093 	-0.000393852 	
2.31	3.50191 	-0.154111 	-2.52895 	-0.00356255 	-0.177192 	-0.000377436 	
2.315	3.50223 	-0.154717 	-2.53081 	-0.00358035 	-0.177286 	-0.000346963 	
2.32	3.5026 	-0.155083 	-2.53255 	-0.0035794 	-0.177377 	-0.000306648 	
2.325	3.50185 	-0.148439 	-2.53931 	-0.0032578 	-0.177549 	-0.000312298 	
2.33	3.50204 	-0.146974 	-2.54258 	-0.00317607 	-0.177681 	-0.000294446 	
2.335	3.50223 	-0.146144 	-2.54525 	-0.00312262 	-0.177803 	-0.000274117 	
2.34	3.50247 	-0.151202 	-2.54706 	-0.00341332 	-0.177903 	-0.000313866 	
2.345	3.50276 	-0.152245 	-2.54884 	-0.00345729 	-0.178 	-0.000291254 	
2.35	3.50311 	-0.152943 	-2.55048 	-0.00347602 	-0.178093 	-0.000256773 	
2.355	3.50352 	-0.153398 	-2.55205 	-0.00347688 	-0.178183 	-0.000214021 	
2.36	3.50243 	-0.147032 	-2.5599 	-0.00319368 	-0.178365 	-0.00025616 	
2.365	3.50255 	-0.145624 	-2.56341 	-0.00312136 	-0.178502 	-0.000247615 	
2.37	3.50268 	-0.144807 	-2.5662 	-0.00307334 	-0.178627 	-0.000233403 	
2.375	3.50283 	-0.144433 	-2.5685 	-0.00304324 	-0.178743 	-0.000214444 	
2.38	3.50325 	-0.150597 	-2.56975 	-0.00338846 	-0.178846 	-0.000247262 	
2.385	3.50359 	-0.152018 	-2.5712 	-0.00344951 	-0.178941 	-0.00021962 	
2.39	3.50397 	-0.152932 	-2.57259 	-0.00347671 	-0.17903 	-0.000179692 	
2.395	3.50299 	-0.146258 	-2.57931 	-0.00315609 	-0.179195 	-0.000193527 	
2.4	3.5031 	-0.144908 	-2.58239 	-0.00308049 	-0.179323 	-0.000176591 	
2.405	3.50324 	-0.144124 	-2.58488 	-0.00302922 	-0.179441 	-0.000155694 	
2.41	3.50342 	-0.143765 	-2.58697 	-0.00299595 	-0.179551 	-0.000131377 	
2.415	3.50333 	-0.148988 	-2.58956 	-0.00331532 	-0.179663 	-0.000192845 	
2.42	3.50356 	-0.150139 	-2.59136 	-0.0033688 	-0.179762 	-0.000173743 	
2.425	3.50383 	-0.150859 	-2.59295 	-0.00339094 	-0.179855 	-0.000140615 	
2.43	3.50319 	-0.145057 	-2.59808 	-0.00309493 	-0.180001 	-0.000129956 	
2.435	3.50331 	-0.14389 	-2.60067 	-0.00302328 	-0.180119 	-0.000106184 	
2.44	3.50347 	-0.143232 	-2.60282 	-0.00297406 	-0.180228 	-7.96022e-05 	
2.445	3.50368 	-0.142956 	-2.6047 	-0.00294146 	-0.180332 	-5.05337e-05 	
2.45	3.50321 	-0.147269 	-2.60833 	-0.00323464 	-0.180451 	-0.000138273 	
2.455	3.50334 	-0.148187 	-2.61039 	-0.00328203 	-0.180553 	-0.000127222 	
2.46	3.50351 	-0.148744 	-2.61214 	-0.00330036 	-0.180647 	-0.000100578 	
2.465	3.50374 	-0.149053 	-2.61369 	-0.00329826 	-0.180736 	-6.29865e-05 	
2.47	3.50319 	-0.142305 	-2.61858 	-0.00294869 	-0.180888 	-4.70964e-05 	
2.475	3.5033 	-0.140834 	-2.62107 	-0.00286019 	-0.181006 	-2.33726e-05 	
2.48	3.50342 	-0.140021 	-2.62315 	-0.00280264 	-0.181114 	1.34364e-06 	
2.485	3.50328 	-0.145142 	-2.62534 	-0.00311801 	-0.181212 	-5.96022e-05 	
2.49	3.50342 	-0.14617 	-2.62698 	-0.00316554 	-0.181303 	-4.24341e-05 	
2.495	3.50359 	-0.146839 	-2.62844 	-0.00318557 	-0.181387 	-1.20802e-05 	
2.5	3.50381 	-0.147256 	-2.6298 	-0.0031861 	-0.181469 	2.75627e-05 	
2.505	3.50298 	-0.14081 	-2.63496 	-0.00287878 	-0.181611 	3.85936e-06 	
2.51	3.50298 	-0.139415 	-2.63746 	-0.00280135 	-0.181723 	1.68093e-05 	
2.515	3.50299 	-0.138632 	-2.63952 	-0.0027506 	-0.181825 	3.41034e-05 	
2.52	3.50319 	-0.143473 	-2.6406 	-0.00302708 	-0.181908 	6.96523e-06 	
2.525	3.50332 	-0.144484 	-2.64188 	-0.00306806 	-0.181988 	3.09157e-05 	
2.53	3.5035 	-0.145169 	-2.64311 	-0.00308479 	-0.182064 	6.55154e-05 	
2.535	3.5037 	-0.145625 	-2.64433 	-0.0030843 	-0.182138 	0.000107628 	
2.54	3.50392 	-0.145925 	-2.64556 	-0.00307184 	-0.18221 	0.000154927 	
2.545	3.50266 	-0.138321 	-2.65187 	-0.00276295 	-0.182359 	5.03763e-05 	
2.55	3.5025 	-0.136555 	-2.65466 	-0.00268382 	-0.182471 	3.83709e-05 	
2.555	3.50233 	-0.135516 	-2.65689 	-0.00263344 	-0.182573 	3.61217e-05 	
2.56	3.5034 	-0.142113 	-2.65571 	-0.00294819 	-0.182631 	8.01374e-05 	
2.565	3.50363 	-0.143568 	-2.65634 	-0.00299863 	-0.182694 	0.000121479 	
2.57	3.50386 	-0.144578 	-2.65711 	-0.00302146 	-0.182755 	0.00016948 	
2.575	3.50407 	-0.145266 	-2.65803 	-0.00302454 	-0.182814 	0.000221978 	
2.58	3.50267 	-0.137399 	-2.6638 	-0.00272213 	-0.182942 	8.78368e-05 	
2.585	3.50241 	-0.135649 	-2.66631 	-0.00264853 	-0.18304 	6.86108e-05 	
2.59	3.50214 	-0.134601 	-2.66835 	-0.00260108 	-0.18313 	6.14195e-05 	
2.595	3.50342 	-0.140831 	-2.66666 	-0.00288008 	-0.183176 	0.000127497 	
2.6	3.50364 	-0.142221 	-2.6671 	-0.00292324 	-0.183228 	0.000172971 	
2.605	3.50381 	-0.143206 	-2.66775 	-0.00294197 	-0.183279 	0.000223484 	
2.61	3.50395 	-0.143898 	-2.66858 	-0.00294322 	-0.18333 	0.000277349 	
2.615	3.50275 	-0.138039 	-2.67059 	-0.00271682 	-0.183392 	0.000179815 	
2.62	3.50302 	-0.137573 	-2.67112 	-0.00267514 	-0.183447 	0.000205245 	
2.625	-1.78001 	2.66301 	9.57783 	-0.189994 	0.294366 	-0.0573442 	
2.63	-0.805226 	2.26023 	7.96488 	-0.171394 	0.22533 	-0.0368214 	
2.635	-0.82159 	2.29593 	8.3906 	-0.1832 	0.238966 	-0.0272527 	
2.64	-0.774089 	2.37589 	8.77783 	-0.193285 	0.249443 	-0.0211471 	
2.645	-1.08452 	2.07638 	9.43333 	-0.169387 	0.27633 	0.0113946 	
2.65	-1.19486 	2.05018 	9.90844 	-0.165594 	0.29261 	0.0141865 	
2.655	-1.26931 	1.86524 	10.2806 	-0.147829 	0.305754 	0.0146243 	
2.66	-0.838828 	1.59963 	11.3039 	-0.116513 	0.3257 	0.00669296 	
2.665	-0.915656 	1.53904 	11.1727 	-0.108936 	0.324301 	-0.00410482 	
2.67	-0.616889 	1.56934 	10.8918 	-0.118173 	0.31011 	0.00209463 	
2.675	-0.308953 	1.44729 	10.584 	-0.108519 	0.294206 	0.00195474 	
2.68	-0.432187 	1.14095 	10.7676 	-0.078098 	0.302537 	0.00426333 	
2.685	-0.517585 	1.00505 	10.9026 	-0.0630047 	0.30868 	-0.000700631 	
2.69	-0.584198 	0.880134 	11.0097 	-0.0495848 	0.313535 	-0.00363948 	
2.695	-0.644522 	0.779011 	11.1044 	-0.0386065 	0.317863 	-0.00614247 	
2.7	-0.702855 	0.703833 	11.1924 	-0.0301955 	0.321934 	-0.00826068 	
2.705	-0.759927 	0.651024 	11.2751 	-0.024065 	0.325809 	-0.00980109 	
2.71	-0.81289 	0.612913 	11.35 	-0.0196239 	0.329341 	-0.0103622 	
2.715	-0.860259 	0.584606 	11.4161 	-0.0165686 	0.332473 	-0.00954192 	
2.72	-0.904001 	0.564825 	11.4753 	-0.0146392 	0.33531 	-0.00786176 	
2.725	-0.942231 	0.548409 	11.526 	-0.0130854 	0.337742 	-0.00622801 	
2.73	-0.975573 	0.534717 	11.5691 	-0.0117961 	0.339818 	-0.00479965 	
2.735	-1.00508 	0.523874 	11.6061 	-0.0107885 	0.341607 	-0.00351049 	
2.74	-1.01884 	0.542658 	11.6235 	-0.0113324 	0.34235 	-0.00786866 	
2.745	-1.03655 	0.561578 	11.6444 	-0.012151 	0.343312 	-0.0108602 	
2.75	-1.05245 	0.58009 	11.6623 	-0.0130042 	0.344144 	-0.0135887 	
2.755	-1.06639 	0.596877 	11.6772 	-0.0137754 	0.34484 	-0.0160544 	
2.76	-1.07848 	0.611484 	11.6892 	-0.014419 	0.345409 	-0.0182806 	
2.765	-1.0882 	0.624511 	11.698 	-0.0149807 	0.345831 	-0.020336 	
2.77	-1.10903 	0.618688 	11.717 	-0.0140904 	0.346769 	-0.0203886 	
2.775	-1.12556 	0.61723 	11.7313 	-0.0135829 	0.347482 	-0.020774 	
2.78	-1.14099 	0.616706 	11.7441 	-0.0131947 	0.34813 	-0.0211123 	
2.785	-1.1555 	0.616967 	11.7556 	-0.012905 	0.348723 	-0.0214124 	
2.79	-1.16913 	0.617905 	11.7661 	-0.0127034 	0.349265 	-0.0216765 	
2.795	-1.18195 	0.619365 	11.7755 	-0.0125732 	0.349761 	-0.021908 	
2.8	-1.19399 	0.621227 	11.7839 	-0.0125028 	0.350213 	-0.0221082 	
2.805	-1.2053 	0.623365 	11.7914 	-0.0124789 	0.350623 	-0.0222793 	
2.81	-1.21592 	0.625652 	11.7982 	-0.0124867 	0.350996 	-0.0224244 	
2.815	-1.22585 	0.628057 	11.804 	-0.0125253 	0.351331 	-0.0225429 	
2.82	-1.2352 	0.630492 	11.8092 	-0.0125833 	0.351635 	-0.0226381 	
2.825	-1.24395 	0.632973 	11.8137 	-0.0126647 	0.351905 	-0.022709 	
2.83	-0.925769 	0.146557 	11.3946 	0.0382568 	0.330928 	-0.0239388 	
2.835	-0.674383 	-0.143633 	11.0892 	0.0657105 	0.315589 	-0.0221288 	
2.84	-0.888175 	0.570704 	11.8201 	-0.0134862 	0.34354 	-0.00926361 	
2.845	-0.780658 	0.864018 	11.5179 	-0.0456553 	0.332528 	-0.00506256 	
2.85	-0.72837 	0.748076 	11.4252 	-0.0310689 	0.328047 	-0.00724879 	
2.855	-0.628017 	0.200694 	11.186 	0.0314494 	0.317275 	-0.0161617 	
2.86	-0.544204 	-0.211099 	11.0222 	0.0721556 	0.310005 	-0.0186173 	
2.865	-0.461982 	-0.580895 	10.8766 	0.106111 	0.30336 	-0.0193878 	
2.87	-0.397758 	-0.889297 	10.7539 	0.135295 	0.297789 	-0.020529 	
2.875	-0.863779 	0.0965458 	12.2523 	0.0286792 	0.35353 	-0.00410254 	
2.88	-0.715653 	0.420364 	11.7273 	-0.00673441 	0.334851 	-0.00064617 	
2.885	-0.676862 	0.763634 	11.576 	-0.0424908 	0.329647 	0.00273512 	
2.89	-0.444338 	0.715927 	10.6703 	-0.0623803 	0.299953 	0.0163582 	
2.895	-0.43567 	0.142812 	10.7141 	0.0108688 	0.299108 	0.00238642 	
2.9	-0.391874 	-0.256778 	10.6233 	0.054441 	0.294818 	-0.00280515 	
2.905	-0.166502 	-0.309889 	10.3865 	0.0612331 	0.282023 	-0.00542934 	
2.91	0.140718 	-0.241805 	10.0481 	0.0508083 	0.264682 	-0.00445461 	
2.915	-1.41897 	0.262789 	11.6126 	0.018419 	0.338549 	-0.0094837 	
2.92	-1.27693 	0.411441 	11.4681 	-0.00349973 	0.328149 	0.00732556 	
2.925	-1.37318 	0.541704 	11.553 	-0.0183288 	0.329129 	0.0158166 	
2.93	-1.42553 	0.874986 	11.6557 	-0.051294 	0.339455 	0.0189922 	
2.935	-1.45126 	1.08503 	11.7085 	-0.0725242 	0.344663 	0.0227238 	
2.94	-1.47634 	0.895998 	11.682 	-0.0527195 	0.336649 	0.0184811 	
2.945	-1.49863 	0.811454 	11.6743 	-0.0436675 	0.332345 	0.016125 	
2.95	-1.51823 	0.741301 	11.6675 	-0.0361266 	0.328675 	0.0140459 	
2.955	-1.53562 	0.683396 	11.6617 	-0.0298894 	0.325556 	0.0122673 	
2.96	-1.53441 	1.02003 	11.7146 	-0.063993 	0.334907 	0.0172658 	
2.965	-1.60381 	1.17981 	11.8139 	-0.0794396 	0.343048 	0.0187279 	
2.97	-1.53584 	1.06682 	11.7687 	-0.0668562 	0.34196 	0.0125808 	
2.975	-1.49936 	1.01886 	11.7509 	-0.0610916 	0.342419 	0.00875784 	
2.98	-1.43241 	0.986548 	11.7008 	-0.057403 	0.341487 	0.00632995 	
2.985	-1.87398 	0.802821 	12.1512 	-0.0338386 	0.361258 	-0.00457541 	
2.99	-1.69991 	0.82329 	11.9871 	-0.0367756 	0.355055 	-0.00388624 	
2.995	-1.64037 	0.806357 	11.934 	-0.0349463 	0.353379 	-0.00500006 	
3	-1.58995 	0.790531 	11.8884 	-0.0332746 	0.351934 	-0.00580131 	
3.005	-1.86022 	0.506312 	12.1381 	-0.00138094 	0.359048 	-0.00685492 	
3.01	-1.74889 	0.575939 	12.0141 	-0.00991515 	0.353418 	-0.00536274 	
3.015	-1.73834 	0.593527 	11.9834 	-0.0132234 	0.351127 	0.000113085 	
3.02	-1.74049 	0.615327 	11.9649 	-0.0170748 	0.349423 	0.00651484 	
3.025	-1.74562 	0.636674 	11.9503 	-0.0206974 	0.347947 	0.0123241 	
3.03	-1.74445 	0.651876 	11.933 	-0.0232651 	0.34654 	0.0162842 	
3.035	-1.69809 	0.677338 	11.8962 	-0.0242798 	0.345899 	0.00966893 	
3.04	-1.58709 	0.852311 	11.7871 	-0.0424377 	0.342878 	0.00597069 	
3.045	-1.59312 	0.896716 	11.7867 	-0.0447562 	0.342436 	-0.000396275 	
3.05	-1.62871 	0.677549 	11.7715 	-0.0181291 	0.338568 	-0.014594 	
3.055	-1.65179 	0.753357 	11.7488 	-0.0264948 	0.333141 	-0.0125652 	
3.06	-1.63147 	0.745922 	11.7309 	-0.0256843 	0.332959 	-0.013296 	
3.065	-1.56467 	0.676521 	11.6686 	-0.0211662 	0.329564 	-0.00401329 	
3.07	-1.57022 	0.690058 	11.6718 	-0.0222874 	0.330094 	-0.00546764 	
3.075	-1.57168 	0.729176 	11.6766 	-0.0272334 	0.33081 	-0.00290117 	
3.08	-1.54421 	0.38513 	11.5878 	0.00827525 	0.323899 	-0.00928872 	
3.085	-1.56778 	0.329954 	11.5529 	0.0129749 	0.317253 	-0.00715089 	
3.09	-1.59995 	0.389914 	11.5639 	0.00706745 	0.31589 	-0.00731555 	
3.095	-1.63058 	0.497346 	11.5733 	-0.00297833 	0.314592 	-0.00946342 	
3.1	-1.66774 	0.575609 	11.5943 	-0.0119255 	0.314694 	-0.00441497 	
3.105	-1.67562 	0.488672 	11.5878 	0.000616506 	0.314809 	-0.0176873 	
3.11	-1.72706 	0.699216 	11.6131 	-0.0214618 	0.313673 	-0.0127567 	
3.115	-1.73159 	0.749967 	11.609 	-0.0259245 	0.312847 	-0.0150282 	
3.12	-1.77802 	0.904902 	11.6304 	-0.0417418 	0.312098 	-0.0123392 	
3.125	-1.75958 	0.858283 	11.6091 	-0.0363683 	0.310932 	-0.0155959 	
3.13	-1.75485 	0.850564 	11.5973 	-0.0351495 	0.31 	-0.0173902 	
3.135	-1.7512 	0.84369 	11.5865 	-0.0340825 	0.309159 	-0.0189019 	
3.14	-1.64701 	0.490421 	11.4379 	-0.00053561 	0.300595 	-0.017532 	
3.145	-1.60855 	0.494456 	11.4434 	-0.00168212 	0.304701 	-0.0138866 	
3.15	-1.64024 	0.527106 	11.4775 	-0.00528646 	0.306857 	-0.0124332 	
3.155	-1.651 	0.53387 	11.4969 	-0.00616163 	0.309 	-0.0116554 	
3.16	-1.65828 	0.540779 	11.5107 	-0.0072069 	0.310642 	-0.0103606 	
3.165	-1.637 	0.510227 	11.5159 	-0.00454207 	0.313717 	-0.0094072 	
3.17	-1.70194 	0.45806 	11.6182 	0.000587705 	0.314608 	-0.00767439 	
3.175	-1.66338 	0.502975 	11.5902 	-0.00387964 	0.317338 	-0.00805767 	
3.18	-1.69787 	0.597049 	11.5809 	-0.0124108 	0.314122 	-0.0107713 	
3.185	-1.65988 	0.555426 	11.5645 	-0.00914318 	0.316293 	-0.00790716 	
3.19	-1.69702 	0.655317 	11.5599 	-0.0180783 	0.313387 	-0.0113029 	
3.195	-1.70082 	0.619486 	11.549 	-0.0148612 	0.312546 	-0.0101875 	
3.2	-1.67269 	0.646567 	11.5471 	-0.0179843 	0.315716 	-0.00906058 	
3.205	-1.68252 	0.640783 	11.5554 	-0.0181366 	0.316672 	-0.00600679 	
3.21	-1.68844 	0.619681 	11.5503 	-0.0162169 	0.316361 	-0.00541002 	
3.215	-1.73401 	0.796966 	11.5987 	-0.03595 	0.320442 	0.00439605 	
3.22	-1.74024 	0.828073 	11.608 	-0.0391745 	0.322033 	0.0057215 	
3.225	-1.71863 	0.753057 	11.5912 	-0.0309408 	0.322183 	0.00172888 	
3.23	-1.70726 	0.712503 	11.5823 	-0.0264689 	0.322598 	-0.000378672 	
3.235	-1.6982 	0.678828 	11.5744 	-0.0227181 	0.322928 	-0.00216313 	
3.24	-1.6692 	0.564738 	11.5288 	-0.0110149 	0.320732 	-0.00509198 	
3.245	-1.67308 	0.574917 	11.5383 	-0.0123387 	0.32203 	-0.00374216 	
3.25	-1.67222 	0.566734 	11.5386 	-0.0118668 	0.322696 	-0.00249417 	
3.255	-1.67172 	0.55933 	11.5379 	-0.0113745 	0.323198 	-0.00160539 	
3.26	-1.66874 	0.550542 	11.5366 	-0.0107208 	0.32383 	-0.000849937 	
3.265	-1.66651 	0.540123 	11.5344 	-0.0100436 	0.324301 	0.000424206 	
3.27	-1.66487 	0.530671 	11.5321 	-0.0094627 	0.324691 	0.00172006 	
3.275	-1.66383 	0.522344 	11.5296 	-0.00894322 	0.32501 	0.00287289 	
3.28	-1.66326 	0.515339 	11.527 	-0.00847095 	0.325268 	0.00372111 	
3.285	-1.66316 	0.5094 	11.5244 	-0.00806192 	0.325483 	0.00442165 	
3.29	-1.66521 	0.504517 	11.5206 	-0.00739276 	0.32534 	0.00382441 	
3.295	-1.66696 	0.499788 	11.5173 	-0.0068869 	0.325288 	0.0037733 	
3.3	-1.66864 	0.494781 	11.5139 	-0.0063827 	0.325229 	0.00381775 	
3.305	-1.67248 	0.497117 	11.5113 	-0.00630756 	0.325085 	0.00281478 	
3.31	-1.57128 	0.168869 	11.3697 	0.0248957 	0.317307 	0.00355485 	
3.315	-1.6196 	0.287793 	11.4177 	0.0138081 	0.319285 	0.00254518 	
3.32	-1.82862 	0.521751 	11.6735 	-0.00204189 	0.32643 	-0.0175343 	
3.325	-1.74038 	0.353199 	11.5324 	0.0137198 	0.319631 	-0.0181833 	
3.33	-1.63623 	0.0670127 	11.399 	0.0394629 	0.31368 	-0.0135447 	
3.335	-1.56228 	-0.125088 	11.2955 	0.0575562 	0.308571 	-0.0139412 	
3.34	-1.6392 	0.023022 	11.3421 	0.0425477 	0.308068 	-0.0109802 	
3.345	-1.67772 	0.0864108 	11.3549 	0.0358176 	0.306916 	-0.00882331 	
3.35	-1.70988 	0.137325 	11.3645 	0.0303782 	0.305915 	-0.0069565 	
3.355	-1.7343 	0.17123 	11.3693 	0.0266446 	0.305015 	-0.00531234 	
3.36	-1.78136 	0.207205 	11.3997 	0.0206924 	0.305984 	0.0047728 	
3.365	-1.63406 	-0.0815027 	11.2439 	0.0488104 	0.300242 	0.000655958 	
3.37	-1.70807 	0.235633 	11.3464 	0.0170655 	0.308274 	0.00573988 	
3.375	-1.74048 	0.42931 	11.3921 	-0.0019741 	0.312428 	0.00712876 	
3.38	-1.75263 	0.543695 	11.4205 	-0.013069 	0.315867 	0.00736368 	
3.385	-1.73083 	0.503009 	11.4185 	-0.00856836 	0.317741 	0.00527434 	
3.39	-1.76828 	0.656348 	11.4554 	-0.0239504 	0.320267 	0.00790573 	
3.395	-1.74127 	0.597034 	11.4408 	-0.017005 	0.320843 	0.00313311 	
3.4	-1.72871 	0.577877 	11.4357 	-0.0144136 	0.32159 	0.000320705 	
3.405	-1.71856 	0.561698 	11.4309 	-0.0122122 	0.322205 	-0.00206864 	
3.41	-1.70781 	0.537725 	11.4198 	-0.00934207 	0.322038 	-0.00436093 	
3.415	-1.72894 	0.543661 	11.4303 	-0.0102661 	0.321854 	-0.00243955 	
3.42	-1.71226 	0.517052 	11.416 	-0.00706788 	0.321875 	-0.00519393 	
3.425	-1.70459 	0.500416 	11.4074 	-0.00506081 	0.321841 	-0.00683987 	
3.43	-1.69817 	0.516096 	11.3988 	-0.00589821 	0.321661 	-0.00965999 	
3.435	-1.7016 	0.546872 	11.4034 	-0.00849574 	0.322414 	-0.0109682 	
3.44	-1.72546 	0.532686 	11.4149 	-0.00828709 	0.322551 	-0.00588861 	
3.445	-1.74123 	0.502545 	11.4215 	-0.00635372 	0.322729 	-0.00162467 	
3.45	-1.7512 	0.505987 	11.4199 	-0.00663945 	0.322094 	-0.00172273 	
3.455	-1.76044 	0.504037 	11.4189 	-0.00653206 	0.321637 	-0.00128868 	
3.46	-1.76782 	0.503587 	11.4183 	-0.00656157 	0.321419 	-0.000859967 	
3.465	-1.77488 	0.503022 	11.4172 	-0.00656967 	0.32117 	-0.000499062 	
3.47	-1.81062 	0.732069 	11.4465 	-0.0285682 	0.323063 	-0.000881063 	
3.475	-1.81404 	0.657363 	11.4332 	-0.0212924 	0.321249 	-0.000717331 	
3.48	-1.8193 	0.642227 	11.4303 	-0.0197964 	0.320857 	-0.000487868 	
3.485	-1.82903 	0.648624 	11.4367 	-0.0208661 	0.321565 	0.00177009 	
3.49	-1.83556 	0.691437 	11.4567 	-0.0260131 	0.324709 	0.00621188 	
3.495	-1.8257 	0.682949 	11.4559 	-0.0254071 	0.326175 	0.00716772 	
3.5	-1.76879 	0.671447 	11.4526 	-0.0249602 	0.331167 	0.00889905 	
3.505	-1.73896 	0.641255 	11.4521 	-0.0216364 	0.334104 	0.00737692 	
3.51	-1.71396 	0.627296 	11.4523 	-0.0201995 	0.336904 	0.00704512 	
3.515	-1.65706 	0.565329 	11.4159 	-0.014095 	0.337917 	0.00711557 	
3.52	-1.63565 	0.555946 	11.4174 	-0.0131161 	0.340553 	0.00678968 	
3.525	-1.65696 	0.604536 	11.4462 	-0.0181812 	0.342861 	0.00773189 	
3.53	-1.73086 	0.682748 	11.4632 	-0.0270652 	0.340631 	0.0142112 	
3.535	-1.74788 	0.614955 	11.4367 	-0.0186852 	0.335598 	0.0068959 	
3.54	-1.96771 	0.862937 	11.7173 	-0.0403039 	0.346449 	0.00565273 	
3.545	-1.94501 	0.871165 	11.6441 	-0.0430206 	0.342365 	0.0113987 	
3.55	-1.96022 	0.908137 	11.6315 	-0.0474692 	0.340939 	0.014819 	
3.555	-1.87265 	0.669448 	11.5419 	-0.0216906 	0.336404 	0.00353681 	
3.56	-1.84637 	0.575229 	11.4999 	-0.0115275 	0.3338 	-0.0011138 	
3.565	-1.817 	0.488089 	11.4582 	-0.00233232 	0.331307 	-0.00469176 	
3.57	-1.81869 	0.490061 	11.4419 	-0.00297537 	0.329931 	-0.00358753 	
3.575	-1.82017 	0.474066 	11.4188 	-0.00155664 	0.327989 	-0.00390285 	
3.58	-1.81768 	0.45436 	11.3992 	0.000316357 	0.326501 	-0.00437503 	
3.585	-1.85283 	0.549864 	11.4142 	-0.00983205 	0.326185 	-0.000605393 	
3.59	-1.83778 	0.512376 	11.3954 	-0.00610973 	0.325577 	-0.00145132 	
3.595	-1.72335 	0.653449 	11.3465 	-0.0247614 	0.328639 	0.013207 	
3.6	-1.7596 	0.587495 	11.3476 	-0.0166904 	0.326565 	0.00797805 	
3.605	-1.833 	0.762346 	11.3896 	-0.0343796 	0.32741 	0.0126181 	
3.61	-1.81847 	0.684232 	11.3734 	-0.0259624 	0.327082 	0.00906644 	
3.615	-1.78523 	0.690909 	11.3915 	-0.0264885 	0.332859 	0.00820279 	
3.62	-1.75872 	0.676976 	11.3941 	-0.0249068 	0.33615 	0.0073488 	
3.625	-1.73541 	0.662775 	11.3946 	-0.0233273 	0.33887 	0.00665868 	
3.63	-1.71424 	0.648988 	11.3927 	-0.0218191 	0.341083 	0.00614557 	
3.635	-1.70159 	0.637011 	11.3901 	-0.0205095 	0.342403 	0.00574627 	
3.64	-1.68883 	0.626254 	11.3873 	-0.019323 	0.343727 	0.00537093 	
3.645	-1.70507 	0.649344 	11.3889 	-0.0216464 	0.343078 	0.00591753 	
3.65	-1.71757 	0.696501 	11.4001 	-0.0266517 	0.343795 	0.00713461 	
3.655	1.81028 	0.0705953 	11.5468 	0.0303838 	0.690157 	-0.00980378 	
3.66	0.623382 	0.254294 	11.4943 	0.0142045 	0.573435 	-0.00506107 	
3.665	0.202956 	0.307873 	11.4591 	0.00992409 	0.53044 	-0.00476554 	
3.67	-0.152588 	0.331937 	11.4432 	0.00712439 	0.496302 	0.000580552 	
3.675	-0.453532 	0.357026 	11.4272 	0.00454189 	0.467094 	0.00413957 	
3.68	-0.724879 	0.534856 	11.4416 	-0.0126643 	0.445291 	0.00748268 	
3.685	-0.901108 	0.493928 	11.406 	-0.00781265 	0.424329 	0.00522199 	
3.69	-1.06253 	0.490937 	11.3835 	-0.00697136 	0.406753 	0.00430954 	
3.695	-1.20068 	0.488182 	11.3636 	-0.00623657 	0.391724 	0.00353085 	
3.7	-1.31909 	0.485888 	11.3461 	-0.00561586 	0.37887 	0.00286964 	
3.705	-1.4206 	0.48389 	11.3306 	-0.00508247 	0.367871 	0.00230732 	
3.71	-1.5077 	0.482152 	11.3168 	-0.00462374 	0.358454 	0.00182726 	
3.715	-1.58249 	0.480631 	11.3045 	-0.00422819 	0.350385 	0.00141688 	
3.72	-1.64679 	0.479297 	11.2933 	-0.00388655 	0.343467 	0.00106541 	
3.725	-1.70216 	0.478175 	11.2832 	-0.00359618 	0.337532 	0.000765784 	
3.73	-1.74987 	0.477159 	11.2741 	-0.00334182 	0.332434 	0.000507392 	
3.735	-1.83922 	0.704294 	11.303 	-0.0247168 	0.329463 	4.21919e-05 	
3.74	-1.89264 	0.736885 	11.3518 	-0.0287589 	0.331495 	0.0035078 	
3.745	-1.94155 	0.791143 	11.3874 	-0.0344083 	0.332335 	0.0054121 	
3.75	-1.94557 	0.77153 	11.3646 	-0.0321932 	0.329294 	0.00477004 	
3.755	-1.93294 	0.725311 	11.3291 	-0.0296934 	0.325257 	0.0112405 	
3.76	-1.94004 	0.810983 	11.2847 	-0.0352906 	0.318486 	-4.34152e-05 	
3.765	-1.95943 	0.404726 	11.3268 	0.00383676 	0.312249 	0.00055206 	
3.77	-2.02231 	0.711207 	11.3347 	-0.0250078 	0.312926 	0.000192791 	
3.775	-2.02435 	0.740001 	11.344 	-0.0271051 	0.315187 	-0.00277964 	
3.78	-1.97299 	0.690135 	11.3173 	-0.0220356 	0.3176 	-0.00319011 	
3.785	-1.94348 	0.667586 	11.3051 	-0.0197098 	0.320002 	-0.00323364 	
3.79	-1.91679 	0.648324 	11.2936 	-0.0177632 	0.322067 	-0.0031888 	
3.795	-1.89285 	0.631611 	11.2833 	-0.0162366 	0.323892 	-0.00261992 	
3.8	-1.84465 	0.634513 	11.2812 	-0.0168524 	0.329079 	-0.000529868 	
3.805	-1.78689 	0.604019 	11.2729 	-0.0142763 	0.333989 	2.51591e-05 	
3.81	-1.73056 	0.582365 	11.2671 	-0.012499 	0.339096 	0.000665059 	
3.815	-1.67696 	0.56283 	11.262 	-0.0108936 	0.344007 	0.00120875 	
3.82	-1.54587 	0.552636 	11.1875 	-0.00876705 	0.344078 	-0.0072183 	
3.825	-1.71555 	0.72371 	11.2555 	-0.0271337 	0.341202 	0.0038226 	
3.83	-1.63815 	0.178474 	11.1511 	0.0333474 	0.330989 	-0.0104207 	
3.835	-1.69383 	0.312656 	11.1676 	0.0182604 	0.330285 	-0.00735093 	
3.84	-1.72682 	0.334087 	11.1677 	0.0156903 	0.328519 	-0.00658698 	
3.845	-1.75118 	0.362036 	11.1761 	0.0124126 	0.328455 	-0.00531344 	
3.85	-1.77242 	0.383368 	11.1804 	0.00991013 	0.328081 	-0.00444499 	
3.855	-1.70612 	0.391148 	11.1856 	0.0085135 	0.335638 	-0.00350549 	
3.86	-1.71904 	0.414652 	11.1871 	0.00583795 	0.335413 	-0.00224986 	
3.865	-1.81109 	0.541631 	11.2378 	-0.00708821 	0.334745 	-0.000110163 	
3.87	-1.86238 	0.595258 	11.253 	-0.0124704 	0.333047 	0.000802545 	
3.875	-1.87181 	0.592749 	11.2363 	-0.0124077 	0.330727 	0.00168621 	
3.88	-1.81702 	0.559058 	11.2232 	-0.00912899 	0.334521 	0.0012277 	
3.885	-1.85209 	0.58811 	11.2081 	-0.0114373 	0.330018 	-0.000563829 	
3.89	-1.87104 	0.562523 	11.1977 	-0.0091527 	0.327501 	-0.00033604 	
3.895	-1.8809 	0.547001 	11.193 	-0.00767134 	0.326617 	-0.000628277 	
3.9	-1.89148 	0.534133 	11.1874 	-0.00646409 	0.325527 	-0.000833975 	
3.905	-1.91277 	0.530477 	11.1816 	-0.00612717 	0.323484 	-0.00089982 	
3.91	-1.9288 	0.525722 	11.1762 	-0.00567805 	0.321944 	-0.000986875 	
3.915	-1.9167 	0.52389 	11.1771 	-0.00554581 	0.323766 	-0.00105235 	
3.92	-1.96251 	0.535346 	11.1665 	-0.00672321 	0.31901 	-0.000563275 	
3.925	-1.97309 	0.504388 	11.1542 	-0.0043797 	0.317035 	0.0016624 	
3.93	-2.06239 	0.717712 	11.1918 	-0.0250372 	0.315909 	0.00441039 	
3.935	-2.12406 	0.854547 	11.2138 	-0.038311 	0.314763 	0.00647732 	
3.94	-2.07672 	0.74655 	11.1907 	-0.0271601 	0.315897 	0.00271696 	
3.945	-2.07146 	0.710229 	11.1791 	-0.02366 	0.315567 	0.00234253 	
3.95	-2.05199 	0.687738 	11.1816 	-0.0217226 	0.317961 	0.00282867 	
3.955	-2.02306 	0.644956 	11.1658 	-0.0171691 	0.317942 	0.000267088 	
3.96	-2.02172 	0.637278 	11.1655 	-0.0166088 	0.318716 	0.000935928 	
3.965	-2.02036 	0.626488 	11.1564 	-0.0154517 	0.318076 	0.000312414 	
3.97	-2.03417 	0.623765 	11.1518 	-0.0152002 	0.316652 	0.00042311 	
3.975	-2.04315 	0.619806 	11.1467 	-0.0148143 	0.315624 	0.00041681 	
3.98	-2.05105 	0.615889 	11.1415 	-0.0144193 	0.314711 	0.000366705 	
3.985	-2.01538 	0.592661 	11.1396 	-0.0122257 	0.318131 	0.000117847 	
3.99	-1.99273 	0.577028 	11.1371 	-0.0107493 	0.320319 	-3.86895e-05 	
3.995	-1.97384 	0.564741 	11.1348 	-0.00963348 	0.322155 	4.22229e-05 	
4	-1.94861 	0.550412 	11.1331 	-0.00830256 	0.32462 	-3.34324e-05 	
4.005	-1.94044 	0.546297 	11.1282 	-0.00789831 	0.325058 	-0.00034691 	
4.01	-1.93182 	0.540125 	11.1253 	-0.0073319 	0.325869 	-0.000441433 	
4.015	-1.83542 	0.504323 	11.1369 	-0.00399566 	0.336331 	-0.00104633 	
4.02	-1.76234 	0.478073 	11.1435 	-0.00158393 	0.344126 	-0.00152929 	
4.025	-1.69014 	0.453866 	11.1494 	0.000634972 	0.35178 	-0.00197913 	
4.03	2.03343 	-0.0714607 	11.4444 	0.0450867 	0.728493 	-0.0136603 	
4.035	0.608578 	0.171327 	11.3323 	0.0228941 	0.585548 	-0.00458292 	
4.04	0.27361 	0.246002 	11.3384 	0.0161602 	0.554454 	-0.00224118 	
4.045	-0.0824959 	0.236022 	11.3865 	0.0163987 	0.530402 	0.00811702 	
4.05	-0.425498 	0.358762 	11.348 	0.00411798 	0.494358 	0.0113681 	
4.055	-0.562311 	0.362126 	11.3137 	0.00496339 	0.477995 	0.00750823 	
4.06	-0.705688 	0.377223 	11.2859 	0.00418358 	0.461695 	0.00556766 	
4.065	-0.828668 	0.390296 	11.2617 	0.00349677 	0.447747 	0.00392511 	
4.07	-0.870853 	0.393893 	11.2436 	0.00315765 	0.441796 	0.00384709 	
4.075	-1.04989 	0.416362 	11.2186 	0.00170286 	0.422793 	0.00249204 	
4.08	-1.17584 	0.431421 	11.1985 	0.00073681 	0.409193 	0.00152645 	
4.085	-1.28396 	0.445181 	11.1811 	-0.000166527 	0.3976 	0.000704577 	
4.09	-1.47983 	0.645778 	11.1624 	-0.0190563 	0.380387 	0.00336166 	
4.095	-1.62608 	0.643064 	11.1393 	-0.0183487 	0.364351 	0.00221322 	
4.1	-1.60497 	0.604178 	11.1369 	-0.0148329 	0.366339 	0.00143969 	
4.105	-1.60223 	0.556387 	11.1285 	-0.00987419 	0.365195 	-9.26328e-05 	
4.11	-1.59426 	0.520069 	11.12 	-0.00613028 	0.364703 	-0.00145856 	
4.115	-1.58306 	0.488262 	11.1127 	-0.00287949 	0.364778 	-0.00258107 	
4.12	-1.56893 	0.460864 	11.1065 	-9.34898e-05 	0.365354 	-0.00352767 	
4.125	-1.55167 	0.436708 	11.1011 	0.00234401 	0.366369 	-0.00433745 	
4.13	-1.53184 	0.415431 	11.0963 	0.00447406 	0.367763 	-0.00502988 	
4.135	-1.50981 	0.396379 	11.0921 	0.00636476 	0.369466 	-0.00562738 	
4.14	-1.48617 	0.379349 	11.0883 	0.00803949 	0.371407 	-0.00614145 	
4.145	-1.46412 	0.366784 	11.0837 	0.00913222 	0.373182 	-0.00631878 	
4.15	-1.44529 	0.356273 	11.0793 	0.010035 	0.374711 	-0.00644686 	
4.155	-1.42869 	0.347587 	11.0748 	0.0107387 	0.376047 	-0.00648714 	
4.16	-1.41425 	0.340271 	11.0704 	0.0113179 	0.377218 	-0.00649697 	
4.165	-1.40181 	0.333801 	11.0664 	0.0118419 	0.378256 	-0.00652135 	
4.17	-1.36528 	0.321898 	11.067 	0.0130694 	0.38201 	-0.00699155 	
4.175	-1.36505 	0.319716 	11.0618 	0.0131278 	0.381826 	-0.00680978 	
4.18	-1.5079 	0.369428 	11.0467 	0.00872463 	0.36795 	-0.00615391 	
4.185	-1.22807 	0.313826 	11.0696 	0.0137588 	0.396332 	-0.00754915 	
4.19	-1.43677 	0.370868 	11.048 	0.00864497 	0.375708 	-0.00647643 	
4.195	-1.30523 	0.335145 	11.0553 	0.0118816 	0.388651 	-0.00714775 	
4.2	-1.47292 	0.386633 	11.036 	0.00731232 	0.371929 	-0.00670006 	
4.205	-1.28977 	0.34257 	11.0495 	0.0112072 	0.390282 	-0.00733861 	
4.21	-1.14864 	0.313093 	11.0588 	0.0133985 	0.404242 	-0.00637647 	
4.215	-1.36026 	0.368699 	11.0377 	0.00856438 	0.383497 	-0.00589299 	
4.22	-1.47632 	0.400712 	11.0243 	0.00574797 	0.372092 	-0.00557101 	
4.225	-1.37599 	0.364157 	11.0333 	0.0089555 	0.382462 	-0.00545249 	
4.23	-1.27332 	0.338153 	11.0432 	0.0111999 	0.393347 	-0.00556838 	
4.235	-1.36799 	1.05649 	10.9287 	-0.0549004 	0.377032 	-0.0138959 	
4.24	-1.26183 	0.785702 	10.974 	-0.0301116 	0.390539 	-0.0110744 	
4.245	-1.40078 	0.75363 	10.9668 	-0.0269596 	0.377219 	-0.0101204 	
4.25	-1.4203 	0.67724 	10.9686 	-0.0196599 	0.375249 	-0.0101235 	
4.255	-1.26112 	0.159009 	10.6454 	0.0281271 	0.348907 	-0.0135964 	
4.26	-1.17099 	-0.187764 	10.4417 	0.0599522 	0.331337 	-0.0162578 	
4.265	-1.27693 	0.0026255 	10.5736 	0.0416337 	0.338451 	-0.0103439 	
4.27	-1.33051 	0.0639666 	10.6241 	0.0355004 	0.340103 	-0.00735388 	
4.275	-1.37679 	0.116897 	10.6665 	0.0302426 	0.341467 	-0.00482175 	
4.28	-1.41676 	0.161823 	10.702 	0.0257997 	0.342593 	-0.00273844 	
4.285	-1.52747 	0.220014 	10.7298 	0.0204645 	0.336777 	-0.0018336 	
4.29	-1.46243 	0.217695 	10.765 	0.0204989 	0.347094 	-0.00153665 	
4.295	-1.53083 	0.254921 	10.7823 	0.0169998 	0.343599 	-0.00052974 	
4.3	-1.5706 	0.280555 	10.7982 	0.0145846 	0.342461 	0.000177593 	
4.305	-1.60513 	0.302341 	10.8112 	0.0125473 	0.341456 	0.00073622 	
4.31	-1.59305 	0.127068 	10.7128 	0.0313767 	0.330938 	-0.010428 	
4.315	-1.63326 	0.167286 	10.7625 	0.0272415 	0.333964 	-0.00747972 	
4.32	-1.65915 	0.172 	10.7822 	0.0268636 	0.334613 	-0.00693961 	
4.325	-1.68174 	0.176282 	10.7985 	0.0265133 	0.335127 	-0.00648032 	
4.33	-1.6849 	0.178333 	10.8138 	0.0263337 	0.337258 	-0.00612495 	
4.335	-1.68968 	0.180757 	10.8261 	0.0261139 	0.338885 	-0.0058101 	
4.34	-1.69273 	0.183028 	10.8363 	0.0258999 	0.3404 	-0.00554049 	
4.345	-1.58004 	0.179205 	10.8486 	0.0262115 	0.352216 	-0.00656218 	
4.35	-1.62018 	0.183176 	10.8541 	0.0258467 	0.349925 	-0.00592943 	
4.355	-1.63049 	0.185438 	10.8592 	0.0256185 	0.350177 	-0.00563737 	
4.36	-1.63795 	0.187488 	10.8632 	0.0254036 	0.350546 	-0.00538905 	
4.365	-1.64305 	0.189805 	10.8663 	0.0251513 	0.351011 	-0.00518647 	
4.37	-1.64805 	0.195978 	10.8681 	0.0245145 	0.351365 	-0.00509107 	
4.375	-1.65242 	0.203162 	10.869 	0.0237776 	0.351668 	-0.00504775 	
4.38	-1.65586 	0.210672 	10.8687 	0.023009 	0.351907 	-0.00504767 	
4.385	-1.65889 	0.216759 	10.8681 	0.0223785 	0.352134 	-0.00503013 	
4.39	2.7284 	-0.352532 	11.421 	0.0691863 	0.812687 	-0.0156314 	
4.395	1.04113 	0.0923815 	11.2611 	0.0299555 	0.64454 	-0.00959309 	
4.4	0.665893 	0.0590927 	11.1929 	0.0336464 	0.602086 	-0.00913854 	
4.405	0.289895 	0.0826792 	11.1378 	0.0319945 	0.561735 	-0.00831385 	
4.41	-0.0518724 	0.0705147 	11.0925 	0.0325089 	0.526375 	-0.00210385 	
4.415	-0.301178 	0.0882062 	11.042 	0.0265843 	0.498437 	0.0160085 	
4.42	-0.532246 	0.138315 	11.0085 	0.0230678 	0.473693 	0.0135281 	
4.425	-0.794152 	0.193618 	10.9826 	0.0191927 	0.447577 	0.0106631 	
4.43	-0.986793 	0.234147 	10.9608 	0.0162691 	0.428108 	0.00891413 	
4.435	-1.15442 	0.26916 	10.9413 	0.0137453 	0.411171 	0.00742491 	
4.44	-1.29811 	0.299052 	10.9239 	0.0115895 	0.396649 	0.00614746 	
4.445	-1.35239 	0.291383 	10.9144 	0.0127609 	0.390795 	0.00471856 	
4.45	-1.3776 	0.276399 	10.9076 	0.0145258 	0.38787 	0.00341604 	
4.455	-1.39705 	0.265757 	10.9019 	0.0158341 	0.385664 	0.00229728 	
4.46	-1.41306 	0.256726 	10.8964 	0.0169407 	0.383824 	0.00132671 	
4.465	-1.42467 	0.249553 	10.8911 	0.0178802 	0.382422 	0.000351738 	
4.47	-1.43281 	0.242636 	10.8864 	0.0186924 	0.381425 	-0.000352023 	
4.475	-1.43716 	0.236936 	10.8805 	0.019378 	0.380617 	-0.00107171 	
4.48	-1.43938 	0.23199 	10.8756 	0.0199687 	0.380155 	-0.00168862 	
4.485	-1.43966 	0.227861 	10.8708 	0.0204602 	0.379897 	-0.00223595 	
4.49	-1.4394 	0.224257 	10.8677 	0.0208914 	0.379923 	-0.00269652 	
4.495	-1.57884 	0.271295 	10.8514 	0.0167382 	0.366305 	-0.00230635 	
4.5	-1.66308 	0.300499 	10.8402 	0.0141823 	0.358117 	-0.00215465 	
4.505	-1.74971 	0.327491 	10.8282 	0.0118313 	0.349586 	-0.00199234 	
4.51	-1.88956 	0.553992 	10.8601 	-0.00970681 	0.34378 	0.00269592 	
4.515	-1.74029 	0.445692 	10.8565 	0.000393167 	0.356131 	0.000719511 	
4.52	-1.87893 	0.486966 	10.8349 	-0.0031128 	0.341919 	0.000716287 	
4.525	-1.98131 	0.762757 	10.8394 	-0.0285244 	0.336608 	0.00156112 	
4.53	-1.9795 	0.676143 	10.8162 	-0.0207522 	0.333199 	0.00211496 	
4.535	-1.99936 	0.658063 	10.7998 	-0.0192131 	0.329522 	0.00256592 	
4.54	-2.01426 	0.640769 	10.7844 	-0.0177354 	0.326442 	0.00299594 	
4.545	-2.02653 	0.626455 	10.7713 	-0.0165155 	0.323932 	0.00333242 	
4.55	3.32498 	-0.215455 	11.5035 	0.0537027 	0.888033 	-0.010144 	
4.555	1.38576 	0.171929 	11.2689 	0.0199727 	0.688754 	-0.0017095 	
4.56	2.54315 	-0.0310529 	11.4201 	0.0375479 	0.809423 	-0.00650495 	
4.565	1.4261 	0.16922 	11.3568 	0.0195964 	0.707111 	0.00296296 	
4.57	0.831921 	0.455286 	11.2953 	-0.00490861 	0.647373 	0.000480834 	
4.575	0.4379 	0.51442 	11.2357 	-0.00983187 	0.604778 	0.00144949 	
4.58	0.0323105 	0.567861 	11.1699 	-0.0139478 	0.560557 	0.00149622 	
4.585	-0.229219 	0.505819 	11.1152 	-0.00743005 	0.529518 	0.000242481 	
4.59	-0.464896 	0.473624 	11.0691 	-0.00380302 	0.502238 	-0.000478032 	
4.595	-0.704098 	0.478728 	11.0212 	-0.00393392 	0.474989 	-0.000215214 	
4.6	-0.92107 	0.495083 	10.9771 	-0.00482321 	0.450229 	-0.001163 	
4.605	-1.0841 	0.479497 	10.9397 	-0.00294459 	0.430793 	-0.00183659 	
4.61	-1.23321 	0.489458 	10.908 	-0.00344869 	0.41376 	-0.0024513 	
4.615	-1.35879 	0.493973 	10.8793 	-0.00352997 	0.399173 	-0.00293806 	
4.62	-1.46625 	0.497612 	10.8541 	-0.00358424 	0.386689 	-0.00332741 	
4.625	-1.50117 	0.456877 	10.8502 	0.000328623 	0.38322 	-0.00338227 	
4.63	-1.52402 	0.428174 	10.8436 	0.00307327 	0.380499 	-0.00349955 	
4.635	-1.54321 	0.40362 	10.8371 	0.00540792 	0.378163 	-0.00358194 	
4.64	-1.50358 	0.382473 	10.7852 	0.00783294 	0.373346 	-0.00787435 	
4.645	-1.55286 	0.366971 	10.7915 	0.00918568 	0.370702 	-0.00654971 	
4.65	-1.58063 	0.353158 	10.7883 	0.0104571 	0.368337 	-0.00620319 	
4.655	-1.60374 	0.341333 	10.7849 	0.0115366 	0.366353 	-0.00589425 	
4.66	-1.62325 	0.332561 	10.7822 	0.012338 	0.364709 	-0.00564792 	
4.665	-1.63468 	0.323359 	10.7784 	0.0131498 	0.363656 	-0.00539654 	
4.67	-1.64813 	0.316013 	10.7739 	0.0137813 	0.362343 	-0.00514687 	
4.675	-1.67471 	0.313399 	10.7692 	0.014028 	0.359956 	-0.00503417 	
4.68	-1.69417 	0.310663 	10.7646 	0.0142674 	0.358189 	-0.00491782 	
4.685	-1.71079 	0.308427 	10.7603 	0.0144555 	0.356694 	-0.00481345 	
4.69	-0.814294 	0.196566 	10.8846 	0.0231272 	0.45182 	-0.00604162 	
4.695	-1.13563 	0.213644 	10.8146 	0.0218253 	0.414818 	-0.00514861 	
4.7	-1.23014 	0.21014 	10.7841 	0.0221029 	0.402896 	-0.00471838 	
4.705	-1.31079 	0.207164 	10.7576 	0.0223325 	0.392721 	-0.00436167 	
4.71	-1.37946 	0.204525 	10.7344 	0.0225214 	0.384049 	-0.00402104 	
4.715	-1.4374 	0.200963 	10.7138 	0.022775 	0.376667 	-0.00365856 	
4.72	-1.48661 	0.197664 	10.6956 	0.0229981 	0.370379 	-0.00331541 	
4.725	-1.52843 	0.194744 	10.6795 	0.0231907 	0.365026 	-0.00302802 	
4.73	-1.56384 	0.192016 	10.6651 	0.0233665 	0.360473 	-0.00277869 	
4.735	-1.60776 	0.234414 	10.6636 	0.0193731 	0.357322 	-0.00164442 	
4.74	-1.64294 	0.26082 	10.6586 	0.0169375 	0.354309 	-0.00100341 	
4.745	-1.68066 	0.275027 	10.6467 	0.0158779 	0.350051 	-0.00182961 	
4.75	-1.63083 	0.275758 	10.6523 	0.0155294 	0.355607 	-0.00106513 	
4.755	-1.60583 	0.279877 	10.6536 	0.0150119 	0.358518 	-0.000757582 	
4.76	-1.58457 	0.282725 	10.6539 	0.0146249 	0.360929 	-0.000457156 	
4.765	-1.56758 	0.286004 	10.6538 	0.0142234 	0.362942 	-0.000252117 	
4.77	-1.55381 	0.289003 	10.6532 	0.0138662 	0.364599 	-9.61144e-05 	
4.775	-1.54232 	0.291215 	10.652 	0.013587 	0.365948 	6.64701e-05 	
4.78	-1.53305 	0.293091 	10.6503 	0.0133494 	0.367038 	0.000207973 	
4.785	-1.52581 	0.294856 	10.6483 	0.0131333 	0.367908 	0.000313054 	
4.79	-1.63418 	0.304718 	10.6208 	0.0122898 	0.355389 	0.000724822 	
4.795	-1.70416 	0.311548 	10.6016 	0.0116896 	0.34731 	0.00100114 	
4.8	-1.74198 	0.343143 	10.599 	0.00805368 	0.344604 	0.00389148 	
4.805	-1.81242 	0.350361 	10.5789 	0.00783831 	0.33631 	0.00285967 	
4.81	-1.86695 	0.36043 	10.5644 	0.0071223 	0.330216 	0.00250311 	
4.815	-1.65775 	0.310093 	10.5927 	0.0115971 	0.352263 	0.000898897 	
4.82	-1.52831 	0.277488 	10.6071 	0.014255 	0.365671 	0.000879198 	
4.825	-1.42036 	0.255483 	10.6198 	0.0160006 	0.377036 	0.000782142 	
4.83	-1.32019 	0.226365 	10.6296 	0.0183832 	0.387292 	0.000901154 	
4.835	-1.24287 	0.203507 	10.6367 	0.0202766 	0.395234 	0.000866366 	
4.84	-1.18139 	0.188293 	10.6423 	0.0214632 	0.401631 	0.00100477 	
4.845	-1.13171 	0.174013 	10.646 	0.0226402 	0.406748 	0.000938524 	
4.85	-1.09079 	0.161373 	10.6485 	0.0236947 	0.410947 	0.000846654 	
4.855	-1.05693 	0.150718 	10.6502 	0.0245818 	0.414425 	0.000765326 	
4.86	1.50213 	-0.10731 	11.1387 	0.0447369 	0.700684 	-0.00483286 	
4.865	0.654385 	-0.0279293 	10.9734 	0.03855 	0.605624 	-0.00261842 	
4.87	0.104152 	0.106553 	10.96 	0.028883 	0.558498 	-0.00656998 	
4.875	-0.124719 	-0.050788 	10.752 	0.0428382 	0.511231 	-0.00694489 	
4.88	-0.417303 	0.0867173 	10.7643 	0.0309044 	0.487715 	-0.00547061 	
4.885	-0.63735 	0.134521 	10.7272 	0.0272932 	0.46399 	-0.00652772 	
4.89	-0.853203 	0.2159 	10.7213 	0.0199915 	0.444885 	-0.00443011 	
4.895	-1.03495 	0.250077 	10.6875 	0.0172771 	0.425001 	-0.00530655 	
4.9	-1.17853 	0.269738 	10.6528 	0.0158475 	0.408397 	-0.005456 	
4.905	-1.30209 	0.287517 	10.6231 	0.0145269 	0.394203 	-0.00560299 	
4.91	-1.40518 	0.300151 	10.5955 	0.0136641 	0.382048 	-0.00584977 	
4.915	-1.49663 	0.314028 	10.5737 	0.0126075 	0.371637 	-0.00582065 	
4.92	-1.51382 	0.135836 	10.4275 	0.0282492 	0.351337 	-0.00679153 	
4.925	-0.108414 	-0.358543 	10.5993 	0.0674309 	0.494905 	0.00394141 	
4.93	-0.592484 	-0.383969 	10.3851 	0.0710277 	0.425516 	-0.000719481 	
4.935	-0.74508 	-0.482766 	10.243 	0.0798866 	0.394183 	-0.00242467 	
4.94	-0.785092 	-0.722745 	10.0271 	0.100943 	0.362726 	-0.00494188 	
4.945	-0.848175 	-0.927674 	9.87146 	0.11548 	0.337417 	0.00626774 	
4.95	-1.09401 	-0.385431 	9.95504 	0.0706065 	0.331903 	-0.00999235 	
4.955	-1.24431 	-0.267975 	10.0734 	0.0600331 	0.333399 	-0.00420912 	
4.96	-1.39177 	-0.0968343 	10.1794 	0.0443946 	0.334713 	0.000572273 	
4.965	-1.49289 	0.00116926 	10.2328 	0.0361702 	0.333072 	0.000657346 	
4.97	-1.50394 	-0.148281 	10.1173 	0.0496787 	0.317097 	-0.00141002 	
4.975	-1.58779 	-0.230607 	10.0473 	0.0572752 	0.300522 	-0.00279258 	
4.98	-1.64823 	-0.300145 	9.98735 	0.0636034 	0.287473 	-0.00388462 	
4.985	-1.68984 	-0.087963 	10.0612 	0.0469268 	0.295151 	-0.00993193 	
4.99	-1.76021 	0.0103885 	10.143 	0.0375735 	0.299747 	-0.00606059 	
4.995	-1.72019 	0.0429181 	10.1891 	0.0345114 	0.309437 	-0.00493106 	
5	-1.70541 	0.0821825 	10.2303 	0.0308823 	0.316382 	-0.00388546 	
5.005	-1.69318 	0.115459 	10.2647 	0.0277982 	0.322231 	-0.00296817 	
5.01	1.91049 	-0.259748 	11.0747 	0.0559816 	0.737455 	-0.00424289 	
5.015	0.586706 	-0.036919 	10.8472 	0.0381095 	0.594312 	-0.00253306 	
5.02	0.189649 	0.0590493 	10.8038 	0.030076 	0.55476 	-0.00146067 	
5.025	-0.125016 	-0.102614 	10.5961 	0.044801 	0.500307 	-0.00320507 	
5.03	-0.323946 	-0.259287 	10.401 	0.0585154 	0.458073 	-0.00414186 	
5.035	-0.649416 	0.167841 	10.3985 	0.0246195 	0.434225 	-0.0174587 	
5.04	-0.821134 	0.136426 	10.3952 	0.0272797 	0.417916 	-0.0154078 	
5.045	1.56541 	-0.144791 	10.9261 	0.0484726 	0.691257 	-0.0151523 	
5.05	0.366986 	0.265176 	10.7916 	0.0137949 	0.573516 	-0.0127556 	
5.055	0.383433 	-0.333301 	10.2872 	0.0650788 	0.508588 	-0.014948 	
5.06	0.299953 	-0.680035 	9.95107 	0.0946682 	0.457576 	-0.0160296 	
5.065	0.229837 	-0.977581 	9.66227 	0.119968 	0.413938 	-0.0168796 	
5.07	-0.0702361 	-0.977452 	9.68102 	0.120312 	0.389475 	-0.0147183 	
5.075	-1.15256 	0.139718 	10.65 	0.0263641 	0.41733 	-0.0062331 	
5.08	-1.21508 	0.0535248 	10.4557 	0.0337238 	0.389787 	-0.00753787 	
5.085	-1.38248 	0.10632 	10.4336 	0.0291221 	0.373396 	-0.00666909 	
5.09	-1.53014 	0.158247 	10.4175 	0.0246788 	0.359543 	-0.0060532 	
5.095	-1.65771 	0.205762 	10.4037 	0.0205899 	0.347718 	-0.00551521 	
5.1	-1.60051 	-0.0816842 	10.2217 	0.0449249 	0.328226 	-0.00491048 	
5.105	-2.07467 	1.06836 	10.8318 	-0.0547622 	0.372032 	-0.00048683 	
5.11	-1.88162 	0.752059 	10.6662 	-0.0272763 	0.366359 	-0.00261031 	
5.115	-0.250574 	0.481324 	10.9706 	-0.00599695 	0.545504 	-0.00285721 	
5.12	-0.74749 	0.19997 	10.6331 	0.0188297 	0.458222 	-0.00342259 	
5.125	-0.978656 	0.277182 	10.601 	0.0119534 	0.434417 	-0.00133381 	
5.13	-1.16947 	0.295888 	10.5575 	0.0105829 	0.412938 	-0.000912308 	
5.135	-1.34301 	0.32035 	10.5286 	0.00889182 	0.395116 	-0.00117422 	
5.14	-1.18447 	-0.0245093 	10.2079 	0.0383201 	0.36633 	-0.00539619 	
5.145	-1.43443 	0.0766873 	10.2865 	0.0285376 	0.357038 	0.0018867 	
5.15	-1.55606 	0.128503 	10.2817 	0.0246438 	0.346207 	0.000724994 	
5.155	-1.66756 	0.175349 	10.2856 	0.0209478 	0.33784 	0.000451135 	
5.16	-1.49644 	-0.119759 	10.0262 	0.0465373 	0.318779 	-0.00526236 	
5.165	-1.66748 	0.0319335 	10.0932 	0.0345322 	0.313238 	-0.00711183 	
5.17	-1.76791 	0.343516 	10.0797 	0.00919334 	0.307045 	-0.0188649 	
5.175	-0.927051 	0.0701612 	9.23946 	0.0241487 	0.263464 	-0.0193671 	
5.18	0.103247 	-0.0289836 	9.86236 	0.0337479 	0.433948 	-0.0162 	
5.185	0.692421 	-0.0958418 	10.1193 	0.0393248 	0.518052 	-0.0142225 	
5.19	1.78305 	-0.204156 	7.83752 	0.0375788 	0.359254 	-0.0331488 	
5.195	4.94583 	-0.619723 	9.50463 	0.0740182 	0.829696 	-0.0293159 	
5.2	1.43747 	0.253466 	11.4457 	0.0200213 	0.742885 	-0.0486463 	
5.205	1.11985 	0.14075 	11.206 	0.0264366 	0.710017 	-0.0276184 	
5.21	2.78988 	-0.15001 	11.4245 	0.048392 	0.875584 	-0.0261592 	
5.215	1.51834 	0.0436448 	11.2092 	0.0302267 	0.740907 	-0.0106783 	
5.22	1.70555 	-0.0361885 	11.22 	0.0373444 	0.756815 	-0.0124409 	
5.225	0.902847 	0.015355 	11.0687 	0.0311131 	0.669754 	0.00162746 	
5.23	1.43412 	-0.0504346 	11.157 	0.0368122 	0.725094 	-0.00150013 	
5.235	0.770015 	0.0595588 	11.0577 	0.0295871 	0.656838 	-0.00528156 	
5.24	0.389778 	-0.0168356 	10.8674 	0.0355777 	0.59796 	-0.00192389 	
5.245	-0.046478 	0.127638 	10.8152 	0.0232894 	0.554189 	-0.000132178 	
5.25	-0.224684 	0.0991936 	10.7439 	0.0258006 	0.529148 	0.000516662 	
5.255	-0.490946 	0.166099 	10.6948 	0.0204101 	0.499915 	0.000707691 	
5.26	-0.782414 	0.191339 	10.6165 	0.0180752 	0.46478 	0.00306393 	
5.265	-1.02549 	0.25985 	10.5726 	0.0127611 	0.438626 	0.00217945 	
5.27	-1.21784 	0.282965 	10.5204 	0.0111613 	0.415497 	0.00171249 	
5.275	-1.38061 	0.286534 	10.4686 	0.0113506 	0.395008 	0.000765857 	
5.28	-1.52118 	0.298267 	10.4261 	0.0105635 	0.377651 	0.000606132 	
5.285	-1.64116 	0.307931 	10.3887 	0.00991849 	0.362775 	0.000462105 	
5.29	-1.74355 	0.316002 	10.3557 	0.00937205 	0.350016 	0.000356075 	
5.295	-1.82254 	0.291065 	10.3168 	0.0114086 	0.338444 	0.00124467 	
5.3	-1.90003 	0.308198 	10.2942 	0.0100774 	0.329255 	0.000947236 	
5.305	-1.96198 	0.348738 	10.2697 	0.00875875 	0.320986 	-0.00756056 	
5.31	-1.97126 	0.195152 	10.2075 	0.0205651 	0.312216 	-0.00145366 	
5.315	-2.03288 	0.248305 	10.2025 	0.0159281 	0.306749 	-0.00132742 	
5.32	-2.17757 	0.40221 	10.195 	0.00295275 	0.294814 	-0.0024862 	
5.325	-1.9307 	0.300323 	10.2374 	0.0118174 	0.322052 	-0.00368828 	
5.33	-0.597742 	0.141996 	10.5424 	0.0235681 	0.474644 	-0.00387821 	
5.335	-0.973164 	1.14911 	13.0577 	-0.0541272 	0.747099 	-0.00374638 	
5.34	-1.29261 	0.675769 	12.1396 	-0.0131422 	0.613493 	-0.012607 	
5.345	-1.6138 	0.501238 	11.9425 	0.00367748 	0.569478 	-0.0176018 	
5.35	-1.61805 	0.455813 	11.6415 	0.00468072 	0.528631 	-0.0127523 	
5.355	-1.75262 	0.471585 	11.4285 	0.00286723 	0.490872 	-0.0120953 	
5.36	1.82619 	0.0485375 	12.1452 	0.0336794 	0.886568 	-0.0114802 	
5.365	3.53135 	-0.248358 	12.3676 	0.0557161 	1.06082 	-0.00933253 	
5.37	2.20935 	-0.364074 	11.7525 	0.0665056 	0.867845 	-0.00886807 	
5.375	2.21678 	-0.288974 	11.7073 	0.0595088 	0.863427 	-0.0075157 	
5.38	2.17198 	-0.259476 	11.6363 	0.0566847 	0.850986 	-0.0069213 	
5.385	1.45739 	-0.143047 	11.4489 	0.0487821 	0.768628 	-0.0107006 	
5.39	0.971476 	-0.0488473 	11.3121 	0.0415887 	0.710965 	-0.011803 	
5.395	0.550602 	0.0309528 	11.1946 	0.0356413 	0.661328 	-0.0131143 	
5.4	0.649794 	0.0193015 	11.1491 	0.0350686 	0.66312 	-0.00892689 	
5.405	1.42178 	-0.107478 	11.2508 	0.0443837 	0.740682 	-0.00844282 	
5.41	0.693552 	-0.0264965 	11.0519 	0.038312 	0.653497 	-0.00845741 	
5.415	1.68703 	-0.155615 	11.2449 	0.0473459 	0.762331 	-0.00695989 	
5.42	1.7624 	-0.159055 	11.2416 	0.047352 	0.768147 	-0.00623334 	
5.425	1.59923 	-0.139768 	11.1832 	0.0457256 	0.746756 	-0.00576383 	
5.43	1.26115 	-0.0677345 	11.0934 	0.040033 	0.706832 	-0.00606024 	
5.435	1.63345 	-0.119331 	11.1635 	0.0436871 	0.747205 	-0.00518198 	
5.44	1.63247 	-0.114769 	11.1542 	0.0430716 	0.74588 	-0.00427446 	
5.445	0.881836 	0.0586244 	10.9991 	0.0291248 	0.662906 	-0.0038905 	
5.45	1.43585 	-0.0428768 	11.1053 	0.0369282 	0.723185 	-0.00348233 	
5.455	0.997416 	0.109284 	10.9597 	0.0254151 	0.666704 	-0.0101573 	
5.46	1.06023 	0.0573391 	10.9783 	0.0294034 	0.674523 	-0.00779051 	
5.465	0.97878 	0.0474822 	10.9578 	0.0304796 	0.665607 	-0.0079704 	
5.47	1.90732 	-0.0759033 	11.1683 	0.0394249 	0.770963 	-0.00651924 	
5.475	1.10948 	-0.0297938 	10.9603 	0.037129 	0.677418 	-0.00830293 	
5.48	1.72641 	-0.102967 	11.1066 	0.0421379 	0.748079 	-0.00666256 	
5.485	1.70365 	-0.0970473 	11.1015 	0.0414876 	0.745511 	-0.0058852 	
5.49	1.74172 	-0.104607 	11.1096 	0.0419405 	0.749712 	-0.00523423 	
5.495	1.72764 	-0.10218 	11.1086 	0.0416273 	0.748466 	-0.00460671 	
5.5	1.62309 	-0.0947543 	11.0847 	0.0409823 	0.736782 	-0.00385748 	
5.505	1.85597 	-0.120584 	11.1493 	0.0426864 	0.76514 	-0.00297871 	
5.51	1.90819 	-0.12526 	11.1587 	0.043021 	0.770673 	-0.00300292 	
5.515	1.15296 	0.016257 	11.0329 	0.0319272 	0.69176 	-0.00128327 	
5.52	1.34679 	-0.02293 	11.0607 	0.0349392 	0.711541 	-0.00147999 	
5.525	0.69376 	-0.00533997 	10.8512 	0.0335589 	0.62886 	-9.47195e-06 	
5.53	1.64576 	-0.117918 	11.0832 	0.0422286 	0.738918 	-0.00109293 	
5.535	0.880294 	-0.0599606 	10.7498 	0.0351488 	0.632057 	-0.00144941 	
5.54	0.471396 	-0.0326328 	10.5701 	0.0318664 	0.574839 	-0.00215942 	
5.545	2.29668 	-0.328394 	11.0253 	0.0555365 	0.78626 	-0.000512161 	
5.55	1.06348 	-0.0201419 	10.8759 	0.0314215 	0.66774 	0.00077595 	
5.555	0.518899 	0.073954 	10.7934 	0.0242006 	0.611559 	0.00401511 	
5.56	0.013171 	0.171647 	10.7531 	0.017986 	0.565486 	0.00334238 	
5.565	-0.409402 	0.264088 	10.7119 	0.0119915 	0.525863 	0.00160003 	
5.57	-0.727278 	0.329255 	10.6462 	0.00649662 	0.490875 	0.00354423 	
5.575	-1.02384 	0.525503 	10.6353 	-0.0101269 	0.466535 	0.00298156 	
5.58	2.46986 	-0.12385 	11.3749 	0.0403658 	0.853397 	0.00441418 	
5.585	0.871719 	0.114694 	11.1134 	0.0226147 	0.689731 	0.010717 	
5.59	-0.847614 	-0.0988221 	11.9224 	0.04867 	0.681233 	0.0257396 	
5.595	-0.903061 	0.0751977 	11.515 	0.0315372 	0.614202 	0.0230439 	
5.6	-1.11802 	0.161058 	11.3133 	0.0244919 	0.565825 	0.0181808 	
5.605	-1.32284 	0.248084 	11.1457 	0.017469 	0.523919 	0.0138788 	
5.61	-1.47966 	0.268289 	10.9781 	0.0157545 	0.486079 	0.0109512 	
5.615	-1.63598 	0.346239 	10.8603 	0.00950805 	0.455721 	0.0074473 	
5.62	-1.74131 	0.318859 	10.7227 	0.0113747 	0.426621 	0.00704568 	
5.625	-1.8544 	0.369432 	10.6339 	0.00695513 	0.404204 	0.00591059 	
5.63	-1.94699 	0.400102 	10.5519 	0.00422774 	0.384581 	0.00499494 	
5.635	-2.02655 	0.446426 	10.4852 	0.000508277 	0.368435 	0.00309628 	
5.64	-2.09397 	0.482814 	10.4264 	-0.00246327 	0.354472 	0.00167331 	
5.645	-2.11847 	0.479445 	10.3916 	-0.00238697 	0.347351 	0.000937492 	
5.65	-2.17655 	0.515217 	10.3393 	-0.00526566 	0.335282 	-0.000177167 	
5.655	-2.11828 	0.277353 	10.1952 	0.0142554 	0.319224 	-0.000733579 	
5.66	-2.25632 	0.482044 	10.2365 	-0.00196006 	0.31479 	-0.00487074 	
5.665	-2.28105 	0.493852 	10.2088 	-0.00308045 	0.308957 	-0.00446908 	
5.67	-2.30853 	0.51969 	10.1893 	-0.00538747 	0.304217 	-0.00406438 	
5.675	-2.39579 	0.753696 	10.1788 	-0.0252525 	0.297527 	-0.00722426 	
5.68	-2.30466 	1.44395 	10.1511 	-0.0854089 	0.311307 	-0.00822177 	
5.685	-2.05646 	1.59561 	9.92485 	-0.0950606 	0.3008 	-0.0335782 	
5.69	-1.93528 	1.93913 	9.86086 	-0.124568 	0.302508 	-0.0386239 	
5.695	-1.62638 	0.852512 	9.45939 	-0.0464572 	0.285309 	-0.00789005 	
5.7	3.51486 	0.103989 	10.9562 	0.0143519 	0.902062 	-0.0103475 	
5.705	1.48676 	0.993578 	10.6455 	-0.0596545 	0.705461 	-0.00231575 	
5.71	0.818177 	1.45985 	10.6378 	-0.0984918 	0.65728 	0.00253761 	
5.715	0.475537 	1.10748 	10.4394 	-0.0700778 	0.593105 	-0.00810624 	
5.72	0.278563 	1.54956 	10.2088 	-0.109834 	0.545883 	-0.0157927 	
5.725	-0.782187 	1.60485 	10.6141 	-0.104929 	0.524957 	-0.0176782 	
5.73	-0.782211 	1.13166 	10.2318 	-0.0650173 	0.471676 	-0.0182216 	
5.735	-1.1928 	1.103 	10.3211 	-0.0549091 	0.452332 	-0.0290974 	
5.74	-1.38091 	1.03436 	10.3049 	-0.0470266 	0.430261 	-0.0328107 	
5.745	-1.0426 	0.451321 	9.82648 	0.00380595 	0.392293 	-0.0323868 	
5.75	-1.23713 	0.550122 	9.98806 	-0.00533946 	0.392803 	-0.027266 	
5.755	2.68523 	-0.0430843 	11.0336 	0.038502 	0.851491 	-0.0219958 	
5.76	0.969217 	0.218193 	10.7683 	0.0167612 	0.676384 	-0.0112689 	
5.765	0.440707 	0.333202 	10.6613 	0.00837557 	0.615544 	-0.0129244 	
5.77	0.0695871 	0.213986 	10.4833 	0.0183104 	0.557653 	-0.0106289 	
5.775	-0.34111 	0.336678 	10.4282 	0.00988539 	0.515173 	-0.0153788 	
5.78	-0.677112 	0.405601 	10.3649 	0.00535628 	0.477751 	-0.0182034 	
5.785	-0.955062 	0.440221 	10.2988 	0.00359988 	0.444857 	-0.0210142 	
5.79	-1.19809 	0.485573 	10.2457 	0.00193885 	0.41703 	-0.028058 	
5.795	-1.40842 	0.532264 	10.2006 	0.000856119 	0.393293 	-0.0380972 	
5.8	-1.58119 	0.556132 	10.1539 	0.00127802 	0.372461 	-0.0467521 	
5.805	-1.70069 	0.520947 	10.0987 	0.00211872 	0.354196 	-0.0370875 	
5.81	-1.81263 	0.510527 	10.0569 	0.00199692 	0.338822 	-0.0321388 	
5.815	-1.8343 	0.440754 	9.99785 	0.00652507 	0.327769 	-0.0270977 	
5.82	-1.86758 	0.395959 	9.95078 	0.00931566 	0.317804 	-0.0234452 	
5.825	-1.82639 	0.403562 	10.0212 	0.00817749 	0.330498 	-0.0203927 	
5.83	-1.82923 	0.402018 	10.0523 	0.00784616 	0.334239 	-0.0177248 	
5.835	-1.82548 	0.403325 	10.0793 	0.00732397 	0.338132 	-0.0154585 	
5.84	-2.04395 	0.715225 	10.3543 	-0.0176503 	0.356482 	-0.0133854 	
5.845	-1.95223 	0.5983 	10.2886 	-0.00867631 	0.355417 	-0.0117975 	
5.85	-1.92181 	0.566279 	10.2831 	-0.00640112 	0.357343 	-0.0103975 	
5.855	-1.89147 	0.534114 	10.2742 	-0.00407093 	0.358842 	-0.0091976 	
5.86	-1.87215 	0.505163 	10.2614 	-0.00196951 	0.358935 	-0.00814867 	
5.865	-1.85386 	0.480876 	10.251 	-0.000216786 	0.359288 	-0.00725375 	
5.87	8.34907 	-0.938596 	12.55 	0.103742 	1.50959 	-0.0135294 	
5.875	4.33566 	-0.541238 	11.3273 	0.0760546 	1.09474 	-0.00671928 	
5.88	2.58841 	-0.456964 	11.3575 	0.0750207 	0.994645 	-0.00165931 	
5.885	0.572003 	-0.358011 	12.0094 	0.0787174 	0.935148 	0.00338015 	
5.89	-1.18206 	-0.242253 	12.5303 	0.0805462 	0.8875 	0.00672814 	
5.895	-2.68574 	-0.117313 	12.979 	0.0799619 	0.846708 	0.00753604 	
5.9	-3.68703 	0.16265 	13.2907 	0.0622242 	0.804363 	0.00975354 	
5.905	-3.32812 	0.21806 	12.6311 	0.0507222 	0.713912 	0.00440588 	
5.91	-3.19316 	0.254027 	12.218 	0.0431709 	0.648013 	0.0038819 	
5.915	-3.08476 	0.288867 	11.8657 	0.0364475 	0.591302 	0.00314647 	
5.92	-2.98836 	0.317486 	11.5614 	0.0307973 	0.542677 	0.00244631 	
5.925	-2.91115 	0.34592 	11.3059 	0.0256376 	0.501435 	0.00177157 	
5.93	-2.84409 	0.369438 	11.0857 	0.0212968 	0.466098 	0.00120271 	
5.935	-2.77817 	0.38416 	10.8885 	0.0180658 	0.435369 	0.00080555 	
5.94	-2.72455 	0.397652 	10.7216 	0.0152093 	0.409208 	0.000406861 	
5.945	-2.67899 	0.409671 	10.5783 	0.0127257 	0.386802 	5.02871e-05 	
5.95	-2.60123 	0.312029 	10.4083 	0.0192095 	0.363777 	0.000230511 	
5.955	-2.58022 	0.358611 	10.325 	0.0142188 	0.349602 	0.000132279 	
5.96	-2.55961 	0.378466 	10.239 	0.0115419 	0.335682 	0.000144486 	
5.965	-2.55171 	0.483344 	10.1464 	0.0024041 	0.320363 	-0.00410508 	
5.97	-2.53202 	0.461188 	10.0834 	0.00343864 	0.310731 	-0.00291576 	
5.975	-2.51719 	0.446293 	10.0215 	0.00406177 	0.301322 	-0.00254266 	
5.98	-2.50622 	0.455184 	9.9742 	0.00281358 	0.293954 	-0.00252856 	
5.985	-2.4999 	0.465412 	9.93435 	0.00170139 	0.287631 	-0.0031579 	
5.99	-2.49482 	0.475362 	9.8993 	0.000687365 	0.28215 	-0.00383739 	
5.995	-2.49223 	0.48754 	9.86944 	-0.000397335 	0.277443 	-0.00478234 	
6	-2.42758 	0.361481 	9.78382 	0.00925196 	0.269477 	-0.00368699 	
6.005	-2.44217 	0.406992 	9.77684 	0.00524758 	0.267049 	-0.00340091 	
6.01	-2.41714 	0.394934 	9.75325 	0.00568402 	0.265175 	-0.001724 	
6.015	-2.36108 	0.372686 	9.78468 	0.00785936 	0.273637 	-0.00288796 	
6.02	-2.25529 	0.370194 	9.83667 	0.00796752 	0.28868 	-0.00273984 	
6.025	-2.1758 	0.364391 	9.86967 	0.00836312 	0.299198 	-0.0026621 	
6.03	-2.1065 	0.358912 	9.89763 	0.00874363 	0.308331 	-0.00260947 	
6.035	-2.05064 	0.35263 	9.91716 	0.00917992 	0.315327 	-0.0025408 	
6.04	-1.98826 	0.342328 	9.94022 	0.00994627 	0.323333 	-0.00244364 	
6.045	-1.90538 	0.327722 	9.96251 	0.0110391 	0.332925 	-0.00230355 	
6.05	-1.85554 	0.327189 	9.9857 	0.0109048 	0.340068 	-0.00243217 	
6.055	-1.78843 	0.321343 	9.99636 	0.0115212 	0.346422 	-0.00368636 	
6.06	-1.76139 	0.305849 	10.0044 	0.0127036 	0.349428 	-0.00410974 	
6.065	-1.74193 	0.307411 	10.0101 	0.0126458 	0.351852 	-0.00423314 	
6.07	-1.72198 	0.304247 	10.0156 	0.0129209 	0.354327 	-0.00427426 	
6.075	-1.70401 	0.301828 	10.0209 	0.0131166 	0.356683 	-0.00425083 	
6.08	-1.69181 	0.337066 	10.0035 	0.00942414 	0.356201 	-0.00410435 	
6.085	-1.67949 	0.359323 	9.99091 	0.00710691 	0.356122 	-0.00414069 	
6.09	-1.66881 	0.378053 	9.9791 	0.00517272 	0.355975 	-0.00422338 	
6.095	-1.66728 	0.359695 	9.98102 	0.00708542 	0.356239 	-0.00468781 	
6.1	-1.53383 	-0.0297634 	9.73927 	0.0370952 	0.331266 	-0.00773368 	
6.105	-1.56958 	-0.061796 	9.67637 	0.0394402 	0.320014 	-0.00630568 	
6.11	-1.597 	-0.0220953 	9.75856 	0.0364564 	0.32989 	-0.00469259 	
6.115	0.885227 	-0.29086 	10.5525 	0.0558289 	0.6381 	-0.00259708 	
6.12	0.138371 	-0.199116 	10.3621 	0.049622 	0.551851 	-0.002547 	
6.125	0.226223 	-0.150641 	10.4663 	0.046079 	0.573214 	-0.00241544 	
6.13	0.241915 	-0.116959 	10.5273 	0.0438205 	0.582815 	-0.00266028 	
6.135	0.389364 	-0.111744 	10.607 	0.0434896 	0.605831 	-0.00239535 	
6.14	1.47956 	-0.326947 	10.7532 	0.0586525 	0.714571 	-0.00199936 	
6.145	1.54794 	-0.280652 	10.8312 	0.0552394 	0.730923 	-0.00224361 	
6.15	1.8841 	-0.239376 	10.942 	0.0515688 	0.774233 	-0.00280091 	
6.155	1.90578 	-0.183951 	11.0049 	0.0474119 	0.784814 	-0.00296687 	
6.16	1.98724 	-0.160204 	11.0577 	0.0455916 	0.798791 	-0.00314274 	
6.165	2.02107 	-0.120561 	11.106 	0.0425789 	0.808351 	-0.00326566 	
6.17	1.90793 	-0.123167 	11.0867 	0.0429776 	0.795655 	-0.00228939 	
6.175	1.81569 	-0.0606488 	11.1091 	0.0383425 	0.791649 	-0.00283526 	
6.18	1.73928 	-0.0643294 	11.1017 	0.0387731 	0.783711 	-0.00201146 	
6.185	1.85132 	-0.0294547 	11.1574 	0.0359223 	0.801078 	-0.00255069 	
6.19	1.94135 	-0.0752995 	11.1666 	0.0398447 	0.808974 	-0.0032168 	
6.195	1.69937 	0.571383 	11.8172 	-0.00834816 	0.879859 	-0.00800338 	
6.2	1.84844 	0.333211 	11.6123 	0.00945213 	0.863466 	-0.00746714 	
6.205	1.90721 	0.317282 	11.5869 	0.0103877 	0.865161 	-0.00689512 	
6.21	2.06479 	0.218597 	11.5455 	0.0177281 	0.872107 	-0.00627447 	
6.215	2.1785 	0.148807 	11.5131 	0.022888 	0.876808 	-0.00579254 	
6.22	2.27536 	0.0891771 	11.4853 	0.0272967 	0.880783 	-0.00538153 	
6.225	2.35791 	0.0382823 	11.4616 	0.0310591 	0.88416 	-0.00503152 	
6.23	2.42861 	-0.00522048 	11.4413 	0.0342743 	0.88706 	-0.00473068 	
6.235	2.489 	-0.0423759 	11.424 	0.0370205 	0.889536 	-0.00447446 	
6.24	2.54056 	-0.0741118 	11.4091 	0.0393661 	0.891646 	-0.00425576 	
6.245	2.58453 	-0.101209 	11.3965 	0.041369 	0.893438 	-0.00406941 	
6.25	2.62199 	-0.124343 	11.3856 	0.043079 	0.894955 	-0.00391002 	
6.255	2.65418 	-0.144129 	11.3764 	0.0445414 	0.896268 	-0.00377459 	
6.26	2.68155 	-0.161015 	11.3685 	0.0457896 	0.897374 	-0.00365892 	
6.265	2.70494 	-0.175438 	11.3617 	0.0468558 	0.898316 	-0.00356031 	
6.27	2.72498 	-0.187765 	11.3559 	0.047767 	0.899125 	-0.00347667 	
6.275	2.74183 	-0.19827 	11.3509 	0.0485438 	0.899782 	-0.00340442 	
6.28	2.75643 	-0.207265 	11.3466 	0.0492088 	0.900363 	-0.00334354 	
6.285	2.76882 	-0.214936 	11.343 	0.049776 	0.900848 	-0.00329162 	
6.29	2.69789 	-0.205956 	11.3309 	0.0490545 	0.892802 	-0.00274118 	
6.295	2.53795 	-0.174813 	11.3143 	0.0469014 	0.877478 	-0.00275575 	
6.3	2.7474 	-0.223718 	11.3265 	0.0503596 	0.896211 	-0.00313337 	
6.305	2.73597 	-0.223386 	11.3242 	0.0503689 	0.89505 	-0.00304973 	
6.31	2.75121 	-0.228685 	11.3237 	0.0507657 	0.896279 	-0.00304162 	
6.315	2.76428 	-0.233225 	11.3234 	0.0511056 	0.897331 	-0.0030346 	
6.32	2.77545 	-0.237104 	11.323 	0.0513959 	0.898227 	-0.00302886 	
6.325	2.78499 	-0.240417 	11.3227 	0.0516439 	0.898989 	-0.00302412 	
6.33	2.79309 	-0.243243 	11.3225 	0.0518556 	0.89963 	-0.0030201 	
6.335	2.8001 	-0.245659 	11.3223 	0.0520364 	0.900185 	-0.00301714 	
6.34	2.80592 	-0.24771 	11.322 	0.0521901 	0.900638 	-0.00301434 	
6.345	2.81094 	-0.249473 	11.3218 	0.0523222 	0.901026 	-0.00301212 	
6.35	2.81614 	-0.251133 	11.3218 	0.0524455 	0.901437 	-0.00300938 	
6.355	2.81953 	-0.252389 	11.3216 	0.0525402 	0.901688 	-0.00300855 	
6.36	2.8225 	-0.253459 	11.3214 	0.0526206 	0.901906 	-0.00300749 	
6.365	2.82507 	-0.254383 	11.3213 	0.0526901 	0.902091 	-0.00300675 	
6.37	2.82727 	-0.255176 	11.3211 	0.0527499 	0.902247 	-0.00300628 	
6.375	2.82933 	-0.255895 	11.321 	0.0528036 	0.902392 	-0.00300462 	
6.38	2.83081 	-0.256449 	11.3209 	0.0528456 	0.902486 	-0.00300489 	
6.385	2.83212 	-0.256934 	11.3208 	0.0528823 	0.902567 	-0.00300499 	
6.39	2.773 	-0.238914 	11.3191 	0.0515982 	0.89753 	-0.0031808 	
6.395	2.79471 	-0.245606 	11.3196 	0.0520757 	0.899348 	-0.00312016 	
6.4	2.48592 	-0.284034 	11.2371 	0.0560741 	0.864041 	-0.00375639 	
6.405	2.60074 	-0.273313 	11.2657 	0.0548714 	0.876893 	-0.0035127 	
6.41	2.63567 	-0.271362 	11.2736 	0.0546137 	0.880692 	-0.00343673 	
6.415	2.66534 	-0.269675 	11.2803 	0.0543926 	0.883916 	-0.00337228 	
6.42	2.69071 	-0.268234 	11.286 	0.0542038 	0.88667 	-0.00331749 	
6.425	2.45775 	-0.207588 	11.2579 	0.0506723 	0.865499 	-0.00700007 	
6.43	2.56388 	-0.227004 	11.2734 	0.0516991 	0.875598 	-0.00567567 	
6.435	2.60378 	-0.231762 	11.2801 	0.051902 	0.879522 	-0.00528491 	
6.44	2.63812 	-0.235846 	11.2858 	0.052076 	0.882901 	-0.00495157 	
6.445	2.66733 	-0.239323 	11.2906 	0.0522236 	0.885772 	-0.00466705 	
6.45	2.69228 	-0.242295 	11.2947 	0.0523499 	0.88822 	-0.0044241 	
6.455	2.71353 	-0.244825 	11.2982 	0.0524573 	0.890302 	-0.00421666 	
6.46	2.73167 	-0.246986 	11.3012 	0.052549 	0.892075 	-0.00403961 	
6.465	2.74732 	-0.248863 	11.3038 	0.0526296 	0.893603 	-0.00388912 	
6.47	2.6991 	-0.23891 	11.3009 	0.0519211 	0.889217 	-0.0038644 	
6.475	2.7315 	-0.244222 	11.3044 	0.0522455 	0.892264 	-0.00371884 	
6.48	2.74695 	-0.246468 	11.3065 	0.0523684 	0.893731 	-0.00361511 	
6.485	2.76015 	-0.248388 	11.3082 	0.0524735 	0.894981 	-0.00352661 	
6.49	2.77142 	-0.250029 	11.3097 	0.0525633 	0.896045 	-0.00345115 	
6.495	2.78105 	-0.251434 	11.3109 	0.0526403 	0.896951 	-0.0033868 	
6.5	2.78912 	-0.252602 	11.3119 	0.0527039 	0.897704 	-0.00333189 	
6.505	2.79644 	-0.253752 	11.3128 	0.0527697 	0.898386 	-0.00328551 	
6.51	2.80229 	-0.254581 	11.3136 	0.0528142 	0.898926 	-0.00324554 	
6.515	2.80739 	-0.255327 	11.3142 	0.0528552 	0.899395 	-0.00321154 	
6.52	2.81165 	-0.255942 	11.3147 	0.0528888 	0.89978 	-0.0031829 	
6.525	2.81531 	-0.256477 	11.3151 	0.0529182 	0.900109 	-0.00315834 	
6.53	3.33582 	-0.172149 	11.6108 	0.0462542 	0.983678 	-0.00455436 	
6.535	3.15975 	-0.201705 	11.5094 	0.048574 	0.9552 	-0.00404591 	
6.54	3.11254 	-0.210157 	11.4815 	0.049232 	0.947441 	-0.00389455 	
6.545	3.07216 	-0.217361 	11.4575 	0.0497924 	0.940803 	-0.00376546 	
6.55	3.03772 	-0.223517 	11.4371 	0.0502711 	0.935132 	-0.00365542 	
6.555	3.00828 	-0.228772 	11.4197 	0.0506797 	0.930282 	-0.0035616 	
6.56	2.98316 	-0.233262 	11.4047 	0.0510288 	0.926137 	-0.00348157 	
6.565	2.96185 	-0.237128 	11.392 	0.0513292 	0.922608 	-0.00341328 	
6.57	2.94353 	-0.240404 	11.3811 	0.051584 	0.919577 	-0.0033553 	
6.575	2.92773 	-0.243166 	11.3717 	0.0517991 	0.916966 	-0.00330598 	
6.58	2.91463 	-0.245575 	11.3639 	0.0519862 	0.914781 	-0.00326341 	
6.585	2.90307 	-0.247614 	11.357 	0.0521451 	0.912864 	-0.0032277 	
6.59	2.8932 	-0.249337 	11.3511 	0.0522793 	0.911225 	-0.00319702 	
6.595	2.88484 	-0.250826 	11.3461 	0.0523953 	0.909827 	-0.00317125 	
6.6	2.87775 	-0.252105 	11.3419 	0.052495 	0.908635 	-0.00314927 	
6.605	2.872 	-0.253245 	11.3383 	0.0525834 	0.907649 	-0.00313007 	
6.61	2.93641 	-0.244556 	11.3659 	0.0518372 	0.916649 	-0.00320814 	
