0	0.556278 	-0.0521204 	-0.340329 	-0.00155664 	-0.0222476 	-0.00123478 	
0.005	14.8993 	-4.41953 	-6.6183 	-0.136995 	-0.582914 	0.10572 	
0.01	10.7718 	-0.916018 	-4.75276 	-0.0107999 	-0.416223 	0.0715023 	
0.015	9.64685 	-0.846137 	-4.3407 	-0.00998094 	-0.372282 	0.0635577 	
0.02	8.69002 	-0.765047 	-3.98297 	-0.00855877 	-0.334802 	0.0566371 	
0.025	7.86978 	-0.708228 	-3.6822 	-0.0077573 	-0.302775 	0.0508095 	
0.03	7.16894 	-0.660711 	-3.42626 	-0.00710095 	-0.275431 	0.045846 	
0.035	6.57281 	-0.630948 	-3.19926 	-0.00705782 	-0.252049 	0.0414873 	
0.04	6.06153 	-0.599418 	-3.0113 	-0.00670401 	-0.232077 	0.0378614 	
0.045	5.62463 	-0.572034 	-2.85178 	-0.00636865 	-0.215025 	0.0347862 	
0.05	5.25143 	-0.548316 	-2.71632 	-0.00605708 	-0.200472 	0.0321784 	
0.055	4.93598 	-0.520107 	-2.59459 	-0.00558596 	-0.188059 	0.029825 	
0.06	4.66405 	-0.500846 	-2.49478 	-0.00531042 	-0.17745 	0.0278833 	
0.065	4.43157 	-0.484848 	-2.41033 	-0.00508339 	-0.1684 	0.0262362 	
0.07	4.23295 	-0.471516 	-2.33889 	-0.00489401 	-0.160684 	0.0248406 	
0.075	4.06462 	-0.466419 	-2.27318 	-0.00502448 	-0.154064 	0.0235879 	
0.08	3.91965 	-0.458451 	-2.22041 	-0.00494913 	-0.148414 	0.0225768 	
0.085	3.79577 	-0.451348 	-2.17606 	-0.00486091 	-0.143597 	0.0217322 	
0.09	3.69 	-0.44505 	-2.13883 	-0.00476585 	-0.139497 	0.0210284 	
0.095	3.60238 	-0.431585 	-2.103 	-0.00445761 	-0.136019 	0.0203246 	
0.1	3.52552 	-0.424915 	-2.07516 	-0.00433829 	-0.133048 	0.0197683 	
0.105	3.45973 	-0.419642 	-2.05203 	-0.0042463 	-0.130522 	0.0193004 	
0.11	3.40358 	-0.42148 	-2.0306 	-0.00441417 	-0.128334 	0.0188936 	
0.115	3.35541 	-0.419588 	-2.01404 	-0.00440164 	-0.126482 	0.0185799 	
0.12	3.31432 	-0.417765 	-2.00051 	-0.00437235 	-0.124914 	0.0183298 	
0.125	3.27933 	-0.416041 	-1.98955 	-0.00433124 	-0.123591 	0.018133 	
0.13	3.25249 	-0.407423 	-1.97507 	-0.0041203 	-0.122474 	0.0178428 	
0.135	3.22726 	-0.404314 	-1.96584 	-0.00405625 	-0.121518 	0.0176453 	
0.14	3.20555 	-0.402021 	-1.95858 	-0.00400944 	-0.120715 	0.0174833 	
0.145	3.18697 	-0.400345 	-1.95298 	-0.00397371 	-0.120043 	0.0173533 	
0.15	3.17097 	-0.40527 	-1.94723 	-0.00417733 	-0.119442 	0.0172503 	
0.155	3.15736 	-0.405895 	-1.94367 	-0.00419612 	-0.118949 	0.0171927 	
0.16	3.14586 	-0.406167 	-1.94121 	-0.00419152 	-0.118544 	0.0171627 	
0.165	3.13831 	-0.398815 	-1.9356 	-0.00397557 	-0.118225 	0.0170436 	
0.17	3.13022 	-0.396905 	-1.93316 	-0.00392168 	-0.117956 	0.0169808 	
0.175	3.12327 	-0.395598 	-1.93166 	-0.00388208 	-0.117741 	0.0169343 	
0.18	3.11737 	-0.394735 	-1.93096 	-0.00385156 	-0.117575 	0.0169031 	
0.185	3.11269 	-0.398934 	-1.92788 	-0.00403254 	-0.1174 	0.0168509 	
0.19	3.10834 	-0.3998 	-1.92724 	-0.00405448 	-0.117269 	0.0168464 	
0.195	3.10473 	-0.400361 	-1.9273 	-0.00405596 	-0.117173 	0.0168604 	
0.2	3.10319 	-0.394431 	-1.92568 	-0.00386082 	-0.117129 	0.016817 	
0.205	3.1009 	-0.393084 	-1.92582 	-0.00381193 	-0.117099 	0.0168056 	
0.21	3.09899 	-0.392222 	-1.92649 	-0.00377519 	-0.117092 	0.0168035 	
0.215	3.09745 	-0.391712 	-1.9276 	-0.00374614 	-0.117105 	0.0168105 	
0.22	3.09694 	-0.394833 	-1.92484 	-0.00389912 	-0.117077 	0.0167616 	
0.225	3.09579 	-0.395598 	-1.92499 	-0.00392001 	-0.117073 	0.0167679 	
0.23	3.09489 	-0.396148 	-1.92573 	-0.00392381 	-0.117085 	0.0167898 	
0.235	3.09427 	-0.396528 	-1.92694 	-0.00391428 	-0.117114 	0.0168247 	
0.24	3.09538 	-0.389763 	-1.92678 	-0.00368211 	-0.117194 	0.0168014 	
0.245	3.09538 	-0.388211 	-1.92789 	-0.0036244 	-0.117267 	0.0168019 	
0.25	3.09543 	-0.387263 	-1.92936 	-0.00358442 	-0.117349 	0.0168078 	
0.255	3.09562 	-0.391332 	-1.92826 	-0.00375375 	-0.117378 	0.0167858 	
0.26	3.0956 	-0.39226 	-1.9292 	-0.00377469 	-0.11743 	0.0168047 	
0.265	3.09574 	-0.39295 	-1.93058 	-0.00377921 	-0.117493 	0.0168374 	
0.27	3.09604 	-0.393452 	-1.93229 	-0.00377091 	-0.117568 	0.0168811 	
0.275	3.09825 	-0.386491 	-1.93145 	-0.0035453 	-0.117678 	0.0168404 	
0.28	3.09892 	-0.384961 	-1.93245 	-0.00349339 	-0.117777 	0.0168354 	
0.285	3.09953 	-0.384051 	-1.93383 	-0.00345926 	-0.117881 	0.0168365 	
0.29	3.10016 	-0.383588 	-1.93552 	-0.00343663 	-0.117991 	0.0168443 	
0.295	3.10077 	-0.38861 	-1.93493 	-0.00363596 	-0.118048 	0.0168328 	
0.3	3.10125 	-0.389945 	-1.93614 	-0.00366806 	-0.118124 	0.0168605 	
0.305	3.10185 	-0.390912 	-1.93772 	-0.003679 	-0.11821 	0.0169022 	
0.31	3.10396 	-0.383966 	-1.93812 	-0.00343695 	-0.118346 	0.0168864 	
0.315	3.10494 	-0.382576 	-1.93956 	-0.00338425 	-0.118469 	0.0168928 	
0.32	3.10587 	-0.381761 	-1.94128 	-0.00334852 	-0.118594 	0.0169038 	
0.325	3.10681 	-0.38136 	-1.94322 	-0.0033239 	-0.118722 	0.0169201 	
0.33	3.10779 	-0.38125 	-1.94533 	-0.00330616 	-0.118854 	0.016942 	
0.335	3.1094 	-0.384821 	-1.94277 	-0.00348762 	-0.118922 	0.0168877 	
0.34	3.11012 	-0.385893 	-1.94331 	-0.00352296 	-0.119004 	0.0168982 	
0.345	3.11088 	-0.386698 	-1.94435 	-0.00353872 	-0.119092 	0.0169244 	
0.35	3.11259 	-0.380221 	-1.94724 	-0.00327947 	-0.119267 	0.016957 	
0.355	3.11387 	-0.378924 	-1.94946 	-0.00322048 	-0.119419 	0.0169792 	
0.36	3.1151 	-0.378187 	-1.95176 	-0.00317986 	-0.119569 	0.0170024 	
0.365	3.11633 	-0.377851 	-1.95413 	-0.00315166 	-0.119721 	0.017028 	
0.37	3.11824 	-0.38056 	-1.95107 	-0.0033129 	-0.119796 	0.0169553 	
0.375	3.11908 	-0.381368 	-1.95145 	-0.00334428 	-0.119887 	0.0169559 	
0.38	3.11996 	-0.382023 	-1.95236 	-0.00336019 	-0.119985 	0.016972 	
0.385	3.12151 	-0.376682 	-1.95601 	-0.00313201 	-0.120172 	0.0170177 	
0.39	3.12292 	-0.37567 	-1.95847 	-0.00308001 	-0.120335 	0.0170441 	
0.395	3.12428 	-0.375141 	-1.96093 	-0.00304417 	-0.120496 	0.0170712 	
0.4	3.12564 	-0.374956 	-1.9634 	-0.00301914 	-0.120658 	0.0171003 	
0.405	3.12701 	-0.375007 	-1.96587 	-0.00300096 	-0.12082 	0.0171321 	
0.41	3.12988 	-0.375663 	-1.96117 	-0.00312045 	-0.120905 	0.0170131 	
0.415	3.13087 	-0.376064 	-1.96088 	-0.00315187 	-0.120999 	0.0169913 	
0.42	3.13181 	-0.376471 	-1.96122 	-0.00317186 	-0.121098 	0.0169867 	
0.425	3.13302 	-0.372361 	-1.9675 	-0.00295008 	-0.121321 	0.017088 	
0.43	3.13466 	-0.371637 	-1.97077 	-0.0028977 	-0.12151 	0.0171314 	
0.435	3.13624 	-0.371326 	-1.9738 	-0.00286135 	-0.121693 	0.0171714 	
0.44	3.13777 	-0.371304 	-1.97665 	-0.00283585 	-0.121873 	0.0172101 	
0.445	3.14079 	-0.370977 	-1.97159 	-0.00292938 	-0.121964 	0.0170709 	
0.45	3.14183 	-0.371126 	-1.9712 	-0.00295629 	-0.122068 	0.0170395 	
0.455	3.14282 	-0.371389 	-1.97146 	-0.00297599 	-0.122176 	0.0170254 	
0.46	3.14395 	-0.36834 	-1.97803 	-0.00278934 	-0.122406 	0.0171297 	
0.465	3.14565 	-0.367889 	-1.98134 	-0.00274625 	-0.122601 	0.0171728 	
0.47	3.14728 	-0.367781 	-1.98439 	-0.00271687 	-0.122791 	0.0172127 	
0.475	3.14887 	-0.367907 	-1.98723 	-0.00269658 	-0.122978 	0.0172516 	
0.48	3.15197 	-0.366219 	-1.98241 	-0.00274175 	-0.123083 	0.017103 	
0.485	3.15311 	-0.366076 	-1.98208 	-0.00276152 	-0.123199 	0.0170646 	
0.49	3.15421 	-0.366165 	-1.98234 	-0.00277891 	-0.123321 	0.0170434 	
0.495	3.15532 	-0.364171 	-1.98906 	-0.00262949 	-0.123556 	0.017149 	
0.5	3.1571 	-0.363981 	-1.99241 	-0.00259587 	-0.123759 	0.0171917 	
0.505	3.15879 	-0.364066 	-1.99547 	-0.00257364 	-0.123956 	0.0172316 	
0.51	3.16045 	-0.364336 	-1.99829 	-0.00255873 	-0.124149 	0.0172708 	
0.515	3.16364 	-0.361335 	-1.99384 	-0.00255652 	-0.12427 	0.0171134 	
0.52	3.1649 	-0.36091 	-1.9936 	-0.00256921 	-0.124401 	0.0170687 	
0.525	3.1661 	-0.360831 	-1.99391 	-0.00258421 	-0.124536 	0.0170409 	
0.53	3.16732 	-0.360988 	-1.99469 	-0.00259876 	-0.124676 	0.017028 	
0.535	3.16898 	-0.358954 	-2.00339 	-0.00242616 	-0.124965 	0.0171682 	
0.54	3.17114 	-0.358818 	-2.00759 	-0.00238597 	-0.125202 	0.017225 	
0.545	3.1731 	-0.35897 	-2.01121 	-0.00236051 	-0.125425 	0.0172737 	
0.55	3.17605 	-0.356989 	-2.00656 	-0.00239712 	-0.125547 	0.017116 	
0.555	3.17728 	-0.356823 	-2.00643 	-0.00241694 	-0.125687 	0.0170748 	
0.56	3.17851 	-0.356936 	-2.00682 	-0.00243681 	-0.12583 	0.0170503 	
0.565	3.17979 	-0.357233 	-2.00764 	-0.00245469 	-0.125977 	0.0170404 	
0.57	3.18168 	-0.353827 	-2.01564 	-0.00225421 	-0.126277 	0.0171391 	
0.575	3.18386 	-0.353398 	-2.01953 	-0.00221347 	-0.12652 	0.0171776 	
0.58	3.18584 	-0.353372 	-2.0229 	-0.00219031 	-0.126749 	0.0172105 	
0.585	3.1877 	-0.353622 	-2.02587 	-0.00217889 	-0.126968 	0.0172408 	
0.59	3.19102 	-0.351608 	-2.02037 	-0.00223189 	-0.127088 	0.0170589 	
0.595	3.1923 	-0.351475 	-2.01969 	-0.00226282 	-0.127223 	0.0170029 	
0.6	3.19355 	-0.351627 	-2.01964 	-0.0022922 	-0.127362 	0.0169662 	
0.605	3.19501 	-0.349331 	-2.0284 	-0.00211625 	-0.12766 	0.0170846 	
0.61	3.19716 	-0.34919 	-2.03231 	-0.00208487 	-0.127903 	0.0171233 	
0.615	3.19912 	-0.349374 	-2.03566 	-0.00206857 	-0.128133 	0.0171568 	
0.62	3.20096 	-0.349778 	-2.0386 	-0.00206213 	-0.128353 	0.0171879 	
0.625	3.20426 	-0.346228 	-2.03382 	-0.00205776 	-0.128491 	0.0169939 	
0.63	3.20562 	-0.345758 	-2.03335 	-0.00207883 	-0.12864 	0.0169309 	
0.635	3.20694 	-0.345702 	-2.03344 	-0.00210395 	-0.128792 	0.0168869 	
0.64	3.20832 	-0.344628 	-2.04175 	-0.00197684 	-0.129083 	0.0170012 	
0.645	3.21044 	-0.344781 	-2.04551 	-0.0019578 	-0.129326 	0.0170373 	
0.65	3.21239 	-0.345183 	-2.04874 	-0.00195067 	-0.129556 	0.0170693 	
0.655	3.21424 	-0.345745 	-2.05157 	-0.00195099 	-0.129777 	0.0170999 	
0.66	3.21756 	-0.34073 	-2.04768 	-0.00189067 	-0.129936 	0.016895 	
0.665	3.21904 	-0.339943 	-2.04748 	-0.00190259 	-0.130101 	0.0168254 	
0.67	3.22047 	-0.339695 	-2.04773 	-0.00192386 	-0.130268 	0.0167746 	
0.675	3.2219 	-0.339822 	-2.04837 	-0.00194954 	-0.130437 	0.0167406 	
0.68	3.22385 	-0.339032 	-2.05883 	-0.00180829 	-0.13078 	0.0168923 	
0.685	3.22633 	-0.339363 	-2.06349 	-0.00178557 	-0.131053 	0.0169446 	
0.69	3.2285 	-0.339914 	-2.06731 	-0.00177696 	-0.131307 	0.0169874 	
0.695	3.23163 	-0.33606 	-2.06274 	-0.00176426 	-0.13146 	0.0167819 	
0.7	3.23303 	-0.335597 	-2.0625 	-0.00178623 	-0.131628 	0.0167162 	
0.705	3.23442 	-0.335582 	-2.06271 	-0.00181423 	-0.131798 	0.0166692 	
0.71	3.23583 	-0.335875 	-2.0633 	-0.00184431 	-0.131969 	0.0166386 	
0.715	3.23796 	-0.333283 	-2.07341 	-0.00166154 	-0.132327 	0.0167396 	
0.72	3.24044 	-0.333206 	-2.07787 	-0.00163535 	-0.132607 	0.0167703 	
0.725	3.24259 	-0.333497 	-2.08149 	-0.0016272 	-0.132866 	0.0167946 	
0.73	3.24537 	-0.331146 	-2.0774 	-0.00165396 	-0.13302 	0.0166184 	
0.735	3.24675 	-0.331033 	-2.07729 	-0.0016846 	-0.133192 	0.0165603 	
0.74	3.24816 	-0.331273 	-2.0776 	-0.00171825 	-0.133365 	0.0165199 	
0.745	3.24985 	-0.32877 	-2.08488 	-0.00157884 	-0.13367 	0.0165568 	
0.75	3.25198 	-0.328703 	-2.08818 	-0.00156908 	-0.133923 	0.0165608 	
0.755	3.25392 	-0.329004 	-2.09099 	-0.00157351 	-0.134162 	0.016566 	
0.76	3.25576 	-0.329555 	-2.09343 	-0.00158678 	-0.13439 	0.0165738 	
0.765	3.25754 	-0.330264 	-2.09562 	-0.00160495 	-0.134611 	0.016585 	
0.77	3.26077 	-0.323607 	-2.09369 	-0.00147937 	-0.134811 	0.0163565 	
0.775	3.26247 	-0.322499 	-2.09393 	-0.00148559 	-0.135004 	0.0162705 	
0.78	3.26408 	-0.322086 	-2.09444 	-0.00150779 	-0.135197 	0.0162048 	
0.785	3.26566 	-0.322167 	-2.09519 	-0.00153915 	-0.135388 	0.0161566 	
0.79	3.26751 	-0.322711 	-2.10528 	-0.00145612 	-0.135732 	0.0162934 	
0.795	3.26995 	-0.323478 	-2.10974 	-0.00145554 	-0.136011 	0.0163349 	
0.8	3.27207 	-0.324378 	-2.11332 	-0.00146543 	-0.136268 	0.0163692 	
0.805	3.27524 	-0.318796 	-2.10998 	-0.00139298 	-0.136455 	0.016132 	
0.81	3.2768 	-0.31804 	-2.11001 	-0.00141137 	-0.136646 	0.0160502 	
0.815	3.2783 	-0.317877 	-2.11035 	-0.00144165 	-0.136836 	0.0159884 	
0.82	3.27981 	-0.318131 	-2.11096 	-0.00147817 	-0.137025 	0.015944 	
0.825	3.28182 	-0.316538 	-2.12107 	-0.00134202 	-0.137389 	0.0160237 	
0.83	3.28425 	-0.316802 	-2.12542 	-0.00133515 	-0.137676 	0.0160416 	
0.835	3.28633 	-0.317372 	-2.12887 	-0.00134366 	-0.13794 	0.0160557 	
0.84	3.28915 	-0.313626 	-2.12562 	-0.00132375 	-0.13812 	0.0158529 	
0.845	3.29062 	-0.313287 	-2.12565 	-0.0013535 	-0.13831 	0.0157798 	
0.85	3.29209 	-0.313424 	-2.12599 	-0.0013911 	-0.138499 	0.0157256 	
0.855	3.29358 	-0.313889 	-2.1266 	-0.00143207 	-0.138687 	0.0156879 	
0.86	3.29581 	-0.310258 	-2.13681 	-0.00124511 	-0.139068 	0.0157097 	
0.865	3.29826 	-0.310054 	-2.14111 	-0.00123186 	-0.139361 	0.0157052 	
0.87	3.30033 	-0.310319 	-2.14448 	-0.00123871 	-0.13963 	0.0157005 	
0.875	3.30218 	-0.310906 	-2.1472 	-0.00125861 	-0.13988 	0.0156975 	
0.88	3.30523 	-0.307038 	-2.14288 	-0.00125199 	-0.140045 	0.0154673 	
0.885	3.30665 	-0.306679 	-2.14229 	-0.00129088 	-0.140222 	0.0153792 	
0.89	3.30805 	-0.306815 	-2.14213 	-0.00133643 	-0.140399 	0.0153132 	
0.895	3.30964 	-0.304873 	-2.15212 	-0.00120063 	-0.140756 	0.0153605 	
0.9	3.31187 	-0.305052 	-2.15612 	-0.00120151 	-0.141036 	0.015358 	
0.905	3.3138 	-0.305592 	-2.15927 	-0.00121813 	-0.141294 	0.015356 	
0.91	3.31555 	-0.306374 	-2.16182 	-0.00124454 	-0.141536 	0.0153561 	
0.915	3.31859 	-0.300579 	-2.15898 	-0.00116853 	-0.141725 	0.0150949 	
0.92	3.32009 	-0.299785 	-2.15883 	-0.00119485 	-0.141917 	0.0149947 	
0.925	3.32154 	-0.299638 	-2.15896 	-0.00123428 	-0.142106 	0.0149177 	
0.93	3.32288 	-0.299303 	-2.16759 	-0.00116375 	-0.142435 	0.014972 	
0.935	3.32493 	-0.299845 	-2.17116 	-0.00118014 	-0.142703 	0.0149698 	
0.94	3.32674 	-0.300648 	-2.174 	-0.00120763 	-0.142951 	0.0149692 	
0.945	3.32842 	-0.301615 	-2.17633 	-0.00124142 	-0.143186 	0.0149714 	
0.95	3.3315 	-0.294044 	-2.17504 	-0.00110128 	-0.143401 	0.0146796 	
0.955	3.33313 	-0.29285 	-2.17534 	-0.00111638 	-0.143607 	0.0145677 	
0.96	3.33464 	-0.292444 	-2.17575 	-0.00115041 	-0.143809 	0.0144803 	
0.965	3.3361 	-0.2926 	-2.17631 	-0.00119563 	-0.144008 	0.0144136 	
0.97	3.33765 	-0.292936 	-2.18649 	-0.00113098 	-0.144365 	0.0144998 	
0.975	3.33982 	-0.293784 	-2.1907 	-0.00114996 	-0.144647 	0.0145129 	
0.98	3.34167 	-0.294811 	-2.19396 	-0.00117944 	-0.144906 	0.0145238 	
0.985	3.34461 	-0.288732 	-2.19133 	-0.00109694 	-0.145102 	0.0142475 	
0.99	3.34606 	-0.28796 	-2.19136 	-0.00112494 	-0.1453 	0.0141451 	
0.995	3.34745 	-0.287851 	-2.19158 	-0.00116701 	-0.145495 	0.0140661 	
1	3.34883 	-0.288208 	-2.19198 	-0.00121678 	-0.145688 	0.0140068 	
1.005	3.35051 	-0.286132 	-2.20248 	-0.00109188 	-0.146062 	0.0140215 	
1.01	3.35266 	-0.286393 	-2.20668 	-0.00110183 	-0.14635 	0.0140082 	
1.015	3.35446 	-0.287023 	-2.20987 	-0.00112768 	-0.146612 	0.0139973 	
1.02	3.35604 	-0.2879 	-2.21235 	-0.00116332 	-0.146855 	0.0139899 	
1.025	3.35927 	-0.281339 	-2.20862 	-0.00108276 	-0.147031 	0.0136769 	
1.03	3.36067 	-0.280392 	-2.20799 	-0.00111547 	-0.147213 	0.0135557 	
1.035	3.36198 	-0.28017 	-2.20768 	-0.00116277 	-0.147394 	0.0134614 	
1.04	3.36295 	-0.280174 	-2.21757 	-0.00110232 	-0.147737 	0.0135156 	
1.045	3.36483 	-0.280845 	-2.22135 	-0.00112755 	-0.148008 	0.0135069 	
1.05	3.36644 	-0.281769 	-2.22424 	-0.00116376 	-0.148256 	0.0135007 	
1.055	3.36897 	-0.276478 	-2.22253 	-0.00109536 	-0.148456 	0.013246 	
1.06	3.37031 	-0.275923 	-2.22278 	-0.00112883 	-0.148655 	0.0131481 	
1.065	3.37159 	-0.275982 	-2.22313 	-0.0011752 	-0.148849 	0.0130729 	
1.07	3.37288 	-0.27647 	-2.2236 	-0.00122848 	-0.149039 	0.0130168 	
1.075	3.37439 	-0.273241 	-2.23287 	-0.00109771 	-0.14939 	0.0129609 	
1.08	3.3763 	-0.273232 	-2.23655 	-0.00111201 	-0.149664 	0.0129221 	
1.085	3.37789 	-0.273687 	-2.23933 	-0.00114308 	-0.149914 	0.0128917 	
1.09	3.37931 	-0.274461 	-2.24149 	-0.00118448 	-0.150147 	0.0128692 	
1.095	3.38201 	-0.269031 	-2.23894 	-0.00112322 	-0.150329 	0.0125932 	
1.1	3.38331 	-0.268392 	-2.23868 	-0.00116124 	-0.150513 	0.0124833 	
1.105	3.38456 	-0.268398 	-2.23863 	-0.00121182 	-0.150694 	0.0123988 	
1.11	3.3858 	-0.268855 	-2.2388 	-0.00126893 	-0.150874 	0.0123354 	
1.115	3.38726 	-0.266006 	-2.25081 	-0.00112528 	-0.151264 	0.0123161 	
1.12	3.38927 	-0.266124 	-2.25536 	-0.00113671 	-0.151554 	0.0122883 	
1.125	3.39085 	-0.266677 	-2.2587 	-0.00116611 	-0.151814 	0.0122657 	
1.13	3.39347 	-0.263162 	-2.25447 	-0.00117369 	-0.151969 	0.0120208 	
1.135	3.39455 	-0.262972 	-2.25387 	-0.00122449 	-0.152141 	0.0119233 	
1.14	3.39564 	-0.26329 	-2.25358 	-0.00128278 	-0.152311 	0.0118493 	
1.145	3.39651 	-0.260417 	-2.26206 	-0.00117488 	-0.152629 	0.0117805 	
1.15	3.39808 	-0.260459 	-2.2652 	-0.00119803 	-0.15288 	0.0117319 	
1.155	3.39941 	-0.260957 	-2.26757 	-0.00123593 	-0.153112 	0.0116948 	
1.16	3.40062 	-0.261768 	-2.26942 	-0.00128263 	-0.153328 	0.0116678 	
1.165	3.40297 	-0.255928 	-2.26831 	-0.00119964 	-0.153519 	0.0113851 	
1.17	3.4042 	-0.255206 	-2.26845 	-0.0012341 	-0.153705 	0.0112727 	
1.175	3.40535 	-0.255163 	-2.26867 	-0.00128295 	-0.153887 	0.0111863 	
1.18	3.40649 	-0.255598 	-2.269 	-0.00133974 	-0.154065 	0.0111213 	
1.185	3.40749 	-0.253053 	-2.27852 	-0.00123565 	-0.154401 	0.0110675 	
1.19	3.4091 	-0.253232 	-2.28218 	-0.00125891 	-0.154661 	0.0110278 	
1.195	3.41043 	-0.25383 	-2.2849 	-0.00129683 	-0.154896 	0.0109975 	
1.2	3.41159 	-0.254714 	-2.28696 	-0.00134352 	-0.155115 	0.0109759 	
1.205	3.41447 	-0.248181 	-2.28386 	-0.001265 	-0.155276 	0.010642 	
1.21	3.41564 	-0.247268 	-2.28327 	-0.00130257 	-0.155443 	0.010513 	
1.215	3.41672 	-0.247091 	-2.28293 	-0.00135472 	-0.155609 	0.0104135 	
1.22	3.41704 	-0.246766 	-2.29167 	-0.00131501 	-0.155911 	0.0104172 	
1.225	3.41839 	-0.247374 	-2.29488 	-0.00135181 	-0.156151 	0.0103883 	
1.23	3.41953 	-0.248275 	-2.29729 	-0.00139821 	-0.156372 	0.0103677 	
1.235	3.42174 	-0.242998 	-2.29589 	-0.00133512 	-0.156551 	0.0100914 	
1.24	3.4228 	-0.242456 	-2.29604 	-0.00137397 	-0.156728 	0.00998503 	
1.245	3.4238 	-0.242538 	-2.29626 	-0.00142536 	-0.156902 	0.00990399 	
1.25	3.4248 	-0.243058 	-2.29657 	-0.00148346 	-0.157071 	0.00984384 	
1.255	3.42559 	-0.239513 	-2.30474 	-0.00137474 	-0.157374 	0.00972943 	
1.26	3.42693 	-0.239421 	-2.30786 	-0.00139948 	-0.157612 	0.00966982 	
1.265	3.42804 	-0.239828 	-2.31017 	-0.0014393 	-0.15783 	0.00962483 	
1.27	3.42903 	-0.24058 	-2.31193 	-0.00148816 	-0.158033 	0.00959229 	
1.275	3.43139 	-0.235288 	-2.30965 	-0.00143348 	-0.158191 	0.00930211 	
1.28	3.43243 	-0.234685 	-2.30932 	-0.00147519 	-0.158352 	0.00918807 	
1.285	3.43339 	-0.234721 	-2.30918 	-0.00152879 	-0.158511 	0.0091013 	
1.29	3.43434 	-0.235206 	-2.30923 	-0.00158852 	-0.158667 	0.00903695 	
1.295	3.43486 	-0.232024 	-2.31958 	-0.00147241 	-0.158994 	0.00895405 	
1.3	3.4362 	-0.232033 	-2.32338 	-0.00149442 	-0.15924 	0.00890478 	
1.305	3.43723 	-0.23251 	-2.32615 	-0.00153194 	-0.159462 	0.00886784 	
1.31	3.4381 	-0.233311 	-2.3282 	-0.00157891 	-0.159665 	0.00884157 	
1.315	3.44119 	-0.22764 	-2.32339 	-0.00153907 	-0.159788 	0.0085075 	
1.32	3.44217 	-0.226915 	-2.32218 	-0.0015849 	-0.159924 	0.00838033 	
1.325	3.44305 	-0.226857 	-2.32136 	-0.00164184 	-0.160061 	0.0082832 	
1.33	3.44276 	-0.225816 	-2.33099 	-0.00158316 	-0.160352 	0.00826592 	
1.335	3.44379 	-0.22625 	-2.33431 	-0.0016169 	-0.160576 	0.00823054 	
1.34	3.44461 	-0.227022 	-2.33677 	-0.00166123 	-0.160779 	0.00820552 	
1.345	3.4468 	-0.222374 	-2.33399 	-0.00162741 	-0.160918 	0.00792699 	
1.35	3.4476 	-0.221938 	-2.33365 	-0.00167142 	-0.161066 	0.00782131 	
1.355	3.44835 	-0.222082 	-2.3335 	-0.00172545 	-0.161212 	0.00774185 	
1.36	3.4491 	-0.222631 	-2.33354 	-0.00178437 	-0.161356 	0.00768386 	
1.365	3.44934 	-0.218688 	-2.34197 	-0.00167095 	-0.161634 	0.0075474 	
1.37	3.45033 	-0.218467 	-2.34505 	-0.00169416 	-0.16185 	0.00748198 	
1.375	3.45111 	-0.218771 	-2.34731 	-0.00173243 	-0.162047 	0.00743351 	
1.38	3.45179 	-0.219442 	-2.34902 	-0.00177986 	-0.16223 	0.0073991 	
1.385	3.45429 	-0.214939 	-2.34525 	-0.00175773 	-0.162349 	0.00711396 	
1.39	3.45512 	-0.214492 	-2.34439 	-0.00180473 	-0.162479 	0.00700431 	
1.395	3.45588 	-0.214619 	-2.34386 	-0.00186041 	-0.162609 	0.00692207 	
1.4	3.45662 	-0.215144 	-2.34364 	-0.00191998 	-0.162738 	0.00686227 	
1.405	3.4565 	-0.211384 	-2.35456 	-0.00179212 	-0.163043 	0.00675656 	
1.41	3.45747 	-0.21121 	-2.35845 	-0.00181013 	-0.163267 	0.00670176 	
1.415	3.45815 	-0.211542 	-2.36125 	-0.00184411 	-0.163468 	0.00666161 	
1.42	3.46071 	-0.209103 	-2.35597 	-0.00188378 	-0.163564 	0.00643256 	
1.425	3.46136 	-0.209109 	-2.35487 	-0.00193979 	-0.163681 	0.00634252 	
1.43	3.46198 	-0.209542 	-2.35419 	-0.00199972 	-0.163798 	0.00627657 	
1.435	3.46159 	-0.206161 	-2.36146 	-0.00190797 	-0.164031 	0.00615047 	
1.44	3.46225 	-0.206026 	-2.36395 	-0.00193494 	-0.164216 	0.00608761 	
1.445	3.46279 	-0.206373 	-2.36583 	-0.00197434 	-0.164387 	0.00604233 	
1.45	3.46328 	-0.207055 	-2.36729 	-0.00202102 	-0.164547 	0.00601146 	
1.455	3.46376 	-0.207961 	-2.36848 	-0.00207118 	-0.164699 	0.00599247 	
1.46	3.46645 	-0.200534 	-2.3657 	-0.00197222 	-0.164811 	0.0056056 	
1.465	3.46729 	-0.199313 	-2.36503 	-0.00200142 	-0.16493 	0.00546545 	
1.47	3.46797 	-0.19888 	-2.36457 	-0.00204601 	-0.165049 	0.00535906 	
1.475	3.46858 	-0.199011 	-2.36437 	-0.00209935 	-0.165168 	0.00528013 	
1.48	3.46772 	-0.199356 	-2.3737 	-0.00207716 	-0.165418 	0.00531583 	
1.485	3.46829 	-0.200178 	-2.37712 	-0.00211374 	-0.165609 	0.00530804 	
1.49	3.46872 	-0.201191 	-2.37967 	-0.00215656 	-0.165782 	0.00530652 	
1.495	3.47159 	-0.19532 	-2.37503 	-0.00210816 	-0.165873 	0.0049591 	
1.5	3.47225 	-0.19454 	-2.37407 	-0.00214543 	-0.16598 	0.00484014 	
1.505	3.47281 	-0.194401 	-2.37344 	-0.00219331 	-0.166088 	0.00475115 	
1.51	3.47331 	-0.194716 	-2.37313 	-0.00224659 	-0.166197 	0.00468658 	
1.515	3.47243 	-0.192935 	-2.38175 	-0.00218263 	-0.16643 	0.00463516 	
1.52	3.47287 	-0.193184 	-2.38486 	-0.00221003 	-0.166609 	0.00460094 	
1.525	3.47319 	-0.193782 	-2.38718 	-0.00224707 	-0.166771 	0.00457894 	
1.53	3.47572 	-0.19009 	-2.38255 	-0.00224675 	-0.166854 	0.0043144 	
1.535	3.47628 	-0.189781 	-2.38162 	-0.00229065 	-0.166953 	0.00421991 	
1.54	3.47676 	-0.18996 	-2.38107 	-0.00234067 	-0.167052 	0.00415107 	
1.545	3.4772 	-0.190478 	-2.38085 	-0.002393 	-0.167153 	0.00410315 	
1.55	3.47643 	-0.186837 	-2.38868 	-0.00229342 	-0.167366 	0.00397305 	
1.555	3.4768 	-0.186595 	-2.39152 	-0.00231233 	-0.167532 	0.00391662 	
1.56	3.47704 	-0.186832 	-2.39366 	-0.00234379 	-0.167684 	0.0038775 	
1.565	3.47724 	-0.187406 	-2.39532 	-0.00238286 	-0.167826 	0.00385243 	
1.57	3.48046 	-0.18397 	-2.38951 	-0.00239677 	-0.167891 	0.00358541 	
1.575	3.48115 	-0.183693 	-2.38803 	-0.00244303 	-0.167971 	0.00349044 	
1.58	3.48168 	-0.183873 	-2.38708 	-0.00249354 	-0.168053 	0.00342153 	
1.585	3.48213 	-0.184371 	-2.3866 	-0.00254499 	-0.168136 	0.00337393 	
1.59	3.48076 	-0.180881 	-2.39721 	-0.00242675 	-0.168373 	0.00328169 	
1.595	3.48101 	-0.180667 	-2.40094 	-0.00243808 	-0.168546 	0.00323885 	
1.6	3.48109 	-0.180912 	-2.4037 	-0.00246307 	-0.1687 	0.00321042 	
1.605	3.48437 	-0.179336 	-2.39672 	-0.00252704 	-0.168747 	0.00300228 	
1.61	3.48488 	-0.179457 	-2.39514 	-0.00257872 	-0.168816 	0.00292838 	
1.615	3.48527 	-0.179901 	-2.39415 	-0.00263068 	-0.168887 	0.00287689 	
1.62	3.48559 	-0.180562 	-2.39365 	-0.00268088 	-0.16896 	0.00284373 	
1.625	3.48422 	-0.175627 	-2.40289 	-0.00253949 	-0.169166 	0.00268362 	
1.63	3.48431 	-0.175017 	-2.40611 	-0.00254476 	-0.169319 	0.00262208 	
1.635	3.48427 	-0.174968 	-2.40852 	-0.00256542 	-0.169458 	0.00257946 	
1.64	3.48717 	-0.174992 	-2.40211 	-0.00265836 	-0.169502 	0.00244155 	
1.645	3.48758 	-0.175458 	-2.40073 	-0.00271249 	-0.169565 	0.00238924 	
1.65	3.48789 	-0.176128 	-2.39993 	-0.00276383 	-0.16963 	0.00235564 	
1.655	3.48814 	-0.176928 	-2.3996 	-0.00281137 	-0.169698 	0.00233728 	
1.66	3.48694 	-0.170834 	-2.40744 	-0.00265312 	-0.169874 	0.00212006 	
1.665	3.48696 	-0.169902 	-2.41023 	-0.00265299 	-0.17001 	0.002044 	
1.67	3.48686 	-0.169608 	-2.41235 	-0.00266956 	-0.170135 	0.00199045 	
1.675	3.48673 	-0.169775 	-2.41402 	-0.00269701 	-0.170253 	0.00195487 	
1.68	3.49062 	-0.170743 	-2.40645 	-0.00282086 	-0.170288 	0.0018394 	
1.685	3.49129 	-0.1715 	-2.40454 	-0.00288159 	-0.170334 	0.00179923 	
1.69	3.49172 	-0.17234 	-2.40335 	-0.00293488 	-0.170381 	0.001776 	
1.695	3.48973 	-0.167479 	-2.41134 	-0.00279455 	-0.170537 	0.00162398 	
1.7	3.48955 	-0.166876 	-2.41398 	-0.0027965 	-0.170655 	0.00157028 	
1.705	3.48931 	-0.166793 	-2.41606 	-0.00281201 	-0.170766 	0.00153483 	
1.71	3.48907 	-0.167081 	-2.41774 	-0.00283625 	-0.170871 	0.001514 	
1.715	3.493 	-0.166571 	-2.41053 	-0.00292162 	-0.170903 	0.00134802 	
1.72	3.49363 	-0.166918 	-2.40877 	-0.00297096 	-0.170944 	0.00129503 	
1.725	3.49399 	-0.167453 	-2.40768 	-0.00301629 	-0.170986 	0.00126148 	
1.73	3.49187 	-0.164276 	-2.41475 	-0.00291615 	-0.171117 	0.0011736 	
1.735	3.49156 	-0.164027 	-2.41716 	-0.00292259 	-0.17122 	0.00114002 	
1.74	3.49123 	-0.164175 	-2.41913 	-0.00293906 	-0.171318 	0.00112092 	
1.745	3.49093 	-0.164604 	-2.42079 	-0.00296176 	-0.171412 	0.00111347 	
1.75	3.49496 	-0.162887 	-2.4139 	-0.00301601 	-0.171441 	0.000905339 	
1.755	3.49559 	-0.162908 	-2.41226 	-0.00305621 	-0.171477 	0.000842139 	
1.76	3.49592 	-0.163198 	-2.41126 	-0.00309495 	-0.171514 	0.000800451 	
1.765	3.49608 	-0.163673 	-2.41081 	-0.00313104 	-0.171553 	0.00077636 	
1.77	3.49374 	-0.160673 	-2.4193 	-0.00302231 	-0.171697 	0.000715941 	
1.775	3.49329 	-0.160438 	-2.42243 	-0.00302127 	-0.171804 	0.000695509 	
1.78	3.49281 	-0.160582 	-2.4249 	-0.00303127 	-0.171904 	0.000686744 	
1.785	3.49679 	-0.160315 	-2.41754 	-0.00311934 	-0.171922 	0.000532092 	
1.79	3.49726 	-0.160634 	-2.41599 	-0.00316132 	-0.171952 	0.000488273 	
1.795	3.49746 	-0.161116 	-2.4151 	-0.00319908 	-0.171983 	0.000462628 	
1.8	3.4975 	-0.161706 	-2.41475 	-0.0032324 	-0.172016 	0.000451789 	
1.805	3.49744 	-0.162364 	-2.41485 	-0.00326133 	-0.172052 	0.000452919 	
1.81	3.49551 	-0.156974 	-2.42223 	-0.00310924 	-0.172177 	0.000283589 	
1.815	3.495 	-0.156074 	-2.42509 	-0.0030958 	-0.172273 	0.000233662 	
1.82	3.49444 	-0.15573 	-2.42738 	-0.00309752 	-0.172363 	0.000201969 	
1.825	3.49851 	-0.158356 	-2.4199 	-0.00324903 	-0.172376 	0.000161388 	
1.83	3.49898 	-0.159315 	-2.41837 	-0.00329961 	-0.172398 	0.000151963 	
1.835	3.49916 	-0.16022 	-2.41754 	-0.00333967 	-0.172419 	0.000154818 	
1.84	3.49916 	-0.161074 	-2.41727 	-0.00337101 	-0.172443 	0.00016758 	
1.845	3.49723 	-0.155122 	-2.4233 	-0.00321101 	-0.172536 	-2.97625e-05 	
1.85	3.49663 	-0.154077 	-2.42561 	-0.00319429 	-0.172612 	-8.45805e-05 	
1.855	3.49602 	-0.153604 	-2.42753 	-0.00319244 	-0.172685 	-0.000119628 	
1.86	3.49945 	-0.156913 	-2.42121 	-0.00334515 	-0.172695 	-0.000112634 	
1.865	3.49978 	-0.158002 	-2.42007 	-0.00339157 	-0.172713 	-0.000105716 	
1.87	3.49984 	-0.158979 	-2.41956 	-0.00342668 	-0.172732 	-8.93238e-05 	
1.875	3.49974 	-0.159862 	-2.41957 	-0.0034527 	-0.172753 	-6.53907e-05 	
1.88	3.49839 	-0.153836 	-2.42356 	-0.00330347 	-0.172818 	-0.000283836 	
1.885	3.49782 	-0.152731 	-2.42528 	-0.00328597 	-0.172874 	-0.000341101 	
1.89	3.49723 	-0.15219 	-2.42683 	-0.00328218 	-0.172932 	-0.000377628 	
1.895	3.50004 	-0.155981 	-2.42178 	-0.00343089 	-0.172941 	-0.000329412 	
1.9	3.50025 	-0.157161 	-2.42105 	-0.00347253 	-0.172957 	-0.000307953 	
1.905	3.50021 	-0.158183 	-2.42089 	-0.00350241 	-0.172973 	-0.000279563 	
1.91	3.50003 	-0.159079 	-2.42118 	-0.00352308 	-0.172993 	-0.000245763 	
1.915	3.49974 	-0.159874 	-2.42182 	-0.00353656 	-0.173015 	-0.000207799 	
1.92	3.49961 	-0.152207 	-2.42357 	-0.00337 	-0.173055 	-0.00052219 	
1.925	3.4992 	-0.15056 	-2.4247 	-0.00334472 	-0.173095 	-0.000607893 	
1.93	3.49867 	-0.149611 	-2.42582 	-0.00333576 	-0.173138 	-0.00066673 	
1.935	3.50079 	-0.155971 	-2.42212 	-0.00352624 	-0.173142 	-0.000494666 	
1.94	3.50086 	-0.157732 	-2.42184 	-0.00357182 	-0.173153 	-0.000435968 	
1.945	3.50071 	-0.15914 	-2.42204 	-0.00360103 	-0.173166 	-0.000376969 	
1.95	3.50042 	-0.160278 	-2.42264 	-0.00361796 	-0.173181 	-0.000318087 	
1.955	3.50083 	-0.152474 	-2.42305 	-0.00345438 	-0.173205 	-0.000645425 	
1.96	3.50048 	-0.150843 	-2.42373 	-0.00342813 	-0.173231 	-0.00072725 	
1.965	3.49996 	-0.149875 	-2.42454 	-0.00341668 	-0.173261 	-0.000782724 	
1.97	3.50146 	-0.156226 	-2.42194 	-0.00359266 	-0.173262 	-0.000588319 	
1.975	3.50135 	-0.157949 	-2.42198 	-0.00363097 	-0.173269 	-0.000520424 	
1.98	3.50106 	-0.15931 	-2.42246 	-0.00365356 	-0.173278 	-0.000453905 	
1.985	3.50063 	-0.160396 	-2.42327 	-0.00366452 	-0.17329 	-0.000388886 	
1.99	3.50192 	-0.153271 	-2.42203 	-0.00352712 	-0.173301 	-0.000705267 	
1.995	3.50169 	-0.151769 	-2.42225 	-0.00350298 	-0.173314 	-0.000780011 	
2	3.50122 	-0.150862 	-2.42273 	-0.00349103 	-0.17333 	-0.000829593 	
2.005	3.50061 	-0.1504 	-2.42346 	-0.00348725 	-0.173349 	-0.000858937 	
2.01	3.50249 	-0.158417 	-2.42093 	-0.00369862 	-0.173338 	-0.000598996 	
2.015	3.50247 	-0.16072 	-2.42107 	-0.00374269 	-0.173332 	-0.000497321 	
2.02	3.5022 	-0.162448 	-2.42163 	-0.00376505 	-0.173331 	-0.000402702 	
2.025	3.50211 	-0.154845 	-2.42237 	-0.0035985 	-0.173345 	-0.000705704 	
2.03	3.50159 	-0.153362 	-2.42321 	-0.00356618 	-0.173362 	-0.000764306 	
2.035	3.50098 	-0.15244 	-2.42422 	-0.00354612 	-0.173383 	-0.000800627 	
2.04	3.50032 	-0.15194 	-2.42539 	-0.00353464 	-0.173408 	-0.000819221 	
2.045	3.502 	-0.158682 	-2.42301 	-0.00372462 	-0.173404 	-0.000615444 	
2.05	3.50197 	-0.160567 	-2.42334 	-0.00376016 	-0.173407 	-0.000529405 	
2.055	3.50177 	-0.161979 	-2.42408 	-0.00377646 	-0.173414 	-0.000447408 	
2.06	3.50107 	-0.155345 	-2.42627 	-0.00361975 	-0.173445 	-0.000692358 	
2.065	3.50054 	-0.154029 	-2.42773 	-0.00358572 	-0.173477 	-0.000734754 	
2.07	3.49999 	-0.153213 	-2.42924 	-0.00356299 	-0.173513 	-0.000757944 	
2.075	3.49945 	-0.152777 	-2.43079 	-0.00354837 	-0.173552 	-0.000765983 	
2.08	3.49894 	-0.152626 	-2.4324 	-0.00353946 	-0.173595 	-0.000762085 	
2.085	3.50122 	-0.15913 	-2.42942 	-0.0037539 	-0.173603 	-0.000608386 	
2.09	3.50149 	-0.160989 	-2.42966 	-0.00379464 	-0.173617 	-0.000529995 	
2.095	3.50157 	-0.162346 	-2.43035 	-0.00381289 	-0.173634 	-0.000453317 	
2.1	3.50006 	-0.155119 	-2.43525 	-0.003609 	-0.173699 	-0.00066963 	
2.105	3.49956 	-0.153627 	-2.43763 	-0.00356245 	-0.173756 	-0.000705099 	
2.11	3.4991 	-0.152691 	-2.4398 	-0.00353087 	-0.173816 	-0.00072313 	
2.115	3.49868 	-0.152176 	-2.44183 	-0.00351029 	-0.173876 	-0.000727483 	
2.12	3.50064 	-0.158353 	-2.43919 	-0.0037275 	-0.173896 	-0.00059789 	
2.125	3.50092 	-0.159983 	-2.43964 	-0.00376537 	-0.173925 	-0.000530266 	
2.13	3.50109 	-0.161173 	-2.44048 	-0.00378196 	-0.173956 	-0.000462214 	
2.135	3.49961 	-0.154823 	-2.44599 	-0.00359065 	-0.174042 	-0.000632506 	
2.14	3.49927 	-0.153531 	-2.44865 	-0.0035456 	-0.174116 	-0.000654791 	
2.145	3.49898 	-0.152734 	-2.45102 	-0.00351431 	-0.174189 	-0.000662332 	
2.15	3.49873 	-0.152314 	-2.45319 	-0.00349321 	-0.174262 	-0.000658362 	
2.155	3.49855 	-0.152176 	-2.45522 	-0.00347955 	-0.174336 	-0.000645383 	
2.16	3.50038 	-0.158121 	-2.45303 	-0.00372644 	-0.174373 	-0.000570449 	
2.165	3.5008 	-0.159726 	-2.45358 	-0.00377192 	-0.174416 	-0.000513155 	
2.17	3.50114 	-0.160856 	-2.4545 	-0.00379202 	-0.174461 	-0.000452273 	
2.175	3.49955 	-0.153986 	-2.46153 	-0.00354692 	-0.17458 	-0.000580793 	
2.18	3.49936 	-0.152564 	-2.46472 	-0.00348903 	-0.174675 	-0.000593304 	
2.185	3.4992 	-0.151692 	-2.46745 	-0.00344935 	-0.174767 	-0.000594074 	
2.19	3.49909 	-0.151235 	-2.46985 	-0.00342321 	-0.174856 	-0.000585595 	
2.195	3.50049 	-0.156895 	-2.46843 	-0.00367506 	-0.174906 	-0.000535737 	
2.2	3.50086 	-0.158301 	-2.46928 	-0.00371814 	-0.174963 	-0.000488287 	
2.205	3.50121 	-0.159287 	-2.4704 	-0.00373687 	-0.175021 	-0.000435153 	
2.21	3.49987 	-0.153255 	-2.47725 	-0.00350764 	-0.175151 	-0.000526827 	
2.215	3.49982 	-0.152029 	-2.48044 	-0.00345253 	-0.175256 	-0.000528952 	
2.22	3.4998 	-0.151294 	-2.48315 	-0.00341423 	-0.175356 	-0.000521465 	
2.225	3.49983 	-0.150931 	-2.48553 	-0.00338847 	-0.175452 	-0.000506413 	
2.23	3.49992 	-0.150847 	-2.48768 	-0.00337189 	-0.175546 	-0.000485372 	
2.235	3.50072 	-0.156254 	-2.48788 	-0.00365858 	-0.175621 	-0.000497998 	
2.24	3.50109 	-0.157611 	-2.48914 	-0.00371071 	-0.175695 	-0.000464386 	
2.245	3.50148 	-0.158509 	-2.49051 	-0.0037334 	-0.175767 	-0.000420581 	
2.25	3.50044 	-0.152014 	-2.49729 	-0.00344216 	-0.175915 	-0.000456539 	
2.255	3.50052 	-0.150685 	-2.50053 	-0.00337277 	-0.176031 	-0.000445524 	
2.26	3.50063 	-0.149906 	-2.50326 	-0.00332555 	-0.17614 	-0.000429048 	
2.265	3.50079 	-0.149539 	-2.50563 	-0.00329478 	-0.176244 	-0.000408041 	
2.27	3.50119 	-0.154696 	-2.50695 	-0.00358828 	-0.176334 	-0.000446848 	
2.275	3.50151 	-0.15588 	-2.50858 	-0.00363814 	-0.17642 	-0.000422061 	
2.28	3.50187 	-0.156654 	-2.51018 	-0.00365951 	-0.176503 	-0.000385073 	
2.285	3.50111 	-0.150961 	-2.51619 	-0.00338812 	-0.17665 	-0.000393916 	
2.29	3.50127 	-0.14982 	-2.51921 	-0.00332268 	-0.176768 	-0.000375246 	
2.295	3.50147 	-0.149171 	-2.52176 	-0.00327767 	-0.176879 	-0.000352516 	
2.3	3.50171 	-0.148892 	-2.524 	-0.00324781 	-0.176984 	-0.000326377 	
2.305	3.50164 	-0.153159 	-2.52689 	-0.00351817 	-0.177093 	-0.000393852 	
2.31	3.50191 	-0.154111 	-2.52895 	-0.00356255 	-0.177192 	-0.000377436 	
2.315	3.50223 	-0.154717 	-2.53081 	-0.00358035 	-0.177286 	-0.000346963 	
2.32	3.5026 	-0.155083 	-2.53255 	-0.0035794 	-0.177377 	-0.000306648 	
2.325	3.50185 	-0.148439 	-2.53931 	-0.0032578 	-0.177549 	-0.000312298 	
2.33	3.50204 	-0.146974 	-2.54258 	-0.00317607 	-0.177681 	-0.000294446 	
2.335	3.50223 	-0.146144 	-2.54525 	-0.00312262 	-0.177803 	-0.000274117 	
2.34	3.50247 	-0.151202 	-2.54706 	-0.00341332 	-0.177903 	-0.000313866 	
2.345	3.50276 	-0.152245 	-2.54884 	-0.00345729 	-0.178 	-0.000291254 	
2.35	3.50311 	-0.152943 	-2.55048 	-0.00347602 	-0.178093 	-0.000256773 	
2.355	3.50352 	-0.153398 	-2.55205 	-0.00347688 	-0.178183 	-0.000214021 	
2.36	3.50243 	-0.147032 	-2.5599 	-0.00319368 	-0.178365 	-0.00025616 	
2.365	3.50255 	-0.145624 	-2.56341 	-0.00312136 	-0.178502 	-0.000247615 	
2.37	3.50268 	-0.144807 	-2.5662 	-0.00307334 	-0.178627 	-0.000233403 	
2.375	3.50283 	-0.144433 	-2.5685 	-0.00304324 	-0.178743 	-0.000214444 	
2.38	3.50325 	-0.150597 	-2.56975 	-0.00338846 	-0.178846 	-0.000247262 	
2.385	3.50359 	-0.152018 	-2.5712 	-0.00344951 	-0.178941 	-0.00021962 	
2.39	3.50397 	-0.152932 	-2.57259 	-0.00347671 	-0.17903 	-0.000179692 	
2.395	3.50299 	-0.146258 	-2.57931 	-0.00315609 	-0.179195 	-0.000193527 	
2.4	3.5031 	-0.144908 	-2.58239 	-0.00308049 	-0.179323 	-0.000176591 	
2.405	3.50324 	-0.144124 	-2.58488 	-0.00302922 	-0.179441 	-0.000155694 	
2.41	3.50342 	-0.143765 	-2.58697 	-0.00299595 	-0.179551 	-0.000131377 	
2.415	3.50333 	-0.148988 	-2.58956 	-0.00331532 	-0.179663 	-0.000192845 	
2.42	3.50356 	-0.150139 	-2.59136 	-0.0033688 	-0.179762 	-0.000173743 	
2.425	3.50383 	-0.150859 	-2.59295 	-0.00339094 	-0.179855 	-0.000140615 	
2.43	3.50319 	-0.145057 	-2.59808 	-0.00309493 	-0.180001 	-0.000129956 	
2.435	3.50331 	-0.14389 	-2.60067 	-0.00302328 	-0.180119 	-0.000106184 	
2.44	3.50347 	-0.143232 	-2.60282 	-0.00297406 	-0.180228 	-7.96022e-05 	
2.445	3.50368 	-0.142956 	-2.6047 	-0.00294146 	-0.180332 	-5.05337e-05 	
2.45	3.50321 	-0.147269 	-2.60833 	-0.00323464 	-0.180451 	-0.000138273 	
2.455	3.50334 	-0.148187 	-2.61039 	-0.00328203 	-0.180553 	-0.000127222 	
2.46	3.50351 	-0.148744 	-2.61214 	-0.00330036 	-0.180647 	-0.000100578 	
2.465	3.50374 	-0.149053 	-2.61369 	-0.00329826 	-0.180736 	-6.29865e-05 	
2.47	3.50319 	-0.142305 	-2.61858 	-0.00294869 	-0.180888 	-4.70964e-05 	
2.475	3.5033 	-0.140834 	-2.62107 	-0.00286019 	-0.181006 	-2.33726e-05 	
2.48	3.50342 	-0.140021 	-2.62315 	-0.00280264 	-0.181114 	1.34364e-06 	
2.485	3.50328 	-0.145142 	-2.62534 	-0.00311801 	-0.181212 	-5.96022e-05 	
2.49	3.50342 	-0.14617 	-2.62698 	-0.00316554 	-0.181303 	-4.24341e-05 	
2.495	3.50359 	-0.146839 	-2.62844 	-0.00318557 	-0.181387 	-1.20802e-05 	
2.5	3.50381 	-0.147256 	-2.6298 	-0.0031861 	-0.181469 	2.75627e-05 	
2.505	3.50298 	-0.14081 	-2.63496 	-0.00287878 	-0.181611 	3.85936e-06 	
2.51	3.50298 	-0.139415 	-2.63746 	-0.00280135 	-0.181723 	1.68093e-05 	
2.515	3.50299 	-0.138632 	-2.63952 	-0.0027506 	-0.181825 	3.41034e-05 	
2.52	3.50319 	-0.143473 	-2.6406 	-0.00302708 	-0.181908 	6.96523e-06 	
2.525	3.50332 	-0.144484 	-2.64188 	-0.00306806 	-0.181988 	3.09157e-05 	
2.53	3.5035 	-0.145169 	-2.64311 	-0.00308479 	-0.182064 	6.55154e-05 	
2.535	3.5037 	-0.145625 	-2.64433 	-0.0030843 	-0.182138 	0.000107628 	
2.54	3.50392 	-0.145925 	-2.64556 	-0.00307184 	-0.18221 	0.000154927 	
2.545	3.50266 	-0.138321 	-2.65187 	-0.00276295 	-0.182359 	5.03763e-05 	
2.55	3.5025 	-0.136555 	-2.65466 	-0.00268382 	-0.182471 	3.83709e-05 	
2.555	3.50233 	-0.135516 	-2.65689 	-0.00263344 	-0.182573 	3.61217e-05 	
2.56	3.5034 	-0.142113 	-2.65571 	-0.00294819 	-0.182631 	8.01374e-05 	
2.565	3.50363 	-0.143568 	-2.65634 	-0.00299863 	-0.182694 	0.000121479 	
2.57	3.50386 	-0.144578 	-2.65711 	-0.00302146 	-0.182755 	0.00016948 	
2.575	3.50407 	-0.145266 	-2.65803 	-0.00302454 	-0.182814 	0.000221978 	
2.58	3.50267 	-0.137399 	-2.6638 	-0.00272213 	-0.182942 	8.78368e-05 	
2.585	3.50241 	-0.135649 	-2.66631 	-0.00264853 	-0.18304 	6.86108e-05 	
2.59	3.50214 	-0.134601 	-2.66835 	-0.00260108 	-0.18313 	6.14195e-05 	
2.595	3.50342 	-0.140831 	-2.66666 	-0.00288008 	-0.183176 	0.000127497 	
2.6	3.50364 	-0.142221 	-2.6671 	-0.00292324 	-0.183228 	0.000172971 	
2.605	3.50381 	-0.143206 	-2.66775 	-0.00294197 	-0.183279 	0.000223484 	
2.61	3.50395 	-0.143898 	-2.66858 	-0.00294322 	-0.18333 	0.000277349 	
2.615	3.50275 	-0.138039 	-2.67059 	-0.00271682 	-0.183392 	0.000179815 	
2.62	3.50302 	-0.137573 	-2.67112 	-0.00267514 	-0.183447 	0.000205245 	
2.625	-1.78001 	2.66301 	9.57783 	-0.189994 	0.294366 	-0.0573442 	
2.63	-0.805226 	2.26023 	7.96488 	-0.171394 	0.22533 	-0.0368214 	
2.635	-0.82159 	2.29593 	8.3906 	-0.1832 	0.238966 	-0.0272527 	
2.64	-0.774089 	2.37589 	8.77783 	-0.193285 	0.249443 	-0.0211471 	
2.645	-1.08452 	2.07638 	9.43333 	-0.169387 	0.27633 	0.0113946 	
2.65	-1.19486 	2.05018 	9.90844 	-0.165594 	0.29261 	0.0141865 	
2.655	-1.26931 	1.86524 	10.2806 	-0.147829 	0.305754 	0.0146243 	
2.66	-0.834621 	1.59962 	11.3042 	-0.11652 	0.325696 	0.00673646 	
2.665	-0.899939 	1.76248 	11.1653 	-0.132833 	0.325247 	-0.000104486 	
2.67	-0.947956 	1.44158 	11.2438 	-0.100644 	0.325034 	-0.00188904 	
2.675	-0.78484 	0.958569 	11.0955 	-0.0536197 	0.317883 	-0.00579422 	
2.68	-0.919786 	0.978801 	11.2427 	-0.0556716 	0.31939 	-0.00369863 	
2.685	-1.01364 	0.898754 	11.3126 	-0.047939 	0.316036 	-0.00254204 	
2.69	-1.08773 	0.835045 	11.3703 	-0.0417446 	0.313709 	-0.0019144 	
2.695	-1.14284 	0.763012 	11.4128 	-0.0345762 	0.311825 	-0.00203394 	
2.7	-1.17647 	0.733141 	11.4721 	-0.0320875 	0.314767 	0.000196202 	
2.705	-1.20694 	0.662978 	11.5069 	-0.0244316 	0.316044 	-0.00120259 	
2.71	-1.16458 	0.630617 	11.5376 	-0.0216011 	0.323005 	-0.000623703 	
2.715	-1.16799 	0.601514 	11.5608 	-0.0187925 	0.324934 	-0.000570695 	
2.72	-1.28586 	0.402421 	11.6082 	0.00435866 	0.325635 	-0.00417354 	
2.725	-1.27064 	0.445678 	11.5849 	-0.000700089 	0.321658 	-0.00585525 	
2.73	-1.38006 	0.778739 	12.0253 	-0.0494882 	0.374254 	0.0466234 	
2.735	-1.25273 	0.690336 	11.8637 	-0.0361889 	0.362403 	0.0287258 	
2.74	-1.13793 	0.51475 	11.8354 	-0.0141487 	0.367564 	0.0154545 	
2.745	-1.16743 	0.497158 	11.8016 	-0.012479 	0.360349 	0.0140279 	
2.75	2.21912 	0.108601 	11.8242 	0.022227 	0.698338 	0.000551394 	
2.755	0.960168 	0.84122 	11.9194 	-0.0496343 	0.596006 	0.00837702 	
2.76	0.565934 	0.619699 	11.8199 	-0.0265567 	0.540825 	0.00703745 	
2.765	0.240091 	0.534169 	11.7571 	-0.0173181 	0.499757 	0.00441727 	
2.77	0.228961 	0.456263 	11.7348 	-0.0105327 	0.494215 	0.0065013 	
2.775	10.0921 	-1.1597 	11.5408 	0.140861 	1.44279 	-0.0468588 	
2.78	6.57852 	-0.632649 	11.6046 	0.0922107 	1.10258 	-0.029456 	
2.785	13.6242 	-1.60029 	11.4844 	0.182317 	1.78556 	-0.0688646 	
2.79	11.963 	-1.39258 	11.545 	0.164324 	1.62709 	-0.0631516 	
2.795	9.86454 	-1.10121 	11.5768 	0.137095 	1.42322 	-0.0501977 	
2.8	8.52922 	-0.934464 	11.5964 	0.122231 	1.2927 	-0.0448843 	
2.805	7.24494 	-0.817833 	11.574 	0.1113 	1.16252 	-0.0371145 	
2.81	6.00415 	-0.65268 	11.5897 	0.0965294 	1.0413 	-0.0334069 	
2.815	5.06185 	-0.469767 	11.6127 	0.0782687 	0.951871 	-0.0245462 	
2.82	4.48853 	-0.376108 	11.5438 	0.0693445 	0.887509 	-0.021851 	
2.825	5.5158 	-0.53573 	11.5711 	0.0853783 	0.992593 	-0.0316242 	
2.83	4.37704 	-0.382693 	11.5905 	0.0710434 	0.881827 	-0.0244886 	
2.835	3.69137 	-0.314945 	11.5274 	0.0635549 	0.804571 	-0.0158215 	
2.84	2.85203 	-0.243324 	11.5225 	0.0582949 	0.72188 	-0.0163605 	
2.845	2.28481 	-0.253067 	11.4973 	0.0603749 	0.662919 	-0.0184515 	
2.85	1.82641 	-0.283486 	11.3629 	0.0628359 	0.599701 	-0.0159672 	
2.855	1.98562 	-0.833061 	10.9756 	0.119909 	0.573071 	-0.0356725 	
2.86	2.20162 	-0.226262 	11.184 	0.0503429 	0.630228 	0.00418426 	
2.865	2.48593 	-0.252464 	11.2455 	0.0548313 	0.664372 	-0.00380212 	
2.87	4.89672 	-0.779153 	11.2175 	0.10744 	0.899637 	-0.0259547 	
2.875	4.03541 	-0.585527 	11.3031 	0.0885567 	0.822882 	-0.0174421 	
2.88	4.95254 	-0.700414 	11.3311 	0.0992445 	0.918258 	-0.020661 	
2.885	5.62876 	-0.809425 	11.365 	0.111277 	0.987692 	-0.0307823 	
2.89	4.33033 	-0.486269 	11.4296 	0.0787674 	0.866342 	-0.0162613 	
2.895	4.56671 	-0.535191 	11.4452 	0.0843828 	0.890738 	-0.0210793 	
2.9	4.00665 	-0.444283 	11.4845 	0.0758362 	0.838373 	-0.0165508 	
2.905	5.98848 	-0.712168 	11.5325 	0.10106 	1.04046 	-0.0286746 	
2.91	5.67381 	-0.65492 	11.536 	0.095814 	1.0093 	-0.0275367 	
2.915	5.38051 	-0.606349 	11.5431 	0.0916008 	0.980764 	-0.0270921 	
2.92	5.19865 	-0.575121 	11.5491 	0.0889056 	0.96316 	-0.0269835 	
2.925	6.17397 	-0.650025 	11.5113 	0.0957836 	1.05586 	-0.034193 	
2.93	8.06473 	-0.971899 	11.4491 	0.127751 	1.2348 	-0.0524549 	
2.935	6.79343 	-0.788374 	11.4823 	0.110241 	1.1125 	-0.0432526 	
2.94	6.37844 	-0.723875 	11.4981 	0.104262 	1.07318 	-0.0408287 	
2.945	5.20507 	-0.636766 	11.4797 	0.0970744 	0.9534 	-0.0373652 	
2.95	5.25841 	-0.598709 	11.504 	0.0926329 	0.962162 	-0.0350586 	
2.955	4.88808 	-0.531622 	11.5183 	0.0863485 	0.92719 	-0.032804 	
2.96	5.0721 	-0.555334 	11.5292 	0.0887038 	0.946398 	-0.0340066 	
2.965	7.55721 	-0.903783 	11.3991 	0.119563 	1.18243 	-0.0436938 	
2.97	8.41065 	-1.0093 	11.3485 	0.12848 	1.26299 	-0.0461082 	
2.975	7.4088 	-0.868669 	11.4008 	0.115935 	1.16828 	-0.0417827 	
2.98	6.92616 	-0.798624 	11.4249 	0.109617 	1.1226 	-0.039496 	
2.985	6.47554 	-0.697366 	11.4787 	0.099683 	1.08464 	-0.0346932 	
2.99	6.1227 	-0.659189 	11.4843 	0.0965235 	1.04946 	-0.033976 	
