0	-0.0104961 	-0.000607109 	-1.74306 	0.26553 	0.164412 	-0.206081 	
0.005	-0.0105905 	-0.000580041 	-1.74311 	0.265534 	0.164411 	-0.206829 	
0.01	-0.0104538 	-0.00065755 	-1.74308 	0.265638 	0.164694 	-0.207573 	
0.015	-0.010465 	-0.000673202 	-1.74304 	0.265602 	0.164614 	-0.206783 	
0.02	-0.0104346 	-0.000732962 	-1.74305 	0.26567 	0.164841 	-0.206119 	
0.025	-0.0103704 	-0.000830037 	-1.74308 	0.26582 	0.165314 	-0.205554 	
0.03	-0.0104229 	-0.000835631 	-1.74296 	0.265687 	0.164898 	-0.206104 	
0.035	-0.010425 	-0.000893222 	-1.74289 	0.265676 	0.164857 	-0.206511 	
0.04	-0.0103866 	-0.000994325 	-1.74286 	0.265764 	0.165116 	-0.206805 	
0.045	-0.0103158 	-0.0011322 	-1.74286 	0.265931 	0.165613 	-0.207006 	
0.05	-0.0103591 	-0.00118476 	-1.74271 	0.265811 	0.165269 	-0.206322 	
0.055	-0.0103534 	-0.00128763 	-1.74262 	0.265811 	0.165284 	-0.205743 	
0.06	-0.0103085 	-0.00143265 	-1.74255 	0.265907 	0.165588 	-0.205247 	
0.065	-0.0102322 	-0.00161337 	-1.74252 	0.266081 	0.166122 	-0.204818 	
0.07	-0.0102643 	-0.00171044 	-1.74235 	0.265988 	0.165836 	-0.205492 	
0.075	-0.0102493 	-0.00185661 	-1.74222 	0.26601 	0.165899 	-0.205999 	
0.08	-0.0101967 	-0.00204399 	-1.74212 	0.266124 	0.166241 	-0.206372 	
0.085	-0.0101138 	-0.00226629 	-1.74205 	0.266312 	0.166806 	-0.206639 	
0.09	-0.0101367 	-0.00240996 	-1.74185 	0.266233 	0.16659 	-0.205578 	
0.095	-0.010114 	-0.00260108 	-1.7417 	0.266266 	0.166708 	-0.204697 	
0.1	-0.0100549 	-0.00283207 	-1.74157 	0.266389 	0.167094 	-0.203961 	
0.105	-0.0100353 	-0.0030381 	-1.74139 	0.266416 	0.167178 	-0.204526 	
0.11	-0.00997841 	-0.00328486 	-1.74124 	0.266533 	0.167536 	-0.204946 	
0.115	-0.00989169 	-0.00356615 	-1.74112 	0.266722 	0.168114 	-0.205251 	
0.12	-0.00978101 	-0.00387705 	-1.74101 	0.26697 	0.168867 	-0.205463 	
0.125	-0.00982575 	-0.00406627 	-1.74071 	0.266831 	0.168468 	-0.20442 	
0.13	-0.00982006 	-0.00430721 	-1.74047 	0.266816 	0.168439 	-0.203553 	
0.135	-0.00977402 	-0.00459139 	-1.74026 	0.266899 	0.168707 	-0.202829 	
0.14	-0.00969562 	-0.00491209 	-1.74007 	0.267063 	0.169212 	-0.202219 	
0.145	-0.00964319 	-0.00522045 	-1.73985 	0.267159 	0.169525 	-0.202983 	
0.15	-0.00955955 	-0.00556432 	-1.73966 	0.267333 	0.170065 	-0.203564 	
0.155	-0.00945088 	-0.00593855 	-1.73948 	0.267568 	0.170788 	-0.203997 	
0.16	-0.00944554 	-0.00623413 	-1.73917 	0.267546 	0.170742 	-0.202952 	
0.165	-0.00939937 	-0.0065734 	-1.7389 	0.267624 	0.170996 	-0.202084 	
0.17	-0.00932052 	-0.00694951 	-1.73866 	0.267783 	0.171489 	-0.201359 	
0.175	-0.00921546 	-0.00735704 	-1.73844 	0.268005 	0.172173 	-0.200748 	
0.18	-0.00918703 	-0.00771052 	-1.73812 	0.268033 	0.1723 	-0.201311 	
0.185	-0.00912219 	-0.00810364 	-1.73783 	0.26815 	0.172692 	-0.201731 	
0.19	-0.00902819 	-0.00853039 	-1.73757 	0.26834 	0.173295 	-0.202036 	
0.195	-0.00897716 	-0.00892873 	-1.73725 	0.268425 	0.173572 	-0.201035 	
0.2	-0.0088941 	-0.00936334 	-1.73695 	0.268588 	0.174083 	-0.200204 	
0.205	-0.00878538 	-0.00982887 	-1.73667 	0.268815 	0.174782 	-0.199508 	
0.21	-0.0086561 	-0.0103211 	-1.73641 	0.269092 	0.175629 	-0.19892 	
0.215	-0.00864564 	-0.0107244 	-1.73601 	0.269065 	0.17562 	-0.19928 	
0.22	-0.00859486 	-0.0111704 	-1.73564 	0.269139 	0.175901 	-0.199536 	
0.225	-0.00851182 	-0.0116524 	-1.73529 	0.269293 	0.176415 	-0.199711 	
0.23	-0.00840294 	-0.0121651 	-1.73497 	0.269513 	0.177115 	-0.19982 	
0.235	-0.00832509 	-0.0126592 	-1.7346 	0.269657 	0.177578 	-0.198486 	
0.24	-0.00822029 	-0.0131853 	-1.73425 	0.269867 	0.178236 	-0.197389 	
0.245	-0.00809392 	-0.0137388 	-1.73391 	0.270131 	0.17905 	-0.19648 	
0.25	-0.00804214 	-0.0142414 	-1.73349 	0.270199 	0.179339 	-0.196781 	
0.255	-0.00795811 	-0.0147796 	-1.73309 	0.270349 	0.179858 	-0.19699 	
0.26	-0.00784829 	-0.0153483 	-1.73271 	0.270564 	0.180561 	-0.197128 	
0.265	-0.00771781 	-0.0159431 	-1.73234 	0.270832 	0.18141 	-0.197207 	
0.27	-0.00765743 	-0.0164872 	-1.73188 	0.270923 	0.181746 	-0.195836 	
0.275	-0.00756646 	-0.0170658 	-1.73145 	0.27109 	0.182302 	-0.194708 	
0.28	-0.00745102 	-0.017674 	-1.73104 	0.27132 	0.183033 	-0.193776 	
0.285	-0.00731601 	-0.0183076 	-1.73063 	0.271599 	0.183903 	-0.193 	
0.29	-0.00724862 	-0.018898 	-1.73015 	0.271694 	0.184316 	-0.193516 	
0.295	-0.00715202 	-0.019521 	-1.72969 	0.271865 	0.184932 	-0.193899 	
0.3	-0.00703206 	-0.0201717 	-1.72925 	0.272098 	0.18571 	-0.194175 	
0.305	-0.00693634 	-0.020809 	-1.72876 	0.272271 	0.186301 	-0.192854 	
0.31	-0.00681709 	-0.0214747 	-1.7283 	0.272505 	0.187058 	-0.191766 	
0.315	-0.00667902 	-0.0221649 	-1.72784 	0.272787 	0.187948 	-0.190866 	
0.32	-0.00652591 	-0.0228766 	-1.72739 	0.273108 	0.188944 	-0.190115 	
0.325	-0.00636077 	-0.0236072 	-1.72694 	0.273459 	0.190023 	-0.189485 	
0.33	-0.00634383 	-0.0242316 	-1.72633 	0.273408 	0.190109 	-0.189881 	
0.335	-0.0062876 	-0.0248957 	-1.72576 	0.273462 	0.19046 	-0.190167 	
0.34	-0.00620002 	-0.0255933 	-1.72521 	0.273599 	0.191023 	-0.190366 	
0.345	-0.00604121 	-0.0263544 	-1.72472 	0.273931 	0.192061 	-0.188988 	
0.35	-0.00587163 	-0.0271332 	-1.72422 	0.274291 	0.193172 	-0.187855 	
0.355	-0.00569344 	-0.0279278 	-1.72373 	0.274674 	0.194342 	-0.186918 	
0.36	-0.00550839 	-0.0287369 	-1.72323 	0.275074 	0.195559 	-0.186139 	
0.365	-0.00549714 	-0.0294211 	-1.72256 	0.274997 	0.195629 	-0.186306 	
0.37	-0.00544564 	-0.0301449 	-1.72193 	0.275029 	0.195966 	-0.18641 	
0.375	-0.00536203 	-0.030902 	-1.72131 	0.275149 	0.196515 	-0.186463 	
0.38	-0.00518216 	-0.0317442 	-1.72077 	0.27553 	0.197712 	-0.185186 	
0.385	-0.00499597 	-0.0325996 	-1.72023 	0.275928 	0.198949 	-0.184135 	
0.39	-0.00480476 	-0.0334673 	-1.71968 	0.276341 	0.200216 	-0.183263 	
0.395	-0.00460958 	-0.0343466 	-1.71913 	0.276765 	0.201508 	-0.182536 	
0.4	-0.00441129 	-0.0352367 	-1.71857 	0.277198 	0.202818 	-0.181923 	
0.405	-0.00445458 	-0.0359532 	-1.71779 	0.276954 	0.202576 	-0.181868 	
0.41	-0.00444701 	-0.0367159 	-1.71704 	0.276853 	0.202659 	-0.181794 	
0.415	-0.0043989 	-0.0375172 	-1.71632 	0.276866 	0.203002 	-0.181704 	
0.42	-0.00415588 	-0.0384803 	-1.71577 	0.277414 	0.204635 	-0.180461 	
0.425	-0.00391962 	-0.0394458 	-1.7152 	0.277946 	0.206216 	-0.179436 	
0.43	-0.0036888 	-0.0404146 	-1.71461 	0.278465 	0.207754 	-0.178586 	
0.435	-0.00346243 	-0.0413879 	-1.71401 	0.278974 	0.209259 	-0.177875 	
0.44	-0.00350402 	-0.0421691 	-1.71318 	0.278722 	0.209072 	-0.177593 	
0.445	-0.00349556 	-0.0429948 	-1.71238 	0.278614 	0.209197 	-0.177338 	
0.45	-0.00344722 	-0.0438576 	-1.7116 	0.278621 	0.209569 	-0.177104 	
0.455	-0.00319633 	-0.0448898 	-1.71099 	0.279185 	0.211276 	-0.175959 	
0.46	-0.00295431 	-0.0459214 	-1.71036 	0.27973 	0.212913 	-0.175013 	
0.465	-0.00271944 	-0.0469542 	-1.70971 	0.280258 	0.214493 	-0.174225 	
0.47	-0.0024904 	-0.0479893 	-1.70905 	0.280774 	0.216026 	-0.173565 	
0.475	-0.00252486 	-0.04884 	-1.70817 	0.280528 	0.215942 	-0.173037 	
0.48	-0.0025113 	-0.0497318 	-1.70732 	0.280423 	0.216145 	-0.172585 	
0.485	-0.0024595 	-0.0506582 	-1.70648 	0.280433 	0.216576 	-0.172193 	
0.49	-0.00220413 	-0.0517552 	-1.70581 	0.281007 	0.218336 	-0.171144 	
0.495	-0.00195921 	-0.0528492 	-1.70512 	0.281559 	0.220011 	-0.170275 	
0.5	-0.00172271 	-0.0539423 	-1.70442 	0.282093 	0.221617 	-0.169548 	
0.505	-0.00149307 	-0.0550362 	-1.70369 	0.282612 	0.223167 	-0.168936 	
0.51	-0.00152026 	-0.0559564 	-1.70276 	0.28237 	0.223198 	-0.168174 	
0.515	-0.00150161 	-0.0569143 	-1.70186 	0.282269 	0.223487 	-0.167534 	
0.52	-0.0014465 	-0.0579035 	-1.70098 	0.28228 	0.223984 	-0.166991 	
0.525	-0.00136235 	-0.0589194 	-1.7001 	0.282381 	0.224645 	-0.166527 	
0.53	-0.001051 	-0.0601322 	-1.69941 	0.283106 	0.226811 	-0.165356 	
0.535	-0.00076223 	-0.0613306 	-1.69869 	0.283777 	0.228806 	-0.164388 	
0.54	-0.000491582 	-0.0625188 	-1.69793 	0.284406 	0.230662 	-0.163583 	
0.545	-0.000495159 	-0.0635108 	-1.69697 	0.284235 	0.230859 	-0.162893 	
0.55	-0.000458512 	-0.0645358 	-1.69602 	0.284189 	0.231277 	-0.162311 	
0.555	-0.000389902 	-0.0655885 	-1.69509 	0.284245 	0.231871 	-0.161815 	
0.56	-0.000295857 	-0.0666648 	-1.69417 	0.284381 	0.232605 	-0.161387 	
0.565	-1.36667e-05 	-0.0679249 	-1.6934 	0.285002 	0.234682 	-0.160026 	
0.57	0.000250807 	-0.0691705 	-1.6926 	0.285589 	0.2366 	-0.158906 	
0.575	0.000501031 	-0.0704058 	-1.69177 	0.286151 	0.238389 	-0.157979 	
0.58	0.000739669 	-0.071634 	-1.69092 	0.286691 	0.240076 	-0.157207 	
0.585	0.000687645 	-0.0726515 	-1.68987 	0.286377 	0.240022 	-0.156576 	
0.59	0.000684465 	-0.0737074 	-1.68883 	0.286217 	0.240233 	-0.156041 	
0.595	0.00072012 	-0.074795 	-1.68781 	0.28618 	0.240656 	-0.155583 	
0.6	0.00100398 	-0.0761103 	-1.68698 	0.286815 	0.242757 	-0.154338 	
0.605	0.00126871 	-0.077409 	-1.68611 	0.287413 	0.244689 	-0.153311 	
0.61	0.00151807 	-0.0786955 	-1.68523 	0.287982 	0.246484 	-0.152459 	
0.615	0.00175492 	-0.0799735 	-1.68432 	0.288528 	0.24817 	-0.151746 	
0.62	0.00171163 	-0.0810632 	-1.68322 	0.288215 	0.248285 	-0.150854 	
0.625	0.0017143 	-0.0821853 	-1.68214 	0.288055 	0.248625 	-0.15011 	
0.63	0.00175349 	-0.0833345 	-1.68108 	0.288018 	0.249146 	-0.149484 	
0.635	0.00202886 	-0.0846942 	-1.68018 	0.28864 	0.251206 	-0.148367 	
0.64	0.00228564 	-0.0860366 	-1.67925 	0.289227 	0.253099 	-0.147443 	
0.645	0.00252744 	-0.0873664 	-1.67829 	0.289787 	0.254858 	-0.146672 	
0.65	0.00275703 	-0.0886871 	-1.67732 	0.290324 	0.256508 	-0.146024 	
0.655	0.00272165 	-0.089848 	-1.67619 	0.29001 	0.256795 	-0.144887 	
0.66	0.00272939 	-0.091035 	-1.67507 	0.289848 	0.257267 	-0.143946 	
0.665	0.00277138 	-0.0922441 	-1.67396 	0.289809 	0.257887 	-0.143162 	
0.67	0.00284058 	-0.093472 	-1.67286 	0.289867 	0.258624 	-0.142505 	
0.675	0.00316837 	-0.0949383 	-1.67192 	0.290642 	0.261067 	-0.141338 	
0.68	0.00346558 	-0.0963752 	-1.67095 	0.291351 	0.263259 	-0.140374 	
0.685	0.00373823 	-0.0977893 	-1.66995 	0.292007 	0.26525 	-0.139571 	
0.69	0.0037177 	-0.0990013 	-1.66878 	0.291756 	0.265622 	-0.138559 	
0.695	0.00373599 	-0.100237 	-1.66761 	0.291644 	0.266155 	-0.137718 	
0.7	0.00378508 	-0.101492 	-1.66645 	0.291643 	0.266818 	-0.137014 	
0.705	0.0038586 	-0.102763 	-1.6653 	0.291731 	0.267583 	-0.136421 	
0.71	0.00415227 	-0.104275 	-1.6643 	0.292377 	0.269974 	-0.135023 	
0.715	0.00442078 	-0.105755 	-1.66326 	0.292982 	0.272118 	-0.133874 	
0.72	0.00466905 	-0.107211 	-1.66219 	0.293554 	0.274063 	-0.132924 	
0.725	0.0046681 	-0.108475 	-1.66098 	0.293381 	0.274546 	-0.132029 	
0.73	0.00470064 	-0.109759 	-1.65977 	0.293331 	0.275162 	-0.131283 	
0.735	0.00475969 	-0.111059 	-1.65857 	0.29338 	0.275884 	-0.130655 	
0.74	0.00497591 	-0.112545 	-1.65747 	0.29381 	0.277825 	-0.129363 	
0.745	0.00518125 	-0.114011 	-1.65635 	0.294242 	0.279603 	-0.128298 	
0.75	0.00537776 	-0.115459 	-1.65521 	0.294676 	0.28125 	-0.127416 	
0.755	0.00556697 	-0.116896 	-1.65405 	0.29511 	0.282791 	-0.126678 	
0.76	0.00575015 	-0.118323 	-1.65287 	0.295545 	0.284247 	-0.126058 	
0.765	0.0057129 	-0.119658 	-1.65161 	0.295186 	0.284836 	-0.124615 	
0.77	0.00571469 	-0.121005 	-1.65035 	0.294987 	0.285529 	-0.12343 	
0.775	0.00574747 	-0.122363 	-1.64909 	0.294915 	0.286304 	-0.122452 	
0.78	0.00580483 	-0.12373 	-1.64784 	0.294944 	0.287143 	-0.121639 	
0.785	0.00610474 	-0.125323 	-1.6467 	0.295673 	0.289525 	-0.120591 	
0.79	0.00637506 	-0.126881 	-1.64554 	0.296343 	0.291647 	-0.119721 	
0.795	0.00662158 	-0.128411 	-1.64435 	0.296965 	0.29356 	-0.118995 	
0.8	0.00659027 	-0.129775 	-1.64304 	0.296657 	0.294149 	-0.117718 	
0.805	0.00659529 	-0.131151 	-1.64174 	0.296497 	0.294834 	-0.116665 	
0.81	0.00662911 	-0.132537 	-1.64043 	0.296456 	0.295596 	-0.115793 	
0.815	0.00668575 	-0.133932 	-1.63912 	0.29651 	0.296418 	-0.115065 	
0.82	0.00694912 	-0.135569 	-1.63793 	0.297091 	0.298786 	-0.113757 	
0.825	0.0071886 	-0.137166 	-1.63671 	0.297643 	0.300889 	-0.112681 	
0.83	0.00740887 	-0.138733 	-1.63547 	0.298169 	0.302779 	-0.111789 	
0.835	0.00739221 	-0.14013 	-1.63412 	0.29794 	0.303414 	-0.110674 	
0.84	0.00740738 	-0.141536 	-1.63277 	0.297843 	0.30413 	-0.109752 	
0.845	0.00744773 	-0.142951 	-1.63142 	0.297851 	0.304908 	-0.108985 	
0.85	0.00750802 	-0.144373 	-1.63007 	0.297943 	0.305735 	-0.108341 	
0.855	0.0077352 	-0.14605 	-1.62882 	0.298381 	0.308089 	-0.106798 	
0.86	0.0079441 	-0.147684 	-1.62755 	0.298816 	0.310173 	-0.105533 	
0.865	0.0081383 	-0.149283 	-1.62625 	0.29925 	0.312041 	-0.104491 	
0.87	0.00832048 	-0.150856 	-1.62493 	0.299681 	0.313734 	-0.103628 	
0.875	0.00824909 	-0.15224 	-1.62352 	0.299302 	0.314079 	-0.102568 	
0.88	0.00821873 	-0.15364 	-1.6221 	0.299084 	0.314554 	-0.101691 	
0.885	0.00822093 	-0.155053 	-1.62069 	0.298995 	0.315131 	-0.100959 	
0.89	0.0084376 	-0.156738 	-1.61939 	0.299445 	0.317367 	-0.0996027 	
0.895	0.00863653 	-0.158381 	-1.61806 	0.299889 	0.319349 	-0.0984876 	
0.9	0.00882118 	-0.159991 	-1.61671 	0.300329 	0.321128 	-0.097566 	
0.905	0.00899414 	-0.161575 	-1.61534 	0.300765 	0.322742 	-0.0967989 	
0.91	0.00891991 	-0.163022 	-1.6139 	0.300334 	0.323293 	-0.095478 	
0.915	0.00888565 	-0.164475 	-1.61246 	0.300073 	0.323925 	-0.0943921 	
0.92	0.0088831 	-0.165934 	-1.61102 	0.299948 	0.324619 	-0.0934943 	
0.925	0.00908243 	-0.167615 	-1.60965 	0.30039 	0.326692 	-0.0923216 	
0.93	0.00926594 	-0.169258 	-1.60827 	0.300828 	0.328536 	-0.0913543 	
0.935	0.00943667 	-0.17087 	-1.60687 	0.301261 	0.330196 	-0.0905513 	
0.94	0.00959694 	-0.172458 	-1.60545 	0.301691 	0.331708 	-0.0898798 	
0.945	0.00951804 	-0.173962 	-1.60399 	0.301206 	0.332447 	-0.0883248 	
0.95	0.00947841 	-0.175463 	-1.60252 	0.3009 	0.333222 	-0.0870522 	
0.955	0.00946998 	-0.176963 	-1.60105 	0.300739 	0.334023 	-0.0860057 	
0.96	0.00948628 	-0.17846 	-1.59958 	0.300694 	0.334844 	-0.0851402 	
0.965	0.00971975 	-0.180202 	-1.59818 	0.301263 	0.337149 	-0.0840288 	
0.97	0.00992874 	-0.181896 	-1.59675 	0.301801 	0.339169 	-0.0831112 	
0.975	0.010118 	-0.18355 	-1.59531 	0.302314 	0.340961 	-0.0823487 	
0.98	0.0100457 	-0.185055 	-1.59381 	0.301899 	0.341645 	-0.0809956 	
0.985	0.0100098 	-0.186558 	-1.59231 	0.301649 	0.342366 	-0.0798852 	
0.99	0.0100028 	-0.188059 	-1.59081 	0.301532 	0.343117 	-0.078969 	
0.995	0.0100187 	-0.18956 	-1.5893 	0.301521 	0.343892 	-0.0782082 	
1	0.0102093 	-0.191332 	-1.58786 	0.301912 	0.346196 	-0.0768459 	
1.005	0.0103824 	-0.193051 	-1.5864 	0.302307 	0.348209 	-0.0757282 	
1.01	0.0105414 	-0.194726 	-1.58492 	0.302705 	0.349987 	-0.0748065 	
1.015	0.010689 	-0.196366 	-1.58343 	0.303105 	0.351577 	-0.0740414 	
1.02	0.0105549 	-0.197835 	-1.58189 	0.302507 	0.351951 	-0.0726925 	
1.025	0.0104679 	-0.199309 	-1.58034 	0.302111 	0.352417 	-0.0715864 	
1.03	0.0104185 	-0.200788 	-1.5788 	0.301875 	0.352955 	-0.0706746 	
1.035	0.0105983 	-0.202543 	-1.57731 	0.302288 	0.355097 	-0.0695107 	
1.04	0.0107614 	-0.204246 	-1.57581 	0.302699 	0.356972 	-0.0685525 	
1.045	0.010911 	-0.205909 	-1.5743 	0.303109 	0.358633 	-0.0677591 	
1.05	0.0108459 	-0.207451 	-1.57275 	0.302741 	0.359423 	-0.066466 	
1.055	0.0108128 	-0.208983 	-1.5712 	0.302529 	0.360214 	-0.065405 	
1.06	0.0108051 	-0.210509 	-1.56964 	0.302439 	0.361005 	-0.0645299 	
1.065	0.0108176 	-0.212028 	-1.56809 	0.302449 	0.361796 	-0.0638036 	
1.07	0.0109431 	-0.213796 	-1.56657 	0.302642 	0.363887 	-0.0623901 	
1.075	0.0110614 	-0.215511 	-1.56504 	0.302878 	0.365713 	-0.0612332 	
1.08	0.0111737 	-0.217181 	-1.56349 	0.303146 	0.367328 	-0.0602817 	
1.085	0.0112812 	-0.218817 	-1.56194 	0.303441 	0.368772 	-0.0594945 	
1.09	0.011168 	-0.220319 	-1.56036 	0.302939 	0.3693 	-0.0582392 	
1.095	0.0110949 	-0.221818 	-1.55878 	0.302618 	0.369875 	-0.0572095 	
1.1	0.0110538 	-0.223315 	-1.55721 	0.302441 	0.370485 	-0.0563605 	
1.105	0.011038 	-0.22481 	-1.55562 	0.302379 	0.371123 	-0.0556561 	
1.11	0.0111955 	-0.226637 	-1.55408 	0.302676 	0.373498 	-0.0542254 	
1.115	0.0113377 	-0.228396 	-1.55253 	0.302993 	0.375544 	-0.0530558 	
1.12	0.0114677 	-0.230101 	-1.55096 	0.303325 	0.377325 	-0.0520952 	
1.125	0.0113632 	-0.231579 	-1.54937 	0.302905 	0.377771 	-0.0510428 	
1.13	0.0112959 	-0.233057 	-1.54777 	0.302647 	0.378272 	-0.0501763 	
1.135	0.011258 	-0.234535 	-1.54618 	0.302521 	0.378817 	-0.0494588 	
1.14	0.0113414 	-0.236272 	-1.54461 	0.30262 	0.380685 	-0.0481395 	
1.145	0.0114233 	-0.237957 	-1.54303 	0.302779 	0.38232 	-0.0470598 	
1.15	0.0115042 	-0.2396 	-1.54144 	0.302985 	0.383767 	-0.0461721 	
1.155	0.011584 	-0.241208 	-1.53985 	0.303228 	0.385063 	-0.0454378 	
1.16	0.0114703 	-0.242735 	-1.53825 	0.302718 	0.385744 	-0.0441385 	
1.165	0.0113944 	-0.24425 	-1.53665 	0.302388 	0.386426 	-0.0430756 	
1.17	0.0113485 	-0.245754 	-1.53505 	0.302203 	0.387108 	-0.0422019 	
1.175	0.0113266 	-0.247249 	-1.53346 	0.302133 	0.38779 	-0.0414797 	
1.18	0.0114276 	-0.24901 	-1.53187 	0.302301 	0.389809 	-0.0401874 	
1.185	0.0115224 	-0.250711 	-1.53027 	0.302513 	0.391557 	-0.0391305 	
1.19	0.0116123 	-0.252362 	-1.52867 	0.302761 	0.393087 	-0.0382621 	
1.195	0.0116981 	-0.253973 	-1.52707 	0.303037 	0.394442 	-0.0375444 	
1.2	0.011525 	-0.25543 	-1.52547 	0.302349 	0.394788 	-0.0362754 	
1.205	0.0114005 	-0.256883 	-1.52386 	0.301876 	0.395196 	-0.0352379 	
1.21	0.0113147 	-0.258334 	-1.52226 	0.301575 	0.395651 	-0.0343858 	
1.215	0.011413 	-0.260046 	-1.52066 	0.301795 	0.397492 	-0.0333035 	
1.22	0.0115046 	-0.261704 	-1.51906 	0.302048 	0.399091 	-0.0324157 	
1.225	0.0115911 	-0.263316 	-1.51745 	0.302328 	0.400496 	-0.0316835 	
1.23	0.0114776 	-0.264817 	-1.51585 	0.301848 	0.401171 	-0.0304865 	
1.235	0.0113999 	-0.266303 	-1.51425 	0.301542 	0.401837 	-0.0295074 	
1.24	0.0113506 	-0.267775 	-1.51265 	0.301373 	0.402494 	-0.0287029 	
1.245	0.0113239 	-0.269236 	-1.51105 	0.301316 	0.403143 	-0.028038 	
1.25	0.0113663 	-0.270938 	-1.50945 	0.301303 	0.404921 	-0.0267462 	
1.255	0.0114125 	-0.272582 	-1.50784 	0.30137 	0.406463 	-0.0256919 	
1.26	0.0114616 	-0.274178 	-1.50624 	0.301501 	0.407818 	-0.0248276 	
1.265	0.0115131 	-0.275735 	-1.50464 	0.301681 	0.409021 	-0.0241155 	
1.27	0.01136 	-0.277167 	-1.50305 	0.30109 	0.409439 	-0.0229795 	
1.275	0.0112497 	-0.27859 	-1.50146 	0.300694 	0.409893 	-0.0220506 	
1.28	0.0111736 	-0.280006 	-1.49987 	0.300453 	0.410374 	-0.0212873 	
1.285	0.0111246 	-0.281415 	-1.49829 	0.300337 	0.410877 	-0.0206567 	
1.29	0.0111933 	-0.283139 	-1.49668 	0.300413 	0.412866 	-0.0193761 	
1.295	0.0112596 	-0.284794 	-1.49508 	0.300551 	0.414572 	-0.0183319 	
1.3	0.011324 	-0.286393 	-1.49349 	0.300736 	0.416051 	-0.017477 	
1.305	0.0113868 	-0.287945 	-1.49189 	0.30096 	0.417348 	-0.0167735 	
1.31	0.0111754 	-0.28927 	-1.49033 	0.3002 	0.417365 	-0.0157164 	
1.315	0.0110179 	-0.2906 	-1.48876 	0.299668 	0.417492 	-0.0148517 	
1.32	0.0109033 	-0.291934 	-1.4872 	0.299318 	0.417708 	-0.0141411 	
1.325	0.0109747 	-0.293592 	-1.48561 	0.299464 	0.419514 	-0.0130712 	
1.33	0.0110426 	-0.295187 	-1.48402 	0.299657 	0.421069 	-0.0121967 	
1.335	0.0111078 	-0.296731 	-1.48244 	0.299886 	0.422423 	-0.0114785 	
1.34	0.010961 	-0.298106 	-1.48088 	0.299339 	0.422835 	-0.0104522 	
1.345	0.0108545 	-0.299471 	-1.47933 	0.298977 	0.423275 	-0.00961308 	
1.35	0.0107803 	-0.300827 	-1.47779 	0.298763 	0.423737 	-0.00892369 	
1.355	0.0107317 	-0.302175 	-1.47624 	0.298667 	0.424215 	-0.00835421 	
1.36	0.0107451 	-0.303795 	-1.47467 	0.298577 	0.425902 	-0.00712326 	
1.365	0.0107662 	-0.305352 	-1.4731 	0.29858 	0.427358 	-0.00612084 	
1.37	0.0107935 	-0.306858 	-1.47154 	0.298657 	0.42863 	-0.00530142 	
1.375	0.0108258 	-0.308321 	-1.46999 	0.298794 	0.429753 	-0.00462841 	
1.38	0.0106424 	-0.309597 	-1.46848 	0.298148 	0.429866 	-0.00369633 	
1.385	0.0105064 	-0.310873 	-1.46697 	0.297707 	0.430063 	-0.00293365 	
1.39	0.0104082 	-0.312149 	-1.46546 	0.297428 	0.430326 	-0.00230659 	
1.395	0.0103401 	-0.313423 	-1.46396 	0.297281 	0.430642 	-0.00178812 	
1.4	0.0103839 	-0.315058 	-1.4624 	0.297285 	0.432574 	-0.000551785 	
1.405	0.0104289 	-0.316619 	-1.46086 	0.297363 	0.434222 	0.000453837 	
1.41	0.0104751 	-0.318118 	-1.45932 	0.2975 	0.435643 	0.00127469 	
1.415	0.0103137 	-0.31933 	-1.45785 	0.296976 	0.435681 	0.002016 	
1.42	0.010195 	-0.320546 	-1.45638 	0.296631 	0.435816 	0.00262514 	
1.425	0.0101105 	-0.321765 	-1.45491 	0.296429 	0.436026 	0.00312851 	
1.43	0.0100994 	-0.323259 	-1.4534 	0.296298 	0.437442 	0.00420507 	
1.435	0.0101006 	-0.324697 	-1.4519 	0.296267 	0.438676 	0.00508208 	
1.44	0.0101116 	-0.32609 	-1.45041 	0.296317 	0.439763 	0.00579931 	
1.445	0.0101304 	-0.327446 	-1.44893 	0.296431 	0.440734 	0.00638871 	
1.45	0.0101556 	-0.32877 	-1.44747 	0.296596 	0.441611 	0.00687584 	
1.455	0.00991517 	-0.329963 	-1.44604 	0.295689 	0.441672 	0.00797832 	
1.46	0.00973319 	-0.331154 	-1.44462 	0.295037 	0.441822 	0.00887531 	
1.465	0.00959794 	-0.332342 	-1.4432 	0.294589 	0.442042 	0.00960776 	
1.47	0.00950005 	-0.333526 	-1.44179 	0.294305 	0.442319 	0.0102085 	
1.475	0.00958805 	-0.335007 	-1.44032 	0.294582 	0.444016 	0.0110029 	
1.48	0.00966838 	-0.336424 	-1.43886 	0.294877 	0.445472 	0.0116531 	
1.485	0.00974271 	-0.337787 	-1.43741 	0.295187 	0.446735 	0.0121878 	
1.49	0.00952815 	-0.338905 	-1.43605 	0.294415 	0.446716 	0.0130946 	
1.495	0.00936692 	-0.340025 	-1.43468 	0.293871 	0.4468 	0.0138343 	
1.5	0.00924833 	-0.341146 	-1.43332 	0.29351 	0.446966 	0.0144402 	
1.505	0.00916387 	-0.342266 	-1.43196 	0.293295 	0.447199 	0.014939 	
1.51	0.00920169 	-0.343687 	-1.43054 	0.293361 	0.448773 	0.0158485 	
1.515	0.00924206 	-0.345044 	-1.42913 	0.293487 	0.45013 	0.0165901 	
1.52	0.0092846 	-0.346349 	-1.42774 	0.293661 	0.451313 	0.0171972 	
1.525	0.00910477 	-0.347401 	-1.42643 	0.29305 	0.451281 	0.0179236 	
1.53	0.0089715 	-0.348458 	-1.42512 	0.292634 	0.451353 	0.0185183 	
1.535	0.00887548 	-0.349518 	-1.42382 	0.292375 	0.451511 	0.0190075 	
1.54	0.00880929 	-0.350578 	-1.42253 	0.292242 	0.451735 	0.0194124 	
1.545	0.00880156 	-0.351928 	-1.42116 	0.292118 	0.453173 	0.0204078 	
1.55	0.0088058 	-0.353217 	-1.41981 	0.292093 	0.45442 	0.0212173 	
1.555	0.00881977 	-0.354457 	-1.41849 	0.292146 	0.455516 	0.021878 	
1.56	0.00884156 	-0.355654 	-1.41718 	0.292262 	0.456489 	0.0224198 	
1.565	0.00862976 	-0.356561 	-1.41596 	0.291564 	0.456108 	0.0230238 	
1.57	0.00847137 	-0.35749 	-1.41475 	0.291079 	0.455902 	0.0235199 	
1.575	0.00835572 	-0.358433 	-1.41354 	0.290765 	0.455837 	0.0239295 	
1.58	0.00827429 	-0.359386 	-1.41233 	0.290587 	0.455884 	0.02427 	
1.585	0.00830707 	-0.360737 	-1.41102 	0.290587 	0.45761 	0.0252741 	
1.59	0.00834412 	-0.362015 	-1.40972 	0.29066 	0.459089 	0.0260899 	
1.595	0.0083848 	-0.363231 	-1.40845 	0.290792 	0.46037 	0.026755 	
1.6	0.00820455 	-0.364063 	-1.40732 	0.290235 	0.459971 	0.0272025 	
1.605	0.00807186 	-0.364919 	-1.40618 	0.289863 	0.459752 	0.0275729 	
1.61	0.00797721 	-0.365793 	-1.40505 	0.289639 	0.459676 	0.0278815 	
1.615	0.00791308 	-0.366678 	-1.40391 	0.289534 	0.459717 	0.0281408 	
1.62	0.00790274 	-0.367934 	-1.40267 	0.289363 	0.46125 	0.0291824 	
1.625	0.00790588 	-0.369123 	-1.40146 	0.289299 	0.462575 	0.0300278 	
1.63	0.00792003 	-0.370256 	-1.40027 	0.289322 	0.463735 	0.0307161 	
1.635	0.00777521 	-0.371024 	-1.39921 	0.288911 	0.463378 	0.0310354 	
1.64	0.00767144 	-0.371816 	-1.39815 	0.288656 	0.463193 	0.0313028 	
1.645	0.00760051 	-0.372625 	-1.3971 	0.288525 	0.463147 	0.0315287 	
1.65	0.00755596 	-0.373446 	-1.39604 	0.288494 	0.463212 	0.0317214 	
1.655	0.00750757 	-0.374599 	-1.39489 	0.288175 	0.464545 	0.0327762 	
1.66	0.00748098 	-0.375693 	-1.39376 	0.287993 	0.465713 	0.0336317 	
1.665	0.00747205 	-0.376736 	-1.39266 	0.287921 	0.466749 	0.0343278 	
1.67	0.00747734 	-0.377737 	-1.39158 	0.287938 	0.467679 	0.0348963 	
1.675	0.00731869 	-0.378328 	-1.39065 	0.287524 	0.466934 	0.0350025 	
1.68	0.00720467 	-0.378963 	-1.38972 	0.287268 	0.466442 	0.0350991 	
1.685	0.00712641 	-0.379631 	-1.38878 	0.287136 	0.466153 	0.035188 	
1.69	0.00710289 	-0.380686 	-1.38772 	0.286942 	0.467394 	0.0360765 	
1.695	0.007097 	-0.381687 	-1.38668 	0.286861 	0.46849 	0.0367989 	
1.7	0.00710543 	-0.382642 	-1.38567 	0.28687 	0.469472 	0.0373881 	
1.705	0.00712542 	-0.38356 	-1.38467 	0.286952 	0.470362 	0.0378711 	
1.71	0.00694739 	-0.384088 	-1.38384 	0.286427 	0.469626 	0.0380543 	
1.715	0.0068187 	-0.384659 	-1.38299 	0.286081 	0.469145 	0.0382123 	
1.72	0.00672954 	-0.385262 	-1.38215 	0.285878 	0.468867 	0.0383501 	
1.725	0.00672715 	-0.386208 	-1.38118 	0.285796 	0.469985 	0.0390715 	
1.73	0.00673907 	-0.387108 	-1.38024 	0.285805 	0.470987 	0.0396599 	
1.735	0.00676265 	-0.387968 	-1.37933 	0.285886 	0.471897 	0.040142 	
1.74	0.00679566 	-0.388796 	-1.37843 	0.286026 	0.472734 	0.0405391 	
1.745	0.00660178 	-0.389252 	-1.37769 	0.285408 	0.471988 	0.0407734 	
1.75	0.00646131 	-0.389751 	-1.37694 	0.284989 	0.471501 	0.0409721 	
1.755	0.00636367 	-0.390283 	-1.37619 	0.284727 	0.471224 	0.0411424 	
1.76	0.00630043 	-0.390839 	-1.37544 	0.284593 	0.471114 	0.04129 	
1.765	0.00633779 	-0.391757 	-1.37456 	0.284632 	0.472479 	0.0420175 	
1.77	0.00638259 	-0.392618 	-1.37371 	0.284738 	0.473683 	0.0426109 	
1.775	0.00643356 	-0.393431 	-1.37288 	0.284897 	0.474759 	0.043097 	
1.78	0.00627652 	-0.393814 	-1.37224 	0.284424 	0.474067 	0.0432233 	
1.785	0.0061665 	-0.39424 	-1.3716 	0.28412 	0.473629 	0.0433357 	
1.79	0.00609421 	-0.394698 	-1.37094 	0.283952 	0.473394 	0.043437 	
1.795	0.00605224 	-0.395181 	-1.37029 	0.283892 	0.473323 	0.0435295 	
1.8	0.00603468 	-0.395681 	-1.36964 	0.283919 	0.473383 	0.0436151 	
1.805	0.00602147 	-0.3965 	-1.36888 	0.283719 	0.474643 	0.0444679 	
1.81	0.00602701 	-0.397265 	-1.36815 	0.283634 	0.475768 	0.0451616 	
1.815	0.0060478 	-0.397985 	-1.36744 	0.28364 	0.476786 	0.045728 	
1.82	0.00593944 	-0.398241 	-1.36693 	0.28339 	0.476023 	0.0456207 	
1.825	0.00586958 	-0.39855 	-1.36641 	0.283265 	0.475534 	0.0455464 	
1.83	0.00583064 	-0.398898 	-1.36588 	0.28324 	0.475263 	0.0454987 	
1.835	0.00581661 	-0.399275 	-1.36535 	0.283296 	0.475169 	0.0454723 	
1.84	0.00577664 	-0.399955 	-1.36472 	0.283 	0.47618 	0.046267 	
1.845	0.00576196 	-0.400594 	-1.36411 	0.282839 	0.477112 	0.0469145 	
1.85	0.00576773 	-0.401198 	-1.36352 	0.282785 	0.477981 	0.0474441 	
1.855	0.0056943 	-0.401396 	-1.36311 	0.282656 	0.477338 	0.047283 	
1.86	0.00565352 	-0.401642 	-1.36269 	0.282628 	0.47695 	0.0471659 	
1.865	0.005639 	-0.401925 	-1.36226 	0.282682 	0.476766 	0.0470842 	
1.87	0.00564567 	-0.402234 	-1.36184 	0.2828 	0.476747 	0.047031 	
1.875	0.0055799 	-0.402762 	-1.36134 	0.28242 	0.477468 	0.0477376 	
1.88	0.00554581 	-0.403264 	-1.36086 	0.282192 	0.478174 	0.0483149 	
1.885	0.00553728 	-0.403743 	-1.3604 	0.282085 	0.478869 	0.0487888 	
1.89	0.00549627 	-0.403881 	-1.36009 	0.282065 	0.478345 	0.0485847 	
1.895	0.00548262 	-0.404064 	-1.35977 	0.282125 	0.478058 	0.0484336 	
1.9	0.00549103 	-0.404281 	-1.35945 	0.282249 	0.477961 	0.0483251 	
1.905	0.00551727 	-0.404523 	-1.35913 	0.282424 	0.478017 	0.0482508 	
1.91	0.00555795 	-0.404783 	-1.35881 	0.28264 	0.478197 	0.0482041 	
1.915	0.00542545 	-0.405147 	-1.35847 	0.281983 	0.478594 	0.0489545 	
1.92	0.00533943 	-0.405501 	-1.35814 	0.281533 	0.479048 	0.0495674 	
1.925	0.0052908 	-0.405844 	-1.35783 	0.28125 	0.479548 	0.0500701 	
1.93	0.00531783 	-0.405896 	-1.35764 	0.281506 	0.479138 	0.0496873 	
1.935	0.00536004 	-0.405992 	-1.35744 	0.281788 	0.478949 	0.0493939 	
1.94	0.00541459 	-0.406123 	-1.35724 	0.282091 	0.478938 	0.0491722 	
1.945	0.0054792 	-0.406278 	-1.35704 	0.282409 	0.479069 	0.049008 	
1.95	0.00533244 	-0.406492 	-1.35685 	0.281713 	0.479212 	0.0496492 	
1.955	0.00523633 	-0.40671 	-1.35665 	0.281233 	0.479469 	0.0501752 	
1.96	0.00518094 	-0.406929 	-1.35647 	0.280925 	0.479818 	0.050609 	
1.965	0.00523154 	-0.406919 	-1.35639 	0.281251 	0.479518 	0.0502142 	
1.97	0.00529393 	-0.406951 	-1.35629 	0.281588 	0.479425 	0.0499117 	
1.975	0.00536593 	-0.407015 	-1.3562 	0.281935 	0.479496 	0.0496833 	
1.98	0.00544583 	-0.407101 	-1.35611 	0.28229 	0.479701 	0.0495145 	
1.985	0.00528902 	-0.407157 	-1.35605 	0.281579 	0.479567 	0.0500159 	
1.99	0.00518622 	-0.407232 	-1.356 	0.281087 	0.47961 	0.0504308 	
1.995	0.00512682 	-0.407321 	-1.35595 	0.280771 	0.479795 	0.0507764 	
2	0.00510233 	-0.407419 	-1.35591 	0.280596 	0.480094 	0.0510666 	
2.005	0.00519939 	-0.407278 	-1.35595 	0.281143 	0.479689 	0.0504258 	
2.01	0.00529752 	-0.407204 	-1.35596 	0.281657 	0.479502 	0.0499255 	
2.015	0.0053962 	-0.407186 	-1.35593 	0.282145 	0.479488 	0.0495377 	
2.02	0.00527567 	-0.407285 	-1.35585 	0.281562 	0.479614 	0.0500066 	
2.025	0.00519871 	-0.407407 	-1.35575 	0.281172 	0.479847 	0.0503934 	
2.03	0.00515627 	-0.407548 	-1.35563 	0.280936 	0.480163 	0.0507141 	
2.035	0.00514112 	-0.407706 	-1.35548 	0.280823 	0.480543 	0.0509817 	
2.04	0.00520016 	-0.407645 	-1.35541 	0.281212 	0.480205 	0.0503844 	
2.045	0.00526553 	-0.407642 	-1.3553 	0.281598 	0.480058 	0.0499174 	
2.05	0.00533564 	-0.407688 	-1.35516 	0.281983 	0.480062 	0.0495544 	
2.055	0.00524549 	-0.407892 	-1.35495 	0.281536 	0.480422 	0.0499799 	
2.06	0.00519049 	-0.408104 	-1.35473 	0.281253 	0.480828 	0.0503304 	
2.065	0.00516328 	-0.408325 	-1.35449 	0.281102 	0.481269 	0.0506205 	
2.07	0.00515798 	-0.408553 	-1.35423 	0.281054 	0.481736 	0.0508621 	
2.075	0.00516989 	-0.408787 	-1.35395 	0.281091 	0.482222 	0.0510647 	
2.08	0.0051858 	-0.408774 	-1.35376 	0.28133 	0.48181 	0.0503285 	
2.085	0.00521404 	-0.408818 	-1.35354 	0.281595 	0.481589 	0.0497486 	
2.09	0.00525184 	-0.408908 	-1.35329 	0.281881 	0.48152 	0.0492936 	
2.095	0.00519307 	-0.409263 	-1.35292 	0.28155 	0.482257 	0.0498358 	
2.1	0.00516053 	-0.409603 	-1.35254 	0.281358 	0.48295 	0.0502779 	
2.105	0.00514872 	-0.409934 	-1.35216 	0.281278 	0.483605 	0.0506396 	
2.11	0.00515318 	-0.410257 	-1.35176 	0.281287 	0.484228 	0.0509367 	
2.115	0.00514659 	-0.410343 	-1.35145 	0.281421 	0.48398 	0.0502305 	
2.12	0.00515467 	-0.410472 	-1.35112 	0.2816 	0.483877 	0.0496731 	
2.125	0.00517417 	-0.410637 	-1.35075 	0.281816 	0.483889 	0.0492346 	
2.13	0.00513453 	-0.411063 	-1.35027 	0.281589 	0.484737 	0.0497259 	
2.135	0.00511518 	-0.411467 	-1.34979 	0.281479 	0.485506 	0.0501259 	
2.14	0.00511182 	-0.411854 	-1.3493 	0.281463 	0.486209 	0.0504525 	
2.145	0.00512096 	-0.412228 	-1.3488 	0.281522 	0.486859 	0.0507201 	
2.15	0.00513983 	-0.412592 	-1.3483 	0.281641 	0.487463 	0.0509404 	
2.155	0.00509108 	-0.412766 	-1.34787 	0.281593 	0.487303 	0.0500817 	
2.16	0.00506314 	-0.412972 	-1.34742 	0.281625 	0.487257 	0.0494007 	
2.165	0.00505156 	-0.413204 	-1.34694 	0.281723 	0.487301 	0.0488618 	
2.17	0.00504356 	-0.413729 	-1.34633 	0.281642 	0.488357 	0.0494834 	
2.175	0.00504729 	-0.414218 	-1.34572 	0.281648 	0.489278 	0.0499861 	
2.18	0.00506021 	-0.414679 	-1.34511 	0.281723 	0.49009 	0.0503933 	
2.185	0.00508022 	-0.415118 	-1.3445 	0.281853 	0.490812 	0.050724 	
2.19	0.00501732 	-0.415398 	-1.34396 	0.281724 	0.490867 	0.0499047 	
2.195	0.00497624 	-0.415693 	-1.3434 	0.281691 	0.490982 	0.0492539 	
2.2	0.00495239 	-0.416001 	-1.34283 	0.281735 	0.491143 	0.0487379 	
2.205	0.0049542 	-0.416566 	-1.34213 	0.281727 	0.49221 	0.0492987 	
2.21	0.00496408 	-0.417091 	-1.34144 	0.281791 	0.493128 	0.0497514 	
2.215	0.00498025 	-0.417585 	-1.34075 	0.281911 	0.493927 	0.0501175 	
2.22	0.00500124 	-0.418055 	-1.34006 	0.282076 	0.494628 	0.0504142 	
2.225	0.00502587 	-0.418506 	-1.33937 	0.282278 	0.495251 	0.0506551 	
2.23	0.00492057 	-0.418906 	-1.33871 	0.281931 	0.495537 	0.0496696 	
2.235	0.00484379 	-0.419302 	-1.33804 	0.281723 	0.495825 	0.0488846 	
2.24	0.00478965 	-0.419696 	-1.33736 	0.281626 	0.496113 	0.0482599 	
2.245	0.00482387 	-0.420295 	-1.33657 	0.281796 	0.497198 	0.0489655 	
2.25	0.00485807 	-0.420853 	-1.3358 	0.282001 	0.498119 	0.0495329 	
2.255	0.00489212 	-0.421376 	-1.33503 	0.282233 	0.49891 	0.0499897 	
2.26	0.00492587 	-0.421873 	-1.33426 	0.282487 	0.499595 	0.0503577 	
2.265	0.00481275 	-0.422369 	-1.33351 	0.282084 	0.500095 	0.0494219 	
2.27	0.00472845 	-0.422844 	-1.33275 	0.281829 	0.500545 	0.0486758 	
2.275	0.00466707 	-0.423303 	-1.33199 	0.281694 	0.500954 	0.0480813 	
2.28	0.00470372 	-0.423914 	-1.33115 	0.281907 	0.501978 	0.0487158 	
2.285	0.00473875 	-0.424482 	-1.33032 	0.282144 	0.502844 	0.0492256 	
2.29	0.00477241 	-0.425018 	-1.3295 	0.282402 	0.503582 	0.0496354 	
2.295	0.00480483 	-0.425526 	-1.32868 	0.282675 	0.504217 	0.0499653 	
2.3	0.00468723 	-0.42611 	-1.32784 	0.282228 	0.504931 	0.0491061 	
2.305	0.00459837 	-0.426659 	-1.32701 	0.281936 	0.505545 	0.0484205 	
2.31	0.00453245 	-0.427179 	-1.32619 	0.281771 	0.506078 	0.0478738 	
2.315	0.00448479 	-0.427676 	-1.32537 	0.281705 	0.506547 	0.0474381 	
2.32	0.00454756 	-0.428337 	-1.32445 	0.282036 	0.507682 	0.0483365 	
2.325	0.00460261 	-0.428948 	-1.32355 	0.282367 	0.50863 	0.0490567 	
2.33	0.00465145 	-0.429519 	-1.32267 	0.282699 	0.509427 	0.0496342 	
2.335	0.00454735 	-0.430095 	-1.3218 	0.282341 	0.510067 	0.0488286 	
2.34	0.00446871 	-0.430639 	-1.32094 	0.282121 	0.510616 	0.0481854 	
2.345	0.00441042 	-0.431155 	-1.32009 	0.282012 	0.511093 	0.0476722 	
2.35	0.00436838 	-0.431651 	-1.31925 	0.281991 	0.511512 	0.0472629 	
2.355	0.00440805 	-0.432374 	-1.31828 	0.282197 	0.512779 	0.0480458 	
2.36	0.00444419 	-0.433036 	-1.31733 	0.282428 	0.513827 	0.0486733 	
2.365	0.00447754 	-0.433648 	-1.31641 	0.282679 	0.514701 	0.0491763 	
2.37	0.00450863 	-0.434219 	-1.31551 	0.282945 	0.515434 	0.0495797 	
2.375	0.00437742 	-0.434786 	-1.31463 	0.282486 	0.515971 	0.0484851 	
2.38	0.00427685 	-0.435321 	-1.31376 	0.282185 	0.516435 	0.0476106 	
2.385	0.00420084 	-0.435831 	-1.31289 	0.282011 	0.51684 	0.046912 	
2.39	0.00424434 	-0.436518 	-1.31193 	0.282265 	0.517958 	0.0476571 	
2.395	0.00428353 	-0.437149 	-1.31098 	0.282535 	0.518885 	0.0482543 	
2.4	0.00431935 	-0.437735 	-1.31007 	0.282816 	0.519661 	0.0487331 	
2.405	0.00435249 	-0.438286 	-1.30917 	0.283107 	0.520315 	0.0491171 	
2.41	0.0042186 	-0.438904 	-1.30826 	0.282606 	0.521012 	0.0481131 	
2.415	0.00411602 	-0.43948 	-1.30736 	0.282272 	0.521603 	0.0473109 	
2.42	0.00403861 	-0.440021 	-1.30648 	0.28207 	0.52211 	0.0466704 	
2.425	0.00408195 	-0.440657 	-1.30554 	0.282352 	0.523058 	0.0473394 	
2.43	0.00412136 	-0.441245 	-1.30463 	0.282644 	0.523851 	0.0478759 	
2.435	0.00415774 	-0.441796 	-1.30373 	0.282942 	0.524519 	0.0483064 	
2.44	0.00419177 	-0.442316 	-1.30286 	0.283247 	0.525088 	0.0486522 	
2.445	0.0040554 	-0.442964 	-1.30194 	0.28271 	0.525897 	0.0477343 	
2.45	0.00395133 	-0.443562 	-1.30104 	0.282345 	0.526579 	0.0470015 	
2.455	0.00387329 	-0.444118 	-1.30017 	0.28212 	0.527159 	0.0464168 	
2.46	0.0038162 	-0.444641 	-1.29931 	0.282005 	0.52766 	0.0459509 	
2.465	0.00389033 	-0.445242 	-1.2984 	0.28243 	0.528563 	0.0469048 	
2.47	0.00395519 	-0.445801 	-1.29752 	0.282835 	0.529321 	0.0476698 	
2.475	0.00401279 	-0.446323 	-1.29666 	0.283225 	0.529965 	0.0482837 	
2.48	0.00389219 	-0.446904 	-1.29579 	0.28278 	0.530614 	0.0474271 	
2.485	0.00380166 	-0.447445 	-1.29495 	0.28249 	0.531172 	0.046744 	
2.49	0.0037354 	-0.447951 	-1.29413 	0.282324 	0.531657 	0.0461997 	
2.495	0.00368873 	-0.448431 	-1.29333 	0.282257 	0.532085 	0.0457668 	
2.5	0.00373709 	-0.44903 	-1.29245 	0.282543 	0.53301 	0.0466023 	
2.505	0.0037824 	-0.449583 	-1.2916 	0.282837 	0.533791 	0.0472734 	
2.51	0.00382549 	-0.450098 	-1.29078 	0.283139 	0.534458 	0.047813 	
2.515	0.00372505 	-0.450604 	-1.28999 	0.282798 	0.534959 	0.0470554 	
2.52	0.00365192 	-0.451081 	-1.28922 	0.282592 	0.535403 	0.0464524 	
2.525	0.00360085 	-0.451532 	-1.28847 	0.282494 	0.535805 	0.0459733 	
2.53	0.00356765 	-0.451962 	-1.28773 	0.282482 	0.536172 	0.0455935 	
2.535	0.00354897 	-0.452375 	-1.28701 	0.282539 	0.536513 	0.0452934 	
2.54	0.00357334 	-0.452993 	-1.28617 	0.282667 	0.537564 	0.0462379 	
2.545	0.00360105 	-0.453555 	-1.28537 	0.282837 	0.538454 	0.0469975 	
2.55	0.00363174 	-0.454071 	-1.2846 	0.283039 	0.539215 	0.0476091 	
2.555	0.00354844 	-0.454446 	-1.28394 	0.282805 	0.539425 	0.046745 	
2.56	0.00349084 	-0.45481 	-1.28329 	0.282685 	0.539645 	0.0460583 	
2.565	0.00345403 	-0.455166 	-1.28266 	0.282657 	0.539876 	0.0455136 	
2.57	0.00343413 	-0.455513 	-1.28203 	0.282701 	0.540117 	0.0450829 	
2.575	0.00343854 	-0.456074 	-1.28128 	0.282729 	0.541072 	0.045945 	
2.58	0.00345204 	-0.456585 	-1.28056 	0.282819 	0.541894 	0.04664 	
2.585	0.00347313 	-0.457054 	-1.27988 	0.282959 	0.542611 	0.0472014 	
2.59	0.00340923 	-0.45735 	-1.27933 	0.282807 	0.542716 	0.0464377 	
2.595	0.003369 	-0.457646 	-1.27878 	0.282753 	0.542862 	0.0458327 	
2.6	0.00334798 	-0.45794 	-1.27824 	0.282778 	0.543044 	0.0453549 	
2.605	0.00334262 	-0.458233 	-1.27771 	0.282867 	0.543255 	0.0449793 	
2.61	0.00332528 	-0.458711 	-1.27708 	0.282792 	0.544056 	0.0457337 	
2.615	0.00336281 	-0.45899 	-1.27656 	0.282978 	0.544258 	0.0460476 	
2.62	0.0033781 	-0.45923 	-1.2761 	0.283237 	0.544432 	0.0463078 	
2.625	0.00341322 	-0.45945 	-1.27565 	0.283498 	0.544532 	0.0464077 	
2.63	0.00344673 	-0.459644 	-1.27522 	0.283739 	0.544561 	0.0462759 	
2.635	0.00330053 	-0.460218 	-1.2746 	0.283021 	0.545643 	0.0458929 	
2.64	0.00321794 	-0.460613 	-1.27409 	0.282674 	0.546251 	0.0455544 	
2.645	0.00317116 	-0.460911 	-1.27364 	0.28246 	0.546575 	0.0453391 	
2.65	0.00313352 	-0.461139 	-1.27325 	0.282349 	0.546731 	0.0451783 	
2.655	0.00309701 	-0.461307 	-1.27291 	0.282292 	0.546744 	0.0450519 	
2.66	0.0030734 	-0.46138 	-1.2726 	0.282343 	0.546472 	0.0450038 	
2.665	0.00310752 	-0.46137 	-1.27249 	0.2824 	0.546295 	0.044744 	
2.67	0.00316496 	-0.461293 	-1.27242 	0.282548 	0.545977 	0.0444846 	
2.675	0.00320305 	-0.461174 	-1.27247 	0.282558 	0.54573 	0.0445155 	
2.68	0.0032356 	-0.461018 	-1.27257 	0.282622 	0.545429 	0.0445571 	
2.685	0.00325997 	-0.460835 	-1.2727 	0.282691 	0.545083 	0.0446073 	
2.69	0.0032756 	-0.460631 	-1.27286 	0.282751 	0.544699 	0.0446566 	
2.695	0.00328282 	-0.460412 	-1.27304 	0.282798 	0.544286 	0.0446986 	
2.7	0.00328251 	-0.460181 	-1.27324 	0.282832 	0.543849 	0.0447296 	
2.705	0.00327583 	-0.459942 	-1.27345 	0.282854 	0.543395 	0.0447479 	
2.71	0.00326406 	-0.459695 	-1.27367 	0.282864 	0.542927 	0.0447535 	
2.715	0.00324851 	-0.459444 	-1.27391 	0.282866 	0.542448 	0.0447483 	
2.72	0.00323031 	-0.459188 	-1.27414 	0.282863 	0.541962 	0.0447359 	
2.725	0.00321035 	-0.45893 	-1.27439 	0.282855 	0.541469 	0.0447199 	
2.73	0.00318925 	-0.45867 	-1.27464 	0.282845 	0.540972 	0.0447026 	
2.735	0.00316738 	-0.458407 	-1.27489 	0.282834 	0.540471 	0.044685 	
2.74	0.00314502 	-0.458144 	-1.27514 	0.282822 	0.539967 	0.0446676 	
2.745	0.00312233 	-0.45788 	-1.2754 	0.282809 	0.539461 	0.0446503 	
2.75	0.00309946 	-0.457615 	-1.27565 	0.282796 	0.538953 	0.0446329 	
2.755	0.00307615 	-0.45735 	-1.2759 	0.282792 	0.538425 	0.0445695 	
2.76	0.00305262 	-0.457084 	-1.27615 	0.282789 	0.537885 	0.0444713 	
2.765	0.00302921 	-0.456817 	-1.27639 	0.282786 	0.537336 	0.0443466 	
2.77	0.00300618 	-0.45655 	-1.27663 	0.282784 	0.536781 	0.0442015 	
2.775	0.00298362 	-0.456282 	-1.27686 	0.282782 	0.53622 	0.0440407 	
2.78	0.00296158 	-0.456013 	-1.2771 	0.282782 	0.535656 	0.0438676 	
2.785	0.00294005 	-0.455745 	-1.27733 	0.282783 	0.535089 	0.0436851 	
2.79	0.0029188 	-0.455476 	-1.27757 	0.282784 	0.53452 	0.0434986 	
2.795	0.00289726 	-0.455207 	-1.2778 	0.282782 	0.533955 	0.0433174 	
2.8	0.00287553 	-0.454937 	-1.27804 	0.28278 	0.533393 	0.0431405 	
2.805	0.00285362 	-0.454668 	-1.27828 	0.282778 	0.532831 	0.0429672 	
2.81	0.00283156 	-0.454399 	-1.27852 	0.282777 	0.532269 	0.0427967 	
2.815	0.00280939 	-0.454129 	-1.27875 	0.282777 	0.531707 	0.0426284 	
2.82	0.00278718 	-0.45386 	-1.27899 	0.282778 	0.531144 	0.0424617 	
2.825	0.002765 	-0.45359 	-1.27923 	0.28278 	0.530581 	0.0422963 	
2.83	0.00274289 	-0.45332 	-1.27947 	0.282782 	0.530018 	0.0421318 	
2.835	0.00272092 	-0.45305 	-1.2797 	0.282786 	0.529454 	0.041968 	
2.84	0.00269912 	-0.45278 	-1.27994 	0.28279 	0.528889 	0.0418048 	
2.845	0.00264871 	-0.452513 	-1.28016 	0.282733 	0.528295 	0.0417019 	
2.85	0.00255375 	-0.452253 	-1.28036 	0.282562 	0.527648 	0.0416874 	
2.855	0.00246856 	-0.451999 	-1.28055 	0.282393 	0.526978 	0.0416775 	
2.86	0.00241412 	-0.45174 	-1.28074 	0.282314 	0.526286 	0.0416247 	
2.865	0.00238748 	-0.451473 	-1.28091 	0.282305 	0.525576 	0.0415415 	
2.87	0.00233537 	-0.451224 	-1.28112 	0.282236 	0.524886 	0.0415353 	
2.875	0.00230589 	-0.450968 	-1.28129 	0.282283 	0.524171 	0.0414702 	
2.88	0.00226554 	-0.450662 	-1.28137 	0.282396 	0.523405 	0.0413829 	
2.885	0.00217273 	-0.450368 	-1.28151 	0.282288 	0.522658 	0.0414294 	
2.89	0.00209259 	-0.450067 	-1.28167 	0.282209 	0.521915 	0.0414662 	
2.895	0.00200712 	-0.449763 	-1.28187 	0.282141 	0.521198 	0.0414884 	
2.9	0.00193035 	-0.449454 	-1.28209 	0.282064 	0.520533 	0.0415443 	
2.905	0.00180451 	-0.449154 	-1.28232 	0.281847 	0.519869 	0.0416976 	
2.91	0.00163244 	-0.448863 	-1.28254 	0.281529 	0.519188 	0.0419159 	
2.915	0.00151555 	-0.448563 	-1.2828 	0.281345 	0.518568 	0.0420508 	
2.92	0.00144165 	-0.448256 	-1.28306 	0.281253 	0.517967 	0.0421193 	
2.925	0.00136661 	-0.447946 	-1.28332 	0.281144 	0.517351 	0.0421759 	
2.93	0.00129393 	-0.447636 	-1.28358 	0.281031 	0.516735 	0.0422171 	
2.935	0.0012229 	-0.447326 	-1.28384 	0.280919 	0.51612 	0.0422529 	
2.94	0.00117827 	-0.447016 	-1.2841 	0.280882 	0.515516 	0.042266 	
2.945	0.00114769 	-0.446707 	-1.28437 	0.280874 	0.51492 	0.0422838 	
2.95	0.00112129 	-0.446402 	-1.28464 	0.280874 	0.514333 	0.0423208 	
2.955	0.00109445 	-0.446101 	-1.28491 	0.280874 	0.513748 	0.0423771 	
2.96	0.00104737 	-0.445808 	-1.28517 	0.280811 	0.513155 	0.0424454 	
2.965	0.000991382 	-0.445519 	-1.28543 	0.280722 	0.512564 	0.0425064 	
2.97	0.000932917 	-0.445233 	-1.28568 	0.280626 	0.511979 	0.042556 	
2.975	0.000874482 	-0.44495 	-1.28594 	0.28053 	0.5114 	0.0425977 	
2.98	0.000817094 	-0.444669 	-1.28619 	0.280437 	0.510826 	0.0426343 	
2.985	0.000761171 	-0.444389 	-1.28645 	0.280346 	0.510256 	0.0426676 	
2.99	0.000706844 	-0.44411 	-1.2867 	0.28026 	0.509689 	0.0426986 	
2.995	0.000646514 	-0.443832 	-1.28695 	0.280157 	0.509116 	0.0427356 	
3	0.000581107 	-0.443552 	-1.2872 	0.280042 	0.508537 	0.0427756 	
3.005	0.000514199 	-0.443271 	-1.28745 	0.279924 	0.507956 	0.0428152 	
3.01	0.000452802 	-0.442989 	-1.28771 	0.279824 	0.507382 	0.0428487 	
3.015	0.000391131 	-0.442705 	-1.28797 	0.27972 	0.506809 	0.0428491 	
3.02	0.000326666 	-0.442418 	-1.28823 	0.279611 	0.506235 	0.042836 	
3.025	0.000273861 	-0.442126 	-1.28849 	0.279532 	0.50566 	0.0428041 	
3.03	0.000213742 	-0.441834 	-1.28875 	0.279435 	0.505073 	0.0428171 	
3.035	0.00014461 	-0.441541 	-1.289 	0.279315 	0.504466 	0.0428181 	
3.04	6.77819e-05 	-0.44125 	-1.28925 	0.27917 	0.50386 	0.0428271 	
3.045	-1.3673e-05 	-0.44096 	-1.2895 	0.279015 	0.503248 	0.0428371 	
3.05	-8.51611e-05 	-0.44067 	-1.28976 	0.278894 	0.502653 	0.0428897 	
3.055	-0.00014667 	-0.440377 	-1.29001 	0.278811 	0.502046 	0.0429347 	
3.06	-0.000209131 	-0.440085 	-1.29026 	0.278719 	0.501427 	0.0429429 	
3.065	-0.000272486 	-0.439792 	-1.2905 	0.278627 	0.500793 	0.0429216 	
3.07	-0.000334866 	-0.439499 	-1.29073 	0.278535 	0.500147 	0.0428724 	
3.075	-0.000394956 	-0.439206 	-1.29096 	0.278444 	0.4995 	0.0427963 	
3.08	-0.000416385 	-0.438903 	-1.2912 	0.27845 	0.498866 	0.0425997 	
3.085	-0.000429397 	-0.438601 	-1.29143 	0.278467 	0.498235 	0.0423954 	
3.09	-0.00044055 	-0.438301 	-1.29167 	0.278484 	0.497608 	0.0421986 	
3.095	-0.000451935 	-0.438003 	-1.2919 	0.278499 	0.496985 	0.0420115 	
3.1	-0.000464141 	-0.437706 	-1.29214 	0.278511 	0.496366 	0.0418331 	
3.105	-0.00047724 	-0.437412 	-1.29237 	0.278521 	0.49575 	0.0416614 	
3.11	-0.000507156 	-0.437122 	-1.2926 	0.278481 	0.495125 	0.041541 	
3.115	-0.000542975 	-0.436833 	-1.29283 	0.278426 	0.494503 	0.041437 	
3.12	-0.000585111 	-0.436545 	-1.29307 	0.278355 	0.493895 	0.0413696 	
3.125	-0.000624935 	-0.436257 	-1.29331 	0.278296 	0.493284 	0.0412854 	
3.13	-0.000662905 	-0.435968 	-1.29354 	0.278242 	0.492672 	0.0411863 	
3.135	-0.000697867 	-0.435678 	-1.29378 	0.278195 	0.492065 	0.0410741 	
3.14	-0.000732935 	-0.435387 	-1.29402 	0.278147 	0.491456 	0.0409561 	
3.145	-0.000767208 	-0.435095 	-1.29426 	0.2781 	0.490846 	0.0408334 	
3.15	-0.000800139 	-0.434803 	-1.2945 	0.278059 	0.490243 	0.0407293 	
3.155	-0.000833029 	-0.434509 	-1.29475 	0.27802 	0.489643 	0.0406391 	
3.16	-0.000866155 	-0.434216 	-1.29499 	0.277983 	0.489045 	0.0405618 	
3.165	-0.00089953 	-0.433922 	-1.29524 	0.277948 	0.488448 	0.0404966 	
3.17	-0.000933087 	-0.433627 	-1.29549 	0.277914 	0.487852 	0.0404421 	
3.175	-0.000968904 	-0.433333 	-1.29574 	0.277879 	0.487259 	0.0404066 	
3.18	-0.00100539 	-0.433038 	-1.29599 	0.277844 	0.486665 	0.0403755 	
3.185	-0.00104536 	-0.432745 	-1.29624 	0.277802 	0.486064 	0.0403534 	
3.19	-0.00108511 	-0.432453 	-1.29648 	0.277761 	0.485463 	0.0403304 	
3.195	-0.00112372 	-0.432162 	-1.29673 	0.277723 	0.484864 	0.0403043 	
3.2	-0.00115067 	-0.431868 	-1.29697 	0.277712 	0.484269 	0.0402475 	
3.205	-0.00117777 	-0.431572 	-1.29722 	0.277689 	0.483675 	0.0402179 	
3.21	-0.00120072 	-0.431274 	-1.29747 	0.277683 	0.48308 	0.0401984 	
3.215	-0.00122376 	-0.430975 	-1.29772 	0.277675 	0.482483 	0.0401623 	
3.22	-0.00125236 	-0.430676 	-1.29796 	0.277662 	0.481877 	0.0401831 	
3.225	-0.00129292 	-0.430379 	-1.2982 	0.277628 	0.481261 	0.0402361 	
3.23	-0.0013397 	-0.430082 	-1.29844 	0.277579 	0.480639 	0.0402992 	
3.235	-0.00138784 	-0.429784 	-1.29868 	0.277525 	0.480017 	0.0403451 	
3.24	-0.001435 	-0.429486 	-1.29893 	0.27747 	0.479395 	0.0403625 	
3.245	-0.00148039 	-0.429186 	-1.29917 	0.277416 	0.478775 	0.0403514 	
3.25	-0.00151675 	-0.428884 	-1.29942 	0.277381 	0.478156 	0.0402992 	
3.255	-0.00154544 	-0.428579 	-1.29966 	0.277358 	0.477537 	0.0402307 	
3.26	-0.00156946 	-0.428273 	-1.29991 	0.277349 	0.476919 	0.0401566 	
3.265	-0.00159598 	-0.427967 	-1.30015 	0.27733 	0.4763 	0.0401034 	
3.27	-0.00162181 	-0.427661 	-1.3004 	0.277315 	0.475683 	0.0400543 	
3.275	-0.00164628 	-0.427353 	-1.30065 	0.277306 	0.475067 	0.040007 	
3.28	-0.00167059 	-0.427045 	-1.3009 	0.277299 	0.47445 	0.0399602 	
3.285	-0.00169516 	-0.426737 	-1.30114 	0.277292 	0.473832 	0.0399141 	
3.29	-0.00172002 	-0.426429 	-1.30139 	0.277286 	0.473213 	0.0398682 	
3.295	-0.00174516 	-0.42612 	-1.30164 	0.277277 	0.472586 	0.0397987 	
3.3	-0.00176698 	-0.425811 	-1.30188 	0.277273 	0.471954 	0.0397148 	
3.305	-0.00180722 	-0.425505 	-1.30212 	0.277224 	0.47132 	0.039684 	
3.31	-0.00184129 	-0.425201 	-1.30236 	0.277187 	0.470676 	0.039672 	
3.315	-0.00186221 	-0.424894 	-1.30261 	0.277183 	0.470046 	0.0396226 	
3.32	-0.0018755 	-0.424585 	-1.30285 	0.277194 	0.469418 	0.0395491 	
3.325	-0.00190142 	-0.424279 	-1.30309 	0.277184 	0.46878 	0.0395044 	
3.33	-0.00193877 	-0.423975 	-1.30333 	0.277158 	0.468137 	0.0394839 	
3.335	-0.00198641 	-0.423672 	-1.30356 	0.277107 	0.467486 	0.0394859 	
3.34	-0.00204582 	-0.423372 	-1.3038 	0.27703 	0.466841 	0.0395309 	
3.345	-0.00211865 	-0.423073 	-1.30403 	0.276928 	0.466189 	0.0395966 	
3.35	-0.00220528 	-0.422776 	-1.30427 	0.276796 	0.465533 	0.0396713 	
3.355	-0.00230273 	-0.42248 	-1.3045 	0.276646 	0.464873 	0.0397489 	
3.36	-0.00239799 	-0.422181 	-1.30474 	0.276502 	0.46422 	0.0398096 	
3.365	-0.00247396 	-0.421875 	-1.30499 	0.276391 	0.463579 	0.0397968 	
3.37	-0.00253823 	-0.421565 	-1.30524 	0.276306 	0.46294 	0.0397519 	
3.375	-0.00260917 	-0.421257 	-1.30549 	0.276196 	0.462293 	0.0397463 	
3.38	-0.0026805 	-0.420948 	-1.30573 	0.276081 	0.461626 	0.0396887 	
3.385	-0.00274672 	-0.420637 	-1.30596 	0.275975 	0.460952 	0.0395769 	
3.39	-0.00279126 	-0.42032 	-1.30621 	0.275914 	0.460298 	0.0394365 	
3.395	-0.00282169 	-0.42 	-1.30645 	0.27588 	0.459648 	0.0392929 	
3.4	-0.00284441 	-0.419677 	-1.3067 	0.275868 	0.458998 	0.0391468 	
3.405	-0.00286693 	-0.419355 	-1.30695 	0.275854 	0.458348 	0.0390115 	
3.41	-0.00289011 	-0.419033 	-1.30719 	0.275838 	0.457698 	0.0388826 	
3.415	-0.00292521 	-0.418714 	-1.30744 	0.275806 	0.457041 	0.0387786 	
3.42	-0.00297157 	-0.418397 	-1.30768 	0.27575 	0.456376 	0.038731 	
3.425	-0.00301897 	-0.418081 	-1.30791 	0.275692 	0.455703 	0.0386623 	
3.43	-0.0030461 	-0.417758 	-1.30815 	0.275681 	0.455047 	0.0385557 	
3.435	-0.0030548 	-0.417431 	-1.3084 	0.275713 	0.454395 	0.0384233 	
3.44	-0.00306778 	-0.417104 	-1.30864 	0.27573 	0.453741 	0.0383279 	
3.445	-0.0030768 	-0.416774 	-1.30888 	0.275764 	0.453087 	0.0382321 	
3.45	-0.00308623 	-0.416445 	-1.30912 	0.275801 	0.452422 	0.0381601 	
3.455	-0.00308853 	-0.416113 	-1.30937 	0.275858 	0.451767 	0.0381083 	
3.46	-0.00307862 	-0.415778 	-1.30961 	0.275943 	0.451113 	0.0380266 	
3.465	-0.00308223 	-0.415448 	-1.30986 	0.27599 	0.450462 	0.0379865 	
3.47	-0.00309121 	-0.415121 	-1.3101 	0.276024 	0.449805 	0.0379381 	
3.475	-0.00309514 	-0.414793 	-1.31034 	0.276083 	0.449155 	0.0379073 	
3.48	-0.00310524 	-0.414467 	-1.31058 	0.276122 	0.448507 	0.0379107 	
3.485	-0.00311819 	-0.414143 	-1.31083 	0.276154 	0.447861 	0.0379207 	
3.49	-0.00313234 	-0.413821 	-1.31108 	0.276185 	0.447216 	0.0379323 	
3.495	-0.00314705 	-0.4135 	-1.31132 	0.276215 	0.446574 	0.0379442 	
3.5	-0.00316673 	-0.413179 	-1.31156 	0.276225 	0.445924 	0.0379357 	
3.505	-0.00320559 	-0.412862 	-1.3118 	0.276185 	0.445262 	0.0379685 	
3.51	-0.00325225 	-0.412546 	-1.31204 	0.276127 	0.444599 	0.0380135 	
3.515	-0.00330054 	-0.412229 	-1.31228 	0.276069 	0.443936 	0.0380559 	
3.52	-0.0033396 	-0.411908 	-1.31252 	0.276046 	0.443269 	0.0380662 	
3.525	-0.00338252 	-0.411587 	-1.31276 	0.276008 	0.442603 	0.0380963 	
3.53	-0.00341191 	-0.411261 	-1.313 	0.276009 	0.441941 	0.0380822 	
3.535	-0.00345634 	-0.410936 	-1.31323 	0.275968 	0.44126 	0.038074 	
3.54	-0.00352068 	-0.410618 	-1.31347 	0.275874 	0.440577 	0.0380891 	
3.545	-0.00359809 	-0.410303 	-1.3137 	0.275751 	0.439894 	0.0381116 	
3.55	-0.00366917 	-0.409987 	-1.31394 	0.275656 	0.439214 	0.038115 	
3.555	-0.00371551 	-0.409664 	-1.31418 	0.275621 	0.438545 	0.0380835 	
3.56	-0.00375243 	-0.409338 	-1.31442 	0.275604 	0.437875 	0.0380447 	
3.565	-0.00377505 	-0.409011 	-1.31466 	0.275603 	0.437201 	0.0380073 	
3.57	-0.00379344 	-0.408684 	-1.3149 	0.275616 	0.436534 	0.0380066 	
3.575	-0.00381087 	-0.408358 	-1.31514 	0.27563 	0.43587 	0.0380257 	
3.58	-0.00382801 	-0.408033 	-1.31538 	0.275647 	0.435208 	0.0380505 	
3.585	-0.0038478 	-0.40771 	-1.31562 	0.275656 	0.434545 	0.0380871 	
3.59	-0.00386629 	-0.407387 	-1.31585 	0.275672 	0.433885 	0.0381177 	
3.595	-0.00388688 	-0.407068 	-1.31609 	0.275683 	0.433229 	0.0381286 	
3.6	-0.00390852 	-0.406753 	-1.31633 	0.275692 	0.432578 	0.0381346 	
3.605	-0.00393069 	-0.40644 	-1.31656 	0.275701 	0.43193 	0.0381394 	
3.61	-0.00395315 	-0.40613 	-1.3168 	0.27571 	0.431285 	0.0381437 	
3.615	-0.00397579 	-0.405822 	-1.31703 	0.275718 	0.430644 	0.038148 	
3.62	-0.00399855 	-0.405516 	-1.31726 	0.275727 	0.430005 	0.0381522 	
3.625	-0.00402141 	-0.405211 	-1.3175 	0.275736 	0.429368 	0.0381563 	
3.63	-0.00404435 	-0.404909 	-1.31773 	0.275744 	0.428734 	0.0381605 	
3.635	-0.00406736 	-0.404608 	-1.31795 	0.275753 	0.428101 	0.0381646 	
3.64	-0.00409045 	-0.404308 	-1.31818 	0.275762 	0.427469 	0.0381687 	
3.645	-0.00411359 	-0.404009 	-1.31841 	0.27577 	0.426839 	0.0381728 	
3.65	-0.00413732 	-0.403711 	-1.31863 	0.275777 	0.426211 	0.038179 	
3.655	-0.00416152 	-0.403415 	-1.31886 	0.275783 	0.425584 	0.0381865 	
3.66	-0.00418598 	-0.403119 	-1.31908 	0.275788 	0.424959 	0.0381947 	
3.665	-0.00421056 	-0.402825 	-1.31931 	0.275792 	0.424335 	0.0382029 	
3.67	-0.0042352 	-0.402532 	-1.31953 	0.275797 	0.423713 	0.0382112 	
3.675	-0.00425988 	-0.40224 	-1.31975 	0.275802 	0.42309 	0.0382194 	
3.68	-0.00428458 	-0.401948 	-1.31997 	0.275807 	0.422469 	0.0382276 	
3.685	-0.0043093 	-0.401657 	-1.32019 	0.275812 	0.421848 	0.0382358 	
3.69	-0.00433405 	-0.401366 	-1.32041 	0.275817 	0.421227 	0.0382439 	
3.695	-0.00435722 	-0.401075 	-1.32063 	0.275828 	0.420604 	0.038245 	
3.7	-0.00437998 	-0.400783 	-1.32085 	0.27584 	0.41998 	0.0382453 	
3.705	-0.00440278 	-0.400491 	-1.32107 	0.275852 	0.419355 	0.0382462 	
3.71	-0.00442581 	-0.400198 	-1.32129 	0.275863 	0.41873 	0.0382481 	
3.715	-0.00444906 	-0.399906 	-1.3215 	0.275873 	0.418103 	0.0382507 	
3.72	-0.00447244 	-0.399613 	-1.32172 	0.275883 	0.417476 	0.0382536 	
3.725	-0.00449591 	-0.399319 	-1.32194 	0.275893 	0.416847 	0.0382567 	
3.73	-0.00451423 	-0.399025 	-1.32215 	0.275924 	0.416214 	0.0382338 	
3.735	-0.00453565 	-0.398844 	-1.32233 	0.275937 	0.415735 	0.0382247 	
3.74	-0.00453974 	-0.398655 	-1.3225 	0.27597 	0.415248 	0.0381962 	
3.745	-0.00454629 	-0.398461 	-1.32267 	0.275985 	0.414744 	0.0381888 	
3.75	-0.00455546 	-0.398259 	-1.32283 	0.275997 	0.414241 	0.0381876 	
3.755	-0.00456334 	-0.398046 	-1.323 	0.276014 	0.413733 	0.0381931 	
3.76	-0.00457298 	-0.397823 	-1.32317 	0.276026 	0.413209 	0.0381926 	
3.765	-0.00458383 	-0.397589 	-1.32334 	0.27604 	0.412671 	0.0381992 	
3.77	-0.00459639 	-0.397346 	-1.32352 	0.276055 	0.412121 	0.0382139 	
3.775	-0.00461079 	-0.397095 	-1.3237 	0.276065 	0.411558 	0.0382278 	
3.78	-0.0046265 	-0.396837 	-1.32389 	0.276076 	0.410983 	0.0382422 	
3.785	-0.00464993 	-0.39657 	-1.32408 	0.276068 	0.410388 	0.038254 	
3.79	-0.00467459 	-0.396295 	-1.32427 	0.276055 	0.40978 	0.0382603 	
3.795	-0.00469783 	-0.396011 	-1.32447 	0.276037 	0.409161 	0.0382642 	
3.8	-0.0047238 	-0.395722 	-1.32467 	0.276014 	0.408532 	0.0382673 	
3.805	-0.00474273 	-0.395426 	-1.32487 	0.27602 	0.407895 	0.0382776 	
3.81	-0.0047581 	-0.395125 	-1.32508 	0.276038 	0.407248 	0.0382817 	
3.815	-0.0047729 	-0.394822 	-1.32528 	0.276058 	0.406599 	0.0382903 	
3.82	-0.00480496 	-0.394519 	-1.32549 	0.276034 	0.405934 	0.038298 	
3.825	-0.00483956 	-0.394212 	-1.3257 	0.276006 	0.40526 	0.0382717 	
3.83	-0.0048763 	-0.3939 	-1.32591 	0.275975 	0.40458 	0.0382299 	
3.835	-0.00491489 	-0.393585 	-1.32612 	0.275942 	0.403892 	0.0381821 	
3.84	-0.00495165 	-0.393266 	-1.32633 	0.27592 	0.403204 	0.0381674 	
3.845	-0.00499025 	-0.392945 	-1.32655 	0.275895 	0.402514 	0.0381652 	
3.85	-0.00502521 	-0.392622 	-1.32676 	0.275884 	0.401816 	0.0381301 	
3.855	-0.00505863 	-0.392298 	-1.32698 	0.275877 	0.401113 	0.038086 	
3.86	-0.0050914 	-0.391972 	-1.32719 	0.275872 	0.400407 	0.0380398 	
3.865	-0.00512397 	-0.391644 	-1.32741 	0.275867 	0.399698 	0.0379931 	
3.87	-0.00515654 	-0.391316 	-1.32762 	0.275863 	0.398986 	0.0379465 	
3.875	-0.00519503 	-0.390988 	-1.32784 	0.275843 	0.39827 	0.0378965 	
3.88	-0.00523943 	-0.390659 	-1.32805 	0.275808 	0.397551 	0.0378846 	
3.885	-0.00528469 	-0.390328 	-1.32827 	0.27577 	0.396827 	0.037848 	
3.89	-0.00533038 	-0.389995 	-1.32849 	0.275732 	0.396099 	0.037802 	
3.895	-0.00536942 	-0.389659 	-1.3287 	0.275718 	0.395371 	0.0377549 	
3.9	-0.00539975 	-0.38932 	-1.32892 	0.275728 	0.394642 	0.0377062 	
3.905	-0.00542954 	-0.388989 	-1.32913 	0.275742 	0.393922 	0.037686 	
3.91	-0.00546275 	-0.388664 	-1.32934 	0.275745 	0.393207 	0.037699 	
3.915	-0.00549571 	-0.388345 	-1.32955 	0.275746 	0.392501 	0.0376926 	
3.92	-0.00552944 	-0.388031 	-1.32976 	0.275743 	0.391803 	0.0376814 	
3.925	-0.00556412 	-0.387724 	-1.32996 	0.275735 	0.391112 	0.0376698 	
3.93	-0.00561041 	-0.387474 	-1.33015 	0.275687 	0.390501 	0.037654 	
3.935	-0.00564516 	-0.387226 	-1.33033 	0.27567 	0.389901 	0.0376452 	
3.94	-0.00567535 	-0.386978 	-1.33051 	0.275663 	0.389305 	0.0376428 	
3.945	-0.00570351 	-0.38673 	-1.33068 	0.275663 	0.388713 	0.0376465 	
3.95	-0.00573072 	-0.386483 	-1.33086 	0.275666 	0.388121 	0.0376558 	
3.955	-0.00575744 	-0.386235 	-1.33103 	0.275672 	0.38753 	0.0376707 	
3.96	-0.00578286 	-0.385999 	-1.3312 	0.275686 	0.38696 	0.0376969 	
3.965	-0.00580671 	-0.385776 	-1.33136 	0.275704 	0.38641 	0.0377245 	
3.97	-0.00582857 	-0.385564 	-1.33152 	0.275726 	0.38588 	0.0377513 	
3.975	-0.00585201 	-0.385342 	-1.33168 	0.275731 	0.385335 	0.0377497 	
3.98	-0.00588014 	-0.38511 	-1.33184 	0.275725 	0.384775 	0.0377371 	
3.985	-0.00590584 	-0.384867 	-1.33201 	0.275733 	0.384201 	0.0377315 	
3.99	-0.00593179 	-0.384614 	-1.33218 	0.275743 	0.383613 	0.0377292 	
3.995	-0.00595908 	-0.384351 	-1.33235 	0.275751 	0.383009 	0.0377274 	
4	-0.00598821 	-0.384079 	-1.33253 	0.275756 	0.38239 	0.0377257 	
4.005	-0.00601943 	-0.383799 	-1.33271 	0.275758 	0.381757 	0.0377239 	
4.01	-0.00605291 	-0.383513 	-1.3329 	0.275754 	0.38111 	0.0377218 	
4.015	-0.00608226 	-0.383218 	-1.33309 	0.275771 	0.380453 	0.0377183 	
4.02	-0.00612032 	-0.38292 	-1.33328 	0.275754 	0.379782 	0.0377183 	
4.025	-0.00616332 	-0.382618 	-1.33347 	0.275724 	0.379102 	0.0377164 	
4.03	-0.00620696 	-0.382312 	-1.33367 	0.275696 	0.378414 	0.0377169 	
4.035	-0.00624675 	-0.38202 	-1.33386 	0.27569 	0.377741 	0.0377474 	
4.04	-0.00628521 	-0.381745 	-1.33405 	0.275681 	0.377093 	0.0377732 	
4.045	-0.00632443 	-0.381466 	-1.33424 	0.27566 	0.37644 	0.0377797 	
4.05	-0.00635535 	-0.381178 	-1.33442 	0.275671 	0.375782 	0.0377722 	
4.055	-0.00639321 	-0.380888 	-1.33461 	0.275654 	0.375114 	0.0377706 	
4.06	-0.00643154 	-0.380609 	-1.33479 	0.275641 	0.374455 	0.0377856 	
4.065	-0.00647123 	-0.380326 	-1.33498 	0.275618 	0.373794 	0.0377897 	
4.07	-0.00651201 	-0.380039 	-1.33517 	0.275592 	0.373128 	0.0377911 	
4.075	-0.00655356 	-0.379746 	-1.33536 	0.275565 	0.372454 	0.0377918 	
4.08	-0.0065924 	-0.379473 	-1.33554 	0.275551 	0.371804 	0.0378045 	
4.085	-0.00661267 	-0.379187 	-1.33572 	0.275589 	0.371151 	0.0378065 	
4.09	-0.00662088 	-0.378891 	-1.3359 	0.275657 	0.370486 	0.0378067 	
4.095	-0.0066386 	-0.378603 	-1.33608 	0.275685 	0.369817 	0.0378292 	
4.1	-0.00665894 	-0.378318 	-1.33627 	0.275706 	0.369146 	0.0378407 	
4.105	-0.00669297 	-0.378036 	-1.33644 	0.27569 	0.368469 	0.0378647 	
4.11	-0.0067347 	-0.377756 	-1.33662 	0.275657 	0.367791 	0.0378932 	
4.115	-0.00677903 	-0.377475 	-1.3368 	0.275619 	0.367116 	0.0379215 	
4.12	-0.0068238 	-0.377196 	-1.33697 	0.275582 	0.366442 	0.0379475 	
4.125	-0.00686851 	-0.376953 	-1.33714 	0.275545 	0.365828 	0.0379659 	
4.13	-0.00691105 	-0.376714 	-1.3373 	0.275507 	0.365218 	0.037982 	
4.135	-0.00695322 	-0.376481 	-1.33746 	0.275463 	0.36462 	0.0379891 	
4.14	-0.0069917 	-0.376357 	-1.33759 	0.275425 	0.364197 	0.0380018 	
4.145	-0.00701597 	-0.376237 	-1.33772 	0.275411 	0.363789 	0.0380182 	
4.15	-0.00703378 	-0.376102 	-1.33783 	0.27541 	0.363362 	0.0380421 	
4.155	-0.00705174 	-0.375951 	-1.33795 	0.27541 	0.362911 	0.038071 	
4.16	-0.00707432 	-0.375785 	-1.33808 	0.275401 	0.362437 	0.0381211 	
4.165	-0.00709801 	-0.375601 	-1.3382 	0.275388 	0.361943 	0.0381534 	
4.17	-0.00712283 	-0.375401 	-1.33834 	0.275375 	0.361424 	0.0381719 	
4.175	-0.00714054 	-0.375184 	-1.33848 	0.27539 	0.36089 	0.0381833 	
4.18	-0.00715549 	-0.374954 	-1.33863 	0.275416 	0.360336 	0.0381916 	
4.185	-0.00716975 	-0.374712 	-1.33879 	0.275447 	0.359762 	0.0381989 	
4.19	-0.00718417 	-0.37446 	-1.33894 	0.275481 	0.35917 	0.0382062 	
4.195	-0.00719901 	-0.374197 	-1.33911 	0.275516 	0.35856 	0.0382135 	
4.2	-0.00721432 	-0.373926 	-1.33927 	0.275553 	0.357934 	0.0382211 	
4.205	-0.00723008 	-0.373647 	-1.33944 	0.275591 	0.357293 	0.0382288 	
4.21	-0.00724624 	-0.373361 	-1.33962 	0.27563 	0.35664 	0.0382366 	
4.215	-0.00726858 	-0.373072 	-1.33979 	0.275648 	0.355974 	0.0382474 	
4.22	-0.00729488 	-0.372779 	-1.33997 	0.275655 	0.355296 	0.0382619 	
4.225	-0.00732932 	-0.372481 	-1.34014 	0.275643 	0.354603 	0.0382791 	
4.23	-0.00736708 	-0.372177 	-1.34032 	0.275626 	0.353897 	0.0382916 	
4.235	-0.00740671 	-0.371868 	-1.3405 	0.275609 	0.35318 	0.038301 	
4.24	-0.00745139 	-0.371556 	-1.34068 	0.275589 	0.35245 	0.038374 	
4.245	-0.00749899 	-0.371242 	-1.34086 	0.275562 	0.35171 	0.0384325 	
4.25	-0.00754822 	-0.370925 	-1.34104 	0.275533 	0.350964 	0.0384876 	
4.255	-0.00760087 	-0.370609 	-1.34122 	0.275502 	0.350209 	0.0385744 	
4.26	-0.00765471 	-0.370293 	-1.3414 	0.275471 	0.349449 	0.038671 	
4.265	-0.00770929 	-0.369976 	-1.34157 	0.275441 	0.348687 	0.0387706 	
4.27	-0.00775862 	-0.369835 	-1.34172 	0.275391 	0.348194 	0.0387745 	
4.275	-0.00779504 	-0.369692 	-1.34186 	0.275356 	0.347698 	0.0388008 	
4.28	-0.00782077 	-0.36954 	-1.34199 	0.275341 	0.347206 	0.0388159 	
4.285	-0.00784641 	-0.369377 	-1.34212 	0.275319 	0.346711 	0.0388182 	
4.29	-0.00786387 	-0.369201 	-1.34225 	0.275326 	0.346214 	0.0388198 	
4.295	-0.00788249 	-0.369015 	-1.34238 	0.275328 	0.345705 	0.0388246 	
4.3	-0.0079022 	-0.368819 	-1.34252 	0.275327 	0.345182 	0.0388307 	
4.305	-0.00792326 	-0.368613 	-1.34266 	0.275325 	0.344643 	0.0388383 	
4.31	-0.00794525 	-0.368397 	-1.3428 	0.275322 	0.344088 	0.0388463 	
4.315	-0.00796366 	-0.368168 	-1.34294 	0.275339 	0.343518 	0.0388538 	
4.32	-0.00798007 	-0.367927 	-1.34309 	0.275367 	0.34293 	0.0388583 	
4.325	-0.00799632 	-0.367675 	-1.34324 	0.275398 	0.342324 	0.038862 	
4.33	-0.00801297 	-0.367414 	-1.3434 	0.275432 	0.341702 	0.0388656 	
4.335	-0.00803017 	-0.367145 	-1.34356 	0.275466 	0.341064 	0.0388692 	
4.34	-0.00804794 	-0.366867 	-1.34372 	0.275502 	0.34041 	0.0388728 	
4.345	-0.00806624 	-0.366582 	-1.34389 	0.275538 	0.339744 	0.0388764 	
4.35	-0.00808501 	-0.366291 	-1.34405 	0.275576 	0.339065 	0.03888 	
4.355	-0.00810407 	-0.365994 	-1.34422 	0.275614 	0.338377 	0.0388954 	
4.36	-0.00812374 	-0.365692 	-1.3444 	0.275652 	0.337679 	0.0389107 	
4.365	-0.00814394 	-0.365386 	-1.34457 	0.27569 	0.336972 	0.0389218 	
4.37	-0.00816447 	-0.365077 	-1.34474 	0.275729 	0.336257 	0.0389291 	
4.375	-0.0081909 	-0.364768 	-1.34492 	0.275746 	0.335537 	0.0389335 	
4.38	-0.0082316 	-0.36446 	-1.34509 	0.275718 	0.334801 	0.0389475 	
4.385	-0.00826898 	-0.36415 	-1.34527 	0.275702 	0.334066 	0.0389616 	
4.39	-0.00830494 	-0.363838 	-1.34544 	0.275695 	0.333331 	0.03898 	
4.395	-0.00834121 	-0.363524 	-1.34561 	0.275686 	0.332591 	0.0389996 	
4.4	-0.00837805 	-0.363209 	-1.34579 	0.275675 	0.331845 	0.0390205 	
4.405	-0.00842257 	-0.362892 	-1.34596 	0.275646 	0.33109 	0.0390313 	
4.41	-0.00846616 	-0.362572 	-1.34613 	0.275619 	0.330328 	0.0390417 	
4.415	-0.00850748 	-0.362251 	-1.34631 	0.275598 	0.329566 	0.0390589 	
4.42	-0.00855334 	-0.361928 	-1.34648 	0.275569 	0.328797 	0.0390635 	
4.425	-0.00860096 	-0.361602 	-1.34666 	0.27554 	0.328025 	0.0390698 	
4.43	-0.00865046 	-0.361275 	-1.34683 	0.275508 	0.327248 	0.0390693 	
4.435	-0.0087022 	-0.360947 	-1.34701 	0.275473 	0.326469 	0.0390661 	
4.44	-0.00875703 	-0.360621 	-1.34718 	0.27543 	0.325688 	0.0390614 	
4.445	-0.00881632 	-0.360298 	-1.34736 	0.275378 	0.324904 	0.0390648 	
4.45	-0.00887911 	-0.359978 	-1.34753 	0.275318 	0.324118 	0.0390774 	
4.455	-0.00894448 	-0.359661 	-1.3477 	0.275251 	0.323334 	0.0390906 	
4.46	-0.0090012 	-0.359373 	-1.34786 	0.275221 	0.322607 	0.0391318 	
4.465	-0.00905616 	-0.359097 	-1.34802 	0.275189 	0.321903 	0.0391801 	
4.47	-0.00910796 	-0.358818 	-1.34817 	0.275166 	0.321196 	0.0392542 	
4.475	-0.00915869 	-0.358537 	-1.34832 	0.275146 	0.320484 	0.0393365 	
4.48	-0.00920846 	-0.358254 	-1.34847 	0.27512 	0.319767 	0.0394072 	
4.485	-0.00925986 	-0.357973 	-1.34862 	0.275086 	0.319051 	0.0394587 	
4.49	-0.0093086 	-0.357693 	-1.34877 	0.275062 	0.318334 	0.0395329 	
4.495	-0.00935616 	-0.357422 	-1.34892 	0.27504 	0.317636 	0.0396089 	
4.5	-0.00940227 	-0.357158 	-1.34906 	0.27502 	0.316951 	0.03968 	
4.505	-0.0094471 	-0.356899 	-1.3492 	0.275001 	0.316276 	0.0397447 	
4.51	-0.0094909 	-0.356643 	-1.34934 	0.274982 	0.315607 	0.0398028 	
4.515	-0.00953467 	-0.356383 	-1.34949 	0.274965 	0.314932 	0.039853 	
4.52	-0.00957364 	-0.356218 	-1.34961 	0.274952 	0.314431 	0.039865 	
4.525	-0.00960383 	-0.35604 	-1.34973 	0.274945 	0.313907 	0.0398739 	
4.53	-0.00963644 	-0.35585 	-1.34985 	0.274923 	0.313362 	0.0398789 	
4.535	-0.00967073 	-0.355647 	-1.34997 	0.274899 	0.312795 	0.0398792 	
4.54	-0.00970725 	-0.35543 	-1.35009 	0.274871 	0.312207 	0.0398802 	
4.545	-0.00974702 	-0.355199 	-1.35022 	0.274838 	0.311596 	0.0398815 	
4.55	-0.00978941 	-0.354957 	-1.35035 	0.274804 	0.310963 	0.0398829 	
4.555	-0.0098341 	-0.354702 	-1.35049 	0.274767 	0.310308 	0.0398844 	
4.56	-0.00987892 	-0.354435 	-1.35063 	0.274737 	0.309633 	0.0398854 	
4.565	-0.00992546 	-0.354158 	-1.35077 	0.274705 	0.308937 	0.0398844 	
4.57	-0.00997391 	-0.353872 	-1.35091 	0.274672 	0.308222 	0.0398841 	
4.575	-0.0100237 	-0.353577 	-1.35106 	0.274637 	0.30749 	0.0398823 	
4.58	-0.010074 	-0.353275 	-1.35121 	0.274605 	0.306744 	0.0398807 	
4.585	-0.0101253 	-0.352965 	-1.35137 	0.274574 	0.305982 	0.0398791 	
4.59	-0.0101775 	-0.35265 	-1.35152 	0.274544 	0.305209 	0.0398854 	
4.595	-0.0102286 	-0.352334 	-1.35168 	0.27452 	0.304437 	0.0398932 	
4.6	-0.0102807 	-0.352042 	-1.35183 	0.274489 	0.303698 	0.0398918 	
4.605	-0.0103311 	-0.351769 	-1.35198 	0.274456 	0.30299 	0.0398851 	
4.61	-0.0103791 	-0.351508 	-1.35212 	0.274425 	0.3023 	0.0398814 	
4.615	-0.010426 	-0.35125 	-1.35226 	0.274389 	0.301622 	0.0398756 	
4.62	-0.0104726 	-0.350993 	-1.35239 	0.274349 	0.300946 	0.0398694 	
4.625	-0.0105191 	-0.350732 	-1.35253 	0.274306 	0.300265 	0.0398623 	
4.63	-0.0105655 	-0.350467 	-1.35266 	0.27426 	0.299575 	0.0398528 	
4.635	-0.0106122 	-0.350198 	-1.3528 	0.274213 	0.298877 	0.0398424 	
4.64	-0.0106613 	-0.349926 	-1.35294 	0.274164 	0.298171 	0.0398295 	
4.645	-0.0107158 	-0.349654 	-1.35307 	0.274098 	0.297459 	0.0398057 	
4.65	-0.0107718 	-0.349379 	-1.35321 	0.274032 	0.296743 	0.0397802 	
4.655	-0.0108292 	-0.349101 	-1.35334 	0.273965 	0.296019 	0.0397777 	
4.66	-0.0108879 	-0.348822 	-1.35348 	0.273898 	0.29529 	0.0397801 	
4.665	-0.0109475 	-0.348541 	-1.35362 	0.273831 	0.294559 	0.0397836 	
4.67	-0.0110074 	-0.348266 	-1.35376 	0.273764 	0.293837 	0.0397867 	
4.675	-0.0110638 	-0.348001 	-1.3539 	0.273705 	0.293134 	0.039789 	
4.68	-0.0111208 	-0.34774 	-1.35404 	0.273643 	0.292438 	0.0397896 	
4.685	-0.0111752 	-0.347481 	-1.35418 	0.273577 	0.291746 	0.0397907 	
4.69	-0.0112273 	-0.347222 	-1.35432 	0.273519 	0.291057 	0.0397901 	
4.695	-0.0112897 	-0.346964 	-1.35445 	0.273426 	0.290359 	0.0397812 	
4.7	-0.0113587 	-0.346703 	-1.35458 	0.273314 	0.289652 	0.0397833 	
4.705	-0.0114304 	-0.34644 	-1.35472 	0.273197 	0.288938 	0.0397892 	
4.71	-0.011503 	-0.346173 	-1.35485 	0.273082 	0.28822 	0.0397952 	
4.715	-0.0115887 	-0.345905 	-1.35498 	0.272935 	0.28749 	0.0398 	
4.72	-0.0116811 	-0.345635 	-1.35511 	0.272768 	0.286748 	0.0398064 	
4.725	-0.0117748 	-0.345362 	-1.35524 	0.272597 	0.285998 	0.0398153 	
4.73	-0.0118616 	-0.345084 	-1.35537 	0.272457 	0.28525 	0.0398202 	
4.735	-0.0119449 	-0.344807 	-1.3555 	0.272329 	0.284504 	0.0398232 	
4.74	-0.0120259 	-0.344533 	-1.35564 	0.272207 	0.283762 	0.039823 	
4.745	-0.0121034 	-0.344261 	-1.35577 	0.272096 	0.283023 	0.0398202 	
4.75	-0.0121788 	-0.343991 	-1.35591 	0.271989 	0.282287 	0.0398155 	
4.755	-0.0122549 	-0.343729 	-1.35603 	0.271876 	0.281568 	0.0398157 	
4.76	-0.012323 	-0.34353 	-1.35615 	0.27178 	0.280968 	0.0398217 	
4.765	-0.0123774 	-0.343431 	-1.35625 	0.271701 	0.280566 	0.0398211 	
4.77	-0.0124295 	-0.343317 	-1.35633 	0.2716 	0.280125 	0.0397977 	
4.775	-0.0124775 	-0.343185 	-1.35642 	0.271507 	0.279657 	0.039787 	
4.78	-0.0125133 	-0.343028 	-1.35651 	0.271462 	0.279158 	0.0397842 	
4.785	-0.0125471 	-0.342852 	-1.3566 	0.271433 	0.278627 	0.0397869 	
4.79	-0.0126 	-0.342662 	-1.35669 	0.271347 	0.278058 	0.0397612 	
4.795	-0.0126609 	-0.342455 	-1.35679 	0.271246 	0.277458 	0.039733 	
4.8	-0.0127256 	-0.342232 	-1.35689 	0.271141 	0.276828 	0.0397114 	
4.805	-0.0127984 	-0.341997 	-1.35699 	0.271023 	0.276171 	0.0396844 	
4.81	-0.0128712 	-0.341747 	-1.3571 	0.270922 	0.275493 	0.0396841 	
4.815	-0.0129467 	-0.341486 	-1.35721 	0.270815 	0.274793 	0.0396757 	
4.82	-0.0130295 	-0.34122 	-1.35732 	0.270694 	0.274073 	0.039655 	
4.825	-0.0131023 	-0.340943 	-1.35745 	0.270608 	0.273337 	0.0396531 	
4.83	-0.0131741 	-0.340659 	-1.35757 	0.270525 	0.272583 	0.0396571 	
4.835	-0.0132477 	-0.34037 	-1.3577 	0.270436 	0.271815 	0.0396631 	
4.84	-0.0133238 	-0.340076 	-1.35783 	0.27034 	0.271035 	0.0396705 	
4.845	-0.0134016 	-0.339779 	-1.35797 	0.27024 	0.270246 	0.0396791 	
4.85	-0.0134893 	-0.339486 	-1.35809 	0.270112 	0.269444 	0.0397041 	
4.855	-0.0135782 	-0.339201 	-1.35822 	0.269982 	0.268653 	0.0397463 	
4.86	-0.0136599 	-0.338917 	-1.35834 	0.26988 	0.26787 	0.0397975 	
4.865	-0.0137376 	-0.338638 	-1.35846 	0.269788 	0.267096 	0.0398502 	
4.87	-0.0138122 	-0.338363 	-1.35858 	0.269702 	0.266331 	0.0399023 	
4.875	-0.0138844 	-0.338094 	-1.3587 	0.269619 	0.265577 	0.0399535 	
4.88	-0.0139575 	-0.337826 	-1.35882 	0.269526 	0.264824 	0.0399865 	
4.885	-0.0140304 	-0.337557 	-1.35893 	0.269431 	0.264069 	0.0400143 	
4.89	-0.014103 	-0.337287 	-1.35905 	0.269338 	0.263312 	0.0400405 	
4.895	-0.014175 	-0.337016 	-1.35917 	0.269247 	0.262554 	0.0400664 	
4.9	-0.0142439 	-0.336752 	-1.35929 	0.269167 	0.261808 	0.0401017 	
4.905	-0.0143095 	-0.336496 	-1.35941 	0.269096 	0.261081 	0.0401441 	
4.91	-0.0143746 	-0.336243 	-1.35952 	0.269025 	0.260362 	0.0401766 	
4.915	-0.0144424 	-0.335989 	-1.35963 	0.268941 	0.259637 	0.0402042 	
4.92	-0.0145105 	-0.335735 	-1.35975 	0.268855 	0.25891 	0.0402315 	
4.925	-0.0145776 	-0.335479 	-1.35986 	0.268769 	0.258182 	0.0402577 	
4.93	-0.0146434 	-0.335221 	-1.35998 	0.268686 	0.257452 	0.0402823 	
4.935	-0.0147077 	-0.334962 	-1.3601 	0.268606 	0.256721 	0.0403053 	
4.94	-0.0147709 	-0.334702 	-1.36022 	0.268529 	0.255988 	0.0403268 	
4.945	-0.0148332 	-0.33444 	-1.36033 	0.268453 	0.255253 	0.0403469 	
4.95	-0.0148982 	-0.334197 	-1.36045 	0.268369 	0.254549 	0.0403824 	
4.955	-0.0149567 	-0.33395 	-1.36057 	0.268301 	0.253849 	0.0403952 	
4.96	-0.0150129 	-0.333702 	-1.36068 	0.268237 	0.253149 	0.0404022 	
4.965	-0.0150746 	-0.333469 	-1.3608 	0.268154 	0.252457 	0.0404264 	
4.97	-0.0151285 	-0.333234 	-1.36091 	0.268092 	0.251774 	0.0404365 	
4.975	-0.0151774 	-0.332997 	-1.36103 	0.268044 	0.251095 	0.0404437 	
4.98	-0.0152305 	-0.332774 	-1.36113 	0.267987 	0.250431 	0.0404768 	
4.985	-0.0152903 	-0.332549 	-1.36123 	0.267902 	0.249756 	0.0405024 	
4.99	-0.0153635 	-0.332316 	-1.36133 	0.267788 	0.249063 	0.0404953 	
4.995	-0.0154493 	-0.332073 	-1.36143 	0.267648 	0.24835 	0.0404736 	
5	-0.0155196 	-0.331823 	-1.36154 	0.267565 	0.24764 	0.0404748 	
5.005	-0.0155952 	-0.331568 	-1.36165 	0.267463 	0.246915 	0.0404781 	
5.01	-0.0156708 	-0.331309 	-1.36176 	0.267365 	0.246177 	0.0404878 	
5.015	-0.0157368 	-0.331037 	-1.36187 	0.267314 	0.245421 	0.0404865 	
5.02	-0.0157989 	-0.330756 	-1.36198 	0.267277 	0.244649 	0.0404909 	
5.025	-0.0158602 	-0.330468 	-1.36209 	0.267243 	0.243861 	0.0404967 	
5.03	-0.0159209 	-0.330173 	-1.3622 	0.267214 	0.243059 	0.0405049 	
5.035	-0.0159817 	-0.329872 	-1.36231 	0.267185 	0.242242 	0.0405143 	
5.04	-0.0160426 	-0.329562 	-1.36242 	0.267154 	0.24141 	0.0405371 	
5.045	-0.0161062 	-0.329245 	-1.36253 	0.267117 	0.24056 	0.0405623 	
5.05	-0.0161749 	-0.328924 	-1.36264 	0.267067 	0.239695 	0.040583 	
5.055	-0.0162423 	-0.328601 	-1.36276 	0.267024 	0.238825 	0.0406056 	
5.06	-0.016309 	-0.328278 	-1.36287 	0.266985 	0.237951 	0.0406371 	
5.065	-0.0163628 	-0.328102 	-1.36297 	0.266956 	0.237354 	0.0406488 	
5.07	-0.0163917 	-0.328078 	-1.36305 	0.266948 	0.237055 	0.0406529 	
5.075	-0.0164122 	-0.328039 	-1.36312 	0.26692 	0.236724 	0.040654 	
5.08	-0.0164316 	-0.327979 	-1.36318 	0.266879 	0.236363 	0.04064 	
5.085	-0.0164585 	-0.3279 	-1.36324 	0.26682 	0.235973 	0.0406408 	
5.09	-0.0164903 	-0.3278 	-1.3633 	0.266759 	0.235551 	0.0406352 	
5.095	-0.0165346 	-0.32768 	-1.36336 	0.26667 	0.235087 	0.0406367 	
5.1	-0.0165775 	-0.327537 	-1.36342 	0.266606 	0.234591 	0.0406448 	
5.105	-0.0166218 	-0.327374 	-1.36349 	0.266554 	0.234058 	0.0406612 	
5.11	-0.0166791 	-0.327194 	-1.36357 	0.266476 	0.233484 	0.0406525 	
5.115	-0.0167568 	-0.327002 	-1.36363 	0.266344 	0.232875 	0.0406211 	
5.12	-0.0168478 	-0.326794 	-1.36371 	0.266184 	0.232231 	0.0406058 	
5.125	-0.0169278 	-0.326565 	-1.36379 	0.266062 	0.231556 	0.0406162 	
5.13	-0.0169995 	-0.32632 	-1.36388 	0.265981 	0.23085 	0.040643 	
5.135	-0.0170704 	-0.326063 	-1.36397 	0.265908 	0.230119 	0.0406744 	
5.14	-0.0171438 	-0.325798 	-1.36406 	0.26583 	0.229365 	0.0407066 	
5.145	-0.0172208 	-0.325526 	-1.36416 	0.265743 	0.228591 	0.0407386 	
5.15	-0.0173038 	-0.32525 	-1.36425 	0.265644 	0.227801 	0.0407731 	
5.155	-0.0173927 	-0.324979 	-1.36435 	0.265517 	0.227017 	0.04079 	
5.16	-0.0174916 	-0.324709 	-1.36445 	0.265363 	0.226223 	0.0408201 	
5.165	-0.0175866 	-0.324433 	-1.36454 	0.265228 	0.225419 	0.0408524 	
5.17	-0.017667 	-0.324143 	-1.36464 	0.265145 	0.224601 	0.0408773 	
5.175	-0.0177404 	-0.323843 	-1.36474 	0.265087 	0.223763 	0.040895 	
5.18	-0.0178105 	-0.323533 	-1.36484 	0.26504 	0.222905 	0.0409078 	
5.185	-0.0178808 	-0.323215 	-1.36494 	0.264994 	0.222028 	0.0409237 	
5.19	-0.0179698 	-0.322902 	-1.36504 	0.264902 	0.221144 	0.0409567 	
5.195	-0.0180716 	-0.322591 	-1.36514 	0.264767 	0.220254 	0.0409685 	
5.2	-0.0181786 	-0.322278 	-1.36524 	0.264616 	0.219357 	0.0409789 	
5.205	-0.0182714 	-0.321954 	-1.36534 	0.264515 	0.21845 	0.0409742 	
5.21	-0.0183564 	-0.321623 	-1.36544 	0.26444 	0.217532 	0.0409714 	
5.215	-0.0184366 	-0.321285 	-1.36554 	0.264381 	0.216603 	0.0409778 	
5.22	-0.0185152 	-0.320942 	-1.36564 	0.264325 	0.215664 	0.040986 	
5.225	-0.0185938 	-0.320596 	-1.36574 	0.264266 	0.214711 	0.0409767 	
5.23	-0.018652 	-0.320384 	-1.36585 	0.264228 	0.213948 	0.0409869 	
5.235	-0.0187134 	-0.320134 	-1.36595 	0.264186 	0.213213 	0.0409947 	
5.24	-0.0187792 	-0.319853 	-1.36604 	0.264142 	0.212449 	0.0410018 	
5.245	-0.0188506 	-0.319547 	-1.36613 	0.264093 	0.211638 	0.0409938 	
5.25	-0.0189107 	-0.319326 	-1.36623 	0.264058 	0.210947 	0.0410038 	
5.255	-0.0189698 	-0.319088 	-1.36632 	0.264015 	0.21023 	0.0409941 	
5.26	-0.0190312 	-0.318828 	-1.36641 	0.263969 	0.209483 	0.0409829 	
5.265	-0.0191004 	-0.318551 	-1.3665 	0.26391 	0.208704 	0.0409621 	
5.27	-0.019128 	-0.318351 	-1.3666 	0.264 	0.208205 	0.0409328 	
5.275	-0.0191384 	-0.318194 	-1.36669 	0.264119 	0.207811 	0.0409034 	
5.28	-0.0191339 	-0.318072 	-1.36677 	0.264261 	0.207506 	0.040871 	
5.285	-0.0191274 	-0.317948 	-1.36684 	0.26438 	0.207174 	0.0408406 	
5.29	-0.0191182 	-0.317822 	-1.36692 	0.264494 	0.206837 	0.0408084 	
5.295	-0.0191046 	-0.317691 	-1.36699 	0.264614 	0.206488 	0.0407738 	
5.3	-0.0190943 	-0.317554 	-1.36707 	0.264712 	0.206116 	0.0407428 	
5.305	-0.0191042 	-0.317392 	-1.36713 	0.26479 	0.205691 	0.040711 	
5.31	-0.0191017 	-0.317237 	-1.36721 	0.264917 	0.205307 	0.0406776 	
5.315	-0.019095 	-0.317099 	-1.36729 	0.265052 	0.204953 	0.0406449 	
5.32	-0.0190848 	-0.316971 	-1.36737 	0.265181 	0.204616 	0.0406127 	
5.325	-0.0190732 	-0.31685 	-1.36744 	0.265302 	0.204283 	0.0405788 	
5.33	-0.0190615 	-0.316734 	-1.36751 	0.265416 	0.203955 	0.0405537 	
5.335	-0.0190495 	-0.316623 	-1.36759 	0.265528 	0.203629 	0.0405302 	
5.34	-0.0190334 	-0.316522 	-1.36766 	0.265592 	0.203267 	0.040531 	
5.345	-0.0190255 	-0.316427 	-1.36774 	0.265612 	0.202916 	0.0405369 	
5.35	-0.0190253 	-0.316311 	-1.3678 	0.265623 	0.202526 	0.0405566 	
5.355	-0.0190402 	-0.316165 	-1.36786 	0.265615 	0.202075 	0.0405772 	
5.36	-0.0190499 	-0.316002 	-1.36794 	0.265655 	0.201643 	0.0405727 	
5.365	-0.0190765 	-0.315814 	-1.368 	0.265679 	0.201157 	0.0405976 	
5.37	-0.0190835 	-0.315636 	-1.36808 	0.265771 	0.200724 	0.0406038 	
5.375	-0.0190812 	-0.315463 	-1.36817 	0.265887 	0.200302 	0.0405945 	
5.38	-0.019074 	-0.315298 	-1.36826 	0.266009 	0.199888 	0.0405761 	
5.385	-0.0190624 	-0.315141 	-1.36834 	0.266137 	0.199485 	0.040561 	
5.39	-0.0190485 	-0.314991 	-1.36843 	0.266263 	0.199089 	0.0405487 	
5.395	-0.0190336 	-0.314849 	-1.36851 	0.266384 	0.198708 	0.0405346 	
5.4	-0.0190253 	-0.31471 	-1.36859 	0.266497 	0.198326 	0.0405233 	
5.405	-0.0190155 	-0.314579 	-1.36866 	0.266611 	0.19796 	0.0405045 	
5.41	-0.0190147 	-0.314452 	-1.36873 	0.266713 	0.197603 	0.0404988 	
5.415	-0.0190111 	-0.314329 	-1.3688 	0.266821 	0.197253 	0.040509 	
5.42	-0.0190015 	-0.314211 	-1.36887 	0.26694 	0.196907 	0.0405147 	
5.425	-0.0189979 	-0.314087 	-1.36893 	0.267024 	0.196527 	0.0405219 	
5.43	-0.019 	-0.313966 	-1.369 	0.267082 	0.196146 	0.0405191 	
5.435	-0.0190011 	-0.313844 	-1.36907 	0.267148 	0.195766 	0.04054 	
5.44	-0.0190001 	-0.313724 	-1.36913 	0.267216 	0.195391 	0.040568 	
5.445	-0.0189923 	-0.313602 	-1.3692 	0.267284 	0.195011 	0.0405976 	
5.45	-0.0189951 	-0.313465 	-1.36927 	0.267351 	0.19463 	0.0406092 	
5.455	-0.0190087 	-0.313312 	-1.36934 	0.267441 	0.194246 	0.0406247 	
5.46	-0.0190231 	-0.313158 	-1.3694 	0.267533 	0.193847 	0.0406382 	
5.465	-0.0190356 	-0.313008 	-1.36947 	0.267623 	0.193445 	0.0406428 	
5.47	-0.019045 	-0.312864 	-1.36955 	0.267711 	0.193045 	0.0406423 	
5.475	-0.0190518 	-0.312724 	-1.36962 	0.267794 	0.192648 	0.0406391 	
5.48	-0.0190552 	-0.312587 	-1.36969 	0.267876 	0.192253 	0.0406297 	
5.485	-0.0190615 	-0.312456 	-1.36976 	0.26794 	0.191859 	0.0406244 	
5.49	-0.0190692 	-0.312331 	-1.36983 	0.267992 	0.191469 	0.0406223 	
5.495	-0.0190685 	-0.312207 	-1.36991 	0.268068 	0.191094 	0.0406156 	
5.5	-0.0190535 	-0.312076 	-1.36998 	0.268194 	0.190721 	0.0406061 	
5.505	-0.0190291 	-0.311938 	-1.37005 	0.268346 	0.190339 	0.040595 	
5.51	-0.0189921 	-0.311806 	-1.37012 	0.268505 	0.189909 	0.0405555 	
5.515	-0.0189889 	-0.311652 	-1.37019 	0.268543 	0.189419 	0.0405368 	
5.52	-0.0190106 	-0.311469 	-1.37025 	0.268526 	0.188868 	0.0405374 	
5.525	-0.0190483 	-0.311256 	-1.37032 	0.268491 	0.188252 	0.0405612 	
5.53	-0.0190561 	-0.311044 	-1.3704 	0.26858 	0.187692 	0.0406103 	
5.535	-0.0190449 	-0.31084 	-1.3705 	0.268732 	0.187164 	0.0406655 	
5.54	-0.0190271 	-0.310642 	-1.37059 	0.268898 	0.18665 	0.0407214 	
5.545	-0.0190063 	-0.31045 	-1.37068 	0.269068 	0.186149 	0.0407808 	
5.55	-0.0189761 	-0.310279 	-1.37078 	0.269253 	0.185713 	0.0407665 	
5.555	-0.0189426 	-0.310124 	-1.37088 	0.26944 	0.185315 	0.0407343 	
5.56	-0.0189225 	-0.30997 	-1.37096 	0.269582 	0.184893 	0.040722 	
5.565	-0.0189021 	-0.309821 	-1.37104 	0.269708 	0.184465 	0.0407191 	
5.57	-0.0188608 	-0.309674 	-1.37112 	0.269904 	0.184063 	0.0407069 	
5.575	-0.0188062 	-0.309528 	-1.3712 	0.270102 	0.183629 	0.0407303 	
5.58	-0.0187674 	-0.309354 	-1.37126 	0.270257 	0.183128 	0.0407543 	
5.585	-0.0187406 	-0.309148 	-1.37132 	0.270395 	0.182566 	0.0407709 	
5.59	-0.0187173 	-0.30892 	-1.37138 	0.270567 	0.181983 	0.040797 	
5.595	-0.018675 	-0.308691 	-1.37146 	0.270853 	0.181443 	0.0408547 	
5.6	-0.0186313 	-0.308464 	-1.37154 	0.271147 	0.180918 	0.0409462 	
5.605	-0.0185829 	-0.308241 	-1.37163 	0.271454 	0.180406 	0.0410634 	
5.61	-0.0185182 	-0.308019 	-1.37174 	0.271767 	0.179927 	0.0411098 	
5.615	-0.0184457 	-0.307799 	-1.37184 	0.272089 	0.179457 	0.041132 	
5.62	-0.0184054 	-0.307612 	-1.37195 	0.272281 	0.179008 	0.0411209 	
5.625	-0.0183864 	-0.307454 	-1.37206 	0.272396 	0.178597 	0.0411228 	
5.63	-0.018369 	-0.307312 	-1.37215 	0.272522 	0.178208 	0.0410996 	
5.635	-0.018354 	-0.307192 	-1.37224 	0.272641 	0.177851 	0.0410809 	
5.64	-0.0183649 	-0.307158 	-1.37229 	0.272667 	0.177697 	0.0410768 	
5.645	-0.0183671 	-0.307107 	-1.37233 	0.272711 	0.177491 	0.0411057 	
5.65	-0.0183594 	-0.307042 	-1.37238 	0.272787 	0.177253 	0.0411643 	
5.655	-0.0183707 	-0.306942 	-1.37242 	0.272786 	0.176921 	0.0411516 	
5.66	-0.0183877 	-0.306806 	-1.37247 	0.272744 	0.176517 	0.0411206 	
5.665	-0.0184047 	-0.306724 	-1.37251 	0.272722 	0.176263 	0.0411099 	
5.67	-0.0183744 	-0.306618 	-1.37254 	0.272871 	0.175986 	0.041099 	
5.675	-0.0183665 	-0.306555 	-1.37257 	0.272945 	0.175757 	0.0410826 	
5.68	-0.0183521 	-0.306449 	-1.37259 	0.273047 	0.175493 	0.0410387 	
5.685	-0.0183471 	-0.306379 	-1.37262 	0.273108 	0.175273 	0.0410213 	
5.69	-0.0183193 	-0.306299 	-1.37265 	0.273236 	0.175036 	0.0410261 	
5.695	-0.018271 	-0.306203 	-1.37267 	0.273417 	0.174768 	0.0410345 	
5.7	-0.0182463 	-0.306194 	-1.37273 	0.27359 	0.174487 	0.0410175 	
5.705	-0.0182608 	-0.306179 	-1.37279 	0.273581 	0.174163 	0.0410374 	
5.71	-0.0182847 	-0.30613 	-1.37284 	0.273577 	0.173824 	0.0410519 	
5.715	-0.018287 	-0.306032 	-1.37289 	0.273655 	0.173436 	0.0410398 	
5.72	-0.0183021 	-0.305896 	-1.37293 	0.273689 	0.172986 	0.0410692 	
5.725	-0.0183248 	-0.305802 	-1.37298 	0.273691 	0.17263 	0.0410736 	
5.73	-0.0183512 	-0.305688 	-1.37303 	0.273682 	0.172242 	0.0410737 	
5.735	-0.0183805 	-0.305541 	-1.37308 	0.273677 	0.171792 	0.0410798 	
5.74	-0.0184123 	-0.30537 	-1.37313 	0.27368 	0.171303 	0.0410979 	
5.745	-0.0184457 	-0.305202 	-1.37318 	0.273688 	0.170819 	0.0411296 	
5.75	-0.0184792 	-0.30507 	-1.37324 	0.273684 	0.170394 	0.0411325 	
5.755	-0.0185134 	-0.30495 	-1.37329 	0.273667 	0.169991 	0.0411295 	
5.76	-0.0185489 	-0.304823 	-1.37334 	0.273643 	0.169575 	0.0411236 	
5.765	-0.0185857 	-0.304678 	-1.37339 	0.27362 	0.169123 	0.0411064 	
5.77	-0.0186236 	-0.30453 	-1.37344 	0.273597 	0.168661 	0.0410864 	
5.775	-0.0186631 	-0.304384 	-1.37349 	0.273573 	0.168205 	0.0410749 	
5.78	-0.0187034 	-0.304234 	-1.37354 	0.273551 	0.167742 	0.0410708 	
5.785	-0.0187445 	-0.304084 	-1.3736 	0.273529 	0.16728 	0.0410687 	
5.79	-0.018785 	-0.30394 	-1.37365 	0.273509 	0.166828 	0.0410673 	
5.795	-0.0188237 	-0.303809 	-1.3737 	0.273489 	0.166398 	0.0410662 	
5.8	-0.0188594 	-0.303698 	-1.37375 	0.273472 	0.166005 	0.0410653 	
5.805	-0.0188941 	-0.303546 	-1.3738 	0.27346 	0.165527 	0.0410553 	
5.81	-0.0189321 	-0.303356 	-1.37385 	0.273455 	0.164968 	0.0410343 	
5.815	-0.0189733 	-0.303162 	-1.37391 	0.273442 	0.16437 	0.0410202 	
5.82	-0.019019 	-0.302939 	-1.37397 	0.273427 	0.163711 	0.0409985 	
5.825	-0.0190619 	-0.302829 	-1.37401 	0.273417 	0.163403 	0.040992 	
5.83	-0.0190978 	-0.302747 	-1.37405 	0.273408 	0.163166 	0.0409903 	
5.835	-0.0191262 	-0.302709 	-1.37408 	0.273403 	0.163041 	0.0409903 	
5.84	-0.0191303 	-0.302649 	-1.37412 	0.273459 	0.162874 	0.0409814 	
5.845	-0.0191368 	-0.302648 	-1.37417 	0.273532 	0.162695 	0.0409696 	
5.85	-0.0191576 	-0.302613 	-1.37421 	0.273553 	0.162435 	0.0409589 	
5.855	-0.0191877 	-0.302538 	-1.37425 	0.273553 	0.162101 	0.0409555 	
5.86	-0.0192232 	-0.302421 	-1.37429 	0.273553 	0.161694 	0.0409434 	
5.865	-0.0192641 	-0.302264 	-1.37434 	0.273554 	0.161208 	0.0409259 	
5.87	-0.0193103 	-0.302067 	-1.37439 	0.273556 	0.160642 	0.0409037 	
5.875	-0.0193045 	-0.302038 	-1.3745 	0.273572 	0.160098 	0.0408847 	
5.88	-0.0192956 	-0.302022 	-1.37459 	0.273575 	0.15965 	0.0408703 	
5.885	-0.0192857 	-0.30201 	-1.37467 	0.273581 	0.15928 	0.0408563 	
5.89	-0.0192769 	-0.302043 	-1.37473 	0.273578 	0.159068 	0.0408498 	
5.895	-0.0192727 	-0.302056 	-1.37478 	0.273566 	0.158846 	0.0408478 	
5.9	-0.0192745 	-0.302031 	-1.37482 	0.273559 	0.158578 	0.040847 	
5.905	-0.0192823 	-0.301964 	-1.37487 	0.273562 	0.158247 	0.0408467 	
5.91	-0.0192994 	-0.301854 	-1.3749 	0.273564 	0.157842 	0.0408459 	
5.915	-0.0193253 	-0.301702 	-1.37494 	0.273568 	0.157353 	0.0408459 	
5.92	-0.0193598 	-0.301509 	-1.37498 	0.273574 	0.15678 	0.0408464 	
5.925	-0.0194021 	-0.301277 	-1.37503 	0.273581 	0.156122 	0.0408466 	
5.93	-0.0194546 	-0.301013 	-1.37508 	0.273571 	0.155394 	0.0408511 	
5.935	-0.0195131 	-0.300718 	-1.37513 	0.273561 	0.154601 	0.0408289 	
5.94	-0.0195745 	-0.30042 	-1.37519 	0.273552 	0.153794 	0.0407986 	
5.945	-0.0196233 	-0.300275 	-1.37527 	0.27353 	0.15327 	0.040752 	
5.95	-0.0196671 	-0.300108 	-1.37533 	0.273517 	0.152688 	0.0407381 	
5.955	-0.0197107 	-0.299913 	-1.37538 	0.273515 	0.152055 	0.0407349 	
5.96	-0.0197569 	-0.299687 	-1.37543 	0.273522 	0.151368 	0.040738 	
5.965	-0.0198117 	-0.299433 	-1.37548 	0.273513 	0.150623 	0.0407361 	
5.97	-0.0198703 	-0.299155 	-1.37553 	0.273501 	0.149846 	0.0407182 	
5.975	-0.0199287 	-0.298866 	-1.37558 	0.273515 	0.149059 	0.0407104 	
5.98	-0.0199887 	-0.298545 	-1.37563 	0.273543 	0.148197 	0.0407099 	
5.985	-0.0200608 	-0.298205 	-1.37568 	0.273526 	0.147276 	0.040702 	
5.99	-0.0200662 	-0.297886 	-1.3758 	0.273666 	0.146536 	0.0407068 	
5.995	-0.0201119 	-0.297787 	-1.37584 	0.273646 	0.146363 	0.0407232 	
6	-0.0201423 	-0.297723 	-1.37586 	0.273638 	0.146252 	0.040728 	
6.005	-0.0201438 	-0.297633 	-1.37589 	0.273698 	0.146067 	0.0407202 	
6.01	-0.0201445 	-0.297504 	-1.37591 	0.273765 	0.145742 	0.0407304 	
6.015	-0.020126 	-0.297366 	-1.37595 	0.273851 	0.145355 	0.0407485 	
6.02	-0.0200885 	-0.29722 	-1.376 	0.273976 	0.14495 	0.0407715 	
6.025	-0.0200747 	-0.297162 	-1.37603 	0.274007 	0.14478 	0.0407772 	
6.03	-0.020066 	-0.297133 	-1.37606 	0.274013 	0.144671 	0.0407787 	
6.035	-0.0200534 	-0.297103 	-1.37609 	0.274033 	0.144538 	0.0407744 	
6.04	-0.0200481 	-0.297097 	-1.37611 	0.274031 	0.144452 	0.0407741 	
6.045	-0.0200381 	-0.297072 	-1.37614 	0.274048 	0.144321 	0.0407678 	
6.05	-0.0200253 	-0.297027 	-1.37618 	0.274082 	0.144137 	0.0407553 	
6.055	-0.0200222 	-0.29701 	-1.3762 	0.274089 	0.144021 	0.0407518 	
6.06	-0.0200149 	-0.29698 	-1.37624 	0.274114 	0.143871 	0.0407424 	
6.065	-0.0200142 	-0.296963 	-1.37627 	0.274119 	0.143742 	0.0407338 	
6.07	-0.0200175 	-0.296942 	-1.3763 	0.274112 	0.143585 	0.0407229 	
6.075	-0.020023 	-0.296914 	-1.37633 	0.274104 	0.143407 	0.0407038 	
6.08	-0.0200346 	-0.296835 	-1.37636 	0.274103 	0.143109 	0.0407009 	
6.085	-0.0200538 	-0.296708 	-1.37639 	0.27411 	0.142701 	0.0407005 	
6.09	-0.0200823 	-0.296535 	-1.37642 	0.274117 	0.14219 	0.0407044 	
6.095	-0.020057 	-0.296379 	-1.37649 	0.274173 	0.141623 	0.0406998 	
6.1	-0.0200431 	-0.296205 	-1.37655 	0.274206 	0.141022 	0.0407003 	
6.105	-0.0200314 	-0.296 	-1.37659 	0.274281 	0.140378 	0.0407321 	
6.11	-0.0200392 	-0.295771 	-1.37664 	0.274312 	0.13968 	0.0407434 	
6.115	-0.0200606 	-0.295518 	-1.37668 	0.274329 	0.138935 	0.0407476 	
6.12	-0.0200155 	-0.295283 	-1.37677 	0.274576 	0.138343 	0.0407542 	
6.125	-0.0199286 	-0.295074 	-1.37686 	0.274915 	0.137833 	0.0407691 	
6.13	-0.0198352 	-0.294874 	-1.37694 	0.275265 	0.137339 	0.0407719 	
6.135	-0.0197532 	-0.294693 	-1.37701 	0.275563 	0.136873 	0.0407764 	
6.14	-0.0197153 	-0.294519 	-1.37706 	0.275753 	0.136399 	0.040798 	
6.145	-0.0197033 	-0.294411 	-1.3771 	0.275865 	0.136093 	0.0407973 	
6.15	-0.0197022 	-0.294315 	-1.37713 	0.275937 	0.135818 	0.0407963 	
6.155	-0.0197092 	-0.294227 	-1.37716 	0.275993 	0.135534 	0.0408135 	
6.16	-0.0197225 	-0.29415 	-1.37719 	0.276032 	0.135243 	0.0408395 	
6.165	-0.0197245 	-0.294104 	-1.37724 	0.276049 	0.13494 	0.0408481 	
6.17	-0.0197333 	-0.294022 	-1.37727 	0.276052 	0.134568 	0.0408506 	
6.175	-0.0197504 	-0.2939 	-1.3773 	0.276056 	0.134116 	0.0408543 	
6.18	-0.0197763 	-0.293737 	-1.37733 	0.27606 	0.133584 	0.0408538 	
6.185	-0.0198113 	-0.293535 	-1.37736 	0.276066 	0.132969 	0.0408522 	
6.19	-0.0198549 	-0.293296 	-1.37739 	0.276074 	0.132271 	0.0408493 	
6.195	-0.0198634 	-0.293059 	-1.37744 	0.276241 	0.13165 	0.0408922 	
6.2	-0.0199027 	-0.292819 	-1.37748 	0.276299 	0.130972 	0.0409273 	
6.205	-0.0199136 	-0.29258 	-1.37753 	0.276464 	0.130333 	0.0410071 	
6.21	-0.0199472 	-0.292445 	-1.37757 	0.276515 	0.129957 	0.0410281 	
6.215	-0.0199997 	-0.292271 	-1.37759 	0.276498 	0.129444 	0.0410543 	
6.22	-0.0200408 	-0.292075 	-1.37761 	0.276551 	0.128869 	0.0411396 	
6.225	-0.0200743 	-0.292004 	-1.37766 	0.276557 	0.128544 	0.0411433 	
6.23	-0.020088 	-0.291918 	-1.3777 	0.276599 	0.128188 	0.0411488 	
6.235	-0.0201135 	-0.291833 	-1.37773 	0.276599 	0.127846 	0.0411643 	
6.24	-0.0201346 	-0.291741 	-1.37775 	0.27664 	0.127489 	0.041242 	
6.245	-0.0201356 	-0.291631 	-1.37778 	0.276744 	0.127127 	0.0412866 	
6.25	-0.0201389 	-0.291503 	-1.37781 	0.276843 	0.126724 	0.0413201 	
6.255	-0.0201484 	-0.291365 	-1.37784 	0.276917 	0.126283 	0.0413522 	
6.26	-0.0201458 	-0.291215 	-1.37788 	0.277059 	0.125843 	0.0413853 	
6.265	-0.0201281 	-0.291064 	-1.37792 	0.277253 	0.125428 	0.0414104 	
6.27	-0.0201543 	-0.290969 	-1.37794 	0.277259 	0.125167 	0.04141 	
6.275	-0.0201906 	-0.290821 	-1.37796 	0.277252 	0.124752 	0.0414141 	
6.28	-0.0202257 	-0.290645 	-1.37798 	0.277262 	0.124243 	0.0414117 	
6.285	-0.0202524 	-0.290576 	-1.37802 	0.277258 	0.123952 	0.0413956 	
6.29	-0.0202804 	-0.290477 	-1.37805 	0.277249 	0.123583 	0.0413945 	
6.295	-0.020316 	-0.290345 	-1.37808 	0.27723 	0.123141 	0.041401 	
6.3	-0.0203568 	-0.290195 	-1.37811 	0.27721 	0.122651 	0.041409 	
6.305	-0.0203991 	-0.290043 	-1.37814 	0.27719 	0.122145 	0.0414199 	
6.31	-0.0204408 	-0.289894 	-1.37818 	0.277171 	0.121639 	0.0414329 	
6.315	-0.0204773 	-0.289744 	-1.37821 	0.27717 	0.121135 	0.0414452 	
6.32	-0.0205104 	-0.289594 	-1.37825 	0.277177 	0.120629 	0.0414568 	
6.325	-0.0205409 	-0.289443 	-1.37829 	0.277188 	0.120122 	0.0414679 	
6.33	-0.0205737 	-0.28928 	-1.37832 	0.277203 	0.119572 	0.041494 	
6.335	-0.0206055 	-0.289107 	-1.37834 	0.277225 	0.118998 	0.0415231 	
6.34	-0.0206346 	-0.288928 	-1.37837 	0.277257 	0.118408 	0.041551 	
6.345	-0.0206609 	-0.288743 	-1.3784 	0.277297 	0.117805 	0.0415736 	
6.35	-0.0206843 	-0.28855 	-1.37843 	0.277349 	0.117184 	0.0415879 	
6.355	-0.0207042 	-0.28835 	-1.37846 	0.277413 	0.116549 	0.0415981 	
6.36	-0.0207204 	-0.288144 	-1.37849 	0.27749 	0.115903 	0.0416065 	
6.365	-0.0207328 	-0.287933 	-1.37852 	0.277581 	0.115247 	0.0416141 	
6.37	-0.0207453 	-0.287735 	-1.37857 	0.27765 	0.114636 	0.0416165 	
6.375	-0.0207583 	-0.287549 	-1.37861 	0.277709 	0.114057 	0.0416179 	
6.38	-0.0207718 	-0.287376 	-1.37866 	0.277764 	0.113503 	0.0416191 	
6.385	-0.0207859 	-0.287213 	-1.37871 	0.277813 	0.112972 	0.0416207 	
6.39	-0.0208166 	-0.287027 	-1.37872 	0.277858 	0.112349 	0.0416786 	
6.395	-0.0208484 	-0.286833 	-1.37875 	0.277905 	0.111751 	0.0417168 	
6.4	-0.0208639 	-0.28665 	-1.37879 	0.277969 	0.111202 	0.0417252 	
6.405	-0.0208698 	-0.286481 	-1.37884 	0.27804 	0.110679 	0.041725 	
6.41	-0.0208814 	-0.286316 	-1.37889 	0.278107 	0.11016 	0.0417522 	
6.415	-0.0209301 	-0.286125 	-1.37891 	0.278068 	0.109546 	0.0417526 	
6.42	-0.0209543 	-0.285944 	-1.37896 	0.278107 	0.108996 	0.0417597 	
6.425	-0.0209835 	-0.285875 	-1.37899 	0.278114 	0.108792 	0.0417623 	
6.43	-0.0210072 	-0.285842 	-1.37902 	0.278113 	0.108677 	0.0417634 	
6.435	-0.0210261 	-0.285824 	-1.37904 	0.278108 	0.108584 	0.0417641 	
6.44	-0.0210492 	-0.285781 	-1.37906 	0.278099 	0.108395 	0.0418075 	
6.445	-0.0210756 	-0.285706 	-1.37907 	0.278093 	0.108154 	0.0418217 	
6.45	-0.0211069 	-0.285614 	-1.37909 	0.278098 	0.107852 	0.0418758 	
6.455	-0.0211535 	-0.28547 	-1.3791 	0.278073 	0.107407 	0.0418995 	
6.46	-0.0212096 	-0.285319 	-1.37912 	0.278028 	0.106895 	0.0419341 	
6.465	-0.0212514 	-0.285255 	-1.37914 	0.278013 	0.106702 	0.0419431 	
6.47	-0.0212824 	-0.285223 	-1.37917 	0.278007 	0.106588 	0.0419459 	
6.475	-0.021311 	-0.285169 	-1.37918 	0.278008 	0.1064 	0.041972 	
6.48	-0.0213448 	-0.285094 	-1.3792 	0.278004 	0.106126 	0.0420396 	
6.485	-0.0213862 	-0.285001 	-1.37921 	0.277995 	0.105783 	0.0421405 	
6.49	-0.0214313 	-0.284892 	-1.37922 	0.277985 	0.105386 	0.0422614 	
6.495	-0.0214788 	-0.284769 	-1.37923 	0.277976 	0.104945 	0.0423951 	
6.5	-0.0215277 	-0.284635 	-1.37925 	0.277969 	0.104468 	0.0425374 	
6.505	-0.0215816 	-0.284468 	-1.37923 	0.277968 	0.104051 	0.0426859 	
6.51	-0.0216469 	-0.284251 	-1.3792 	0.27794 	0.103547 	0.0427283 	
6.515	-0.0217212 	-0.284025 	-1.37917 	0.277896 	0.103044 	0.0427488 	
6.52	-0.0217698 	-0.283931 	-1.37917 	0.277879 	0.102825 	0.0427408 	
6.525	-0.0218093 	-0.28384 	-1.37916 	0.277898 	0.102675 	0.0427335 	
6.53	-0.0218533 	-0.2837 	-1.37914 	0.27791 	0.10239 	0.0427297 	
6.535	-0.0219075 	-0.283513 	-1.37911 	0.277913 	0.101982 	0.0427368 	
6.54	-0.0219663 	-0.283279 	-1.37907 	0.27793 	0.10146 	0.0427347 	
6.545	-0.0220234 	-0.28311 	-1.37906 	0.277924 	0.101148 	0.0427034 	
6.55	-0.0220851 	-0.282912 	-1.37903 	0.277902 	0.100735 	0.0426838 	
6.555	-0.0221603 	-0.282723 	-1.37901 	0.277818 	0.100343 	0.0426636 	
6.56	-0.0222174 	-0.282624 	-1.37899 	0.277794 	0.100261 	0.0426577 	
6.565	-0.0222651 	-0.282489 	-1.37897 	0.277812 	0.1001 	0.0426339 	
6.57	-0.0223028 	-0.282409 	-1.37895 	0.277816 	0.0999768 	0.0426155 	
6.575	-0.0223438 	-0.282323 	-1.37894 	0.277782 	0.0998236 	0.0426118 	
6.58	-0.0223861 	-0.282252 	-1.37892 	0.277747 	0.0997578 	0.0425996 	
6.585	-0.0224197 	-0.282203 	-1.37891 	0.277719 	0.0997253 	0.0425805 	
6.59	-0.0224455 	-0.282172 	-1.37889 	0.277711 	0.0997461 	0.0425748 	
6.595	-0.0224702 	-0.282147 	-1.37887 	0.277691 	0.0997738 	0.0425697 	
6.6	-0.0224898 	-0.282126 	-1.37885 	0.277685 	0.0998112 	0.0425687 	
6.605	-0.0224994 	-0.28208 	-1.37884 	0.277705 	0.0997907 	0.0425575 	
6.61	-0.0225162 	-0.282048 	-1.37882 	0.277698 	0.0998047 	0.0425428 	
6.615	-0.0225313 	-0.282025 	-1.3788 	0.277696 	0.0998385 	0.0425393 	
6.62	-0.0225454 	-0.282006 	-1.37878 	0.277695 	0.0998774 	0.0425386 	
6.625	-0.0225587 	-0.281988 	-1.37876 	0.277695 	0.0999171 	0.0425384 	
6.63	-0.0225717 	-0.281973 	-1.37875 	0.277694 	0.0999578 	0.0425385 	
6.635	-0.0225843 	-0.281959 	-1.37873 	0.277693 	0.0999989 	0.0425387 	
6.64	-0.0225968 	-0.281946 	-1.37871 	0.277693 	0.10004 	0.0425388 	
6.645	-0.022615 	-0.281918 	-1.37869 	0.277657 	0.100043 	0.0425064 	
6.65	-0.0226263 	-0.281882 	-1.37867 	0.277658 	0.100037 	0.0424912 	
6.655	-0.0226274 	-0.281831 	-1.37866 	0.277691 	0.100007 	0.0424796 	
6.66	-0.022629 	-0.281774 	-1.37864 	0.277735 	0.0999534 	0.0424692 	
6.665	-0.0226319 	-0.281713 	-1.37863 	0.277779 	0.0998921 	0.0424641 	
6.67	-0.0226374 	-0.281645 	-1.37863 	0.277816 	0.0998132 	0.0424594 	
6.675	-0.0226461 	-0.281571 	-1.37862 	0.277845 	0.0997185 	0.0424549 	
6.68	-0.022657 	-0.281497 	-1.37862 	0.277868 	0.0996207 	0.0424521 	
6.685	-0.0226712 	-0.281417 	-1.37861 	0.277884 	0.0994985 	0.0424736 	
6.69	-0.0226931 	-0.281325 	-1.3786 	0.277881 	0.0993449 	0.0424877 	
6.695	-0.0227146 	-0.28121 	-1.37858 	0.277907 	0.0991457 	0.0424968 	
6.7	-0.0227327 	-0.281096 	-1.37858 	0.27794 	0.0989664 	0.0424942 	
6.705	-0.02275 	-0.280983 	-1.37858 	0.27798 	0.0987924 	0.0424962 	
6.71	-0.0227721 	-0.280878 	-1.37858 	0.277991 	0.0986227 	0.0424846 	
6.715	-0.0228047 	-0.280784 	-1.37857 	0.277961 	0.0984522 	0.0424702 	
6.72	-0.0228392 	-0.280697 	-1.37856 	0.277927 	0.0982893 	0.0424473 	
6.725	-0.0228693 	-0.280615 	-1.37855 	0.277905 	0.0981423 	0.0424169 	
6.73	-0.0228967 	-0.28054 	-1.37854 	0.277889 	0.0980123 	0.0424001 	
6.735	-0.02292 	-0.280468 	-1.37853 	0.277886 	0.0978975 	0.0423809 	
6.74	-0.0229432 	-0.28039 	-1.37852 	0.277881 	0.0977766 	0.0423761 	
6.745	-0.0229599 	-0.280343 	-1.37851 	0.277882 	0.0977217 	0.0423734 	
6.75	-0.0229728 	-0.280324 	-1.3785 	0.277884 	0.0977272 	0.0423748 	
6.755	-0.0229835 	-0.280315 	-1.37849 	0.277884 	0.0977609 	0.0423752 	
6.76	-0.0229929 	-0.280309 	-1.37847 	0.277883 	0.0978014 	0.0423754 	
6.765	-0.023002 	-0.280303 	-1.37845 	0.277883 	0.0978434 	0.0423755 	
6.77	-0.0230111 	-0.280298 	-1.37844 	0.277882 	0.097886 	0.0423755 	
6.775	-0.0230205 	-0.280292 	-1.37842 	0.277882 	0.0979285 	0.0423755 	
6.78	-0.0230301 	-0.280279 	-1.3784 	0.277884 	0.0979615 	0.042376 	
6.785	-0.0230406 	-0.280268 	-1.37839 	0.277884 	0.0980011 	0.0423762 	
6.79	-0.0230513 	-0.280258 	-1.37837 	0.277883 	0.0980424 	0.0423763 	
6.795	-0.0230623 	-0.280249 	-1.37835 	0.277883 	0.0980842 	0.0423764 	
6.8	-0.0230734 	-0.28024 	-1.37833 	0.277882 	0.0981262 	0.0423765 	
6.805	-0.0230847 	-0.280231 	-1.37832 	0.277881 	0.0981682 	0.0423765 	
6.81	-0.023096 	-0.280222 	-1.3783 	0.277881 	0.0982102 	0.0423766 	
6.815	-0.023108 	-0.280211 	-1.37828 	0.277879 	0.0982485 	0.0423773 	
6.82	-0.0231201 	-0.280201 	-1.37827 	0.277878 	0.0982895 	0.0423775 	
6.825	-0.0231321 	-0.280191 	-1.37825 	0.277877 	0.0983313 	0.0423777 	
6.83	-0.0231441 	-0.280182 	-1.37823 	0.277876 	0.0983733 	0.0423778 	
6.835	-0.0231561 	-0.280173 	-1.37821 	0.277876 	0.0984153 	0.0423779 	
6.84	-0.0231681 	-0.280164 	-1.3782 	0.277875 	0.0984575 	0.0423779 	
6.845	-0.0231801 	-0.280156 	-1.37818 	0.277874 	0.0984996 	0.042378 	
6.85	-0.023192 	-0.280147 	-1.37816 	0.277873 	0.0985418 	0.0423781 	
6.855	-0.023204 	-0.280139 	-1.37815 	0.277872 	0.098584 	0.0423782 	
6.86	-0.023216 	-0.280131 	-1.37813 	0.277872 	0.0986263 	0.0423783 	
6.865	-0.0232279 	-0.280123 	-1.37811 	0.277871 	0.0986685 	0.0423783 	
6.87	-0.0232399 	-0.280115 	-1.3781 	0.27787 	0.0987108 	0.0423784 	
6.875	-0.0232519 	-0.280107 	-1.37808 	0.277869 	0.0987531 	0.0423785 	
6.88	-0.0232638 	-0.280099 	-1.37807 	0.277868 	0.0987954 	0.0423786 	
6.885	-0.0232758 	-0.280091 	-1.37805 	0.277868 	0.0988377 	0.0423787 	
6.89	-0.0232878 	-0.280083 	-1.37803 	0.277867 	0.09888 	0.0423787 	
6.895	-0.0233 	-0.280075 	-1.37802 	0.277865 	0.098922 	0.042379 	
6.9	-0.0233121 	-0.280067 	-1.378 	0.277864 	0.0989642 	0.0423792 	
