0	0.556278 	-0.0521204 	-0.340329 	-0.00155664 	-0.0222476 	-0.00123478 	
0.005	14.8993 	-4.41953 	-6.6183 	-0.136995 	-0.582914 	0.10572 	
0.01	10.7718 	-0.916018 	-4.75276 	-0.0107999 	-0.416223 	0.0715023 	
0.015	9.64685 	-0.846137 	-4.3407 	-0.00998094 	-0.372282 	0.0635577 	
0.02	8.69002 	-0.765047 	-3.98297 	-0.00855877 	-0.334802 	0.0566371 	
0.025	7.86978 	-0.708228 	-3.6822 	-0.0077573 	-0.302775 	0.0508095 	
0.03	7.16894 	-0.660711 	-3.42626 	-0.00710095 	-0.275431 	0.045846 	
0.035	6.57281 	-0.630948 	-3.19926 	-0.00705782 	-0.252049 	0.0414873 	
0.04	6.06153 	-0.599418 	-3.0113 	-0.00670401 	-0.232077 	0.0378614 	
0.045	5.62463 	-0.572034 	-2.85178 	-0.00636865 	-0.215025 	0.0347862 	
0.05	5.25143 	-0.548316 	-2.71632 	-0.00605708 	-0.200472 	0.0321784 	
0.055	4.93598 	-0.520107 	-2.59459 	-0.00558596 	-0.188059 	0.029825 	
0.06	4.66405 	-0.500846 	-2.49478 	-0.00531042 	-0.17745 	0.0278833 	
0.065	4.43157 	-0.484848 	-2.41033 	-0.00508339 	-0.1684 	0.0262362 	
0.07	4.23295 	-0.471516 	-2.33889 	-0.00489401 	-0.160684 	0.0248406 	
0.075	4.06462 	-0.466419 	-2.27318 	-0.00502448 	-0.154064 	0.0235879 	
0.08	3.91965 	-0.458451 	-2.22041 	-0.00494913 	-0.148414 	0.0225768 	
0.085	3.79577 	-0.451348 	-2.17606 	-0.00486091 	-0.143597 	0.0217322 	
0.09	3.69 	-0.44505 	-2.13883 	-0.00476585 	-0.139497 	0.0210284 	
0.095	3.60238 	-0.431585 	-2.103 	-0.00445761 	-0.136019 	0.0203246 	
0.1	3.52552 	-0.424915 	-2.07516 	-0.00433829 	-0.133048 	0.0197683 	
0.105	3.45973 	-0.419642 	-2.05203 	-0.0042463 	-0.130522 	0.0193004 	
0.11	3.40358 	-0.42148 	-2.0306 	-0.00441417 	-0.128334 	0.0188936 	
0.115	3.35541 	-0.419588 	-2.01404 	-0.00440164 	-0.126482 	0.0185799 	
0.12	3.31432 	-0.417765 	-2.00051 	-0.00437235 	-0.124914 	0.0183298 	
0.125	3.27933 	-0.416041 	-1.98955 	-0.00433124 	-0.123591 	0.018133 	
0.13	3.25249 	-0.407423 	-1.97507 	-0.0041203 	-0.122474 	0.0178428 	
0.135	3.22726 	-0.404314 	-1.96584 	-0.00405625 	-0.121518 	0.0176453 	
0.14	3.20555 	-0.402021 	-1.95858 	-0.00400944 	-0.120715 	0.0174833 	
0.145	3.18697 	-0.400345 	-1.95298 	-0.00397371 	-0.120043 	0.0173533 	
0.15	3.17097 	-0.40527 	-1.94723 	-0.00417733 	-0.119442 	0.0172503 	
0.155	3.15736 	-0.405895 	-1.94367 	-0.00419612 	-0.118949 	0.0171927 	
0.16	3.14586 	-0.406167 	-1.94121 	-0.00419152 	-0.118544 	0.0171627 	
0.165	3.13831 	-0.398815 	-1.9356 	-0.00397557 	-0.118225 	0.0170436 	
0.17	3.13022 	-0.396905 	-1.93316 	-0.00392168 	-0.117956 	0.0169808 	
0.175	3.12327 	-0.395598 	-1.93166 	-0.00388208 	-0.117741 	0.0169343 	
0.18	3.11737 	-0.394735 	-1.93096 	-0.00385156 	-0.117575 	0.0169031 	
0.185	3.11269 	-0.398934 	-1.92788 	-0.00403254 	-0.1174 	0.0168509 	
0.19	3.10834 	-0.3998 	-1.92724 	-0.00405448 	-0.117269 	0.0168464 	
0.195	3.10473 	-0.400361 	-1.9273 	-0.00405596 	-0.117173 	0.0168604 	
0.2	3.10319 	-0.394431 	-1.92568 	-0.00386082 	-0.117129 	0.016817 	
0.205	3.1009 	-0.393084 	-1.92582 	-0.00381193 	-0.117099 	0.0168056 	
0.21	3.09899 	-0.392222 	-1.92649 	-0.00377519 	-0.117092 	0.0168035 	
0.215	3.09745 	-0.391712 	-1.9276 	-0.00374614 	-0.117105 	0.0168105 	
0.22	3.09694 	-0.394833 	-1.92484 	-0.00389912 	-0.117077 	0.0167616 	
0.225	3.09579 	-0.395598 	-1.92499 	-0.00392001 	-0.117073 	0.0167679 	
0.23	3.09489 	-0.396148 	-1.92573 	-0.00392381 	-0.117085 	0.0167898 	
0.235	3.09427 	-0.396528 	-1.92694 	-0.00391428 	-0.117114 	0.0168247 	
0.24	3.09538 	-0.389763 	-1.92678 	-0.00368211 	-0.117194 	0.0168014 	
0.245	3.09538 	-0.388211 	-1.92789 	-0.0036244 	-0.117267 	0.0168019 	
0.25	3.09543 	-0.387263 	-1.92936 	-0.00358442 	-0.117349 	0.0168078 	
0.255	3.09562 	-0.391332 	-1.92826 	-0.00375375 	-0.117378 	0.0167858 	
0.26	3.0956 	-0.39226 	-1.9292 	-0.00377469 	-0.11743 	0.0168047 	
0.265	3.09574 	-0.39295 	-1.93058 	-0.00377921 	-0.117493 	0.0168374 	
0.27	3.09604 	-0.393452 	-1.93229 	-0.00377091 	-0.117568 	0.0168811 	
0.275	3.09825 	-0.386491 	-1.93145 	-0.0035453 	-0.117678 	0.0168404 	
0.28	3.09892 	-0.384961 	-1.93245 	-0.00349339 	-0.117777 	0.0168354 	
0.285	3.09953 	-0.384051 	-1.93383 	-0.00345926 	-0.117881 	0.0168365 	
0.29	3.10016 	-0.383588 	-1.93552 	-0.00343663 	-0.117991 	0.0168443 	
0.295	3.10077 	-0.38861 	-1.93493 	-0.00363596 	-0.118048 	0.0168328 	
0.3	3.10125 	-0.389945 	-1.93614 	-0.00366806 	-0.118124 	0.0168605 	
0.305	3.10185 	-0.390912 	-1.93772 	-0.003679 	-0.11821 	0.0169022 	
0.31	3.10396 	-0.383966 	-1.93812 	-0.00343695 	-0.118346 	0.0168864 	
0.315	3.10494 	-0.382576 	-1.93956 	-0.00338425 	-0.118469 	0.0168928 	
0.32	3.10587 	-0.381761 	-1.94128 	-0.00334852 	-0.118594 	0.0169038 	
0.325	3.10681 	-0.38136 	-1.94322 	-0.0033239 	-0.118722 	0.0169201 	
0.33	3.10779 	-0.38125 	-1.94533 	-0.00330616 	-0.118854 	0.016942 	
0.335	3.1094 	-0.384821 	-1.94277 	-0.00348762 	-0.118922 	0.0168877 	
0.34	3.11012 	-0.385893 	-1.94331 	-0.00352296 	-0.119004 	0.0168982 	
0.345	3.11088 	-0.386698 	-1.94435 	-0.00353872 	-0.119092 	0.0169244 	
0.35	3.11259 	-0.380221 	-1.94724 	-0.00327947 	-0.119267 	0.016957 	
0.355	3.11387 	-0.378924 	-1.94946 	-0.00322048 	-0.119419 	0.0169792 	
0.36	3.1151 	-0.378187 	-1.95176 	-0.00317986 	-0.119569 	0.0170024 	
0.365	3.11633 	-0.377851 	-1.95413 	-0.00315166 	-0.119721 	0.017028 	
0.37	3.11824 	-0.38056 	-1.95107 	-0.0033129 	-0.119796 	0.0169553 	
0.375	3.11908 	-0.381368 	-1.95145 	-0.00334428 	-0.119887 	0.0169559 	
0.38	3.11996 	-0.382023 	-1.95236 	-0.00336019 	-0.119985 	0.016972 	
0.385	3.12151 	-0.376682 	-1.95601 	-0.00313201 	-0.120172 	0.0170177 	
0.39	3.12292 	-0.37567 	-1.95847 	-0.00308001 	-0.120335 	0.0170441 	
0.395	3.12428 	-0.375141 	-1.96093 	-0.00304417 	-0.120496 	0.0170712 	
0.4	3.12564 	-0.374956 	-1.9634 	-0.00301914 	-0.120658 	0.0171003 	
0.405	3.12701 	-0.375007 	-1.96587 	-0.00300096 	-0.12082 	0.0171321 	
0.41	3.12988 	-0.375663 	-1.96117 	-0.00312045 	-0.120905 	0.0170131 	
0.415	3.13087 	-0.376064 	-1.96088 	-0.00315187 	-0.120999 	0.0169913 	
0.42	3.13181 	-0.376471 	-1.96122 	-0.00317186 	-0.121098 	0.0169867 	
0.425	3.13302 	-0.372361 	-1.9675 	-0.00295008 	-0.121321 	0.017088 	
0.43	3.13466 	-0.371637 	-1.97077 	-0.0028977 	-0.12151 	0.0171314 	
0.435	3.13624 	-0.371326 	-1.9738 	-0.00286135 	-0.121693 	0.0171714 	
0.44	3.13777 	-0.371304 	-1.97665 	-0.00283585 	-0.121873 	0.0172101 	
0.445	3.14079 	-0.370977 	-1.97159 	-0.00292938 	-0.121964 	0.0170709 	
0.45	3.14183 	-0.371126 	-1.9712 	-0.00295629 	-0.122068 	0.0170395 	
0.455	3.14282 	-0.371389 	-1.97146 	-0.00297599 	-0.122176 	0.0170254 	
0.46	3.14395 	-0.36834 	-1.97803 	-0.00278934 	-0.122406 	0.0171297 	
0.465	3.14565 	-0.367889 	-1.98134 	-0.00274625 	-0.122601 	0.0171728 	
0.47	3.14728 	-0.367781 	-1.98439 	-0.00271687 	-0.122791 	0.0172127 	
0.475	3.14887 	-0.367907 	-1.98723 	-0.00269658 	-0.122978 	0.0172516 	
0.48	3.15197 	-0.366219 	-1.98241 	-0.00274175 	-0.123083 	0.017103 	
0.485	3.15311 	-0.366076 	-1.98208 	-0.00276152 	-0.123199 	0.0170646 	
0.49	3.15421 	-0.366165 	-1.98234 	-0.00277891 	-0.123321 	0.0170434 	
0.495	3.15532 	-0.364171 	-1.98906 	-0.00262949 	-0.123556 	0.017149 	
0.5	3.1571 	-0.363981 	-1.99241 	-0.00259587 	-0.123759 	0.0171917 	
0.505	3.15879 	-0.364066 	-1.99547 	-0.00257364 	-0.123956 	0.0172316 	
0.51	3.16045 	-0.364336 	-1.99829 	-0.00255873 	-0.124149 	0.0172708 	
0.515	3.16364 	-0.361335 	-1.99384 	-0.00255652 	-0.12427 	0.0171134 	
0.52	3.1649 	-0.36091 	-1.9936 	-0.00256921 	-0.124401 	0.0170687 	
0.525	3.1661 	-0.360831 	-1.99391 	-0.00258421 	-0.124536 	0.0170409 	
0.53	3.16732 	-0.360988 	-1.99469 	-0.00259876 	-0.124676 	0.017028 	
0.535	3.16898 	-0.358954 	-2.00339 	-0.00242616 	-0.124965 	0.0171682 	
0.54	3.17114 	-0.358818 	-2.00759 	-0.00238597 	-0.125202 	0.017225 	
0.545	3.1731 	-0.35897 	-2.01121 	-0.00236051 	-0.125425 	0.0172737 	
0.55	3.17605 	-0.356989 	-2.00656 	-0.00239712 	-0.125547 	0.017116 	
0.555	3.17728 	-0.356823 	-2.00643 	-0.00241694 	-0.125687 	0.0170748 	
0.56	3.17851 	-0.356936 	-2.00682 	-0.00243681 	-0.12583 	0.0170503 	
0.565	3.17979 	-0.357233 	-2.00764 	-0.00245469 	-0.125977 	0.0170404 	
0.57	3.18168 	-0.353827 	-2.01564 	-0.00225421 	-0.126277 	0.0171391 	
0.575	3.18386 	-0.353398 	-2.01953 	-0.00221347 	-0.12652 	0.0171776 	
0.58	3.18584 	-0.353372 	-2.0229 	-0.00219031 	-0.126749 	0.0172105 	
0.585	3.1877 	-0.353622 	-2.02587 	-0.00217889 	-0.126968 	0.0172408 	
0.59	3.19102 	-0.351608 	-2.02037 	-0.00223189 	-0.127088 	0.0170589 	
0.595	3.1923 	-0.351475 	-2.01969 	-0.00226282 	-0.127223 	0.0170029 	
0.6	3.19355 	-0.351627 	-2.01964 	-0.0022922 	-0.127362 	0.0169662 	
0.605	3.19501 	-0.349331 	-2.0284 	-0.00211625 	-0.12766 	0.0170846 	
0.61	3.19716 	-0.34919 	-2.03231 	-0.00208487 	-0.127903 	0.0171233 	
0.615	3.19912 	-0.349374 	-2.03566 	-0.00206857 	-0.128133 	0.0171568 	
0.62	3.20096 	-0.349778 	-2.0386 	-0.00206213 	-0.128353 	0.0171879 	
0.625	3.20426 	-0.346228 	-2.03382 	-0.00205776 	-0.128491 	0.0169939 	
0.63	3.20562 	-0.345758 	-2.03335 	-0.00207883 	-0.12864 	0.0169309 	
0.635	3.20694 	-0.345702 	-2.03344 	-0.00210395 	-0.128792 	0.0168869 	
0.64	3.20832 	-0.344628 	-2.04175 	-0.00197684 	-0.129083 	0.0170012 	
0.645	3.21044 	-0.344781 	-2.04551 	-0.0019578 	-0.129326 	0.0170373 	
0.65	3.21239 	-0.345183 	-2.04874 	-0.00195067 	-0.129556 	0.0170693 	
0.655	3.21424 	-0.345745 	-2.05157 	-0.00195099 	-0.129777 	0.0170999 	
0.66	3.21756 	-0.34073 	-2.04768 	-0.00189067 	-0.129936 	0.016895 	
0.665	3.21904 	-0.339943 	-2.04748 	-0.00190259 	-0.130101 	0.0168254 	
0.67	3.22047 	-0.339695 	-2.04773 	-0.00192386 	-0.130268 	0.0167746 	
0.675	3.2219 	-0.339822 	-2.04837 	-0.00194954 	-0.130437 	0.0167406 	
0.68	3.22385 	-0.339032 	-2.05883 	-0.00180829 	-0.13078 	0.0168923 	
0.685	3.22633 	-0.339363 	-2.06349 	-0.00178557 	-0.131053 	0.0169446 	
0.69	3.2285 	-0.339914 	-2.06731 	-0.00177696 	-0.131307 	0.0169874 	
0.695	3.23163 	-0.33606 	-2.06274 	-0.00176426 	-0.13146 	0.0167819 	
0.7	3.23303 	-0.335597 	-2.0625 	-0.00178623 	-0.131628 	0.0167162 	
0.705	3.23442 	-0.335582 	-2.06271 	-0.00181423 	-0.131798 	0.0166692 	
0.71	3.23583 	-0.335875 	-2.0633 	-0.00184431 	-0.131969 	0.0166386 	
0.715	3.23796 	-0.333283 	-2.07341 	-0.00166154 	-0.132327 	0.0167396 	
0.72	3.24044 	-0.333206 	-2.07787 	-0.00163535 	-0.132607 	0.0167703 	
0.725	3.24259 	-0.333497 	-2.08149 	-0.0016272 	-0.132866 	0.0167946 	
0.73	3.24537 	-0.331146 	-2.0774 	-0.00165396 	-0.13302 	0.0166184 	
0.735	3.24675 	-0.331033 	-2.07729 	-0.0016846 	-0.133192 	0.0165603 	
0.74	3.24816 	-0.331273 	-2.0776 	-0.00171825 	-0.133365 	0.0165199 	
0.745	3.24985 	-0.32877 	-2.08488 	-0.00157884 	-0.13367 	0.0165568 	
0.75	3.25198 	-0.328703 	-2.08818 	-0.00156908 	-0.133923 	0.0165608 	
0.755	3.25392 	-0.329004 	-2.09099 	-0.00157351 	-0.134162 	0.016566 	
0.76	3.25576 	-0.329555 	-2.09343 	-0.00158678 	-0.13439 	0.0165738 	
0.765	3.25754 	-0.330264 	-2.09562 	-0.00160495 	-0.134611 	0.016585 	
0.77	3.26077 	-0.323607 	-2.09369 	-0.00147937 	-0.134811 	0.0163565 	
0.775	3.26247 	-0.322499 	-2.09393 	-0.00148559 	-0.135004 	0.0162705 	
0.78	3.26408 	-0.322086 	-2.09444 	-0.00150779 	-0.135197 	0.0162048 	
0.785	3.26566 	-0.322167 	-2.09519 	-0.00153915 	-0.135388 	0.0161566 	
0.79	3.26751 	-0.322711 	-2.10528 	-0.00145612 	-0.135732 	0.0162934 	
0.795	3.26995 	-0.323478 	-2.10974 	-0.00145554 	-0.136011 	0.0163349 	
0.8	3.27207 	-0.324378 	-2.11332 	-0.00146543 	-0.136268 	0.0163692 	
0.805	3.27524 	-0.318796 	-2.10998 	-0.00139298 	-0.136455 	0.016132 	
0.81	3.2768 	-0.31804 	-2.11001 	-0.00141137 	-0.136646 	0.0160502 	
0.815	3.2783 	-0.317877 	-2.11035 	-0.00144165 	-0.136836 	0.0159884 	
0.82	3.27981 	-0.318131 	-2.11096 	-0.00147817 	-0.137025 	0.015944 	
0.825	3.28182 	-0.316538 	-2.12107 	-0.00134202 	-0.137389 	0.0160237 	
0.83	3.28425 	-0.316802 	-2.12542 	-0.00133515 	-0.137676 	0.0160416 	
0.835	3.28633 	-0.317372 	-2.12887 	-0.00134366 	-0.13794 	0.0160557 	
0.84	3.28915 	-0.313626 	-2.12562 	-0.00132375 	-0.13812 	0.0158529 	
0.845	3.29062 	-0.313287 	-2.12565 	-0.0013535 	-0.13831 	0.0157798 	
0.85	3.29209 	-0.313424 	-2.12599 	-0.0013911 	-0.138499 	0.0157256 	
0.855	3.29358 	-0.313889 	-2.1266 	-0.00143207 	-0.138687 	0.0156879 	
0.86	3.29581 	-0.310258 	-2.13681 	-0.00124511 	-0.139068 	0.0157097 	
0.865	3.29826 	-0.310054 	-2.14111 	-0.00123186 	-0.139361 	0.0157052 	
0.87	3.30033 	-0.310319 	-2.14448 	-0.00123871 	-0.13963 	0.0157005 	
0.875	3.30218 	-0.310906 	-2.1472 	-0.00125861 	-0.13988 	0.0156975 	
0.88	3.30523 	-0.307038 	-2.14288 	-0.00125199 	-0.140045 	0.0154673 	
0.885	3.30665 	-0.306679 	-2.14229 	-0.00129088 	-0.140222 	0.0153792 	
0.89	3.30805 	-0.306815 	-2.14213 	-0.00133643 	-0.140399 	0.0153132 	
0.895	3.30964 	-0.304873 	-2.15212 	-0.00120063 	-0.140756 	0.0153605 	
0.9	3.31187 	-0.305052 	-2.15612 	-0.00120151 	-0.141036 	0.015358 	
0.905	3.3138 	-0.305592 	-2.15927 	-0.00121813 	-0.141294 	0.015356 	
0.91	3.31555 	-0.306374 	-2.16182 	-0.00124454 	-0.141536 	0.0153561 	
0.915	3.31859 	-0.300579 	-2.15898 	-0.00116853 	-0.141725 	0.0150949 	
0.92	3.32009 	-0.299785 	-2.15883 	-0.00119485 	-0.141917 	0.0149947 	
0.925	3.32154 	-0.299638 	-2.15896 	-0.00123428 	-0.142106 	0.0149177 	
0.93	3.32288 	-0.299303 	-2.16759 	-0.00116375 	-0.142435 	0.014972 	
0.935	3.32493 	-0.299845 	-2.17116 	-0.00118014 	-0.142703 	0.0149698 	
0.94	3.32674 	-0.300648 	-2.174 	-0.00120763 	-0.142951 	0.0149692 	
0.945	3.32842 	-0.301615 	-2.17633 	-0.00124142 	-0.143186 	0.0149714 	
0.95	3.3315 	-0.294044 	-2.17504 	-0.00110128 	-0.143401 	0.0146796 	
0.955	3.33313 	-0.29285 	-2.17534 	-0.00111638 	-0.143607 	0.0145677 	
0.96	3.33464 	-0.292444 	-2.17575 	-0.00115041 	-0.143809 	0.0144803 	
0.965	3.3361 	-0.2926 	-2.17631 	-0.00119563 	-0.144008 	0.0144136 	
0.97	3.33765 	-0.292936 	-2.18649 	-0.00113098 	-0.144365 	0.0144998 	
0.975	3.33982 	-0.293784 	-2.1907 	-0.00114996 	-0.144647 	0.0145129 	
0.98	3.34167 	-0.294811 	-2.19396 	-0.00117944 	-0.144906 	0.0145238 	
0.985	3.34461 	-0.288732 	-2.19133 	-0.00109694 	-0.145102 	0.0142475 	
0.99	3.34606 	-0.28796 	-2.19136 	-0.00112494 	-0.1453 	0.0141451 	
0.995	3.34745 	-0.287851 	-2.19158 	-0.00116701 	-0.145495 	0.0140661 	
1	3.34883 	-0.288208 	-2.19198 	-0.00121678 	-0.145688 	0.0140068 	
1.005	3.35051 	-0.286132 	-2.20248 	-0.00109188 	-0.146062 	0.0140215 	
1.01	3.35266 	-0.286393 	-2.20668 	-0.00110183 	-0.14635 	0.0140082 	
1.015	3.35446 	-0.287023 	-2.20987 	-0.00112768 	-0.146612 	0.0139973 	
1.02	3.35604 	-0.2879 	-2.21235 	-0.00116332 	-0.146855 	0.0139899 	
1.025	3.35927 	-0.281339 	-2.20862 	-0.00108276 	-0.147031 	0.0136769 	
1.03	3.36067 	-0.280392 	-2.20799 	-0.00111547 	-0.147213 	0.0135557 	
1.035	3.36198 	-0.28017 	-2.20768 	-0.00116277 	-0.147394 	0.0134614 	
1.04	3.36295 	-0.280174 	-2.21757 	-0.00110232 	-0.147737 	0.0135156 	
1.045	3.36483 	-0.280845 	-2.22135 	-0.00112755 	-0.148008 	0.0135069 	
1.05	3.36644 	-0.281769 	-2.22424 	-0.00116376 	-0.148256 	0.0135007 	
1.055	3.36897 	-0.276478 	-2.22253 	-0.00109536 	-0.148456 	0.013246 	
1.06	3.37031 	-0.275923 	-2.22278 	-0.00112883 	-0.148655 	0.0131481 	
1.065	3.37159 	-0.275982 	-2.22313 	-0.0011752 	-0.148849 	0.0130729 	
1.07	3.37288 	-0.27647 	-2.2236 	-0.00122848 	-0.149039 	0.0130168 	
1.075	3.37439 	-0.273241 	-2.23287 	-0.00109771 	-0.14939 	0.0129609 	
1.08	3.3763 	-0.273232 	-2.23655 	-0.00111201 	-0.149664 	0.0129221 	
1.085	3.37789 	-0.273687 	-2.23933 	-0.00114308 	-0.149914 	0.0128917 	
1.09	3.37931 	-0.274461 	-2.24149 	-0.00118448 	-0.150147 	0.0128692 	
1.095	3.38201 	-0.269031 	-2.23894 	-0.00112322 	-0.150329 	0.0125932 	
1.1	3.38331 	-0.268392 	-2.23868 	-0.00116124 	-0.150513 	0.0124833 	
1.105	3.38456 	-0.268398 	-2.23863 	-0.00121182 	-0.150694 	0.0123988 	
1.11	3.3858 	-0.268855 	-2.2388 	-0.00126893 	-0.150874 	0.0123354 	
1.115	3.38726 	-0.266006 	-2.25081 	-0.00112528 	-0.151264 	0.0123161 	
1.12	3.38927 	-0.266124 	-2.25536 	-0.00113671 	-0.151554 	0.0122883 	
1.125	3.39085 	-0.266677 	-2.2587 	-0.00116611 	-0.151814 	0.0122657 	
1.13	3.39347 	-0.263162 	-2.25447 	-0.00117369 	-0.151969 	0.0120208 	
1.135	3.39455 	-0.262972 	-2.25387 	-0.00122449 	-0.152141 	0.0119233 	
1.14	3.39564 	-0.26329 	-2.25358 	-0.00128278 	-0.152311 	0.0118493 	
1.145	3.39651 	-0.260417 	-2.26206 	-0.00117488 	-0.152629 	0.0117805 	
1.15	3.39808 	-0.260459 	-2.2652 	-0.00119803 	-0.15288 	0.0117319 	
1.155	3.39941 	-0.260957 	-2.26757 	-0.00123593 	-0.153112 	0.0116948 	
1.16	3.40062 	-0.261768 	-2.26942 	-0.00128263 	-0.153328 	0.0116678 	
1.165	3.40297 	-0.255928 	-2.26831 	-0.00119964 	-0.153519 	0.0113851 	
1.17	3.4042 	-0.255206 	-2.26845 	-0.0012341 	-0.153705 	0.0112727 	
1.175	3.40535 	-0.255163 	-2.26867 	-0.00128295 	-0.153887 	0.0111863 	
1.18	3.40649 	-0.255598 	-2.269 	-0.00133974 	-0.154065 	0.0111213 	
1.185	3.40749 	-0.253053 	-2.27852 	-0.00123565 	-0.154401 	0.0110675 	
1.19	3.4091 	-0.253232 	-2.28218 	-0.00125891 	-0.154661 	0.0110278 	
1.195	3.41043 	-0.25383 	-2.2849 	-0.00129683 	-0.154896 	0.0109975 	
1.2	3.41159 	-0.254714 	-2.28696 	-0.00134352 	-0.155115 	0.0109759 	
1.205	3.41447 	-0.248181 	-2.28386 	-0.001265 	-0.155276 	0.010642 	
1.21	3.41564 	-0.247268 	-2.28327 	-0.00130257 	-0.155443 	0.010513 	
1.215	3.41672 	-0.247091 	-2.28293 	-0.00135472 	-0.155609 	0.0104135 	
1.22	3.41704 	-0.246766 	-2.29167 	-0.00131501 	-0.155911 	0.0104172 	
1.225	3.41839 	-0.247374 	-2.29488 	-0.00135181 	-0.156151 	0.0103883 	
1.23	3.41953 	-0.248275 	-2.29729 	-0.00139821 	-0.156372 	0.0103677 	
1.235	3.42174 	-0.242998 	-2.29589 	-0.00133512 	-0.156551 	0.0100914 	
1.24	3.4228 	-0.242456 	-2.29604 	-0.00137397 	-0.156728 	0.00998503 	
1.245	3.4238 	-0.242538 	-2.29626 	-0.00142536 	-0.156902 	0.00990399 	
1.25	3.4248 	-0.243058 	-2.29657 	-0.00148346 	-0.157071 	0.00984384 	
1.255	3.42559 	-0.239513 	-2.30474 	-0.00137474 	-0.157374 	0.00972943 	
1.26	3.42693 	-0.239421 	-2.30786 	-0.00139948 	-0.157612 	0.00966982 	
1.265	3.42804 	-0.239828 	-2.31017 	-0.0014393 	-0.15783 	0.00962483 	
1.27	3.42903 	-0.24058 	-2.31193 	-0.00148816 	-0.158033 	0.00959229 	
1.275	3.43139 	-0.235288 	-2.30965 	-0.00143348 	-0.158191 	0.00930211 	
1.28	3.43243 	-0.234685 	-2.30932 	-0.00147519 	-0.158352 	0.00918807 	
1.285	3.43339 	-0.234721 	-2.30918 	-0.00152879 	-0.158511 	0.0091013 	
1.29	3.43434 	-0.235206 	-2.30923 	-0.00158852 	-0.158667 	0.00903695 	
1.295	3.43486 	-0.232024 	-2.31958 	-0.00147241 	-0.158994 	0.00895405 	
1.3	3.4362 	-0.232033 	-2.32338 	-0.00149442 	-0.15924 	0.00890478 	
1.305	3.43723 	-0.23251 	-2.32615 	-0.00153194 	-0.159462 	0.00886784 	
1.31	3.4381 	-0.233311 	-2.3282 	-0.00157891 	-0.159665 	0.00884157 	
1.315	3.44119 	-0.22764 	-2.32339 	-0.00153907 	-0.159788 	0.0085075 	
1.32	3.44217 	-0.226915 	-2.32218 	-0.0015849 	-0.159924 	0.00838033 	
1.325	3.44305 	-0.226857 	-2.32136 	-0.00164184 	-0.160061 	0.0082832 	
1.33	3.44276 	-0.225816 	-2.33099 	-0.00158316 	-0.160352 	0.00826592 	
1.335	3.44379 	-0.22625 	-2.33431 	-0.0016169 	-0.160576 	0.00823054 	
1.34	3.44461 	-0.227022 	-2.33677 	-0.00166123 	-0.160779 	0.00820552 	
1.345	3.4468 	-0.222374 	-2.33399 	-0.00162741 	-0.160918 	0.00792699 	
1.35	3.4476 	-0.221938 	-2.33365 	-0.00167142 	-0.161066 	0.00782131 	
1.355	3.44835 	-0.222082 	-2.3335 	-0.00172545 	-0.161212 	0.00774185 	
1.36	3.4491 	-0.222631 	-2.33354 	-0.00178437 	-0.161356 	0.00768386 	
1.365	3.44934 	-0.218688 	-2.34197 	-0.00167095 	-0.161634 	0.0075474 	
1.37	3.45033 	-0.218467 	-2.34505 	-0.00169416 	-0.16185 	0.00748198 	
1.375	3.45111 	-0.218771 	-2.34731 	-0.00173243 	-0.162047 	0.00743351 	
1.38	3.45179 	-0.219442 	-2.34902 	-0.00177986 	-0.16223 	0.0073991 	
1.385	3.45429 	-0.214939 	-2.34525 	-0.00175773 	-0.162349 	0.00711396 	
1.39	3.45512 	-0.214492 	-2.34439 	-0.00180473 	-0.162479 	0.00700431 	
1.395	3.45588 	-0.214619 	-2.34386 	-0.00186041 	-0.162609 	0.00692207 	
1.4	3.45662 	-0.215144 	-2.34364 	-0.00191998 	-0.162738 	0.00686227 	
1.405	3.4565 	-0.211384 	-2.35456 	-0.00179212 	-0.163043 	0.00675656 	
1.41	3.45747 	-0.21121 	-2.35845 	-0.00181013 	-0.163267 	0.00670176 	
1.415	3.45815 	-0.211542 	-2.36125 	-0.00184411 	-0.163468 	0.00666161 	
1.42	3.46071 	-0.209103 	-2.35597 	-0.00188378 	-0.163564 	0.00643256 	
1.425	3.46136 	-0.209109 	-2.35487 	-0.00193979 	-0.163681 	0.00634252 	
1.43	3.46198 	-0.209542 	-2.35419 	-0.00199972 	-0.163798 	0.00627657 	
1.435	3.46159 	-0.206161 	-2.36146 	-0.00190797 	-0.164031 	0.00615047 	
1.44	3.46225 	-0.206026 	-2.36395 	-0.00193494 	-0.164216 	0.00608761 	
1.445	3.46279 	-0.206373 	-2.36583 	-0.00197434 	-0.164387 	0.00604233 	
1.45	3.46328 	-0.207055 	-2.36729 	-0.00202102 	-0.164547 	0.00601146 	
1.455	3.46376 	-0.207961 	-2.36848 	-0.00207118 	-0.164699 	0.00599247 	
1.46	3.46645 	-0.200534 	-2.3657 	-0.00197222 	-0.164811 	0.0056056 	
1.465	3.46729 	-0.199313 	-2.36503 	-0.00200142 	-0.16493 	0.00546545 	
1.47	3.46797 	-0.19888 	-2.36457 	-0.00204601 	-0.165049 	0.00535906 	
1.475	3.46858 	-0.199011 	-2.36437 	-0.00209935 	-0.165168 	0.00528013 	
1.48	3.46772 	-0.199356 	-2.3737 	-0.00207716 	-0.165418 	0.00531583 	
1.485	3.46829 	-0.200178 	-2.37712 	-0.00211374 	-0.165609 	0.00530804 	
1.49	3.46872 	-0.201191 	-2.37967 	-0.00215656 	-0.165782 	0.00530652 	
1.495	3.47159 	-0.19532 	-2.37503 	-0.00210816 	-0.165873 	0.0049591 	
1.5	3.47225 	-0.19454 	-2.37407 	-0.00214543 	-0.16598 	0.00484014 	
1.505	3.47281 	-0.194401 	-2.37344 	-0.00219331 	-0.166088 	0.00475115 	
1.51	3.47331 	-0.194716 	-2.37313 	-0.00224659 	-0.166197 	0.00468658 	
1.515	3.47243 	-0.192935 	-2.38175 	-0.00218263 	-0.16643 	0.00463516 	
1.52	3.47287 	-0.193184 	-2.38486 	-0.00221003 	-0.166609 	0.00460094 	
1.525	3.47319 	-0.193782 	-2.38718 	-0.00224707 	-0.166771 	0.00457894 	
1.53	3.47572 	-0.19009 	-2.38255 	-0.00224675 	-0.166854 	0.0043144 	
1.535	3.47628 	-0.189781 	-2.38162 	-0.00229065 	-0.166953 	0.00421991 	
1.54	3.47676 	-0.18996 	-2.38107 	-0.00234067 	-0.167052 	0.00415107 	
1.545	3.4772 	-0.190478 	-2.38085 	-0.002393 	-0.167153 	0.00410315 	
1.55	3.47643 	-0.186837 	-2.38868 	-0.00229342 	-0.167366 	0.00397305 	
1.555	3.4768 	-0.186595 	-2.39152 	-0.00231233 	-0.167532 	0.00391662 	
1.56	3.47704 	-0.186832 	-2.39366 	-0.00234379 	-0.167684 	0.0038775 	
1.565	3.47724 	-0.187406 	-2.39532 	-0.00238286 	-0.167826 	0.00385243 	
1.57	3.48046 	-0.18397 	-2.38951 	-0.00239677 	-0.167891 	0.00358541 	
1.575	3.48115 	-0.183693 	-2.38803 	-0.00244303 	-0.167971 	0.00349044 	
1.58	3.48168 	-0.183873 	-2.38708 	-0.00249354 	-0.168053 	0.00342153 	
1.585	3.48213 	-0.184371 	-2.3866 	-0.00254499 	-0.168136 	0.00337393 	
1.59	3.48076 	-0.180881 	-2.39721 	-0.00242675 	-0.168373 	0.00328169 	
1.595	3.48101 	-0.180667 	-2.40094 	-0.00243808 	-0.168546 	0.00323885 	
1.6	3.48109 	-0.180912 	-2.4037 	-0.00246307 	-0.1687 	0.00321042 	
1.605	3.48437 	-0.179336 	-2.39672 	-0.00252704 	-0.168747 	0.00300228 	
1.61	3.48488 	-0.179457 	-2.39514 	-0.00257872 	-0.168816 	0.00292838 	
1.615	3.48527 	-0.179901 	-2.39415 	-0.00263068 	-0.168887 	0.00287689 	
1.62	3.48559 	-0.180562 	-2.39365 	-0.00268088 	-0.16896 	0.00284373 	
1.625	3.48422 	-0.175627 	-2.40289 	-0.00253949 	-0.169166 	0.00268362 	
1.63	3.48431 	-0.175017 	-2.40611 	-0.00254476 	-0.169319 	0.00262208 	
1.635	3.48427 	-0.174968 	-2.40852 	-0.00256542 	-0.169458 	0.00257946 	
1.64	3.48717 	-0.174992 	-2.40211 	-0.00265836 	-0.169502 	0.00244155 	
1.645	3.48758 	-0.175458 	-2.40073 	-0.00271249 	-0.169565 	0.00238924 	
1.65	3.48789 	-0.176128 	-2.39993 	-0.00276383 	-0.16963 	0.00235564 	
1.655	3.48814 	-0.176928 	-2.3996 	-0.00281137 	-0.169698 	0.00233728 	
1.66	3.48694 	-0.170834 	-2.40744 	-0.00265312 	-0.169874 	0.00212006 	
1.665	3.48696 	-0.169902 	-2.41023 	-0.00265299 	-0.17001 	0.002044 	
1.67	3.48686 	-0.169608 	-2.41235 	-0.00266956 	-0.170135 	0.00199045 	
1.675	3.48673 	-0.169775 	-2.41402 	-0.00269701 	-0.170253 	0.00195487 	
1.68	3.49062 	-0.170743 	-2.40645 	-0.00282086 	-0.170288 	0.0018394 	
1.685	3.49129 	-0.1715 	-2.40454 	-0.00288159 	-0.170334 	0.00179923 	
1.69	3.49172 	-0.17234 	-2.40335 	-0.00293488 	-0.170381 	0.001776 	
1.695	3.48973 	-0.167479 	-2.41134 	-0.00279455 	-0.170537 	0.00162398 	
1.7	3.48955 	-0.166876 	-2.41398 	-0.0027965 	-0.170655 	0.00157028 	
1.705	3.48931 	-0.166793 	-2.41606 	-0.00281201 	-0.170766 	0.00153483 	
1.71	3.48907 	-0.167081 	-2.41774 	-0.00283625 	-0.170871 	0.001514 	
1.715	3.493 	-0.166571 	-2.41053 	-0.00292162 	-0.170903 	0.00134802 	
1.72	3.49363 	-0.166918 	-2.40877 	-0.00297096 	-0.170944 	0.00129503 	
1.725	3.49399 	-0.167453 	-2.40768 	-0.00301629 	-0.170986 	0.00126148 	
1.73	3.49187 	-0.164276 	-2.41475 	-0.00291615 	-0.171117 	0.0011736 	
1.735	3.49156 	-0.164027 	-2.41716 	-0.00292259 	-0.17122 	0.00114002 	
1.74	3.49123 	-0.164175 	-2.41913 	-0.00293906 	-0.171318 	0.00112092 	
1.745	3.49093 	-0.164604 	-2.42079 	-0.00296176 	-0.171412 	0.00111347 	
1.75	3.49496 	-0.162887 	-2.4139 	-0.00301601 	-0.171441 	0.000905339 	
1.755	3.49559 	-0.162908 	-2.41226 	-0.00305621 	-0.171477 	0.000842139 	
1.76	3.49592 	-0.163198 	-2.41126 	-0.00309495 	-0.171514 	0.000800451 	
1.765	3.49608 	-0.163673 	-2.41081 	-0.00313104 	-0.171553 	0.00077636 	
1.77	3.49374 	-0.160673 	-2.4193 	-0.00302231 	-0.171697 	0.000715941 	
1.775	3.49329 	-0.160438 	-2.42243 	-0.00302127 	-0.171804 	0.000695509 	
1.78	3.49281 	-0.160582 	-2.4249 	-0.00303127 	-0.171904 	0.000686744 	
1.785	3.49679 	-0.160315 	-2.41754 	-0.00311934 	-0.171922 	0.000532092 	
1.79	3.49726 	-0.160634 	-2.41599 	-0.00316132 	-0.171952 	0.000488273 	
1.795	3.49746 	-0.161116 	-2.4151 	-0.00319908 	-0.171983 	0.000462628 	
1.8	3.4975 	-0.161706 	-2.41475 	-0.0032324 	-0.172016 	0.000451789 	
1.805	3.49744 	-0.162364 	-2.41485 	-0.00326133 	-0.172052 	0.000452919 	
1.81	3.49551 	-0.156974 	-2.42223 	-0.00310924 	-0.172177 	0.000283589 	
1.815	3.495 	-0.156074 	-2.42509 	-0.0030958 	-0.172273 	0.000233662 	
1.82	3.49444 	-0.15573 	-2.42738 	-0.00309752 	-0.172363 	0.000201969 	
1.825	3.49851 	-0.158356 	-2.4199 	-0.00324903 	-0.172376 	0.000161388 	
1.83	3.49898 	-0.159315 	-2.41837 	-0.00329961 	-0.172398 	0.000151963 	
1.835	3.49916 	-0.16022 	-2.41754 	-0.00333967 	-0.172419 	0.000154818 	
1.84	3.49916 	-0.161074 	-2.41727 	-0.00337101 	-0.172443 	0.00016758 	
1.845	3.49723 	-0.155122 	-2.4233 	-0.00321101 	-0.172536 	-2.97625e-05 	
1.85	3.49663 	-0.154077 	-2.42561 	-0.00319429 	-0.172612 	-8.45805e-05 	
1.855	3.49602 	-0.153604 	-2.42753 	-0.00319244 	-0.172685 	-0.000119628 	
1.86	3.49945 	-0.156913 	-2.42121 	-0.00334515 	-0.172695 	-0.000112634 	
1.865	3.49978 	-0.158002 	-2.42007 	-0.00339157 	-0.172713 	-0.000105716 	
1.87	3.49984 	-0.158979 	-2.41956 	-0.00342668 	-0.172732 	-8.93238e-05 	
1.875	3.49974 	-0.159862 	-2.41957 	-0.0034527 	-0.172753 	-6.53907e-05 	
1.88	3.49839 	-0.153836 	-2.42356 	-0.00330347 	-0.172818 	-0.000283836 	
1.885	3.49782 	-0.152731 	-2.42528 	-0.00328597 	-0.172874 	-0.000341101 	
1.89	3.49723 	-0.15219 	-2.42683 	-0.00328218 	-0.172932 	-0.000377628 	
1.895	3.50004 	-0.155981 	-2.42178 	-0.00343089 	-0.172941 	-0.000329412 	
1.9	3.50025 	-0.157161 	-2.42105 	-0.00347253 	-0.172957 	-0.000307953 	
1.905	3.50021 	-0.158183 	-2.42089 	-0.00350241 	-0.172973 	-0.000279563 	
1.91	3.50003 	-0.159079 	-2.42118 	-0.00352308 	-0.172993 	-0.000245763 	
1.915	3.49974 	-0.159874 	-2.42182 	-0.00353656 	-0.173015 	-0.000207799 	
1.92	3.49961 	-0.152207 	-2.42357 	-0.00337 	-0.173055 	-0.00052219 	
1.925	3.4992 	-0.15056 	-2.4247 	-0.00334472 	-0.173095 	-0.000607893 	
1.93	3.49867 	-0.149611 	-2.42582 	-0.00333576 	-0.173138 	-0.00066673 	
1.935	3.50079 	-0.155971 	-2.42212 	-0.00352624 	-0.173142 	-0.000494666 	
1.94	3.50086 	-0.157732 	-2.42184 	-0.00357182 	-0.173153 	-0.000435968 	
1.945	3.50071 	-0.15914 	-2.42204 	-0.00360103 	-0.173166 	-0.000376969 	
1.95	3.50042 	-0.160278 	-2.42264 	-0.00361796 	-0.173181 	-0.000318087 	
1.955	3.50083 	-0.152474 	-2.42305 	-0.00345438 	-0.173205 	-0.000645425 	
1.96	3.50048 	-0.150843 	-2.42373 	-0.00342813 	-0.173231 	-0.00072725 	
1.965	3.49996 	-0.149875 	-2.42454 	-0.00341668 	-0.173261 	-0.000782724 	
1.97	3.50146 	-0.156226 	-2.42194 	-0.00359266 	-0.173262 	-0.000588319 	
1.975	3.50135 	-0.157949 	-2.42198 	-0.00363097 	-0.173269 	-0.000520424 	
1.98	3.50106 	-0.15931 	-2.42246 	-0.00365356 	-0.173278 	-0.000453905 	
1.985	3.50063 	-0.160396 	-2.42327 	-0.00366452 	-0.17329 	-0.000388886 	
1.99	3.50192 	-0.153271 	-2.42203 	-0.00352712 	-0.173301 	-0.000705267 	
1.995	3.50169 	-0.151769 	-2.42225 	-0.00350298 	-0.173314 	-0.000780011 	
2	3.50122 	-0.150862 	-2.42273 	-0.00349103 	-0.17333 	-0.000829593 	
2.005	3.50061 	-0.1504 	-2.42346 	-0.00348725 	-0.173349 	-0.000858937 	
2.01	3.50249 	-0.158417 	-2.42093 	-0.00369862 	-0.173338 	-0.000598996 	
2.015	3.50247 	-0.16072 	-2.42107 	-0.00374269 	-0.173332 	-0.000497321 	
2.02	3.5022 	-0.162448 	-2.42163 	-0.00376505 	-0.173331 	-0.000402702 	
2.025	3.50211 	-0.154845 	-2.42237 	-0.0035985 	-0.173345 	-0.000705704 	
2.03	3.50159 	-0.153362 	-2.42321 	-0.00356618 	-0.173362 	-0.000764306 	
2.035	3.50098 	-0.15244 	-2.42422 	-0.00354612 	-0.173383 	-0.000800627 	
2.04	3.50032 	-0.15194 	-2.42539 	-0.00353464 	-0.173408 	-0.000819221 	
2.045	3.502 	-0.158682 	-2.42301 	-0.00372462 	-0.173404 	-0.000615444 	
2.05	3.50197 	-0.160567 	-2.42334 	-0.00376016 	-0.173407 	-0.000529405 	
2.055	3.50177 	-0.161979 	-2.42408 	-0.00377646 	-0.173414 	-0.000447408 	
2.06	3.50107 	-0.155345 	-2.42627 	-0.00361975 	-0.173445 	-0.000692358 	
2.065	3.50054 	-0.154029 	-2.42773 	-0.00358572 	-0.173477 	-0.000734754 	
2.07	3.49999 	-0.153213 	-2.42924 	-0.00356299 	-0.173513 	-0.000757944 	
2.075	3.49945 	-0.152777 	-2.43079 	-0.00354837 	-0.173552 	-0.000765983 	
2.08	3.49894 	-0.152626 	-2.4324 	-0.00353946 	-0.173595 	-0.000762085 	
2.085	3.50122 	-0.15913 	-2.42942 	-0.0037539 	-0.173603 	-0.000608386 	
2.09	3.50149 	-0.160989 	-2.42966 	-0.00379464 	-0.173617 	-0.000529995 	
2.095	3.50157 	-0.162346 	-2.43035 	-0.00381289 	-0.173634 	-0.000453317 	
2.1	3.50006 	-0.155119 	-2.43525 	-0.003609 	-0.173699 	-0.00066963 	
2.105	3.49956 	-0.153627 	-2.43763 	-0.00356245 	-0.173756 	-0.000705099 	
2.11	3.4991 	-0.152691 	-2.4398 	-0.00353087 	-0.173816 	-0.00072313 	
2.115	3.49868 	-0.152176 	-2.44183 	-0.00351029 	-0.173876 	-0.000727483 	
2.12	3.50064 	-0.158353 	-2.43919 	-0.0037275 	-0.173896 	-0.00059789 	
2.125	3.50092 	-0.159983 	-2.43964 	-0.00376537 	-0.173925 	-0.000530266 	
2.13	3.50109 	-0.161173 	-2.44048 	-0.00378196 	-0.173956 	-0.000462214 	
2.135	3.49961 	-0.154823 	-2.44599 	-0.00359065 	-0.174042 	-0.000632506 	
2.14	3.49927 	-0.153531 	-2.44865 	-0.0035456 	-0.174116 	-0.000654791 	
2.145	3.49898 	-0.152734 	-2.45102 	-0.00351431 	-0.174189 	-0.000662332 	
2.15	3.49873 	-0.152314 	-2.45319 	-0.00349321 	-0.174262 	-0.000658362 	
2.155	3.49855 	-0.152176 	-2.45522 	-0.00347955 	-0.174336 	-0.000645383 	
2.16	3.50038 	-0.158121 	-2.45303 	-0.00372644 	-0.174373 	-0.000570449 	
2.165	3.5008 	-0.159726 	-2.45358 	-0.00377192 	-0.174416 	-0.000513155 	
2.17	3.50114 	-0.160856 	-2.4545 	-0.00379202 	-0.174461 	-0.000452273 	
2.175	3.49955 	-0.153986 	-2.46153 	-0.00354692 	-0.17458 	-0.000580793 	
2.18	3.49936 	-0.152564 	-2.46472 	-0.00348903 	-0.174675 	-0.000593304 	
2.185	3.4992 	-0.151692 	-2.46745 	-0.00344935 	-0.174767 	-0.000594074 	
2.19	3.49909 	-0.151235 	-2.46985 	-0.00342321 	-0.174856 	-0.000585595 	
2.195	3.50049 	-0.156895 	-2.46843 	-0.00367506 	-0.174906 	-0.000535737 	
2.2	3.50086 	-0.158301 	-2.46928 	-0.00371814 	-0.174963 	-0.000488287 	
2.205	3.50121 	-0.159287 	-2.4704 	-0.00373687 	-0.175021 	-0.000435153 	
2.21	3.49987 	-0.153255 	-2.47725 	-0.00350764 	-0.175151 	-0.000526827 	
2.215	3.49982 	-0.152029 	-2.48044 	-0.00345253 	-0.175256 	-0.000528952 	
2.22	3.4998 	-0.151294 	-2.48315 	-0.00341423 	-0.175356 	-0.000521465 	
2.225	3.49983 	-0.150931 	-2.48553 	-0.00338847 	-0.175452 	-0.000506413 	
2.23	3.49992 	-0.150847 	-2.48768 	-0.00337189 	-0.175546 	-0.000485372 	
2.235	3.50072 	-0.156254 	-2.48788 	-0.00365858 	-0.175621 	-0.000497998 	
2.24	3.50109 	-0.157611 	-2.48914 	-0.00371071 	-0.175695 	-0.000464386 	
2.245	3.50148 	-0.158509 	-2.49051 	-0.0037334 	-0.175767 	-0.000420581 	
2.25	3.50044 	-0.152014 	-2.49729 	-0.00344216 	-0.175915 	-0.000456539 	
2.255	3.50052 	-0.150685 	-2.50053 	-0.00337277 	-0.176031 	-0.000445524 	
2.26	3.50063 	-0.149906 	-2.50326 	-0.00332555 	-0.17614 	-0.000429048 	
2.265	3.50079 	-0.149539 	-2.50563 	-0.00329478 	-0.176244 	-0.000408041 	
2.27	3.50119 	-0.154696 	-2.50695 	-0.00358828 	-0.176334 	-0.000446848 	
2.275	3.50151 	-0.15588 	-2.50858 	-0.00363814 	-0.17642 	-0.000422061 	
2.28	3.50187 	-0.156654 	-2.51018 	-0.00365951 	-0.176503 	-0.000385073 	
2.285	3.50111 	-0.150961 	-2.51619 	-0.00338812 	-0.17665 	-0.000393916 	
2.29	3.50127 	-0.14982 	-2.51921 	-0.00332268 	-0.176768 	-0.000375246 	
2.295	3.50147 	-0.149171 	-2.52176 	-0.00327767 	-0.176879 	-0.000352516 	
2.3	3.50171 	-0.148892 	-2.524 	-0.00324781 	-0.176984 	-0.000326377 	
2.305	3.50164 	-0.153159 	-2.52689 	-0.00351817 	-0.177093 	-0.000393852 	
2.31	3.50191 	-0.154111 	-2.52895 	-0.00356255 	-0.177192 	-0.000377436 	
2.315	3.50223 	-0.154717 	-2.53081 	-0.00358035 	-0.177286 	-0.000346963 	
2.32	3.5026 	-0.155083 	-2.53255 	-0.0035794 	-0.177377 	-0.000306648 	
2.325	3.50185 	-0.148439 	-2.53931 	-0.0032578 	-0.177549 	-0.000312298 	
2.33	3.50204 	-0.146974 	-2.54258 	-0.00317607 	-0.177681 	-0.000294446 	
2.335	3.50223 	-0.146144 	-2.54525 	-0.00312262 	-0.177803 	-0.000274117 	
2.34	3.50247 	-0.151202 	-2.54706 	-0.00341332 	-0.177903 	-0.000313866 	
2.345	3.50276 	-0.152245 	-2.54884 	-0.00345729 	-0.178 	-0.000291254 	
2.35	3.50311 	-0.152943 	-2.55048 	-0.00347602 	-0.178093 	-0.000256773 	
2.355	3.50352 	-0.153398 	-2.55205 	-0.00347688 	-0.178183 	-0.000214021 	
2.36	3.50243 	-0.147032 	-2.5599 	-0.00319368 	-0.178365 	-0.00025616 	
2.365	3.50255 	-0.145624 	-2.56341 	-0.00312136 	-0.178502 	-0.000247615 	
2.37	3.50268 	-0.144807 	-2.5662 	-0.00307334 	-0.178627 	-0.000233403 	
2.375	3.50283 	-0.144433 	-2.5685 	-0.00304324 	-0.178743 	-0.000214444 	
2.38	3.50325 	-0.150597 	-2.56975 	-0.00338846 	-0.178846 	-0.000247262 	
2.385	3.50359 	-0.152018 	-2.5712 	-0.00344951 	-0.178941 	-0.00021962 	
2.39	3.50397 	-0.152932 	-2.57259 	-0.00347671 	-0.17903 	-0.000179692 	
2.395	3.50299 	-0.146258 	-2.57931 	-0.00315609 	-0.179195 	-0.000193527 	
2.4	3.5031 	-0.144908 	-2.58239 	-0.00308049 	-0.179323 	-0.000176591 	
2.405	3.50324 	-0.144124 	-2.58488 	-0.00302922 	-0.179441 	-0.000155694 	
2.41	3.50342 	-0.143765 	-2.58697 	-0.00299595 	-0.179551 	-0.000131377 	
2.415	3.50333 	-0.148988 	-2.58956 	-0.00331532 	-0.179663 	-0.000192845 	
2.42	3.50356 	-0.150139 	-2.59136 	-0.0033688 	-0.179762 	-0.000173743 	
2.425	3.50383 	-0.150859 	-2.59295 	-0.00339094 	-0.179855 	-0.000140615 	
2.43	3.50319 	-0.145057 	-2.59808 	-0.00309493 	-0.180001 	-0.000129956 	
2.435	3.50331 	-0.14389 	-2.60067 	-0.00302328 	-0.180119 	-0.000106184 	
2.44	3.50347 	-0.143232 	-2.60282 	-0.00297406 	-0.180228 	-7.96022e-05 	
2.445	3.50368 	-0.142956 	-2.6047 	-0.00294146 	-0.180332 	-5.05337e-05 	
2.45	3.50321 	-0.147269 	-2.60833 	-0.00323464 	-0.180451 	-0.000138273 	
2.455	3.50334 	-0.148187 	-2.61039 	-0.00328203 	-0.180553 	-0.000127222 	
2.46	3.50351 	-0.148744 	-2.61214 	-0.00330036 	-0.180647 	-0.000100578 	
2.465	3.50374 	-0.149053 	-2.61369 	-0.00329826 	-0.180736 	-6.29865e-05 	
2.47	3.50319 	-0.142305 	-2.61858 	-0.00294869 	-0.180888 	-4.70964e-05 	
2.475	3.5033 	-0.140834 	-2.62107 	-0.00286019 	-0.181006 	-2.33726e-05 	
2.48	3.50342 	-0.140021 	-2.62315 	-0.00280264 	-0.181114 	1.34364e-06 	
2.485	3.50328 	-0.145142 	-2.62534 	-0.00311801 	-0.181212 	-5.96022e-05 	
2.49	3.50342 	-0.14617 	-2.62698 	-0.00316554 	-0.181303 	-4.24341e-05 	
2.495	3.50359 	-0.146839 	-2.62844 	-0.00318557 	-0.181387 	-1.20802e-05 	
2.5	3.50381 	-0.147256 	-2.6298 	-0.0031861 	-0.181469 	2.75627e-05 	
2.505	3.50298 	-0.14081 	-2.63496 	-0.00287878 	-0.181611 	3.85936e-06 	
2.51	3.50298 	-0.139415 	-2.63746 	-0.00280135 	-0.181723 	1.68093e-05 	
2.515	3.50299 	-0.138632 	-2.63952 	-0.0027506 	-0.181825 	3.41034e-05 	
2.52	3.50319 	-0.143473 	-2.6406 	-0.00302708 	-0.181908 	6.96523e-06 	
2.525	3.50332 	-0.144484 	-2.64188 	-0.00306806 	-0.181988 	3.09157e-05 	
2.53	3.5035 	-0.145169 	-2.64311 	-0.00308479 	-0.182064 	6.55154e-05 	
2.535	3.5037 	-0.145625 	-2.64433 	-0.0030843 	-0.182138 	0.000107628 	
2.54	3.50392 	-0.145925 	-2.64556 	-0.00307184 	-0.18221 	0.000154927 	
2.545	3.50266 	-0.138321 	-2.65187 	-0.00276295 	-0.182359 	5.03763e-05 	
2.55	3.5025 	-0.136555 	-2.65466 	-0.00268382 	-0.182471 	3.83709e-05 	
2.555	3.50233 	-0.135516 	-2.65689 	-0.00263344 	-0.182573 	3.61217e-05 	
2.56	3.5034 	-0.142113 	-2.65571 	-0.00294819 	-0.182631 	8.01374e-05 	
2.565	3.50363 	-0.143568 	-2.65634 	-0.00299863 	-0.182694 	0.000121479 	
2.57	3.50386 	-0.144578 	-2.65711 	-0.00302146 	-0.182755 	0.00016948 	
2.575	3.50407 	-0.145266 	-2.65803 	-0.00302454 	-0.182814 	0.000221978 	
2.58	3.50267 	-0.137399 	-2.6638 	-0.00272213 	-0.182942 	8.78368e-05 	
2.585	3.50241 	-0.135649 	-2.66631 	-0.00264853 	-0.18304 	6.86108e-05 	
2.59	3.50214 	-0.134601 	-2.66835 	-0.00260108 	-0.18313 	6.14195e-05 	
2.595	3.50342 	-0.140831 	-2.66666 	-0.00288008 	-0.183176 	0.000127497 	
2.6	3.50364 	-0.142221 	-2.6671 	-0.00292324 	-0.183228 	0.000172971 	
2.605	3.50381 	-0.143206 	-2.66775 	-0.00294197 	-0.183279 	0.000223484 	
2.61	3.50395 	-0.143898 	-2.66858 	-0.00294322 	-0.18333 	0.000277349 	
2.615	3.50275 	-0.138039 	-2.67059 	-0.00271682 	-0.183392 	0.000179815 	
2.62	3.50302 	-0.137573 	-2.67112 	-0.00267514 	-0.183447 	0.000205245 	
2.625	-1.78001 	2.66301 	9.57783 	-0.189994 	0.294366 	-0.0573442 	
2.63	-0.805226 	2.26023 	7.96488 	-0.171394 	0.22533 	-0.0368214 	
2.635	-0.82159 	2.29593 	8.3906 	-0.1832 	0.238966 	-0.0272527 	
2.64	-0.774089 	2.37589 	8.77783 	-0.193285 	0.249443 	-0.0211471 	
2.645	-1.08452 	2.07638 	9.43333 	-0.169387 	0.27633 	0.0113946 	
2.65	-1.19486 	2.05018 	9.90844 	-0.165594 	0.29261 	0.0141865 	
2.655	-1.26931 	1.86524 	10.2806 	-0.147829 	0.305754 	0.0146243 	
2.66	-0.838828 	1.59963 	11.3039 	-0.116513 	0.3257 	0.00669296 	
2.665	-0.915656 	1.53904 	11.1727 	-0.108936 	0.324301 	-0.00410482 	
2.67	-0.616889 	1.56934 	10.8918 	-0.118173 	0.31011 	0.00209463 	
2.675	-0.304628 	1.42626 	10.5807 	-0.108308 	0.294168 	0.00297038 	
2.68	-0.474415 	1.19162 	10.8188 	-0.0831801 	0.305136 	0.000614081 	
2.685	-0.543629 	1.03074 	10.9341 	-0.0662139 	0.31025 	-0.00197926 	
2.69	-0.606371 	0.899563 	11.0361 	-0.0521829 	0.314812 	-0.00446235 	
2.695	-0.665165 	0.796363 	11.1285 	-0.0409516 	0.318997 	-0.00661354 	
2.7	-0.721112 	0.717755 	11.2133 	-0.0321766 	0.322885 	-0.00842528 	
2.705	-0.775142 	0.660021 	11.2921 	-0.0255046 	0.326538 	-0.00988805 	
2.71	-0.825915 	0.618695 	11.3641 	-0.0205666 	0.329906 	-0.0108511 	
2.715	-0.873854 	0.590922 	11.4302 	-0.017147 	0.333026 	-0.0111276 	
2.72	-0.917255 	0.57237 	11.4892 	-0.0148997 	0.335819 	-0.0105798 	
2.725	-0.958221 	0.561745 	11.5431 	-0.0136647 	0.338396 	-0.00927126 	
2.73	-0.996194 	0.55679 	11.5917 	-0.0131254 	0.340737 	-0.00760302 	
2.735	-1.03015 	0.554322 	11.6341 	-0.0128984 	0.342785 	-0.00586645 	
2.74	-1.06121 	0.554722 	11.6717 	-0.0129764 	0.344612 	-0.00419038 	
2.745	-1.08947 	0.556863 	11.7049 	-0.0132231 	0.346229 	-0.00267784 	
2.75	-1.11477 	0.559857 	11.7337 	-0.0135409 	0.347633 	-0.00135121 	
2.755	-1.10509 	0.583291 	11.7207 	-0.0139143 	0.346926 	-0.00926564 	
2.76	-1.10553 	0.60481 	11.7195 	-0.0147422 	0.346817 	-0.0138863 	
2.765	-1.10662 	0.622273 	11.7184 	-0.0153658 	0.346728 	-0.0177056 	
2.77	-1.10836 	0.636123 	11.7175 	-0.0157962 	0.346661 	-0.0208774 	
2.775	-1.11034 	0.646715 	11.7164 	-0.0160426 	0.346596 	-0.0235356 	
2.78	-1.11225 	0.654656 	11.7148 	-0.0161453 	0.346519 	-0.0257795 	
2.785	-1.114 	0.660465 	11.7127 	-0.0161364 	0.346428 	-0.0276873 	
2.79	-1.11944 	0.663444 	11.7139 	-0.0158616 	0.346517 	-0.0294252 	
2.795	-1.14958 	0.65055 	11.7403 	-0.0144784 	0.347872 	-0.028127 	
2.8	-1.16695 	0.642596 	11.7538 	-0.0135636 	0.348573 	-0.0274651 	
2.805	-1.18213 	0.637559 	11.7651 	-0.0129699 	0.34917 	-0.026864 	
2.81	-1.19581 	0.634644 	11.7749 	-0.0125917 	0.349695 	-0.0263382 	
2.815	-1.20838 	0.633415 	11.7836 	-0.0123817 	0.350167 	-0.025882 	
2.82	-1.22003 	0.633472 	11.7913 	-0.0123006 	0.350592 	-0.0254857 	
2.825	-1.23087 	0.634436 	11.798 	-0.0123103 	0.350977 	-0.0251405 	
2.83	-1.24097 	0.636009 	11.804 	-0.0123825 	0.351325 	-0.024838 	
2.835	-1.25038 	0.63805 	11.8092 	-0.0125086 	0.351637 	-0.0245666 	
2.84	-1.25919 	0.640284 	11.8137 	-0.0126573 	0.351918 	-0.0243239 	
2.845	-0.939984 	0.153967 	11.3945 	0.0381152 	0.330933 	-0.0251756 	
2.85	-0.704921 	-0.150704 	11.1043 	0.0671546 	0.31641 	-0.0236102 	
2.855	-0.918729 	0.569929 	11.8392 	-0.012719 	0.344467 	-0.0105234 	
2.86	-0.809931 	0.863962 	11.5347 	-0.0449903 	0.333364 	-0.00620416 	
2.865	-0.760824 	1.14323 	11.4222 	-0.0754858 	0.329301 	-0.00186814 	
2.87	-2.67154 	0.0555291 	13.4352 	0.0282102 	0.432154 	0.0514978 	
2.875	-1.95863 	0.70114 	12.6089 	-0.0390022 	0.391426 	0.0388298 	
2.88	-1.00069 	0.476344 	9.9113 	-0.0245874 	0.290137 	0.0320233 	
2.885	-1.02902 	-0.0646298 	10.4275 	0.0356116 	0.304811 	0.0221493 	
2.89	-0.954895 	0.52618 	10.4791 	-0.0273421 	0.305019 	0.0256736 	
2.895	-0.838966 	-0.097708 	10.4306 	0.0428676 	0.299958 	0.0134189 	
2.9	-0.740985 	0.222567 	10.4584 	0.00761483 	0.300411 	0.0158769 	
2.905	-0.579769 	-0.341441 	10.3237 	0.0654916 	0.291637 	0.00675828 	
2.91	-0.45751 	-0.684769 	10.2365 	0.100372 	0.285782 	0.000845771 	
2.915	-0.700299 	0.0822997 	10.5961 	0.023743 	0.305355 	0.0105034 	
2.92	-0.827393 	0.491273 	10.804 	-0.0165182 	0.316141 	0.0149429 	
2.925	-0.933957 	0.353127 	10.8932 	-0.00133753 	0.310447 	0.0110604 	
2.93	-1.0359 	0.357891 	11.0068 	-0.000598323 	0.310386 	0.00914026 	
2.935	-1.12065 	0.357369 	11.0992 	0.000393534 	0.310061 	0.00771085 	
2.94	-1.30937 	0.55726 	11.3847 	-0.0189787 	0.328839 	0.01742 	
2.945	-1.41296 	0.658939 	11.5515 	-0.028248 	0.339114 	0.0216411 	
2.95	-1.33323 	0.564084 	11.5158 	-0.0192645 	0.338248 	0.0203735 	
2.955	-1.29173 	0.509617 	11.5122 	-0.0141542 	0.338992 	0.0200941 	
2.96	-1.31769 	0.475838 	11.557 	-0.0068217 	0.342204 	0.00514727 	
2.965	-1.32351 	0.472456 	11.5898 	-0.00543546 	0.344563 	0.000901362 	
2.97	-1.32407 	0.470765 	11.6138 	-0.00481795 	0.346336 	-0.00114547 	
2.975	-1.32331 	0.47093 	11.633 	-0.0046627 	0.347748 	-0.00212165 	
2.98	-1.32212 	0.471534 	11.6482 	-0.00468977 	0.348867 	-0.0025462 	
2.985	-1.32129 	0.472656 	11.6605 	-0.0048298 	0.34977 	-0.00269961 	
2.99	-1.3206 	0.473301 	11.6701 	-0.00495653 	0.35047 	-0.00269817 	
2.995	-1.37983 	0.443089 	11.6539 	-0.0019248 	0.342461 	-0.00373358 	
3	-1.42031 	0.433353 	11.6466 	-0.00111937 	0.337273 	-0.00305635 	
3.005	-1.45467 	0.422117 	11.639 	-0.000141674 	0.332823 	-0.00269375 	
3.01	-1.42538 	0.43802 	11.6557 	-0.00187484 	0.337647 	-0.00231214 	
3.015	-1.44695 	0.347096 	11.609 	0.00858534 	0.330725 	-0.00841754 	
3.02	-1.4583 	0.287676 	11.579 	0.0154018 	0.326613 	-0.0123726 	
3.025	-1.53985 	0.45963 	11.6198 	-0.0030661 	0.323585 	-0.00574934 	
3.03	-1.54534 	0.407842 	11.6053 	0.00188585 	0.321282 	-0.00537946 	
3.035	-1.56489 	0.416141 	11.5901 	0.00265751 	0.318471 	-0.0116531 	
3.04	-1.53677 	0.394769 	11.5835 	0.00390067 	0.320183 	-0.00885042 	
3.045	-1.51451 	0.342433 	11.5631 	0.00969591 	0.320033 	-0.0107489 	
3.05	-1.52698 	0.369689 	11.6078 	0.00468882 	0.325715 	-0.00125459 	
3.055	-1.52795 	0.446328 	11.6084 	-0.00252957 	0.325571 	-0.00357053 	
3.06	-1.49896 	0.4054 	11.5875 	0.00276419 	0.32572 	-0.00869635 	
3.065	-1.2351 	0.372131 	11.308 	0.00393693 	0.312823 	-0.00947189 	
3.07	-1.32059 	0.400242 	11.3979 	0.00290785 	0.317225 	-0.0131328 	
3.075	-1.34057 	0.418646 	11.4185 	0.002026 	0.318426 	-0.0158053 	
3.08	-1.23051 	0.743421 	11.3255 	-0.0303098 	0.318765 	-0.0187837 	
3.085	-1.24121 	0.654369 	11.378 	-0.0215196 	0.324167 	-0.0167736 	
3.09	-1.23539 	0.639585 	11.4009 	-0.0200595 	0.32782 	-0.0159032 	
3.095	-1.23103 	0.627041 	11.4204 	-0.018829 	0.330955 	-0.0151303 	
3.1	-1.22786 	0.61627 	11.4369 	-0.0177816 	0.333641 	-0.0144391 	
3.105	-1.22578 	0.607118 	11.451 	-0.0168976 	0.335949 	-0.0138204 	
3.11	-1.26809 	0.610275 	11.4697 	-0.0163442 	0.334982 	-0.016092 	
3.115	-1.29613 	0.607466 	11.4833 	-0.0156073 	0.334696 	-0.0174986 	
3.12	-1.28687 	0.584809 	11.4894 	-0.0146392 	0.336564 	-0.013369 	
3.125	-1.31783 	0.585746 	11.4983 	-0.0138945 	0.335475 	-0.0163566 	
3.13	-1.33837 	0.585319 	11.5049 	-0.0133397 	0.334986 	-0.017933 	
3.135	-1.35803 	0.590979 	11.5112 	-0.013598 	0.334504 	-0.0186508 	
3.14	-1.37305 	0.585839 	11.5143 	-0.0126934 	0.334067 	-0.0198581 	
3.145	-1.38625 	0.58368 	11.5164 	-0.0121539 	0.333663 	-0.0208137 	
3.15	-1.40226 	0.558227 	11.5208 	-0.0104334 	0.333317 	-0.0174864 	
3.155	-1.41513 	0.541141 	11.5234 	-0.00920962 	0.333006 	-0.0155084 	
3.16	-1.42594 	0.527017 	11.5246 	-0.00819627 	0.332714 	-0.0139148 	
3.165	-1.43501 	0.515338 	11.5248 	-0.00735635 	0.332439 	-0.0126421 	
3.17	-1.4436 	0.504129 	11.525 	-0.00656178 	0.332213 	-0.0114189 	
3.175	-1.47798 	0.430518 	11.5453 	-0.00081687 	0.332918 	-0.00451029 	
3.18	-1.47747 	0.444151 	11.5379 	-0.00195002 	0.332306 	-0.00563406 	
3.185	-1.45842 	0.451937 	11.5476 	-0.00312896 	0.335761 	-0.00405721 	
3.19	-1.44717 	0.456756 	11.5529 	-0.00389723 	0.337954 	-0.00296032 	
3.195	-1.43776 	0.459854 	11.5569 	-0.00445043 	0.339804 	-0.00201367 	
3.2	-1.47786 	0.588913 	11.5642 	-0.0170083 	0.337703 	-0.00227568 	
3.205	-1.50184 	0.676713 	11.568 	-0.0254826 	0.336589 	-0.00265536 	
3.21	-1.50969 	0.627681 	11.5573 	-0.0201286 	0.334964 	-0.00465915 	
3.215	-1.52133 	0.612786 	11.5517 	-0.0185342 	0.333684 	-0.00493177 	
3.22	-1.5172 	0.560699 	11.528 	-0.0157395 	0.331498 	0.00333578 	
3.225	-1.45772 	0.370552 	11.4299 	0.000970969 	0.324707 	0.00848338 	
3.23	-1.49317 	0.434453 	11.4636 	-0.00368098 	0.326369 	0.0027603 	
3.235	-1.50954 	0.45126 	11.4722 	-0.00457992 	0.326506 	4.47457e-06 	
3.24	-1.52381 	0.465085 	11.4785 	-0.00530142 	0.326549 	-0.00228884 	
3.245	-1.53665 	0.478448 	11.4839 	-0.0059695 	0.326601 	-0.00434213 	
3.25	-1.5558 	0.604848 	11.501 	-0.0181974 	0.327725 	-0.00442822 	
3.255	-1.57181 	0.695697 	11.5133 	-0.0270971 	0.328473 	-0.00411694 	
3.26	-1.5812 	0.651206 	11.511 	-0.0226685 	0.327781 	-0.00369466 	
3.265	-1.58732 	0.635184 	11.5088 	-0.0209338 	0.327454 	-0.00416678 	
3.27	-1.59434 	0.621967 	11.5072 	-0.0196977 	0.327118 	-0.00372335 	
3.275	-1.60064 	0.610684 	11.5054 	-0.0185983 	0.326824 	-0.00347723 	
3.28	-1.60635 	0.600977 	11.5033 	-0.01764 	0.326556 	-0.00329718 	
3.285	-1.61059 	0.592211 	11.5012 	-0.0167975 	0.326419 	-0.00309717 	
3.29	-1.6148 	0.584856 	11.4989 	-0.0160804 	0.326276 	-0.00293954 	
3.295	-1.61598 	0.644447 	11.5005 	-0.0216737 	0.326829 	-0.00390808 	
3.3	-1.62231 	0.709945 	11.5053 	-0.0269534 	0.327539 	-0.00784367 	
3.305	-1.6022 	0.450902 	11.4456 	-0.00216353 	0.322739 	-0.00577048 	
3.31	-2.07958 	0.832428 	11.9975 	-0.0364383 	0.350417 	-0.00339169 	
3.315	-1.9218 	0.825213 	11.8206 	-0.0363119 	0.342673 	-0.00623222 	
3.32	-1.88033 	0.862232 	11.774 	-0.0397269 	0.341007 	-0.00806056 	
3.325	-1.74319 	0.560376 	11.6129 	-0.0125769 	0.333042 	-0.00174892 	
3.33	-1.6525 	0.37877 	11.5048 	0.00318164 	0.327805 	0.00306361 	
3.335	-1.66906 	0.40147 	11.4997 	0.00228084 	0.326153 	-0.00221409 	
3.34	-1.57981 	0.243051 	11.4064 	0.0146015 	0.322716 	0.0071431 	
3.345	-1.51184 	0.100823 	11.3193 	0.0272035 	0.318092 	0.00981212 	
3.35	-1.45469 	-0.0137494 	11.2469 	0.0371974 	0.314398 	0.0126366 	
3.355	-1.69695 	-0.12314 	11.3948 	0.0493151 	0.320585 	0.0107424 	
3.36	-1.82561 	-0.0293624 	11.4698 	0.0403466 	0.324899 	0.0144159 	
3.365	-1.81597 	0.283724 	11.4851 	0.0103623 	0.325289 	0.0109915 	
3.37	-1.80666 	0.278409 	11.4822 	0.0109317 	0.324682 	0.010614 	
3.375	-1.81642 	0.307143 	11.4873 	0.0078402 	0.323814 	0.0116021 	
3.38	-1.7693 	0.345995 	11.4371 	0.00689289 	0.320933 	-0.000616962 	
3.385	-1.74331 	0.388672 	11.4078 	0.00449833 	0.31905 	-0.00831824 	
3.39	-1.78502 	0.607876 	11.4528 	-0.0173737 	0.321462 	-0.00544091 	
3.395	-1.80831 	0.756156 	11.4765 	-0.031813 	0.322679 	-0.00488904 	
3.4	-1.78229 	0.715721 	11.459 	-0.0271269 	0.322378 	-0.00796287 	
3.405	-1.77738 	0.6951 	11.4546 	-0.0250455 	0.322159 	-0.0080834 	
3.41	-1.76744 	0.686124 	11.4478 	-0.0237836 	0.322123 	-0.00958521 	
3.415	-1.60424 	0.363432 	11.2609 	0.00616855 	0.312536 	-0.00727798 	
3.42	-1.64902 	0.410198 	11.3044 	0.000492606 	0.314296 	-0.00468885 	
3.425	-1.64878 	0.470914 	11.314 	-0.00410399 	0.315655 	-0.00901642 	
3.43	-1.70699 	0.693266 	11.3641 	-0.0259012 	0.317974 	-0.00707896 	
3.435	-1.7446 	0.850351 	11.3981 	-0.041085 	0.319821 	-0.00632542 	
3.44	-1.75646 	0.738766 	11.3824 	-0.0299972 	0.316646 	-0.0068127 	
3.445	-1.78066 	0.719306 	11.3885 	-0.0281971 	0.315536 	-0.0057208 	
3.45	-1.78616 	0.716411 	11.3856 	-0.028574 	0.31482 	-0.00288446 	
3.455	-1.81991 	0.791513 	11.4206 	-0.0368281 	0.317513 	0.00186981 	
3.46	-1.84123 	0.960563 	11.4451 	-0.0526577 	0.3197 	0.000276707 	
3.465	-1.73563 	0.701067 	11.3476 	-0.028753 	0.316196 	0.00321178 	
3.47	-1.72709 	0.727979 	11.3731 	-0.0305003 	0.320826 	0.000529797 	
3.475	-1.76608 	0.704855 	11.3886 	-0.0289345 	0.320022 	0.00412967 	
3.48	-1.75063 	0.690726 	11.4001 	-0.0275165 	0.323284 	0.00415939 	
3.485	-1.74579 	0.679521 	11.4101 	-0.02648 	0.325455 	0.00461201 	
3.49	-1.74181 	0.668638 	11.4177 	-0.0254557 	0.327258 	0.00496908 	
3.495	-1.73912 	0.660896 	11.4243 	-0.0247271 	0.328828 	0.00529348 	
3.5	-1.78626 	0.705923 	11.4354 	-0.0295211 	0.326942 	0.00763276 	
3.505	-1.76513 	0.567799 	11.3824 	-0.0148188 	0.322689 	0.00161936 	
3.51	-1.78505 	0.567883 	11.3874 	-0.0151854 	0.321784 	0.00305958 	
3.515	-1.79718 	0.551214 	11.3836 	-0.0136715 	0.320564 	0.00336482 	
3.52	-1.83204 	0.549848 	11.3799 	-0.0136389 	0.317388 	0.00406237 	
3.525	-1.83245 	0.530907 	11.3748 	-0.0118235 	0.31711 	0.00406283 	
3.53	-1.84945 	0.594888 	11.3815 	-0.0176 	0.317077 	0.00279838 	
3.535	-1.86879 	0.512677 	11.3404 	-0.00832932 	0.310168 	-0.00241628 	
3.54	-1.80158 	0.272635 	11.392 	0.0170625 	0.311863 	-0.0125916 	
3.545	-1.75609 	0.17195 	11.2996 	0.0278086 	0.309388 	-0.0176418 	
3.55	-1.77768 	0.230538 	11.3171 	0.0213379 	0.311099 	-0.0140112 	
3.555	-1.82487 	0.508403 	11.3567 	-0.00580017 	0.314139 	-0.0121323 	
3.56	-1.88694 	0.543753 	11.4055 	-0.012976 	0.317435 	0.00441506 	
3.565	-1.98802 	0.92252 	11.5114 	-0.0517641 	0.327061 	0.0121116 	
3.57	-1.91145 	0.776535 	11.4514 	-0.0370782 	0.326782 	0.0117117 	
3.575	-1.89091 	0.763179 	11.4517 	-0.0357575 	0.329077 	0.0115806 	
3.58	-1.86959 	0.743134 	11.4452 	-0.0337343 	0.330677 	0.0114716 	
3.585	-1.83737 	0.693717 	11.4132 	-0.0288939 	0.330887 	0.0127058 	
3.59	-1.82496 	0.685872 	11.4142 	-0.0279841 	0.332223 	0.0118232 	
3.595	-1.77049 	0.658618 	11.4151 	-0.0251345 	0.337295 	0.010368 	
3.6	-1.73263 	0.638416 	11.4145 	-0.0230059 	0.340807 	0.00932671 	
3.605	-1.70066 	0.620927 	11.4138 	-0.0211565 	0.343803 	0.00843114 	
3.61	-1.67371 	0.605988 	11.4128 	-0.0195702 	0.346361 	0.0076647 	
3.615	-1.65114 	0.59337 	11.4117 	-0.0182251 	0.348549 	0.00701481 	
3.62	-1.63218 	0.582912 	11.4103 	-0.0170997 	0.350413 	0.00645783 	
3.625	-1.61616 	0.574532 	11.4088 	-0.0161816 	0.351997 	0.00597474 	
3.63	-1.60295 	0.566859 	11.4071 	-0.0153426 	0.353346 	0.00555807 	
3.635	-1.59202 	0.560462 	11.4054 	-0.0146345 	0.354493 	0.00520096 	
3.64	-1.583 	0.554568 	11.4036 	-0.0139788 	0.355462 	0.00488343 	
3.645	-1.57566 	0.550366 	11.4016 	-0.0134962 	0.35629 	0.0046202 	
3.65	-1.56643 	0.543511 	11.4005 	-0.012769 	0.357402 	0.00440776 	
3.655	-1.5526 	0.53735 	11.3992 	-0.0121214 	0.358941 	0.00419017 	
3.66	-1.54264 	0.532417 	11.3979 	-0.0115933 	0.360116 	0.00401714 	
3.665	-1.5345 	0.528243 	11.3963 	-0.0111403 	0.361111 	0.00386467 	
3.67	-1.52793 	0.524754 	11.3946 	-0.0107549 	0.361952 	0.00373209 	
3.675	-1.5227 	0.521835 	11.3928 	-0.0104257 	0.362661 	0.00361613 	
3.68	-1.51862 	0.519405 	11.391 	-0.0101447 	0.363258 	0.00351424 	
3.685	-1.51552 	0.517401 	11.389 	-0.00990589 	0.36376 	0.00342496 	
3.69	-1.51324 	0.515741 	11.3869 	-0.00970088 	0.364179 	0.00334523 	
3.695	-1.52401 	0.518401 	11.3834 	-0.00988256 	0.363194 	0.0032638 	
3.7	-1.53111 	0.520282 	11.3803 	-0.00999829 	0.362623 	0.00319979 	
3.705	-1.53746 	0.522304 	11.3772 	-0.0101327 	0.362138 	0.00314415 	
3.71	-1.54309 	0.524195 	11.3742 	-0.0102578 	0.36172 	0.00308815 	
3.715	-1.54827 	0.525756 	11.3712 	-0.0103546 	0.361364 	0.00304122 	
3.72	-1.55302 	0.527046 	11.3684 	-0.0104271 	0.361058 	0.00299849 	
3.725	-1.55741 	0.528166 	11.3656 	-0.0104848 	0.360795 	0.00295919 	
3.73	-1.55966 	0.527655 	11.3636 	-0.0104022 	0.360827 	0.00310669 	
3.735	1.276 	0.173176 	11.5086 	0.0195794 	0.644284 	-0.00544261 	
3.74	0.116993 	0.53031 	11.5155 	-0.0136227 	0.540882 	0.000118031 	
3.745	-0.213075 	0.515729 	11.5542 	-0.0115219 	0.516511 	0.00230601 	
3.75	-0.347236 	0.427046 	11.403 	-0.00157929 	0.483341 	-0.00123577 	
3.755	-0.62999 	0.574375 	11.4008 	-0.0172831 	0.466523 	0.0147308 	
3.76	-0.818945 	0.563151 	11.3829 	-0.0154389 	0.443765 	0.0107761 	
3.765	-0.982095 	0.572444 	11.3661 	-0.0158882 	0.425883 	0.00976708 	
3.77	-1.1084 	0.578966 	11.3545 	-0.0164503 	0.412758 	0.0105076 	
3.775	-1.22714 	0.617483 	11.3751 	-0.019836 	0.403963 	0.00908652 	
3.78	-1.31409 	0.617036 	11.3642 	-0.019553 	0.39417 	0.00837116 	
3.785	-1.44495 	0.603911 	11.3375 	-0.0179432 	0.378484 	0.00723848 	
3.79	-1.58235 	0.719933 	11.3832 	-0.0288324 	0.371795 	0.00785993 	
3.795	-1.67026 	0.900275 	11.3703 	-0.0469425 	0.364378 	0.0110226 	
3.8	-1.70142 	0.793537 	11.346 	-0.0361713 	0.357543 	0.00864085 	
3.805	-1.73131 	0.786395 	11.3423 	-0.0357381 	0.354924 	0.0102686 	
3.81	-1.67663 	0.790003 	11.2873 	-0.0353223 	0.349338 	0.00262568 	
3.815	-1.72857 	0.783337 	11.3192 	-0.0349051 	0.349944 	0.00492424 	
3.82	-1.77237 	0.606622 	11.278 	-0.0150367 	0.342519 	-0.00578224 	
3.825	-1.80721 	0.6507 	11.258 	-0.0183685 	0.336355 	-0.0085372 	
3.83	-1.83912 	0.608972 	11.2413 	-0.014796 	0.33154 	-0.00688133 	
3.835	-1.87084 	0.586712 	11.23 	-0.0128656 	0.327504 	-0.00584421 	
3.84	-1.88292 	0.57884 	11.2271 	-0.0123246 	0.326399 	-0.00486949 	
3.845	-1.89642 	0.566093 	11.2232 	-0.0112834 	0.325043 	-0.00405054 	
3.85	-1.90165 	0.579836 	11.2209 	-0.013025 	0.325014 	-0.0028348 	
3.855	-1.90741 	0.584633 	11.2178 	-0.0137478 	0.324708 	-0.00196831 	
3.86	-1.91244 	0.586958 	11.2145 	-0.0141686 	0.324406 	-0.00128274 	
3.865	-1.917 	0.587727 	11.2111 	-0.0143946 	0.324113 	-0.000729376 	
3.87	-1.92122 	0.587858 	11.2075 	-0.0145239 	0.323829 	-0.000283437 	
3.875	-1.92936 	0.508801 	11.1808 	-0.00635706 	0.319609 	-0.00202663 	
3.88	-1.96207 	0.514796 	11.1736 	-0.0070346 	0.31626 	-0.00143444 	
3.885	-1.97903 	0.534696 	11.1659 	-0.00856306 	0.314166 	-0.00272238 	
3.89	-1.99344 	0.515911 	11.1583 	-0.00685618 	0.312333 	-0.00218351 	
3.895	-1.98665 	0.545218 	11.1627 	-0.0100675 	0.314438 	-0.00107488 	
3.9	-2.08043 	0.65279 	11.205 	-0.0199384 	0.313669 	4.608e-05 	
3.905	-1.89928 	0.584189 	11.1967 	-0.0138714 	0.328613 	0.000184533 	
3.91	-1.82547 	0.565251 	11.1945 	-0.0123228 	0.335276 	0.000469667 	
3.915	-1.72845 	0.53681 	11.1944 	-0.00984304 	0.344263 	0.000651971 	
3.92	-1.65215 	0.515005 	11.1936 	-0.0079464 	0.351368 	0.000798724 	
3.925	-1.58655 	0.496197 	11.1926 	-0.00633238 	0.357422 	0.000989157 	
3.93	-0.468256 	0.317747 	11.2712 	0.00921753 	0.469983 	-0.00277895 	
3.935	-0.78652 	0.363113 	11.2444 	0.00525132 	0.437708 	-0.00128639 	
3.94	-0.846592 	0.367414 	11.2362 	0.00490148 	0.431433 	-0.000895579 	
3.945	-0.897613 	0.370011 	11.2286 	0.00471612 	0.42605 	-0.000624372 	
3.95	-0.941424 	0.372048 	11.2217 	0.00458139 	0.421448 	-0.000412698 	
3.955	-0.975735 	0.373467 	11.2156 	0.00449573 	0.417832 	-0.000253803 	
3.96	-0.734778 	0.327883 	11.2301 	0.00864274 	0.441954 	-0.00153828 	
3.965	-0.576665 	0.304518 	11.2407 	0.0105406 	0.457885 	-0.00157647 	
3.97	-0.458633 	0.28443 	11.2483 	0.0123556 	0.470032 	-0.00208919 	
3.975	-0.761473 	0.357832 	11.2244 	0.00580041 	0.440289 	-0.00167793 	
3.98	-0.918467 	0.284012 	11.203 	0.013901 	0.422093 	-0.00276073 	
3.985	-1.08795 	0.329071 	11.1908 	0.0097724 	0.406017 	-0.00227057 	
3.99	-1.22677 	0.350804 	11.1787 	0.00796618 	0.392418 	-0.00208817 	
3.995	-1.34569 	0.36957 	11.1679 	0.00640602 	0.380787 	-0.00192851 	
4	-1.4476 	0.385812 	11.1581 	0.0050541 	0.370838 	-0.0017882 	
4.005	-1.53501 	0.399873 	11.1492 	0.0038812 	0.362325 	-0.00166482 	
4.01	-1.6101 	0.412134 	11.1411 	0.00285399 	0.355038 	-0.00155434 	
4.015	-1.67212 	0.419276 	11.1333 	0.00233035 	0.348931 	-0.0015572 	
4.02	-1.72777 	0.430484 	11.1275 	0.00132687 	0.34377 	-0.00131246 	
4.025	-1.76221 	0.43262 	11.1213 	0.00119069 	0.340379 	-0.00137767 	
4.03	-1.80803 	0.442468 	11.1161 	0.000297493 	0.336188 	-0.00115871 	
4.035	-1.38542 	0.386583 	11.1469 	0.00478004 	0.378793 	-0.00162525 	
4.04	-1.11581 	0.350832 	11.1661 	0.00764597 	0.406047 	-0.00191235 	
4.045	-1.34639 	0.383564 	11.1455 	0.00496639 	0.383146 	-0.00155629 	
4.05	-1.45 	0.391048 	11.1319 	0.00459363 	0.372382 	-0.00190389 	
4.055	-1.54107 	0.407216 	11.1232 	0.00319332 	0.363653 	-0.00156757 	
4.06	-1.18131 	0.357679 	11.1493 	0.00724902 	0.399859 	-0.00218217 	
4.065	-1.39868 	0.389039 	11.1298 	0.00465619 	0.37833 	-0.00175297 	
4.07	-1.49774 	0.403649 	11.1196 	0.00344193 	0.368619 	-0.00154369 	
4.075	-1.58308 	0.422586 	11.1098 	0.00180656 	0.360238 	-0.00143994 	
4.08	-1.06215 	0.357866 	11.1433 	0.00554496 	0.410478 	0.00204133 	
4.085	-1.41858 	0.584674 	11.1599 	-0.015624 	0.383129 	0.00531473 	
4.09	-1.58778 	0.72623 	11.1741 	-0.0290805 	0.371429 	0.00787605 	
4.095	-1.26481 	0.60304 	11.1801 	-0.0175908 	0.401117 	0.00568223 	
4.1	-1.16355 	0.49538 	11.1619 	-0.00730844 	0.407016 	0.00275312 	
4.105	-1.27513 	0.354079 	11.1263 	0.00536094 	0.390791 	0.00143241 	
4.11	-1.3371 	0.400713 	11.122 	0.00155005 	0.385647 	0.00153125 	
4.115	-1.37734 	0.413678 	11.1149 	0.000718248 	0.381674 	0.00110132 	
4.12	-1.38411 	0.419393 	11.1098 	0.000768799 	0.380956 	-0.00055425 	
4.125	-0.538488 	0.287139 	11.1845 	0.0121722 	0.46748 	-0.00304067 	
4.13	-0.776109 	0.329204 	11.1594 	0.00899608 	0.443227 	-0.00361284 	
4.135	-0.711871 	0.324876 	11.1627 	0.00974602 	0.449872 	-0.0048474 	
4.14	1.53465 	0.0448695 	11.4102 	0.0330087 	0.684605 	-0.0102529 	
4.145	0.858303 	0.123961 	11.3318 	0.0263765 	0.613815 	-0.00782988 	
4.15	0.371285 	0.219771 	11.2773 	0.0174588 	0.563577 	-0.00451605 	
4.155	0.0191988 	0.261445 	11.2314 	0.0138622 	0.526295 	-0.00288934 	
4.16	-0.275279 	0.282931 	11.1945 	0.0119251 	0.49535 	-0.00078816 	
4.165	-0.582525 	0.362061 	11.1921 	0.00674478 	0.468536 	-0.00624695 	
4.17	-0.834926 	0.419247 	11.1851 	0.00269429 	0.445911 	-0.00849538 	
4.175	-0.994895 	0.454755 	11.1738 	-0.000985499 	0.430363 	-0.00562707 	
4.18	-1.14248 	0.487371 	11.1641 	-0.00401587 	0.416289 	-0.00415133 	
4.185	-1.26913 	0.515933 	11.1556 	-0.00665682 	0.404264 	-0.00290286 	
4.19	-1.37703 	0.538643 	11.1468 	-0.00874859 	0.393916 	-0.00186245 	
4.195	-1.46957 	0.558355 	11.139 	-0.0105559 	0.385074 	-0.000978475 	
4.2	-1.5488 	0.575085 	11.1316 	-0.0120797 	0.377504 	-0.000234899 	
4.205	-1.6167 	0.589446 	11.1248 	-0.0133798 	0.371033 	0.000394558 	
4.21	-1.67498 	0.601941 	11.1186 	-0.0145046 	0.36551 	0.000930199 	
4.215	-1.6891 	0.576784 	11.0953 	-0.0119756 	0.361634 	0.00108249 	
4.22	-1.7125 	0.568319 	11.0837 	-0.0110824 	0.358484 	0.00122251 	
4.225	-1.80771 	0.584878 	11.0771 	-0.0116628 	0.34994 	-0.00195187 	
4.23	-1.85758 	0.570339 	11.0564 	-0.0105532 	0.34318 	-0.000955195 	
4.235	-1.90379 	0.562484 	11.0406 	-0.00984974 	0.337487 	-0.000712801 	
4.24	-1.91867 	0.54098 	11.0207 	-0.00843379 	0.333887 	0.00117449 	
4.245	-1.92648 	0.523309 	11.0049 	-0.0069562 	0.331456 	0.00150845 	
4.25	-1.93523 	0.508317 	10.9906 	-0.00575052 	0.329176 	0.0019916 	
4.255	-1.89501 	0.482943 	10.9747 	-0.00401704 	0.330913 	0.00356143 	
4.26	-1.87457 	0.463471 	10.9602 	-0.00255384 	0.331125 	0.0043222 	
4.265	-1.84985 	0.445825 	10.9482 	-0.00123946 	0.332077 	0.00502405 	
4.27	2.63488 	-0.205799 	11.4147 	0.0537635 	0.793755 	-0.00809948 	
4.275	1.05968 	0.0401975 	11.259 	0.0320043 	0.633486 	0.00237681 	
4.28	0.560656 	0.130993 	11.2234 	0.0255891 	0.584917 	-0.0018966 	
4.285	0.162531 	0.178608 	11.181 	0.0214317 	0.544203 	0.000122601 	
4.29	-0.141186 	0.250723 	11.1675 	0.0153609 	0.515605 	0.000313946 	
4.295	-0.394136 	0.31221 	11.1725 	0.0101049 	0.49381 	0.000230395 	
4.3	-0.614084 	0.363903 	11.1722 	0.00570776 	0.47436 	0.000207023 	
4.305	-0.802918 	0.408129 	11.1716 	0.00195896 	0.45771 	0.000151157 	
4.31	-0.964616 	0.446101 	11.1705 	-0.00126273 	0.443442 	0.000105984 	
4.315	-1.12624 	0.478046 	11.147 	-0.00398232 	0.426658 	0.000875905 	
4.32	-1.26254 	0.506019 	11.1296 	-0.00629347 	0.412769 	0.00113566 	
4.325	-1.37869 	0.529451 	11.1143 	-0.00822384 	0.400955 	0.00138942 	
4.33	-1.47832 	0.549935 	11.1007 	-0.00990725 	0.390854 	0.00160015 	
4.335	-1.56364 	0.567066 	11.0884 	-0.0113022 	0.382192 	0.00176906 	
4.34	-1.63684 	0.581828 	11.0773 	-0.0124968 	0.374775 	0.00190499 	
4.345	-1.69971 	0.594644 	11.0673 	-0.0135272 	0.368425 	0.00201352 	
4.35	-1.75372 	0.605763 	11.0583 	-0.014414 	0.362986 	0.0020983 	
4.355	-1.79507 	0.613293 	11.0508 	-0.0150009 	0.358835 	0.00218533 	
4.36	-1.83329 	0.624143 	11.0461 	-0.0158939 	0.355352 	0.00215246 	
4.365	-1.86518 	0.630644 	11.0399 	-0.0163947 	0.352264 	0.0021761 	
4.37	-1.89199 	0.634914 	11.0332 	-0.0166884 	0.349562 	0.00222729 	
4.375	-1.878 	0.619186 	11.0304 	-0.0151089 	0.350723 	0.00181899 	
4.38	-1.89958 	0.58616 	11.001 	-0.0117472 	0.345494 	0.000734695 	
4.385	-1.89827 	0.60153 	11.0212 	-0.0132785 	0.34853 	0.000746697 	
4.39	-1.83985 	0.566854 	10.9409 	-0.00950288 	0.342659 	-0.0021538 	
4.395	-1.865 	0.56953 	10.9527 	-0.0098941 	0.342857 	-0.00092301 	
4.4	-1.87466 	0.566952 	10.9498 	-0.00965779 	0.342248 	-0.000545965 	
4.405	-1.93381 	0.550359 	10.9285 	-0.00796095 	0.334923 	-0.000954485 	
4.41	-1.93541 	0.564182 	10.9447 	-0.0101557 	0.337739 	0.00303725 	
4.415	-1.93162 	0.55826 	10.9371 	-0.00945559 	0.337564 	0.00263873 	
4.42	-1.9831 	0.547206 	10.9202 	-0.00820337 	0.331459 	0.00181954 	
4.425	-2.01404 	0.538263 	10.9086 	-0.00726399 	0.327877 	0.00147247 	
4.43	-2.04389 	0.530564 	10.8962 	-0.00640363 	0.324214 	0.000968454 	
4.435	-2.00562 	0.484045 	10.886 	-0.0018678 	0.326331 	-0.000466831 	
4.44	-1.98731 	0.451832 	10.878 	0.00122866 	0.327223 	-0.0012116 	
4.445	-1.93426 	0.416437 	10.8644 	0.00436224 	0.330209 	-0.00177764 	
4.45	-1.90167 	0.388002 	10.8538 	0.00684642 	0.331907 	-0.00179155 	
4.455	-1.87221 	0.362617 	10.8448 	0.00902647 	0.333579 	-0.00149528 	
4.46	-1.20123 	0.27848 	10.923 	0.0147031 	0.403244 	0.000679848 	
4.465	-1.36124 	0.292298 	10.8953 	0.014229 	0.385842 	-0.00176479 	
4.47	-1.43244 	0.312516 	10.8802 	0.0117796 	0.378461 	0.00118453 	
4.475	-1.4841 	0.3245 	10.8676 	0.0103748 	0.372929 	0.00271664 	
4.48	-1.48449 	0.398655 	10.8768 	-0.000286173 	0.377262 	0.0174825 	
4.485	-1.45334 	0.368672 	10.8708 	0.00382513 	0.378773 	0.0119695 	
4.49	-1.39686 	0.392174 	10.8966 	0.00306061 	0.387741 	0.00792879 	
4.495	-1.26154 	0.367639 	10.9068 	0.00515146 	0.401383 	0.00699107 	
4.5	-1.17916 	0.346927 	10.9089 	0.00694014 	0.409154 	0.0067277 	
4.505	-1.13157 	0.333436 	10.9076 	0.00818815 	0.413458 	0.00638486 	
4.51	-1.11916 	0.324096 	10.9016 	0.00898367 	0.414031 	0.00649933 	
4.515	-1.22606 	0.30851 	10.863 	0.00960595 	0.399653 	0.00937685 	
4.52	0.701966 	0.0344599 	11.12 	0.0329843 	0.602983 	0.00196191 	
4.525	-0.139021 	0.176093 	11.0166 	0.0209452 	0.516159 	0.00520043 	
4.53	-0.438655 	0.215058 	10.9831 	0.018429 	0.48573 	0.0035704 	
4.535	-0.706562 	0.257244 	10.9515 	0.0153644 	0.458472 	0.00257569 	
4.54	-0.93749 	0.296535 	10.9276 	0.0124801 	0.435484 	0.00147036 	
4.545	-1.13385 	0.323475 	10.9085 	0.0105666 	0.416245 	0.000823997 	
4.55	-1.29749 	0.345032 	10.8871 	0.00901207 	0.399496 	0.000460026 	
4.555	-1.43824 	0.364128 	10.8688 	0.00763164 	0.385206 	0.000113653 	
4.56	-1.55913 	0.38327 	10.85 	0.00621271 	0.372632 	-0.000204039 	
4.565	-1.6631 	0.399524 	10.8336 	0.00504531 	0.361856 	-0.000575091 	
4.57	-1.75003 	0.408873 	10.8153 	0.00440263 	0.352314 	-0.000722761 	
4.575	-1.82626 	0.42127 	10.8027 	0.00351284 	0.344498 	-0.00102746 	
4.58	-1.89398 	0.431417 	10.7901 	0.00275116 	0.337453 	-0.00111307 	
4.585	-1.95096 	0.438777 	10.778 	0.00222813 	0.331424 	-0.00123618 	
4.59	-1.98566 	0.452029 	10.7703 	0.00140271 	0.327432 	-0.00248375 	
4.595	-1.95833 	0.451259 	10.7685 	0.00172565 	0.329724 	-0.00377785 	
4.6	-1.44487 	0.373541 	10.8365 	0.00913784 	0.382862 	-0.00894884 	
4.605	-1.14365 	0.320613 	10.8653 	0.0135809 	0.413502 	-0.00986878 	
4.61	-0.993551 	0.285556 	10.8682 	0.0163358 	0.427882 	-0.00946725 	
4.615	-1.20248 	0.381299 	10.8816 	0.00727517 	0.411586 	-0.00588681 	
4.62	-1.30964 	0.436249 	10.8902 	0.00198552 	0.4037 	-0.00358622 	
4.625	-1.40193 	0.48442 	10.8977 	-0.00265669 	0.396977 	-0.00157794 	
4.63	-1.48111 	0.524976 	10.9031 	-0.00656452 	0.39116 	0.00010998 	
4.635	-1.51361 	0.535466 	10.8986 	-0.00747168 	0.388088 	0.00016481 	
4.64	-1.49803 	0.467555 	10.8497 	-0.000281535 	0.383241 	-0.00471029 	
4.645	-1.52031 	0.444787 	10.8384 	0.00164421 	0.379878 	-0.00469934 	
4.65	-1.54004 	0.422683 	10.8236 	0.00376461 	0.376368 	-0.00531723 	
4.655	-1.59004 	0.409585 	10.8189 	0.00502577 	0.371907 	-0.00488436 	
4.66	-1.62485 	0.396812 	10.8125 	0.00623687 	0.368487 	-0.00470594 	
4.665	-1.63106 	0.378154 	10.8046 	0.00781335 	0.367382 	-0.00482408 	
4.67	-1.46388 	0.344733 	10.813 	0.0106214 	0.383454 	-0.00572202 	
4.675	-1.24207 	0.308113 	10.8372 	0.0137904 	0.406224 	-0.00714159 	
4.68	-1.27626 	0.296516 	10.8294 	0.0151838 	0.402268 	-0.00743621 	
4.685	-1.43989 	0.502542 	10.9713 	-0.00327112 	0.406176 	-0.00569157 	
4.69	-1.43606 	0.425345 	10.914 	0.00360655 	0.399864 	-0.00573384 	
4.695	-1.43072 	0.385652 	10.876 	0.00748727 	0.395617 	-0.00750163 	
4.7	-1.52135 	0.382496 	10.8598 	0.00749877 	0.386146 	-0.00614692 	
4.705	-1.58553 	0.376127 	10.8478 	0.00807315 	0.379729 	-0.00608627 	
4.71	-1.5982 	0.36303 	10.8337 	0.0089941 	0.377133 	-0.00534072 	
4.715	-1.48906 	0.129876 	10.6412 	0.0307842 	0.362979 	-0.00823069 	
4.72	-1.51569 	0.176929 	10.6467 	0.0252995 	0.359811 	-0.00409779 	
4.725	-1.60335 	0.230774 	10.6958 	0.0203813 	0.359639 	-0.00389512 	
4.73	-1.65106 	0.229205 	10.6861 	0.0205232 	0.35487 	-0.00388819 	
4.735	-1.55661 	0.224439 	10.6971 	0.0209761 	0.364865 	-0.00512402 	
4.74	-1.48203 	0.219287 	10.7066 	0.0214112 	0.37302 	-0.00593723 	
4.745	-1.44469 	0.22222 	10.7104 	0.0211617 	0.377219 	-0.00660219 	
4.75	-1.39967 	0.222287 	10.7156 	0.0211366 	0.382269 	-0.00710348 	
4.755	-1.41702 	0.250457 	10.7243 	0.019153 	0.381735 	-0.0097332 	
4.76	-0.162214 	0.107727 	10.93 	0.0298353 	0.518675 	-0.00979961 	
4.765	1.2455 	-0.065085 	11.1645 	0.0433991 	0.672388 	-0.0102191 	
4.77	0.335146 	0.0607684 	11.017 	0.0333881 	0.574022 	-0.00951516 	
4.775	-0.0169546 	0.0968401 	10.9522 	0.0307942 	0.535128 	-0.0101409 	
4.78	-0.42012 	0.244103 	10.9303 	0.0167416 	0.500577 	-0.0032537 	
4.785	-0.62553 	0.222826 	10.867 	0.0194786 	0.473686 	-0.00551713 	
4.79	-0.858108 	0.164246 	10.7407 	0.0272297 	0.437363 	-0.0144686 	
4.795	-1.06368 	0.20223 	10.6762 	0.025526 	0.410982 	-0.0201065 	
4.8	-1.23295 	0.258823 	10.6867 	0.0194527 	0.398309 	-0.0147722 	
4.805	-1.34447 	0.220025 	10.6234 	0.022903 	0.3812 	-0.0167737 	
4.81	-1.47379 	0.216348 	10.5982 	0.0226204 	0.367781 	-0.0146236 	
4.815	-1.59033 	0.269011 	10.5981 	0.0165659 	0.357764 	-0.00865081 	
4.82	-1.58171 	0.178038 	10.5537 	0.0247833 	0.354295 	-0.0116506 	
4.825	-1.65395 	0.200582 	10.563 	0.0227567 	0.349165 	-0.0095803 	
4.83	-1.70495 	0.205758 	10.5603 	0.0222878 	0.344618 	-0.00864215 	
4.835	-1.74813 	0.210283 	10.5579 	0.0218595 	0.340838 	-0.00779567 	
4.84	-1.78478 	0.214232 	10.5553 	0.021471 	0.337631 	-0.00706227 	
4.845	-1.78049 	0.208859 	10.5661 	0.0218023 	0.340496 	-0.00850279 	
4.85	-1.78035 	0.220824 	10.5719 	0.0205121 	0.341083 	-0.00666694 	
4.855	-1.59028 	0.203432 	10.6087 	0.0215275 	0.362579 	-0.00558822 	
4.86	-1.56016 	0.215962 	10.6173 	0.0200685 	0.366736 	-0.00428919 	
4.865	-1.50146 	0.220237 	10.6295 	0.0193719 	0.373788 	-0.00329428 	
4.87	-1.43895 	0.22182 	10.6412 	0.0189469 	0.381124 	-0.00247771 	
4.875	-1.37283 	0.221362 	10.653 	0.0187295 	0.38877 	-0.00181075 	
4.88	-1.43478 	0.226784 	10.6407 	0.0183462 	0.381915 	-0.00169277 	
4.885	-1.45875 	0.229329 	10.6347 	0.0181128 	0.379293 	-0.0014433 	
4.89	-1.47351 	0.230251 	10.6299 	0.0180132 	0.377646 	-0.00123549 	
4.895	-1.47998 	0.229605 	10.626 	0.0180431 	0.376865 	-0.00106276 	
4.9	-1.30681 	0.211139 	10.6542 	0.0193217 	0.395994 	-0.000764295 	
4.905	-1.18498 	0.199283 	10.6734 	0.0201146 	0.409491 	-0.000545765 	
4.91	-1.22723 	0.162411 	10.6308 	0.023124 	0.3993 	0.00064942 	
4.915	-1.26721 	0.160161 	10.6322 	0.0235328 	0.39638 	0.000443056 	
4.92	-1.31465 	0.184327 	10.6434 	0.0215991 	0.394452 	6.54875e-05 	
4.925	-1.37453 	0.229207 	10.6732 	0.017998 	0.393841 	-0.00035644 	
4.93	-1.41552 	0.253057 	10.6873 	0.0161175 	0.392764 	-0.00069401 	
4.935	-1.45009 	0.272873 	10.6983 	0.0145521 	0.39181 	-0.000965063 	
4.94	-1.47887 	0.288745 	10.7064 	0.0132995 	0.390948 	-0.00118634 	
4.945	-1.50279 	0.301338 	10.7121 	0.0123061 	0.390172 	-0.00136405 	
4.95	-1.17977 	0.239536 	10.7426 	0.0170946 	0.422315 	-0.00131678 	
4.955	-1.29074 	0.265864 	10.7344 	0.0150004 	0.412103 	-0.0013061 	
4.96	-1.32227 	0.275337 	10.7324 	0.0142376 	0.409545 	-0.00129958 	
4.965	-0.930694 	0.185778 	10.7841 	0.0197922 	0.451599 	0.00565075 	
4.97	-1.0987 	0.260589 	10.7795 	0.0139017 	0.436937 	0.00384187 	
4.975	-1.16242 	0.302949 	10.7853 	0.0103518 	0.432766 	0.00356609 	
4.98	-0.962105 	0.257541 	10.7898 	0.0140005 	0.45087 	0.00311254 	
4.985	-1.09216 	0.247151 	10.7449 	0.0151731 	0.433726 	0.00261004 	
4.99	-1.20106 	0.054948 	10.5888 	0.0335053 	0.405298 	-0.00348928 	
4.995	-1.30195 	-0.0555788 	10.4897 	0.0439289 	0.384842 	-0.00617261 	
5	-1.32312 	0.0335268 	10.5487 	0.0358854 	0.390453 	-0.00468706 	
5.005	-1.41106 	0.0464285 	10.5283 	0.0347944 	0.380444 	-0.00450284 	
5.01	-1.44377 	0.0650407 	10.515 	0.0328889 	0.375965 	-0.00362135 	
5.015	-1.5656 	0.123203 	10.4951 	0.0276945 	0.3636 	-0.00312632 	
5.02	-1.65242 	0.165048 	10.4832 	0.0239528 	0.355299 	-0.00258684 	
5.025	-1.72602 	0.200314 	10.4717 	0.0208003 	0.348108 	-0.00216715 	
5.03	-1.79197 	0.231653 	10.459 	0.0179248 	0.341417 	-0.00152902 	
5.035	-1.84745 	0.25771 	10.4476 	0.0155626 	0.335791 	-0.00111655 	
5.04	-1.96494 	0.311574 	10.4368 	0.0106838 	0.325615 	0.000477144 	
5.045	-2.00465 	0.289875 	10.4023 	0.0129072 	0.317589 	-0.000668717 	
5.05	-2.02713 	0.255191 	10.3658 	0.0162334 	0.310624 	-0.00217402 	
5.055	-1.997 	0.275479 	10.3739 	0.0139217 	0.314719 	-0.000223677 	
5.06	-1.97487 	0.302175 	10.3842 	0.0105047 	0.318476 	0.00387801 	
5.065	0.985122 	-0.109545 	10.9796 	0.0430525 	0.649339 	0.000210836 	
5.07	2.94706 	-0.368675 	11.3733 	0.0635748 	0.867731 	-0.00299771 	
5.075	1.54361 	-0.143207 	11.1053 	0.045728 	0.713859 	-0.00156205 	
5.08	0.878761 	0.0322116 	11.0483 	0.0297129 	0.65269 	0.00646748 	
5.085	0.488845 	0.00769801 	10.9256 	0.0330255 	0.602332 	0.00360401 	
5.09	0.114385 	0.0277598 	10.8421 	0.0319527 	0.559337 	0.00323097 	
5.095	-0.215359 	0.0319783 	10.7544 	0.0323433 	0.519712 	0.00187489 	
5.1	-0.466271 	0.0412974 	10.6915 	0.0318505 	0.49011 	0.00196441 	
5.105	-0.689264 	0.0555467 	10.6367 	0.0308716 	0.464125 	0.00186354 	
5.11	-0.745303 	-0.158979 	10.4577 	0.0517937 	0.437828 	-0.00796424 	
5.115	-0.877223 	-0.227463 	10.3711 	0.0585836 	0.416164 	-0.0109374 	
5.12	-1.07331 	-0.232633 	10.3183 	0.0592669 	0.39299 	-0.0107681 	
5.125	-1.34505 	0.146725 	10.3825 	0.0255834 	0.380632 	-0.0076841 	
5.13	-1.41487 	0.0897655 	10.3582 	0.0302578 	0.370805 	-0.00639901 	
5.135	-1.49516 	0.0994663 	10.3503 	0.0291763 	0.362857 	-0.00516081 	
5.14	-1.56379 	0.105567 	10.3421 	0.0284401 	0.355954 	-0.00405921 	
5.145	-1.6217 	0.109524 	10.3345 	0.0279139 	0.350095 	-0.00308725 	
5.15	-1.59813 	0.0101218 	10.3141 	0.0371441 	0.348339 	-0.00240008 	
5.155	-1.50277 	0.0119925 	10.3405 	0.0368787 	0.36061 	-0.00340525 	
5.16	-1.49444 	-0.0432939 	10.2962 	0.0414515 	0.355618 	-0.00304396 	
5.165	-1.57086 	-0.0107079 	10.2975 	0.0384122 	0.349553 	-0.00217782 	
5.17	-1.7369 	0.131563 	10.3038 	0.0260309 	0.337593 	-0.000972412 	
5.175	-1.83368 	0.154646 	10.2875 	0.0239619 	0.32763 	-0.000398174 	
5.18	-1.925 	0.191362 	10.2731 	0.0206486 	0.318436 	0.000357782 	
5.185	-2.00295 	0.225078 	10.2608 	0.0177544 	0.3107 	0.000483757 	
5.19	-1.74321 	-0.17493 	10.0456 	0.0542791 	0.309346 	-0.0113719 	
5.195	-1.81514 	-0.0823563 	10.1039 	0.0457411 	0.309144 	-0.00783976 	
5.2	-1.84863 	-0.0613349 	10.113 	0.0437109 	0.307226 	-0.00694484 	
5.205	-2.02704 	0.10379 	10.1758 	0.0283684 	0.303142 	-0.000500102 	
5.21	-2.07012 	0.126352 	10.162 	0.026649 	0.297106 	-0.00166116 	
5.215	-2.12562 	0.169278 	10.1645 	0.0228986 	0.292954 	-0.00119238 	
5.22	-2.17244 	0.204655 	10.1648 	0.0198189 	0.289277 	-0.000925959 	
5.225	-2.20865 	0.2342 	10.1596 	0.017341 	0.285629 	-0.00125665 	
5.23	1.74871 	-0.274031 	11.0438 	0.0563555 	0.735799 	-0.00405928 	
5.235	0.340791 	-0.0655654 	10.7426 	0.0400358 	0.577622 	-0.00263995 	
5.24	-0.0667865 	0.00410702 	10.6583 	0.0344658 	0.532326 	-0.00213319 	
5.245	-0.412231 	0.063942 	10.5816 	0.0297654 	0.49318 	-0.00221862 	
5.25	2.32691 	-0.28966 	11.2004 	0.0568579 	0.805472 	-0.00393867 	
5.255	1.02729 	-0.105555 	10.9103 	0.0426418 	0.657899 	-0.00327537 	
5.26	0.521232 	-0.0300634 	10.7963 	0.0367721 	0.600426 	-0.00310594 	
5.265	0.185864 	-0.0536957 	10.6996 	0.0391539 	0.55911 	-0.00263852 	
5.27	0.96879 	-0.151897 	10.8572 	0.0466744 	0.646236 	-0.00336181 	
5.275	1.32202 	-0.184731 	10.9403 	0.0490072 	0.687491 	-0.00293123 	
5.28	1.4909 	-0.164822 	11.0094 	0.0470918 	0.710725 	-0.00218434 	
5.285	1.40365 	-0.0526623 	11.0656 	0.0376859 	0.710892 	-0.0014634 	
5.29	1.30096 	0.0545498 	11.1129 	0.0286957 	0.708619 	-0.000716941 	
5.295	1.21788 	0.143554 	11.1533 	0.0212554 	0.7071 	-0.000122078 	
5.3	1.13033 	0.234842 	11.1915 	0.0141206 	0.704823 	-0.00160645 	
5.305	0.867085 	-0.327178 	10.6304 	0.0615194 	0.607664 	-0.00240954 	
5.31	1.09871 	-0.140418 	10.8591 	0.0458797 	0.657765 	-0.0031486 	
5.315	1.39203 	-0.163097 	10.9403 	0.0475676 	0.693423 	-0.00307874 	
5.32	1.46064 	-0.0291562 	11.0359 	0.0353453 	0.713919 	-0.00144063 	
5.325	1.54747 	-0.0265405 	11.0851 	0.0356883 	0.727239 	-0.00217246 	
5.33	1.5992 	-0.00803427 	11.1362 	0.034254 	0.738382 	-0.0022477 	
5.335	1.64763 	0.00991443 	11.1776 	0.0330007 	0.747968 	-0.00213958 	
5.34	1.7901 	0.633195 	12.0707 	-0.0165448 	0.875321 	-0.00261627 	
5.345	1.72545 	0.590379 	11.7636 	-0.0138333 	0.829112 	-0.00957663 	
5.35	1.22209 	0.534394 	11.5769 	-0.00905745 	0.76352 	-0.00557175 	
5.355	0.675064 	0.462199 	11.3027 	-0.00305474 	0.68172 	-0.00316904 	
5.36	0.348334 	0.346448 	11.0987 	0.00659811 	0.627398 	-0.00137831 	
5.365	0.0846655 	0.1724 	10.8182 	0.0195141 	0.568765 	0.00310143 	
5.37	0.50849 	0.195669 	10.9889 	0.0181094 	0.627377 	0.00115823 	
5.375	0.708714 	0.188325 	11.0546 	0.0186271 	0.653266 	0.00033055 	
5.38	0.884526 	0.182666 	11.1087 	0.019214 	0.675536 	-0.000154161 	
5.385	1.01919 	0.204357 	11.1702 	0.0171703 	0.696426 	0.00231451 	
5.39	1.13624 	0.218522 	11.2208 	0.0158611 	0.713989 	0.00375752 	
5.395	1.27563 	0.219275 	11.27 	0.0157386 	0.73305 	0.00441213 	
5.4	1.27329 	0.0432826 	11.0342 	0.0281455 	0.69779 	0.0102769 	
5.405	1.41058 	0.0827479 	11.1457 	0.0259096 	0.725225 	0.00647588 	
5.41	1.44338 	-0.260946 	11.0327 	0.0594683 	0.702494 	-0.0136523 	
5.415	1.46806 	-0.0346265 	11.1487 	0.0391642 	0.725948 	-0.00451383 	
5.42	1.51054 	0.0924271 	11.2425 	0.0272933 	0.746299 	0.00233647 	
5.425	1.41256 	0.1189 	11.2387 	0.0253539 	0.736912 	-0.000108184 	
5.43	1.45876 	0.131244 	11.263 	0.024362 	0.744516 	-0.000499559 	
5.435	1.44273 	0.191152 	11.3024 	0.0193994 	0.749743 	0.000656436 	
5.44	1.45957 	0.248677 	11.3509 	0.0139392 	0.759564 	0.00294645 	
5.445	1.52911 	0.522549 	11.4087 	-0.0102408 	0.777573 	0.00405732 	
5.45	1.13212 	0.0155294 	10.8743 	0.0340992 	0.666421 	-0.00541649 	
5.455	1.01084 	-0.447075 	10.4253 	0.0735866 	0.59063 	-0.0139416 	
5.46	1.17178 	-0.223712 	10.7071 	0.0551022 	0.644467 	-0.010738 	
5.465	1.2537 	-0.137567 	10.8306 	0.0479836 	0.669182 	-0.00943927 	
5.47	1.32326 	-0.0633282 	10.9362 	0.0417808 	0.690394 	-0.00818108 	
5.475	1.38309 	0.00204412 	11.0284 	0.0362493 	0.708928 	-0.00696972 	
5.48	1.43988 	0.0283723 	11.084 	0.034103 	0.721382 	-0.00694928 	
5.485	1.50395 	0.0510385 	11.1372 	0.0322067 	0.734275 	-0.00673553 	
5.49	1.55711 	0.0853722 	11.2024 	0.029479 	0.748024 	-0.00752023 	
5.495	1.4802 	0.137761 	11.2259 	0.0252712 	0.745035 	-0.00681959 	
5.5	1.31965 	0.289417 	11.2579 	0.0131574 	0.737048 	-0.00594188 	
5.505	1.20092 	0.390068 	11.2843 	0.00478156 	0.731589 	-0.0054489 	
5.51	1.05088 	1.00569 	12.3854 	-0.0408236 	0.858009 	-0.00741561 	
5.515	0.733696 	0.513086 	11.5787 	-0.00715542 	0.721118 	0.0129972 	
5.52	0.304017 	0.495789 	11.3452 	-0.0071894 	0.654497 	0.0180877 	
5.525	-0.106422 	0.483708 	11.1646 	-0.0050535 	0.598792 	0.0140438 	
5.53	0.183719 	0.489404 	11.2354 	-0.00495846 	0.633731 	0.0117801 	
5.535	0.358019 	0.460456 	11.2539 	-0.00240532 	0.652115 	0.00900445 	
5.54	0.495234 	0.437792 	11.2627 	-0.000253286 	0.665881 	0.00715697 	
5.545	0.616302 	0.419934 	11.2629 	0.00168797 	0.67691 	0.00585432 	
5.55	1.00457 	0.30643 	11.2854 	0.0109806 	0.713046 	0.00371183 	
5.555	1.23609 	0.244168 	11.2999 	0.0162241 	0.734966 	0.0020576 	
5.56	1.15402 	0.213841 	11.2093 	0.0173741 	0.715119 	0.00712937 	
5.565	1.13638 	0.437096 	11.4917 	0.00313932 	0.756606 	-0.0105562 	
5.57	1.16776 	0.655972 	11.5247 	-0.0159439 	0.768082 	-0.00496025 	
5.575	1.18421 	1.08129 	12.0647 	-0.0543609 	0.836656 	0.000658591 	
5.58	0.519834 	0.8488 	11.609 	-0.0325005 	0.722621 	-0.00473084 	
5.585	0.086646 	0.803352 	11.3958 	-0.0280114 	0.658911 	-0.00559878 	
5.59	-0.281822 	0.69479 	11.1913 	-0.0175234 	0.601921 	-0.00921989 	
5.595	-0.441533 	0.386084 	11.4023 	0.00836144 	0.618861 	0.0116826 	
5.6	-0.106748 	0.34962 	11.1453 	0.00720536 	0.611538 	0.0197792 	
5.605	0.0194003 	0.458195 	11.2228 	-0.000876898 	0.634322 	0.0180149 	
5.61	0.103875 	0.542866 	11.2717 	-0.00737904 	0.649302 	0.0167802 	
5.615	0.1823 	0.610456 	11.3078 	-0.0125606 	0.661886 	0.0160001 	
5.62	0.69568 	0.276428 	11.2772 	0.0120247 	0.698727 	0.0104881 	
5.625	1.11103 	0.208127 	11.3012 	0.0185345 	0.735807 	0.00739049 	
5.63	1.3668 	0.133201 	11.3118 	0.0251281 	0.757719 	0.00479528 	
5.635	1.71703 	0.0404486 	11.3276 	0.0326283 	0.788557 	0.00248943 	
5.64	1.88011 	0.00305642 	11.3356 	0.0360464 	0.802614 	0.000684815 	
5.645	1.70422 	0.198831 	11.3683 	0.0182852 	0.79615 	0.00843942 	
5.65	1.60236 	0.337541 	11.3911 	0.00579247 	0.793418 	0.0142103 	
5.655	1.11023 	0.298624 	11.2122 	0.011409 	0.728 	0.00666788 	
5.66	0.624724 	0.923384 	11.1563 	-0.0438681 	0.654643 	0.0170195 	
5.665	1.13617 	0.616406 	11.2191 	-0.0174142 	0.713197 	0.0121633 	
5.67	1.35648 	0.98567 	11.0192 	-0.0534906 	0.7092 	0.0188589 	
5.675	1.98508 	0.0204599 	11.2246 	0.0337409 	0.782383 	0.00284532 	
5.68	0.720192 	0.792606 	10.8977 	-0.0293084 	0.683859 	-0.00687919 	
5.685	1.79475 	0.280595 	10.9672 	0.0110365 	0.765341 	-0.00183856 	
5.69	1.57445 	0.81392 	11.0655 	-0.0343674 	0.764654 	0.000567541 	
5.695	1.7988 	1.04541 	10.8754 	-0.0585855 	0.7557 	0.00772537 	
5.7	5.79857 	-1.77826 	12.0534 	0.188912 	1.15534 	-0.0134375 	
5.705	3.71975 	-0.941629 	11.5203 	0.117605 	0.939328 	-0.00816393 	
5.71	2.82652 	-0.74624 	11.3037 	0.101643 	0.842665 	-0.00658273 	
5.715	1.93878 	0.0493993 	11.1433 	0.0342631 	0.761161 	-0.00693739 	
5.72	1.20768 	0.122736 	11.0306 	0.0273995 	0.692239 	0.00219676 	
5.725	2.0612 	-0.0446463 	11.2095 	0.0412674 	0.787403 	-0.00228343 	
5.73	1.22144 	0.136536 	11.067 	0.0284596 	0.703036 	-0.00675133 	
5.735	0.712597 	0.248823 	10.9864 	0.0201245 	0.653726 	-0.00771138 	
5.74	0.465268 	0.259593 	10.9152 	0.018568 	0.625571 	-0.00392042 	
5.745	0.726431 	0.202638 	10.959 	0.0230862 	0.653792 	-0.00487437 	
5.75	1.48775 	0.0617531 	11.122 	0.034111 	0.738738 	-0.00621908 	
5.755	1.50329 	0.0445209 	11.1124 	0.0355613 	0.739397 	-0.00667305 	
5.76	1.17843 	0.0961695 	11.034 	0.0313678 	0.703266 	-0.00556872 	
5.765	0.927063 	0.145239 	10.9654 	0.0276872 	0.674075 	-0.00642008 	
5.77	0.998029 	0.131461 	10.9743 	0.0288107 	0.681617 	-0.00694361 	
5.775	1.04036 	0.078481 	11.0035 	0.0319245 	0.69052 	-0.000545801 	
5.78	0.947303 	0.0915108 	10.9662 	0.031331 	0.677952 	-0.00262085 	
5.785	0.944333 	0.076342 	10.9505 	0.0327277 	0.675984 	-0.00345068 	
5.79	1.16285 	0.03576 	10.9934 	0.0360019 	0.699896 	-0.00439638 	
5.795	1.4098 	-0.00685382 	11.0453 	0.0394037 	0.727289 	-0.00527357 	
5.8	1.71722 	-0.0548551 	11.1148 	0.0431816 	0.76193 	-0.0061191 	
5.805	0.907906 	0.136147 	10.9058 	0.0286045 	0.667641 	-0.00890907 	
5.81	0.415956 	0.189164 	10.7746 	0.0247373 	0.610376 	-0.00838778 	
5.815	1.11316 	0.0740282 	10.9439 	0.0335901 	0.690316 	-0.00888911 	
5.82	0.372113 	0.228239 	10.7631 	0.0215045 	0.605992 	-0.00851654 	
5.825	0.925644 	0.12994 	10.9039 	0.0291357 	0.670161 	-0.00880477 	
5.83	1.03472 	0.0782974 	10.9132 	0.0333477 	0.680177 	-0.00887479 	
5.835	1.35387 	0.0264692 	10.9926 	0.0373402 	0.717026 	-0.00913659 	
5.84	1.01972 	0.27069 	11.0382 	0.0177879 	0.696965 	-0.0101878 	
5.845	4.71457 	-1.42974 	11.2666 	0.153797 	1.02559 	-0.0119673 	
5.85	2.81545 	-0.751082 	11.0188 	0.099534 	0.838565 	-0.00965389 	
5.855	2.06153 	-0.561196 	10.882 	0.084904 	0.759555 	-0.00979486 	
5.86	1.41735 	-0.384758 	10.7704 	0.071333 	0.692773 	-0.00969115 	
5.865	0.863675 	-0.227938 	10.6762 	0.0592415 	0.63567 	-0.0095071 	
5.87	0.388767 	-0.0828873 	10.5978 	0.047849 	0.586961 	-0.0089403 	
5.875	8.28726 	-0.453611 	13.6403 	0.0757752 	1.65427 	-0.0153413 	
5.88	5.04371 	-0.213293 	12.4843 	0.0573344 	1.23024 	-0.0126288 	
5.885	4.38544 	-0.156854 	12.2369 	0.0529234 	1.14198 	-0.0125816 	
5.89	4.3979 	-0.206654 	12.1695 	0.056562 	1.13269 	-0.0122727 	
5.895	3.54258 	-0.150229 	11.8745 	0.0522936 	1.02242 	-0.0112881 	
5.9	2.61029 	-0.0457883 	11.5767 	0.04408 	0.905294 	-0.0101757 	
5.905	1.84688 	0.0592273 	11.3347 	0.0356617 	0.810062 	-0.00916147 	
5.91	1.22188 	0.122602 	11.1148 	0.0304715 	0.72872 	-0.00803583 	
5.915	0.674461 	0.187669 	10.9369 	0.0253115 	0.659925 	-0.00734681 	
5.92	0.210821 	0.241358 	10.7828 	0.0210281 	0.601203 	-0.00672781 	
5.925	-0.191621 	0.289944 	10.6516 	0.0172259 	0.550775 	-0.00641595 	
5.93	-0.472476 	0.30746 	10.5597 	0.0158819 	0.515408 	-0.00568406 	
5.935	-0.728481 	0.340171 	10.4808 	0.013655 	0.484553 	-0.00666114 	
5.94	-0.447116 	0.296286 	10.5451 	0.0169873 	0.516192 	-0.00691335 	
5.945	3.1794 	-0.286758 	11.3622 	0.0593614 	0.918229 	-0.00311518 	
5.95	1.57217 	-0.054538 	10.9628 	0.0423651 	0.734518 	-0.0039354 	
5.955	1.0157 	0.0114416 	10.7774 	0.0366498 	0.663894 	-0.00219993 	
5.96	0.517842 	0.0847969 	10.6382 	0.0310021 	0.60498 	-0.00167529 	
5.965	0.096514 	0.138639 	10.5312 	0.0272771 	0.556713 	-0.00231136 	
5.97	-0.224122 	0.243974 	10.4697 	0.0199485 	0.52329 	-0.0063796 	
5.975	-0.576675 	0.291362 	10.3716 	0.016156 	0.481944 	-0.0052222 	
5.98	-0.848339 	0.312306 	10.2935 	0.0133411 	0.449959 	0.000736555 	
5.985	-1.00117 	0.321333 	10.2508 	0.0134474 	0.432088 	-0.00134145 	
5.99	-0.312161 	0.833496 	10.4611 	-0.0292274 	0.524479 	-0.00416954 	
5.995	0.25268 	0.620526 	10.5505 	-0.0122245 	0.579051 	-0.0127668 	
6	0.536959 	0.512078 	10.6539 	-0.00318812 	0.615806 	-0.011109 	
6.005	0.392312 	0.696565 	10.7605 	-0.0188971 	0.618995 	-0.0124472 	
6.01	0.192038 	0.669272 	10.691 	-0.0162235 	0.592377 	-0.00992739 	
6.015	0.131269 	1.29193 	11.6314 	-0.0628571 	0.710259 	-0.00803557 	
6.02	0.414873 	1.45536 	11.4193 	-0.0747367 	0.713434 	-0.0092866 	
6.025	0.837079 	1.09371 	11.4142 	-0.0465384 	0.744514 	-0.00949989 	
6.03	1.14054 	0.896822 	11.407 	-0.0310342 	0.767508 	-0.00971404 	
6.035	1.48118 	0.700609 	11.4041 	-0.0156419 	0.794202 	-0.0098731 	
6.04	1.67283 	0.566836 	11.3976 	-0.00509565 	0.80839 	-0.0100194 	
6.045	1.50569 	0.56569 	11.3815 	-0.00466185 	0.792391 	-0.0103773 	
6.05	1.40333 	0.55191 	11.3699 	-0.00328391 	0.782337 	-0.0107592 	
6.055	1.69045 	0.41056 	11.3703 	0.00769863 	0.805372 	-0.0107405 	
6.06	1.57451 	0.414207 	11.3606 	0.00767566 	0.794546 	-0.01106 	
6.065	1.85733 	0.286095 	11.3627 	0.0175159 	0.817408 	-0.0107313 	
6.07	1.99678 	0.210056 	11.3611 	0.0234755 	0.828394 	-0.0108169 	
6.075	1.93877 	0.170967 	11.3177 	0.0268271 	0.818067 	-0.0114591 	
6.08	1.15316 	0.249852 	11.06 	0.0205388 	0.719596 	-0.00968553 	
6.085	0.628279 	0.299752 	10.8832 	0.0165846 	0.65329 	-0.00880522 	
6.09	0.189728 	0.333682 	10.7323 	0.0139053 	0.597533 	-0.00783438 	
6.095	1.18517 	2.02993 	12.9105 	-0.118267 	0.981798 	-0.00952423 	
6.1	0.455035 	1.3767 	11.9627 	-0.0668354 	0.790866 	-0.00882579 	
6.105	0.011 	1.24319 	11.6342 	-0.0567044 	0.710014 	-0.00720683 	
6.11	-0.277613 	1.13354 	11.3892 	-0.0482036 	0.653293 	-0.00692683 	
6.115	-0.549328 	1.03531 	11.1669 	-0.0405823 	0.601044 	-0.00650524 	
6.12	-0.0387168 	1.33182 	11.5044 	-0.0628834 	0.696646 	-0.010336 	
6.125	0.468362 	1.49722 	11.7886 	-0.074347 	0.775687 	-0.0153737 	
6.13	0.461163 	1.30234 	11.6549 	-0.0599926 	0.755775 	-0.0141999 	
6.135	0.563569 	1.22345 	11.6145 	-0.0541742 	0.758069 	-0.0157614 	
6.14	0.150674 	0.782806 	11.1033 	-0.0188265 	0.652784 	-0.0142067 	
6.145	1.12053 	0.230284 	11.0407 	0.0253636 	0.722286 	-0.0185714 	
6.15	0.967847 	0.365046 	10.8668 	0.00895317 	0.682538 	-0.00371098 	
6.155	1.41997 	0.156303 	10.8056 	0.0242884 	0.707275 	-0.00290718 	
6.16	1.74124 	0.0680022 	10.9107 	0.032065 	0.748107 	-0.00389405 	
6.165	3.03937 	0.239625 	11.7342 	0.0192043 	0.966723 	-0.0055595 	
6.17	1.81185 	0.270714 	11.2373 	0.0171973 	0.800058 	-0.00515722 	
6.175	1.17429 	0.314046 	11.0281 	0.0144256 	0.720797 	-0.0057965 	
6.18	0.645052 	0.344786 	10.838 	0.0122361 	0.65243 	-0.00553594 	
6.185	0.190812 	0.371902 	10.6763 	0.0103476 	0.594092 	-0.00544973 	
6.19	-0.196798 	0.395202 	10.537 	0.00872075 	0.544238 	-0.00537781 	
6.195	-0.162761 	0.389512 	10.5939 	0.00675908 	0.555433 	0.00837851 	
6.2	0.0613968 	0.0726444 	10.3823 	0.0302471 	0.542379 	0.0125802 	
6.205	0.16454 	0.439071 	10.5902 	0.00400124 	0.58154 	0.00116726 	
6.21	1.09326 	-0.0935645 	10.561 	0.0469355 	0.654456 	-0.0041811 	
6.215	0.312479 	0.0256708 	10.3764 	0.0374607 	0.565324 	-0.00171065 	
6.22	0.236529 	0.0502821 	10.3292 	0.0341253 	0.551136 	0.00292127 	
6.225	3.21182 	-0.353711 	11.172 	0.0636705 	0.902625 	0.0027873 	
6.23	2.15275 	-0.0494154 	11.002 	0.0409082 	0.795743 	-0.000463409 	
6.235	1.92946 	-0.0429511 	10.6853 	0.0360322 	0.727573 	0.0145437 	
6.24	1.47431 	0.11441 	10.8245 	0.0242597 	0.715541 	0.0209431 	
6.245	1.28689 	0.271635 	10.8724 	0.0132066 	0.707957 	0.0137517 	
6.25	1.12278 	0.185272 	10.734 	0.0220128 	0.675289 	0.00980694 	
6.255	1.07979 	0.212309 	10.7706 	0.0209346 	0.677901 	0.00753971 	
6.26	0.973208 	0.139883 	10.6849 	0.0285277 	0.657738 	0.00558995 	
6.265	0.790901 	0.31688 	10.7935 	0.0133261 	0.660237 	0.00480439 	
6.27	0.555111 	0.210466 	10.5863 	0.0190847 	0.6104 	0.0150912 	
6.275	0.088094 	0.25635 	10.4675 	0.0170917 	0.557809 	0.010032 	
6.28	0.223657 	0.375617 	10.5958 	0.00866903 	0.587492 	0.00509542 	
6.285	2.632 	-0.0238528 	11.2317 	0.0380717 	0.865035 	0.00553142 	
6.29	1.36167 	0.10473 	10.861 	0.0293567 	0.713576 	0.00393871 	
6.295	0.847921 	0.137665 	10.7037 	0.0274381 	0.651324 	0.00280618 	
6.3	0.910139 	0.0939227 	10.693 	0.0308333 	0.654672 	0.00453004 	
6.305	1.04024 	0.105193 	10.782 	0.0308315 	0.67798 	0.00138451 	
6.31	1.11916 	0.112269 	10.8424 	0.0307855 	0.693009 	-0.00059844 	
6.315	1.0885 	0.165225 	10.889 	0.0270319 	0.697518 	-0.0022348 	
6.32	1.08134 	0.199804 	10.9278 	0.0246806 	0.702768 	-0.00362142 	
6.325	1.07504 	0.229209 	10.9608 	0.0226819 	0.707244 	-0.00478871 	
6.33	0.880596 	0.268494 	10.87 	0.0205027 	0.679316 	-0.00716825 	
6.335	0.810402 	0.315418 	10.8824 	0.0170699 	0.676367 	-0.00669112 	
6.34	0.763256 	0.354939 	10.8922 	0.0141827 	0.674703 	-0.00686914 	
6.345	0.736926 	0.392284 	10.9094 	0.011386 	0.675681 	-0.00712813 	
6.35	0.620399 	0.440147 	10.8864 	0.00791115 	0.66371 	-0.00777109 	
6.355	0.547848 	0.481991 	10.8802 	0.00480473 	0.657589 	-0.00837839 	
6.36	0.488588 	0.518827 	10.8766 	0.00205854 	0.652858 	-0.00897487 	
6.365	0.439661 	0.550919 	10.8741 	-0.000346181 	0.649079 	-0.0095342 	
6.37	0.687049 	0.458331 	10.9294 	0.00690699 	0.676294 	-0.00999755 	
6.375	0.840758 	0.406251 	10.9687 	0.0110434 	0.693995 	-0.0105828 	
6.38	0.97046 	0.358956 	10.9989 	0.0147722 	0.708523 	-0.0109772 	
6.385	1.07962 	0.317365 	11.0219 	0.0180676 	0.720451 	-0.0112461 	
6.39	0.159501 	0.323127 	10.9246 	0.0166421 	0.640233 	-0.00744778 	
6.395	0.149545 	0.21489 	10.6694 	0.0214317 	0.599443 	0.00165816 	
6.4	0.512371 	0.435845 	11.0427 	0.00745282 	0.680158 	-0.00416128 	
6.405	0.717774 	0.517089 	11.1974 	0.00251605 	0.717711 	-0.00630088 	
6.41	0.796698 	0.243018 	10.9282 	0.0208399 	0.685147 	0.00284545 	
6.415	0.23119 	0.238103 	10.6706 	0.0211652 	0.604744 	0.00310799 	
6.42	0.599855 	0.268048 	10.8981 	0.0187598 	0.66536 	-0.00141453 	
6.425	0.940488 	0.180421 	10.9491 	0.0260582 	0.699743 	-0.00309414 	
6.43	1.20848 	0.122006 	11.005 	0.0308879 	0.728855 	-0.00471574 	
6.435	1.41778 	0.0785494 	11.0511 	0.0345229 	0.751907 	-0.00608368 	
6.44	1.26818 	0.0378252 	10.9306 	0.0366831 	0.722547 	-0.00203225 	
6.445	0.640427 	0.0738688 	10.6841 	0.0341498 	0.638971 	-0.0018838 	
6.45	0.834896 	-0.0447365 	10.6349 	0.0417616 	0.646541 	0.00353446 	
6.455	0.250011 	0.0247965 	10.4439 	0.0371338 	0.574516 	0.00175781 	
6.46	0.888812 	-0.0429711 	10.6605 	0.0426755 	0.655479 	-0.000756379 	
6.465	1.00925 	-0.0176058 	10.7432 	0.0412885 	0.67667 	-0.00307782 	
6.47	1.29622 	-0.0573707 	10.8314 	0.0446546 	0.711905 	-0.00462478 	
6.475	1.18906 	-0.124168 	10.6917 	0.0477385 	0.682935 	0.00238238 	
6.48	1.10701 	-0.103443 	10.6775 	0.0460561 	0.674293 	0.00301647 	
6.485	1.1187 	-0.185471 	10.583 	0.051347 	0.66162 	0.00747944 	
6.49	1.02145 	-0.12171 	10.6054 	0.0472008 	0.657455 	0.00557445 	
6.495	0.957811 	-0.0907716 	10.6075 	0.0450818 	0.652923 	0.00506098 	
6.5	0.903125 	-0.064112 	10.6092 	0.0432321 	0.649048 	0.00459693 	
6.505	0.858193 	-0.0418646 	10.6098 	0.0416852 	0.64571 	0.00421485 	
6.51	0.2794 	0.0132713 	10.3948 	0.0378687 	0.57068 	0.0027091 	
6.515	0.251575 	-0.0140004 	10.363 	0.040706 	0.563585 	-0.000327556 	
6.52	3.44095 	-0.416539 	11.3587 	0.0698112 	0.951859 	-4.58589e-05 	
6.525	2.03828 	-0.528504 	10.6728 	0.07931 	0.745958 	0.00105986 	
6.53	1.33879 	-0.300352 	10.5441 	0.0621106 	0.674061 	-0.000454457 	
6.535	0.795339 	-0.218577 	10.3798 	0.0557121 	0.60889 	0.000876136 	
6.54	0.311043 	-0.0953784 	10.2574 	0.0465885 	0.554515 	-0.000553832 	
6.545	1.20764 	-0.227066 	10.5156 	0.0554164 	0.659594 	0.00312186 	
6.55	0.672975 	-0.165177 	10.3878 	0.0521886 	0.600323 	0.00135142 	
6.555	0.699052 	-0.142298 	10.4511 	0.0512717 	0.611908 	-0.00114896 	
6.56	1.08642 	-0.165077 	10.6008 	0.0531436 	0.663758 	-0.0030118 	
6.565	0.477959 	-0.188445 	10.2804 	0.0540668 	0.569866 	0.000499182 	
6.57	2.69364 	-0.380956 	11.0985 	0.0692155 	0.85884 	-0.00475274 	
6.575	1.95725 	-0.247815 	10.9282 	0.0604821 	0.778037 	-0.00678589 	
6.58	1.60225 	-0.247096 	10.7874 	0.0620692 	0.731769 	-0.011338 	
6.585	2.24625 	-0.207045 	11.0838 	0.0577734 	0.823922 	-0.00921159 	
6.59	2.25567 	-0.21773 	11.0846 	0.0587803 	0.824973 	-0.010265 	
6.595	2.32166 	-0.185671 	11.1416 	0.0561896 	0.838174 	-0.010494 	
6.6	2.39071 	-0.198607 	11.1631 	0.0572278 	0.846803 	-0.0110391 	
6.605	2.06054 	0.0137241 	11.1557 	0.0414113 	0.821443 	-0.00932953 	
6.61	2.19709 	-0.0389476 	11.1967 	0.0454584 	0.83777 	-0.0109103 	
6.615	2.29273 	-0.0714627 	11.2128 	0.0478699 	0.84741 	-0.011248 	
6.62	2.36514 	-0.0941411 	11.2287 	0.0495682 	0.855257 	-0.0116356 	
6.625	2.42674 	-0.113588 	11.2421 	0.0510242 	0.861919 	-0.0119646 	
6.63	2.47951 	-0.130122 	11.2537 	0.0522626 	0.867634 	-0.0122482 	
6.635	2.52451 	-0.144257 	11.2636 	0.0533214 	0.872504 	-0.0124901 	
6.64	2.56238 	-0.156177 	11.2719 	0.0542141 	0.876604 	-0.0126963 	
6.645	2.29084 	-0.0879415 	11.2322 	0.0498518 	0.849639 	-0.0148072 	
6.65	2.24033 	-0.0725593 	11.2313 	0.0487276 	0.845165 	-0.0141569 	
6.655	2.06969 	0.0894424 	11.2087 	0.0371995 	0.830636 	-0.0151124 	
6.66	2.10601 	0.0286283 	11.2224 	0.0415792 	0.834536 	-0.0145483 	
6.665	2.0857 	0.0173006 	11.2233 	0.0424384 	0.832633 	-0.0146457 	
6.67	1.95128 	0.03036 	11.2108 	0.041506 	0.819601 	-0.0145163 	
6.675	1.85803 	0.0383195 	11.2042 	0.0409376 	0.810906 	-0.0142874 	
6.68	1.89487 	0.025437 	11.2044 	0.0417582 	0.813442 	-0.0140036 	
6.685	2.09842 	-0.0750024 	10.9124 	0.0478653 	0.78362 	-0.00561551 	
6.69	1.76608 	-0.0501997 	10.9333 	0.0463819 	0.760777 	-0.00767822 	
6.695	1.39946 	0.0323625 	10.8675 	0.0399767 	0.722945 	-0.00741903 	
6.7	1.53559 	0.0138775 	10.9452 	0.0416091 	0.745188 	-0.00856479 	
6.705	1.43178 	0.0344635 	10.955 	0.0401771 	0.738385 	-0.00875692 	
6.71	1.65538 	0.0256986 	10.9916 	0.0407526 	0.761611 	-0.0112918 	
6.715	1.7558 	-0.00205376 	11.04 	0.0429217 	0.776929 	-0.011495 	
6.72	1.83572 	-0.0194203 	11.0737 	0.0442693 	0.788382 	-0.0119693 	
6.725	1.93581 	-0.000159793 	11.0869 	0.0428285 	0.798413 	-0.0148206 	
6.73	2.06647 	-0.0804763 	11.0215 	0.0485804 	0.798188 	-0.0101829 	
6.735	2.201 	-0.0810545 	10.9343 	0.0480054 	0.795023 	-0.0114768 	
6.74	2.01139 	-0.0577312 	10.9903 	0.0467957 	0.788671 	-0.0115107 	
6.745	2.65416 	0.00165561 	11.3273 	0.0417944 	0.887872 	-0.0135855 	
6.75	2.97712 	-0.125068 	11.3678 	0.0518361 	0.91971 	-0.0151961 	
6.755	2.8675 	-0.124559 	11.3407 	0.0517438 	0.907763 	-0.0146668 	
6.76	2.85345 	-0.139093 	11.337 	0.0528555 	0.906583 	-0.014583 	
6.765	2.84162 	-0.15151 	11.3338 	0.0538046 	0.90559 	-0.0145122 	
6.77	2.83169 	-0.162116 	11.3312 	0.0546151 	0.904757 	-0.0144527 	
6.775	2.82305 	-0.171185 	11.3289 	0.0553087 	0.904022 	-0.0144011 	
6.78	2.60529 	-0.118733 	11.2747 	0.051114 	0.87915 	-0.0138994 	
6.785	2.67144 	-0.146058 	11.291 	0.0532672 	0.886954 	-0.0140211 	
6.79	2.68616 	-0.157458 	11.2945 	0.0541572 	0.8888 	-0.0140334 	
6.795	2.69869 	-0.167188 	11.2975 	0.0549172 	0.89037 	-0.014044 	
6.8	2.70942 	-0.175514 	11.3 	0.0555679 	0.89171 	-0.0140532 	
6.805	2.71852 	-0.182615 	11.3022 	0.0561233 	0.892845 	-0.0140611 	
6.81	2.72318 	-0.188336 	11.3036 	0.0565766 	0.893499 	-0.0140614 	
6.815	2.63759 	-0.181781 	11.2949 	0.0562337 	0.885276 	-0.0138849 	
6.82	2.67575 	-0.190346 	11.2999 	0.0568442 	0.889159 	-0.0139539 	
6.825	2.68975 	-0.195297 	11.302 	0.0572159 	0.89065 	-0.0139766 	
6.83	2.70179 	-0.199539 	11.3038 	0.0575347 	0.891926 	-0.0139962 	
6.835	2.71193 	-0.203146 	11.3054 	0.0578064 	0.893 	-0.0140129 	
6.84	2.72065 	-0.206232 	11.3067 	0.0580392 	0.893918 	-0.0140274 	
6.845	2.72801 	-0.208862 	11.3078 	0.058238 	0.894691 	-0.0140398 	
6.85	2.7343 	-0.211112 	11.3087 	0.0584086 	0.895348 	-0.0140505 	
6.855	2.73968 	-0.21304 	11.3095 	0.0585552 	0.895906 	-0.0140597 	
6.86	2.74428 	-0.21469 	11.3101 	0.058681 	0.896381 	-0.0140677 	
6.865	2.74815 	-0.216094 	11.3107 	0.0587885 	0.896775 	-0.0140746 	
6.87	2.75146 	-0.217297 	11.3111 	0.0588811 	0.897109 	-0.0140806 	
6.875	2.75427 	-0.218325 	11.3115 	0.0589605 	0.897389 	-0.0140858 	
6.88	2.75673 	-0.219232 	11.3118 	0.059031 	0.897629 	-0.0140902 	
6.885	2.75877 	-0.219983 	11.3121 	0.0590898 	0.897826 	-0.0140942 	
6.89	2.76054 	-0.220633 	11.3123 	0.0591412 	0.897992 	-0.0140979 	
6.895	2.76224 	-0.221134 	11.3126 	0.05918 	0.898158 	-0.0141018 	
6.9	2.76335 	-0.221618 	11.3127 	0.059219 	0.898252 	-0.0141037 	
