0	-0.0104961 	-0.000607109 	-1.74306 	0.26553 	0.164412 	-0.206081 	
0.005	-0.0105905 	-0.000580041 	-1.74311 	0.265534 	0.164411 	-0.206829 	
0.01	-0.0104538 	-0.00065755 	-1.74308 	0.265638 	0.164694 	-0.207573 	
0.015	-0.010465 	-0.000673202 	-1.74304 	0.265602 	0.164614 	-0.206783 	
0.02	-0.0104346 	-0.000732962 	-1.74305 	0.26567 	0.164841 	-0.206119 	
0.025	-0.0103704 	-0.000830037 	-1.74308 	0.26582 	0.165314 	-0.205554 	
0.03	-0.0104229 	-0.000835631 	-1.74296 	0.265687 	0.164898 	-0.206104 	
0.035	-0.010425 	-0.000893222 	-1.74289 	0.265676 	0.164857 	-0.206511 	
0.04	-0.0103866 	-0.000994325 	-1.74286 	0.265764 	0.165116 	-0.206805 	
0.045	-0.0103158 	-0.0011322 	-1.74286 	0.265931 	0.165613 	-0.207006 	
0.05	-0.0103591 	-0.00118476 	-1.74271 	0.265811 	0.165269 	-0.206322 	
0.055	-0.0103534 	-0.00128763 	-1.74262 	0.265811 	0.165284 	-0.205743 	
0.06	-0.0103085 	-0.00143265 	-1.74255 	0.265907 	0.165588 	-0.205247 	
0.065	-0.0102322 	-0.00161337 	-1.74252 	0.266081 	0.166122 	-0.204818 	
0.07	-0.0102643 	-0.00171044 	-1.74235 	0.265988 	0.165836 	-0.205492 	
0.075	-0.0102493 	-0.00185661 	-1.74222 	0.26601 	0.165899 	-0.205999 	
0.08	-0.0101967 	-0.00204399 	-1.74212 	0.266124 	0.166241 	-0.206372 	
0.085	-0.0101138 	-0.00226629 	-1.74205 	0.266312 	0.166806 	-0.206639 	
0.09	-0.0101367 	-0.00240996 	-1.74185 	0.266233 	0.16659 	-0.205578 	
0.095	-0.010114 	-0.00260108 	-1.7417 	0.266266 	0.166708 	-0.204697 	
0.1	-0.0100549 	-0.00283207 	-1.74157 	0.266389 	0.167094 	-0.203961 	
0.105	-0.0100353 	-0.0030381 	-1.74139 	0.266416 	0.167178 	-0.204526 	
0.11	-0.00997841 	-0.00328486 	-1.74124 	0.266533 	0.167536 	-0.204946 	
0.115	-0.00989169 	-0.00356615 	-1.74112 	0.266722 	0.168114 	-0.205251 	
0.12	-0.00978101 	-0.00387705 	-1.74101 	0.26697 	0.168867 	-0.205463 	
0.125	-0.00982575 	-0.00406627 	-1.74071 	0.266831 	0.168468 	-0.20442 	
0.13	-0.00982006 	-0.00430721 	-1.74047 	0.266816 	0.168439 	-0.203553 	
0.135	-0.00977402 	-0.00459139 	-1.74026 	0.266899 	0.168707 	-0.202829 	
0.14	-0.00969562 	-0.00491209 	-1.74007 	0.267063 	0.169212 	-0.202219 	
0.145	-0.00964319 	-0.00522045 	-1.73985 	0.267159 	0.169525 	-0.202983 	
0.15	-0.00955955 	-0.00556432 	-1.73966 	0.267333 	0.170065 	-0.203564 	
0.155	-0.00945088 	-0.00593855 	-1.73948 	0.267568 	0.170788 	-0.203997 	
0.16	-0.00944554 	-0.00623413 	-1.73917 	0.267546 	0.170742 	-0.202952 	
0.165	-0.00939937 	-0.0065734 	-1.7389 	0.267624 	0.170996 	-0.202084 	
0.17	-0.00932052 	-0.00694951 	-1.73866 	0.267783 	0.171489 	-0.201359 	
0.175	-0.00921546 	-0.00735704 	-1.73844 	0.268005 	0.172173 	-0.200748 	
0.18	-0.00918703 	-0.00771052 	-1.73812 	0.268033 	0.1723 	-0.201311 	
0.185	-0.00912219 	-0.00810364 	-1.73783 	0.26815 	0.172692 	-0.201731 	
0.19	-0.00902819 	-0.00853039 	-1.73757 	0.26834 	0.173295 	-0.202036 	
0.195	-0.00897716 	-0.00892873 	-1.73725 	0.268425 	0.173572 	-0.201035 	
0.2	-0.0088941 	-0.00936334 	-1.73695 	0.268588 	0.174083 	-0.200204 	
0.205	-0.00878538 	-0.00982887 	-1.73667 	0.268815 	0.174782 	-0.199508 	
0.21	-0.0086561 	-0.0103211 	-1.73641 	0.269092 	0.175629 	-0.19892 	
0.215	-0.00864564 	-0.0107244 	-1.73601 	0.269065 	0.17562 	-0.19928 	
0.22	-0.00859486 	-0.0111704 	-1.73564 	0.269139 	0.175901 	-0.199536 	
0.225	-0.00851182 	-0.0116524 	-1.73529 	0.269293 	0.176415 	-0.199711 	
0.23	-0.00840294 	-0.0121651 	-1.73497 	0.269513 	0.177115 	-0.19982 	
0.235	-0.00832509 	-0.0126592 	-1.7346 	0.269657 	0.177578 	-0.198486 	
0.24	-0.00822029 	-0.0131853 	-1.73425 	0.269867 	0.178236 	-0.197389 	
0.245	-0.00809392 	-0.0137388 	-1.73391 	0.270131 	0.17905 	-0.19648 	
0.25	-0.00804214 	-0.0142414 	-1.73349 	0.270199 	0.179339 	-0.196781 	
0.255	-0.00795811 	-0.0147796 	-1.73309 	0.270349 	0.179858 	-0.19699 	
0.26	-0.00784829 	-0.0153483 	-1.73271 	0.270564 	0.180561 	-0.197128 	
0.265	-0.00771781 	-0.0159431 	-1.73234 	0.270832 	0.18141 	-0.197207 	
0.27	-0.00765743 	-0.0164872 	-1.73188 	0.270923 	0.181746 	-0.195836 	
0.275	-0.00756646 	-0.0170658 	-1.73145 	0.27109 	0.182302 	-0.194708 	
0.28	-0.00745102 	-0.017674 	-1.73104 	0.27132 	0.183033 	-0.193776 	
0.285	-0.00731601 	-0.0183076 	-1.73063 	0.271599 	0.183903 	-0.193 	
0.29	-0.00724862 	-0.018898 	-1.73015 	0.271694 	0.184316 	-0.193516 	
0.295	-0.00715202 	-0.019521 	-1.72969 	0.271865 	0.184932 	-0.193899 	
0.3	-0.00703206 	-0.0201717 	-1.72925 	0.272098 	0.18571 	-0.194175 	
0.305	-0.00693634 	-0.020809 	-1.72876 	0.272271 	0.186301 	-0.192854 	
0.31	-0.00681709 	-0.0214747 	-1.7283 	0.272505 	0.187058 	-0.191766 	
0.315	-0.00667902 	-0.0221649 	-1.72784 	0.272787 	0.187948 	-0.190866 	
0.32	-0.00652591 	-0.0228766 	-1.72739 	0.273108 	0.188944 	-0.190115 	
0.325	-0.00636077 	-0.0236072 	-1.72694 	0.273459 	0.190023 	-0.189485 	
0.33	-0.00634383 	-0.0242316 	-1.72633 	0.273408 	0.190109 	-0.189881 	
0.335	-0.0062876 	-0.0248957 	-1.72576 	0.273462 	0.19046 	-0.190167 	
0.34	-0.00620002 	-0.0255933 	-1.72521 	0.273599 	0.191023 	-0.190366 	
0.345	-0.00604121 	-0.0263544 	-1.72472 	0.273931 	0.192061 	-0.188988 	
0.35	-0.00587163 	-0.0271332 	-1.72422 	0.274291 	0.193172 	-0.187855 	
0.355	-0.00569344 	-0.0279278 	-1.72373 	0.274674 	0.194342 	-0.186918 	
0.36	-0.00550839 	-0.0287369 	-1.72323 	0.275074 	0.195559 	-0.186139 	
0.365	-0.00549714 	-0.0294211 	-1.72256 	0.274997 	0.195629 	-0.186306 	
0.37	-0.00544564 	-0.0301449 	-1.72193 	0.275029 	0.195966 	-0.18641 	
0.375	-0.00536203 	-0.030902 	-1.72131 	0.275149 	0.196515 	-0.186463 	
0.38	-0.00518216 	-0.0317442 	-1.72077 	0.27553 	0.197712 	-0.185186 	
0.385	-0.00499597 	-0.0325996 	-1.72023 	0.275928 	0.198949 	-0.184135 	
0.39	-0.00480476 	-0.0334673 	-1.71968 	0.276341 	0.200216 	-0.183263 	
0.395	-0.00460958 	-0.0343466 	-1.71913 	0.276765 	0.201508 	-0.182536 	
0.4	-0.00441129 	-0.0352367 	-1.71857 	0.277198 	0.202818 	-0.181923 	
0.405	-0.00445458 	-0.0359532 	-1.71779 	0.276954 	0.202576 	-0.181868 	
0.41	-0.00444701 	-0.0367159 	-1.71704 	0.276853 	0.202659 	-0.181794 	
0.415	-0.0043989 	-0.0375172 	-1.71632 	0.276866 	0.203002 	-0.181704 	
0.42	-0.00415588 	-0.0384803 	-1.71577 	0.277414 	0.204635 	-0.180461 	
0.425	-0.00391962 	-0.0394458 	-1.7152 	0.277946 	0.206216 	-0.179436 	
0.43	-0.0036888 	-0.0404146 	-1.71461 	0.278465 	0.207754 	-0.178586 	
0.435	-0.00346243 	-0.0413879 	-1.71401 	0.278974 	0.209259 	-0.177875 	
0.44	-0.00350402 	-0.0421691 	-1.71318 	0.278722 	0.209072 	-0.177593 	
0.445	-0.00349556 	-0.0429948 	-1.71238 	0.278614 	0.209197 	-0.177338 	
0.45	-0.00344722 	-0.0438576 	-1.7116 	0.278621 	0.209569 	-0.177104 	
0.455	-0.00319633 	-0.0448898 	-1.71099 	0.279185 	0.211276 	-0.175959 	
0.46	-0.00295431 	-0.0459214 	-1.71036 	0.27973 	0.212913 	-0.175013 	
0.465	-0.00271944 	-0.0469542 	-1.70971 	0.280258 	0.214493 	-0.174225 	
0.47	-0.0024904 	-0.0479893 	-1.70905 	0.280774 	0.216026 	-0.173565 	
0.475	-0.00252486 	-0.04884 	-1.70817 	0.280528 	0.215942 	-0.173037 	
0.48	-0.0025113 	-0.0497318 	-1.70732 	0.280423 	0.216145 	-0.172585 	
0.485	-0.0024595 	-0.0506582 	-1.70648 	0.280433 	0.216576 	-0.172193 	
0.49	-0.00220413 	-0.0517552 	-1.70581 	0.281007 	0.218336 	-0.171144 	
0.495	-0.00195921 	-0.0528492 	-1.70512 	0.281559 	0.220011 	-0.170275 	
0.5	-0.00172271 	-0.0539423 	-1.70442 	0.282093 	0.221617 	-0.169548 	
0.505	-0.00149307 	-0.0550362 	-1.70369 	0.282612 	0.223167 	-0.168936 	
0.51	-0.00152026 	-0.0559564 	-1.70276 	0.28237 	0.223198 	-0.168174 	
0.515	-0.00150161 	-0.0569143 	-1.70186 	0.282269 	0.223487 	-0.167534 	
0.52	-0.0014465 	-0.0579035 	-1.70098 	0.28228 	0.223984 	-0.166991 	
0.525	-0.00136235 	-0.0589194 	-1.7001 	0.282381 	0.224645 	-0.166527 	
0.53	-0.001051 	-0.0601322 	-1.69941 	0.283106 	0.226811 	-0.165356 	
0.535	-0.00076223 	-0.0613306 	-1.69869 	0.283777 	0.228806 	-0.164388 	
0.54	-0.000491582 	-0.0625188 	-1.69793 	0.284406 	0.230662 	-0.163583 	
0.545	-0.000495159 	-0.0635108 	-1.69697 	0.284235 	0.230859 	-0.162893 	
0.55	-0.000458512 	-0.0645358 	-1.69602 	0.284189 	0.231277 	-0.162311 	
0.555	-0.000389902 	-0.0655885 	-1.69509 	0.284245 	0.231871 	-0.161815 	
0.56	-0.000295857 	-0.0666648 	-1.69417 	0.284381 	0.232605 	-0.161387 	
0.565	-1.36667e-05 	-0.0679249 	-1.6934 	0.285002 	0.234682 	-0.160026 	
0.57	0.000250807 	-0.0691705 	-1.6926 	0.285589 	0.2366 	-0.158906 	
0.575	0.000501031 	-0.0704058 	-1.69177 	0.286151 	0.238389 	-0.157979 	
0.58	0.000739669 	-0.071634 	-1.69092 	0.286691 	0.240076 	-0.157207 	
0.585	0.000687645 	-0.0726515 	-1.68987 	0.286377 	0.240022 	-0.156576 	
0.59	0.000684465 	-0.0737074 	-1.68883 	0.286217 	0.240233 	-0.156041 	
0.595	0.00072012 	-0.074795 	-1.68781 	0.28618 	0.240656 	-0.155583 	
0.6	0.00100398 	-0.0761103 	-1.68698 	0.286815 	0.242757 	-0.154338 	
0.605	0.00126871 	-0.077409 	-1.68611 	0.287413 	0.244689 	-0.153311 	
0.61	0.00151807 	-0.0786955 	-1.68523 	0.287982 	0.246484 	-0.152459 	
0.615	0.00175492 	-0.0799735 	-1.68432 	0.288528 	0.24817 	-0.151746 	
0.62	0.00171163 	-0.0810632 	-1.68322 	0.288215 	0.248285 	-0.150854 	
0.625	0.0017143 	-0.0821853 	-1.68214 	0.288055 	0.248625 	-0.15011 	
0.63	0.00175349 	-0.0833345 	-1.68108 	0.288018 	0.249146 	-0.149484 	
0.635	0.00202886 	-0.0846942 	-1.68018 	0.28864 	0.251206 	-0.148367 	
0.64	0.00228564 	-0.0860366 	-1.67925 	0.289227 	0.253099 	-0.147443 	
0.645	0.00252744 	-0.0873664 	-1.67829 	0.289787 	0.254858 	-0.146672 	
0.65	0.00275703 	-0.0886871 	-1.67732 	0.290324 	0.256508 	-0.146024 	
0.655	0.00272165 	-0.089848 	-1.67619 	0.29001 	0.256795 	-0.144887 	
0.66	0.00272939 	-0.091035 	-1.67507 	0.289848 	0.257267 	-0.143946 	
0.665	0.00277138 	-0.0922441 	-1.67396 	0.289809 	0.257887 	-0.143162 	
0.67	0.00284058 	-0.093472 	-1.67286 	0.289867 	0.258624 	-0.142505 	
0.675	0.00316837 	-0.0949383 	-1.67192 	0.290642 	0.261067 	-0.141338 	
0.68	0.00346558 	-0.0963752 	-1.67095 	0.291351 	0.263259 	-0.140374 	
0.685	0.00373823 	-0.0977893 	-1.66995 	0.292007 	0.26525 	-0.139571 	
0.69	0.0037177 	-0.0990013 	-1.66878 	0.291756 	0.265622 	-0.138559 	
0.695	0.00373599 	-0.100237 	-1.66761 	0.291644 	0.266155 	-0.137718 	
0.7	0.00378508 	-0.101492 	-1.66645 	0.291643 	0.266818 	-0.137014 	
0.705	0.0038586 	-0.102763 	-1.6653 	0.291731 	0.267583 	-0.136421 	
0.71	0.00415227 	-0.104275 	-1.6643 	0.292377 	0.269974 	-0.135023 	
0.715	0.00442078 	-0.105755 	-1.66326 	0.292982 	0.272118 	-0.133874 	
0.72	0.00466905 	-0.107211 	-1.66219 	0.293554 	0.274063 	-0.132924 	
0.725	0.0046681 	-0.108475 	-1.66098 	0.293381 	0.274546 	-0.132029 	
0.73	0.00470064 	-0.109759 	-1.65977 	0.293331 	0.275162 	-0.131283 	
0.735	0.00475969 	-0.111059 	-1.65857 	0.29338 	0.275884 	-0.130655 	
0.74	0.00497591 	-0.112545 	-1.65747 	0.29381 	0.277825 	-0.129363 	
0.745	0.00518125 	-0.114011 	-1.65635 	0.294242 	0.279603 	-0.128298 	
0.75	0.00537776 	-0.115459 	-1.65521 	0.294676 	0.28125 	-0.127416 	
0.755	0.00556697 	-0.116896 	-1.65405 	0.29511 	0.282791 	-0.126678 	
0.76	0.00575015 	-0.118323 	-1.65287 	0.295545 	0.284247 	-0.126058 	
0.765	0.0057129 	-0.119658 	-1.65161 	0.295186 	0.284836 	-0.124615 	
0.77	0.00571469 	-0.121005 	-1.65035 	0.294987 	0.285529 	-0.12343 	
0.775	0.00574747 	-0.122363 	-1.64909 	0.294915 	0.286304 	-0.122452 	
0.78	0.00580483 	-0.12373 	-1.64784 	0.294944 	0.287143 	-0.121639 	
0.785	0.00610474 	-0.125323 	-1.6467 	0.295673 	0.289525 	-0.120591 	
0.79	0.00637506 	-0.126881 	-1.64554 	0.296343 	0.291647 	-0.119721 	
0.795	0.00662158 	-0.128411 	-1.64435 	0.296965 	0.29356 	-0.118995 	
0.8	0.00659027 	-0.129775 	-1.64304 	0.296657 	0.294149 	-0.117718 	
0.805	0.00659529 	-0.131151 	-1.64174 	0.296497 	0.294834 	-0.116665 	
0.81	0.00662911 	-0.132537 	-1.64043 	0.296456 	0.295596 	-0.115793 	
0.815	0.00668575 	-0.133932 	-1.63912 	0.29651 	0.296418 	-0.115065 	
0.82	0.00694912 	-0.135569 	-1.63793 	0.297091 	0.298786 	-0.113757 	
0.825	0.0071886 	-0.137166 	-1.63671 	0.297643 	0.300889 	-0.112681 	
0.83	0.00740887 	-0.138733 	-1.63547 	0.298169 	0.302779 	-0.111789 	
0.835	0.00739221 	-0.14013 	-1.63412 	0.29794 	0.303414 	-0.110674 	
0.84	0.00740738 	-0.141536 	-1.63277 	0.297843 	0.30413 	-0.109752 	
0.845	0.00744773 	-0.142951 	-1.63142 	0.297851 	0.304908 	-0.108985 	
0.85	0.00750802 	-0.144373 	-1.63007 	0.297943 	0.305735 	-0.108341 	
0.855	0.0077352 	-0.14605 	-1.62882 	0.298381 	0.308089 	-0.106798 	
0.86	0.0079441 	-0.147684 	-1.62755 	0.298816 	0.310173 	-0.105533 	
0.865	0.0081383 	-0.149283 	-1.62625 	0.29925 	0.312041 	-0.104491 	
0.87	0.00832048 	-0.150856 	-1.62493 	0.299681 	0.313734 	-0.103628 	
0.875	0.00824909 	-0.15224 	-1.62352 	0.299302 	0.314079 	-0.102568 	
0.88	0.00821873 	-0.15364 	-1.6221 	0.299084 	0.314554 	-0.101691 	
0.885	0.00822093 	-0.155053 	-1.62069 	0.298995 	0.315131 	-0.100959 	
0.89	0.0084376 	-0.156738 	-1.61939 	0.299445 	0.317367 	-0.0996027 	
0.895	0.00863653 	-0.158381 	-1.61806 	0.299889 	0.319349 	-0.0984876 	
0.9	0.00882118 	-0.159991 	-1.61671 	0.300329 	0.321128 	-0.097566 	
0.905	0.00899414 	-0.161575 	-1.61534 	0.300765 	0.322742 	-0.0967989 	
0.91	0.00891991 	-0.163022 	-1.6139 	0.300334 	0.323293 	-0.095478 	
0.915	0.00888565 	-0.164475 	-1.61246 	0.300073 	0.323925 	-0.0943921 	
0.92	0.0088831 	-0.165934 	-1.61102 	0.299948 	0.324619 	-0.0934943 	
0.925	0.00908243 	-0.167615 	-1.60965 	0.30039 	0.326692 	-0.0923216 	
0.93	0.00926594 	-0.169258 	-1.60827 	0.300828 	0.328536 	-0.0913543 	
0.935	0.00943667 	-0.17087 	-1.60687 	0.301261 	0.330196 	-0.0905513 	
0.94	0.00959694 	-0.172458 	-1.60545 	0.301691 	0.331708 	-0.0898798 	
0.945	0.00951804 	-0.173962 	-1.60399 	0.301206 	0.332447 	-0.0883248 	
0.95	0.00947841 	-0.175463 	-1.60252 	0.3009 	0.333222 	-0.0870522 	
0.955	0.00946998 	-0.176963 	-1.60105 	0.300739 	0.334023 	-0.0860057 	
0.96	0.00948628 	-0.17846 	-1.59958 	0.300694 	0.334844 	-0.0851402 	
0.965	0.00971975 	-0.180202 	-1.59818 	0.301263 	0.337149 	-0.0840288 	
0.97	0.00992874 	-0.181896 	-1.59675 	0.301801 	0.339169 	-0.0831112 	
0.975	0.010118 	-0.18355 	-1.59531 	0.302314 	0.340961 	-0.0823487 	
0.98	0.0100457 	-0.185055 	-1.59381 	0.301899 	0.341645 	-0.0809956 	
0.985	0.0100098 	-0.186558 	-1.59231 	0.301649 	0.342366 	-0.0798852 	
0.99	0.0100028 	-0.188059 	-1.59081 	0.301532 	0.343117 	-0.078969 	
0.995	0.0100187 	-0.18956 	-1.5893 	0.301521 	0.343892 	-0.0782082 	
1	0.0102093 	-0.191332 	-1.58786 	0.301912 	0.346196 	-0.0768459 	
1.005	0.0103824 	-0.193051 	-1.5864 	0.302307 	0.348209 	-0.0757282 	
1.01	0.0105414 	-0.194726 	-1.58492 	0.302705 	0.349987 	-0.0748065 	
1.015	0.010689 	-0.196366 	-1.58343 	0.303105 	0.351577 	-0.0740414 	
1.02	0.0105549 	-0.197835 	-1.58189 	0.302507 	0.351951 	-0.0726925 	
1.025	0.0104679 	-0.199309 	-1.58034 	0.302111 	0.352417 	-0.0715864 	
1.03	0.0104185 	-0.200788 	-1.5788 	0.301875 	0.352955 	-0.0706746 	
1.035	0.0105983 	-0.202543 	-1.57731 	0.302288 	0.355097 	-0.0695107 	
1.04	0.0107614 	-0.204246 	-1.57581 	0.302699 	0.356972 	-0.0685525 	
1.045	0.010911 	-0.205909 	-1.5743 	0.303109 	0.358633 	-0.0677591 	
1.05	0.0108459 	-0.207451 	-1.57275 	0.302741 	0.359423 	-0.066466 	
1.055	0.0108128 	-0.208983 	-1.5712 	0.302529 	0.360214 	-0.065405 	
1.06	0.0108051 	-0.210509 	-1.56964 	0.302439 	0.361005 	-0.0645299 	
1.065	0.0108176 	-0.212028 	-1.56809 	0.302449 	0.361796 	-0.0638036 	
1.07	0.0109431 	-0.213796 	-1.56657 	0.302642 	0.363887 	-0.0623901 	
1.075	0.0110614 	-0.215511 	-1.56504 	0.302878 	0.365713 	-0.0612332 	
1.08	0.0111737 	-0.217181 	-1.56349 	0.303146 	0.367328 	-0.0602817 	
1.085	0.0112812 	-0.218817 	-1.56194 	0.303441 	0.368772 	-0.0594945 	
1.09	0.011168 	-0.220319 	-1.56036 	0.302939 	0.3693 	-0.0582392 	
1.095	0.0110949 	-0.221818 	-1.55878 	0.302618 	0.369875 	-0.0572095 	
1.1	0.0110538 	-0.223315 	-1.55721 	0.302441 	0.370485 	-0.0563605 	
1.105	0.011038 	-0.22481 	-1.55562 	0.302379 	0.371123 	-0.0556561 	
1.11	0.0111955 	-0.226637 	-1.55408 	0.302676 	0.373498 	-0.0542254 	
1.115	0.0113377 	-0.228396 	-1.55253 	0.302993 	0.375544 	-0.0530558 	
1.12	0.0114677 	-0.230101 	-1.55096 	0.303325 	0.377325 	-0.0520952 	
1.125	0.0113632 	-0.231579 	-1.54937 	0.302905 	0.377771 	-0.0510428 	
1.13	0.0112959 	-0.233057 	-1.54777 	0.302647 	0.378272 	-0.0501763 	
1.135	0.011258 	-0.234535 	-1.54618 	0.302521 	0.378817 	-0.0494588 	
1.14	0.0113414 	-0.236272 	-1.54461 	0.30262 	0.380685 	-0.0481395 	
1.145	0.0114233 	-0.237957 	-1.54303 	0.302779 	0.38232 	-0.0470598 	
1.15	0.0115042 	-0.2396 	-1.54144 	0.302985 	0.383767 	-0.0461721 	
1.155	0.011584 	-0.241208 	-1.53985 	0.303228 	0.385063 	-0.0454378 	
1.16	0.0114703 	-0.242735 	-1.53825 	0.302718 	0.385744 	-0.0441385 	
1.165	0.0113944 	-0.24425 	-1.53665 	0.302388 	0.386426 	-0.0430756 	
1.17	0.0113485 	-0.245754 	-1.53505 	0.302203 	0.387108 	-0.0422019 	
1.175	0.0113266 	-0.247249 	-1.53346 	0.302133 	0.38779 	-0.0414797 	
1.18	0.0114276 	-0.24901 	-1.53187 	0.302301 	0.389809 	-0.0401874 	
1.185	0.0115224 	-0.250711 	-1.53027 	0.302513 	0.391557 	-0.0391305 	
1.19	0.0116123 	-0.252362 	-1.52867 	0.302761 	0.393087 	-0.0382621 	
1.195	0.0116981 	-0.253973 	-1.52707 	0.303037 	0.394442 	-0.0375444 	
1.2	0.011525 	-0.25543 	-1.52547 	0.302349 	0.394788 	-0.0362754 	
1.205	0.0114005 	-0.256883 	-1.52386 	0.301876 	0.395196 	-0.0352379 	
1.21	0.0113147 	-0.258334 	-1.52226 	0.301575 	0.395651 	-0.0343858 	
1.215	0.011413 	-0.260046 	-1.52066 	0.301795 	0.397492 	-0.0333035 	
1.22	0.0115046 	-0.261704 	-1.51906 	0.302048 	0.399091 	-0.0324157 	
1.225	0.0115911 	-0.263316 	-1.51745 	0.302328 	0.400496 	-0.0316835 	
1.23	0.0114776 	-0.264817 	-1.51585 	0.301848 	0.401171 	-0.0304865 	
1.235	0.0113999 	-0.266303 	-1.51425 	0.301542 	0.401837 	-0.0295074 	
1.24	0.0113506 	-0.267775 	-1.51265 	0.301373 	0.402494 	-0.0287029 	
1.245	0.0113239 	-0.269236 	-1.51105 	0.301316 	0.403143 	-0.028038 	
1.25	0.0113663 	-0.270938 	-1.50945 	0.301303 	0.404921 	-0.0267462 	
1.255	0.0114125 	-0.272582 	-1.50784 	0.30137 	0.406463 	-0.0256919 	
1.26	0.0114616 	-0.274178 	-1.50624 	0.301501 	0.407818 	-0.0248276 	
1.265	0.0115131 	-0.275735 	-1.50464 	0.301681 	0.409021 	-0.0241155 	
1.27	0.01136 	-0.277167 	-1.50305 	0.30109 	0.409439 	-0.0229795 	
1.275	0.0112497 	-0.27859 	-1.50146 	0.300694 	0.409893 	-0.0220506 	
1.28	0.0111736 	-0.280006 	-1.49987 	0.300453 	0.410374 	-0.0212873 	
1.285	0.0111246 	-0.281415 	-1.49829 	0.300337 	0.410877 	-0.0206567 	
1.29	0.0111933 	-0.283139 	-1.49668 	0.300413 	0.412866 	-0.0193761 	
1.295	0.0112596 	-0.284794 	-1.49508 	0.300551 	0.414572 	-0.0183319 	
1.3	0.011324 	-0.286393 	-1.49349 	0.300736 	0.416051 	-0.017477 	
1.305	0.0113868 	-0.287945 	-1.49189 	0.30096 	0.417348 	-0.0167735 	
1.31	0.0111754 	-0.28927 	-1.49033 	0.3002 	0.417365 	-0.0157164 	
1.315	0.0110179 	-0.2906 	-1.48876 	0.299668 	0.417492 	-0.0148517 	
1.32	0.0109033 	-0.291934 	-1.4872 	0.299318 	0.417708 	-0.0141411 	
1.325	0.0109747 	-0.293592 	-1.48561 	0.299464 	0.419514 	-0.0130712 	
1.33	0.0110426 	-0.295187 	-1.48402 	0.299657 	0.421069 	-0.0121967 	
1.335	0.0111078 	-0.296731 	-1.48244 	0.299886 	0.422423 	-0.0114785 	
1.34	0.010961 	-0.298106 	-1.48088 	0.299339 	0.422835 	-0.0104522 	
1.345	0.0108545 	-0.299471 	-1.47933 	0.298977 	0.423275 	-0.00961308 	
1.35	0.0107803 	-0.300827 	-1.47779 	0.298763 	0.423737 	-0.00892369 	
1.355	0.0107317 	-0.302175 	-1.47624 	0.298667 	0.424215 	-0.00835421 	
1.36	0.0107451 	-0.303795 	-1.47467 	0.298577 	0.425902 	-0.00712326 	
1.365	0.0107662 	-0.305352 	-1.4731 	0.29858 	0.427358 	-0.00612084 	
1.37	0.0107935 	-0.306858 	-1.47154 	0.298657 	0.42863 	-0.00530142 	
1.375	0.0108258 	-0.308321 	-1.46999 	0.298794 	0.429753 	-0.00462841 	
1.38	0.0106424 	-0.309597 	-1.46848 	0.298148 	0.429866 	-0.00369633 	
1.385	0.0105064 	-0.310873 	-1.46697 	0.297707 	0.430063 	-0.00293365 	
1.39	0.0104082 	-0.312149 	-1.46546 	0.297428 	0.430326 	-0.00230659 	
1.395	0.0103401 	-0.313423 	-1.46396 	0.297281 	0.430642 	-0.00178812 	
1.4	0.0103839 	-0.315058 	-1.4624 	0.297285 	0.432574 	-0.000551785 	
1.405	0.0104289 	-0.316619 	-1.46086 	0.297363 	0.434222 	0.000453837 	
1.41	0.0104751 	-0.318118 	-1.45932 	0.2975 	0.435643 	0.00127469 	
1.415	0.0103137 	-0.31933 	-1.45785 	0.296976 	0.435681 	0.002016 	
1.42	0.010195 	-0.320546 	-1.45638 	0.296631 	0.435816 	0.00262514 	
1.425	0.0101105 	-0.321765 	-1.45491 	0.296429 	0.436026 	0.00312851 	
1.43	0.0100994 	-0.323259 	-1.4534 	0.296298 	0.437442 	0.00420507 	
1.435	0.0101006 	-0.324697 	-1.4519 	0.296267 	0.438676 	0.00508208 	
1.44	0.0101116 	-0.32609 	-1.45041 	0.296317 	0.439763 	0.00579931 	
1.445	0.0101304 	-0.327446 	-1.44893 	0.296431 	0.440734 	0.00638871 	
1.45	0.0101556 	-0.32877 	-1.44747 	0.296596 	0.441611 	0.00687584 	
1.455	0.00991517 	-0.329963 	-1.44604 	0.295689 	0.441672 	0.00797832 	
1.46	0.00973319 	-0.331154 	-1.44462 	0.295037 	0.441822 	0.00887531 	
1.465	0.00959794 	-0.332342 	-1.4432 	0.294589 	0.442042 	0.00960776 	
1.47	0.00950005 	-0.333526 	-1.44179 	0.294305 	0.442319 	0.0102085 	
1.475	0.00958805 	-0.335007 	-1.44032 	0.294582 	0.444016 	0.0110029 	
1.48	0.00966838 	-0.336424 	-1.43886 	0.294877 	0.445472 	0.0116531 	
1.485	0.00974271 	-0.337787 	-1.43741 	0.295187 	0.446735 	0.0121878 	
1.49	0.00952815 	-0.338905 	-1.43605 	0.294415 	0.446716 	0.0130946 	
1.495	0.00936692 	-0.340025 	-1.43468 	0.293871 	0.4468 	0.0138343 	
1.5	0.00924833 	-0.341146 	-1.43332 	0.29351 	0.446966 	0.0144402 	
1.505	0.00916387 	-0.342266 	-1.43196 	0.293295 	0.447199 	0.014939 	
1.51	0.00920169 	-0.343687 	-1.43054 	0.293361 	0.448773 	0.0158485 	
1.515	0.00924206 	-0.345044 	-1.42913 	0.293487 	0.45013 	0.0165901 	
1.52	0.0092846 	-0.346349 	-1.42774 	0.293661 	0.451313 	0.0171972 	
1.525	0.00910477 	-0.347401 	-1.42643 	0.29305 	0.451281 	0.0179236 	
1.53	0.0089715 	-0.348458 	-1.42512 	0.292634 	0.451353 	0.0185183 	
1.535	0.00887548 	-0.349518 	-1.42382 	0.292375 	0.451511 	0.0190075 	
1.54	0.00880929 	-0.350578 	-1.42253 	0.292242 	0.451735 	0.0194124 	
1.545	0.00880156 	-0.351928 	-1.42116 	0.292118 	0.453173 	0.0204078 	
1.55	0.0088058 	-0.353217 	-1.41981 	0.292093 	0.45442 	0.0212173 	
1.555	0.00881977 	-0.354457 	-1.41849 	0.292146 	0.455516 	0.021878 	
1.56	0.00884156 	-0.355654 	-1.41718 	0.292262 	0.456489 	0.0224198 	
1.565	0.00862976 	-0.356561 	-1.41596 	0.291564 	0.456108 	0.0230238 	
1.57	0.00847137 	-0.35749 	-1.41475 	0.291079 	0.455902 	0.0235199 	
1.575	0.00835572 	-0.358433 	-1.41354 	0.290765 	0.455837 	0.0239295 	
1.58	0.00827429 	-0.359386 	-1.41233 	0.290587 	0.455884 	0.02427 	
1.585	0.00830707 	-0.360737 	-1.41102 	0.290587 	0.45761 	0.0252741 	
1.59	0.00834412 	-0.362015 	-1.40972 	0.29066 	0.459089 	0.0260899 	
1.595	0.0083848 	-0.363231 	-1.40845 	0.290792 	0.46037 	0.026755 	
1.6	0.00820455 	-0.364063 	-1.40732 	0.290235 	0.459971 	0.0272025 	
1.605	0.00807186 	-0.364919 	-1.40618 	0.289863 	0.459752 	0.0275729 	
1.61	0.00797721 	-0.365793 	-1.40505 	0.289639 	0.459676 	0.0278815 	
1.615	0.00791308 	-0.366678 	-1.40391 	0.289534 	0.459717 	0.0281408 	
1.62	0.00790274 	-0.367934 	-1.40267 	0.289363 	0.46125 	0.0291824 	
1.625	0.00790588 	-0.369123 	-1.40146 	0.289299 	0.462575 	0.0300278 	
1.63	0.00792003 	-0.370256 	-1.40027 	0.289322 	0.463735 	0.0307161 	
1.635	0.00777521 	-0.371024 	-1.39921 	0.288911 	0.463378 	0.0310354 	
1.64	0.00767144 	-0.371816 	-1.39815 	0.288656 	0.463193 	0.0313028 	
1.645	0.00760051 	-0.372625 	-1.3971 	0.288525 	0.463147 	0.0315287 	
1.65	0.00755596 	-0.373446 	-1.39604 	0.288494 	0.463212 	0.0317214 	
1.655	0.00750757 	-0.374599 	-1.39489 	0.288175 	0.464545 	0.0327762 	
1.66	0.00748098 	-0.375693 	-1.39376 	0.287993 	0.465713 	0.0336317 	
1.665	0.00747205 	-0.376736 	-1.39266 	0.287921 	0.466749 	0.0343278 	
1.67	0.00747734 	-0.377737 	-1.39158 	0.287938 	0.467679 	0.0348963 	
1.675	0.00731869 	-0.378328 	-1.39065 	0.287524 	0.466934 	0.0350025 	
1.68	0.00720467 	-0.378963 	-1.38972 	0.287268 	0.466442 	0.0350991 	
1.685	0.00712641 	-0.379631 	-1.38878 	0.287136 	0.466153 	0.035188 	
1.69	0.00710289 	-0.380686 	-1.38772 	0.286942 	0.467394 	0.0360765 	
1.695	0.007097 	-0.381687 	-1.38668 	0.286861 	0.46849 	0.0367989 	
1.7	0.00710543 	-0.382642 	-1.38567 	0.28687 	0.469472 	0.0373881 	
1.705	0.00712542 	-0.38356 	-1.38467 	0.286952 	0.470362 	0.0378711 	
1.71	0.00694739 	-0.384088 	-1.38384 	0.286427 	0.469626 	0.0380543 	
1.715	0.0068187 	-0.384659 	-1.38299 	0.286081 	0.469145 	0.0382123 	
1.72	0.00672954 	-0.385262 	-1.38215 	0.285878 	0.468867 	0.0383501 	
1.725	0.00672715 	-0.386208 	-1.38118 	0.285796 	0.469985 	0.0390715 	
1.73	0.00673907 	-0.387108 	-1.38024 	0.285805 	0.470987 	0.0396599 	
1.735	0.00676265 	-0.387968 	-1.37933 	0.285886 	0.471897 	0.040142 	
1.74	0.00679566 	-0.388796 	-1.37843 	0.286026 	0.472734 	0.0405391 	
1.745	0.00660178 	-0.389252 	-1.37769 	0.285408 	0.471988 	0.0407734 	
1.75	0.00646131 	-0.389751 	-1.37694 	0.284989 	0.471501 	0.0409721 	
1.755	0.00636367 	-0.390283 	-1.37619 	0.284727 	0.471224 	0.0411424 	
1.76	0.00630043 	-0.390839 	-1.37544 	0.284593 	0.471114 	0.04129 	
1.765	0.00633779 	-0.391757 	-1.37456 	0.284632 	0.472479 	0.0420175 	
1.77	0.00638259 	-0.392618 	-1.37371 	0.284738 	0.473683 	0.0426109 	
1.775	0.00643356 	-0.393431 	-1.37288 	0.284897 	0.474759 	0.043097 	
1.78	0.00627652 	-0.393814 	-1.37224 	0.284424 	0.474067 	0.0432233 	
1.785	0.0061665 	-0.39424 	-1.3716 	0.28412 	0.473629 	0.0433357 	
1.79	0.00609421 	-0.394698 	-1.37094 	0.283952 	0.473394 	0.043437 	
1.795	0.00605224 	-0.395181 	-1.37029 	0.283892 	0.473323 	0.0435295 	
1.8	0.00603468 	-0.395681 	-1.36964 	0.283919 	0.473383 	0.0436151 	
1.805	0.00602147 	-0.3965 	-1.36888 	0.283719 	0.474643 	0.0444679 	
1.81	0.00602701 	-0.397265 	-1.36815 	0.283634 	0.475768 	0.0451616 	
1.815	0.0060478 	-0.397985 	-1.36744 	0.28364 	0.476786 	0.045728 	
1.82	0.00593944 	-0.398241 	-1.36693 	0.28339 	0.476023 	0.0456207 	
1.825	0.00586958 	-0.39855 	-1.36641 	0.283265 	0.475534 	0.0455464 	
1.83	0.00583064 	-0.398898 	-1.36588 	0.28324 	0.475263 	0.0454987 	
1.835	0.00581661 	-0.399275 	-1.36535 	0.283296 	0.475169 	0.0454723 	
1.84	0.00577664 	-0.399955 	-1.36472 	0.283 	0.47618 	0.046267 	
1.845	0.00576196 	-0.400594 	-1.36411 	0.282839 	0.477112 	0.0469145 	
1.85	0.00576773 	-0.401198 	-1.36352 	0.282785 	0.477981 	0.0474441 	
1.855	0.0056943 	-0.401396 	-1.36311 	0.282656 	0.477338 	0.047283 	
1.86	0.00565352 	-0.401642 	-1.36269 	0.282628 	0.47695 	0.0471659 	
1.865	0.005639 	-0.401925 	-1.36226 	0.282682 	0.476766 	0.0470842 	
1.87	0.00564567 	-0.402234 	-1.36184 	0.2828 	0.476747 	0.047031 	
1.875	0.0055799 	-0.402762 	-1.36134 	0.28242 	0.477468 	0.0477376 	
1.88	0.00554581 	-0.403264 	-1.36086 	0.282192 	0.478174 	0.0483149 	
1.885	0.00553728 	-0.403743 	-1.3604 	0.282085 	0.478869 	0.0487888 	
1.89	0.00549627 	-0.403881 	-1.36009 	0.282065 	0.478345 	0.0485847 	
1.895	0.00548262 	-0.404064 	-1.35977 	0.282125 	0.478058 	0.0484336 	
1.9	0.00549103 	-0.404281 	-1.35945 	0.282249 	0.477961 	0.0483251 	
1.905	0.00551727 	-0.404523 	-1.35913 	0.282424 	0.478017 	0.0482508 	
1.91	0.00555795 	-0.404783 	-1.35881 	0.28264 	0.478197 	0.0482041 	
1.915	0.00542545 	-0.405147 	-1.35847 	0.281983 	0.478594 	0.0489545 	
1.92	0.00533943 	-0.405501 	-1.35814 	0.281533 	0.479048 	0.0495674 	
1.925	0.0052908 	-0.405844 	-1.35783 	0.28125 	0.479548 	0.0500701 	
1.93	0.00531783 	-0.405896 	-1.35764 	0.281506 	0.479138 	0.0496873 	
1.935	0.00536004 	-0.405992 	-1.35744 	0.281788 	0.478949 	0.0493939 	
1.94	0.00541459 	-0.406123 	-1.35724 	0.282091 	0.478938 	0.0491722 	
1.945	0.0054792 	-0.406278 	-1.35704 	0.282409 	0.479069 	0.049008 	
1.95	0.00533244 	-0.406492 	-1.35685 	0.281713 	0.479212 	0.0496492 	
1.955	0.00523633 	-0.40671 	-1.35665 	0.281233 	0.479469 	0.0501752 	
1.96	0.00518094 	-0.406929 	-1.35647 	0.280925 	0.479818 	0.050609 	
1.965	0.00523154 	-0.406919 	-1.35639 	0.281251 	0.479518 	0.0502142 	
1.97	0.00529393 	-0.406951 	-1.35629 	0.281588 	0.479425 	0.0499117 	
1.975	0.00536593 	-0.407015 	-1.3562 	0.281935 	0.479496 	0.0496833 	
1.98	0.00544583 	-0.407101 	-1.35611 	0.28229 	0.479701 	0.0495145 	
1.985	0.00528902 	-0.407157 	-1.35605 	0.281579 	0.479567 	0.0500159 	
1.99	0.00518622 	-0.407232 	-1.356 	0.281087 	0.47961 	0.0504308 	
1.995	0.00512682 	-0.407321 	-1.35595 	0.280771 	0.479795 	0.0507764 	
2	0.00510233 	-0.407419 	-1.35591 	0.280596 	0.480094 	0.0510666 	
2.005	0.00519939 	-0.407278 	-1.35595 	0.281143 	0.479689 	0.0504258 	
2.01	0.00529752 	-0.407204 	-1.35596 	0.281657 	0.479502 	0.0499255 	
2.015	0.0053962 	-0.407186 	-1.35593 	0.282145 	0.479488 	0.0495377 	
2.02	0.00527567 	-0.407285 	-1.35585 	0.281562 	0.479614 	0.0500066 	
2.025	0.00519871 	-0.407407 	-1.35575 	0.281172 	0.479847 	0.0503934 	
2.03	0.00515627 	-0.407548 	-1.35563 	0.280936 	0.480163 	0.0507141 	
2.035	0.00514112 	-0.407706 	-1.35548 	0.280823 	0.480543 	0.0509817 	
2.04	0.00520016 	-0.407645 	-1.35541 	0.281212 	0.480205 	0.0503844 	
2.045	0.00526553 	-0.407642 	-1.3553 	0.281598 	0.480058 	0.0499174 	
2.05	0.00533564 	-0.407688 	-1.35516 	0.281983 	0.480062 	0.0495544 	
2.055	0.00524549 	-0.407892 	-1.35495 	0.281536 	0.480422 	0.0499799 	
2.06	0.00519049 	-0.408104 	-1.35473 	0.281253 	0.480828 	0.0503304 	
2.065	0.00516328 	-0.408325 	-1.35449 	0.281102 	0.481269 	0.0506205 	
2.07	0.00515798 	-0.408553 	-1.35423 	0.281054 	0.481736 	0.0508621 	
2.075	0.00516989 	-0.408787 	-1.35395 	0.281091 	0.482222 	0.0510647 	
2.08	0.0051858 	-0.408774 	-1.35376 	0.28133 	0.48181 	0.0503285 	
2.085	0.00521404 	-0.408818 	-1.35354 	0.281595 	0.481589 	0.0497486 	
2.09	0.00525184 	-0.408908 	-1.35329 	0.281881 	0.48152 	0.0492936 	
2.095	0.00519307 	-0.409263 	-1.35292 	0.28155 	0.482257 	0.0498358 	
2.1	0.00516053 	-0.409603 	-1.35254 	0.281358 	0.48295 	0.0502779 	
2.105	0.00514872 	-0.409934 	-1.35216 	0.281278 	0.483605 	0.0506396 	
2.11	0.00515318 	-0.410257 	-1.35176 	0.281287 	0.484228 	0.0509367 	
2.115	0.00514659 	-0.410343 	-1.35145 	0.281421 	0.48398 	0.0502305 	
2.12	0.00515467 	-0.410472 	-1.35112 	0.2816 	0.483877 	0.0496731 	
2.125	0.00517417 	-0.410637 	-1.35075 	0.281816 	0.483889 	0.0492346 	
2.13	0.00513453 	-0.411063 	-1.35027 	0.281589 	0.484737 	0.0497259 	
2.135	0.00511518 	-0.411467 	-1.34979 	0.281479 	0.485506 	0.0501259 	
2.14	0.00511182 	-0.411854 	-1.3493 	0.281463 	0.486209 	0.0504525 	
2.145	0.00512096 	-0.412228 	-1.3488 	0.281522 	0.486859 	0.0507201 	
2.15	0.00513983 	-0.412592 	-1.3483 	0.281641 	0.487463 	0.0509404 	
2.155	0.00509108 	-0.412766 	-1.34787 	0.281593 	0.487303 	0.0500817 	
2.16	0.00506314 	-0.412972 	-1.34742 	0.281625 	0.487257 	0.0494007 	
2.165	0.00505156 	-0.413204 	-1.34694 	0.281723 	0.487301 	0.0488618 	
2.17	0.00504356 	-0.413729 	-1.34633 	0.281642 	0.488357 	0.0494834 	
2.175	0.00504729 	-0.414218 	-1.34572 	0.281648 	0.489278 	0.0499861 	
2.18	0.00506021 	-0.414679 	-1.34511 	0.281723 	0.49009 	0.0503933 	
2.185	0.00508022 	-0.415118 	-1.3445 	0.281853 	0.490812 	0.050724 	
2.19	0.00501732 	-0.415398 	-1.34396 	0.281724 	0.490867 	0.0499047 	
2.195	0.00497624 	-0.415693 	-1.3434 	0.281691 	0.490982 	0.0492539 	
2.2	0.00495239 	-0.416001 	-1.34283 	0.281735 	0.491143 	0.0487379 	
2.205	0.0049542 	-0.416566 	-1.34213 	0.281727 	0.49221 	0.0492987 	
2.21	0.00496408 	-0.417091 	-1.34144 	0.281791 	0.493128 	0.0497514 	
2.215	0.00498025 	-0.417585 	-1.34075 	0.281911 	0.493927 	0.0501175 	
2.22	0.00500124 	-0.418055 	-1.34006 	0.282076 	0.494628 	0.0504142 	
2.225	0.00502587 	-0.418506 	-1.33937 	0.282278 	0.495251 	0.0506551 	
2.23	0.00492057 	-0.418906 	-1.33871 	0.281931 	0.495537 	0.0496696 	
2.235	0.00484379 	-0.419302 	-1.33804 	0.281723 	0.495825 	0.0488846 	
2.24	0.00478965 	-0.419696 	-1.33736 	0.281626 	0.496113 	0.0482599 	
2.245	0.00482387 	-0.420295 	-1.33657 	0.281796 	0.497198 	0.0489655 	
2.25	0.00485807 	-0.420853 	-1.3358 	0.282001 	0.498119 	0.0495329 	
2.255	0.00489212 	-0.421376 	-1.33503 	0.282233 	0.49891 	0.0499897 	
2.26	0.00492587 	-0.421873 	-1.33426 	0.282487 	0.499595 	0.0503577 	
2.265	0.00481275 	-0.422369 	-1.33351 	0.282084 	0.500095 	0.0494219 	
2.27	0.00472845 	-0.422844 	-1.33275 	0.281829 	0.500545 	0.0486758 	
2.275	0.00466707 	-0.423303 	-1.33199 	0.281694 	0.500954 	0.0480813 	
2.28	0.00470372 	-0.423914 	-1.33115 	0.281907 	0.501978 	0.0487158 	
2.285	0.00473875 	-0.424482 	-1.33032 	0.282144 	0.502844 	0.0492256 	
2.29	0.00477241 	-0.425018 	-1.3295 	0.282402 	0.503582 	0.0496354 	
2.295	0.00480483 	-0.425526 	-1.32868 	0.282675 	0.504217 	0.0499653 	
2.3	0.00468723 	-0.42611 	-1.32784 	0.282228 	0.504931 	0.0491061 	
2.305	0.00459837 	-0.426659 	-1.32701 	0.281936 	0.505545 	0.0484205 	
2.31	0.00453245 	-0.427179 	-1.32619 	0.281771 	0.506078 	0.0478738 	
2.315	0.00448479 	-0.427676 	-1.32537 	0.281705 	0.506547 	0.0474381 	
2.32	0.00454756 	-0.428337 	-1.32445 	0.282036 	0.507682 	0.0483365 	
2.325	0.00460261 	-0.428948 	-1.32355 	0.282367 	0.50863 	0.0490567 	
2.33	0.00465145 	-0.429519 	-1.32267 	0.282699 	0.509427 	0.0496342 	
2.335	0.00454735 	-0.430095 	-1.3218 	0.282341 	0.510067 	0.0488286 	
2.34	0.00446871 	-0.430639 	-1.32094 	0.282121 	0.510616 	0.0481854 	
2.345	0.00441042 	-0.431155 	-1.32009 	0.282012 	0.511093 	0.0476722 	
2.35	0.00436838 	-0.431651 	-1.31925 	0.281991 	0.511512 	0.0472629 	
2.355	0.00440805 	-0.432374 	-1.31828 	0.282197 	0.512779 	0.0480458 	
2.36	0.00444419 	-0.433036 	-1.31733 	0.282428 	0.513827 	0.0486733 	
2.365	0.00447754 	-0.433648 	-1.31641 	0.282679 	0.514701 	0.0491763 	
2.37	0.00450863 	-0.434219 	-1.31551 	0.282945 	0.515434 	0.0495797 	
2.375	0.00437742 	-0.434786 	-1.31463 	0.282486 	0.515971 	0.0484851 	
2.38	0.00427685 	-0.435321 	-1.31376 	0.282185 	0.516435 	0.0476106 	
2.385	0.00420084 	-0.435831 	-1.31289 	0.282011 	0.51684 	0.046912 	
2.39	0.00424434 	-0.436518 	-1.31193 	0.282265 	0.517958 	0.0476571 	
2.395	0.00428353 	-0.437149 	-1.31098 	0.282535 	0.518885 	0.0482543 	
2.4	0.00431935 	-0.437735 	-1.31007 	0.282816 	0.519661 	0.0487331 	
2.405	0.00435249 	-0.438286 	-1.30917 	0.283107 	0.520315 	0.0491171 	
2.41	0.0042186 	-0.438904 	-1.30826 	0.282606 	0.521012 	0.0481131 	
2.415	0.00411602 	-0.43948 	-1.30736 	0.282272 	0.521603 	0.0473109 	
2.42	0.00403861 	-0.440021 	-1.30648 	0.28207 	0.52211 	0.0466704 	
2.425	0.00408195 	-0.440657 	-1.30554 	0.282352 	0.523058 	0.0473394 	
2.43	0.00412136 	-0.441245 	-1.30463 	0.282644 	0.523851 	0.0478759 	
2.435	0.00415774 	-0.441796 	-1.30373 	0.282942 	0.524519 	0.0483064 	
2.44	0.00419177 	-0.442316 	-1.30286 	0.283247 	0.525088 	0.0486522 	
2.445	0.0040554 	-0.442964 	-1.30194 	0.28271 	0.525897 	0.0477343 	
2.45	0.00395133 	-0.443562 	-1.30104 	0.282345 	0.526579 	0.0470015 	
2.455	0.00387329 	-0.444118 	-1.30017 	0.28212 	0.527159 	0.0464168 	
2.46	0.0038162 	-0.444641 	-1.29931 	0.282005 	0.52766 	0.0459509 	
2.465	0.00389033 	-0.445242 	-1.2984 	0.28243 	0.528563 	0.0469048 	
2.47	0.00395519 	-0.445801 	-1.29752 	0.282835 	0.529321 	0.0476698 	
2.475	0.00401279 	-0.446323 	-1.29666 	0.283225 	0.529965 	0.0482837 	
2.48	0.00389219 	-0.446904 	-1.29579 	0.28278 	0.530614 	0.0474271 	
2.485	0.00380166 	-0.447445 	-1.29495 	0.28249 	0.531172 	0.046744 	
2.49	0.0037354 	-0.447951 	-1.29413 	0.282324 	0.531657 	0.0461997 	
2.495	0.00368873 	-0.448431 	-1.29333 	0.282257 	0.532085 	0.0457668 	
2.5	0.00373709 	-0.44903 	-1.29245 	0.282543 	0.53301 	0.0466023 	
2.505	0.0037824 	-0.449583 	-1.2916 	0.282837 	0.533791 	0.0472734 	
2.51	0.00382549 	-0.450098 	-1.29078 	0.283139 	0.534458 	0.047813 	
2.515	0.00372505 	-0.450604 	-1.28999 	0.282798 	0.534959 	0.0470554 	
2.52	0.00365192 	-0.451081 	-1.28922 	0.282592 	0.535403 	0.0464524 	
2.525	0.00360085 	-0.451532 	-1.28847 	0.282494 	0.535805 	0.0459733 	
2.53	0.00356765 	-0.451962 	-1.28773 	0.282482 	0.536172 	0.0455935 	
2.535	0.00354897 	-0.452375 	-1.28701 	0.282539 	0.536513 	0.0452934 	
2.54	0.00357334 	-0.452993 	-1.28617 	0.282667 	0.537564 	0.0462379 	
2.545	0.00360105 	-0.453555 	-1.28537 	0.282837 	0.538454 	0.0469975 	
2.55	0.00363174 	-0.454071 	-1.2846 	0.283039 	0.539215 	0.0476091 	
2.555	0.00354844 	-0.454446 	-1.28394 	0.282805 	0.539425 	0.046745 	
2.56	0.00349084 	-0.45481 	-1.28329 	0.282685 	0.539645 	0.0460583 	
2.565	0.00345403 	-0.455166 	-1.28266 	0.282657 	0.539876 	0.0455136 	
2.57	0.00343413 	-0.455513 	-1.28203 	0.282701 	0.540117 	0.0450829 	
2.575	0.00343854 	-0.456074 	-1.28128 	0.282729 	0.541072 	0.045945 	
2.58	0.00345204 	-0.456585 	-1.28056 	0.282819 	0.541894 	0.04664 	
2.585	0.00347313 	-0.457054 	-1.27988 	0.282959 	0.542611 	0.0472014 	
2.59	0.00340923 	-0.45735 	-1.27933 	0.282807 	0.542716 	0.0464377 	
2.595	0.003369 	-0.457646 	-1.27878 	0.282753 	0.542862 	0.0458327 	
2.6	0.00334798 	-0.45794 	-1.27824 	0.282778 	0.543044 	0.0453549 	
2.605	0.00334262 	-0.458233 	-1.27771 	0.282867 	0.543255 	0.0449793 	
2.61	0.00332528 	-0.458711 	-1.27708 	0.282792 	0.544056 	0.0457337 	
2.615	0.00336281 	-0.45899 	-1.27656 	0.282978 	0.544258 	0.0460476 	
2.62	0.0033781 	-0.45923 	-1.2761 	0.283237 	0.544432 	0.0463078 	
2.625	0.00341322 	-0.45945 	-1.27565 	0.283498 	0.544532 	0.0464077 	
2.63	0.00344673 	-0.459644 	-1.27522 	0.283739 	0.544561 	0.0462759 	
2.635	0.00330053 	-0.460218 	-1.2746 	0.283021 	0.545643 	0.0458929 	
2.64	0.00321794 	-0.460613 	-1.27409 	0.282674 	0.546251 	0.0455544 	
2.645	0.00317116 	-0.460911 	-1.27364 	0.28246 	0.546575 	0.0453391 	
2.65	0.00313352 	-0.461139 	-1.27325 	0.282349 	0.546731 	0.0451783 	
2.655	0.00309701 	-0.461307 	-1.27291 	0.282292 	0.546744 	0.0450519 	
2.66	0.0030734 	-0.46138 	-1.2726 	0.282343 	0.546472 	0.0450038 	
2.665	0.00310752 	-0.46137 	-1.27249 	0.2824 	0.546295 	0.044744 	
2.67	0.00316496 	-0.461293 	-1.27242 	0.282548 	0.545977 	0.0444846 	
2.675	0.0032284 	-0.461164 	-1.27241 	0.282751 	0.545598 	0.0442194 	
2.68	0.00327236 	-0.461005 	-1.27248 	0.28285 	0.545262 	0.0441551 	
2.685	0.00329812 	-0.460821 	-1.27261 	0.282913 	0.544907 	0.0441739 	
2.69	0.00331071 	-0.460618 	-1.27277 	0.282955 	0.544523 	0.0442065 	
2.695	0.0033137 	-0.4604 	-1.27295 	0.282984 	0.544113 	0.0442368 	
2.7	0.00330916 	-0.46017 	-1.27316 	0.283001 	0.543682 	0.0442607 	
2.705	0.00329867 	-0.459931 	-1.27337 	0.283008 	0.543234 	0.0442758 	
2.71	0.00328375 	-0.459685 	-1.2736 	0.283006 	0.542771 	0.0442823 	
2.715	0.00326575 	-0.459434 	-1.27383 	0.282998 	0.542299 	0.0442832 	
2.72	0.00324576 	-0.459179 	-1.27408 	0.282987 	0.541819 	0.0442821 	
2.725	0.00322439 	-0.45892 	-1.27432 	0.282974 	0.541333 	0.0442815 	
2.73	0.00320201 	-0.45866 	-1.27457 	0.28296 	0.540842 	0.0442818 	
2.735	0.00317888 	-0.458398 	-1.27483 	0.282945 	0.540347 	0.044283 	
2.74	0.00315411 	-0.458135 	-1.27508 	0.28293 	0.53984 	0.0442484 	
2.745	0.00312835 	-0.457871 	-1.27533 	0.282914 	0.539321 	0.0441856 	
2.75	0.00310215 	-0.457606 	-1.27558 	0.282897 	0.538793 	0.0441001 	
2.755	0.00307596 	-0.45734 	-1.27582 	0.28288 	0.538259 	0.043996 	
2.76	0.00305006 	-0.457074 	-1.27607 	0.282864 	0.537718 	0.0438764 	
2.765	0.00302459 	-0.456807 	-1.27631 	0.282849 	0.537174 	0.0437452 	
2.77	0.00299914 	-0.45654 	-1.27655 	0.282835 	0.536627 	0.0436081 	
2.775	0.00297375 	-0.456272 	-1.2768 	0.282821 	0.536078 	0.0434663 	
2.78	0.00294842 	-0.456005 	-1.27704 	0.282808 	0.535528 	0.0433208 	
2.785	0.00292316 	-0.455737 	-1.27728 	0.282796 	0.534975 	0.0431722 	
2.79	0.00289801 	-0.45547 	-1.27752 	0.282785 	0.534421 	0.0430211 	
2.795	0.00287301 	-0.455202 	-1.27776 	0.282776 	0.533866 	0.0428679 	
2.8	0.00284819 	-0.454934 	-1.278 	0.282768 	0.53331 	0.042713 	
2.805	0.00282359 	-0.454666 	-1.27824 	0.282761 	0.532752 	0.0425567 	
2.81	0.00279923 	-0.454397 	-1.27848 	0.282755 	0.532193 	0.0423993 	
2.815	0.00277515 	-0.454129 	-1.27872 	0.282751 	0.531633 	0.042241 	
2.82	0.00275135 	-0.45386 	-1.27896 	0.282748 	0.531073 	0.042082 	
2.825	0.00272785 	-0.453591 	-1.2792 	0.282746 	0.530511 	0.0419224 	
2.83	0.00267524 	-0.453325 	-1.27942 	0.282684 	0.529918 	0.0418189 	
2.835	0.00257843 	-0.453066 	-1.27962 	0.282507 	0.529274 	0.0418053 	
2.84	0.00249172 	-0.452814 	-1.27981 	0.282333 	0.528605 	0.0417961 	
2.845	0.00243602 	-0.452555 	-1.28 	0.28225 	0.527914 	0.041744 	
2.85	0.00239898 	-0.452292 	-1.28017 	0.282228 	0.527205 	0.041666 	
2.855	0.00235017 	-0.452028 	-1.28034 	0.282189 	0.526483 	0.0416066 	
2.86	0.00225305 	-0.451772 	-1.2805 	0.282016 	0.525752 	0.041637 	
2.865	0.00211104 	-0.451523 	-1.2807 	0.281751 	0.525118 	0.041849 	
2.87	0.00192569 	-0.451279 	-1.28089 	0.281405 	0.524457 	0.0421011 	
2.875	0.00173805 	-0.451057 	-1.28109 	0.281004 	0.523773 	0.0423626 	
2.88	0.00159767 	-0.450824 	-1.28126 	0.280785 	0.523061 	0.0425117 	
2.885	0.00150947 	-0.450582 	-1.28142 	0.280708 	0.522332 	0.0425581 	
2.89	0.00144455 	-0.450312 	-1.28154 	0.280819 	0.521613 	0.0425501 	
2.895	0.00134485 	-0.450048 	-1.28165 	0.280714 	0.520837 	0.0425879 	
2.9	0.0012058 	-0.449791 	-1.28179 	0.280453 	0.520072 	0.0427025 	
2.905	0.00106297 	-0.449532 	-1.28193 	0.280208 	0.519303 	0.0428145 	
2.91	0.000943462 	-0.44926 	-1.28216 	0.279949 	0.518706 	0.042825 	
2.915	0.000840854 	-0.448987 	-1.28238 	0.279762 	0.518073 	0.0428234 	
2.92	0.000762847 	-0.448705 	-1.28262 	0.279621 	0.517478 	0.0428004 	
2.925	0.000703476 	-0.448416 	-1.28287 	0.279526 	0.516894 	0.0427865 	
2.93	0.000683033 	-0.448121 	-1.28313 	0.279527 	0.516317 	0.0427258 	
2.935	0.00069251 	-0.447821 	-1.28337 	0.279594 	0.515741 	0.0426447 	
2.94	0.00069566 	-0.447519 	-1.28362 	0.279637 	0.515161 	0.0425873 	
2.945	0.000693043 	-0.447216 	-1.28387 	0.27967 	0.514579 	0.0425498 	
2.95	0.000684677 	-0.446914 	-1.28412 	0.279693 	0.513995 	0.0425269 	
2.955	0.000670774 	-0.446611 	-1.28437 	0.279707 	0.513409 	0.0425144 	
2.96	0.000678417 	-0.446305 	-1.28462 	0.279776 	0.512814 	0.0424693 	
2.965	0.000703391 	-0.445998 	-1.28486 	0.27988 	0.512215 	0.0424012 	
2.97	0.00073687 	-0.44569 	-1.2851 	0.280007 	0.511614 	0.0423187 	
2.975	0.000773701 	-0.445382 	-1.28534 	0.280142 	0.511016 	0.0422265 	
2.98	0.000812194 	-0.445076 	-1.28557 	0.280286 	0.510404 	0.0421288 	
2.985	0.000847842 	-0.444773 	-1.2858 	0.280431 	0.509792 	0.0420248 	
2.99	0.000881665 	-0.444472 	-1.28604 	0.280565 	0.509201 	0.0419139 	
2.995	0.000913671 	-0.444172 	-1.28628 	0.280695 	0.508617 	0.0418008 	
3	0.000944693 	-0.443873 	-1.28652 	0.280824 	0.508036 	0.0416861 	
3.005	0.000967199 	-0.443577 	-1.28677 	0.280953 	0.507458 	0.0415972 	
3.01	0.00098682 	-0.443281 	-1.28702 	0.281073 	0.506889 	0.0415108 	
3.015	0.00100496 	-0.442985 	-1.28727 	0.281189 	0.506322 	0.0414251 	
3.02	0.00102247 	-0.442689 	-1.28752 	0.281304 	0.505756 	0.0413406 	
3.025	0.00103994 	-0.442391 	-1.28777 	0.281418 	0.505189 	0.041258 	
3.03	0.00105741 	-0.442093 	-1.28802 	0.281531 	0.504622 	0.041179 	
3.035	0.0010637 	-0.441797 	-1.28827 	0.281613 	0.504037 	0.0410962 	
3.04	0.00106947 	-0.441502 	-1.28851 	0.281678 	0.503445 	0.0410074 	
3.045	0.00108231 	-0.441204 	-1.28875 	0.281763 	0.50285 	0.0408793 	
3.05	0.00108648 	-0.440906 	-1.28899 	0.281819 	0.502258 	0.0407254 	
3.055	0.00108362 	-0.440606 	-1.28924 	0.281843 	0.501671 	0.0405625 	
3.06	0.00107836 	-0.440306 	-1.28949 	0.281866 	0.50108 	0.040406 	
3.065	0.0010708 	-0.440006 	-1.28974 	0.281892 	0.500489 	0.040278 	
3.07	0.00107064 	-0.439704 	-1.28998 	0.281947 	0.499895 	0.0401187 	
3.075	0.00106574 	-0.439402 	-1.29023 	0.281979 	0.499304 	0.0400018 	
3.08	0.00104664 	-0.439102 	-1.29048 	0.281989 	0.498711 	0.0399129 	
3.085	0.00100318 	-0.438805 	-1.29074 	0.281932 	0.498113 	0.0398597 	
3.09	0.000958927 	-0.438505 	-1.29099 	0.28188 	0.497514 	0.0398096 	
3.095	0.000917382 	-0.438202 	-1.29125 	0.28183 	0.496911 	0.039727 	
3.1	0.000882498 	-0.437895 	-1.2915 	0.281796 	0.496306 	0.0396387 	
3.105	0.000842295 	-0.437588 	-1.29175 	0.281752 	0.495678 	0.0395108 	
3.11	0.000807338 	-0.437279 	-1.292 	0.281708 	0.49505 	0.0393566 	
3.115	0.000779123 	-0.436966 	-1.29224 	0.281679 	0.494414 	0.0391871 	
3.12	0.000766681 	-0.436647 	-1.29248 	0.281692 	0.493777 	0.039008 	
3.125	0.000759856 	-0.436325 	-1.29273 	0.281719 	0.493137 	0.0388251 	
3.13	0.000754899 	-0.436001 	-1.29297 	0.28175 	0.492495 	0.038641 	
3.135	0.000749864 	-0.435677 	-1.29321 	0.281778 	0.491852 	0.0384571 	
3.14	0.000721411 	-0.435358 	-1.29346 	0.281755 	0.491217 	0.0383845 	
3.145	0.000682236 	-0.435041 	-1.29371 	0.281714 	0.490586 	0.0383616 	
3.15	0.000637919 	-0.434726 	-1.29397 	0.281661 	0.489957 	0.0383635 	
3.155	0.000590136 	-0.434412 	-1.29423 	0.281599 	0.489329 	0.0383705 	
3.16	0.00054204 	-0.434099 	-1.29449 	0.281535 	0.488702 	0.0383754 	
3.165	0.000499799 	-0.433785 	-1.29475 	0.281492 	0.488082 	0.0383546 	
3.17	0.000467261 	-0.43347 	-1.29501 	0.281485 	0.487467 	0.0383325 	
3.175	0.000431214 	-0.433159 	-1.29527 	0.281457 	0.486845 	0.0382696 	
3.18	0.000399311 	-0.432846 	-1.29553 	0.281432 	0.486219 	0.0381736 	
3.185	0.000363259 	-0.432535 	-1.29579 	0.281394 	0.485598 	0.0381249 	
3.19	0.000331308 	-0.432221 	-1.29604 	0.281365 	0.484973 	0.0380515 	
3.195	0.000301505 	-0.431906 	-1.2963 	0.281342 	0.484346 	0.0379698 	
3.2	0.00027834 	-0.43159 	-1.29656 	0.28134 	0.483724 	0.0378967 	
3.205	0.000253471 	-0.431276 	-1.29681 	0.281335 	0.483105 	0.0378765 	
3.21	0.00022817 	-0.430961 	-1.29707 	0.281331 	0.482489 	0.0378658 	
3.215	0.000213489 	-0.430643 	-1.29733 	0.281354 	0.481877 	0.0378626 	
3.22	0.000205916 	-0.430324 	-1.29759 	0.281396 	0.481266 	0.0378674 	
3.225	0.00018834 	-0.430008 	-1.29785 	0.281408 	0.480647 	0.0378784 	
3.23	0.000166829 	-0.429694 	-1.2981 	0.281411 	0.480027 	0.0378875 	
3.235	0.000142967 	-0.42938 	-1.29835 	0.281409 	0.479409 	0.0378864 	
3.24	0.000106177 	-0.42907 	-1.2986 	0.281375 	0.478787 	0.037924 	
3.245	6.34529e-05 	-0.428762 	-1.29886 	0.281326 	0.478165 	0.0379671 	
3.25	2.27979e-05 	-0.428453 	-1.29911 	0.281286 	0.477546 	0.0379982 	
3.255	-1.69886e-05 	-0.428144 	-1.29937 	0.281249 	0.476929 	0.0380241 	
3.26	-5.66011e-05 	-0.427836 	-1.29962 	0.281213 	0.476312 	0.0380477 	
3.265	-9.46294e-05 	-0.427528 	-1.29988 	0.281181 	0.475697 	0.0380635 	
3.27	-0.000130626 	-0.427219 	-1.30013 	0.281155 	0.475082 	0.0380729 	
3.275	-0.00016478 	-0.42691 	-1.30039 	0.281136 	0.474468 	0.0380782 	
3.28	-0.000198497 	-0.426601 	-1.30064 	0.281117 	0.473855 	0.0380834 	
3.285	-0.000232226 	-0.426292 	-1.3009 	0.2811 	0.47324 	0.0380889 	
3.29	-0.000265341 	-0.425982 	-1.30115 	0.281083 	0.472625 	0.0380881 	
3.295	-0.000298422 	-0.425673 	-1.30141 	0.281067 	0.47201 	0.038085 	
3.3	-0.000331644 	-0.425363 	-1.30166 	0.281051 	0.471394 	0.0380809 	
3.305	-0.000365043 	-0.425054 	-1.30192 	0.281034 	0.470777 	0.0380675 	
3.31	-0.000416203 	-0.424747 	-1.30217 	0.280982 	0.470153 	0.038075 	
3.315	-0.000468209 	-0.42444 	-1.30241 	0.28093 	0.469527 	0.0380662 	
3.32	-0.000537161 	-0.424138 	-1.30266 	0.280812 	0.468887 	0.0381009 	
3.325	-0.000608386 	-0.423835 	-1.30291 	0.280689 	0.468248 	0.0380765 	
3.33	-0.000700343 	-0.423536 	-1.30315 	0.280525 	0.467601 	0.0380902 	
3.335	-0.000811486 	-0.423239 	-1.30339 	0.280323 	0.466948 	0.0381278 	
3.34	-0.000919387 	-0.42294 	-1.30364 	0.280132 	0.466297 	0.0381534 	
3.345	-0.00102266 	-0.422638 	-1.30388 	0.27995 	0.465644 	0.038168 	
3.35	-0.0011199 	-0.422332 	-1.30413 	0.279783 	0.464988 	0.0381701 	
3.355	-0.00121113 	-0.422022 	-1.30438 	0.279631 	0.464329 	0.038165 	
3.36	-0.00129314 	-0.421709 	-1.30463 	0.279504 	0.463669 	0.0381417 	
3.365	-0.00140014 	-0.421402 	-1.30487 	0.279318 	0.462998 	0.0381881 	
3.37	-0.00147617 	-0.421087 	-1.30513 	0.279217 	0.462349 	0.0381907 	
3.375	-0.00153774 	-0.420769 	-1.30538 	0.279141 	0.461702 	0.0381909 	
3.38	-0.00159002 	-0.420451 	-1.30564 	0.27908 	0.461056 	0.0381878 	
3.385	-0.00163464 	-0.420132 	-1.30589 	0.279037 	0.460413 	0.0381766 	
3.39	-0.00166999 	-0.419811 	-1.30615 	0.279013 	0.459771 	0.0381549 	
3.395	-0.00170656 	-0.419492 	-1.3064 	0.278982 	0.459124 	0.0381232 	
3.4	-0.00174393 	-0.419174 	-1.30665 	0.278946 	0.458475 	0.0380812 	
3.405	-0.001782 	-0.418857 	-1.30689 	0.278908 	0.457828 	0.0380297 	
3.41	-0.00182408 	-0.418541 	-1.30714 	0.27886 	0.457176 	0.0379864 	
3.415	-0.00186288 	-0.418224 	-1.30738 	0.278829 	0.456529 	0.0379465 	
3.42	-0.00190572 	-0.417909 	-1.30763 	0.278782 	0.455877 	0.0379148 	
3.425	-0.00195064 	-0.417595 	-1.30787 	0.27873 	0.455225 	0.037877 	
3.43	-0.00199481 	-0.417281 	-1.30811 	0.278678 	0.454572 	0.0378172 	
3.435	-0.00203575 	-0.416966 	-1.30836 	0.278631 	0.453923 	0.0377389 	
3.44	-0.00207578 	-0.416651 	-1.30861 	0.278593 	0.453278 	0.0377193 	
3.445	-0.00211567 	-0.416335 	-1.30885 	0.278558 	0.452634 	0.0377086 	
3.45	-0.00215335 	-0.416018 	-1.3091 	0.278533 	0.45199 	0.0377054 	
3.455	-0.00219035 	-0.415701 	-1.30935 	0.278512 	0.451345 	0.0377076 	
3.46	-0.0022249 	-0.415382 	-1.3096 	0.278498 	0.450701 	0.0377074 	
3.465	-0.00226039 	-0.415064 	-1.30984 	0.278481 	0.450054 	0.0377114 	
3.47	-0.00228442 	-0.414741 	-1.31009 	0.278488 	0.449407 	0.0376844 	
3.475	-0.00230339 	-0.414417 	-1.31033 	0.278509 	0.448757 	0.037642 	
3.48	-0.00232081 	-0.414092 	-1.31058 	0.278533 	0.448105 	0.0375945 	
3.485	-0.00233611 	-0.413767 	-1.31082 	0.278566 	0.447455 	0.0375627 	
3.49	-0.00235079 	-0.413442 	-1.31107 	0.278601 	0.446807 	0.0375697 	
3.495	-0.00236622 	-0.413117 	-1.31131 	0.278635 	0.44616 	0.0375923 	
3.5	-0.00237939 	-0.412795 	-1.31155 	0.278676 	0.445519 	0.0376446 	
3.505	-0.00239991 	-0.412478 	-1.31179 	0.278689 	0.444872 	0.0376523 	
3.51	-0.00242098 	-0.412162 	-1.31203 	0.278703 	0.444227 	0.0376533 	
3.515	-0.00244469 	-0.41185 	-1.31227 	0.278711 	0.443584 	0.0376604 	
3.52	-0.00247128 	-0.41154 	-1.31251 	0.27871 	0.442942 	0.0376773 	
3.525	-0.0024927 	-0.41123 	-1.31274 	0.278727 	0.442306 	0.0377035 	
3.53	-0.00251496 	-0.410918 	-1.31298 	0.278749 	0.44167 	0.037794 	
3.535	-0.00254643 	-0.410607 	-1.31321 	0.27874 	0.44102 	0.0378534 	
3.54	-0.00256234 	-0.410292 	-1.31344 	0.278773 	0.440374 	0.0379024 	
3.545	-0.00256753 	-0.409974 	-1.31368 	0.278831 	0.439734 	0.037944 	
3.55	-0.00256525 	-0.409653 	-1.31392 	0.27891 	0.439095 	0.0379917 	
3.555	-0.00257977 	-0.409336 	-1.31415 	0.278938 	0.438448 	0.0380076 	
3.56	-0.00260895 	-0.409023 	-1.31439 	0.278929 	0.437794 	0.0380288 	
3.565	-0.00264689 	-0.408712 	-1.31462 	0.278901 	0.43714 	0.038039 	
3.57	-0.00269026 	-0.408401 	-1.31486 	0.278858 	0.436485 	0.0380425 	
3.575	-0.00274461 	-0.408091 	-1.31509 	0.278787 	0.435822 	0.0380513 	
3.58	-0.00279873 	-0.40778 	-1.31532 	0.278725 	0.435157 	0.0380623 	
3.585	-0.00284474 	-0.407465 	-1.31555 	0.278687 	0.434492 	0.0380724 	
3.59	-0.00289005 	-0.407149 	-1.31579 	0.278644 	0.433829 	0.0380746 	
3.595	-0.0029272 	-0.406833 	-1.31602 	0.278621 	0.433166 	0.0380791 	
3.6	-0.00296525 	-0.406516 	-1.31626 	0.278593 	0.432503 	0.0380798 	
3.605	-0.00299241 	-0.406194 	-1.31649 	0.278593 	0.431841 	0.0380803 	
3.61	-0.00303072 	-0.405876 	-1.31672 	0.278559 	0.431162 	0.0381017 	
3.615	-0.00305897 	-0.405557 	-1.31695 	0.278554 	0.430497 	0.0381241 	
3.62	-0.00308352 	-0.40524 	-1.31719 	0.27856 	0.429837 	0.0381447 	
3.625	-0.00310675 	-0.404924 	-1.31742 	0.278569 	0.42918 	0.0381641 	
3.63	-0.00312947 	-0.404611 	-1.31765 	0.278579 	0.428525 	0.0381821 	
3.635	-0.00315194 	-0.404299 	-1.31788 	0.27859 	0.427873 	0.0381985 	
3.64	-0.00317412 	-0.403988 	-1.31811 	0.278603 	0.427221 	0.0382077 	
3.645	-0.00318606 	-0.403674 	-1.31834 	0.278653 	0.426574 	0.0382121 	
3.65	-0.00320928 	-0.403365 	-1.31856 	0.278684 	0.425924 	0.0382173 	
3.655	-0.0032429 	-0.403237 	-1.31873 	0.278696 	0.425534 	0.0382219 	
3.66	-0.00326526 	-0.403105 	-1.31889 	0.278699 	0.425134 	0.0382258 	
3.665	-0.00328659 	-0.402963 	-1.31904 	0.278686 	0.424711 	0.0381981 	
3.67	-0.00330523 	-0.402806 	-1.31919 	0.278677 	0.424274 	0.0381452 	
3.675	-0.00332472 	-0.402634 	-1.31934 	0.27867 	0.423825 	0.038108 	
3.68	-0.00334523 	-0.402449 	-1.3195 	0.278665 	0.423363 	0.0380971 	
3.685	-0.00337014 	-0.402248 	-1.31967 	0.278652 	0.42288 	0.0380965 	
3.69	-0.0034035 	-0.402036 	-1.31984 	0.278617 	0.422375 	0.0381014 	
3.695	-0.00343349 	-0.401809 	-1.32001 	0.278596 	0.421852 	0.0380839 	
3.7	-0.00346216 	-0.401569 	-1.32019 	0.278584 	0.421309 	0.0380607 	
3.705	-0.00350009 	-0.40132 	-1.32038 	0.278546 	0.420747 	0.0380588 	
3.71	-0.00354261 	-0.401061 	-1.32057 	0.2785 	0.420168 	0.0380613 	
3.715	-0.0035823 	-0.400792 	-1.32077 	0.278469 	0.419575 	0.0380435 	
3.72	-0.00362214 	-0.400515 	-1.32097 	0.27844 	0.418967 	0.0380215 	
3.725	-0.00366412 	-0.40023 	-1.32118 	0.278407 	0.418345 	0.0380033 	
3.73	-0.00370905 	-0.399939 	-1.32139 	0.278368 	0.417712 	0.0379905 	
3.735	-0.00375719 	-0.399643 	-1.3216 	0.278321 	0.417068 	0.037984 	
3.74	-0.00380882 	-0.399342 	-1.32182 	0.278266 	0.416414 	0.0379833 	
3.745	-0.00385583 	-0.399034 	-1.32203 	0.278231 	0.415754 	0.0379852 	
3.75	-0.003903 	-0.398722 	-1.32225 	0.278195 	0.415084 	0.037986 	
3.755	-0.00394562 	-0.398406 	-1.32248 	0.278173 	0.414413 	0.0379842 	
3.76	-0.00398678 	-0.398088 	-1.3227 	0.278155 	0.413737 	0.0379814 	
3.765	-0.00402739 	-0.397767 	-1.32293 	0.278137 	0.413057 	0.0379783 	
3.77	-0.00406776 	-0.397445 	-1.32315 	0.27812 	0.412373 	0.0379751 	
3.775	-0.00410204 	-0.39712 	-1.32338 	0.278125 	0.411682 	0.0379396 	
3.78	-0.00413478 	-0.396792 	-1.3236 	0.278131 	0.410985 	0.0378996 	
3.785	-0.00416643 	-0.396468 	-1.32382 	0.27814 	0.410295 	0.0378744 	
3.79	-0.00420386 	-0.396144 	-1.32404 	0.278129 	0.409596 	0.0378386 	
3.795	-0.00424594 	-0.395819 	-1.32426 	0.278099 	0.408894 	0.0377916 	
3.8	-0.00428975 	-0.395493 	-1.32448 	0.278066 	0.408187 	0.0377402 	
3.805	-0.0043378 	-0.395165 	-1.3247 	0.278032 	0.407479 	0.0377047 	
3.81	-0.00437668 	-0.394842 	-1.32492 	0.278036 	0.406785 	0.0376913 	
3.815	-0.00441574 	-0.394517 	-1.32515 	0.278032 	0.40609 	0.0376837 	
3.82	-0.00445649 	-0.394191 	-1.32537 	0.27802 	0.405393 	0.0376799 	
3.825	-0.00449903 	-0.393875 	-1.32559 	0.278 	0.404704 	0.0376601 	
3.83	-0.00454194 	-0.393567 	-1.3258 	0.277976 	0.404026 	0.0376362 	
3.835	-0.00458411 	-0.393268 	-1.32601 	0.277951 	0.403361 	0.0376125 	
3.84	-0.0046252 	-0.392978 	-1.32622 	0.277926 	0.402708 	0.0375905 	
3.845	-0.00466508 	-0.392695 	-1.32642 	0.277903 	0.402066 	0.0375714 	
3.85	-0.00470373 	-0.392419 	-1.32662 	0.277882 	0.401436 	0.0375564 	
3.855	-0.00474116 	-0.39215 	-1.32682 	0.277862 	0.400817 	0.0375462 	
3.86	-0.00477743 	-0.391887 	-1.32701 	0.277845 	0.400207 	0.0375416 	
3.865	-0.00481258 	-0.39163 	-1.3272 	0.27783 	0.399606 	0.0375432 	
3.87	-0.00484772 	-0.391367 	-1.32738 	0.27781 	0.398999 	0.0375373 	
3.875	-0.0048839 	-0.391097 	-1.32758 	0.277787 	0.398384 	0.037536 	
3.88	-0.00492108 	-0.390821 	-1.32777 	0.277764 	0.397761 	0.0375359 	
3.885	-0.00495921 	-0.390538 	-1.32797 	0.27774 	0.397129 	0.0375361 	
3.89	-0.00499831 	-0.390251 	-1.32817 	0.277716 	0.396487 	0.0375335 	
3.895	-0.0050441 	-0.389958 	-1.32836 	0.277672 	0.39583 	0.0375277 	
3.9	-0.00509274 	-0.389661 	-1.32857 	0.277623 	0.395163 	0.0375254 	
3.905	-0.00513535 	-0.389552 	-1.32871 	0.277601 	0.394792 	0.0375255 	
3.91	-0.00516299 	-0.389431 	-1.32885 	0.27757 	0.394394 	0.0375269 	
3.915	-0.00518373 	-0.389296 	-1.32898 	0.277552 	0.393979 	0.0375307 	
3.92	-0.00520591 	-0.389145 	-1.32911 	0.27753 	0.393541 	0.0375364 	
3.925	-0.00522871 	-0.388977 	-1.32925 	0.277512 	0.393082 	0.0375405 	
3.93	-0.00525185 	-0.388791 	-1.32939 	0.277498 	0.392603 	0.0375327 	
3.935	-0.00527904 	-0.388591 	-1.32954 	0.277475 	0.392101 	0.0375309 	
3.94	-0.00530792 	-0.388376 	-1.3297 	0.277454 	0.39158 	0.0375289 	
3.945	-0.00533367 	-0.388145 	-1.32986 	0.277451 	0.391038 	0.0375216 	
3.95	-0.0053587 	-0.387902 	-1.33003 	0.277456 	0.390475 	0.0375123 	
3.955	-0.00538474 	-0.387647 	-1.3302 	0.27746 	0.389892 	0.0375031 	
3.96	-0.00541282 	-0.387381 	-1.33038 	0.277462 	0.38929 	0.0374949 	
3.965	-0.0054433 	-0.387107 	-1.33056 	0.27746 	0.388672 	0.0374887 	
3.97	-0.00547639 	-0.386824 	-1.33075 	0.277453 	0.388038 	0.037485 	
3.975	-0.00551217 	-0.386534 	-1.33094 	0.27744 	0.387389 	0.0374837 	
3.98	-0.00555658 	-0.386239 	-1.33113 	0.277402 	0.386725 	0.0374855 	
3.985	-0.0056046 	-0.385937 	-1.33133 	0.277358 	0.386047 	0.0374908 	
3.99	-0.00564976 	-0.385629 	-1.33153 	0.277327 	0.385362 	0.0374946 	
3.995	-0.00569449 	-0.385316 	-1.33173 	0.2773 	0.384668 	0.0374984 	
4	-0.00573904 	-0.384998 	-1.33194 	0.277274 	0.383966 	0.0375012 	
4.005	-0.00578439 	-0.384677 	-1.33214 	0.277248 	0.383255 	0.0375045 	
4.01	-0.00583175 	-0.384353 	-1.33235 	0.277216 	0.382538 	0.0375093 	
4.015	-0.00587748 	-0.384029 	-1.33255 	0.277187 	0.381816 	0.0374742 	
4.02	-0.00592341 	-0.38372 	-1.33275 	0.277165 	0.381116 	0.0374807 	
4.025	-0.005968 	-0.383419 	-1.33295 	0.277145 	0.380428 	0.0374978 	
4.03	-0.00601518 	-0.383125 	-1.33314 	0.277118 	0.379747 	0.0375304 	
4.035	-0.006061 	-0.382835 	-1.33333 	0.277091 	0.379071 	0.0375572 	
4.04	-0.00610478 	-0.382553 	-1.33352 	0.277067 	0.378407 	0.0375785 	
4.045	-0.00614681 	-0.382277 	-1.3337 	0.277046 	0.377754 	0.0375981 	
4.05	-0.00619094 	-0.382005 	-1.33388 	0.277022 	0.37711 	0.0376353 	
4.055	-0.00623124 	-0.381751 	-1.33405 	0.277006 	0.376498 	0.0376578 	
4.06	-0.00627922 	-0.381506 	-1.33422 	0.276988 	0.375906 	0.0376969 	
4.065	-0.00633025 	-0.381256 	-1.33438 	0.276956 	0.375296 	0.0377354 	
4.07	-0.00637434 	-0.380999 	-1.33455 	0.276946 	0.37468 	0.0377697 	
4.075	-0.00642116 	-0.380737 	-1.33472 	0.276923 	0.374049 	0.0378133 	
4.08	-0.00646907 	-0.38047 	-1.33489 	0.276896 	0.373409 	0.0378598 	
4.085	-0.00651754 	-0.380199 	-1.33506 	0.276869 	0.372759 	0.0379074 	
4.09	-0.00655208 	-0.379928 	-1.33523 	0.276883 	0.372123 	0.0379511 	
4.095	-0.00658812 	-0.379668 	-1.3354 	0.276884 	0.371516 	0.0379749 	
4.1	-0.00661899 	-0.379528 	-1.33554 	0.276906 	0.371107 	0.0379914 	
4.105	-0.00664208 	-0.379388 	-1.33567 	0.276918 	0.370684 	0.0380174 	
4.11	-0.00666029 	-0.379234 	-1.3358 	0.276927 	0.370246 	0.0380292 	
4.115	-0.00667696 	-0.379067 	-1.33593 	0.276931 	0.369786 	0.0380369 	
4.12	-0.00669251 	-0.378887 	-1.33606 	0.276937 	0.369307 	0.0380439 	
4.125	-0.00670788 	-0.378693 	-1.3362 	0.276947 	0.36881 	0.0380499 	
4.13	-0.00672218 	-0.378485 	-1.33635 	0.276958 	0.36829 	0.0380488 	
4.135	-0.00673229 	-0.378262 	-1.3365 	0.276986 	0.367749 	0.0380512 	
4.14	-0.00674033 	-0.378025 	-1.33665 	0.277026 	0.36719 	0.0380579 	
4.145	-0.00674805 	-0.377775 	-1.33681 	0.277072 	0.366612 	0.0380655 	
4.15	-0.00675606 	-0.377515 	-1.33698 	0.27712 	0.366014 	0.0380733 	
4.155	-0.00676455 	-0.377244 	-1.33715 	0.277171 	0.365399 	0.0380815 	
4.16	-0.00677597 	-0.376966 	-1.33732 	0.277214 	0.364769 	0.0380888 	
4.165	-0.00679251 	-0.376683 	-1.3375 	0.277242 	0.364125 	0.0380945 	
4.17	-0.00681141 	-0.376395 	-1.33768 	0.277267 	0.363472 	0.0380999 	
4.175	-0.00683165 	-0.376103 	-1.33786 	0.27729 	0.362809 	0.0381055 	
4.18	-0.00685279 	-0.375808 	-1.33805 	0.277314 	0.362139 	0.0381113 	
4.185	-0.00687461 	-0.375509 	-1.33823 	0.277337 	0.361462 	0.0381173 	
4.19	-0.00689697 	-0.375207 	-1.33842 	0.277361 	0.360779 	0.038124 	
4.195	-0.00691978 	-0.374903 	-1.33861 	0.277385 	0.360091 	0.0381309 	
4.2	-0.00694294 	-0.374597 	-1.3388 	0.277409 	0.359398 	0.0381379 	
4.205	-0.0069789 	-0.374289 	-1.33898 	0.277394 	0.35869 	0.0381458 	
4.21	-0.00701986 	-0.373977 	-1.33917 	0.277369 	0.357972 	0.0381541 	
4.215	-0.00706336 	-0.373662 	-1.33936 	0.27734 	0.357247 	0.0381622 	
4.22	-0.00710871 	-0.373343 	-1.33955 	0.27731 	0.356514 	0.0381672 	
4.225	-0.00715531 	-0.37302 	-1.33974 	0.27728 	0.355773 	0.0381772 	
4.23	-0.0072082 	-0.372695 	-1.33993 	0.277232 	0.355022 	0.0381871 	
4.235	-0.00726159 	-0.372366 	-1.34012 	0.277186 	0.354266 	0.0381929 	
4.24	-0.00731718 	-0.372039 	-1.34031 	0.27714 	0.353503 	0.0382239 	
4.245	-0.00737324 	-0.371715 	-1.34049 	0.2771 	0.352741 	0.0382701 	
4.25	-0.00742917 	-0.371391 	-1.34068 	0.27706 	0.351975 	0.0383207 	
4.255	-0.00748524 	-0.371065 	-1.34086 	0.277022 	0.351205 	0.0383742 	
4.26	-0.00753696 	-0.37074 	-1.34105 	0.276983 	0.350434 	0.0384215 	
4.265	-0.00758956 	-0.370417 	-1.34123 	0.276944 	0.349665 	0.038473 	
4.27	-0.00764174 	-0.370094 	-1.34142 	0.276904 	0.348896 	0.0385005 	
4.275	-0.00769351 	-0.369769 	-1.3416 	0.276866 	0.348127 	0.0385198 	
4.28	-0.00774561 	-0.369443 	-1.34179 	0.276828 	0.347356 	0.038537 	
4.285	-0.00779943 	-0.369118 	-1.34197 	0.276787 	0.346583 	0.0385579 	
4.29	-0.00785222 	-0.368792 	-1.34215 	0.276747 	0.34581 	0.0385333 	
4.295	-0.0079066 	-0.368475 	-1.34233 	0.276697 	0.345051 	0.0384946 	
4.3	-0.00795745 	-0.368158 	-1.34251 	0.276671 	0.344291 	0.0385052 	
4.305	-0.00801795 	-0.367848 	-1.34268 	0.276602 	0.343536 	0.0384838 	
4.31	-0.00808519 	-0.36754 	-1.34285 	0.276508 	0.342779 	0.038458 	
4.315	-0.0081546 	-0.367235 	-1.34302 	0.276408 	0.342024 	0.0384305 	
4.32	-0.00821879 	-0.36694 	-1.34319 	0.276329 	0.341304 	0.0384007 	
4.325	-0.0082693 	-0.366727 	-1.34334 	0.276287 	0.340724 	0.0383665 	
4.33	-0.00830894 	-0.366513 	-1.34348 	0.276221 	0.340131 	0.0383389 	
4.335	-0.00835067 	-0.366293 	-1.34362 	0.276143 	0.339526 	0.0383166 	
4.34	-0.00839435 	-0.366065 	-1.34376 	0.276062 	0.338909 	0.0382965 	
4.345	-0.00844032 	-0.365828 	-1.3439 	0.275982 	0.338279 	0.0382766 	
4.35	-0.00848872 	-0.365583 	-1.34404 	0.275901 	0.337636 	0.0382555 	
4.355	-0.00854237 	-0.365329 	-1.34418 	0.275811 	0.336981 	0.0382017 	
4.36	-0.00859508 	-0.365091 	-1.34432 	0.275741 	0.336378 	0.0381528 	
4.365	-0.00863606 	-0.364887 	-1.34446 	0.275689 	0.335809 	0.038058 	
4.37	-0.00868351 	-0.364678 	-1.34459 	0.275611 	0.335219 	0.0379927 	
4.375	-0.00872747 	-0.364489 	-1.34472 	0.275549 	0.334666 	0.0379664 	
4.38	-0.00875697 	-0.364285 	-1.34485 	0.275528 	0.334107 	0.0379528 	
4.385	-0.00877931 	-0.364067 	-1.34499 	0.275525 	0.33353 	0.0379409 	
4.39	-0.00880767 	-0.363841 	-1.34512 	0.275505 	0.332938 	0.0379366 	
4.395	-0.00883877 	-0.363609 	-1.34526 	0.275481 	0.332336 	0.0379283 	
4.4	-0.00887198 	-0.363366 	-1.3454 	0.275457 	0.33172 	0.0379177 	
4.405	-0.00890729 	-0.363115 	-1.34555 	0.275432 	0.331088 	0.0379062 	
4.41	-0.00894452 	-0.362854 	-1.34569 	0.275406 	0.330441 	0.0378938 	
4.415	-0.00898542 	-0.362585 	-1.34584 	0.275375 	0.329776 	0.0378943 	
4.42	-0.00902894 	-0.362308 	-1.346 	0.275343 	0.329096 	0.0378988 	
4.425	-0.00907466 	-0.362024 	-1.34615 	0.275309 	0.328402 	0.0379055 	
4.43	-0.0091202 	-0.361732 	-1.34631 	0.275282 	0.327693 	0.0379136 	
4.435	-0.00916673 	-0.361435 	-1.34647 	0.275256 	0.326972 	0.0379249 	
4.44	-0.00920804 	-0.361129 	-1.34664 	0.275252 	0.326241 	0.0379197 	
4.445	-0.0092488 	-0.360946 	-1.34678 	0.275239 	0.325711 	0.0379187 	
4.45	-0.00928258 	-0.360754 	-1.34691 	0.275221 	0.325163 	0.0379159 	
4.455	-0.00931522 	-0.360553 	-1.34704 	0.2752 	0.3246 	0.0379078 	
4.46	-0.00934855 	-0.360341 	-1.34717 	0.275177 	0.324022 	0.0378983 	
4.465	-0.00938328 	-0.360118 	-1.34731 	0.275154 	0.323427 	0.037888 	
4.47	-0.00941991 	-0.359883 	-1.34744 	0.275129 	0.322815 	0.0378772 	
4.475	-0.0094587 	-0.359638 	-1.34758 	0.275103 	0.322185 	0.0378685 	
4.48	-0.00949926 	-0.359382 	-1.34772 	0.275075 	0.321538 	0.0378606 	
4.485	-0.00954224 	-0.359116 	-1.34787 	0.275045 	0.320873 	0.0378581 	
4.49	-0.00958704 	-0.358842 	-1.34802 	0.275013 	0.320192 	0.037857 	
4.495	-0.00963347 	-0.358559 	-1.34817 	0.27498 	0.319495 	0.0378563 	
4.5	-0.00968017 	-0.358269 	-1.34833 	0.274951 	0.318783 	0.03785 	
4.505	-0.00972766 	-0.357971 	-1.34848 	0.274922 	0.318057 	0.0378419 	
4.51	-0.00977607 	-0.357668 	-1.34864 	0.274893 	0.317318 	0.037833 	
4.515	-0.00982562 	-0.35736 	-1.3488 	0.274862 	0.316568 	0.037822 	
4.52	-0.00987415 	-0.357045 	-1.34897 	0.274838 	0.315807 	0.0378147 	
4.525	-0.0099233 	-0.356726 	-1.34913 	0.274816 	0.315034 	0.0378223 	
4.53	-0.0099707 	-0.356402 	-1.34929 	0.274802 	0.314255 	0.0378317 	
4.535	-0.0100198 	-0.356078 	-1.34946 	0.274781 	0.313471 	0.0378428 	
4.54	-0.0100697 	-0.355754 	-1.34963 	0.274758 	0.312686 	0.0378545 	
4.545	-0.01012 	-0.355455 	-1.34979 	0.274732 	0.311943 	0.0378616 	
4.55	-0.0101715 	-0.35516 	-1.34995 	0.274695 	0.311203 	0.0378505 	
4.555	-0.0102203 	-0.354901 	-1.3501 	0.274655 	0.310506 	0.0378098 	
4.56	-0.0102663 	-0.354646 	-1.35024 	0.274619 	0.309826 	0.0378001 	
4.565	-0.0103119 	-0.354388 	-1.35039 	0.274583 	0.309146 	0.0377963 	
4.57	-0.0103622 	-0.354128 	-1.35053 	0.274532 	0.308462 	0.0377881 	
4.575	-0.0104153 	-0.353866 	-1.35067 	0.274474 	0.307774 	0.0377762 	
4.58	-0.0104706 	-0.3536 	-1.35081 	0.274412 	0.307081 	0.0377605 	
4.585	-0.0105276 	-0.35333 	-1.35095 	0.274346 	0.306383 	0.0377421 	
4.59	-0.0105856 	-0.353058 	-1.35109 	0.27428 	0.305678 	0.0377218 	
4.595	-0.0106439 	-0.352782 	-1.35123 	0.274213 	0.304968 	0.0377003 	
4.6	-0.0107016 	-0.352502 	-1.35138 	0.27415 	0.304252 	0.0376804 	
4.605	-0.0107568 	-0.352221 	-1.35152 	0.274095 	0.303532 	0.0376292 	
4.61	-0.010811 	-0.351939 	-1.35166 	0.27404 	0.302805 	0.0375512 	
4.615	-0.0108649 	-0.351655 	-1.3518 	0.273985 	0.302072 	0.0374663 	
4.62	-0.0109189 	-0.35137 	-1.35194 	0.27393 	0.301335 	0.0373794 	
4.625	-0.0109731 	-0.351083 	-1.35208 	0.273875 	0.300594 	0.0372917 	
4.63	-0.0110274 	-0.350796 	-1.35222 	0.273819 	0.29985 	0.0372036 	
4.635	-0.0110823 	-0.350519 	-1.35236 	0.27376 	0.299124 	0.0371175 	
4.64	-0.0111352 	-0.350251 	-1.3525 	0.273704 	0.298414 	0.0370329 	
4.645	-0.0111875 	-0.350021 	-1.35262 	0.273651 	0.2978 	0.0369492 	
4.65	-0.0112352 	-0.349791 	-1.35274 	0.273601 	0.297178 	0.0368751 	
4.655	-0.0112817 	-0.349588 	-1.35285 	0.273554 	0.296622 	0.0368085 	
4.66	-0.011325 	-0.349383 	-1.35296 	0.273508 	0.296051 	0.0367442 	
4.665	-0.0113669 	-0.349177 	-1.35307 	0.273461 	0.295472 	0.0366786 	
4.67	-0.0114084 	-0.348971 	-1.35318 	0.273413 	0.294889 	0.0366128 	
4.675	-0.0114494 	-0.348754 	-1.35329 	0.273368 	0.294285 	0.0365441 	
4.68	-0.0114749 	-0.348747 	-1.35337 	0.273359 	0.294079 	0.0365294 	
4.685	-0.0114981 	-0.34872 	-1.35343 	0.273307 	0.293817 	0.0365097 	
4.69	-0.011525 	-0.348668 	-1.3535 	0.273244 	0.293513 	0.0364934 	
4.695	-0.0115436 	-0.348589 	-1.35357 	0.273219 	0.293175 	0.0364839 	
4.7	-0.0115644 	-0.348484 	-1.35364 	0.273199 	0.292789 	0.0364784 	
4.705	-0.0115884 	-0.348354 	-1.35372 	0.273176 	0.292361 	0.0364714 	
4.71	-0.0116141 	-0.348198 	-1.35381 	0.273161 	0.291894 	0.0364791 	
4.715	-0.0116394 	-0.348019 	-1.3539 	0.273153 	0.291386 	0.036496 	
4.72	-0.0116705 	-0.347819 	-1.354 	0.273133 	0.290837 	0.0365066 	
4.725	-0.0117047 	-0.347602 	-1.35411 	0.273105 	0.29025 	0.0365148 	
4.73	-0.011744 	-0.347368 	-1.35422 	0.273068 	0.289629 	0.0365191 	
4.735	-0.0117866 	-0.347119 	-1.35434 	0.27303 	0.288977 	0.0365212 	
4.74	-0.0118314 	-0.346857 	-1.35447 	0.272992 	0.288298 	0.0365211 	
4.745	-0.0118757 	-0.346582 	-1.35459 	0.272964 	0.287597 	0.0365285 	
4.75	-0.0119258 	-0.3463 	-1.35472 	0.272919 	0.28687 	0.0365231 	
4.755	-0.0119734 	-0.34601 	-1.35486 	0.272887 	0.286133 	0.036507 	
4.76	-0.0120219 	-0.345713 	-1.355 	0.272858 	0.285377 	0.0365121 	
4.765	-0.0120686 	-0.34541 	-1.35513 	0.272839 	0.28461 	0.036505 	
4.77	-0.0121159 	-0.345102 	-1.35527 	0.272818 	0.283831 	0.0364889 	
4.775	-0.0121645 	-0.344788 	-1.35542 	0.272796 	0.283038 	0.0364749 	
4.78	-0.012229 	-0.344532 	-1.35554 	0.272712 	0.282329 	0.0364743 	
4.785	-0.0122896 	-0.344333 	-1.35566 	0.272627 	0.281725 	0.0364787 	
4.79	-0.0123331 	-0.344121 	-1.35578 	0.272589 	0.281109 	0.036468 	
4.795	-0.0123749 	-0.343898 	-1.3559 	0.272547 	0.280477 	0.0364441 	
4.8	-0.0124226 	-0.343669 	-1.35601 	0.272489 	0.279833 	0.0364402 	
4.805	-0.0124647 	-0.343428 	-1.35613 	0.272447 	0.279172 	0.0364389 	
4.81	-0.0124966 	-0.343171 	-1.35625 	0.272447 	0.278499 	0.0364659 	
4.815	-0.0125321 	-0.342906 	-1.35637 	0.272435 	0.277804 	0.0364773 	
4.82	-0.0125773 	-0.342639 	-1.35649 	0.272387 	0.277095 	0.0364788 	
4.825	-0.0126297 	-0.342366 	-1.35661 	0.272322 	0.276369 	0.0364734 	
4.83	-0.0126778 	-0.342082 	-1.35674 	0.27228 	0.275628 	0.0364695 	
4.835	-0.0127264 	-0.34179 	-1.35687 	0.272243 	0.27487 	0.0364676 	
4.84	-0.012775 	-0.341507 	-1.357 	0.272214 	0.274128 	0.0364806 	
4.845	-0.012823 	-0.341249 	-1.35712 	0.272185 	0.273432 	0.0364963 	
4.85	-0.0128687 	-0.340991 	-1.35725 	0.272161 	0.272744 	0.0365133 	
4.855	-0.0129137 	-0.340732 	-1.35736 	0.272139 	0.272054 	0.0365313 	
4.86	-0.0129583 	-0.340478 	-1.35748 	0.272118 	0.271374 	0.0365494 	
4.865	-0.0130024 	-0.34023 	-1.3576 	0.272097 	0.270704 	0.0365673 	
4.87	-0.0130462 	-0.339984 	-1.35771 	0.272076 	0.270039 	0.036585 	
4.875	-0.0130899 	-0.339738 	-1.35783 	0.272056 	0.269376 	0.0366027 	
4.88	-0.0131336 	-0.339493 	-1.35794 	0.272035 	0.268716 	0.0366205 	
4.885	-0.0131772 	-0.339251 	-1.35805 	0.272015 	0.268059 	0.0366382 	
4.89	-0.0132207 	-0.33901 	-1.35816 	0.271995 	0.267406 	0.0366559 	
4.895	-0.0132642 	-0.33877 	-1.35827 	0.271974 	0.266754 	0.0366736 	
4.9	-0.0133077 	-0.33853 	-1.35838 	0.271954 	0.266103 	0.0366914 	
4.905	-0.0133511 	-0.338292 	-1.35849 	0.271934 	0.265454 	0.0367092 	
4.91	-0.0133946 	-0.338054 	-1.35859 	0.271914 	0.264806 	0.0367271 	
4.915	-0.013438 	-0.337816 	-1.3587 	0.271894 	0.264158 	0.036745 	
4.92	-0.0134815 	-0.33758 	-1.35881 	0.271874 	0.263512 	0.036763 	
4.925	-0.0135249 	-0.337343 	-1.35891 	0.271855 	0.262866 	0.0367811 	
4.93	-0.0135684 	-0.337107 	-1.35902 	0.271835 	0.26222 	0.0367992 	
4.935	-0.0136119 	-0.336872 	-1.35912 	0.271815 	0.261575 	0.0368174 	
4.94	-0.0136553 	-0.336637 	-1.35923 	0.271795 	0.260931 	0.0368357 	
4.945	-0.013699 	-0.336403 	-1.35933 	0.271775 	0.260289 	0.0368542 	
4.95	-0.0137427 	-0.336169 	-1.35943 	0.271755 	0.259646 	0.0368728 	
4.955	-0.0137849 	-0.335956 	-1.35953 	0.271735 	0.259044 	0.0368847 	
4.96	-0.0138267 	-0.335738 	-1.35963 	0.271714 	0.258434 	0.0368959 	
4.965	-0.0138695 	-0.335513 	-1.35973 	0.271693 	0.257809 	0.0369075 	
4.97	-0.0139148 	-0.335283 	-1.35983 	0.271668 	0.257173 	0.0369199 	
4.975	-0.0139629 	-0.335049 	-1.35993 	0.27164 	0.25653 	0.036933 	
4.98	-0.0140137 	-0.334815 	-1.36003 	0.271606 	0.255888 	0.0369467 	
4.985	-0.0140603 	-0.334589 	-1.36013 	0.271578 	0.255265 	0.0369591 	
4.99	-0.014103 	-0.334376 	-1.36023 	0.27156 	0.254665 	0.0369699 	
4.995	-0.0141428 	-0.334156 	-1.36033 	0.271536 	0.254056 	0.0369815 	
5	-0.0141798 	-0.33393 	-1.36042 	0.271522 	0.253436 	0.036992 	
5.005	-0.0142173 	-0.333705 	-1.36052 	0.271509 	0.252817 	0.0370026 	
5.01	-0.0142552 	-0.333482 	-1.36061 	0.271496 	0.2522 	0.0370131 	
5.015	-0.0142935 	-0.333257 	-1.36071 	0.271484 	0.25158 	0.0370238 	
5.02	-0.0143322 	-0.333034 	-1.3608 	0.271471 	0.25096 	0.0370344 	
5.025	-0.0143714 	-0.33281 	-1.3609 	0.271459 	0.250341 	0.0370451 	
5.03	-0.0144109 	-0.332587 	-1.36099 	0.271447 	0.249721 	0.0370559 	
5.035	-0.0144507 	-0.332364 	-1.36108 	0.271435 	0.249102 	0.0370667 	
5.04	-0.0144982 	-0.332143 	-1.36117 	0.271398 	0.248472 	0.0370861 	
5.045	-0.0145481 	-0.33192 	-1.36126 	0.271354 	0.247838 	0.0371079 	
5.05	-0.0145902 	-0.33168 	-1.36135 	0.271339 	0.247175 	0.0371071 	
5.055	-0.0146301 	-0.331429 	-1.36145 	0.27133 	0.246486 	0.0370999 	
5.06	-0.0146693 	-0.331171 	-1.36155 	0.271324 	0.24578 	0.037091 	
5.065	-0.0147075 	-0.330914 	-1.36166 	0.271322 	0.245074 	0.0370841 	
5.07	-0.0147449 	-0.33066 	-1.36176 	0.271323 	0.244373 	0.0370797 	
5.075	-0.0147812 	-0.330411 	-1.36187 	0.271327 	0.243679 	0.0370762 	
5.08	-0.0148167 	-0.330165 	-1.36198 	0.271333 	0.242991 	0.0370739 	
5.085	-0.0148511 	-0.329923 	-1.36208 	0.271341 	0.242308 	0.0370733 	
5.09	-0.0148847 	-0.329684 	-1.36218 	0.271351 	0.241629 	0.037075 	
5.095	-0.0149179 	-0.329446 	-1.36228 	0.271361 	0.240953 	0.0370794 	
5.1	-0.0149538 	-0.329209 	-1.36238 	0.271357 	0.240274 	0.0370816 	
5.105	-0.0149913 	-0.328971 	-1.36248 	0.271348 	0.239592 	0.0370848 	
5.11	-0.0150301 	-0.328732 	-1.36258 	0.271335 	0.238907 	0.0370892 	
5.115	-0.0150692 	-0.328487 	-1.36268 	0.271318 	0.238208 	0.0370855 	
5.12	-0.0151087 	-0.328237 	-1.36278 	0.2713 	0.237497 	0.0370791 	
5.125	-0.0151483 	-0.327981 	-1.36288 	0.271283 	0.236777 	0.0370718 	
5.13	-0.0151879 	-0.327721 	-1.36298 	0.271268 	0.236047 	0.0370641 	
5.135	-0.0152271 	-0.327456 	-1.36308 	0.271255 	0.235308 	0.0370563 	
5.14	-0.0152658 	-0.327187 	-1.36318 	0.271246 	0.234562 	0.037048 	
5.145	-0.0153036 	-0.326915 	-1.36329 	0.271242 	0.233808 	0.0370391 	
5.15	-0.0153404 	-0.326638 	-1.36339 	0.271241 	0.233048 	0.0370293 	
5.155	-0.015376 	-0.326359 	-1.3635 	0.271246 	0.232282 	0.0370188 	
5.16	-0.0154103 	-0.326076 	-1.3636 	0.271257 	0.231511 	0.0370071 	
5.165	-0.0154434 	-0.325795 	-1.36371 	0.271274 	0.230743 	0.0369938 	
5.17	-0.0154756 	-0.325519 	-1.36382 	0.271294 	0.229987 	0.0369885 	
5.175	-0.0155072 	-0.325249 	-1.36393 	0.271315 	0.229245 	0.0369891 	
5.18	-0.0155381 	-0.324988 	-1.36403 	0.271336 	0.228521 	0.036996 	
5.185	-0.0155791 	-0.32472 	-1.36413 	0.271322 	0.227767 	0.0369808 	
5.19	-0.0156249 	-0.324444 	-1.36422 	0.271299 	0.226991 	0.0369619 	
5.195	-0.0156737 	-0.324158 	-1.36432 	0.271273 	0.226194 	0.0369421 	
5.2	-0.015725 	-0.323863 	-1.36442 	0.271246 	0.225379 	0.0369221 	
5.205	-0.0157796 	-0.32356 	-1.36452 	0.271214 	0.224544 	0.0369082 	
5.21	-0.0158329 	-0.323248 	-1.36462 	0.271197 	0.223697 	0.0369129 	
5.215	-0.0158865 	-0.322954 	-1.36473 	0.271175 	0.222882 	0.0369406 	
5.22	-0.0159512 	-0.322681 	-1.36484 	0.271113 	0.222099 	0.0369716 	
5.225	-0.0160186 	-0.322424 	-1.36494 	0.271041 	0.221344 	0.0370071 	
5.23	-0.0160736 	-0.322178 	-1.36504 	0.271004 	0.220615 	0.0370396 	
5.235	-0.016123 	-0.321923 	-1.36514 	0.270985 	0.219868 	0.0370558 	
5.24	-0.0161706 	-0.321658 	-1.36523 	0.270971 	0.219105 	0.037067 	
5.245	-0.0162217 	-0.321385 	-1.36532 	0.270948 	0.218321 	0.0370651 	
5.25	-0.0162715 	-0.321128 	-1.36542 	0.270927 	0.217572 	0.0370814 	
5.255	-0.0163217 	-0.320867 	-1.36552 	0.270897 	0.21682 	0.0370994 	
5.26	-0.0163797 	-0.320622 	-1.36561 	0.270842 	0.216102 	0.0371275 	
5.265	-0.0164417 	-0.32038 	-1.36569 	0.270777 	0.215387 	0.0371596 	
5.27	-0.0165054 	-0.320139 	-1.36578 	0.27071 	0.214672 	0.0371927 	
5.275	-0.0165667 	-0.319896 	-1.36587 	0.270654 	0.213952 	0.0372199 	
5.28	-0.0166209 	-0.319641 	-1.36595 	0.270613 	0.213214 	0.0372418 	
5.285	-0.0166766 	-0.319388 	-1.36604 	0.270569 	0.212478 	0.0372651 	
5.29	-0.0167391 	-0.319137 	-1.36613 	0.270507 	0.211741 	0.0372961 	
5.295	-0.0168047 	-0.318884 	-1.36621 	0.27044 	0.210999 	0.0373293 	
5.3	-0.0168752 	-0.318633 	-1.36629 	0.270361 	0.210253 	0.0373625 	
5.305	-0.0169479 	-0.31838 	-1.36638 	0.270281 	0.209502 	0.0373953 	
5.31	-0.0170146 	-0.318116 	-1.36646 	0.270218 	0.20873 	0.037421 	
5.315	-0.0170481 	-0.318069 	-1.36655 	0.270185 	0.208329 	0.0374219 	
5.32	-0.0170623 	-0.318012 	-1.36662 	0.270136 	0.20792 	0.0374027 	
5.325	-0.0170734 	-0.317938 	-1.36667 	0.270099 	0.207492 	0.0374209 	
5.33	-0.017095 	-0.317849 	-1.36672 	0.270034 	0.207055 	0.0374413 	
5.335	-0.0171126 	-0.317769 	-1.36676 	0.269999 	0.206684 	0.0374581 	
5.34	-0.0171441 	-0.317664 	-1.3668 	0.269929 	0.206248 	0.0374694 	
5.345	-0.0171973 	-0.317537 	-1.36684 	0.269813 	0.205754 	0.0374848 	
5.35	-0.0172661 	-0.317387 	-1.36688 	0.269674 	0.205207 	0.0375143 	
5.355	-0.0173451 	-0.317216 	-1.36692 	0.269529 	0.204612 	0.0375504 	
5.36	-0.0174306 	-0.317023 	-1.36696 	0.269384 	0.203973 	0.0375898 	
5.365	-0.0175198 	-0.31681 	-1.36701 	0.269237 	0.203292 	0.0376317 	
5.37	-0.0176286 	-0.316583 	-1.36707 	0.269036 	0.202563 	0.0376574 	
5.375	-0.017757 	-0.316345 	-1.36712 	0.268788 	0.201792 	0.0376908 	
5.38	-0.017903 	-0.316095 	-1.36717 	0.268499 	0.200982 	0.037728 	
5.385	-0.0179978 	-0.315817 	-1.36725 	0.268424 	0.200184 	0.0377082 	
5.39	-0.0180809 	-0.315523 	-1.36732 	0.268369 	0.199354 	0.0377201 	
5.395	-0.0181631 	-0.315229 	-1.36739 	0.268306 	0.198528 	0.0377193 	
5.4	-0.0181771 	-0.314969 	-1.36751 	0.268429 	0.197855 	0.0376805 	
5.405	-0.0181501 	-0.314749 	-1.36762 	0.26861 	0.197281 	0.0376181 	
5.41	-0.0181124 	-0.314555 	-1.36772 	0.268792 	0.196745 	0.0375782 	
5.415	-0.0180695 	-0.314385 	-1.36782 	0.268964 	0.19625 	0.037525 	
5.42	-0.0180608 	-0.314221 	-1.36788 	0.269041 	0.195745 	0.0374836 	
5.425	-0.0180886 	-0.314046 	-1.36793 	0.269019 	0.195172 	0.0374649 	
5.43	-0.0180887 	-0.31389 	-1.368 	0.269102 	0.194689 	0.0374327 	
5.435	-0.0180782 	-0.313769 	-1.36808 	0.269146 	0.194212 	0.0374107 	
5.44	-0.0180922 	-0.313645 	-1.36814 	0.269103 	0.193709 	0.0374147 	
5.445	-0.0181061 	-0.313516 	-1.36819 	0.269076 	0.193232 	0.0374165 	
5.45	-0.0181241 	-0.313383 	-1.36824 	0.269046 	0.192742 	0.0374459 	
5.455	-0.018126 	-0.31337 	-1.3683 	0.26904 	0.192475 	0.0374521 	
5.46	-0.0181168 	-0.313391 	-1.36835 	0.269032 	0.192248 	0.0374559 	
5.465	-0.0181045 	-0.313401 	-1.3684 	0.269019 	0.192016 	0.0374437 	
5.47	-0.0181046 	-0.313389 	-1.36844 	0.268983 	0.191747 	0.0374366 	
5.475	-0.0181016 	-0.313342 	-1.36847 	0.268979 	0.191439 	0.0374548 	
5.48	-0.0181054 	-0.31327 	-1.36851 	0.268961 	0.191094 	0.0374509 	
5.485	-0.0181158 	-0.313169 	-1.36855 	0.268948 	0.190689 	0.0374237 	
5.49	-0.0181368 	-0.313042 	-1.36859 	0.268914 	0.190229 	0.0374168 	
5.495	-0.0181658 	-0.312889 	-1.36864 	0.268872 	0.189715 	0.0374151 	
5.5	-0.0182016 	-0.312713 	-1.36869 	0.268823 	0.189149 	0.0374146 	
5.505	-0.0182435 	-0.312515 	-1.36874 	0.268769 	0.188535 	0.0374146 	
5.51	-0.0182908 	-0.312296 	-1.3688 	0.268712 	0.187875 	0.0374147 	
5.515	-0.018343 	-0.31206 	-1.36886 	0.26865 	0.187173 	0.037415 	
5.52	-0.0183996 	-0.311808 	-1.36892 	0.268584 	0.186433 	0.0374154 	
5.525	-0.0184535 	-0.31155 	-1.36899 	0.268528 	0.185684 	0.0374099 	
5.53	-0.0185132 	-0.311281 	-1.36906 	0.268461 	0.184899 	0.0374094 	
5.535	-0.0185707 	-0.310997 	-1.36913 	0.268423 	0.184077 	0.0374298 	
5.54	-0.0186213 	-0.310697 	-1.36919 	0.268425 	0.183224 	0.0374595 	
5.545	-0.0186769 	-0.310386 	-1.36926 	0.268413 	0.182341 	0.0374806 	
5.55	-0.018739 	-0.310068 	-1.36932 	0.268385 	0.181432 	0.0375116 	
5.555	-0.018703 	-0.309776 	-1.36944 	0.268736 	0.180834 	0.0375185 	
5.56	-0.0186621 	-0.309517 	-1.36955 	0.269053 	0.180251 	0.0374963 	
5.565	-0.0186173 	-0.309295 	-1.36966 	0.269334 	0.179711 	0.0374524 	
5.57	-0.0185682 	-0.309102 	-1.36976 	0.269599 	0.179211 	0.0374067 	
5.575	-0.0185212 	-0.308946 	-1.36985 	0.269834 	0.178784 	0.0373725 	
5.58	-0.0184728 	-0.308808 	-1.36993 	0.270049 	0.178378 	0.0373612 	
5.585	-0.018459 	-0.308667 	-1.36999 	0.270164 	0.177931 	0.0373638 	
5.59	-0.0184668 	-0.30852 	-1.37003 	0.270241 	0.177464 	0.0373694 	
5.595	-0.0184629 	-0.308397 	-1.3701 	0.270288 	0.176987 	0.0373728 	
5.6	-0.0184765 	-0.308275 	-1.37016 	0.270261 	0.176502 	0.0373441 	
5.605	-0.018502 	-0.308137 	-1.37021 	0.27021 	0.175976 	0.0373475 	
5.61	-0.0185371 	-0.307983 	-1.37026 	0.270143 	0.175415 	0.0373651 	
5.615	-0.0185779 	-0.307809 	-1.37031 	0.270073 	0.174814 	0.0373958 	
5.62	-0.018626 	-0.307617 	-1.37035 	0.269991 	0.174172 	0.037427 	
5.625	-0.0186796 	-0.307407 	-1.3704 	0.269904 	0.173493 	0.0374583 	
5.63	-0.0187378 	-0.307181 	-1.37045 	0.269814 	0.172775 	0.037489 	
5.635	-0.0187748 	-0.307107 	-1.37049 	0.26979 	0.172531 	0.0374976 	
5.64	-0.0187932 	-0.307085 	-1.37051 	0.269782 	0.172404 	0.0375002 	
5.645	-0.0188176 	-0.307033 	-1.37053 	0.269734 	0.172182 	0.0374946 	
5.65	-0.0188507 	-0.306955 	-1.37055 	0.269668 	0.171889 	0.0374874 	
5.655	-0.0188714 	-0.306911 	-1.37057 	0.269646 	0.171685 	0.0374803 	
5.66	-0.0188817 	-0.306908 	-1.37059 	0.269664 	0.171649 	0.037479 	
5.665	-0.0188951 	-0.306851 	-1.3706 	0.26966 	0.171444 	0.0374753 	
5.67	-0.0189144 	-0.306745 	-1.37062 	0.269649 	0.171105 	0.0374687 	
5.675	-0.0189321 	-0.306686 	-1.37064 	0.269639 	0.17088 	0.0374645 	
5.68	-0.0189464 	-0.306589 	-1.37066 	0.269644 	0.170558 	0.0374775 	
5.685	-0.0189496 	-0.306545 	-1.3707 	0.269685 	0.170345 	0.0374563 	
5.69	-0.0189603 	-0.306466 	-1.37073 	0.269695 	0.170025 	0.037469 	
5.695	-0.0189746 	-0.306397 	-1.37076 	0.269684 	0.169703 	0.0374678 	
5.7	-0.0189937 	-0.306313 	-1.37079 	0.269658 	0.169337 	0.0374638 	
5.705	-0.0190134 	-0.306222 	-1.37083 	0.269631 	0.16894 	0.0374491 	
5.71	-0.0190409 	-0.306119 	-1.37086 	0.26959 	0.16852 	0.0374384 	
5.715	-0.0190726 	-0.306004 	-1.3709 	0.269538 	0.168067 	0.0374086 	
5.72	-0.0191062 	-0.305885 	-1.37094 	0.269484 	0.167609 	0.0373711 	
5.725	-0.0191497 	-0.305749 	-1.37097 	0.269409 	0.167093 	0.0373614 	
5.73	-0.0191784 	-0.305703 	-1.37101 	0.269357 	0.166791 	0.0373412 	
5.735	-0.0191912 	-0.305641 	-1.37105 	0.269309 	0.166463 	0.0373393 	
5.74	-0.0191881 	-0.305546 	-1.37109 	0.269325 	0.166071 	0.0373295 	
5.745	-0.019181 	-0.30554 	-1.37112 	0.269331 	0.165867 	0.0373234 	
5.75	-0.0191676 	-0.305574 	-1.37116 	0.269329 	0.16574 	0.0373219 	
5.755	-0.0191524 	-0.305574 	-1.37119 	0.269328 	0.165541 	0.0373056 	
5.76	-0.0191335 	-0.305606 	-1.37122 	0.269327 	0.165366 	0.0372999 	
5.765	-0.0191129 	-0.305662 	-1.37125 	0.269325 	0.165255 	0.0372984 	
5.77	-0.0190937 	-0.305711 	-1.37128 	0.269314 	0.165129 	0.0372945 	
5.775	-0.0190737 	-0.305767 	-1.37131 	0.269311 	0.165038 	0.0372928 	
5.78	-0.0190538 	-0.30582 	-1.37133 	0.269308 	0.164947 	0.0372918 	
5.785	-0.0190356 	-0.305837 	-1.37135 	0.26931 	0.164788 	0.0372896 	
5.79	-0.0190228 	-0.305824 	-1.37138 	0.26931 	0.164572 	0.0372875 	
5.795	-0.019015 	-0.305777 	-1.3714 	0.269313 	0.164285 	0.0372842 	
5.8	-0.0190144 	-0.305709 	-1.37143 	0.269304 	0.163946 	0.0372729 	
5.805	-0.0190218 	-0.305622 	-1.37145 	0.269282 	0.163562 	0.037266 	
5.81	-0.0190365 	-0.305509 	-1.37148 	0.269251 	0.16312 	0.0372653 	
5.815	-0.0190573 	-0.305374 	-1.37152 	0.269214 	0.162625 	0.0372662 	
5.82	-0.0190764 	-0.305275 	-1.37155 	0.269179 	0.162203 	0.0372658 	
5.825	-0.0190787 	-0.305281 	-1.3716 	0.269168 	0.161992 	0.0372666 	
5.83	-0.0190836 	-0.305283 	-1.37162 	0.26914 	0.16177 	0.0372808 	
5.835	-0.019077 	-0.305326 	-1.37165 	0.269131 	0.161671 	0.0372856 	
5.84	-0.0190724 	-0.305332 	-1.37166 	0.269112 	0.161465 	0.0372889 	
5.845	-0.0190659 	-0.305299 	-1.37167 	0.2691 	0.161172 	0.0372915 	
5.85	-0.0190583 	-0.30527 	-1.37169 	0.269095 	0.160921 	0.037289 	
5.855	-0.0190537 	-0.305203 	-1.37171 	0.269097 	0.160581 	0.037293 	
5.86	-0.0190585 	-0.305103 	-1.37173 	0.269087 	0.160163 	0.0372983 	
5.865	-0.0190715 	-0.304971 	-1.37175 	0.26907 	0.159675 	0.0373043 	
5.87	-0.0190977 	-0.30481 	-1.37178 	0.269037 	0.15912 	0.0373163 	
5.875	-0.0191337 	-0.304623 	-1.37181 	0.268998 	0.1585 	0.0373298 	
5.88	-0.0191778 	-0.304411 	-1.37184 	0.268955 	0.157821 	0.0373425 	
5.885	-0.0192228 	-0.304176 	-1.37188 	0.268923 	0.15709 	0.037342 	
5.89	-0.0192721 	-0.303924 	-1.37191 	0.268885 	0.156312 	0.0373355 	
5.895	-0.019327 	-0.303655 	-1.37195 	0.268837 	0.155489 	0.0373258 	
5.9	-0.0193864 	-0.303373 	-1.37199 	0.268783 	0.154628 	0.037315 	
5.905	-0.0194495 	-0.303079 	-1.37203 	0.268725 	0.153734 	0.0373039 	
5.91	-0.0195179 	-0.302774 	-1.37207 	0.268654 	0.152809 	0.0372964 	
5.915	-0.0195754 	-0.302529 	-1.37212 	0.268606 	0.15201 	0.0372884 	
5.92	-0.019626 	-0.3023 	-1.37218 	0.268568 	0.151273 	0.0372779 	
5.925	-0.0196744 	-0.302066 	-1.37223 	0.268529 	0.150522 	0.037259 	
5.93	-0.0197227 	-0.301827 	-1.37228 	0.268488 	0.149758 	0.0372379 	
5.935	-0.0197694 	-0.301584 	-1.37233 	0.268457 	0.149 	0.0372457 	
5.94	-0.0198162 	-0.301348 	-1.37238 	0.268423 	0.148266 	0.037256 	
5.945	-0.0198606 	-0.301126 	-1.37243 	0.26839 	0.147555 	0.0372649 	
5.95	-0.0199028 	-0.300915 	-1.37248 	0.268359 	0.146877 	0.0372734 	
5.955	-0.0199426 	-0.300711 	-1.37252 	0.268329 	0.146215 	0.0372804 	
5.96	-0.0199804 	-0.300512 	-1.37257 	0.2683 	0.145569 	0.037287 	
5.965	-0.020017 	-0.300318 	-1.37261 	0.268271 	0.144941 	0.0372944 	
5.97	-0.020052 	-0.300128 	-1.37265 	0.268244 	0.144328 	0.0372994 	
5.975	-0.0200857 	-0.299944 	-1.37269 	0.268218 	0.14373 	0.0373014 	
5.98	-0.0201203 	-0.299744 	-1.37273 	0.268194 	0.143082 	0.0373208 	
5.985	-0.0201567 	-0.299532 	-1.37277 	0.268171 	0.142394 	0.0373358 	
5.99	-0.0201947 	-0.299312 	-1.37281 	0.268143 	0.141685 	0.0373277 	
5.995	-0.0202342 	-0.299092 	-1.37285 	0.268107 	0.140983 	0.0373052 	
6	-0.020269 	-0.298882 	-1.3729 	0.268083 	0.140302 	0.0372841 	
6.005	-0.0202983 	-0.29868 	-1.37296 	0.268055 	0.139631 	0.0372608 	
6.01	-0.020331 	-0.29848 	-1.37301 	0.268013 	0.138963 	0.0372346 	
6.015	-0.0203635 	-0.298277 	-1.37305 	0.267981 	0.138285 	0.0372075 	
6.02	-0.0203962 	-0.298071 	-1.3731 	0.267952 	0.1376 	0.037179 	
6.025	-0.0204296 	-0.297861 	-1.37314 	0.267926 	0.136909 	0.0371499 	
6.03	-0.0204656 	-0.297647 	-1.37318 	0.267901 	0.136196 	0.0371434 	
6.035	-0.0205035 	-0.297425 	-1.37322 	0.267876 	0.135461 	0.0371433 	
6.04	-0.0205458 	-0.297197 	-1.37326 	0.26784 	0.134708 	0.0371452 	
6.045	-0.0205874 	-0.296962 	-1.3733 	0.267816 	0.13394 	0.0371449 	
6.05	-0.0206235 	-0.296718 	-1.37334 	0.267798 	0.133156 	0.0371386 	
6.055	-0.0206619 	-0.296469 	-1.37338 	0.267772 	0.13236 	0.0371374 	
6.06	-0.0206995 	-0.296215 	-1.37343 	0.267753 	0.131556 	0.0371352 	
6.065	-0.0207381 	-0.295958 	-1.37347 	0.267737 	0.130742 	0.0371314 	
6.07	-0.0207797 	-0.295698 	-1.37352 	0.267714 	0.12992 	0.0371289 	
6.075	-0.0208245 	-0.295436 	-1.37357 	0.267683 	0.12909 	0.0371283 	
6.08	-0.0208724 	-0.295172 	-1.37362 	0.267644 	0.128254 	0.0371296 	
6.085	-0.0209225 	-0.294907 	-1.37367 	0.267601 	0.127413 	0.0371319 	
6.09	-0.0209741 	-0.294641 	-1.37372 	0.267557 	0.126566 	0.0371347 	
6.095	-0.0210359 	-0.294378 	-1.37376 	0.267486 	0.125709 	0.0371421 	
6.1	-0.0211016 	-0.294115 	-1.3738 	0.267402 	0.124849 	0.0371516 	
6.105	-0.021166 	-0.293851 	-1.37384 	0.267324 	0.123986 	0.0371605 	
6.11	-0.0212292 	-0.293588 	-1.37389 	0.267249 	0.123125 	0.0371687 	
6.115	-0.0212914 	-0.293325 	-1.37393 	0.267178 	0.122264 	0.0371761 	
6.12	-0.0213575 	-0.293062 	-1.37397 	0.267092 	0.121398 	0.0371842 	
6.125	-0.0214242 	-0.292799 	-1.374 	0.267007 	0.120529 	0.0371918 	
6.13	-0.0214902 	-0.292534 	-1.37404 	0.266924 	0.119657 	0.0371989 	
6.135	-0.0215553 	-0.292267 	-1.37408 	0.266846 	0.118784 	0.0372053 	
6.14	-0.0216192 	-0.292002 	-1.37412 	0.266773 	0.117914 	0.0372112 	
6.145	-0.0216605 	-0.291728 	-1.37415 	0.266787 	0.117036 	0.0371794 	
6.15	-0.0216769 	-0.291664 	-1.3742 	0.26679 	0.116623 	0.037154 	
6.155	-0.0216937 	-0.2916 	-1.37423 	0.266749 	0.116169 	0.0371479 	
6.16	-0.0216993 	-0.291593 	-1.37426 	0.266697 	0.115776 	0.0371464 	
6.165	-0.0216864 	-0.29162 	-1.3743 	0.266685 	0.115521 	0.0371473 	
6.17	-0.0216734 	-0.291624 	-1.37432 	0.266694 	0.115233 	0.0371836 	
6.175	-0.0216689 	-0.291605 	-1.37433 	0.266701 	0.114874 	0.0372143 	
6.18	-0.021672 	-0.291554 	-1.37433 	0.2667 	0.114462 	0.0372525 	
6.185	-0.0216822 	-0.29147 	-1.37434 	0.266697 	0.114 	0.0372908 	
6.19	-0.0216973 	-0.291352 	-1.37435 	0.2667 	0.113489 	0.0373174 	
6.195	-0.0217125 	-0.291204 	-1.37437 	0.266724 	0.112918 	0.0373405 	
6.2	-0.0217234 	-0.291025 	-1.37438 	0.26678 	0.112283 	0.0373303 	
6.205	-0.0217326 	-0.290818 	-1.37438 	0.266856 	0.111582 	0.037311 	
6.21	-0.0217434 	-0.290588 	-1.37439 	0.266941 	0.110822 	0.0372852 	
6.215	-0.0217704 	-0.290342 	-1.37439 	0.266967 	0.110022 	0.037276 	
6.22	-0.0218132 	-0.290087 	-1.37441 	0.26695 	0.109189 	0.0372777 	
6.225	-0.0218654 	-0.289824 	-1.37442 	0.266914 	0.108327 	0.037283 	
6.23	-0.0219227 	-0.289551 	-1.37444 	0.266877 	0.107439 	0.0372905 	
6.235	-0.0219871 	-0.289273 	-1.37446 	0.26682 	0.10653 	0.0372997 	
6.24	-0.0220556 	-0.288989 	-1.37448 	0.266755 	0.105601 	0.0373093 	
6.245	-0.0221246 	-0.288701 	-1.3745 	0.266691 	0.104665 	0.0373165 	
6.25	-0.0222034 	-0.288342 	-1.37448 	0.26668 	0.103806 	0.0373157 	
6.255	-0.02227 	-0.288089 	-1.37448 	0.266684 	0.103239 	0.0373246 	
6.26	-0.0223225 	-0.287944 	-1.37448 	0.266662 	0.10288 	0.0373503 	
6.265	-0.0223601 	-0.287836 	-1.37448 	0.266646 	0.10262 	0.0373599 	
6.27	-0.0223903 	-0.287759 	-1.37447 	0.266628 	0.102449 	0.0373664 	
6.275	-0.0224215 	-0.287659 	-1.37446 	0.266602 	0.102227 	0.0373712 	
6.28	-0.0224429 	-0.287609 	-1.37445 	0.266593 	0.102132 	0.0373721 	
6.285	-0.0224582 	-0.287589 	-1.37444 	0.266591 	0.102138 	0.0373728 	
6.29	-0.0224685 	-0.287581 	-1.37443 	0.266588 	0.102164 	0.0373734 	
6.295	-0.0224812 	-0.287547 	-1.37441 	0.266585 	0.102161 	0.0373739 	
6.3	-0.0225016 	-0.287482 	-1.37439 	0.266576 	0.102082 	0.0373788 	
6.305	-0.0225266 	-0.287408 	-1.37436 	0.266562 	0.101962 	0.0374002 	
6.31	-0.0225507 	-0.287363 	-1.37434 	0.266549 	0.10196 	0.0374033 	
6.315	-0.022573 	-0.287282 	-1.37432 	0.266543 	0.101858 	0.0374064 	
6.32	-0.0225918 	-0.287238 	-1.3743 	0.266533 	0.101832 	0.0374082 	
6.325	-0.0226095 	-0.287168 	-1.37429 	0.266529 	0.101741 	0.0374074 	
6.33	-0.0226258 	-0.287081 	-1.37427 	0.26654 	0.101611 	0.0374045 	
6.335	-0.0226444 	-0.286992 	-1.37426 	0.266541 	0.101476 	0.0374039 	
6.34	-0.0226633 	-0.286944 	-1.37425 	0.266543 	0.101467 	0.0374034 	
6.345	-0.0226797 	-0.286911 	-1.37423 	0.266544 	0.101495 	0.0374035 	
6.35	-0.022694 	-0.286884 	-1.37421 	0.266544 	0.101532 	0.0374036 	
6.355	-0.0227068 	-0.286861 	-1.37419 	0.266544 	0.101571 	0.0374037 	
6.36	-0.0227187 	-0.286841 	-1.37417 	0.266543 	0.101611 	0.0374039 	
6.365	-0.0227301 	-0.286822 	-1.37415 	0.266537 	0.101639 	0.0374051 	
6.37	-0.0227399 	-0.286808 	-1.37414 	0.266535 	0.101677 	0.0374054 	
6.375	-0.0227491 	-0.286795 	-1.37412 	0.266535 	0.101718 	0.0374055 	
6.38	-0.0227578 	-0.286783 	-1.3741 	0.266534 	0.10176 	0.0374056 	
6.385	-0.0227664 	-0.286773 	-1.37408 	0.266534 	0.101801 	0.0374057 	
6.39	-0.0227748 	-0.286762 	-1.37406 	0.266533 	0.101843 	0.0374057 	
6.395	-0.0227832 	-0.286753 	-1.37405 	0.266533 	0.101885 	0.0374058 	
6.4	-0.0227892 	-0.286742 	-1.37403 	0.266537 	0.101932 	0.0374053 	
6.405	-0.0227947 	-0.286732 	-1.37401 	0.26654 	0.101975 	0.0374047 	
6.41	-0.022801 	-0.286722 	-1.37399 	0.266541 	0.102018 	0.0374045 	
6.415	-0.0228077 	-0.286714 	-1.37398 	0.266541 	0.10206 	0.0374045 	
6.42	-0.0228146 	-0.286705 	-1.37396 	0.266541 	0.102102 	0.0374045 	
6.425	-0.0228216 	-0.286697 	-1.37394 	0.266541 	0.102143 	0.0374042 	
6.43	-0.0228288 	-0.286689 	-1.37392 	0.26654 	0.102185 	0.0374041 	
6.435	-0.0228362 	-0.28668 	-1.37391 	0.26654 	0.102227 	0.0374041 	
6.44	-0.0228437 	-0.286672 	-1.37389 	0.26654 	0.102269 	0.0374041 	
6.445	-0.0228514 	-0.286665 	-1.37387 	0.266539 	0.102311 	0.0374041 	
6.45	-0.0228591 	-0.286657 	-1.37385 	0.266539 	0.102353 	0.0374042 	
6.455	-0.0228669 	-0.286649 	-1.37384 	0.266538 	0.102395 	0.0374042 	
6.46	-0.0228747 	-0.286642 	-1.37382 	0.266538 	0.102438 	0.0374043 	
6.465	-0.0228826 	-0.286635 	-1.3738 	0.266537 	0.10248 	0.0374043 	
6.47	-0.0228905 	-0.286627 	-1.37379 	0.266537 	0.102523 	0.0374044 	
6.475	-0.0228985 	-0.28662 	-1.37377 	0.266536 	0.102565 	0.0374044 	
6.48	-0.0229065 	-0.286613 	-1.37375 	0.266535 	0.102607 	0.0374045 	
6.485	-0.0229146 	-0.286606 	-1.37373 	0.266535 	0.10265 	0.0374045 	
6.49	-0.0229227 	-0.286599 	-1.37372 	0.266534 	0.102692 	0.0374046 	
6.495	-0.0229308 	-0.286592 	-1.3737 	0.266534 	0.102734 	0.0374046 	
6.5	-0.0229389 	-0.286585 	-1.37368 	0.266533 	0.102777 	0.0374047 	
6.505	-0.0229471 	-0.286577 	-1.37367 	0.266533 	0.102819 	0.0374047 	
6.51	-0.0229552 	-0.28657 	-1.37365 	0.266532 	0.102862 	0.0374048 	
6.515	-0.0229634 	-0.286563 	-1.37363 	0.266532 	0.102904 	0.0374048 	
6.52	-0.0229716 	-0.286556 	-1.37362 	0.266531 	0.102947 	0.0374049 	
6.525	-0.0229799 	-0.286549 	-1.3736 	0.266531 	0.102989 	0.037405 	
6.53	-0.0229881 	-0.286542 	-1.37358 	0.26653 	0.103031 	0.037405 	
6.535	-0.0229964 	-0.286535 	-1.37356 	0.266529 	0.103074 	0.0374051 	
6.54	-0.0230047 	-0.286528 	-1.37355 	0.266529 	0.103116 	0.0374051 	
6.545	-0.023013 	-0.28652 	-1.37353 	0.266528 	0.103159 	0.0374052 	
6.55	-0.0230213 	-0.286513 	-1.37351 	0.266528 	0.103201 	0.0374052 	
6.555	-0.0230296 	-0.286506 	-1.3735 	0.266527 	0.103244 	0.0374053 	
6.56	-0.0230379 	-0.286499 	-1.37348 	0.266527 	0.103286 	0.0374054 	
6.565	-0.0230463 	-0.286492 	-1.37346 	0.266526 	0.103329 	0.0374054 	
6.57	-0.0230546 	-0.286484 	-1.37345 	0.266525 	0.103371 	0.0374055 	
6.575	-0.023063 	-0.286477 	-1.37343 	0.266525 	0.103413 	0.0374055 	
6.58	-0.0230714 	-0.28647 	-1.37341 	0.266524 	0.103456 	0.0374056 	
6.585	-0.0230798 	-0.286462 	-1.37339 	0.266524 	0.103498 	0.0374057 	
6.59	-0.0230882 	-0.286455 	-1.37338 	0.266523 	0.103541 	0.0374057 	
6.595	-0.0230966 	-0.286448 	-1.37336 	0.266523 	0.103583 	0.0374058 	
6.6	-0.023105 	-0.28644 	-1.37334 	0.266522 	0.103626 	0.0374058 	
6.605	-0.0231135 	-0.286433 	-1.37333 	0.266521 	0.103668 	0.0374059 	
6.61	-0.0231219 	-0.286425 	-1.37331 	0.266521 	0.10371 	0.037406 	
6.615	-0.0231304 	-0.286418 	-1.37329 	0.26652 	0.103753 	0.037406 	
6.62	-0.0231389 	-0.286408 	-1.37328 	0.26652 	0.103787 	0.037408 	
6.625	-0.0231475 	-0.286401 	-1.37326 	0.266519 	0.103828 	0.0374085 	
6.63	-0.0231561 	-0.286394 	-1.37324 	0.266519 	0.10387 	0.0374087 	
6.635	-0.0231646 	-0.286387 	-1.37323 	0.266518 	0.103912 	0.0374088 	
6.64	-0.0231731 	-0.28638 	-1.37321 	0.266517 	0.103955 	0.0374089 	
6.645	-0.0231816 	-0.286372 	-1.37319 	0.266517 	0.103997 	0.0374089 	
6.65	-0.0231938 	-0.28635 	-1.37318 	0.266507 	0.104012 	0.0374188 	
6.655	-0.0232055 	-0.286335 	-1.37316 	0.266504 	0.104047 	0.0374214 	
6.66	-0.0232157 	-0.286305 	-1.37314 	0.266509 	0.104045 	0.0374164 	
6.665	-0.0232357 	-0.286268 	-1.37312 	0.266498 	0.104051 	0.0374143 	
6.67	-0.0232541 	-0.28624 	-1.3731 	0.266494 	0.104082 	0.0374139 	
6.675	-0.023271 	-0.286216 	-1.37308 	0.266492 	0.10412 	0.037414 	
6.68	-0.0232866 	-0.286194 	-1.37306 	0.266492 	0.10416 	0.0374142 	
6.685	-0.0233011 	-0.286175 	-1.37304 	0.266491 	0.1042 	0.0374144 	
6.69	-0.0233148 	-0.286157 	-1.37302 	0.26649 	0.104241 	0.0374146 	
6.695	-0.0233278 	-0.28614 	-1.373 	0.266489 	0.104282 	0.0374148 	
6.7	-0.0233401 	-0.286125 	-1.37299 	0.266489 	0.104323 	0.0374149 	
6.705	-0.0233519 	-0.286111 	-1.37297 	0.266488 	0.104365 	0.0374151 	
6.71	-0.0233657 	-0.28606 	-1.37295 	0.26649 	0.104298 	0.0374093 	
6.715	-0.0233934 	-0.285994 	-1.37293 	0.266455 	0.104191 	0.0373984 	
6.72	-0.0234168 	-0.285954 	-1.37291 	0.266443 	0.104183 	0.0373971 	
6.725	-0.0234361 	-0.285925 	-1.37289 	0.266438 	0.104205 	0.0373969 	
6.73	-0.0234525 	-0.285901 	-1.37288 	0.266436 	0.104241 	0.037397 	
6.735	-0.0234726 	-0.28588 	-1.37286 	0.266407 	0.104258 	0.0374011 	
6.74	-0.0234978 	-0.285854 	-1.37283 	0.26636 	0.10425 	0.0374061 	
6.745	-0.0235145 	-0.285833 	-1.37281 	0.266348 	0.104279 	0.0374076 	
6.75	-0.0235276 	-0.285816 	-1.3728 	0.266344 	0.104317 	0.0374081 	
6.755	-0.0235393 	-0.2858 	-1.37278 	0.266343 	0.104358 	0.0374083 	
6.76	-0.0235502 	-0.285786 	-1.37276 	0.266342 	0.1044 	0.0374084 	
6.765	-0.0235607 	-0.285772 	-1.37274 	0.266342 	0.104441 	0.0374085 	
6.77	-0.0235709 	-0.28576 	-1.37272 	0.266341 	0.104483 	0.0374086 	
6.775	-0.0235809 	-0.285747 	-1.37271 	0.266341 	0.104525 	0.0374087 	
6.78	-0.0236014 	-0.285715 	-1.37268 	0.266305 	0.104492 	0.0374155 	
6.785	-0.0236171 	-0.285695 	-1.37267 	0.266293 	0.104513 	0.0374179 	
