0.0	0.333706	-0.17241	0.0336918	-0.369617	-1.57018	0.369649
0.005	0.332479	-0.183034	0.0339483	-2.5918	-1.56823	2.1216
0.01	0.333443	-0.178384	0.0337494	-0.652107	-1.57035	0.38925
0.015	0.333472	-0.178321	0.0337415	-0.648879	-1.56995	0.385544
0.02	0.333487	-0.178296	0.0337472	-0.618568	-1.57024	0.357167
0.025	0.333483	-0.178289	0.0337403	-0.614482	-1.56988	0.35365
0.03	0.333473	-0.178287	0.0337307	-0.614354	-1.56937	0.354012
0.035	0.333524	-0.178303	0.0337479	-0.623053	-1.57023	0.361266
0.04	0.333532	-0.178313	0.0337445	-0.627282	-1.57003	0.365207
0.045	0.333533	-0.178323	0.0337376	-0.628544	-1.56965	0.366273
0.05	0.33353	-0.178335	0.0337279	-0.628558	-1.56912	0.366165
0.055	0.333598	-0.178288	0.0337437	-0.618797	-1.56991	0.357796
0.06	0.333617	-0.17828	0.0337398	-0.616712	-1.56968	0.356212
0.065	0.333629	-0.178276	0.0337326	-0.616539	-1.56927	0.356476
0.07	0.333637	-0.178276	0.0337227	-0.61696	-1.56872	0.357281
0.075	0.3337	-0.178297	0.0337377	-0.620483	-1.56945	0.359249
0.08	0.333724	-0.178308	0.0337335	-0.62252	-1.56919	0.36092
0.085	0.333742	-0.17832	0.0337261	-0.623857	-1.56876	0.362
0.09	0.333757	-0.178333	0.0337161	-0.624607	-1.56818	0.362579
0.095	0.333841	-0.178271	0.0337297	-0.61712	-1.56884	0.357218
0.1	0.333877	-0.178258	0.0337251	-0.615688	-1.56855	0.356531
0.105	0.333907	-0.17825	0.0337174	-0.615206	-1.56809	0.356681
0.11	0.333959	-0.178281	0.033721	-0.617316	-1.56822	0.357192
0.115	0.333991	-0.178294	0.0337138	-0.618393	-1.56777	0.357975
0.12	0.334019	-0.178306	0.033704	-0.619333	-1.5672	0.358716
0.125	0.334045	-0.178319	0.0336923	-0.620071	-1.56651	0.35933
0.13	0.334164	-0.178252	0.0337133	-0.614387	-1.56754	0.355696
0.135	0.334221	-0.178237	0.0337109	-0.613237	-1.56734	0.355282
0.14	0.334271	-0.178227	0.033705	-0.612797	-1.56696	0.355465
0.145	0.334317	-0.178222	0.0336964	-0.612774	-1.56643	0.355975
0.15	0.334376	-0.178262	0.0336958	-0.613373	-1.56631	0.354721
0.155	0.334421	-0.178279	0.0336869	-0.614114	-1.56576	0.355042
0.16	0.334464	-0.178294	0.033676	-0.614913	-1.56509	0.355541
0.165	0.334576	-0.178232	0.0336876	-0.610908	-1.56561	0.353775
0.17	0.334642	-0.178219	0.0336822	-0.610316	-1.56524	0.353922
0.175	0.334702	-0.178211	0.0336741	-0.610133	-1.56472	0.354365
0.18	0.334759	-0.178208	0.0336637	-0.610182	-1.56407	0.354949
0.185	0.334853	-0.178232	0.0336707	-0.608377	-1.56433	0.351653
0.19	0.33492	-0.178243	0.033664	-0.608352	-1.56388	0.351339
0.195	0.334984	-0.178254	0.0336548	-0.608676	-1.56329	0.351466
0.2	0.335086	-0.178205	0.0336567	-0.606244	-1.56328	0.351094
0.205	0.335161	-0.178195	0.0336487	-0.605949	-1.56275	0.351512
0.21	0.335232	-0.178189	0.0336386	-0.605934	-1.5621	0.352101
0.215	0.3353	-0.178187	0.0336268	-0.606079	-1.56136	0.352763
0.22	0.335426	-0.178196	0.0336396	-0.602733	-1.56192	0.348315
0.225	0.335514	-0.178202	0.0336346	-0.602148	-1.56153	0.347571
0.23	0.335597	-0.17821	0.0336269	-0.602054	-1.561	0.347386
0.235	0.335677	-0.178218	0.0336171	-0.602294	-1.56035	0.347588
0.24	0.33579	-0.178161	0.0336156	-0.599609	-1.56015	0.347407
0.245	0.335879	-0.178148	0.0336063	-0.599151	-1.55952	0.347876
0.25	0.335965	-0.178139	0.0335953	-0.598999	-1.5588	0.348499
0.255	0.336087	-0.178159	0.0336001	-0.596812	-1.55892	0.345062
0.26	0.336183	-0.178166	0.0335927	-0.596496	-1.55839	0.344626
0.265	0.336277	-0.178174	0.0335833	-0.596556	-1.55774	0.344626
0.27	0.336368	-0.178183	0.0335722	-0.596866	-1.557	0.344922
0.275	0.33651	-0.178119	0.0335759	-0.592599	-1.55707	0.343204
0.28	0.336618	-0.178103	0.0335682	-0.59165	-1.55652	0.343206
0.285	0.336723	-0.178092	0.0335585	-0.591162	-1.55585	0.343513
0.29	0.336825	-0.178086	0.0335473	-0.590999	-1.55509	0.34402
0.295	0.336957	-0.178113	0.03355	-0.58876	-1.55509	0.340248
0.3	0.337068	-0.178124	0.033542	-0.58841	-1.55449	0.339641
0.305	0.337177	-0.178134	0.0335321	-0.588441	-1.5538	0.339501
0.31	0.337315	-0.178076	0.0335286	-0.585282	-1.55347	0.338961
0.315	0.337433	-0.178063	0.0335189	-0.584588	-1.55279	0.339187
0.32	0.337548	-0.178054	0.0335078	-0.584275	-1.55202	0.339643
0.325	0.337662	-0.17805	0.0334956	-0.584232	-1.55118	0.34025
0.33	0.337775	-0.178048	0.0334825	-0.584375	-1.5503	0.340946
0.335	0.337954	-0.178053	0.0334962	-0.578773	-1.5509	0.334146
0.34	0.33809	-0.178057	0.0334916	-0.577325	-1.55048	0.332519
0.345	0.338223	-0.178063	0.0334846	-0.576525	-1.54993	0.331609
0.35	0.338342	-0.17802	0.0334675	-0.576027	-1.54882	0.33377
0.355	0.338466	-0.178009	0.0334541	-0.575888	-1.54791	0.334586
0.36	0.33859	-0.178003	0.0334403	-0.575963	-1.54697	0.335458
0.365	0.338714	-0.178001	0.0334259	-0.576186	-1.54599	0.336353
0.37	0.338914	-0.177995	0.0334416	-0.569677	-1.54672	0.328941
0.375	0.339067	-0.177995	0.0334375	-0.567914	-1.54631	0.327145
0.38	0.339215	-0.177997	0.033431	-0.566849	-1.54576	0.326088
0.385	0.339336	-0.177965	0.03341	-0.566818	-1.54442	0.328412
0.39	0.33947	-0.177957	0.0333956	-0.566746	-1.54343	0.329229
0.395	0.339605	-0.177953	0.033381	-0.566879	-1.54243	0.330105
0.4	0.339741	-0.177952	0.0333663	-0.567155	-1.5414	0.33101
0.405	0.339878	-0.177954	0.0333514	-0.567529	-1.54037	0.331921
0.41	0.340121	-0.177921	0.0333758	-0.557621	-1.54162	0.32165
0.415	0.340298	-0.177913	0.0333748	-0.554647	-1.54138	0.318786
0.42	0.340469	-0.177909	0.0333709	-0.552621	-1.54098	0.316881
0.425	0.340568	-0.177897	0.0333371	-0.555732	-1.53886	0.322167
0.43	0.340708	-0.177895	0.0333193	-0.556333	-1.53765	0.323631
0.435	0.340851	-0.177895	0.0333021	-0.556955	-1.53647	0.324977
0.44	0.340996	-0.177898	0.0332854	-0.557587	-1.5353	0.326222
0.445	0.341256	-0.177854	0.0333103	-0.547076	-1.53662	0.315681
0.45	0.341445	-0.177842	0.033309	-0.543977	-1.53636	0.312837
0.455	0.341629	-0.177836	0.033305	-0.541836	-1.53593	0.310933
0.46	0.341737	-0.177832	0.0332701	-0.544818	-1.53373	0.31579
0.465	0.341888	-0.177832	0.0332521	-0.54536	-1.53248	0.31713
0.47	0.342042	-0.177834	0.0332348	-0.545953	-1.53127	0.318394
0.475	0.342199	-0.177837	0.0332182	-0.546579	-1.53008	0.31959
0.48	0.342467	-0.177783	0.0332405	-0.535742	-1.53128	0.309208
0.485	0.342668	-0.177768	0.0332384	-0.53253	-1.53097	0.306409
0.49	0.342864	-0.177758	0.0332339	-0.530289	-1.53051	0.30453
0.495	0.34298	-0.177762	0.0331989	-0.533225	-1.52826	0.309036
0.5	0.343143	-0.177764	0.0331808	-0.533735	-1.52699	0.310281
0.505	0.343308	-0.177767	0.0331637	-0.534317	-1.52575	0.311482
0.51	0.343477	-0.177772	0.0331472	-0.534947	-1.52455	0.312639
0.515	0.343752	-0.177707	0.0331663	-0.523695	-1.52561	0.302308
0.52	0.343963	-0.177689	0.0331633	-0.520343	-1.52525	0.299517
0.525	0.344169	-0.177677	0.0331582	-0.517983	-1.52475	0.297639
0.53	0.344372	-0.17767	0.0331515	-0.516415	-1.52414	0.296489
0.535	0.344481	-0.17768	0.0331094	-0.519649	-1.52144	0.301441
0.54	0.344647	-0.177684	0.0330883	-0.520452	-1.51996	0.303049
0.545	0.344818	-0.17769	0.0330687	-0.521245	-1.51856	0.304518
0.55	0.345103	-0.177633	0.0330871	-0.511733	-1.51956	0.295644
0.555	0.345321	-0.177619	0.0330829	-0.509055	-1.51911	0.29348
0.56	0.345536	-0.177609	0.033077	-0.507214	-1.51854	0.292082
0.565	0.345747	-0.177604	0.0330696	-0.506036	-1.51787	0.291291
0.57	0.345877	-0.177596	0.0330305	-0.505965	-1.51538	0.293305
0.575	0.346056	-0.177595	0.0330103	-0.505832	-1.51396	0.294096
0.58	0.346241	-0.177597	0.0329917	-0.505926	-1.5126	0.29496
0.585	0.34643	-0.177601	0.0329743	-0.506192	-1.51131	0.295874
0.59	0.346739	-0.177537	0.0329964	-0.496124	-1.51258	0.286375
0.595	0.346976	-0.17752	0.0329945	-0.493035	-1.51226	0.283765
0.6	0.347208	-0.177509	0.0329905	-0.490862	-1.5118	0.282006
0.605	0.347335	-0.177514	0.0329482	-0.492372	-1.50905	0.285354
0.61	0.347524	-0.177516	0.0329282	-0.49244	-1.5076	0.286267
0.615	0.347719	-0.177519	0.0329098	-0.492694	-1.50624	0.287229
0.62	0.347918	-0.177525	0.0328928	-0.493089	-1.50494	0.288221
0.625	0.348227	-0.17745	0.03291	-0.482064	-1.50599	0.278283
0.63	0.34847	-0.177429	0.0329066	-0.478691	-1.50559	0.275553
0.635	0.34871	-0.177415	0.0329015	-0.47629	-1.50507	0.273698
0.64	0.34885	-0.177429	0.0328619	-0.478335	-1.50241	0.277213
0.645	0.34905	-0.177433	0.0328426	-0.478516	-1.50098	0.278153
0.65	0.349254	-0.177438	0.0328249	-0.478863	-1.49963	0.279139
0.655	0.349463	-0.177446	0.0328085	-0.479336	-1.49834	0.280153
0.66	0.34977	-0.17736	0.0328204	-0.467486	-1.49915	0.269884
0.665	0.35002	-0.177336	0.0328155	-0.463857	-1.49868	0.267054
0.67	0.350265	-0.177319	0.0328092	-0.46125	-1.49809	0.265117
0.675	0.350508	-0.177309	0.0328019	-0.459458	-1.49742	0.263891
0.68	0.350637	-0.177331	0.0327562	-0.462132	-1.49433	0.268077
0.685	0.350837	-0.17734	0.0327341	-0.462711	-1.49269	0.269438
0.69	0.351044	-0.177349	0.0327142	-0.463357	-1.49118	0.270739
0.695	0.351363	-0.177273	0.0327276	-0.45325	-1.49205	0.26187
0.7	0.351619	-0.177253	0.0327222	-0.450292	-1.49152	0.259629
0.705	0.351871	-0.177241	0.0327156	-0.448209	-1.49089	0.25815
0.71	0.352121	-0.177234	0.0327081	-0.44682	-1.49019	0.257274
0.715	0.352263	-0.177234	0.0326635	-0.446287	-1.48724	0.258717
0.72	0.352473	-0.177236	0.0326419	-0.445935	-1.48564	0.259291
0.725	0.352689	-0.17724	0.0326225	-0.445868	-1.48417	0.259995
0.73	0.353005	-0.177182	0.032633	-0.438324	-1.48479	0.253355
0.735	0.353265	-0.177167	0.0326268	-0.436015	-1.48419	0.251685
0.74	0.353523	-0.177159	0.0326196	-0.43444	-1.48351	0.25065
0.745	0.353701	-0.177148	0.0325851	-0.432486	-1.48119	0.250471
0.75	0.353928	-0.177146	0.0325672	-0.431601	-1.47983	0.250451
0.755	0.354159	-0.177148	0.0325508	-0.431131	-1.47854	0.250702
0.76	0.354394	-0.177152	0.0325357	-0.430983	-1.4773	0.25116
0.765	0.354633	-0.177159	0.0325215	-0.431085	-1.47612	0.251775
0.77	0.354937	-0.177061	0.0325226	-0.419117	-1.47638	0.241959
0.775	0.355203	-0.177034	0.032515	-0.415315	-1.47576	0.239146
0.78	0.355467	-0.177015	0.0325069	-0.41256	-1.47507	0.237212
0.785	0.355729	-0.177004	0.0324983	-0.410637	-1.47431	0.235974
0.79	0.355884	-0.177034	0.0324566	-0.41321	-1.47132	0.239697
0.795	0.356106	-0.177046	0.0324358	-0.413732	-1.4697	0.240912
0.8	0.356336	-0.177059	0.0324172	-0.41435	-1.4682	0.242112
0.805	0.356659	-0.176968	0.0324227	-0.403732	-1.46871	0.233278
0.81	0.356931	-0.176946	0.0324152	-0.400578	-1.46808	0.231006
0.815	0.3572	-0.176931	0.0324072	-0.398329	-1.46737	0.229492
0.82	0.357468	-0.176924	0.0323988	-0.3968	-1.46661	0.228577
0.825	0.357629	-0.176929	0.0323566	-0.396235	-1.46368	0.229699
0.83	0.357857	-0.176933	0.0323358	-0.395829	-1.46208	0.230151
0.835	0.358093	-0.176941	0.0323172	-0.395726	-1.46061	0.230762
0.84	0.358415	-0.176871	0.0323218	-0.387756	-1.46097	0.224145
0.845	0.35869	-0.176855	0.032314	-0.385276	-1.46029	0.22244
0.85	0.358963	-0.176846	0.0323059	-0.383557	-1.45955	0.221369
0.855	0.359234	-0.176842	0.0322974	-0.382441	-1.45877	0.220798
0.86	0.359401	-0.176822	0.032255	-0.379122	-1.45591	0.21966
0.865	0.359634	-0.17682	0.0322342	-0.377916	-1.45434	0.219463
0.87	0.359874	-0.176822	0.0322156	-0.377191	-1.45288	0.219571
0.875	0.36012	-0.176828	0.0321989	-0.376841	-1.45153	0.219914
0.88	0.360461	-0.176752	0.0322071	-0.368496	-1.45218	0.212867
0.885	0.360748	-0.176733	0.0322014	-0.365785	-1.45164	0.210902
0.89	0.361031	-0.176722	0.0321949	-0.363879	-1.45103	0.20962
0.895	0.361199	-0.176722	0.0321536	-0.362566	-1.44811	0.210071
0.9	0.361437	-0.176724	0.0321339	-0.361776	-1.44658	0.210169
0.905	0.361683	-0.17673	0.0321163	-0.361377	-1.44516	0.210506
0.91	0.361933	-0.176739	0.0321004	-0.361284	-1.44383	0.211026
0.915	0.362261	-0.176646	0.0321022	-0.351328	-1.44418	0.202914
0.92	0.362545	-0.176622	0.0320945	-0.348143	-1.44355	0.200641
0.925	0.362827	-0.176608	0.0320865	-0.34586	-1.44286	0.199114
0.93	0.363011	-0.176621	0.0320506	-0.345873	-1.44019	0.200429
0.935	0.363256	-0.176626	0.0320323	-0.345411	-1.43873	0.200736
0.94	0.363506	-0.176636	0.0320159	-0.34527	-1.43737	0.201235
0.945	0.363762	-0.176648	0.0320009	-0.34538	-1.43609	0.201883
0.95	0.364075	-0.176539	0.0319967	-0.334076	-1.43613	0.19292
0.955	0.364356	-0.176511	0.0319873	-0.330492	-1.43541	0.190395
0.96	0.364637	-0.176493	0.0319779	-0.327892	-1.43465	0.188669
0.965	0.364916	-0.176484	0.0319685	-0.326075	-1.43386	0.187576
0.97	0.365086	-0.176508	0.0319296	-0.326954	-1.4309	0.189652
0.975	0.365326	-0.17652	0.0319097	-0.326945	-1.42929	0.190361
0.98	0.365573	-0.176534	0.0318921	-0.327157	-1.42782	0.191172
0.985	0.365898	-0.17644	0.0318917	-0.317632	-1.42806	0.183562
0.99	0.366182	-0.176419	0.0318827	-0.314704	-1.42735	0.181563
0.995	0.366464	-0.176407	0.0318736	-0.31262	-1.42659	0.180247
1.0	0.366744	-0.176402	0.0318646	-0.311208	-1.42581	0.179473
1.005	0.366914	-0.176397	0.0318245	-0.309266	-1.42288	0.179277
1.01	0.367153	-0.176401	0.0318044	-0.308426	-1.42129	0.179318
1.015	0.367401	-0.176409	0.0317866	-0.307986	-1.41984	0.179607
1.02	0.367654	-0.17642	0.0317706	-0.30786	-1.41849	0.180088
1.025	0.367995	-0.176316	0.0317737	-0.297758	-1.41904	0.17192
1.03	0.368287	-0.17629	0.0317666	-0.294495	-1.41849	0.169594
1.035	0.368575	-0.176275	0.031759	-0.292142	-1.41786	0.168015
1.04	0.368745	-0.176294	0.0317211	-0.292333	-1.41493	0.16946
1.045	0.368988	-0.176303	0.0317023	-0.291905	-1.41341	0.169786
1.05	0.369237	-0.176315	0.0316855	-0.29179	-1.41201	0.170297
1.055	0.369548	-0.176234	0.0316813	-0.2838	-1.41194	0.164082
1.06	0.369827	-0.176217	0.0316713	-0.281292	-1.41115	0.162462
1.065	0.370105	-0.176209	0.0316614	-0.27954	-1.41035	0.161441
1.07	0.370383	-0.176208	0.0316517	-0.278385	-1.40952	0.160895
1.075	0.370564	-0.176185	0.0316161	-0.274862	-1.40691	0.159263
1.08	0.370807	-0.176184	0.0315974	-0.273562	-1.40543	0.158884
1.085	0.371056	-0.176189	0.0315806	-0.27276	-1.40407	0.158841
1.09	0.37131	-0.176198	0.0315654	-0.272351	-1.4028	0.159061
1.095	0.37163	-0.176112	0.0315638	-0.264194	-1.40295	0.152638
1.1	0.371913	-0.176093	0.0315553	-0.261517	-1.4023	0.150833
1.105	0.372194	-0.176084	0.0315465	-0.259627	-1.4016	0.149661
1.11	0.372474	-0.176082	0.0315377	-0.258363	-1.40086	0.148994
1.115	0.372623	-0.176069	0.0314961	-0.255769	-1.3977	0.148308
1.12	0.372855	-0.176073	0.0314756	-0.25475	-1.39606	0.148211
1.125	0.373094	-0.176081	0.0314573	-0.254168	-1.39457	0.148386
1.13	0.373428	-0.176015	0.03146	-0.247822	-1.39499	0.143278
1.135	0.37371	-0.176002	0.0314519	-0.245719	-1.39436	0.141914
1.14	0.373989	-0.175999	0.0314436	-0.244282	-1.39368	0.14109
1.145	0.37417	-0.175978	0.0314108	-0.241171	-1.39117	0.139716
1.15	0.374411	-0.175978	0.0313935	-0.239913	-1.38979	0.139323
1.155	0.374658	-0.175983	0.0313778	-0.239144	-1.38852	0.139266
1.16	0.374909	-0.175994	0.0313635	-0.23876	-1.38732	0.139473
1.165	0.375205	-0.175908	0.0313571	-0.230801	-1.38713	0.133367
1.17	0.375477	-0.17589	0.0313471	-0.228201	-1.38639	0.131665
1.175	0.375747	-0.175881	0.0313373	-0.22637	-1.38562	0.130573
1.18	0.376017	-0.17588	0.0313275	-0.22515	-1.38484	0.129963
1.185	0.376183	-0.175866	0.0312936	-0.222553	-1.38217	0.129042
1.19	0.376415	-0.175869	0.0312753	-0.221547	-1.3807	0.128876
1.195	0.376653	-0.175878	0.0312589	-0.220975	-1.37935	0.128996
1.2	0.376896	-0.175891	0.031244	-0.220746	-1.37811	0.12934
1.205	0.377213	-0.17579	0.0312434	-0.211876	-1.37844	0.12233
1.21	0.377488	-0.175768	0.0312353	-0.209001	-1.37787	0.120347
1.215	0.37776	-0.175756	0.0312268	-0.206948	-1.37725	0.119027
1.22	0.377925	-0.175769	0.031195	-0.206488	-1.37462	0.119743
1.225	0.378155	-0.175778	0.031178	-0.205935	-1.37322	0.119896
1.23	0.378391	-0.175792	0.0311625	-0.205722	-1.37193	0.120265
1.235	0.378679	-0.175713	0.0311567	-0.19862	-1.37177	0.114844
1.24	0.378939	-0.175699	0.0311465	-0.196378	-1.37101	0.113433
1.245	0.379198	-0.175694	0.0311364	-0.194829	-1.37024	0.112566
1.25	0.379456	-0.175696	0.0311264	-0.19383	-1.36946	0.112131
1.255	0.379626	-0.175666	0.0310969	-0.190153	-1.36711	0.110214
1.26	0.379852	-0.175665	0.0310801	-0.188846	-1.36576	0.109757
1.265	0.380082	-0.175671	0.0310648	-0.188035	-1.36452	0.109645
1.27	0.380317	-0.175682	0.0310507	-0.187618	-1.36336	0.109803
1.275	0.38061	-0.1756	0.0310474	-0.180469	-1.36342	0.104264
1.28	0.380869	-0.175584	0.0310386	-0.178134	-1.3628	0.102729
1.285	0.381126	-0.175578	0.0310295	-0.176508	-1.36213	0.101761
1.29	0.38138	-0.17558	0.0310203	-0.175447	-1.36144	0.101243
1.295	0.381519	-0.175559	0.0309869	-0.172589	-1.35865	0.100125
1.3	0.381729	-0.175562	0.0309689	-0.171543	-1.35718	0.0999148
1.305	0.381946	-0.175571	0.0309527	-0.170938	-1.35585	0.0999945
1.31	0.382168	-0.175585	0.0309378	-0.170682	-1.35462	0.100302
1.315	0.382487	-0.175491	0.0309414	-0.162824	-1.35533	0.0939689
1.32	0.382748	-0.175471	0.0309347	-0.160285	-1.35492	0.0921957
1.325	0.383005	-0.175463	0.0309273	-0.158495	-1.35443	0.0910335
1.33	0.383137	-0.17547	0.0308954	-0.157695	-1.35165	0.0915075
1.335	0.383344	-0.175479	0.0308786	-0.157113	-1.35026	0.0916232
1.34	0.383556	-0.175492	0.0308633	-0.156875	-1.34899	0.0919587
1.345	0.383837	-0.175419	0.0308609	-0.150533	-1.34912	0.0870306
1.35	0.38408	-0.175407	0.0308518	-0.148542	-1.34849	0.0857681
1.355	0.38432	-0.175404	0.0308426	-0.147188	-1.34782	0.0850116
1.36	0.384558	-0.175409	0.0308333	-0.146341	-1.34714	0.0846573
1.365	0.3847	-0.175375	0.0308054	-0.142698	-1.34476	0.0827571
1.37	0.384901	-0.175374	0.0307894	-0.14145	-1.34345	0.0823251
1.375	0.385106	-0.17538	0.0307746	-0.140685	-1.34225	0.082227
1.38	0.385316	-0.175391	0.0307609	-0.140302	-1.34113	0.0823916
1.385	0.385601	-0.175316	0.0307614	-0.13399	-1.34154	0.0773807
1.39	0.385841	-0.175303	0.0307539	-0.131954	-1.34106	0.0760212
1.395	0.386077	-0.1753	0.0307459	-0.130562	-1.34052	0.0751845
1.4	0.386309	-0.175304	0.0307375	-0.129684	-1.33994	0.0747646
1.405	0.386413	-0.175278	0.0307056	-0.126767	-1.33708	0.0736146
1.41	0.386595	-0.175281	0.0306884	-0.125762	-1.33563	0.0734187
1.415	0.386784	-0.175289	0.0306727	-0.125187	-1.33432	0.0735049
1.42	0.387075	-0.175237	0.030676	-0.120544	-1.33499	0.0696895
1.425	0.387306	-0.175231	0.0306688	-0.119028	-1.33454	0.0687216
1.43	0.387533	-0.175233	0.0306611	-0.118049	-1.33403	0.0681943
1.435	0.387665	-0.175205	0.0306366	-0.115061	-1.33185	0.066734
1.44	0.387852	-0.175206	0.0306223	-0.113994	-1.33067	0.0663886
1.445	0.388043	-0.175213	0.0306089	-0.113371	-1.32958	0.0663557
1.45	0.388236	-0.175226	0.0305962	-0.1131	-1.32856	0.0665692
1.455	0.38843	-0.175243	0.0305842	-0.113108	-1.3276	0.0669769
1.46	0.388689	-0.175131	0.0305839	-0.104548	-1.32797	0.0602243
1.465	0.388907	-0.175106	0.0305768	-0.10185	-1.32754	0.058328
1.47	0.389121	-0.175094	0.0305691	-0.0999287	-1.32704	0.0570599
1.475	0.389331	-0.17509	0.0305609	-0.0986283	-1.3265	0.0562934
1.48	0.389426	-0.175117	0.0305332	-0.099392	-1.32386	0.0579152
1.485	0.389589	-0.175136	0.0305175	-0.099524	-1.32252	0.0585582
1.49	0.389758	-0.175157	0.0305032	-0.0998498	-1.32129	0.059304
1.495	0.390025	-0.175061	0.0305063	-0.0925217	-1.32201	0.0533914
1.5	0.390233	-0.175044	0.0304996	-0.0903702	-1.32161	0.0519082
1.505	0.390437	-0.175038	0.0304922	-0.0888834	-1.32115	0.0509668
1.51	0.390636	-0.175039	0.0304844	-0.0879275	-1.32064	0.0504579
1.515	0.390727	-0.175036	0.0304589	-0.0867983	-1.31818	0.0505233
1.52	0.390882	-0.175045	0.0304442	-0.0863881	-1.31692	0.0507118
1.525	0.391041	-0.175059	0.0304306	-0.0862844	-1.31577	0.0510975
1.53	0.391293	-0.174993	0.0304332	-0.0809693	-1.31641	0.0467758
1.535	0.391489	-0.174984	0.0304266	-0.079378	-1.31601	0.0457261
1.54	0.39168	-0.174984	0.0304193	-0.078337	-1.31556	0.0451283
1.545	0.391867	-0.17499	0.0304115	-0.0777351	-1.31505	0.0448909
1.55	0.391955	-0.17496	0.0303888	-0.0749574	-1.31283	0.0435842
1.555	0.392101	-0.174961	0.0303753	-0.0740925	-1.31165	0.0433859
1.56	0.39225	-0.174969	0.0303625	-0.0736283	-1.31057	0.0434644
1.565	0.392402	-0.174982	0.0303505	-0.0734815	-1.30956	0.0437612
1.57	0.392661	-0.174914	0.0303565	-0.0681559	-1.31059	0.0392797
1.575	0.392852	-0.174904	0.0303516	-0.0665407	-1.31039	0.0381353
1.58	0.393036	-0.174902	0.0303458	-0.0654793	-1.31009	0.0374594
1.585	0.393214	-0.174907	0.0303393	-0.0648608	-1.30971	0.0371583
1.59	0.393256	-0.174887	0.0303126	-0.0628718	-1.30693	0.0366731
1.595	0.393377	-0.174892	0.0302981	-0.0622764	-1.3056	0.0367378
1.6	0.393504	-0.174901	0.0302846	-0.0620245	-1.3044	0.0370224
1.605	0.393762	-0.174855	0.0302922	-0.0581239	-1.30564	0.0335635
1.61	0.39394	-0.174851	0.0302875	-0.0569765	-1.30546	0.0327759
1.615	0.394111	-0.174855	0.0302818	-0.0562877	-1.30517	0.0323831
1.62	0.394275	-0.174864	0.0302754	-0.0559654	-1.3048	0.0323058
1.625	0.394318	-0.174822	0.0302524	-0.0526574	-1.30233	0.030679
1.63	0.394431	-0.174819	0.0302393	-0.0517028	-1.30112	0.0304207
1.635	0.394548	-0.174823	0.030227	-0.051166	-1.30002	0.0304489
1.64	0.394784	-0.1748	0.030233	-0.0487772	-1.30111	0.0282113
1.645	0.394946	-0.174802	0.0302282	-0.0480653	-1.3009	0.027765
1.65	0.395102	-0.17481	0.0302225	-0.0477235	-1.3006	0.0276432
1.655	0.395251	-0.174823	0.0302161	-0.0476772	-1.30023	0.0277804
1.66	0.395297	-0.174762	0.030197	-0.0432763	-1.2981	0.0251788
1.665	0.395401	-0.174753	0.0301853	-0.0420333	-1.29701	0.0246515
1.67	0.395508	-0.174752	0.0301743	-0.0412676	-1.296	0.0244654
1.675	0.395617	-0.174758	0.0301637	-0.0408804	-1.29506	0.0245489
1.68	0.39586	-0.174741	0.0301731	-0.0389326	-1.2966	0.0224681
1.685	0.396017	-0.174746	0.0301701	-0.038428	-1.29661	0.0220933
1.69	0.396165	-0.174756	0.030166	-0.0382513	-1.29649	0.0220272
1.695	0.39619	-0.174715	0.0301464	-0.0352223	-1.29425	0.0205477
1.7	0.396282	-0.174712	0.0301354	-0.0344151	-1.29322	0.0203403
1.705	0.396376	-0.174716	0.0301251	-0.0339951	-1.29226	0.0204066
1.71	0.39647	-0.174725	0.0301151	-0.0338823	-1.29135	0.0206894
1.715	0.396697	-0.174689	0.0301247	-0.0308172	-1.29289	0.0177231
1.72	0.396839	-0.174688	0.0301222	-0.0300116	-1.29292	0.017102
1.725	0.396971	-0.174692	0.0301184	-0.029594	-1.29281	0.016838
1.73	0.396991	-0.174672	0.0301005	-0.0279384	-1.29075	0.0163662
1.735	0.397071	-0.174675	0.0300904	-0.0275291	-1.28979	0.0164411
1.74	0.397152	-0.174683	0.0300808	-0.0274252	-1.28889	0.0167304
1.745	0.397234	-0.174694	0.0300715	-0.0275635	-1.28803	0.0171892
1.75	0.397445	-0.174642	0.0300816	-0.0235971	-1.28958	0.0135029
1.755	0.397571	-0.174636	0.0300797	-0.022559	-1.28964	0.0126861
1.76	0.397688	-0.174636	0.0300765	-0.0219551	-1.28955	0.0122648
1.765	0.397796	-0.174642	0.0300723	-0.0216991	-1.28934	0.0121604
1.77	0.397784	-0.174628	0.0300531	-0.020587	-1.28704	0.0122139
1.775	0.397838	-0.174633	0.0300426	-0.0204245	-1.28596	0.0125274
1.78	0.397895	-0.174643	0.0300327	-0.0205155	-1.28497	0.0130044
1.785	0.398095	-0.174608	0.0300431	-0.0177023	-1.2866	0.0101767
1.79	0.398204	-0.174607	0.0300411	-0.0170578	-1.28664	0.00967166
1.795	0.398303	-0.174611	0.030038	-0.0167682	-1.28654	0.0094986
1.8	0.398394	-0.17462	0.030034	-0.0167624	-1.28632	0.00959121
1.805	0.398477	-0.174632	0.0300293	-0.0169831	-1.28602	0.00989579
1.81	0.398463	-0.174581	0.0300143	-0.0137404	-1.28405	0.00815801
1.815	0.398502	-0.174574	0.0300052	-0.0129957	-1.28305	0.00798525
1.82	0.398542	-0.174574	0.0299965	-0.0126241	-1.28212	0.00807602
1.825	0.398728	-0.174578	0.0300066	-0.0121222	-1.28382	0.00701308
1.83	0.398821	-0.174586	0.030005	-0.0121356	-1.28391	0.00699815
1.835	0.398903	-0.174598	0.0300024	-0.0123715	-1.28385	0.00721609
1.84	0.398976	-0.174612	0.0299989	-0.012785	-1.28367	0.00761996
1.845	0.398961	-0.17455	0.0299869	-0.00897787	-1.28199	0.00532629
1.85	0.398991	-0.17454	0.0299795	-0.00810148	-1.28115	0.00499117
1.855	0.399021	-0.174537	0.0299722	-0.00762547	-1.28034	0.00495257
1.86	0.399175	-0.174554	0.0299802	-0.00803266	-1.28178	0.00469469
1.865	0.399248	-0.174566	0.0299785	-0.00833258	-1.28182	0.00491998
1.87	0.39931	-0.174579	0.0299759	-0.00879707	-1.28172	0.0053292
1.875	0.399364	-0.174595	0.0299724	-0.0093925	-1.28151	0.00588488
1.88	0.399361	-0.174526	0.029965	-0.00516127	-1.28035	0.00305593
1.885	0.399383	-0.174513	0.0299593	-0.00419817	-1.27968	0.00258341
1.89	0.399403	-0.174507	0.0299535	-0.00365327	-1.27901	0.00243507
1.895	0.399524	-0.174535	0.0299595	-0.00483626	-1.28017	0.0028868
1.9	0.399577	-0.17455	0.0299577	-0.00538757	-1.28016	0.0033251
1.905	0.39962	-0.174565	0.0299551	-0.00605255	-1.28003	0.00390387
1.91	0.399654	-0.174582	0.0299519	-0.00680749	-1.27979	0.00459405
1.915	0.399682	-0.174599	0.0299481	-0.00763324	-1.27947	0.00537224
1.92	0.399695	-0.174497	0.029947	-0.00151009	-1.27899	0.000793769
1.925	0.399709	-0.174473	0.0299436	4.31521e-05	-1.27852	-0.000221454
1.93	0.399718	-0.174458	0.0299398	0.00105836	-1.27801	-0.000802453
1.935	0.399802	-0.174526	0.0299427	-0.00257514	-1.27888	0.00167574
1.94	0.399832	-0.17455	0.0299407	-0.00383062	-1.27882	0.00268062
1.945	0.399853	-0.174573	0.0299381	-0.00505769	-1.27865	0.00371127
1.95	0.399866	-0.174596	0.0299349	-0.00626054	-1.27838	0.00476109
1.955	0.399883	-0.174487	0.0299372	0.000186497	-1.27828	-0.000226126
1.96	0.399887	-0.174462	0.0299354	0.0017235	-1.27797	-0.00129307
1.965	0.399885	-0.174445	0.0299329	0.00272621	-1.27759	-0.00191607
1.97	0.399938	-0.174518	0.0299343	-0.00129515	-1.27821	0.000961633
1.975	0.399948	-0.174543	0.0299324	-0.00269238	-1.27811	0.00209284
1.98	0.399949	-0.174566	0.02993	-0.00403221	-1.27791	0.00322381
1.985	0.399942	-0.174589	0.029927	-0.00532456	-1.27761	0.00435305
1.99	0.399969	-0.174482	0.0299331	0.000958172	-1.27801	-0.000709935
1.995	0.399965	-0.174458	0.0299328	0.00240795	-1.27786	-0.00177879
2.0	0.399953	-0.174441	0.0299317	0.00334152	-1.27762	-0.00240404
2.005	0.399934	-0.174431	0.0299298	0.00386224	-1.2773	-0.00267457
2.01	0.399978	-0.174525	0.0299303	-0.00150586	-1.27805	0.00118753
2.015	0.39998	-0.17456	0.0299251	-0.0035546	-1.27802	0.00279547
2.02	0.399976	-0.174592	0.0299176	-0.00541541	-1.27787	0.00430766
2.025	0.39997	-0.174488	0.0299127	0.000668065	-1.2777	-0.000455426
2.03	0.399959	-0.174467	0.0299025	0.00184322	-1.2774	-0.0012797
2.035	0.399946	-0.174454	0.0298899	0.00255748	-1.27704	-0.00170964
2.04	0.399931	-0.174447	0.0298752	0.00290374	-1.27662	-0.00182488
2.045	0.39998	-0.174521	0.0298634	-0.00122238	-1.27728	0.00093646
2.05	0.399987	-0.17455	0.0298464	-0.00288934	-1.27718	0.00220596
2.055	0.399988	-0.174576	0.029827	-0.0044441	-1.27698	0.00344674
2.06	0.399968	-0.174491	0.0298072	0.000486422	-1.2764	-0.00029451
2.065	0.399957	-0.174475	0.0297843	0.00136089	-1.27594	-0.000852359
2.07	0.399945	-0.174465	0.0297592	0.00183619	-1.27544	-0.00107071
2.075	0.399932	-0.174462	0.0297323	0.00199336	-1.27492	-0.00101872
2.08	0.39992	-0.174462	0.0297034	0.00189726	-1.27437	-0.000751726
2.085	0.399986	-0.17452	0.0296802	-0.00113133	-1.27517	0.000767823
2.09	0.400003	-0.174546	0.0296504	-0.00256281	-1.27508	0.00172917
2.095	0.400014	-0.17457	0.0296184	-0.00392805	-1.27488	0.0027223
2.1	0.399964	-0.174491	0.029581	0.000414155	-1.2736	-0.000176886
2.105	0.399948	-0.174477	0.0295438	0.00114909	-1.2729	-0.000525614
2.11	0.399934	-0.174469	0.029505	0.00151565	-1.27221	-0.000579564
2.115	0.399922	-0.174466	0.0294645	0.00158919	-1.27153	-0.000399419
2.12	0.399985	-0.174515	0.0294294	-0.000857195	-1.27213	0.000540347
2.125	0.400003	-0.174537	0.0293883	-0.00201701	-1.27192	0.00126024
2.13	0.400016	-0.174557	0.0293452	-0.00316232	-1.27163	0.00205758
2.135	0.399964	-0.174494	0.029296	0.000256385	-1.27017	-4.44193e-05
2.14	0.39995	-0.174484	0.0292477	0.000746366	-1.26937	-0.000184544
2.145	0.399939	-0.174479	0.0291981	0.000920732	-1.26861	-7.53688e-05
2.15	0.399931	-0.174479	0.0291472	0.000844298	-1.26787	0.000231518
2.155	0.399926	-0.174483	0.0290949	0.000568702	-1.26715	0.000695077
2.16	0.399988	-0.174513	0.0290478	-0.000684886	-1.26757	0.000282719
2.165	0.400009	-0.17453	0.0289951	-0.0015399	-1.26728	0.000617739
2.17	0.400027	-0.174548	0.0289407	-0.0024384	-1.26693	0.00110418
2.175	0.399962	-0.174496	0.0288781	0.000141533	-1.26511	0.000119833
2.18	0.399947	-0.174488	0.0288182	0.000429094	-1.26416	0.000258444
2.185	0.399938	-0.174486	0.0287574	0.000447089	-1.26327	0.000585025
2.19	0.399932	-0.174488	0.0286955	0.000251041	-1.26244	0.00106034
2.195	0.399984	-0.17451	0.0286378	-0.000478723	-1.26258	0.000128648
2.2	0.400004	-0.174523	0.0285757	-0.00111431	-1.26215	0.000278266
2.205	0.400022	-0.174537	0.0285122	-0.00183368	-1.26168	0.000612763
2.21	0.399963	-0.174498	0.0284413	2.30992e-05	-1.25987	0.000209991
2.215	0.399953	-0.174494	0.028373	0.000124579	-1.25889	0.000493992
2.22	0.399947	-0.174494	0.028304	-1.51036e-06	-1.25797	0.000932121
2.225	0.399946	-0.174498	0.0282341	-0.000308214	-1.25712	0.0014921
2.23	0.399948	-0.174505	0.0281635	-0.000758168	-1.25632	0.00214833
2.235	0.399983	-0.174506	0.0280952	-0.000236263	-1.25601	-0.000206739
2.24	0.400001	-0.174514	0.028024	-0.000512931	-1.25544	-0.000503067
2.245	0.400019	-0.174524	0.0279517	-0.000941785	-1.25486	-0.000528747
2.25	0.399964	-0.1745	0.0278726	-0.000129192	-1.25304	0.000415977
2.255	0.399957	-0.174501	0.0277963	-0.00028451	-1.25201	0.00103979
2.26	0.399955	-0.174504	0.0277196	-0.00060912	-1.25107	0.00174284
2.265	0.399957	-0.174511	0.0276423	-0.00106813	-1.25019	0.00250827
2.27	0.399979	-0.174504	0.0275665	-0.000104593	-1.24957	-0.000280109
2.275	0.399993	-0.174508	0.0274888	-0.000222681	-1.24886	-0.000696435
2.28	0.400009	-0.174516	0.0274104	-0.000520706	-1.24818	-0.000822098
2.285	0.399966	-0.174502	0.0273266	-0.000205393	-1.2465	0.000460645
2.29	0.399963	-0.174505	0.0272452	-0.000483685	-1.24548	0.00116179
2.295	0.399965	-0.174511	0.0271635	-0.000901884	-1.24455	0.00192196
2.3	0.399972	-0.174519	0.0270815	-0.00143112	-1.24368	0.00272847
2.305	0.399975	-0.174502	0.0269996	1.5678e-06	-1.24268	-0.00034645
2.31	0.399985	-0.174503	0.026917	3.02134e-05	-1.24184	-0.00085491
2.315	0.399998	-0.174508	0.0268341	-0.00014634	-1.24105	-0.00105838
2.32	0.400014	-0.174516	0.0267507	-0.000485307	-1.2403	-0.00101956
2.325	0.399964	-0.174502	0.0266623	-0.000245815	-1.23845	0.000671042
2.33	0.399958	-0.174505	0.0265766	-0.000555191	-1.23736	0.00156518
2.335	0.399959	-0.174511	0.026491	-0.000991626	-1.23636	0.00247308
2.34	0.399976	-0.174503	0.0264068	-0.000111007	-1.23556	-0.000159766
2.345	0.399989	-0.174507	0.0263217	-0.000236913	-1.23475	-0.000483759
2.35	0.400005	-0.174514	0.0262363	-0.000531552	-1.23398	-0.000545202
2.355	0.400023	-0.174523	0.0261509	-0.000959675	-1.23325	-0.000398064
2.36	0.399961	-0.1745	0.0260603	-0.000105612	-1.23116	0.000481589
2.365	0.399953	-0.1745	0.0259729	-0.000224291	-1.22998	0.00112205
2.37	0.399952	-0.174504	0.0258858	-0.000504903	-1.22893	0.00182373
2.375	0.399956	-0.17451	0.025799	-0.000914231	-1.22797	0.00257357
2.38	0.39998	-0.174504	0.025714	-0.00011854	-1.22727	-0.000335319
2.385	0.399997	-0.174509	0.0256281	-0.000258283	-1.22652	-0.00082038
2.39	0.400016	-0.174517	0.0255423	-0.000559468	-1.2258	-0.00101518
2.395	0.399965	-0.174502	0.0254527	-0.000175484	-1.2239	0.000474754
2.4	0.399961	-0.174505	0.0253657	-0.000409192	-1.2228	0.00120369
2.405	0.399963	-0.17451	0.0252792	-0.000777345	-1.22181	0.0019717
2.41	0.39997	-0.174518	0.0251932	-0.00125238	-1.2209	0.00277034
2.415	0.399976	-0.174502	0.0251083	-1.94702e-05	-1.21991	-0.000385413
2.42	0.399987	-0.174504	0.0250233	-2.20988e-05	-1.21906	-0.000945886
2.425	0.400002	-0.174509	0.0249387	-0.000209672	-1.21828	-0.00120494
2.43	0.399968	-0.174504	0.0248519	-0.000235168	-1.21671	0.00050363
2.435	0.399968	-0.174509	0.0247672	-0.000568091	-1.21571	0.00128152
2.44	0.399973	-0.174516	0.0246832	-0.00101166	-1.21479	0.00208479
2.445	0.399981	-0.174525	0.0245998	-0.00154315	-1.21395	0.0029078
2.45	0.399972	-0.1745	0.0245171	6.64726e-05	-1.21273	-0.000429306
2.455	0.399979	-0.174499	0.024435	0.000182685	-1.21183	-0.00105054
2.46	0.399988	-0.174502	0.0243535	9.3912e-05	-1.211	-0.00136193
2.465	0.4	-0.174508	0.0242726	-0.000157146	-1.21022	-0.00142714
2.47	0.399967	-0.174505	0.0241904	-0.000302884	-1.20873	0.000750222
2.475	0.399965	-0.174511	0.0241101	-0.000692704	-1.20776	0.00175526
2.48	0.399968	-0.174519	0.0240308	-0.00117648	-1.20687	0.00273492
2.485	0.399974	-0.174502	0.0239533	-5.05189e-05	-1.20596	-0.000234384
2.49	0.399982	-0.174504	0.023876	-8.1362e-05	-1.20516	-0.000677122
2.495	0.399993	-0.174509	0.0237995	-0.000283078	-1.20442	-0.000850424
2.5	0.400005	-0.174516	0.0237239	-0.000620148	-1.20371	-0.000809484
2.505	0.399965	-0.174502	0.0236475	-0.000166274	-1.20216	0.000561804
2.51	0.39996	-0.174505	0.0235731	-0.000370894	-1.20119	0.00131542
2.515	0.399959	-0.174511	0.0234998	-0.000704299	-1.20031	0.00209171
2.52	0.399975	-0.174503	0.0234286	-0.000132517	-1.19967	-0.00011976
2.525	0.399985	-0.174508	0.0233578	-0.000300013	-1.19897	-0.000372289
2.53	0.399995	-0.174515	0.023288	-0.000606901	-1.1983	-0.000397565
2.535	0.400006	-0.174524	0.0232192	-0.00102424	-1.19765	-0.000242051
2.54	0.400017	-0.174534	0.0231515	-0.00152903	-1.19703	5.7223e-05
2.545	0.39996	-0.174497	0.0230839	0.00010181	-1.19527	0.000384964
2.55	0.399946	-0.174493	0.0230181	0.000258612	-1.19426	0.000856799
2.555	0.399938	-0.174492	0.0229535	0.000216607	-1.19335	0.00140536
2.56	0.399979	-0.174507	0.0228915	-0.000298544	-1.19326	-6.34416e-06
2.565	0.399993	-0.174517	0.02283	-0.000742216	-1.19275	-6.21601e-05
2.57	0.400005	-0.174529	0.0227696	-0.00126612	-1.19224	6.60578e-05
2.575	0.400016	-0.174541	0.0227104	-0.00185345	-1.19172	0.000340809
2.58	0.39996	-0.174496	0.0226523	0.000179957	-1.19008	0.000239262
2.585	0.399946	-0.174489	0.0225957	0.000452659	-1.18916	0.000547676
2.59	0.399935	-0.174487	0.0225404	0.000505007	-1.18831	0.000963876
2.595	0.399979	-0.174508	0.0224875	-0.000346694	-1.1884	7.87639e-05
2.6	0.399991	-0.17452	0.0224353	-0.00087225	-1.18797	0.000158904
2.605	0.400001	-0.174532	0.0223845	-0.00145896	-1.18753	0.000393198
2.61	0.400008	-0.174546	0.0223351	-0.00209394	-1.18707	0.000750224
2.615	0.40004	-0.17452	0.022475	-0.000572289	-1.18614	0.00062768
2.62	0.400009	-0.174506	0.0222676	-0.000973209	-1.18575	0.0012859
2.625	0.400017	-0.174533	0.0222459	-0.00154931	-1.18543	0.00195922
2.63	0.400038	-0.174536	0.0222387	-0.0023088	-1.18517	0.00258634
2.635	0.400064	-0.174568	0.0221838	-0.00343794	-1.18502	0.00350502
2.64	0.400008	-0.174509	0.0221595	-4.89556e-05	-1.18331	-0.000203883
2.645	0.399997	-0.174502	0.022122	0.000327564	-1.18284	-0.000741021
2.65	0.400003	-0.174491	0.0220852	0.000471923	-1.18252	-0.00100636
2.655	0.400003	-0.174491	0.0220852	0.000494727	-1.18233	-0.00112415
2.66	0.400027	-0.174485	0.0220449	0.000282021	-1.18237	-0.000924376
2.665	0.400032	-0.174474	0.0220253	-0.000148907	-1.18244	-0.00072362
2.67	0.400039	-0.174447	0.0220031	-0.000828499	-1.18262	-0.000245333
2.675	0.400037	-0.174431	0.0219816	-0.00166805	-1.18287	0.000352105
2.68	0.400025	-0.174418	0.0219692	-0.00202777	-1.18313	0.000666028
2.685	0.400012	-0.174403	0.0219603	-0.00221413	-1.18344	0.000896953
2.69	0.399996	-0.174393	0.0219534	-0.00233768	-1.18378	0.00106719
2.695	0.399978	-0.174386	0.021948	-0.00242985	-1.18416	0.00119646
2.7	0.399959	-0.174382	0.0219437	-0.0025002	-1.18456	0.00129236
2.705	0.399939	-0.174379	0.0219405	-0.0025538	-1.18498	0.0013592
2.71	0.399918	-0.174377	0.0219382	-0.0025954	-1.18542	0.00140312
2.715	0.399896	-0.174376	0.0219367	-0.00262854	-1.18587	0.00143123
2.72	0.399874	-0.174375	0.0219359	-0.0026559	-1.18633	0.00145012
2.725	0.399852	-0.174375	0.0219356	-0.002679	-1.1868	0.00146384
2.73	0.39983	-0.174376	0.0219358	-0.00269912	-1.18728	0.00147453
2.735	0.399808	-0.174376	0.0219364	-0.00271732	-1.18776	0.00148324
2.74	0.399786	-0.174377	0.0219366	-0.00277092	-1.18825	0.00149181
2.745	0.399764	-0.174378	0.0219365	-0.00285113	-1.18875	0.00149855
2.75	0.399743	-0.174379	0.0219361	-0.00295382	-1.18925	0.00150561
2.755	0.399721	-0.17438	0.0219355	-0.00307655	-1.18976	0.0015147
2.76	0.399701	-0.174381	0.0219347	-0.00321757	-1.19027	0.00152716
2.765	0.39968	-0.174381	0.0219338	-0.00337317	-1.19079	0.00154311
2.77	0.399659	-0.174382	0.0219329	-0.0035352	-1.19131	0.00155962
2.775	0.399638	-0.174382	0.021932	-0.00370472	-1.19183	0.00157904
2.78	0.399618	-0.174383	0.0219311	-0.00388117	-1.19235	0.00160146
2.785	0.399597	-0.174383	0.0219301	-0.00406401	-1.19287	0.00162706
2.79	0.399576	-0.174384	0.0219291	-0.00425274	-1.19339	0.00165592
2.795	0.399556	-0.174384	0.0219281	-0.00444704	-1.19391	0.00168816
2.8	0.399535	-0.174385	0.021927	-0.00464662	-1.19443	0.00172388
2.805	0.399515	-0.174385	0.0219259	-0.00485122	-1.19496	0.00176319
2.81	0.399494	-0.174386	0.0219247	-0.00506066	-1.19548	0.00180614
2.815	0.399474	-0.174386	0.0219235	-0.0052747	-1.19601	0.00185275
2.82	0.399453	-0.174386	0.0219223	-0.00549315	-1.19653	0.00190307
2.825	0.399433	-0.174387	0.021921	-0.00571583	-1.19706	0.00195707
2.83	0.399411	-0.174393	0.0219153	-0.00572313	-1.19759	0.0018458
2.835	0.39939	-0.174405	0.0219039	-0.00533556	-1.19816	0.00143184
2.84	0.399374	-0.174411	0.0218982	-0.00495387	-1.19876	0.00104186
2.845	0.399362	-0.174412	0.0218918	-0.00486403	-1.19937	0.000904823
2.85	0.399349	-0.174412	0.0218834	-0.00496735	-1.19998	0.000930692
2.855	0.399335	-0.174416	0.0218724	-0.00500754	-1.2006	0.000904988
2.86	0.399317	-0.174429	0.0218577	-0.00459128	-1.20121	0.000508191
2.865	0.399292	-0.174454	0.0218457	-0.00373109	-1.20177	-0.00017752
2.87	0.399268	-0.174482	0.0218301	-0.00260828	-1.20235	-0.00108137
2.875	0.399252	-0.174512	0.0218283	-0.00132665	-1.20298	-0.00213497
2.88	0.39924	-0.174531	0.0218203	-0.00065778	-1.2036	-0.00267877
2.885	0.399229	-0.174548	0.0218137	-0.000481413	-1.20423	-0.00284232
2.89	0.399208	-0.174566	0.0217859	-0.000878943	-1.20478	-0.00250994
2.895	0.399187	-0.174582	0.0217582	-0.000640031	-1.20539	-0.00273709
2.9	0.399167	-0.174601	0.0217347	0.000107666	-1.20601	-0.00338478
2.905	0.399149	-0.174617	0.0217128	0.000812797	-1.20664	-0.00398891
2.91	0.399118	-0.174634	0.0217003	0.00147475	-1.20717	-0.00466191
2.915	0.399095	-0.174642	0.021691	0.00192317	-1.20774	-0.00511847
2.92	0.399067	-0.174651	0.0216829	0.00222611	-1.20828	-0.00546044
2.925	0.399039	-0.174656	0.0216755	0.00241403	-1.20881	-0.00567281
2.93	0.399014	-0.174652	0.0216705	0.0022892	-1.20934	-0.00560815
2.935	0.398989	-0.174644	0.0216655	0.00195662	-1.20987	-0.00535318
2.94	0.398961	-0.174638	0.0216588	0.00171533	-1.21039	-0.00516921
2.945	0.398935	-0.174631	0.0216518	0.00152329	-1.21092	-0.00500961
2.95	0.398908	-0.174625	0.0216447	0.00137055	-1.21145	-0.00487749
2.955	0.398881	-0.174621	0.0216377	0.00125334	-1.21198	-0.00477325
2.96	0.398856	-0.17461	0.0216315	0.000946352	-1.21252	-0.00450096
2.965	0.398832	-0.174597	0.0216255	0.00051894	-1.21305	-0.0041317
2.97	0.398808	-0.174584	0.0216193	1.04731e-05	-1.21359	-0.00369411
2.975	0.398784	-0.174569	0.0216134	-0.000532219	-1.21413	-0.00323139
2.98	0.398762	-0.174554	0.0216064	-0.0011113	-1.21467	-0.00273502
2.985	0.39874	-0.174541	0.0216019	-0.00169742	-1.21522	-0.00224481
2.99	0.398718	-0.174529	0.0215985	-0.00225827	-1.21575	-0.00178792
2.995	0.398695	-0.174517	0.0215953	-0.0028109	-1.21628	-0.00134016
3.0	0.398672	-0.174504	0.0215918	-0.00336497	-1.21681	-0.000893531
3.005	0.398649	-0.174497	0.02159	-0.00389226	-1.21734	-0.000459711
3.01	0.398625	-0.174489	0.0215883	-0.00439135	-1.21787	-5.06912e-05
3.015	0.398601	-0.174482	0.0215864	-0.00488117	-1.21839	0.000349413
3.02	0.398577	-0.174475	0.0215842	-0.00536519	-1.21891	0.000744891
3.025	0.398552	-0.174468	0.0215817	-0.0058464	-1.21943	0.0011398
3.03	0.398527	-0.17446	0.021579	-0.00632314	-1.21995	0.00153416
3.035	0.398503	-0.174455	0.0215761	-0.00671737	-1.22049	0.00184087
3.04	0.398479	-0.174447	0.0215724	-0.00707102	-1.22102	0.00210998
3.045	0.398455	-0.174438	0.021568	-0.00752357	-1.22156	0.00244063
3.05	0.39843	-0.174432	0.0215637	-0.00791668	-1.2221	0.00268144
3.055	0.398404	-0.174424	0.0215592	-0.00822869	-1.22263	0.00283736
3.06	0.398378	-0.174417	0.0215543	-0.00853041	-1.22317	0.00299047
3.065	0.398352	-0.174411	0.0215495	-0.00881307	-1.22371	0.0031478
3.07	0.398326	-0.174404	0.0215442	-0.00921463	-1.22424	0.00339473
3.075	0.398299	-0.174399	0.0215396	-0.00950563	-1.22478	0.00356782
3.08	0.398272	-0.174397	0.0215347	-0.00970473	-1.22532	0.00367364
3.085	0.398243	-0.1744	0.0215291	-0.00967243	-1.22587	0.00357853
3.09	0.398214	-0.1744	0.0215232	-0.0096511	-1.22641	0.003502
3.095	0.398185	-0.174401	0.0215166	-0.00967174	-1.22696	0.00343456
3.1	0.398155	-0.1744	0.0215102	-0.0097427	-1.22751	0.00341308
3.105	0.398126	-0.1744	0.0215015	-0.00982855	-1.22807	0.00336773
3.11	0.398097	-0.174398	0.0214928	-0.00993813	-1.22863	0.00332485
3.115	0.398068	-0.174394	0.0214833	-0.0101119	-1.22919	0.00333513
3.12	0.398039	-0.174386	0.0214731	-0.0104158	-1.22975	0.00347025
3.125	0.398009	-0.174378	0.0214622	-0.0107681	-1.23031	0.0036492
3.13	0.39798	-0.17437	0.0214512	-0.0111313	-1.23087	0.00383938
3.135	0.39795	-0.174361	0.0214404	-0.0114891	-1.23143	0.00402523
3.14	0.397918	-0.174359	0.0214302	-0.0115817	-1.23199	0.00404319
3.145	0.397887	-0.174357	0.0214206	-0.0115718	-1.23255	0.00401035
3.15	0.397856	-0.174358	0.021412	-0.0115022	-1.23311	0.00393749
3.155	0.397824	-0.17436	0.021404	-0.0113971	-1.23368	0.00383356
3.16	0.397793	-0.174361	0.0213964	-0.011291	-1.23424	0.00372591
3.165	0.397762	-0.174362	0.021389	-0.0112709	-1.2348	0.0036786
3.17	0.397731	-0.174362	0.0213827	-0.0113573	-1.23536	0.00373387
3.175	0.397701	-0.174363	0.0213767	-0.0114235	-1.23592	0.00372848
3.18	0.397671	-0.174361	0.0213699	-0.0115348	-1.23648	0.00374171
3.185	0.39764	-0.174362	0.0213639	-0.0115572	-1.23704	0.00370894
3.19	0.39761	-0.174359	0.0213572	-0.0116315	-1.23761	0.00371043
3.195	0.39758	-0.174357	0.0213502	-0.0117338	-1.23817	0.00372958
3.2	0.397549	-0.174354	0.0213438	-0.0118907	-1.23873	0.00381292
3.205	0.397519	-0.174352	0.0213378	-0.0119834	-1.23929	0.00388061
3.21	0.397488	-0.17435	0.0213317	-0.0120708	-1.23984	0.00395417
3.215	0.397458	-0.174345	0.0213255	-0.0122332	-1.24039	0.00411383
3.22	0.397427	-0.17434	0.0213194	-0.0124432	-1.24094	0.00432844
3.225	0.397396	-0.174337	0.0213122	-0.0125592	-1.24149	0.00445361
3.23	0.397366	-0.174333	0.0213049	-0.0126512	-1.24205	0.00455479
3.235	0.397335	-0.17433	0.0212979	-0.0127373	-1.2426	0.00463863
3.24	0.397304	-0.174331	0.0212914	-0.012686	-1.24316	0.00461791
3.245	0.397274	-0.174332	0.0212851	-0.0125841	-1.24372	0.00455361
3.25	0.397243	-0.174332	0.021279	-0.0125218	-1.24427	0.00451641
3.255	0.397212	-0.174333	0.0212729	-0.0124732	-1.24483	0.0044858
3.26	0.397181	-0.174334	0.0212671	-0.0124279	-1.24539	0.00445615
3.265	0.397151	-0.174335	0.0212615	-0.0124052	-1.24594	0.00444171
3.27	0.39712	-0.174336	0.0212559	-0.0124083	-1.24649	0.00444638
3.275	0.397089	-0.174336	0.0212504	-0.0124332	-1.24705	0.00446886
3.28	0.397058	-0.174336	0.021245	-0.0124631	-1.2476	0.00449589
3.285	0.397027	-0.174337	0.0212395	-0.0124939	-1.24815	0.00452425
3.29	0.396996	-0.174337	0.021234	-0.0125365	-1.24871	0.00455843
3.295	0.396966	-0.174337	0.0212284	-0.012582	-1.24926	0.00459318
3.3	0.396935	-0.174337	0.0212228	-0.0126284	-1.24982	0.0046279
3.305	0.396904	-0.174337	0.0212171	-0.0126808	-1.25037	0.00465954
3.31	0.396872	-0.174342	0.0212104	-0.0126038	-1.25093	0.00457422
3.315	0.39684	-0.174345	0.0212028	-0.0125452	-1.25148	0.00449555
3.32	0.396808	-0.174352	0.0211962	-0.0122337	-1.25206	0.00420362
3.325	0.396777	-0.174357	0.0211887	-0.0119675	-1.25263	0.0039048
3.33	0.396744	-0.174368	0.0211803	-0.0115315	-1.2532	0.00346145
3.335	0.396711	-0.174383	0.0211708	-0.010953	-1.25378	0.00289482
3.34	0.396678	-0.174396	0.0211614	-0.0104161	-1.25436	0.00236056
3.345	0.396644	-0.174409	0.021152	-0.00992164	-1.25494	0.0018566
3.35	0.39661	-0.17442	0.0211425	-0.00948316	-1.25552	0.00139801
3.355	0.396576	-0.174431	0.021133	-0.00909822	-1.2561	0.000987239
3.36	0.396542	-0.174439	0.0211234	-0.00881099	-1.25668	0.000658623
3.365	0.396507	-0.174455	0.0211125	-0.00826657	-1.25727	0.000130238
3.37	0.396473	-0.174461	0.0211038	-0.00803079	-1.25785	-0.000117097
3.375	0.396439	-0.174467	0.0210956	-0.00788056	-1.25842	-0.000284851
3.38	0.396405	-0.17447	0.0210877	-0.00777637	-1.259	-0.000403555
3.385	0.396372	-0.174472	0.0210803	-0.00774191	-1.25957	-0.00045814
3.39	0.396339	-0.174471	0.0210725	-0.0077779	-1.26013	-0.000448215
3.395	0.396306	-0.17447	0.0210651	-0.00780046	-1.26071	-0.00046228
3.4	0.396274	-0.174469	0.0210578	-0.00782076	-1.26128	-0.000487073
3.405	0.396241	-0.174468	0.0210506	-0.0078414	-1.26185	-0.000520809
3.41	0.396209	-0.174468	0.0210433	-0.00782216	-1.26243	-0.000587526
3.415	0.396177	-0.174467	0.0210343	-0.00785134	-1.26299	-0.000600752
3.42	0.396144	-0.174468	0.0210265	-0.00782548	-1.26357	-0.000664453
3.425	0.396112	-0.174469	0.0210189	-0.00778606	-1.26414	-0.000746239
3.43	0.39608	-0.174469	0.0210113	-0.00777042	-1.26472	-0.000825246
3.435	0.396048	-0.174468	0.0210039	-0.00778726	-1.26529	-0.000889286
3.44	0.396016	-0.174468	0.0209967	-0.00777329	-1.26586	-0.000928357
3.445	0.395983	-0.174468	0.0209895	-0.00776351	-1.26642	-0.000954444
3.45	0.39595	-0.174468	0.0209822	-0.00777758	-1.26699	-0.000949619
3.455	0.395917	-0.174468	0.0209748	-0.00779647	-1.26756	-0.000935306
3.46	0.395885	-0.174467	0.0209674	-0.00784547	-1.26813	-0.000892477
3.465	0.395851	-0.174467	0.0209599	-0.00787999	-1.2687	-0.000860956
3.47	0.395819	-0.174463	0.020952	-0.00802315	-1.26926	-0.000743462
3.475	0.395786	-0.174459	0.0209436	-0.00823043	-1.26983	-0.000578631
3.48	0.395753	-0.174455	0.0209353	-0.0084552	-1.27039	-0.000400502
3.485	0.39572	-0.17445	0.0209269	-0.00869244	-1.27096	-0.0001938
3.49	0.395687	-0.174445	0.0209188	-0.00889928	-1.27152	2.01947e-05
3.495	0.395654	-0.174441	0.0209107	-0.00908911	-1.27209	0.000232909
3.5	0.395621	-0.174436	0.0209023	-0.00927143	-1.27265	0.000469412
3.505	0.395589	-0.174433	0.0208957	-0.00940544	-1.27321	0.000609565
3.51	0.395558	-0.174429	0.0208896	-0.00954946	-1.27378	0.000755026
3.515	0.395526	-0.174426	0.0208835	-0.00966913	-1.27434	0.000879982
3.52	0.395496	-0.174424	0.0208774	-0.00974855	-1.27491	0.000974468
3.525	0.395465	-0.17442	0.0208711	-0.00987623	-1.27546	0.00112802
3.53	0.395433	-0.174418	0.0208633	-0.00995836	-1.27602	0.00129603
3.535	0.395401	-0.174417	0.0208552	-0.00997191	-1.27658	0.00136538
3.54	0.39537	-0.174412	0.0208483	-0.0101341	-1.27714	0.00158066
3.545	0.395339	-0.174405	0.0208417	-0.0103934	-1.2777	0.00188437
3.55	0.395307	-0.174398	0.0208347	-0.010717	-1.27825	0.00226089
3.555	0.395275	-0.174394	0.020828	-0.0108996	-1.27882	0.00245906
3.56	0.395243	-0.174392	0.0208211	-0.0109548	-1.27939	0.00253492
3.565	0.395211	-0.174391	0.0208143	-0.0109522	-1.27996	0.00253919
3.57	0.395179	-0.174391	0.0208074	-0.0109063	-1.28053	0.0024918
3.575	0.395146	-0.174394	0.0207989	-0.0107608	-1.28111	0.00234768
3.58	0.395113	-0.174396	0.02079	-0.0106417	-1.28168	0.00223262
3.585	0.39508	-0.174396	0.0207809	-0.0106078	-1.28226	0.00220301
3.59	0.395046	-0.174398	0.0207728	-0.0105628	-1.28283	0.0021525
3.595	0.395013	-0.174396	0.0207647	-0.0105856	-1.2834	0.00217829
3.6	0.39498	-0.174396	0.0207566	-0.0105939	-1.28398	0.00218302
3.605	0.394947	-0.174392	0.020748	-0.0107004	-1.28455	0.0022928
3.61	0.394913	-0.174391	0.0207387	-0.0106718	-1.28513	0.00228303
3.615	0.394881	-0.174387	0.0207308	-0.0107421	-1.28571	0.00237992
3.62	0.394848	-0.174383	0.0207235	-0.010849	-1.28628	0.00250804
3.625	0.394816	-0.17438	0.0207167	-0.0109693	-1.28685	0.00264872
3.63	0.394785	-0.174376	0.0207101	-0.0110963	-1.28742	0.00279482
3.635	0.394753	-0.174373	0.0207037	-0.011229	-1.28798	0.0029447
3.64	0.394722	-0.174369	0.0206974	-0.0113732	-1.28855	0.00309898
3.645	0.39469	-0.174363	0.02069	-0.0116574	-1.28911	0.0033914
3.65	0.394659	-0.174363	0.020684	-0.0118709	-1.28967	0.0036016
3.655	0.39466	-0.174367	0.0207092	-0.0119787	-1.29009	0.00369661
3.66	0.394654	-0.174384	0.020732	-0.0120554	-1.29051	0.00372922
3.665	0.39465	-0.174389	0.0207497	-0.0121125	-1.29093	0.0037405
3.67	0.394642	-0.174392	0.0207633	-0.01221	-1.29135	0.0037746
3.675	0.394632	-0.174394	0.0207737	-0.0122984	-1.29178	0.00381588
3.68	0.394619	-0.174396	0.0207812	-0.0123727	-1.29221	0.00387061
3.685	0.394603	-0.174398	0.0207858	-0.0124103	-1.29265	0.00389944
3.69	0.394584	-0.1744	0.0207883	-0.0123662	-1.29311	0.0038514
3.695	0.394564	-0.174401	0.0207887	-0.0124017	-1.29358	0.00386531
3.7	0.394541	-0.174401	0.0207873	-0.0124748	-1.29406	0.00390966
3.705	0.394517	-0.174403	0.0207847	-0.0124374	-1.29455	0.00386212
3.71	0.394491	-0.174405	0.020781	-0.0123695	-1.29506	0.00379016
3.715	0.394464	-0.174405	0.0207759	-0.0123774	-1.29557	0.00377515
3.72	0.394435	-0.174407	0.0207699	-0.0124011	-1.29609	0.00377001
3.725	0.394405	-0.174408	0.020763	-0.0124083	-1.29663	0.00375207
3.73	0.394374	-0.174409	0.0207554	-0.0123878	-1.29717	0.00371192
3.735	0.394342	-0.174411	0.0207473	-0.0123356	-1.29773	0.0036459
3.74	0.39431	-0.174413	0.0207388	-0.0122516	-1.29828	0.00355315
3.745	0.394276	-0.174414	0.0207295	-0.0122357	-1.29885	0.00353291
3.75	0.394242	-0.174416	0.0207197	-0.0122196	-1.29942	0.00350991
3.755	0.394208	-0.174416	0.02071	-0.0122601	-1.29999	0.00354311
3.76	0.394173	-0.174416	0.0207003	-0.0123154	-1.30056	0.00358955
3.765	0.394138	-0.174416	0.0206905	-0.0123752	-1.30114	0.00364108
3.77	0.394103	-0.174416	0.0206806	-0.0124361	-1.30172	0.00369416
3.775	0.394068	-0.174414	0.02067	-0.0126119	-1.3023	0.00383333
3.78	0.394033	-0.174412	0.020659	-0.0127986	-1.30289	0.00397744
3.785	0.393998	-0.17441	0.0206486	-0.0129845	-1.30347	0.00413711
3.79	0.393963	-0.174409	0.020638	-0.013103	-1.30406	0.00421663
3.795	0.393928	-0.174408	0.0206269	-0.0131681	-1.30465	0.00423362
3.8	0.393892	-0.174406	0.0206156	-0.0132244	-1.30524	0.00423797
3.805	0.393856	-0.174407	0.0206041	-0.0132576	-1.30584	0.00423116
3.81	0.393821	-0.174405	0.0205933	-0.013413	-1.30642	0.00437003
3.815	0.393785	-0.174406	0.0205827	-0.0135344	-1.307	0.0044752
3.82	0.393749	-0.174406	0.0205721	-0.0136225	-1.30759	0.00455447
3.825	0.393716	-0.174406	0.0205632	-0.0136948	-1.30818	0.00460283
3.83	0.393683	-0.174407	0.0205557	-0.0137516	-1.30875	0.00462961
3.835	0.393652	-0.174407	0.0205494	-0.013804	-1.30932	0.00465194
3.84	0.393622	-0.174408	0.0205442	-0.013855	-1.30989	0.00467426
3.845	0.393593	-0.17441	0.02054	-0.0139059	-1.31044	0.00469912
3.85	0.393566	-0.174411	0.0205367	-0.0139572	-1.31099	0.0047282
3.855	0.393539	-0.174412	0.0205342	-0.0140092	-1.31152	0.00476275
3.86	0.393514	-0.174413	0.0205324	-0.0140624	-1.31205	0.00480381
3.865	0.393489	-0.174415	0.0205312	-0.0141169	-1.31258	0.00485222
3.87	0.393463	-0.174416	0.0205287	-0.0141619	-1.31311	0.00488377
3.875	0.393435	-0.174416	0.0205249	-0.0141939	-1.31364	0.00490967
3.88	0.393407	-0.174417	0.02052	-0.0142231	-1.31417	0.00493452
3.885	0.393378	-0.174417	0.0205142	-0.0142515	-1.31471	0.00495919
3.89	0.393347	-0.174417	0.0205075	-0.01428	-1.31526	0.00498148
3.895	0.393316	-0.174417	0.0204996	-0.01424	-1.31581	0.00493094
3.9	0.393283	-0.174418	0.0204907	-0.014179	-1.31637	0.00486373
3.905	0.393287	-0.174422	0.0205158	-0.0141702	-1.31677	0.00484218
3.91	0.39328	-0.174439	0.020537	-0.0141267	-1.31718	0.00475462
3.915	0.393275	-0.174443	0.0205535	-0.0141331	-1.31758	0.00475144
3.92	0.393268	-0.174446	0.0205659	-0.014127	-1.318	0.00474156
3.925	0.393257	-0.174447	0.0205745	-0.014141	-1.31842	0.00475356
3.93	0.393242	-0.174448	0.0205797	-0.0141872	-1.31885	0.00478768
3.935	0.393225	-0.174449	0.0205826	-0.0141993	-1.3193	0.00479339
3.94	0.393206	-0.174449	0.0205834	-0.0142195	-1.31976	0.00480841
3.945	0.393184	-0.174448	0.0205821	-0.0143218	-1.32023	0.00490177
3.95	0.39316	-0.174447	0.0205791	-0.014459	-1.32071	0.00502745
3.955	0.393135	-0.174446	0.0205746	-0.0146029	-1.32121	0.00516045
3.96	0.393107	-0.174444	0.0205689	-0.0147379	-1.32171	0.00528602
3.965	0.393079	-0.174443	0.0205622	-0.0148582	-1.32224	0.0053991
3.97	0.393048	-0.174442	0.0205545	-0.01496	-1.32277	0.00549594
3.975	0.393017	-0.17444	0.0205461	-0.0150403	-1.32331	0.00557366
3.98	0.392985	-0.174441	0.0205368	-0.0150182	-1.32387	0.0055502
3.985	0.392951	-0.174441	0.0205266	-0.0149699	-1.32443	0.0055048
3.99	0.392917	-0.17444	0.020516	-0.0149795	-1.325	0.00551649
3.995	0.392882	-0.17444	0.020505	-0.0150038	-1.32558	0.00554154
4.0	0.392846	-0.174439	0.0204936	-0.0150391	-1.32616	0.00557734
4.005	0.39281	-0.174439	0.0204818	-0.0150711	-1.32675	0.0056102
4.01	0.392773	-0.174438	0.0204698	-0.0150804	-1.32734	0.0056216
4.015	0.392738	-0.174437	0.0204579	-0.0151462	-1.32793	0.00565267
4.02	0.392704	-0.174437	0.0204482	-0.0151922	-1.32852	0.00570119
4.025	0.392671	-0.174438	0.0204402	-0.0152347	-1.32909	0.00575378
4.03	0.392639	-0.17444	0.0204318	-0.0152295	-1.32966	0.00577357
4.035	0.392609	-0.174441	0.0204248	-0.0152305	-1.33023	0.00579442
4.04	0.392579	-0.174443	0.020419	-0.0152494	-1.33079	0.0058281
4.045	0.392551	-0.174444	0.0204143	-0.0152788	-1.33134	0.00586995
4.05	0.392523	-0.174446	0.0204087	-0.0152743	-1.33189	0.00589449
4.055	0.392498	-0.174448	0.0204066	-0.0153119	-1.33241	0.00594696
4.06	0.392472	-0.174454	0.0204028	-0.0153258	-1.33291	0.00598226
4.065	0.392445	-0.17446	0.0203979	-0.0152809	-1.33343	0.0059583
4.07	0.392419	-0.174462	0.0203921	-0.015332	-1.33394	0.00603326
4.075	0.392391	-0.174467	0.0203861	-0.0153247	-1.33447	0.0060566
4.08	0.392363	-0.17447	0.0203796	-0.0153026	-1.33501	0.00607063
4.085	0.392334	-0.174473	0.0203726	-0.0152764	-1.33555	0.00608213
4.09	0.392306	-0.174472	0.0203666	-0.0154315	-1.33608	0.00627681
4.095	0.392279	-0.174474	0.0203611	-0.0155426	-1.33659	0.00640364
4.1	0.392274	-0.174477	0.0203767	-0.0157081	-1.33698	0.00657085
4.105	0.392264	-0.17449	0.0203914	-0.0158279	-1.33739	0.00668117
4.11	0.392255	-0.174494	0.0204033	-0.0159546	-1.3378	0.00680578
4.115	0.392244	-0.174495	0.0204126	-0.0160667	-1.33822	0.00691956
4.12	0.39223	-0.174494	0.0204196	-0.0161916	-1.33865	0.00704916
4.125	0.392214	-0.174493	0.0204244	-0.0163406	-1.33909	0.00720364
4.13	0.392197	-0.17449	0.0204268	-0.016506	-1.33954	0.0073712
4.135	0.392177	-0.174486	0.0204272	-0.0167462	-1.34001	0.00761984
4.14	0.392154	-0.174481	0.0204257	-0.0170383	-1.34048	0.00792526
4.145	0.39213	-0.174475	0.0204226	-0.0173582	-1.34097	0.00826062
4.15	0.392104	-0.174469	0.0204181	-0.017697	-1.34147	0.00861595
4.155	0.392077	-0.174463	0.0204123	-0.0180514	-1.34198	0.00898778
4.16	0.392048	-0.174457	0.0204058	-0.0183778	-1.3425	0.00933067
4.165	0.392019	-0.174452	0.0203993	-0.0186438	-1.34304	0.00961051
4.17	0.391988	-0.174446	0.0203924	-0.0188975	-1.34358	0.00987814
4.175	0.391958	-0.174441	0.0203852	-0.0191511	-1.34413	0.0101449
4.18	0.391926	-0.174436	0.0203777	-0.0194074	-1.34469	0.0104141
4.185	0.391894	-0.174431	0.0203699	-0.0196668	-1.34525	0.0106865
4.19	0.391862	-0.174427	0.0203619	-0.0199285	-1.34581	0.0109616
4.195	0.391829	-0.174422	0.0203536	-0.0201936	-1.34638	0.0112404
4.2	0.391796	-0.174417	0.0203452	-0.0204623	-1.34695	0.0115229
4.205	0.391761	-0.174415	0.0203352	-0.0205583	-1.34753	0.0116296
4.21	0.391727	-0.174412	0.0203242	-0.0206113	-1.34812	0.0116959
4.215	0.391691	-0.174409	0.0203126	-0.0206536	-1.34871	0.0117496
4.22	0.391655	-0.174407	0.0203004	-0.0206916	-1.34931	0.011795
4.225	0.391618	-0.174406	0.0202877	-0.0207264	-1.34991	0.0118416
4.23	0.39158	-0.174405	0.0202741	-0.0206868	-1.35052	0.0118118
4.235	0.391542	-0.174404	0.0202602	-0.0206561	-1.35113	0.0117882
4.24	0.391504	-0.174403	0.0202464	-0.0206075	-1.35174	0.0117697
4.245	0.391467	-0.174404	0.0202327	-0.0205649	-1.35236	0.011771
4.25	0.391429	-0.174405	0.0202191	-0.020526	-1.35298	0.0117787
4.255	0.391392	-0.174405	0.0202054	-0.0204893	-1.3536	0.0117922
4.26	0.391355	-0.174404	0.0201927	-0.0204527	-1.35422	0.0118038
4.265	0.391318	-0.174404	0.0201801	-0.0204145	-1.35484	0.0118166
4.27	0.391282	-0.174403	0.0201675	-0.020395	-1.35546	0.0118248
4.275	0.391245	-0.174402	0.0201546	-0.0203934	-1.35608	0.0118432
4.28	0.391207	-0.174401	0.0201414	-0.0203958	-1.35671	0.0118633
4.285	0.39117	-0.174401	0.0201282	-0.020381	-1.35733	0.0118689
4.29	0.391133	-0.174399	0.0201137	-0.0204146	-1.35795	0.0118806
4.295	0.391097	-0.174398	0.020101	-0.0204139	-1.35856	0.0118418
4.3	0.39106	-0.174398	0.0200884	-0.0204744	-1.35917	0.0119114
4.305	0.391025	-0.174399	0.0200761	-0.0203635	-1.35978	0.0117755
4.31	0.390989	-0.174401	0.0200632	-0.02014	-1.36039	0.0115236
4.315	0.390954	-0.174402	0.0200507	-0.0198838	-1.361	0.0112373
4.32	0.390921	-0.174403	0.0200391	-0.0197239	-1.36159	0.0110457
4.325	0.390903	-0.174406	0.0200442	-0.01971	-1.3621	0.0109888
4.33	0.390882	-0.174411	0.020049	-0.0195784	-1.36261	0.0108161
4.335	0.390862	-0.174411	0.020051	-0.0193809	-1.36313	0.0105966
4.34	0.390841	-0.17441	0.0200502	-0.0191748	-1.36366	0.0103739
4.345	0.390817	-0.174409	0.0200471	-0.0189693	-1.36418	0.0101522
4.35	0.390792	-0.174408	0.0200421	-0.018764	-1.36472	0.00992938
4.355	0.390765	-0.174408	0.0200352	-0.0185543	-1.36525	0.00966757
4.36	0.39074	-0.174407	0.0200275	-0.0184157	-1.36575	0.00948265
4.365	0.390723	-0.174409	0.0200333	-0.0184054	-1.36625	0.00937083
4.37	0.390703	-0.174414	0.0200357	-0.0182425	-1.36675	0.0091315
4.375	0.390688	-0.174415	0.020042	-0.0181099	-1.36724	0.00896778
4.38	0.39067	-0.174416	0.0200458	-0.0181654	-1.36772	0.00900615
4.385	0.39065	-0.174413	0.0200464	-0.018314	-1.36821	0.00914682
4.39	0.390629	-0.174412	0.0200457	-0.0183726	-1.36871	0.00920289
4.395	0.390606	-0.17441	0.0200436	-0.0184222	-1.36921	0.00924825
4.4	0.390581	-0.174408	0.0200399	-0.018473	-1.36972	0.00929174
4.405	0.390555	-0.174406	0.0200345	-0.0185247	-1.37024	0.00933516
4.41	0.390527	-0.174404	0.0200277	-0.0185785	-1.37077	0.00937972
4.415	0.390497	-0.174403	0.0200198	-0.0185987	-1.37131	0.00940199
4.42	0.390466	-0.174401	0.0200109	-0.0186089	-1.37186	0.00941823
4.425	0.390434	-0.1744	0.020001	-0.0186142	-1.37242	0.00943115
4.43	0.3904	-0.174399	0.01999	-0.0186579	-1.37299	0.00948422
4.435	0.390366	-0.174398	0.0199784	-0.0187083	-1.37357	0.00954655
4.44	0.390331	-0.174395	0.0199655	-0.0188852	-1.37415	0.00972195
4.445	0.390319	-0.174397	0.0199761	-0.0189662	-1.37462	0.00979528
4.45	0.390301	-0.174405	0.019984	-0.0190306	-1.37511	0.00983175
4.455	0.390283	-0.174407	0.0199889	-0.0190842	-1.3756	0.0098706
4.46	0.390263	-0.174408	0.0199909	-0.019136	-1.37609	0.00990945
4.465	0.390242	-0.174408	0.0199904	-0.0191893	-1.37659	0.00995072
4.47	0.390218	-0.174408	0.0199877	-0.0192403	-1.37709	0.00999006
4.475	0.390192	-0.174407	0.0199831	-0.0192857	-1.37761	0.0100264
4.48	0.390164	-0.174406	0.0199768	-0.0193314	-1.37814	0.0100642
4.485	0.390134	-0.174406	0.0199693	-0.019358	-1.37868	0.010088
4.49	0.390103	-0.174405	0.0199605	-0.0193815	-1.37923	0.0101107
4.495	0.390071	-0.174404	0.0199506	-0.019404	-1.37979	0.0101327
4.5	0.390037	-0.174403	0.0199396	-0.0194538	-1.38036	0.0101774
4.505	0.390003	-0.174402	0.0199279	-0.0195108	-1.38094	0.0102273
4.51	0.389967	-0.1744	0.0199155	-0.0195698	-1.38152	0.0102788
4.515	0.389931	-0.174399	0.0199024	-0.0196261	-1.38212	0.0103257
4.52	0.389893	-0.174397	0.0198884	-0.0197207	-1.38272	0.0104156
4.525	0.389855	-0.174395	0.019874	-0.0198141	-1.38333	0.0105188
4.53	0.389817	-0.174393	0.0198594	-0.0199463	-1.38394	0.0106634
4.535	0.389778	-0.174391	0.0198452	-0.0200452	-1.38456	0.0107755
4.54	0.389739	-0.17439	0.0198311	-0.0201367	-1.38518	0.0108812
4.545	0.389705	-0.174388	0.0198214	-0.0202052	-1.38578	0.0109572
4.55	0.389671	-0.174389	0.0198119	-0.0202268	-1.38637	0.0109632
4.555	0.389645	-0.17439	0.0198105	-0.0202547	-1.38695	0.0109477
4.56	0.389618	-0.174392	0.0198087	-0.0202689	-1.38752	0.0109441
4.565	0.389591	-0.174393	0.0198051	-0.0202787	-1.38808	0.0109459
4.57	0.389562	-0.174394	0.0197997	-0.0202102	-1.38864	0.0108652
4.575	0.389533	-0.174395	0.0197931	-0.0201072	-1.3892	0.0107472
4.58	0.389503	-0.174396	0.0197853	-0.019981	-1.38976	0.0106019
4.585	0.389472	-0.174397	0.0197767	-0.019843	-1.39032	0.010442
4.59	0.389441	-0.174398	0.0197672	-0.0197017	-1.39088	0.010277
4.595	0.389408	-0.174399	0.0197572	-0.0195642	-1.39145	0.0101148
4.6	0.389376	-0.1744	0.0197468	-0.0194428	-1.39202	0.0099709
4.605	0.389343	-0.1744	0.0197363	-0.0193981	-1.39259	0.00987464
4.61	0.38931	-0.1744	0.0197258	-0.0193821	-1.39317	0.0097802
4.615	0.389278	-0.174399	0.0197152	-0.0193728	-1.39375	0.00968633
4.62	0.389245	-0.174399	0.0197045	-0.019365	-1.39434	0.00959239
4.625	0.389212	-0.174398	0.0196935	-0.0193573	-1.39493	0.00949807
4.63	0.389178	-0.174397	0.0196825	-0.0193493	-1.39552	0.00940329
4.635	0.389147	-0.174396	0.0196732	-0.019317	-1.3961	0.00928551
4.64	0.389117	-0.174396	0.0196656	-0.019292	-1.39667	0.00917462
4.645	0.389092	-0.174397	0.0196601	-0.0192541	-1.39717	0.00905103
4.65	0.389066	-0.1744	0.0196556	-0.0192298	-1.39767	0.00894321
4.655	0.389045	-0.174401	0.0196526	-0.0191935	-1.39813	0.00883671
4.66	0.389023	-0.174404	0.0196502	-0.0191625	-1.39859	0.00873265
4.665	0.389002	-0.174405	0.0196485	-0.0191302	-1.39907	0.00863144
4.67	0.388981	-0.174406	0.0196474	-0.0190925	-1.39955	0.00852552
4.675	0.388959	-0.174406	0.0196448	-0.0190783	-1.40005	0.00844114
4.68	0.388976	-0.174409	0.0196792	-0.0191196	-1.40031	0.00845877
4.685	0.388981	-0.174429	0.0197075	-0.0189195	-1.40061	0.00818821
4.69	0.388985	-0.174435	0.0197293	-0.0186667	-1.40092	0.00790263
4.695	0.388986	-0.174437	0.0197462	-0.0186394	-1.40125	0.00785901
4.7	0.388982	-0.17444	0.0197582	-0.0186444	-1.4016	0.00785122
4.705	0.388973	-0.174441	0.0197655	-0.0186523	-1.40197	0.00784824
4.71	0.38896	-0.174442	0.019769	-0.0186974	-1.40237	0.00789913
4.715	0.388943	-0.17444	0.0197689	-0.0187871	-1.40279	0.00800754
4.72	0.388922	-0.17444	0.0197662	-0.018824	-1.40323	0.00805624
4.725	0.388899	-0.174437	0.0197613	-0.0188285	-1.40371	0.00807308
4.73	0.388873	-0.174436	0.0197541	-0.0187946	-1.4042	0.0080471
4.735	0.388844	-0.174434	0.0197452	-0.0187608	-1.40472	0.00801951
4.74	0.388814	-0.174432	0.0197347	-0.0187415	-1.40525	0.00800415
4.745	0.388781	-0.174429	0.019723	-0.0187834	-1.4058	0.00805813
4.75	0.388747	-0.174428	0.0197108	-0.018737	-1.40637	0.00800892
4.755	0.388713	-0.174425	0.0196981	-0.0187831	-1.40694	0.00804507
4.76	0.388677	-0.174423	0.0196848	-0.0188394	-1.40753	0.00810992
4.765	0.388641	-0.174419	0.019671	-0.0189662	-1.40813	0.0082354
4.77	0.388604	-0.174417	0.0196567	-0.0190946	-1.40873	0.00835276
4.775	0.388565	-0.174414	0.0196415	-0.0192245	-1.40935	0.00847466
4.78	0.388537	-0.174415	0.0196358	-0.0189309	-1.40992	0.00817518
4.785	0.388518	-0.17442	0.01964	-0.0185941	-1.41043	0.0078294
4.79	0.388497	-0.174424	0.0196419	-0.0185616	-1.41095	0.00777425
4.795	0.388473	-0.174425	0.0196408	-0.0185275	-1.41147	0.00771228
4.8	0.388449	-0.174426	0.0196371	-0.0183717	-1.41199	0.00755018
4.805	0.388423	-0.174424	0.019632	-0.0183252	-1.41252	0.00750601
4.81	0.388394	-0.17442	0.0196244	-0.0185083	-1.41305	0.00772429
4.815	0.388363	-0.174417	0.0196154	-0.0186454	-1.4136	0.00787947
4.82	0.388333	-0.174414	0.0196058	-0.0185678	-1.41416	0.00780901
4.825	0.3883	-0.174412	0.0195945	-0.0183887	-1.41473	0.00762911
4.83	0.388267	-0.174408	0.0195828	-0.0183664	-1.41531	0.00761047
4.835	0.388232	-0.174406	0.0195702	-0.0183748	-1.4159	0.00762208
4.84	0.388198	-0.174403	0.0195592	-0.0184125	-1.41648	0.00767724
4.845	0.388169	-0.174403	0.0195524	-0.0184377	-1.41703	0.00771774
4.85	0.388139	-0.174403	0.0195447	-0.018491	-1.41758	0.00778522
4.855	0.388109	-0.174403	0.019536	-0.018556	-1.41812	0.00786771
4.86	0.38808	-0.174402	0.019528	-0.018624	-1.41866	0.00795388
4.865	0.388051	-0.174402	0.0195209	-0.0186927	-1.41919	0.00803935
4.87	0.388023	-0.174402	0.0195136	-0.0187613	-1.41971	0.00812441
4.875	0.387994	-0.174401	0.0195061	-0.0188301	-1.42024	0.00820987
4.88	0.387966	-0.174401	0.0194985	-0.0188992	-1.42076	0.00829584
4.885	0.387938	-0.174401	0.0194911	-0.0189688	-1.42128	0.00838196
4.89	0.38791	-0.174401	0.0194839	-0.0190386	-1.42179	0.0084681
4.895	0.387883	-0.174401	0.0194767	-0.0191087	-1.42231	0.00855449
4.9	0.387855	-0.174401	0.0194694	-0.0191793	-1.42282	0.00864142
4.905	0.387827	-0.174401	0.0194621	-0.0192503	-1.42333	0.0087289
4.91	0.3878	-0.174401	0.0194548	-0.0193218	-1.42384	0.00881683
4.915	0.387773	-0.174401	0.0194476	-0.0193938	-1.42435	0.00890524
4.92	0.387745	-0.174401	0.0194404	-0.0194663	-1.42486	0.00899421
4.925	0.387718	-0.174401	0.0194332	-0.0195394	-1.42537	0.00908376
4.93	0.38769	-0.174401	0.019426	-0.0196129	-1.42588	0.00917393
4.935	0.387663	-0.174401	0.0194188	-0.0196871	-1.42639	0.00926472
4.94	0.387636	-0.174401	0.0194116	-0.0197618	-1.42689	0.00935611
4.945	0.387609	-0.174401	0.0194043	-0.0198335	-1.4274	0.00944459
4.95	0.387581	-0.174401	0.0193968	-0.0199069	-1.4279	0.00953497
4.955	0.387558	-0.174402	0.0193935	-0.0199745	-1.42839	0.00961189
4.96	0.387533	-0.174403	0.0193885	-0.0200377	-1.42887	0.00968031
4.965	0.387507	-0.174404	0.0193822	-0.0201054	-1.42936	0.00975683
4.97	0.38748	-0.174405	0.019375	-0.0201537	-1.42986	0.00981454
4.975	0.387452	-0.174406	0.0193668	-0.0201749	-1.43037	0.00984522
4.98	0.387424	-0.174407	0.0193582	-0.0201605	-1.43087	0.00983946
4.985	0.387398	-0.174407	0.0193511	-0.0201789	-1.43136	0.00986784
4.99	0.387374	-0.174409	0.0193465	-0.0202597	-1.43183	0.00995494
4.995	0.387348	-0.174409	0.0193401	-0.0203034	-1.43231	0.0100084
5.0	0.387321	-0.174407	0.0193323	-0.0204298	-1.4328	0.0101486
5.005	0.387295	-0.174405	0.0193249	-0.0205583	-1.43328	0.0102904
5.01	0.387269	-0.174404	0.0193181	-0.0206874	-1.43376	0.0104317
5.015	0.387243	-0.174403	0.019311	-0.0208229	-1.43425	0.010579
5.02	0.387218	-0.174402	0.019304	-0.0209582	-1.43473	0.0107261
5.025	0.387192	-0.174402	0.0192969	-0.0210965	-1.43522	0.0108757
5.03	0.387166	-0.174401	0.0192899	-0.0212355	-1.4357	0.0110257
5.035	0.38714	-0.174401	0.0192828	-0.0213755	-1.43619	0.0111765
5.04	0.387113	-0.174402	0.0192748	-0.0213288	-1.43667	0.0111459
5.045	0.387087	-0.174402	0.0192662	-0.0212331	-1.43717	0.0110697
5.05	0.387058	-0.174401	0.0192563	-0.0213812	-1.43768	0.0112195
5.055	0.387028	-0.174398	0.0192462	-0.021591	-1.43821	0.0114269
5.06	0.386998	-0.174395	0.019236	-0.0218319	-1.43875	0.0116656
5.065	0.386968	-0.174392	0.0192272	-0.0221103	-1.4393	0.0119434
5.07	0.386939	-0.17439	0.0192198	-0.0224067	-1.43985	0.0122406
5.075	0.38691	-0.174388	0.0192135	-0.0227256	-1.44039	0.0125603
5.08	0.386883	-0.174385	0.0192081	-0.0230582	-1.44094	0.0128945
5.085	0.386856	-0.174383	0.0192032	-0.0234048	-1.44147	0.0132445
5.09	0.386829	-0.174381	0.0191985	-0.0237633	-1.44201	0.0136089
5.095	0.386803	-0.174379	0.019194	-0.0241271	-1.44254	0.0139813
5.1	0.386776	-0.174377	0.0191894	-0.0243873	-1.44308	0.014247
5.105	0.38675	-0.174375	0.0191844	-0.024605	-1.44362	0.0144721
5.11	0.386723	-0.174373	0.0191791	-0.0248001	-1.44416	0.0146756
5.115	0.386695	-0.174371	0.0191726	-0.0249735	-1.44471	0.0148511
5.12	0.386667	-0.174367	0.0191651	-0.0251496	-1.44526	0.0150281
5.125	0.386637	-0.174364	0.0191568	-0.0253398	-1.44582	0.0152191
5.13	0.386607	-0.17436	0.0191478	-0.0255511	-1.44638	0.0154317
5.135	0.386576	-0.174356	0.0191383	-0.0257892	-1.44695	0.0156717
5.14	0.386544	-0.174351	0.0191282	-0.0260614	-1.44753	0.0159462
5.145	0.386512	-0.174346	0.0191179	-0.0263733	-1.44811	0.0162606
5.15	0.386479	-0.174341	0.0191072	-0.0267292	-1.44869	0.0166191
5.155	0.386446	-0.174336	0.0190963	-0.0271329	-1.44928	0.0170253
5.16	0.386412	-0.17433	0.0190852	-0.0275894	-1.44987	0.017484
5.165	0.386379	-0.174324	0.0190747	-0.0281054	-1.45046	0.0180008
5.17	0.386346	-0.174318	0.0190653	-0.0286359	-1.45104	0.0185387
5.175	0.386315	-0.174313	0.019057	-0.0291702	-1.45161	0.0190852
5.18	0.386284	-0.174309	0.0190498	-0.0296982	-1.45217	0.0196306
5.185	0.386252	-0.174306	0.0190395	-0.0299675	-1.45275	0.0198914
5.19	0.386218	-0.174302	0.019027	-0.0301746	-1.45334	0.0200895
5.195	0.386183	-0.174298	0.0190127	-0.0303694	-1.45394	0.0202742
5.2	0.386146	-0.174294	0.0189969	-0.0305645	-1.45456	0.0204591
5.205	0.386107	-0.17429	0.0189797	-0.0307281	-1.45518	0.0206174
5.21	0.386067	-0.174286	0.0189613	-0.0310054	-1.45581	0.0209097
5.215	0.38603	-0.174284	0.0189494	-0.0312031	-1.45644	0.0211387
5.22	0.385996	-0.174285	0.0189396	-0.0310382	-1.45704	0.0209994
5.225	0.385965	-0.174288	0.0189317	-0.0307702	-1.45763	0.0207585
5.23	0.385937	-0.174289	0.0189282	-0.0307999	-1.45821	0.0208153
5.235	0.385906	-0.174289	0.0189212	-0.0310082	-1.45879	0.021038
5.24	0.385874	-0.174288	0.0189115	-0.0312846	-1.45937	0.0213282
5.245	0.385841	-0.174286	0.0188996	-0.0314956	-1.45997	0.021541
5.25	0.38581	-0.174285	0.0188931	-0.0316947	-1.46055	0.0217576
5.255	0.385779	-0.174284	0.0188836	-0.0318157	-1.46113	0.0218985
5.26	0.385748	-0.174285	0.0188752	-0.0316862	-1.46169	0.0217935
5.265	0.385718	-0.174287	0.0188668	-0.0314551	-1.46224	0.0215875
5.27	0.385688	-0.17429	0.0188583	-0.0311999	-1.46279	0.0213576
5.275	0.385659	-0.174291	0.0188498	-0.031054	-1.46335	0.0212326
5.28	0.385627	-0.174291	0.0188389	-0.0310551	-1.46391	0.0212563
5.285	0.385595	-0.174291	0.0188287	-0.031031	-1.46447	0.0212542
5.29	0.385563	-0.174292	0.0188183	-0.0308278	-1.46504	0.0210766
5.295	0.385531	-0.174294	0.0188075	-0.0305739	-1.4656	0.0208496
5.3	0.385499	-0.174297	0.0187962	-0.0302175	-1.46617	0.0205172
5.305	0.385466	-0.1743	0.0187848	-0.0298364	-1.46674	0.0201584
5.31	0.385432	-0.174301	0.0187711	-0.0296395	-1.46732	0.0199833
5.315	0.385447	-0.174305	0.0188119	-0.0295957	-1.46776	0.0199276
5.32	0.385452	-0.174317	0.0188447	-0.0294035	-1.46818	0.0196855
5.325	0.385457	-0.174316	0.0188679	-0.0292936	-1.46858	0.0195947
5.33	0.385456	-0.174317	0.0188845	-0.0289125	-1.46897	0.0192321
5.335	0.385456	-0.174314	0.0188989	-0.0287816	-1.46931	0.0191243
5.34	0.385449	-0.174317	0.0189063	-0.0283386	-1.46968	0.0186851
5.345	0.385437	-0.17432	0.0189078	-0.0274656	-1.47008	0.0178173
5.35	0.38542	-0.174325	0.0189039	-0.0263755	-1.47051	0.0167436
5.355	0.385399	-0.174331	0.018896	-0.0252245	-1.47096	0.0156118
5.36	0.385374	-0.174337	0.0188847	-0.0240873	-1.47145	0.0144948
5.365	0.385345	-0.174344	0.0188709	-0.0229368	-1.47195	0.013367
5.37	0.385313	-0.174354	0.0188546	-0.0212596	-1.4725	0.0116863
5.375	0.385278	-0.174366	0.0188357	-0.019109	-1.47307	0.00953356
5.38	0.38524	-0.174381	0.0188142	-0.0165312	-1.47366	0.00694964
5.385	0.385202	-0.174385	0.0187934	-0.0161659	-1.47425	0.0065527
5.39	0.385159	-0.174391	0.0187706	-0.0159885	-1.47484	0.00636794
5.395	0.385117	-0.174395	0.0187471	-0.0157373	-1.47544	0.00610549
5.4	0.385086	-0.174386	0.0187408	-0.0174125	-1.47596	0.00776298
5.405	0.385063	-0.174377	0.0187466	-0.0196849	-1.47643	0.00999745
5.41	0.385046	-0.174366	0.018755	-0.0219519	-1.47687	0.0122544
5.415	0.385034	-0.174353	0.0187668	-0.0241263	-1.47729	0.0144109
5.42	0.385018	-0.174346	0.0187697	-0.0252901	-1.4777	0.0155513
5.425	0.384999	-0.174343	0.0187663	-0.02541	-1.47814	0.0156592
5.43	0.384987	-0.174334	0.0187718	-0.0266408	-1.47853	0.0168826
5.435	0.384984	-0.17433	0.0187929	-0.0274471	-1.47897	0.0176771
5.44	0.384977	-0.174328	0.0188073	-0.0273113	-1.47941	0.0175488
5.445	0.384969	-0.174321	0.0188158	-0.027321	-1.47981	0.0175778
5.45	0.384959	-0.174318	0.0188228	-0.027283	-1.48022	0.0175772
5.455	0.384976	-0.174316	0.0188583	-0.0274187	-1.48053	0.0177222
5.46	0.384996	-0.174323	0.0189023	-0.0275191	-1.48083	0.017808
5.465	0.385015	-0.174325	0.0189417	-0.0275777	-1.48112	0.0178489
5.47	0.385028	-0.174326	0.0189714	-0.0273852	-1.48141	0.0176462
5.475	0.385035	-0.174323	0.0189923	-0.0275383	-1.48171	0.0178262
5.48	0.385035	-0.174319	0.0190065	-0.027587	-1.48202	0.0178793
5.485	0.38503	-0.174315	0.0190144	-0.0277356	-1.48236	0.0180107
5.49	0.385019	-0.174313	0.0190179	-0.0276647	-1.48274	0.0179396
5.495	0.385004	-0.174309	0.0190171	-0.0275174	-1.48314	0.0177984
5.5	0.384984	-0.174306	0.0190125	-0.0273303	-1.48358	0.017618
5.505	0.38496	-0.174303	0.0190046	-0.0271135	-1.48405	0.0174079
5.51	0.384932	-0.1743	0.0189937	-0.0268702	-1.48454	0.0171713
5.515	0.384901	-0.174297	0.0189802	-0.0266024	-1.48506	0.0169101
5.52	0.384868	-0.174294	0.0189645	-0.0263113	-1.48561	0.0166256
5.525	0.384834	-0.17429	0.0189501	-0.0261431	-1.48616	0.0164602
5.53	0.384797	-0.174287	0.0189334	-0.0258544	-1.48674	0.0161758
5.535	0.384759	-0.174282	0.0189139	-0.025906	-1.48734	0.0162586
5.54	0.384719	-0.174277	0.0188919	-0.0264576	-1.48795	0.0168548
5.545	0.384676	-0.174272	0.018868	-0.0268655	-1.48858	0.0172962
5.55	0.384632	-0.174267	0.0188432	-0.027091	-1.48923	0.0175644
5.555	0.384595	-0.174245	0.018826	-0.0317871	-1.48964	0.02233
5.56	0.38456	-0.174239	0.0188186	-0.0361469	-1.49007	0.0266872
5.565	0.384535	-0.174228	0.0188206	-0.0400959	-1.49049	0.0306255
5.57	0.384517	-0.174216	0.0188284	-0.0438631	-1.49089	0.0343818
5.575	0.384505	-0.174206	0.0188395	-0.0472315	-1.49125	0.0377482
5.58	0.384496	-0.174195	0.0188529	-0.0503372	-1.49159	0.040873
5.585	0.384483	-0.174191	0.0188582	-0.0522165	-1.49195	0.0427682
5.59	0.384468	-0.174187	0.0188577	-0.0536387	-1.49231	0.0442083
5.595	0.384463	-0.174183	0.0188752	-0.0547403	-1.49273	0.0453267
5.6	0.384456	-0.174181	0.0188888	-0.0549475	-1.49315	0.045509
5.605	0.384445	-0.174178	0.0188968	-0.0548452	-1.49359	0.0454171
5.61	0.384431	-0.174175	0.0188996	-0.0545442	-1.49404	0.0451387
5.615	0.384412	-0.174172	0.0188978	-0.054207	-1.49451	0.0448382
5.62	0.38439	-0.17417	0.0188921	-0.0537486	-1.495	0.0444158
5.625	0.384364	-0.174167	0.0188833	-0.0532546	-1.49552	0.043958
5.63	0.384335	-0.174165	0.0188717	-0.0527425	-1.49605	0.0434812
5.635	0.384331	-0.17416	0.0188731	-0.0526714	-1.49625	0.0434287
5.64	0.384329	-0.174171	0.0188824	-0.0527122	-1.49638	0.0434427
5.645	0.384322	-0.174179	0.0188861	-0.0523199	-1.49657	0.0430222
5.65	0.384313	-0.174182	0.0188848	-0.0517439	-1.4968	0.0424318
5.655	0.384312	-0.174182	0.0188914	-0.0516818	-1.49698	0.0423621
5.66	0.384314	-0.174185	0.0188965	-0.0519697	-1.49702	0.0426402
5.665	0.384305	-0.174192	0.018896	-0.0521344	-1.49718	0.0427838
5.67	0.384292	-0.17419	0.0188906	-0.0523241	-1.49743	0.0429718
5.675	0.384289	-0.174187	0.0188931	-0.0524384	-1.49761	0.0430888
5.68	0.384277	-0.174189	0.0188909	-0.0528291	-1.49786	0.043489
5.685	0.384279	-0.174187	0.018904	-0.0536679	-1.49806	0.044311
5.69	0.384272	-0.174192	0.0189109	-0.0541408	-1.49833	0.0447861
5.695	0.38427	-0.174191	0.0189217	-0.0543745	-1.49861	0.0450207
5.7	0.384266	-0.174192	0.0189307	-0.0544339	-1.49892	0.0450729
5.705	0.384261	-0.174191	0.0189409	-0.0545332	-1.49926	0.045158
5.71	0.384253	-0.174192	0.018947	-0.0544418	-1.49961	0.0450539
5.715	0.384243	-0.174193	0.0189523	-0.0542575	-1.49998	0.044837
5.72	0.384233	-0.174193	0.0189576	-0.0540526	-1.50036	0.0445929
5.725	0.384219	-0.174195	0.018959	-0.0535756	-1.50077	0.0440993
5.73	0.384224	-0.174195	0.0189776	-0.053235	-1.50106	0.0437355
5.735	0.384223	-0.174198	0.0189932	-0.0529559	-1.50136	0.0434449
5.74	0.384219	-0.174192	0.0190041	-0.0536576	-1.5017	0.0441533
5.745	0.384233	-0.174189	0.0190319	-0.0540453	-1.50193	0.0445434
5.75	0.384252	-0.174192	0.0190669	-0.0542434	-1.50213	0.0447319
5.755	0.384264	-0.174192	0.0190942	-0.0545472	-1.50236	0.0450194
5.76	0.384288	-0.17419	0.019134	-0.0548411	-1.5026	0.0453125
5.765	0.384314	-0.174191	0.0191761	-0.055038	-1.5028	0.0455067
5.77	0.384337	-0.174192	0.0192153	-0.0551384	-1.50301	0.0455999
5.775	0.384362	-0.174191	0.0192539	-0.0552901	-1.50318	0.0457515
5.78	0.384386	-0.174192	0.0192906	-0.0554466	-1.50335	0.0459057
5.785	0.384401	-0.174191	0.0193193	-0.0557458	-1.50355	0.0462069
5.79	0.384412	-0.174187	0.0193423	-0.0560572	-1.50378	0.0465261
5.795	0.384416	-0.174182	0.0193584	-0.0564786	-1.50405	0.0469579
5.8	0.384417	-0.174177	0.0193711	-0.056801	-1.50434	0.0472831
5.805	0.384413	-0.174172	0.0193802	-0.0569559	-1.50467	0.0474435
5.81	0.384405	-0.174167	0.0193851	-0.0570307	-1.50503	0.0475298
5.815	0.384393	-0.174162	0.0193863	-0.0570841	-1.50542	0.0475974
5.82	0.384388	-0.174158	0.0193967	-0.0571017	-1.50578	0.0476244
5.825	0.384405	-0.174159	0.0194306	-0.0572879	-1.50604	0.0478079
5.83	0.384416	-0.174166	0.019458	-0.0571927	-1.50629	0.0477083
5.835	0.384437	-0.174167	0.0194908	-0.0572593	-1.50645	0.0477762
5.84	0.38445	-0.17417	0.0195153	-0.0572889	-1.50668	0.0478029
5.845	0.384457	-0.174165	0.0195323	-0.0574983	-1.50695	0.0480287
5.85	0.384465	-0.17416	0.0195508	-0.0577904	-1.50719	0.048332
5.855	0.384465	-0.174155	0.0195623	-0.0582868	-1.50749	0.0488469
5.86	0.384459	-0.174148	0.0195678	-0.0586607	-1.50783	0.0492433
5.865	0.384447	-0.174141	0.0195679	-0.0590215	-1.50821	0.0496294
5.87	0.38443	-0.174136	0.0195631	-0.0591939	-1.50862	0.0498285
5.875	0.384407	-0.17413	0.019554	-0.0593384	-1.50908	0.0500005
5.88	0.384381	-0.174125	0.0195411	-0.059492	-1.50958	0.0501791
5.885	0.38435	-0.174119	0.0195254	-0.0598905	-1.51011	0.0505935
5.89	0.384316	-0.174113	0.0195071	-0.0602805	-1.51066	0.0509921
5.895	0.38428	-0.174107	0.0194866	-0.0605615	-1.51125	0.051279
5.9	0.384241	-0.174101	0.0194642	-0.0607827	-1.51186	0.0515049
5.905	0.3842	-0.174094	0.0194401	-0.0609908	-1.5125	0.0517177
5.91	0.384157	-0.174089	0.0194147	-0.061021	-1.51315	0.0517546
5.915	0.384127	-0.174085	0.0194067	-0.0613245	-1.51375	0.0520587
5.92	0.384098	-0.174084	0.0193989	-0.0617201	-1.51431	0.0524452
5.925	0.384068	-0.174081	0.01939	-0.0621264	-1.51487	0.0528369
5.93	0.384038	-0.174078	0.0193801	-0.062543	-1.51544	0.0532416
5.935	0.384006	-0.174073	0.0193683	-0.0630788	-1.516	0.0537962
5.94	0.383976	-0.174068	0.0193567	-0.0635442	-1.51655	0.0542832
5.945	0.383948	-0.174065	0.0193486	-0.0640268	-1.51708	0.0547828
5.95	0.383921	-0.174061	0.0193411	-0.0644892	-1.51759	0.0552619
5.955	0.383896	-0.174058	0.0193345	-0.0649563	-1.51809	0.0557438
5.96	0.383872	-0.174054	0.0193284	-0.0654263	-1.51857	0.056229
5.965	0.383848	-0.17405	0.0193218	-0.0658851	-1.51905	0.0567048
5.97	0.383824	-0.174046	0.0193152	-0.0663599	-1.51951	0.0571946
5.975	0.383801	-0.174042	0.019309	-0.0668432	-1.51996	0.0576899
5.98	0.383776	-0.174037	0.0193011	-0.0674405	-1.52044	0.0583171
5.985	0.38375	-0.174032	0.0192915	-0.0681229	-1.52095	0.0590293
5.99	0.383722	-0.174026	0.0192819	-0.0687858	-1.52147	0.0596991
5.995	0.383694	-0.17402	0.0192728	-0.0693115	-1.52199	0.0602168
6.0	0.383669	-0.174014	0.0192682	-0.0700815	-1.52251	0.0609796
6.005	0.383646	-0.174008	0.0192665	-0.0707625	-1.52303	0.0616523
6.01	0.383623	-0.174002	0.019264	-0.0711736	-1.52355	0.0620501
6.015	0.383599	-0.173996	0.0192603	-0.071793	-1.52406	0.0626576
6.02	0.383575	-0.173989	0.019256	-0.0725376	-1.52458	0.0633889
6.025	0.38355	-0.173983	0.019251	-0.0733387	-1.52511	0.0641759
6.03	0.383524	-0.173977	0.0192445	-0.0742106	-1.52564	0.0650566
6.035	0.383497	-0.173971	0.0192366	-0.0751365	-1.52619	0.0659974
6.04	0.383468	-0.173966	0.0192276	-0.07587	-1.52675	0.0667466
6.045	0.383439	-0.173959	0.0192176	-0.0769026	-1.52732	0.0677951
6.05	0.383408	-0.17395	0.0192055	-0.0781427	-1.52789	0.069052
6.055	0.383376	-0.173942	0.0191933	-0.079248	-1.52848	0.0701767
6.06	0.383344	-0.173933	0.0191816	-0.0805832	-1.52907	0.0715324
6.065	0.38331	-0.173925	0.0191697	-0.0820421	-1.52966	0.0730091
6.07	0.383277	-0.173917	0.0191579	-0.083405	-1.53027	0.074389
6.075	0.383242	-0.17391	0.0191461	-0.0846153	-1.53088	0.0756162
6.08	0.383208	-0.173903	0.0191343	-0.0856803	-1.53149	0.076698
6.085	0.383173	-0.173897	0.0191224	-0.0866993	-1.53212	0.0777338
6.09	0.383137	-0.173891	0.0191104	-0.0877149	-1.53274	0.0787656
6.095	0.383102	-0.173887	0.0190968	-0.088084	-1.53337	0.079149
6.1	0.383066	-0.173884	0.0190832	-0.0881252	-1.534	0.0792052
6.105	0.38303	-0.17388	0.0190696	-0.0883084	-1.53464	0.0794044
6.11	0.382995	-0.173876	0.0190563	-0.0886112	-1.53527	0.079722
6.115	0.382959	-0.173872	0.0190433	-0.0890279	-1.53591	0.0801532
6.12	0.382923	-0.173869	0.0190295	-0.0890417	-1.53655	0.0801795
6.125	0.382887	-0.173865	0.0190156	-0.089058	-1.53718	0.080209
6.13	0.382851	-0.173862	0.0190016	-0.0891856	-1.53782	0.0803494
6.135	0.382815	-0.173858	0.0189876	-0.0894568	-1.53847	0.0806331
6.14	0.382779	-0.173854	0.0189741	-0.0898787	-1.5391	0.0810677
6.145	0.382743	-0.173843	0.018957	-0.0931406	-1.53973	0.0843275
6.15	0.38275	-0.173841	0.0189853	-0.0949593	-1.54012	0.0861254
6.155	0.38275	-0.17385	0.0190099	-0.0954561	-1.54054	0.0865925
6.16	0.38277	-0.173851	0.0190518	-0.0955648	-1.54096	0.0866969
6.165	0.382794	-0.173851	0.0190975	-0.0965645	-1.54128	0.087695
6.17	0.382812	-0.173852	0.019133	-0.0982546	-1.54159	0.0894215
6.175	0.382826	-0.173849	0.0191606	-0.100074	-1.54193	0.0912817
6.18	0.382832	-0.173847	0.0191801	-0.101798	-1.5423	0.0930517
6.185	0.38283	-0.173843	0.0191922	-0.103626	-1.54268	0.0949283
6.19	0.382822	-0.173839	0.0191977	-0.105865	-1.54308	0.0972075
6.195	0.382808	-0.173831	0.0191967	-0.109087	-1.54351	0.100475
6.2	0.382788	-0.173821	0.0191899	-0.113843	-1.54396	0.105251
6.205	0.382764	-0.173809	0.0191781	-0.11978	-1.54445	0.111206
6.21	0.382735	-0.173796	0.0191623	-0.126501	-1.54496	0.117942
6.215	0.382702	-0.173786	0.0191441	-0.131385	-1.54552	0.122848
6.22	0.382667	-0.173776	0.0191254	-0.134924	-1.5461	0.126413
6.225	0.38263	-0.173768	0.0191059	-0.138034	-1.5467	0.12955
6.23	0.382592	-0.173761	0.0190853	-0.14139	-1.54732	0.132931
6.235	0.382552	-0.173756	0.0190644	-0.144215	-1.54796	0.135778
6.24	0.382511	-0.17375	0.019043	-0.146954	-1.54862	0.138538
6.245	0.38247	-0.173745	0.0190223	-0.149966	-1.54928	0.141567
6.25	0.382402	-0.173735	0.0189547	-0.154105	-1.54975	0.145734
6.255	0.382353	-0.173727	0.0189055	-0.157322	-1.55004	0.148978
6.26	0.382324	-0.173732	0.0188808	-0.158403	-1.55025	0.150073
6.265	0.382301	-0.173736	0.0188605	-0.159158	-1.55039	0.150827
6.27	0.382283	-0.173738	0.0188424	-0.159172	-1.55048	0.150841
6.275	0.382261	-0.173739	0.0188192	-0.159057	-1.55058	0.150725
6.28	0.38225	-0.173738	0.0188056	-0.159065	-1.55062	0.150738
6.285	0.382242	-0.17374	0.018793	-0.158631	-1.55058	0.150298
6.29	0.382236	-0.173743	0.0187831	-0.15804	-1.55054	0.1497
6.295	0.382224	-0.173743	0.0187632	-0.157463	-1.55048	0.149123
6.3	0.382205	-0.173742	0.0187366	-0.156964	-1.55047	0.148632
6.305	0.382187	-0.173741	0.0187111	-0.156572	-1.55049	0.148265
6.31	0.382171	-0.17374	0.0186859	-0.155408	-1.55043	0.147107
6.315	0.382149	-0.173741	0.0186569	-0.155192	-1.55043	0.146891
6.32	0.382136	-0.173739	0.0186366	-0.154476	-1.55039	0.146182
6.325	0.382116	-0.173738	0.0186116	-0.1544	-1.55039	0.146106
6.33	0.382095	-0.173735	0.0185856	-0.155279	-1.55042	0.146993
6.335	0.382074	-0.173732	0.0185608	-0.155807	-1.55045	0.147528
6.34	0.382059	-0.17373	0.0185374	-0.155439	-1.5504	0.147166
6.345	0.382045	-0.173732	0.0185155	-0.154757	-1.55032	0.146478
6.35	0.382033	-0.173733	0.0184951	-0.15402	-1.55023	0.145738
6.355	0.382022	-0.173734	0.0184759	-0.153287	-1.55015	0.145003
6.36	0.382012	-0.173734	0.0184577	-0.152573	-1.55007	0.144288
6.365	0.382003	-0.173735	0.0184418	-0.151717	-1.55001	0.143431
6.37	0.381995	-0.173735	0.0184267	-0.151032	-1.54994	0.142745
6.375	0.381987	-0.173736	0.018412	-0.150386	-1.54986	0.142098
6.38	0.38198	-0.173736	0.0183976	-0.149756	-1.54979	0.141468
6.385	0.381973	-0.173737	0.0183836	-0.149137	-1.54972	0.140848
6.39	0.381966	-0.173737	0.0183699	-0.148526	-1.54965	0.140236
6.395	0.38196	-0.173738	0.0183564	-0.147923	-1.54958	0.139632
6.4	0.381953	-0.173738	0.0183425	-0.147475	-1.54951	0.139184
6.405	0.381946	-0.173737	0.0183291	-0.147065	-1.54944	0.138776
6.41	0.38194	-0.173737	0.0183158	-0.14653	-1.54937	0.13824
6.415	0.381933	-0.173737	0.0183028	-0.145966	-1.5493	0.137677
6.42	0.381927	-0.173737	0.0182898	-0.145398	-1.54923	0.137109
6.425	0.381921	-0.173738	0.018277	-0.144848	-1.54917	0.136559
6.43	0.381915	-0.173738	0.0182643	-0.144291	-1.5491	0.136002
6.435	0.381909	-0.173738	0.0182514	-0.143735	-1.54903	0.135444
6.44	0.381903	-0.173739	0.0182387	-0.143178	-1.54896	0.134887
6.445	0.381897	-0.173739	0.018226	-0.142624	-1.5489	0.134332
6.45	0.381891	-0.17374	0.0182134	-0.142073	-1.54883	0.13378
6.455	0.381885	-0.17374	0.0182008	-0.141526	-1.54876	0.133232
6.46	0.381879	-0.173741	0.0181882	-0.140982	-1.54869	0.132687
6.465	0.381873	-0.173741	0.0181757	-0.140442	-1.54863	0.132145
6.47	0.381867	-0.173742	0.0181632	-0.139905	-1.54856	0.131607
6.475	0.381861	-0.173743	0.0181508	-0.13937	-1.54849	0.131071
6.48	0.381855	-0.173743	0.0181383	-0.138839	-1.54843	0.130539
6.485	0.381849	-0.173744	0.0181259	-0.138312	-1.54836	0.13001
6.49	0.381844	-0.173745	0.0181135	-0.137788	-1.54829	0.129484
6.495	0.381838	-0.173745	0.0181011	-0.137266	-1.54823	0.128962
6.5	0.381832	-0.173746	0.0180887	-0.136748	-1.54816	0.128442
6.505	0.381826	-0.173747	0.0180763	-0.136233	-1.54809	0.127925
6.51	0.38182	-0.173748	0.0180639	-0.13572	-1.54803	0.127411
6.515	0.381814	-0.173748	0.0180514	-0.135211	-1.54796	0.1269
6.52	0.381808	-0.173749	0.018039	-0.134704	-1.54789	0.126391
6.525	0.381802	-0.17375	0.0180266	-0.1342	-1.54783	0.125885
6.53	0.381796	-0.173751	0.0180142	-0.133698	-1.54776	0.125382
6.535	0.38179	-0.173751	0.0180018	-0.1332	-1.54769	0.124882
6.54	0.381784	-0.173752	0.0179894	-0.132704	-1.54762	0.124385
6.545	0.381779	-0.173753	0.017977	-0.132211	-1.54756	0.12389
6.55	0.381773	-0.173754	0.0179645	-0.131721	-1.54749	0.123398
6.555	0.381767	-0.173754	0.0179521	-0.131233	-1.54742	0.122909
6.56	0.381761	-0.173755	0.0179396	-0.130748	-1.54736	0.122422
6.565	0.381755	-0.173756	0.0179272	-0.130266	-1.54729	0.121938
6.57	0.381749	-0.173757	0.0179147	-0.129786	-1.54722	0.121457
6.575	0.381743	-0.173758	0.0179022	-0.129309	-1.54716	0.120978
6.58	0.381737	-0.173758	0.0178897	-0.128834	-1.54709	0.120502
6.585	0.381731	-0.173759	0.0178772	-0.128362	-1.54702	0.120028
6.59	0.381725	-0.17376	0.0178647	-0.127893	-1.54695	0.119556
6.595	0.381719	-0.173761	0.0178522	-0.127426	-1.54689	0.119087
6.6	0.381713	-0.173762	0.0178397	-0.12696	-1.54682	0.11862
6.605	0.381707	-0.173762	0.0178272	-0.126498	-1.54675	0.118156
6.61	0.381701	-0.173763	0.0178146	-0.126038	-1.54668	0.117695
6.615	0.381695	-0.173764	0.0178021	-0.125581	-1.54662	0.117236
6.62	0.381688	-0.173765	0.0177898	-0.125175	-1.54656	0.11683
6.625	0.381683	-0.173766	0.0177776	-0.124737	-1.54649	0.116391
6.63	0.381677	-0.173767	0.0177653	-0.124292	-1.54643	0.115944
6.635	0.381671	-0.173768	0.0177529	-0.123847	-1.54636	0.115496
6.64	0.381665	-0.173768	0.0177405	-0.123403	-1.54629	0.115051
6.645	0.381659	-0.173769	0.0177281	-0.122961	-1.54622	0.114607
6.65	0.381649	-0.17377	0.0177124	-0.122239	-1.54617	0.113892
6.655	0.381641	-0.17377	0.0176973	-0.121709	-1.5461	0.113366
6.66	0.38163	-0.17377	0.0176802	-0.121664	-1.54606	0.113315
6.665	0.381617	-0.173771	0.0176576	-0.120825	-1.54599	0.112472
6.67	0.381604	-0.173772	0.0176364	-0.120207	-1.54591	0.111852
6.675	0.381593	-0.173774	0.0176165	-0.119663	-1.54583	0.111302
6.68	0.381582	-0.173776	0.0175975	-0.119148	-1.54574	0.110783
6.685	0.381571	-0.173777	0.0175795	-0.118653	-1.54566	0.110283
6.69	0.381562	-0.173779	0.0175623	-0.118168	-1.54558	0.109795
6.695	0.381553	-0.17378	0.0175457	-0.117698	-1.54551	0.109321
6.7	0.381544	-0.173782	0.0175296	-0.117238	-1.54543	0.108858
6.705	0.381535	-0.173783	0.017514	-0.116787	-1.54536	0.108404
6.71	0.381521	-0.173783	0.017494	-0.116902	-1.54535	0.108513
6.715	0.381503	-0.173783	0.0174711	-0.115759	-1.54537	0.107357
6.72	0.381491	-0.173782	0.0174499	-0.115002	-1.54532	0.106603
6.725	0.381478	-0.173785	0.0174298	-0.114439	-1.54525	0.106032
6.73	0.381466	-0.173787	0.0174108	-0.113943	-1.54517	0.10553
6.735	0.381456	-0.17379	0.0173934	-0.112504	-1.54512	0.104087
6.74	0.381445	-0.173792	0.0173748	-0.110481	-1.54508	0.10206
6.745	0.381435	-0.173792	0.0173575	-0.109634	-1.54501	0.101214
6.75	0.381426	-0.173794	0.017341	-0.109105	-1.54493	0.100681
6.755	0.381417	-0.173795	0.017325	-0.108662	-1.54486	0.100235
6.76	0.381409	-0.173796	0.0173095	-0.108241	-1.54478	0.0998116
6.765	0.381401	-0.173797	0.0172943	-0.107834	-1.54471	0.0994025
6.77	0.381393	-0.173798	0.0172795	-0.107434	-1.54464	0.0990008
6.775	0.381385	-0.173799	0.0172649	-0.107036	-1.54456	0.0986008
6.78	0.381373	-0.173801	0.0172473	-0.105589	-1.54454	0.0971537
6.785	0.381365	-0.1738	0.0172308	-0.104858	-1.54448	0.0964273
