0	0.556278 	-0.0521204 	-0.340329 	-0.00155664 	-0.0222476 	-0.00123478 	
0.005	14.8993 	-4.41953 	-6.6183 	-0.136995 	-0.582914 	0.10572 	
0.01	10.7718 	-0.916018 	-4.75276 	-0.0107999 	-0.416223 	0.0715023 	
0.015	9.64685 	-0.846137 	-4.3407 	-0.00998094 	-0.372282 	0.0635577 	
0.02	8.69002 	-0.765047 	-3.98297 	-0.00855877 	-0.334802 	0.0566371 	
0.025	7.86978 	-0.708228 	-3.6822 	-0.0077573 	-0.302775 	0.0508095 	
0.03	7.16894 	-0.660711 	-3.42626 	-0.00710095 	-0.275431 	0.045846 	
0.035	6.57281 	-0.630948 	-3.19926 	-0.00705782 	-0.252049 	0.0414873 	
0.04	6.06153 	-0.599418 	-3.0113 	-0.00670401 	-0.232077 	0.0378614 	
0.045	5.62463 	-0.572034 	-2.85178 	-0.00636865 	-0.215025 	0.0347862 	
0.05	5.25143 	-0.548316 	-2.71632 	-0.00605708 	-0.200472 	0.0321784 	
0.055	4.93598 	-0.520107 	-2.59459 	-0.00558596 	-0.188059 	0.029825 	
0.06	4.66405 	-0.500846 	-2.49478 	-0.00531042 	-0.17745 	0.0278833 	
0.065	4.43157 	-0.484848 	-2.41033 	-0.00508339 	-0.1684 	0.0262362 	
0.07	4.23295 	-0.471516 	-2.33889 	-0.00489401 	-0.160684 	0.0248406 	
0.075	4.06462 	-0.466419 	-2.27318 	-0.00502448 	-0.154064 	0.0235879 	
0.08	3.91965 	-0.458451 	-2.22041 	-0.00494913 	-0.148414 	0.0225768 	
0.085	3.79577 	-0.451348 	-2.17606 	-0.00486091 	-0.143597 	0.0217322 	
0.09	3.69 	-0.44505 	-2.13883 	-0.00476585 	-0.139497 	0.0210284 	
0.095	3.60238 	-0.431585 	-2.103 	-0.00445761 	-0.136019 	0.0203246 	
0.1	3.52552 	-0.424915 	-2.07516 	-0.00433829 	-0.133048 	0.0197683 	
0.105	3.45973 	-0.419642 	-2.05203 	-0.0042463 	-0.130522 	0.0193004 	
0.11	3.40358 	-0.42148 	-2.0306 	-0.00441417 	-0.128334 	0.0188936 	
0.115	3.35541 	-0.419588 	-2.01404 	-0.00440164 	-0.126482 	0.0185799 	
0.12	3.31432 	-0.417765 	-2.00051 	-0.00437235 	-0.124914 	0.0183298 	
0.125	3.27933 	-0.416041 	-1.98955 	-0.00433124 	-0.123591 	0.018133 	
0.13	3.25249 	-0.407423 	-1.97507 	-0.0041203 	-0.122474 	0.0178428 	
0.135	3.22726 	-0.404314 	-1.96584 	-0.00405625 	-0.121518 	0.0176453 	
0.14	3.20555 	-0.402021 	-1.95858 	-0.00400944 	-0.120715 	0.0174833 	
0.145	3.18697 	-0.400345 	-1.95298 	-0.00397371 	-0.120043 	0.0173533 	
0.15	3.17097 	-0.40527 	-1.94723 	-0.00417733 	-0.119442 	0.0172503 	
0.155	3.15736 	-0.405895 	-1.94367 	-0.00419612 	-0.118949 	0.0171927 	
0.16	3.14586 	-0.406167 	-1.94121 	-0.00419152 	-0.118544 	0.0171627 	
0.165	3.13831 	-0.398815 	-1.9356 	-0.00397557 	-0.118225 	0.0170436 	
0.17	3.13022 	-0.396905 	-1.93316 	-0.00392168 	-0.117956 	0.0169808 	
0.175	3.12327 	-0.395598 	-1.93166 	-0.00388208 	-0.117741 	0.0169343 	
0.18	3.11737 	-0.394735 	-1.93096 	-0.00385156 	-0.117575 	0.0169031 	
0.185	3.11269 	-0.398934 	-1.92788 	-0.00403254 	-0.1174 	0.0168509 	
0.19	3.10834 	-0.3998 	-1.92724 	-0.00405448 	-0.117269 	0.0168464 	
0.195	3.10473 	-0.400361 	-1.9273 	-0.00405596 	-0.117173 	0.0168604 	
0.2	3.10319 	-0.394431 	-1.92568 	-0.00386082 	-0.117129 	0.016817 	
0.205	3.1009 	-0.393084 	-1.92582 	-0.00381193 	-0.117099 	0.0168056 	
0.21	3.09899 	-0.392222 	-1.92649 	-0.00377519 	-0.117092 	0.0168035 	
0.215	3.09745 	-0.391712 	-1.9276 	-0.00374614 	-0.117105 	0.0168105 	
0.22	3.09694 	-0.394833 	-1.92484 	-0.00389912 	-0.117077 	0.0167616 	
0.225	3.09579 	-0.395598 	-1.92499 	-0.00392001 	-0.117073 	0.0167679 	
0.23	3.09489 	-0.396148 	-1.92573 	-0.00392381 	-0.117085 	0.0167898 	
0.235	3.09427 	-0.396528 	-1.92694 	-0.00391428 	-0.117114 	0.0168247 	
0.24	3.09538 	-0.389763 	-1.92678 	-0.00368211 	-0.117194 	0.0168014 	
0.245	3.09538 	-0.388211 	-1.92789 	-0.0036244 	-0.117267 	0.0168019 	
0.25	3.09543 	-0.387263 	-1.92936 	-0.00358442 	-0.117349 	0.0168078 	
0.255	3.09562 	-0.391332 	-1.92826 	-0.00375375 	-0.117378 	0.0167858 	
0.26	3.0956 	-0.39226 	-1.9292 	-0.00377469 	-0.11743 	0.0168047 	
0.265	3.09574 	-0.39295 	-1.93058 	-0.00377921 	-0.117493 	0.0168374 	
0.27	3.09604 	-0.393452 	-1.93229 	-0.00377091 	-0.117568 	0.0168811 	
0.275	3.09825 	-0.386491 	-1.93145 	-0.0035453 	-0.117678 	0.0168404 	
0.28	3.09892 	-0.384961 	-1.93245 	-0.00349339 	-0.117777 	0.0168354 	
0.285	3.09953 	-0.384051 	-1.93383 	-0.00345926 	-0.117881 	0.0168365 	
0.29	3.10016 	-0.383588 	-1.93552 	-0.00343663 	-0.117991 	0.0168443 	
0.295	3.10077 	-0.38861 	-1.93493 	-0.00363596 	-0.118048 	0.0168328 	
0.3	3.10125 	-0.389945 	-1.93614 	-0.00366806 	-0.118124 	0.0168605 	
0.305	3.10185 	-0.390912 	-1.93772 	-0.003679 	-0.11821 	0.0169022 	
0.31	3.10396 	-0.383966 	-1.93812 	-0.00343695 	-0.118346 	0.0168864 	
0.315	3.10494 	-0.382576 	-1.93956 	-0.00338425 	-0.118469 	0.0168928 	
0.32	3.10587 	-0.381761 	-1.94128 	-0.00334852 	-0.118594 	0.0169038 	
0.325	3.10681 	-0.38136 	-1.94322 	-0.0033239 	-0.118722 	0.0169201 	
0.33	3.10779 	-0.38125 	-1.94533 	-0.00330616 	-0.118854 	0.016942 	
0.335	3.1094 	-0.384821 	-1.94277 	-0.00348762 	-0.118922 	0.0168877 	
0.34	3.11012 	-0.385893 	-1.94331 	-0.00352296 	-0.119004 	0.0168982 	
0.345	3.11088 	-0.386698 	-1.94435 	-0.00353872 	-0.119092 	0.0169244 	
0.35	3.11259 	-0.380221 	-1.94724 	-0.00327947 	-0.119267 	0.016957 	
0.355	3.11387 	-0.378924 	-1.94946 	-0.00322048 	-0.119419 	0.0169792 	
0.36	3.1151 	-0.378187 	-1.95176 	-0.00317986 	-0.119569 	0.0170024 	
0.365	3.11633 	-0.377851 	-1.95413 	-0.00315166 	-0.119721 	0.017028 	
0.37	3.11824 	-0.38056 	-1.95107 	-0.0033129 	-0.119796 	0.0169553 	
0.375	3.11908 	-0.381368 	-1.95145 	-0.00334428 	-0.119887 	0.0169559 	
0.38	3.11996 	-0.382023 	-1.95236 	-0.00336019 	-0.119985 	0.016972 	
0.385	3.12151 	-0.376682 	-1.95601 	-0.00313201 	-0.120172 	0.0170177 	
0.39	3.12292 	-0.37567 	-1.95847 	-0.00308001 	-0.120335 	0.0170441 	
0.395	3.12428 	-0.375141 	-1.96093 	-0.00304417 	-0.120496 	0.0170712 	
0.4	3.12564 	-0.374956 	-1.9634 	-0.00301914 	-0.120658 	0.0171003 	
0.405	3.12701 	-0.375007 	-1.96587 	-0.00300096 	-0.12082 	0.0171321 	
0.41	3.12988 	-0.375663 	-1.96117 	-0.00312045 	-0.120905 	0.0170131 	
0.415	3.13087 	-0.376064 	-1.96088 	-0.00315187 	-0.120999 	0.0169913 	
0.42	3.13181 	-0.376471 	-1.96122 	-0.00317186 	-0.121098 	0.0169867 	
0.425	3.13302 	-0.372361 	-1.9675 	-0.00295008 	-0.121321 	0.017088 	
0.43	3.13466 	-0.371637 	-1.97077 	-0.0028977 	-0.12151 	0.0171314 	
0.435	3.13624 	-0.371326 	-1.9738 	-0.00286135 	-0.121693 	0.0171714 	
0.44	3.13777 	-0.371304 	-1.97665 	-0.00283585 	-0.121873 	0.0172101 	
0.445	3.14079 	-0.370977 	-1.97159 	-0.00292938 	-0.121964 	0.0170709 	
0.45	3.14183 	-0.371126 	-1.9712 	-0.00295629 	-0.122068 	0.0170395 	
0.455	3.14282 	-0.371389 	-1.97146 	-0.00297599 	-0.122176 	0.0170254 	
0.46	3.14395 	-0.36834 	-1.97803 	-0.00278934 	-0.122406 	0.0171297 	
0.465	3.14565 	-0.367889 	-1.98134 	-0.00274625 	-0.122601 	0.0171728 	
0.47	3.14728 	-0.367781 	-1.98439 	-0.00271687 	-0.122791 	0.0172127 	
0.475	3.14887 	-0.367907 	-1.98723 	-0.00269658 	-0.122978 	0.0172516 	
0.48	3.15197 	-0.366219 	-1.98241 	-0.00274175 	-0.123083 	0.017103 	
0.485	3.15311 	-0.366076 	-1.98208 	-0.00276152 	-0.123199 	0.0170646 	
0.49	3.15421 	-0.366165 	-1.98234 	-0.00277891 	-0.123321 	0.0170434 	
0.495	3.15532 	-0.364171 	-1.98906 	-0.00262949 	-0.123556 	0.017149 	
0.5	3.1571 	-0.363981 	-1.99241 	-0.00259587 	-0.123759 	0.0171917 	
0.505	3.15879 	-0.364066 	-1.99547 	-0.00257364 	-0.123956 	0.0172316 	
0.51	3.16045 	-0.364336 	-1.99829 	-0.00255873 	-0.124149 	0.0172708 	
0.515	3.16364 	-0.361335 	-1.99384 	-0.00255652 	-0.12427 	0.0171134 	
0.52	3.1649 	-0.36091 	-1.9936 	-0.00256921 	-0.124401 	0.0170687 	
0.525	3.1661 	-0.360831 	-1.99391 	-0.00258421 	-0.124536 	0.0170409 	
0.53	3.16732 	-0.360988 	-1.99469 	-0.00259876 	-0.124676 	0.017028 	
0.535	3.16898 	-0.358954 	-2.00339 	-0.00242616 	-0.124965 	0.0171682 	
0.54	3.17114 	-0.358818 	-2.00759 	-0.00238597 	-0.125202 	0.017225 	
0.545	3.1731 	-0.35897 	-2.01121 	-0.00236051 	-0.125425 	0.0172737 	
0.55	3.17605 	-0.356989 	-2.00656 	-0.00239712 	-0.125547 	0.017116 	
0.555	3.17728 	-0.356823 	-2.00643 	-0.00241694 	-0.125687 	0.0170748 	
0.56	3.17851 	-0.356936 	-2.00682 	-0.00243681 	-0.12583 	0.0170503 	
0.565	3.17979 	-0.357233 	-2.00764 	-0.00245469 	-0.125977 	0.0170404 	
0.57	3.18168 	-0.353827 	-2.01564 	-0.00225421 	-0.126277 	0.0171391 	
0.575	3.18386 	-0.353398 	-2.01953 	-0.00221347 	-0.12652 	0.0171776 	
0.58	3.18584 	-0.353372 	-2.0229 	-0.00219031 	-0.126749 	0.0172105 	
0.585	3.1877 	-0.353622 	-2.02587 	-0.00217889 	-0.126968 	0.0172408 	
0.59	3.19102 	-0.351608 	-2.02037 	-0.00223189 	-0.127088 	0.0170589 	
0.595	3.1923 	-0.351475 	-2.01969 	-0.00226282 	-0.127223 	0.0170029 	
0.6	3.19355 	-0.351627 	-2.01964 	-0.0022922 	-0.127362 	0.0169662 	
0.605	3.19501 	-0.349331 	-2.0284 	-0.00211625 	-0.12766 	0.0170846 	
0.61	3.19716 	-0.34919 	-2.03231 	-0.00208487 	-0.127903 	0.0171233 	
0.615	3.19912 	-0.349374 	-2.03566 	-0.00206857 	-0.128133 	0.0171568 	
0.62	3.20096 	-0.349778 	-2.0386 	-0.00206213 	-0.128353 	0.0171879 	
0.625	3.20426 	-0.346228 	-2.03382 	-0.00205776 	-0.128491 	0.0169939 	
0.63	3.20562 	-0.345758 	-2.03335 	-0.00207883 	-0.12864 	0.0169309 	
0.635	3.20694 	-0.345702 	-2.03344 	-0.00210395 	-0.128792 	0.0168869 	
0.64	3.20832 	-0.344628 	-2.04175 	-0.00197684 	-0.129083 	0.0170012 	
0.645	3.21044 	-0.344781 	-2.04551 	-0.0019578 	-0.129326 	0.0170373 	
0.65	3.21239 	-0.345183 	-2.04874 	-0.00195067 	-0.129556 	0.0170693 	
0.655	3.21424 	-0.345745 	-2.05157 	-0.00195099 	-0.129777 	0.0170999 	
0.66	3.21756 	-0.34073 	-2.04768 	-0.00189067 	-0.129936 	0.016895 	
0.665	3.21904 	-0.339943 	-2.04748 	-0.00190259 	-0.130101 	0.0168254 	
0.67	3.22047 	-0.339695 	-2.04773 	-0.00192386 	-0.130268 	0.0167746 	
0.675	3.2219 	-0.339822 	-2.04837 	-0.00194954 	-0.130437 	0.0167406 	
0.68	3.22385 	-0.339032 	-2.05883 	-0.00180829 	-0.13078 	0.0168923 	
0.685	3.22633 	-0.339363 	-2.06349 	-0.00178557 	-0.131053 	0.0169446 	
0.69	3.2285 	-0.339914 	-2.06731 	-0.00177696 	-0.131307 	0.0169874 	
0.695	3.23163 	-0.33606 	-2.06274 	-0.00176426 	-0.13146 	0.0167819 	
0.7	3.23303 	-0.335597 	-2.0625 	-0.00178623 	-0.131628 	0.0167162 	
0.705	3.23442 	-0.335582 	-2.06271 	-0.00181423 	-0.131798 	0.0166692 	
0.71	3.23583 	-0.335875 	-2.0633 	-0.00184431 	-0.131969 	0.0166386 	
0.715	3.23796 	-0.333283 	-2.07341 	-0.00166154 	-0.132327 	0.0167396 	
0.72	3.24044 	-0.333206 	-2.07787 	-0.00163535 	-0.132607 	0.0167703 	
0.725	3.24259 	-0.333497 	-2.08149 	-0.0016272 	-0.132866 	0.0167946 	
0.73	3.24537 	-0.331146 	-2.0774 	-0.00165396 	-0.13302 	0.0166184 	
0.735	3.24675 	-0.331033 	-2.07729 	-0.0016846 	-0.133192 	0.0165603 	
0.74	3.24816 	-0.331273 	-2.0776 	-0.00171825 	-0.133365 	0.0165199 	
0.745	3.24985 	-0.32877 	-2.08488 	-0.00157884 	-0.13367 	0.0165568 	
0.75	3.25198 	-0.328703 	-2.08818 	-0.00156908 	-0.133923 	0.0165608 	
0.755	3.25392 	-0.329004 	-2.09099 	-0.00157351 	-0.134162 	0.016566 	
0.76	3.25576 	-0.329555 	-2.09343 	-0.00158678 	-0.13439 	0.0165738 	
0.765	3.25754 	-0.330264 	-2.09562 	-0.00160495 	-0.134611 	0.016585 	
0.77	3.26077 	-0.323607 	-2.09369 	-0.00147937 	-0.134811 	0.0163565 	
0.775	3.26247 	-0.322499 	-2.09393 	-0.00148559 	-0.135004 	0.0162705 	
0.78	3.26408 	-0.322086 	-2.09444 	-0.00150779 	-0.135197 	0.0162048 	
0.785	3.26566 	-0.322167 	-2.09519 	-0.00153915 	-0.135388 	0.0161566 	
0.79	3.26751 	-0.322711 	-2.10528 	-0.00145612 	-0.135732 	0.0162934 	
0.795	3.26995 	-0.323478 	-2.10974 	-0.00145554 	-0.136011 	0.0163349 	
0.8	3.27207 	-0.324378 	-2.11332 	-0.00146543 	-0.136268 	0.0163692 	
0.805	3.27524 	-0.318796 	-2.10998 	-0.00139298 	-0.136455 	0.016132 	
0.81	3.2768 	-0.31804 	-2.11001 	-0.00141137 	-0.136646 	0.0160502 	
0.815	3.2783 	-0.317877 	-2.11035 	-0.00144165 	-0.136836 	0.0159884 	
0.82	3.27981 	-0.318131 	-2.11096 	-0.00147817 	-0.137025 	0.015944 	
0.825	3.28182 	-0.316538 	-2.12107 	-0.00134202 	-0.137389 	0.0160237 	
0.83	3.28425 	-0.316802 	-2.12542 	-0.00133515 	-0.137676 	0.0160416 	
0.835	3.28633 	-0.317372 	-2.12887 	-0.00134366 	-0.13794 	0.0160557 	
0.84	3.28915 	-0.313626 	-2.12562 	-0.00132375 	-0.13812 	0.0158529 	
0.845	3.29062 	-0.313287 	-2.12565 	-0.0013535 	-0.13831 	0.0157798 	
0.85	3.29209 	-0.313424 	-2.12599 	-0.0013911 	-0.138499 	0.0157256 	
0.855	3.29358 	-0.313889 	-2.1266 	-0.00143207 	-0.138687 	0.0156879 	
0.86	3.29581 	-0.310258 	-2.13681 	-0.00124511 	-0.139068 	0.0157097 	
0.865	3.29826 	-0.310054 	-2.14111 	-0.00123186 	-0.139361 	0.0157052 	
0.87	3.30033 	-0.310319 	-2.14448 	-0.00123871 	-0.13963 	0.0157005 	
0.875	3.30218 	-0.310906 	-2.1472 	-0.00125861 	-0.13988 	0.0156975 	
0.88	3.30523 	-0.307038 	-2.14288 	-0.00125199 	-0.140045 	0.0154673 	
0.885	3.30665 	-0.306679 	-2.14229 	-0.00129088 	-0.140222 	0.0153792 	
0.89	3.30805 	-0.306815 	-2.14213 	-0.00133643 	-0.140399 	0.0153132 	
0.895	3.30964 	-0.304873 	-2.15212 	-0.00120063 	-0.140756 	0.0153605 	
0.9	3.31187 	-0.305052 	-2.15612 	-0.00120151 	-0.141036 	0.015358 	
0.905	3.3138 	-0.305592 	-2.15927 	-0.00121813 	-0.141294 	0.015356 	
0.91	3.31555 	-0.306374 	-2.16182 	-0.00124454 	-0.141536 	0.0153561 	
0.915	3.31859 	-0.300579 	-2.15898 	-0.00116853 	-0.141725 	0.0150949 	
0.92	3.32009 	-0.299785 	-2.15883 	-0.00119485 	-0.141917 	0.0149947 	
0.925	3.32154 	-0.299638 	-2.15896 	-0.00123428 	-0.142106 	0.0149177 	
0.93	3.32288 	-0.299303 	-2.16759 	-0.00116375 	-0.142435 	0.014972 	
0.935	3.32493 	-0.299845 	-2.17116 	-0.00118014 	-0.142703 	0.0149698 	
0.94	3.32674 	-0.300648 	-2.174 	-0.00120763 	-0.142951 	0.0149692 	
0.945	3.32842 	-0.301615 	-2.17633 	-0.00124142 	-0.143186 	0.0149714 	
0.95	3.3315 	-0.294044 	-2.17504 	-0.00110128 	-0.143401 	0.0146796 	
0.955	3.33313 	-0.29285 	-2.17534 	-0.00111638 	-0.143607 	0.0145677 	
0.96	3.33464 	-0.292444 	-2.17575 	-0.00115041 	-0.143809 	0.0144803 	
0.965	3.3361 	-0.2926 	-2.17631 	-0.00119563 	-0.144008 	0.0144136 	
0.97	3.33765 	-0.292936 	-2.18649 	-0.00113098 	-0.144365 	0.0144998 	
0.975	3.33982 	-0.293784 	-2.1907 	-0.00114996 	-0.144647 	0.0145129 	
0.98	3.34167 	-0.294811 	-2.19396 	-0.00117944 	-0.144906 	0.0145238 	
0.985	3.34461 	-0.288732 	-2.19133 	-0.00109694 	-0.145102 	0.0142475 	
0.99	3.34606 	-0.28796 	-2.19136 	-0.00112494 	-0.1453 	0.0141451 	
0.995	3.34745 	-0.287851 	-2.19158 	-0.00116701 	-0.145495 	0.0140661 	
1	3.34883 	-0.288208 	-2.19198 	-0.00121678 	-0.145688 	0.0140068 	
1.005	3.35051 	-0.286132 	-2.20248 	-0.00109188 	-0.146062 	0.0140215 	
1.01	3.35266 	-0.286393 	-2.20668 	-0.00110183 	-0.14635 	0.0140082 	
1.015	3.35446 	-0.287023 	-2.20987 	-0.00112768 	-0.146612 	0.0139973 	
1.02	3.35604 	-0.2879 	-2.21235 	-0.00116332 	-0.146855 	0.0139899 	
1.025	3.35927 	-0.281339 	-2.20862 	-0.00108276 	-0.147031 	0.0136769 	
1.03	3.36067 	-0.280392 	-2.20799 	-0.00111547 	-0.147213 	0.0135557 	
1.035	3.36198 	-0.28017 	-2.20768 	-0.00116277 	-0.147394 	0.0134614 	
1.04	3.36295 	-0.280174 	-2.21757 	-0.00110232 	-0.147737 	0.0135156 	
1.045	3.36483 	-0.280845 	-2.22135 	-0.00112755 	-0.148008 	0.0135069 	
1.05	3.36644 	-0.281769 	-2.22424 	-0.00116376 	-0.148256 	0.0135007 	
1.055	3.36897 	-0.276478 	-2.22253 	-0.00109536 	-0.148456 	0.013246 	
1.06	3.37031 	-0.275923 	-2.22278 	-0.00112883 	-0.148655 	0.0131481 	
1.065	3.37159 	-0.275982 	-2.22313 	-0.0011752 	-0.148849 	0.0130729 	
1.07	3.37288 	-0.27647 	-2.2236 	-0.00122848 	-0.149039 	0.0130168 	
1.075	3.37439 	-0.273241 	-2.23287 	-0.00109771 	-0.14939 	0.0129609 	
1.08	3.3763 	-0.273232 	-2.23655 	-0.00111201 	-0.149664 	0.0129221 	
1.085	3.37789 	-0.273687 	-2.23933 	-0.00114308 	-0.149914 	0.0128917 	
1.09	3.37931 	-0.274461 	-2.24149 	-0.00118448 	-0.150147 	0.0128692 	
1.095	3.38201 	-0.269031 	-2.23894 	-0.00112322 	-0.150329 	0.0125932 	
1.1	3.38331 	-0.268392 	-2.23868 	-0.00116124 	-0.150513 	0.0124833 	
1.105	3.38456 	-0.268398 	-2.23863 	-0.00121182 	-0.150694 	0.0123988 	
1.11	3.3858 	-0.268855 	-2.2388 	-0.00126893 	-0.150874 	0.0123354 	
1.115	3.38726 	-0.266006 	-2.25081 	-0.00112528 	-0.151264 	0.0123161 	
1.12	3.38927 	-0.266124 	-2.25536 	-0.00113671 	-0.151554 	0.0122883 	
1.125	3.39085 	-0.266677 	-2.2587 	-0.00116611 	-0.151814 	0.0122657 	
1.13	3.39347 	-0.263162 	-2.25447 	-0.00117369 	-0.151969 	0.0120208 	
1.135	3.39455 	-0.262972 	-2.25387 	-0.00122449 	-0.152141 	0.0119233 	
1.14	3.39564 	-0.26329 	-2.25358 	-0.00128278 	-0.152311 	0.0118493 	
1.145	3.39651 	-0.260417 	-2.26206 	-0.00117488 	-0.152629 	0.0117805 	
1.15	3.39808 	-0.260459 	-2.2652 	-0.00119803 	-0.15288 	0.0117319 	
1.155	3.39941 	-0.260957 	-2.26757 	-0.00123593 	-0.153112 	0.0116948 	
1.16	3.40062 	-0.261768 	-2.26942 	-0.00128263 	-0.153328 	0.0116678 	
1.165	3.40297 	-0.255928 	-2.26831 	-0.00119964 	-0.153519 	0.0113851 	
1.17	3.4042 	-0.255206 	-2.26845 	-0.0012341 	-0.153705 	0.0112727 	
1.175	3.40535 	-0.255163 	-2.26867 	-0.00128295 	-0.153887 	0.0111863 	
1.18	3.40649 	-0.255598 	-2.269 	-0.00133974 	-0.154065 	0.0111213 	
1.185	3.40749 	-0.253053 	-2.27852 	-0.00123565 	-0.154401 	0.0110675 	
1.19	3.4091 	-0.253232 	-2.28218 	-0.00125891 	-0.154661 	0.0110278 	
1.195	3.41043 	-0.25383 	-2.2849 	-0.00129683 	-0.154896 	0.0109975 	
1.2	3.41159 	-0.254714 	-2.28696 	-0.00134352 	-0.155115 	0.0109759 	
1.205	3.41447 	-0.248181 	-2.28386 	-0.001265 	-0.155276 	0.010642 	
1.21	3.41564 	-0.247268 	-2.28327 	-0.00130257 	-0.155443 	0.010513 	
1.215	3.41672 	-0.247091 	-2.28293 	-0.00135472 	-0.155609 	0.0104135 	
1.22	3.41704 	-0.246766 	-2.29167 	-0.00131501 	-0.155911 	0.0104172 	
1.225	3.41839 	-0.247374 	-2.29488 	-0.00135181 	-0.156151 	0.0103883 	
1.23	3.41953 	-0.248275 	-2.29729 	-0.00139821 	-0.156372 	0.0103677 	
1.235	3.42174 	-0.242998 	-2.29589 	-0.00133512 	-0.156551 	0.0100914 	
1.24	3.4228 	-0.242456 	-2.29604 	-0.00137397 	-0.156728 	0.00998503 	
1.245	3.4238 	-0.242538 	-2.29626 	-0.00142536 	-0.156902 	0.00990399 	
1.25	3.4248 	-0.243058 	-2.29657 	-0.00148346 	-0.157071 	0.00984384 	
1.255	3.42559 	-0.239513 	-2.30474 	-0.00137474 	-0.157374 	0.00972943 	
1.26	3.42693 	-0.239421 	-2.30786 	-0.00139948 	-0.157612 	0.00966982 	
1.265	3.42804 	-0.239828 	-2.31017 	-0.0014393 	-0.15783 	0.00962483 	
1.27	3.42903 	-0.24058 	-2.31193 	-0.00148816 	-0.158033 	0.00959229 	
1.275	3.43139 	-0.235288 	-2.30965 	-0.00143348 	-0.158191 	0.00930211 	
1.28	3.43243 	-0.234685 	-2.30932 	-0.00147519 	-0.158352 	0.00918807 	
1.285	3.43339 	-0.234721 	-2.30918 	-0.00152879 	-0.158511 	0.0091013 	
1.29	3.43434 	-0.235206 	-2.30923 	-0.00158852 	-0.158667 	0.00903695 	
1.295	3.43486 	-0.232024 	-2.31958 	-0.00147241 	-0.158994 	0.00895405 	
1.3	3.4362 	-0.232033 	-2.32338 	-0.00149442 	-0.15924 	0.00890478 	
1.305	3.43723 	-0.23251 	-2.32615 	-0.00153194 	-0.159462 	0.00886784 	
1.31	3.4381 	-0.233311 	-2.3282 	-0.00157891 	-0.159665 	0.00884157 	
1.315	3.44119 	-0.22764 	-2.32339 	-0.00153907 	-0.159788 	0.0085075 	
1.32	3.44217 	-0.226915 	-2.32218 	-0.0015849 	-0.159924 	0.00838033 	
1.325	3.44305 	-0.226857 	-2.32136 	-0.00164184 	-0.160061 	0.0082832 	
1.33	3.44276 	-0.225816 	-2.33099 	-0.00158316 	-0.160352 	0.00826592 	
1.335	3.44379 	-0.22625 	-2.33431 	-0.0016169 	-0.160576 	0.00823054 	
1.34	3.44461 	-0.227022 	-2.33677 	-0.00166123 	-0.160779 	0.00820552 	
1.345	3.4468 	-0.222374 	-2.33399 	-0.00162741 	-0.160918 	0.00792699 	
1.35	3.4476 	-0.221938 	-2.33365 	-0.00167142 	-0.161066 	0.00782131 	
1.355	3.44835 	-0.222082 	-2.3335 	-0.00172545 	-0.161212 	0.00774185 	
1.36	3.4491 	-0.222631 	-2.33354 	-0.00178437 	-0.161356 	0.00768386 	
1.365	3.44934 	-0.218688 	-2.34197 	-0.00167095 	-0.161634 	0.0075474 	
1.37	3.45033 	-0.218467 	-2.34505 	-0.00169416 	-0.16185 	0.00748198 	
1.375	3.45111 	-0.218771 	-2.34731 	-0.00173243 	-0.162047 	0.00743351 	
1.38	3.45179 	-0.219442 	-2.34902 	-0.00177986 	-0.16223 	0.0073991 	
1.385	3.45429 	-0.214939 	-2.34525 	-0.00175773 	-0.162349 	0.00711396 	
1.39	3.45512 	-0.214492 	-2.34439 	-0.00180473 	-0.162479 	0.00700431 	
1.395	3.45588 	-0.214619 	-2.34386 	-0.00186041 	-0.162609 	0.00692207 	
1.4	3.45662 	-0.215144 	-2.34364 	-0.00191998 	-0.162738 	0.00686227 	
1.405	3.4565 	-0.211384 	-2.35456 	-0.00179212 	-0.163043 	0.00675656 	
1.41	3.45747 	-0.21121 	-2.35845 	-0.00181013 	-0.163267 	0.00670176 	
1.415	3.45815 	-0.211542 	-2.36125 	-0.00184411 	-0.163468 	0.00666161 	
1.42	3.46071 	-0.209103 	-2.35597 	-0.00188378 	-0.163564 	0.00643256 	
1.425	3.46136 	-0.209109 	-2.35487 	-0.00193979 	-0.163681 	0.00634252 	
1.43	3.46198 	-0.209542 	-2.35419 	-0.00199972 	-0.163798 	0.00627657 	
1.435	3.46159 	-0.206161 	-2.36146 	-0.00190797 	-0.164031 	0.00615047 	
1.44	3.46225 	-0.206026 	-2.36395 	-0.00193494 	-0.164216 	0.00608761 	
1.445	3.46279 	-0.206373 	-2.36583 	-0.00197434 	-0.164387 	0.00604233 	
1.45	3.46328 	-0.207055 	-2.36729 	-0.00202102 	-0.164547 	0.00601146 	
1.455	3.46376 	-0.207961 	-2.36848 	-0.00207118 	-0.164699 	0.00599247 	
1.46	3.46645 	-0.200534 	-2.3657 	-0.00197222 	-0.164811 	0.0056056 	
1.465	3.46729 	-0.199313 	-2.36503 	-0.00200142 	-0.16493 	0.00546545 	
1.47	3.46797 	-0.19888 	-2.36457 	-0.00204601 	-0.165049 	0.00535906 	
1.475	3.46858 	-0.199011 	-2.36437 	-0.00209935 	-0.165168 	0.00528013 	
1.48	3.46772 	-0.199356 	-2.3737 	-0.00207716 	-0.165418 	0.00531583 	
1.485	3.46829 	-0.200178 	-2.37712 	-0.00211374 	-0.165609 	0.00530804 	
1.49	3.46872 	-0.201191 	-2.37967 	-0.00215656 	-0.165782 	0.00530652 	
1.495	3.47159 	-0.19532 	-2.37503 	-0.00210816 	-0.165873 	0.0049591 	
1.5	3.47225 	-0.19454 	-2.37407 	-0.00214543 	-0.16598 	0.00484014 	
1.505	3.47281 	-0.194401 	-2.37344 	-0.00219331 	-0.166088 	0.00475115 	
1.51	3.47331 	-0.194716 	-2.37313 	-0.00224659 	-0.166197 	0.00468658 	
1.515	3.47243 	-0.192935 	-2.38175 	-0.00218263 	-0.16643 	0.00463516 	
1.52	3.47287 	-0.193184 	-2.38486 	-0.00221003 	-0.166609 	0.00460094 	
1.525	3.47319 	-0.193782 	-2.38718 	-0.00224707 	-0.166771 	0.00457894 	
1.53	3.47572 	-0.19009 	-2.38255 	-0.00224675 	-0.166854 	0.0043144 	
1.535	3.47628 	-0.189781 	-2.38162 	-0.00229065 	-0.166953 	0.00421991 	
1.54	3.47676 	-0.18996 	-2.38107 	-0.00234067 	-0.167052 	0.00415107 	
1.545	3.4772 	-0.190478 	-2.38085 	-0.002393 	-0.167153 	0.00410315 	
1.55	3.47643 	-0.186837 	-2.38868 	-0.00229342 	-0.167366 	0.00397305 	
1.555	3.4768 	-0.186595 	-2.39152 	-0.00231233 	-0.167532 	0.00391662 	
1.56	3.47704 	-0.186832 	-2.39366 	-0.00234379 	-0.167684 	0.0038775 	
1.565	3.47724 	-0.187406 	-2.39532 	-0.00238286 	-0.167826 	0.00385243 	
1.57	3.48046 	-0.18397 	-2.38951 	-0.00239677 	-0.167891 	0.00358541 	
1.575	3.48115 	-0.183693 	-2.38803 	-0.00244303 	-0.167971 	0.00349044 	
1.58	3.48168 	-0.183873 	-2.38708 	-0.00249354 	-0.168053 	0.00342153 	
1.585	3.48213 	-0.184371 	-2.3866 	-0.00254499 	-0.168136 	0.00337393 	
1.59	3.48076 	-0.180881 	-2.39721 	-0.00242675 	-0.168373 	0.00328169 	
1.595	3.48101 	-0.180667 	-2.40094 	-0.00243808 	-0.168546 	0.00323885 	
1.6	3.48109 	-0.180912 	-2.4037 	-0.00246307 	-0.1687 	0.00321042 	
1.605	3.48437 	-0.179336 	-2.39672 	-0.00252704 	-0.168747 	0.00300228 	
1.61	3.48488 	-0.179457 	-2.39514 	-0.00257872 	-0.168816 	0.00292838 	
1.615	3.48527 	-0.179901 	-2.39415 	-0.00263068 	-0.168887 	0.00287689 	
1.62	3.48559 	-0.180562 	-2.39365 	-0.00268088 	-0.16896 	0.00284373 	
1.625	3.48422 	-0.175627 	-2.40289 	-0.00253949 	-0.169166 	0.00268362 	
1.63	3.48431 	-0.175017 	-2.40611 	-0.00254476 	-0.169319 	0.00262208 	
1.635	3.48427 	-0.174968 	-2.40852 	-0.00256542 	-0.169458 	0.00257946 	
1.64	3.48717 	-0.174992 	-2.40211 	-0.00265836 	-0.169502 	0.00244155 	
1.645	3.48758 	-0.175458 	-2.40073 	-0.00271249 	-0.169565 	0.00238924 	
1.65	3.48789 	-0.176128 	-2.39993 	-0.00276383 	-0.16963 	0.00235564 	
1.655	3.48814 	-0.176928 	-2.3996 	-0.00281137 	-0.169698 	0.00233728 	
1.66	3.48694 	-0.170834 	-2.40744 	-0.00265312 	-0.169874 	0.00212006 	
1.665	3.48696 	-0.169902 	-2.41023 	-0.00265299 	-0.17001 	0.002044 	
1.67	3.48686 	-0.169608 	-2.41235 	-0.00266956 	-0.170135 	0.00199045 	
1.675	3.48673 	-0.169775 	-2.41402 	-0.00269701 	-0.170253 	0.00195487 	
1.68	3.49062 	-0.170743 	-2.40645 	-0.00282086 	-0.170288 	0.0018394 	
1.685	3.49129 	-0.1715 	-2.40454 	-0.00288159 	-0.170334 	0.00179923 	
1.69	3.49172 	-0.17234 	-2.40335 	-0.00293488 	-0.170381 	0.001776 	
1.695	3.48973 	-0.167479 	-2.41134 	-0.00279455 	-0.170537 	0.00162398 	
1.7	3.48955 	-0.166876 	-2.41398 	-0.0027965 	-0.170655 	0.00157028 	
1.705	3.48931 	-0.166793 	-2.41606 	-0.00281201 	-0.170766 	0.00153483 	
1.71	3.48907 	-0.167081 	-2.41774 	-0.00283625 	-0.170871 	0.001514 	
1.715	3.493 	-0.166571 	-2.41053 	-0.00292162 	-0.170903 	0.00134802 	
1.72	3.49363 	-0.166918 	-2.40877 	-0.00297096 	-0.170944 	0.00129503 	
1.725	3.49399 	-0.167453 	-2.40768 	-0.00301629 	-0.170986 	0.00126148 	
1.73	3.49187 	-0.164276 	-2.41475 	-0.00291615 	-0.171117 	0.0011736 	
1.735	3.49156 	-0.164027 	-2.41716 	-0.00292259 	-0.17122 	0.00114002 	
1.74	3.49123 	-0.164175 	-2.41913 	-0.00293906 	-0.171318 	0.00112092 	
1.745	3.49093 	-0.164604 	-2.42079 	-0.00296176 	-0.171412 	0.00111347 	
1.75	3.49496 	-0.162887 	-2.4139 	-0.00301601 	-0.171441 	0.000905339 	
1.755	3.49559 	-0.162908 	-2.41226 	-0.00305621 	-0.171477 	0.000842139 	
1.76	3.49592 	-0.163198 	-2.41126 	-0.00309495 	-0.171514 	0.000800451 	
1.765	3.49608 	-0.163673 	-2.41081 	-0.00313104 	-0.171553 	0.00077636 	
1.77	3.49374 	-0.160673 	-2.4193 	-0.00302231 	-0.171697 	0.000715941 	
1.775	3.49329 	-0.160438 	-2.42243 	-0.00302127 	-0.171804 	0.000695509 	
1.78	3.49281 	-0.160582 	-2.4249 	-0.00303127 	-0.171904 	0.000686744 	
1.785	3.49679 	-0.160315 	-2.41754 	-0.00311934 	-0.171922 	0.000532092 	
1.79	3.49726 	-0.160634 	-2.41599 	-0.00316132 	-0.171952 	0.000488273 	
1.795	3.49746 	-0.161116 	-2.4151 	-0.00319908 	-0.171983 	0.000462628 	
1.8	3.4975 	-0.161706 	-2.41475 	-0.0032324 	-0.172016 	0.000451789 	
1.805	3.49744 	-0.162364 	-2.41485 	-0.00326133 	-0.172052 	0.000452919 	
1.81	3.49551 	-0.156974 	-2.42223 	-0.00310924 	-0.172177 	0.000283589 	
1.815	3.495 	-0.156074 	-2.42509 	-0.0030958 	-0.172273 	0.000233662 	
1.82	3.49444 	-0.15573 	-2.42738 	-0.00309752 	-0.172363 	0.000201969 	
1.825	3.49851 	-0.158356 	-2.4199 	-0.00324903 	-0.172376 	0.000161388 	
1.83	3.49898 	-0.159315 	-2.41837 	-0.00329961 	-0.172398 	0.000151963 	
1.835	3.49916 	-0.16022 	-2.41754 	-0.00333967 	-0.172419 	0.000154818 	
1.84	3.49916 	-0.161074 	-2.41727 	-0.00337101 	-0.172443 	0.00016758 	
1.845	3.49723 	-0.155122 	-2.4233 	-0.00321101 	-0.172536 	-2.97625e-05 	
1.85	3.49663 	-0.154077 	-2.42561 	-0.00319429 	-0.172612 	-8.45805e-05 	
1.855	3.49602 	-0.153604 	-2.42753 	-0.00319244 	-0.172685 	-0.000119628 	
1.86	3.49945 	-0.156913 	-2.42121 	-0.00334515 	-0.172695 	-0.000112634 	
1.865	3.49978 	-0.158002 	-2.42007 	-0.00339157 	-0.172713 	-0.000105716 	
1.87	3.49984 	-0.158979 	-2.41956 	-0.00342668 	-0.172732 	-8.93238e-05 	
1.875	3.49974 	-0.159862 	-2.41957 	-0.0034527 	-0.172753 	-6.53907e-05 	
1.88	3.49839 	-0.153836 	-2.42356 	-0.00330347 	-0.172818 	-0.000283836 	
1.885	3.49782 	-0.152731 	-2.42528 	-0.00328597 	-0.172874 	-0.000341101 	
1.89	3.49723 	-0.15219 	-2.42683 	-0.00328218 	-0.172932 	-0.000377628 	
1.895	3.50004 	-0.155981 	-2.42178 	-0.00343089 	-0.172941 	-0.000329412 	
1.9	3.50025 	-0.157161 	-2.42105 	-0.00347253 	-0.172957 	-0.000307953 	
1.905	3.50021 	-0.158183 	-2.42089 	-0.00350241 	-0.172973 	-0.000279563 	
1.91	3.50003 	-0.159079 	-2.42118 	-0.00352308 	-0.172993 	-0.000245763 	
1.915	3.49974 	-0.159874 	-2.42182 	-0.00353656 	-0.173015 	-0.000207799 	
1.92	3.49961 	-0.152207 	-2.42357 	-0.00337 	-0.173055 	-0.00052219 	
1.925	3.4992 	-0.15056 	-2.4247 	-0.00334472 	-0.173095 	-0.000607893 	
1.93	3.49867 	-0.149611 	-2.42582 	-0.00333576 	-0.173138 	-0.00066673 	
1.935	3.50079 	-0.155971 	-2.42212 	-0.00352624 	-0.173142 	-0.000494666 	
1.94	3.50086 	-0.157732 	-2.42184 	-0.00357182 	-0.173153 	-0.000435968 	
1.945	3.50071 	-0.15914 	-2.42204 	-0.00360103 	-0.173166 	-0.000376969 	
1.95	3.50042 	-0.160278 	-2.42264 	-0.00361796 	-0.173181 	-0.000318087 	
1.955	3.50083 	-0.152474 	-2.42305 	-0.00345438 	-0.173205 	-0.000645425 	
1.96	3.50048 	-0.150843 	-2.42373 	-0.00342813 	-0.173231 	-0.00072725 	
1.965	3.49996 	-0.149875 	-2.42454 	-0.00341668 	-0.173261 	-0.000782724 	
1.97	3.50146 	-0.156226 	-2.42194 	-0.00359266 	-0.173262 	-0.000588319 	
1.975	3.50135 	-0.157949 	-2.42198 	-0.00363097 	-0.173269 	-0.000520424 	
1.98	3.50106 	-0.15931 	-2.42246 	-0.00365356 	-0.173278 	-0.000453905 	
1.985	3.50063 	-0.160396 	-2.42327 	-0.00366452 	-0.17329 	-0.000388886 	
1.99	3.50192 	-0.153271 	-2.42203 	-0.00352712 	-0.173301 	-0.000705267 	
1.995	3.50169 	-0.151769 	-2.42225 	-0.00350298 	-0.173314 	-0.000780011 	
2	3.50122 	-0.150862 	-2.42273 	-0.00349103 	-0.17333 	-0.000829593 	
2.005	3.50061 	-0.1504 	-2.42346 	-0.00348725 	-0.173349 	-0.000858937 	
2.01	3.50249 	-0.158417 	-2.42093 	-0.00369862 	-0.173338 	-0.000598996 	
2.015	3.50247 	-0.16072 	-2.42107 	-0.00374269 	-0.173332 	-0.000497321 	
2.02	3.5022 	-0.162448 	-2.42163 	-0.00376505 	-0.173331 	-0.000402702 	
2.025	3.50211 	-0.154845 	-2.42237 	-0.0035985 	-0.173345 	-0.000705704 	
2.03	3.50159 	-0.153362 	-2.42321 	-0.00356618 	-0.173362 	-0.000764306 	
2.035	3.50098 	-0.15244 	-2.42422 	-0.00354612 	-0.173383 	-0.000800627 	
2.04	3.50032 	-0.15194 	-2.42539 	-0.00353464 	-0.173408 	-0.000819221 	
2.045	3.502 	-0.158682 	-2.42301 	-0.00372462 	-0.173404 	-0.000615444 	
2.05	3.50197 	-0.160567 	-2.42334 	-0.00376016 	-0.173407 	-0.000529405 	
2.055	3.50177 	-0.161979 	-2.42408 	-0.00377646 	-0.173414 	-0.000447408 	
2.06	3.50107 	-0.155345 	-2.42627 	-0.00361975 	-0.173445 	-0.000692358 	
2.065	3.50054 	-0.154029 	-2.42773 	-0.00358572 	-0.173477 	-0.000734754 	
2.07	3.49999 	-0.153213 	-2.42924 	-0.00356299 	-0.173513 	-0.000757944 	
2.075	3.49945 	-0.152777 	-2.43079 	-0.00354837 	-0.173552 	-0.000765983 	
2.08	3.49894 	-0.152626 	-2.4324 	-0.00353946 	-0.173595 	-0.000762085 	
2.085	3.50122 	-0.15913 	-2.42942 	-0.0037539 	-0.173603 	-0.000608386 	
2.09	3.50149 	-0.160989 	-2.42966 	-0.00379464 	-0.173617 	-0.000529995 	
2.095	3.50157 	-0.162346 	-2.43035 	-0.00381289 	-0.173634 	-0.000453317 	
2.1	3.50006 	-0.155119 	-2.43525 	-0.003609 	-0.173699 	-0.00066963 	
2.105	3.49956 	-0.153627 	-2.43763 	-0.00356245 	-0.173756 	-0.000705099 	
2.11	3.4991 	-0.152691 	-2.4398 	-0.00353087 	-0.173816 	-0.00072313 	
2.115	3.49868 	-0.152176 	-2.44183 	-0.00351029 	-0.173876 	-0.000727483 	
2.12	3.50064 	-0.158353 	-2.43919 	-0.0037275 	-0.173896 	-0.00059789 	
2.125	3.50092 	-0.159983 	-2.43964 	-0.00376537 	-0.173925 	-0.000530266 	
2.13	3.50109 	-0.161173 	-2.44048 	-0.00378196 	-0.173956 	-0.000462214 	
2.135	3.49961 	-0.154823 	-2.44599 	-0.00359065 	-0.174042 	-0.000632506 	
2.14	3.49927 	-0.153531 	-2.44865 	-0.0035456 	-0.174116 	-0.000654791 	
2.145	3.49898 	-0.152734 	-2.45102 	-0.00351431 	-0.174189 	-0.000662332 	
2.15	3.49873 	-0.152314 	-2.45319 	-0.00349321 	-0.174262 	-0.000658362 	
2.155	3.49855 	-0.152176 	-2.45522 	-0.00347955 	-0.174336 	-0.000645383 	
2.16	3.50038 	-0.158121 	-2.45303 	-0.00372644 	-0.174373 	-0.000570449 	
2.165	3.5008 	-0.159726 	-2.45358 	-0.00377192 	-0.174416 	-0.000513155 	
2.17	3.50114 	-0.160856 	-2.4545 	-0.00379202 	-0.174461 	-0.000452273 	
2.175	3.49955 	-0.153986 	-2.46153 	-0.00354692 	-0.17458 	-0.000580793 	
2.18	3.49936 	-0.152564 	-2.46472 	-0.00348903 	-0.174675 	-0.000593304 	
2.185	3.4992 	-0.151692 	-2.46745 	-0.00344935 	-0.174767 	-0.000594074 	
2.19	3.49909 	-0.151235 	-2.46985 	-0.00342321 	-0.174856 	-0.000585595 	
2.195	3.50049 	-0.156895 	-2.46843 	-0.00367506 	-0.174906 	-0.000535737 	
2.2	3.50086 	-0.158301 	-2.46928 	-0.00371814 	-0.174963 	-0.000488287 	
2.205	3.50121 	-0.159287 	-2.4704 	-0.00373687 	-0.175021 	-0.000435153 	
2.21	3.49987 	-0.153255 	-2.47725 	-0.00350764 	-0.175151 	-0.000526827 	
2.215	3.49982 	-0.152029 	-2.48044 	-0.00345253 	-0.175256 	-0.000528952 	
2.22	3.4998 	-0.151294 	-2.48315 	-0.00341423 	-0.175356 	-0.000521465 	
2.225	3.49983 	-0.150931 	-2.48553 	-0.00338847 	-0.175452 	-0.000506413 	
2.23	3.49992 	-0.150847 	-2.48768 	-0.00337189 	-0.175546 	-0.000485372 	
2.235	3.50072 	-0.156254 	-2.48788 	-0.00365858 	-0.175621 	-0.000497998 	
2.24	3.50109 	-0.157611 	-2.48914 	-0.00371071 	-0.175695 	-0.000464386 	
2.245	3.50148 	-0.158509 	-2.49051 	-0.0037334 	-0.175767 	-0.000420581 	
2.25	3.50044 	-0.152014 	-2.49729 	-0.00344216 	-0.175915 	-0.000456539 	
2.255	3.50052 	-0.150685 	-2.50053 	-0.00337277 	-0.176031 	-0.000445524 	
2.26	3.50063 	-0.149906 	-2.50326 	-0.00332555 	-0.17614 	-0.000429048 	
2.265	3.50079 	-0.149539 	-2.50563 	-0.00329478 	-0.176244 	-0.000408041 	
2.27	3.50119 	-0.154696 	-2.50695 	-0.00358828 	-0.176334 	-0.000446848 	
2.275	3.50151 	-0.15588 	-2.50858 	-0.00363814 	-0.17642 	-0.000422061 	
2.28	3.50187 	-0.156654 	-2.51018 	-0.00365951 	-0.176503 	-0.000385073 	
2.285	3.50111 	-0.150961 	-2.51619 	-0.00338812 	-0.17665 	-0.000393916 	
2.29	3.50127 	-0.14982 	-2.51921 	-0.00332268 	-0.176768 	-0.000375246 	
2.295	3.50147 	-0.149171 	-2.52176 	-0.00327767 	-0.176879 	-0.000352516 	
2.3	3.50171 	-0.148892 	-2.524 	-0.00324781 	-0.176984 	-0.000326377 	
2.305	3.50164 	-0.153159 	-2.52689 	-0.00351817 	-0.177093 	-0.000393852 	
2.31	3.50191 	-0.154111 	-2.52895 	-0.00356255 	-0.177192 	-0.000377436 	
2.315	3.50223 	-0.154717 	-2.53081 	-0.00358035 	-0.177286 	-0.000346963 	
2.32	3.5026 	-0.155083 	-2.53255 	-0.0035794 	-0.177377 	-0.000306648 	
2.325	3.50185 	-0.148439 	-2.53931 	-0.0032578 	-0.177549 	-0.000312298 	
2.33	3.50204 	-0.146974 	-2.54258 	-0.00317607 	-0.177681 	-0.000294446 	
2.335	3.50223 	-0.146144 	-2.54525 	-0.00312262 	-0.177803 	-0.000274117 	
2.34	3.50247 	-0.151202 	-2.54706 	-0.00341332 	-0.177903 	-0.000313866 	
2.345	3.50276 	-0.152245 	-2.54884 	-0.00345729 	-0.178 	-0.000291254 	
2.35	3.50311 	-0.152943 	-2.55048 	-0.00347602 	-0.178093 	-0.000256773 	
2.355	3.50352 	-0.153398 	-2.55205 	-0.00347688 	-0.178183 	-0.000214021 	
2.36	3.50243 	-0.147032 	-2.5599 	-0.00319368 	-0.178365 	-0.00025616 	
2.365	3.50255 	-0.145624 	-2.56341 	-0.00312136 	-0.178502 	-0.000247615 	
2.37	3.50268 	-0.144807 	-2.5662 	-0.00307334 	-0.178627 	-0.000233403 	
2.375	3.50283 	-0.144433 	-2.5685 	-0.00304324 	-0.178743 	-0.000214444 	
2.38	3.50325 	-0.150597 	-2.56975 	-0.00338846 	-0.178846 	-0.000247262 	
2.385	3.50359 	-0.152018 	-2.5712 	-0.00344951 	-0.178941 	-0.00021962 	
2.39	3.50397 	-0.152932 	-2.57259 	-0.00347671 	-0.17903 	-0.000179692 	
2.395	3.50299 	-0.146258 	-2.57931 	-0.00315609 	-0.179195 	-0.000193527 	
2.4	3.5031 	-0.144908 	-2.58239 	-0.00308049 	-0.179323 	-0.000176591 	
2.405	3.50324 	-0.144124 	-2.58488 	-0.00302922 	-0.179441 	-0.000155694 	
2.41	3.50342 	-0.143765 	-2.58697 	-0.00299595 	-0.179551 	-0.000131377 	
2.415	3.50333 	-0.148988 	-2.58956 	-0.00331532 	-0.179663 	-0.000192845 	
2.42	3.50356 	-0.150139 	-2.59136 	-0.0033688 	-0.179762 	-0.000173743 	
2.425	3.50383 	-0.150859 	-2.59295 	-0.00339094 	-0.179855 	-0.000140615 	
2.43	3.50319 	-0.145057 	-2.59808 	-0.00309493 	-0.180001 	-0.000129956 	
2.435	3.50331 	-0.14389 	-2.60067 	-0.00302328 	-0.180119 	-0.000106184 	
2.44	3.50347 	-0.143232 	-2.60282 	-0.00297406 	-0.180228 	-7.96022e-05 	
2.445	3.50368 	-0.142956 	-2.6047 	-0.00294146 	-0.180332 	-5.05337e-05 	
2.45	3.50321 	-0.147269 	-2.60833 	-0.00323464 	-0.180451 	-0.000138273 	
2.455	3.50334 	-0.148187 	-2.61039 	-0.00328203 	-0.180553 	-0.000127222 	
2.46	3.50351 	-0.148744 	-2.61214 	-0.00330036 	-0.180647 	-0.000100578 	
2.465	3.50374 	-0.149053 	-2.61369 	-0.00329826 	-0.180736 	-6.29865e-05 	
2.47	3.50319 	-0.142305 	-2.61858 	-0.00294869 	-0.180888 	-4.70964e-05 	
2.475	3.5033 	-0.140834 	-2.62107 	-0.00286019 	-0.181006 	-2.33726e-05 	
2.48	3.50342 	-0.140021 	-2.62315 	-0.00280264 	-0.181114 	1.34364e-06 	
2.485	3.50328 	-0.145142 	-2.62534 	-0.00311801 	-0.181212 	-5.96022e-05 	
2.49	3.50342 	-0.14617 	-2.62698 	-0.00316554 	-0.181303 	-4.24341e-05 	
2.495	3.50359 	-0.146839 	-2.62844 	-0.00318557 	-0.181387 	-1.20802e-05 	
2.5	3.50381 	-0.147256 	-2.6298 	-0.0031861 	-0.181469 	2.75627e-05 	
2.505	3.50298 	-0.14081 	-2.63496 	-0.00287878 	-0.181611 	3.85936e-06 	
2.51	3.50298 	-0.139415 	-2.63746 	-0.00280135 	-0.181723 	1.68093e-05 	
2.515	3.50299 	-0.138632 	-2.63952 	-0.0027506 	-0.181825 	3.41034e-05 	
2.52	3.50319 	-0.143473 	-2.6406 	-0.00302708 	-0.181908 	6.96523e-06 	
2.525	3.50332 	-0.144484 	-2.64188 	-0.00306806 	-0.181988 	3.09157e-05 	
2.53	3.5035 	-0.145169 	-2.64311 	-0.00308479 	-0.182064 	6.55154e-05 	
2.535	3.5037 	-0.145625 	-2.64433 	-0.0030843 	-0.182138 	0.000107628 	
2.54	3.50392 	-0.145925 	-2.64556 	-0.00307184 	-0.18221 	0.000154927 	
2.545	3.50266 	-0.138321 	-2.65187 	-0.00276295 	-0.182359 	5.03763e-05 	
2.55	3.5025 	-0.136555 	-2.65466 	-0.00268382 	-0.182471 	3.83709e-05 	
2.555	3.50233 	-0.135516 	-2.65689 	-0.00263344 	-0.182573 	3.61217e-05 	
2.56	3.5034 	-0.142113 	-2.65571 	-0.00294819 	-0.182631 	8.01374e-05 	
2.565	3.50363 	-0.143568 	-2.65634 	-0.00299863 	-0.182694 	0.000121479 	
2.57	3.50386 	-0.144578 	-2.65711 	-0.00302146 	-0.182755 	0.00016948 	
2.575	3.50407 	-0.145266 	-2.65803 	-0.00302454 	-0.182814 	0.000221978 	
2.58	3.50267 	-0.137399 	-2.6638 	-0.00272213 	-0.182942 	8.78368e-05 	
2.585	3.50241 	-0.135649 	-2.66631 	-0.00264853 	-0.18304 	6.86108e-05 	
2.59	3.50214 	-0.134601 	-2.66835 	-0.00260108 	-0.18313 	6.14195e-05 	
2.595	3.50342 	-0.140831 	-2.66666 	-0.00288008 	-0.183176 	0.000127497 	
2.6	3.50364 	-0.142221 	-2.6671 	-0.00292324 	-0.183228 	0.000172971 	
2.605	3.50381 	-0.143206 	-2.66775 	-0.00294197 	-0.183279 	0.000223484 	
2.61	3.50395 	-0.143898 	-2.66858 	-0.00294322 	-0.18333 	0.000277349 	
2.615	3.50275 	-0.138039 	-2.67059 	-0.00271682 	-0.183392 	0.000179815 	
2.62	3.50302 	-0.137573 	-2.67112 	-0.00267514 	-0.183447 	0.000205245 	
2.625	-1.78001 	2.66301 	9.57783 	-0.189994 	0.294366 	-0.0573442 	
2.63	-0.805226 	2.26023 	7.96488 	-0.171394 	0.22533 	-0.0368214 	
2.635	-0.82159 	2.29593 	8.3906 	-0.1832 	0.238966 	-0.0272527 	
2.64	-0.774089 	2.37589 	8.77783 	-0.193285 	0.249443 	-0.0211471 	
2.645	-1.08452 	2.07638 	9.43333 	-0.169387 	0.27633 	0.0113946 	
2.65	-1.19486 	2.05018 	9.90844 	-0.165594 	0.29261 	0.0141865 	
2.655	-1.26931 	1.86524 	10.2806 	-0.147829 	0.305754 	0.0146243 	
2.66	-0.838828 	1.59963 	11.3039 	-0.116513 	0.3257 	0.00669296 	
2.665	-0.915656 	1.53904 	11.1727 	-0.108936 	0.324301 	-0.00410482 	
2.67	-0.616889 	1.56934 	10.8918 	-0.118173 	0.31011 	0.00209463 	
2.675	-0.308953 	1.44729 	10.584 	-0.108519 	0.294206 	0.00195474 	
2.68	-0.432187 	1.14095 	10.7676 	-0.078098 	0.302537 	0.00426333 	
2.685	-0.517585 	1.00505 	10.9026 	-0.0630047 	0.30868 	-0.000700631 	
2.69	-0.584198 	0.880134 	11.0097 	-0.0495848 	0.313535 	-0.00363948 	
2.695	-0.644522 	0.779011 	11.1044 	-0.0386065 	0.317863 	-0.00614247 	
2.7	-0.702855 	0.703833 	11.1924 	-0.0301955 	0.321934 	-0.00826068 	
2.705	-0.759927 	0.651024 	11.2751 	-0.024065 	0.325809 	-0.00980109 	
2.71	-0.81289 	0.612913 	11.35 	-0.0196239 	0.329341 	-0.0103622 	
2.715	-0.860259 	0.584606 	11.4161 	-0.0165686 	0.332473 	-0.00954192 	
2.72	-0.904001 	0.564825 	11.4753 	-0.0146392 	0.33531 	-0.00786176 	
2.725	-0.942231 	0.548409 	11.526 	-0.0130854 	0.337742 	-0.00622801 	
2.73	-0.975573 	0.534717 	11.5691 	-0.0117961 	0.339818 	-0.00479965 	
2.735	-1.00508 	0.523874 	11.6061 	-0.0107885 	0.341607 	-0.00351049 	
2.74	-1.01884 	0.542658 	11.6235 	-0.0113324 	0.34235 	-0.00786866 	
2.745	-1.03655 	0.561578 	11.6444 	-0.012151 	0.343312 	-0.0108602 	
2.75	-1.05245 	0.58009 	11.6623 	-0.0130042 	0.344144 	-0.0135887 	
2.755	-1.06639 	0.596877 	11.6772 	-0.0137754 	0.34484 	-0.0160544 	
2.76	-1.07848 	0.611484 	11.6892 	-0.014419 	0.345409 	-0.0182806 	
2.765	-1.0882 	0.624511 	11.698 	-0.0149807 	0.345831 	-0.020336 	
2.77	-1.10903 	0.618688 	11.717 	-0.0140904 	0.346769 	-0.0203886 	
2.775	-1.12556 	0.61723 	11.7313 	-0.0135829 	0.347482 	-0.020774 	
2.78	-1.14099 	0.616706 	11.7441 	-0.0131947 	0.34813 	-0.0211123 	
2.785	-1.1555 	0.616967 	11.7556 	-0.012905 	0.348723 	-0.0214124 	
2.79	-1.16913 	0.617905 	11.7661 	-0.0127034 	0.349265 	-0.0216765 	
2.795	-1.18195 	0.619365 	11.7755 	-0.0125732 	0.349761 	-0.021908 	
2.8	-1.19399 	0.621227 	11.7839 	-0.0125028 	0.350213 	-0.0221082 	
2.805	-1.2053 	0.623365 	11.7914 	-0.0124789 	0.350623 	-0.0222793 	
2.81	-1.21592 	0.625652 	11.7982 	-0.0124867 	0.350996 	-0.0224244 	
2.815	-1.22585 	0.628057 	11.804 	-0.0125253 	0.351331 	-0.0225429 	
2.82	-1.2352 	0.630492 	11.8092 	-0.0125833 	0.351635 	-0.0226381 	
2.825	-1.24395 	0.632973 	11.8137 	-0.0126647 	0.351905 	-0.022709 	
2.83	-0.925769 	0.146557 	11.3946 	0.0382568 	0.330928 	-0.0239388 	
2.835	-0.674383 	-0.143633 	11.0892 	0.0657105 	0.315589 	-0.0221288 	
2.84	-0.888175 	0.570704 	11.8201 	-0.0134862 	0.34354 	-0.00926361 	
2.845	-0.780658 	0.864018 	11.5179 	-0.0456553 	0.332528 	-0.00506256 	
2.85	-0.72837 	0.748076 	11.4252 	-0.0310689 	0.328047 	-0.00724879 	
2.855	-0.628017 	0.200694 	11.186 	0.0314494 	0.317275 	-0.0161617 	
2.86	-0.544204 	-0.211099 	11.0222 	0.0721556 	0.310005 	-0.0186173 	
2.865	-0.461982 	-0.580895 	10.8766 	0.106111 	0.30336 	-0.0193878 	
2.87	-0.397758 	-0.889297 	10.7539 	0.135295 	0.297789 	-0.020529 	
2.875	-0.863779 	0.0965458 	12.2523 	0.0286792 	0.35353 	-0.00410254 	
2.88	-0.715653 	0.420364 	11.7273 	-0.00673441 	0.334851 	-0.00064617 	
2.885	-0.676862 	0.763634 	11.576 	-0.0424908 	0.329647 	0.00273512 	
2.89	-0.444338 	0.715927 	10.6703 	-0.0623803 	0.299953 	0.0163582 	
2.895	-0.43567 	0.142812 	10.7141 	0.0108688 	0.299108 	0.00238642 	
2.9	-0.391874 	-0.256778 	10.6233 	0.054441 	0.294818 	-0.00280515 	
2.905	-0.166502 	-0.309889 	10.3865 	0.0612331 	0.282023 	-0.00542934 	
2.91	0.140718 	-0.241805 	10.0481 	0.0508083 	0.264682 	-0.00445461 	
2.915	-1.41897 	0.262789 	11.6126 	0.018419 	0.338549 	-0.0094837 	
2.92	-1.27693 	0.411441 	11.4681 	-0.00349973 	0.328149 	0.00732556 	
2.925	-1.37318 	0.541704 	11.553 	-0.0183288 	0.329129 	0.0158166 	
2.93	-1.42553 	0.874986 	11.6557 	-0.051294 	0.339455 	0.0189922 	
2.935	-1.45126 	1.08503 	11.7085 	-0.0725242 	0.344663 	0.0227238 	
2.94	-1.47634 	0.895998 	11.682 	-0.0527195 	0.336649 	0.0184811 	
2.945	-1.49863 	0.811454 	11.6743 	-0.0436675 	0.332345 	0.016125 	
2.95	-1.51823 	0.741301 	11.6675 	-0.0361266 	0.328675 	0.0140459 	
2.955	-1.53562 	0.683396 	11.6617 	-0.0298894 	0.325556 	0.0122673 	
2.96	-1.53441 	1.02003 	11.7146 	-0.063993 	0.334907 	0.0172658 	
2.965	-1.60381 	1.17981 	11.8139 	-0.0794396 	0.343048 	0.0187279 	
2.97	-1.53584 	1.06682 	11.7687 	-0.0668562 	0.34196 	0.0125808 	
2.975	-1.49936 	1.01886 	11.7509 	-0.0610916 	0.342419 	0.00875784 	
2.98	-1.43241 	0.986548 	11.7008 	-0.057403 	0.341487 	0.00632995 	
2.985	-1.87398 	0.802821 	12.1512 	-0.0338386 	0.361258 	-0.00457541 	
2.99	-1.69991 	0.82329 	11.9871 	-0.0367756 	0.355055 	-0.00388624 	
2.995	-1.64037 	0.806357 	11.934 	-0.0349463 	0.353379 	-0.00500006 	
3	-1.58995 	0.790531 	11.8884 	-0.0332746 	0.351934 	-0.00580131 	
3.005	-1.86022 	0.506312 	12.1381 	-0.00138094 	0.359048 	-0.00685492 	
3.01	-1.74889 	0.575939 	12.0141 	-0.00991515 	0.353418 	-0.00536274 	
3.015	-1.73834 	0.593527 	11.9834 	-0.0132234 	0.351127 	0.000113085 	
3.02	-1.74049 	0.615327 	11.9649 	-0.0170748 	0.349423 	0.00651484 	
3.025	-1.74562 	0.636674 	11.9503 	-0.0206974 	0.347947 	0.0123241 	
3.03	-1.74445 	0.651876 	11.933 	-0.0232651 	0.34654 	0.0162842 	
3.035	-1.69809 	0.677338 	11.8962 	-0.0242798 	0.345899 	0.00966893 	
3.04	-1.58709 	0.852311 	11.7871 	-0.0424377 	0.342878 	0.00597069 	
3.045	-1.59312 	0.896716 	11.7867 	-0.0447562 	0.342436 	-0.000396275 	
3.05	-1.62871 	0.677549 	11.7715 	-0.0181291 	0.338568 	-0.014594 	
3.055	-1.65179 	0.753357 	11.7488 	-0.0264948 	0.333141 	-0.0125652 	
3.06	-1.63147 	0.745922 	11.7309 	-0.0256843 	0.332959 	-0.013296 	
3.065	-1.56467 	0.676521 	11.6686 	-0.0211662 	0.329564 	-0.00401329 	
3.07	-1.57022 	0.690058 	11.6718 	-0.0222874 	0.330094 	-0.00546764 	
3.075	-1.57168 	0.729176 	11.6766 	-0.0272334 	0.33081 	-0.00290117 	
3.08	-1.54421 	0.38513 	11.5878 	0.00827525 	0.323899 	-0.00928872 	
3.085	-1.56778 	0.329954 	11.5529 	0.0129749 	0.317253 	-0.00715089 	
3.09	-1.59995 	0.389914 	11.5639 	0.00706745 	0.31589 	-0.00731555 	
3.095	-1.63058 	0.497346 	11.5733 	-0.00297833 	0.314592 	-0.00946342 	
3.1	-1.66774 	0.575609 	11.5943 	-0.0119255 	0.314694 	-0.00441497 	
3.105	-1.67562 	0.488672 	11.5878 	0.000616506 	0.314809 	-0.0176873 	
3.11	-1.72706 	0.699216 	11.6131 	-0.0214618 	0.313673 	-0.0127567 	
3.115	-1.73159 	0.749967 	11.609 	-0.0259245 	0.312847 	-0.0150282 	
3.12	-1.77802 	0.904902 	11.6304 	-0.0417418 	0.312098 	-0.0123392 	
3.125	-1.75958 	0.858283 	11.6091 	-0.0363683 	0.310932 	-0.0155959 	
3.13	-1.75485 	0.850564 	11.5973 	-0.0351495 	0.31 	-0.0173902 	
3.135	-1.7512 	0.84369 	11.5865 	-0.0340825 	0.309159 	-0.0189019 	
3.14	-1.64701 	0.490421 	11.4379 	-0.00053561 	0.300595 	-0.017532 	
3.145	-1.60855 	0.494456 	11.4434 	-0.00168212 	0.304701 	-0.0138866 	
3.15	-1.64024 	0.527106 	11.4775 	-0.00528646 	0.306857 	-0.0124332 	
3.155	-1.651 	0.53387 	11.4969 	-0.00616163 	0.309 	-0.0116554 	
3.16	-1.65828 	0.540779 	11.5107 	-0.0072069 	0.310642 	-0.0103606 	
3.165	-1.637 	0.510227 	11.5159 	-0.00454207 	0.313717 	-0.0094072 	
3.17	-1.70194 	0.45806 	11.6182 	0.000587705 	0.314608 	-0.00767439 	
3.175	-1.66338 	0.502975 	11.5902 	-0.00387964 	0.317338 	-0.00805767 	
3.18	-1.69787 	0.597049 	11.5809 	-0.0124108 	0.314122 	-0.0107713 	
3.185	-1.65988 	0.555426 	11.5645 	-0.00914318 	0.316293 	-0.00790716 	
3.19	-1.69702 	0.655317 	11.5599 	-0.0180783 	0.313387 	-0.0113029 	
3.195	-1.70082 	0.619486 	11.549 	-0.0148612 	0.312546 	-0.0101875 	
3.2	-1.67269 	0.646567 	11.5471 	-0.0179843 	0.315716 	-0.00906058 	
3.205	-1.68252 	0.640783 	11.5554 	-0.0181366 	0.316672 	-0.00600679 	
3.21	-1.68844 	0.619681 	11.5503 	-0.0162169 	0.316361 	-0.00541002 	
3.215	-1.73401 	0.796966 	11.5987 	-0.03595 	0.320442 	0.00439605 	
3.22	-1.74024 	0.828073 	11.608 	-0.0391745 	0.322033 	0.0057215 	
3.225	-1.71863 	0.753057 	11.5912 	-0.0309408 	0.322183 	0.00172888 	
3.23	-1.70726 	0.712503 	11.5823 	-0.0264689 	0.322598 	-0.000378672 	
3.235	-1.6982 	0.678828 	11.5744 	-0.0227181 	0.322928 	-0.00216313 	
3.24	-1.6692 	0.564738 	11.5288 	-0.0110149 	0.320732 	-0.00509198 	
3.245	-1.67308 	0.574917 	11.5383 	-0.0123387 	0.32203 	-0.00374216 	
3.25	-1.67227 	0.566912 	11.5387 	-0.0118814 	0.322699 	-0.00250143 	
3.255	-1.67175 	0.559445 	11.538 	-0.0113829 	0.3232 	-0.001614 	
3.26	-1.66879 	0.550693 	11.5367 	-0.0107316 	0.323833 	-0.000861994 	
3.265	-1.66655 	0.540242 	11.5345 	-0.0100516 	0.324303 	0.000412637 	
3.27	-1.66495 	0.530913 	11.5322 	-0.0094815 	0.324696 	0.00170513 	
3.275	-1.66389 	0.522528 	11.5297 	-0.00895714 	0.325013 	0.00286007 	
3.28	-1.66331 	0.515498 	11.5271 	-0.00848277 	0.325271 	0.00370945 	
3.285	-1.6632 	0.509531 	11.5245 	-0.00807139 	0.325485 	0.00441126 	
3.29	-1.66524 	0.50463 	11.5207 	-0.00740089 	0.325343 	0.00381518 	
3.295	-1.66699 	0.499894 	11.5173 	-0.00689454 	0.32529 	0.00376455 	
3.3	-1.66867 	0.494877 	11.5139 	-0.00638949 	0.32523 	0.00380941 	
3.305	-1.67251 	0.497201 	11.5114 	-0.00631348 	0.325086 	0.00280716 	
3.31	-1.57131 	0.16894 	11.3698 	0.0248906 	0.317308 	0.00354854 	
3.315	-1.6196 	0.287809 	11.4177 	0.0138109 	0.319287 	0.00252909 	
3.32	-1.82866 	0.52178 	11.6736 	-0.00204111 	0.326434 	-0.0175462 	
3.325	-1.74039 	0.353186 	11.5325 	0.0137235 	0.319632 	-0.018192 	
3.33	-1.63626 	0.0670063 	11.3991 	0.0394658 	0.313683 	-0.0135523 	
3.335	-1.56255 	-0.124706 	11.2958 	0.0575289 	0.308579 	-0.0139725 	
3.34	-1.63902 	0.0223848 	11.3419 	0.0426158 	0.308065 	-0.0110009 	
3.345	-1.67775 	0.0862982 	11.3549 	0.0358345 	0.306918 	-0.00884196 	
3.35	-1.70993 	0.137337 	11.3645 	0.0303823 	0.305917 	-0.00697294 	
3.355	-1.73434 	0.171288 	11.3693 	0.0266434 	0.305015 	-0.00532652 	
3.36	-1.78136 	0.207131 	11.3997 	0.020702 	0.305984 	0.00476532 	
3.365	-1.63409 	-0.0815449 	11.2439 	0.048817 	0.300244 	0.000648673 	
3.37	-1.70815 	0.236478 	11.3464 	0.0169882 	0.308276 	0.00572269 	
3.375	-1.74045 	0.429943 	11.3921 	-0.00202536 	0.312426 	0.00708772 	
3.38	-1.75231 	0.543063 	11.4202 	-0.0129925 	0.315855 	0.00730082 	
3.385	-1.73063 	0.502727 	11.4183 	-0.00852971 	0.317733 	0.0052285 	
3.39	-1.76809 	0.656108 	11.4552 	-0.0239172 	0.32026 	0.00786468 	
3.395	-1.74111 	0.596828 	11.4406 	-0.0169764 	0.320836 	0.00309844 	
3.4	-1.72857 	0.577703 	11.4355 	-0.0143894 	0.321585 	0.000291111 	
3.405	-1.71845 	0.56155 	11.4308 	-0.0121913 	0.322201 	-0.00209375 	
3.41	-1.70772 	0.537604 	11.4198 	-0.0093245 	0.322034 	-0.0043825 	
3.415	-1.72887 	0.54356 	11.4303 	-0.0102521 	0.321852 	-0.00245432 	
3.42	-1.7122 	0.516967 	11.416 	-0.00705589 	0.321873 	-0.00520733 	
3.425	-1.70453 	0.500343 	11.4073 	-0.0050505 	0.321839 	-0.00685124 	
3.43	-1.69812 	0.516036 	11.3987 	-0.00588949 	0.321659 	-0.0096697 	
3.435	-1.70158 	0.546894 	11.4034 	-0.00849564 	0.322413 	-0.0109751 	
3.44	-1.72546 	0.532703 	11.4149 	-0.00828826 	0.322552 	-0.00588814 	
3.445	-1.74123 	0.50255 	11.4215 	-0.00635345 	0.322729 	-0.00162547 	
3.45	-1.75121 	0.50599 	11.42 	-0.00663997 	0.322095 	-0.00171976 	
3.455	-1.76044 	0.504036 	11.4189 	-0.00653173 	0.321637 	-0.00128707 	
3.46	-1.76782 	0.503587 	11.4183 	-0.00656143 	0.321419 	-0.000858592 	
3.465	-1.77488 	0.503025 	11.4172 	-0.00656969 	0.32117 	-0.000497891 	
3.47	-1.81066 	0.732463 	11.4466 	-0.028606 	0.323068 	-0.000880598 	
3.475	-1.81405 	0.657652 	11.4333 	-0.0213191 	0.321252 	-0.000720305 	
3.48	-1.8193 	0.642446 	11.4303 	-0.0198163 	0.32086 	-0.000491147 	
3.485	-1.82904 	0.648815 	11.4367 	-0.0208836 	0.321568 	0.00176786 	
3.49	-1.83578 	0.691956 	11.4568 	-0.0260648 	0.324703 	0.00622144 	
3.495	-1.82584 	0.683199 	11.456 	-0.0254325 	0.326172 	0.00717666 	
3.5	-1.76877 	0.671202 	11.4526 	-0.0249338 	0.331156 	0.00889119 	
3.505	-1.73897 	0.641129 	11.4521 	-0.0216229 	0.334096 	0.00737373 	
3.51	-1.71398 	0.627191 	11.4522 	-0.0201883 	0.336898 	0.00704304 	
3.515	-1.6571 	0.565239 	11.4159 	-0.0140852 	0.337911 	0.00711331 	
3.52	-1.63571 	0.55589 	11.4175 	-0.0131097 	0.340548 	0.00678778 	
3.525	-1.65706 	0.604653 	11.4462 	-0.0181928 	0.342862 	0.00773496 	
3.53	-1.73096 	0.682859 	11.4632 	-0.0270749 	0.340631 	0.0142103 	
3.535	-1.74796 	0.615051 	11.4367 	-0.018695 	0.335598 	0.00690013 	
3.54	-1.9678 	0.863031 	11.7173 	-0.0403127 	0.346449 	0.00565456 	
3.545	-1.94508 	0.871252 	11.6441 	-0.0430287 	0.342365 	0.0114001 	
3.55	-1.96028 	0.908167 	11.6315 	-0.0474724 	0.34094 	0.0148228 	
3.555	-1.87273 	0.669531 	11.5419 	-0.0216977 	0.336406 	0.0035398 	
3.56	-1.84635 	0.575213 	11.4999 	-0.011527 	0.333798 	-0.00111342 	
3.565	-1.81705 	0.488224 	11.4582 	-0.00234798 	0.331308 	-0.00468353 	
3.57	-1.81873 	0.490166 	11.442 	-0.00298751 	0.329931 	-0.00358123 	
3.575	-1.82037 	0.474462 	11.419 	-0.00159761 	0.327998 	-0.00389025 	
3.58	-1.81534 	0.448927 	11.3972 	0.000915859 	0.326442 	-0.00465112 	
3.585	-1.8512 	0.545932 	11.4129 	-0.00939 	0.326143 	-0.0007968 	
3.59	-1.83681 	0.510371 	11.3945 	-0.00586748 	0.325553 	-0.00157974 	
3.595	-1.72261 	0.651333 	11.3458 	-0.024504 	0.328617 	0.0130812 	
3.6	-1.75893 	0.585696 	11.347 	-0.0164697 	0.326545 	0.00786916 	
3.605	-1.83243 	0.760841 	11.3891 	-0.0341921 	0.327393 	0.0125259 	
3.61	-1.81804 	0.682795 	11.3728 	-0.0257839 	0.327048 	0.00897759 	
3.615	-1.78493 	0.689814 	11.3911 	-0.0263461 	0.332835 	0.00812433 	
3.62	-1.75848 	0.676058 	11.3938 	-0.0247845 	0.336128 	0.00727992 	
3.625	-1.73526 	0.662063 	11.3943 	-0.0232269 	0.338852 	0.0065956 	
3.63	-1.71416 	0.648437 	11.3926 	-0.0217361 	0.341067 	0.00608855 	
3.635	-1.6958 	0.635033 	11.39 	-0.0203005 	0.342928 	0.00568163 	
3.64	-1.68535 	0.625282 	11.3874 	-0.0192174 	0.344054 	0.00533176 	
3.645	-1.70225 	0.649167 	11.3892 	-0.0216249 	0.343377 	0.0059091 	
3.65	-1.64773 	0.242872 	11.3936 	0.0197924 	0.340208 	-0.00501057 	
3.655	2.42011 	-0.321572 	11.5689 	0.0693659 	0.743478 	-0.02035 	
3.66	1.02217 	-0.0524719 	11.5074 	0.0447953 	0.606951 	-0.0130788 	
3.665	0.524678 	0.141432 	11.4947 	0.0263962 	0.561112 	-0.00934162 	
3.67	0.118554 	0.178393 	11.4921 	0.0223145 	0.524949 	-0.00271807 	
3.675	-0.239052 	0.197579 	11.5087 	0.0181407 	0.495937 	0.00909591 	
3.68	-0.487185 	0.25976 	11.4693 	0.0136494 	0.468172 	0.00559485 	
3.685	-0.719702 	0.295446 	11.4383 	0.0108741 	0.443247 	0.00496946 	
3.69	-0.895258 	0.306107 	11.4095 	0.0104516 	0.42374 	0.00398078 	
3.695	-1.10709 	0.377236 	11.4301 	0.00133015 	0.408801 	0.0153862 	
3.7	-1.24653 	0.393684 	11.4131 	-7.94722e-05 	0.394373 	0.0160172 	
3.705	-1.34633 	0.373246 	11.3834 	0.00257735 	0.381569 	0.013901 	
3.71	-1.43919 	0.3675 	11.3635 	0.00351392 	0.370835 	0.013015 	
3.715	-1.51487 	0.372779 	11.3424 	0.00380569 	0.361407 	0.010404 	
3.72	-1.57874 	0.372675 	11.3224 	0.00443018 	0.353293 	0.00843606 	
3.725	-1.63464 	0.374306 	11.3057 	0.00479064 	0.34637 	0.00679134 	
3.73	-1.68303 	0.376295 	11.291 	0.00502988 	0.340436 	0.00540435 	
3.735	-1.72514 	0.378852 	11.2782 	0.00514162 	0.33535 	0.0042276 	
3.74	-1.76656 	0.364845 	11.2726 	0.00612973 	0.331478 	0.00594652 	
3.745	-1.82993 	0.404361 	11.2746 	0.00214816 	0.326753 	0.0073163 	
3.75	-1.85605 	0.410716 	11.2626 	0.00201227 	0.323217 	0.00555589 	
3.755	-1.86105 	0.427301 	11.263 	0.00066421 	0.323281 	0.00474947 	
3.76	-1.87022 	0.440037 	11.261 	-0.00033075 	0.322678 	0.00402457 	
3.765	-1.87868 	0.451067 	11.2587 	-0.00119055 	0.322122 	0.00340362 	
3.77	-1.88551 	0.463381 	11.2554 	-0.00217058 	0.32158 	0.00272177 	
3.775	-1.88498 	0.460111 	11.2525 	-0.00162913 	0.321661 	0.00205522 	
3.78	-1.92291 	0.491578 	11.2453 	-0.00436247 	0.317826 	0.00137707 	
3.785	-1.82621 	0.495968 	11.2493 	-0.00527552 	0.327678 	0.00252115 	
3.79	-1.87524 	0.482844 	11.2339 	-0.00225045 	0.321683 	-0.00253299 	
3.795	-1.89985 	0.47552 	11.2253 	-0.00183046 	0.318849 	-0.00165411 	
3.8	-1.92065 	0.469185 	11.2171 	-0.00118961 	0.31641 	-0.00170719 	
3.805	-1.92705 	0.326829 	11.1987 	0.0139081 	0.314841 	-0.0119782 	
3.81	-1.83871 	0.389672 	11.2126 	0.00683505 	0.324963 	-0.00704549 	
3.815	-1.87575 	0.400192 	11.2116 	0.00583173 	0.321915 	-0.00618079 	
3.82	-1.88853 	0.412838 	11.211 	0.00454409 	0.321132 	-0.00538012 	
3.825	-1.68555 	0.399099 	11.221 	0.00519286 	0.341244 	-0.00419704 	
3.83	-1.56096 	0.39362 	11.2273 	0.00530419 	0.353841 	-0.00335024 	
3.835	-1.4515 	0.387024 	11.2328 	0.00562306 	0.365018 	-0.00283666 	
3.84	-1.3517 	0.380729 	11.2373 	0.00592318 	0.375116 	-0.00231399 	
3.845	-1.26205 	0.374524 	11.2412 	0.00624579 	0.384163 	-0.00186612 	
3.85	-1.18221 	0.368642 	11.2443 	0.00656039 	0.39221 	-0.00145768 	
3.855	-1.11176 	0.363226 	11.2468 	0.00685868 	0.399302 	-0.00110483 	
3.86	-1.05007 	0.358249 	11.2487 	0.00714223 	0.405513 	-0.00080439 	
3.865	-0.995761 	0.353589 	11.25 	0.0074056 	0.410937 	-0.00050424 	
3.87	-1.18778 	0.38021 	11.2382 	0.00534339 	0.392502 	-0.000580769 	
3.875	-1.30484 	0.396673 	11.23 	0.00405296 	0.381306 	-0.000585988 	
3.88	-1.40499 	0.410311 	11.2223 	0.00299284 	0.371718 	-0.0005995 	
3.885	-1.49103 	0.422401 	11.2153 	0.00204526 	0.363524 	-0.000605619 	
3.89	-1.5656 	0.4347 	11.2097 	0.00104428 	0.356554 	-0.000578811 	
3.895	-1.64279 	0.427645 	11.191 	0.00192617 	0.347624 	-0.000934904 	
3.9	-1.70184 	0.427459 	11.1785 	0.00209958 	0.34119 	-0.00117968 	
3.905	2.50567 	-0.17486 	11.5007 	0.0540604 	0.767312 	-0.0148768 	
3.91	0.919514 	0.230664 	11.4283 	0.0165049 	0.614944 	-0.0051888 	
3.915	0.490088 	0.220334 	11.3724 	0.018436 	0.568287 	-0.00555008 	
3.92	0.109924 	0.257652 	11.3351 	0.0153571 	0.528898 	-0.00434589 	
3.925	-0.214551 	0.287101 	11.3023 	0.0129945 	0.495231 	-0.0034503 	
3.93	-0.503373 	0.317295 	11.2794 	0.0102597 	0.466465 	-0.00147544 	
3.935	-0.731059 	0.345468 	11.2596 	0.00807791 	0.443383 	-0.00151129 	
3.94	-0.914425 	0.367415 	11.2441 	0.00641395 	0.425032 	-0.00159348 	
3.945	-1.08549 	0.387879 	11.2308 	0.0046401 	0.408145 	-0.000690582 	
3.95	-1.22832 	0.404098 	11.2177 	0.0033721 	0.393811 	-0.000463096 	
3.955	-1.35043 	0.417673 	11.2057 	0.00232904 	0.381533 	-0.000308375 	
3.96	-1.45583 	0.430507 	11.1957 	0.00130754 	0.371067 	-0.000128525 	
3.965	-1.54507 	0.439841 	11.1852 	0.000617121 	0.362036 	-8.23442e-05 	
3.97	-1.62167 	0.448193 	11.1756 	-4.17001e-06 	0.354297 	-7.29697e-05 	
3.975	-1.68747 	0.455508 	11.1668 	-0.000550837 	0.347661 	-8.40917e-05 	
3.98	-1.74882 	0.450019 	11.1508 	0.000120698 	0.340492 	-0.000369012 	
3.985	-1.80649 	0.448694 	11.1378 	0.000355308 	0.334092 	-0.000479061 	
3.99	-1.84706 	0.457912 	11.1334 	-0.000453299 	0.330363 	-0.000395643 	
3.995	-1.88381 	0.463854 	11.1277 	-0.000946232 	0.326818 	-0.000369431 	
4	-1.91686 	0.470261 	11.1223 	-0.00148711 	0.323663 	-0.00034811 	
4.005	-1.93901 	0.46714 	11.1148 	-0.00110777 	0.321211 	-0.0004779 	
4.01	-1.96078 	0.468964 	11.1097 	-0.0012422 	0.319114 	-0.000476687 	
4.015	-1.90908 	0.459629 	11.1031 	1.16895e-05 	0.323174 	-0.00275469 	
4.02	-1.7031 	0.431972 	11.118 	0.0021221 	0.344129 	-0.00237977 	
4.025	-1.55957 	0.412663 	11.1267 	0.00364349 	0.358589 	-0.00238145 	
4.03	-1.60113 	0.411703 	11.1127 	0.00356356 	0.353339 	-0.00156954 	
4.035	-1.4342 	0.390488 	11.1228 	0.00484489 	0.369571 	-0.000240616 	
4.04	-1.33667 	0.381107 	11.1308 	0.00563899 	0.379964 	-0.000656016 	
4.045	-1.25144 	0.37131 	11.1365 	0.0064295 	0.388846 	-0.000805462 	
4.05	-1.36567 	0.369103 	11.1203 	0.00835329 	0.377317 	-0.00691845 	
4.055	-0.972308 	0.323896 	11.1558 	0.0114742 	0.417652 	-0.00546425 	
4.06	-0.92181 	-0.0343517 	10.9086 	0.0436033 	0.390442 	-0.0029981 	
4.065	-1.06353 	0.0956237 	10.9697 	0.0317711 	0.38594 	-0.00244349 	
4.07	-1.14424 	0.180473 	10.9917 	0.0237332 	0.382388 	-0.00110581 	
4.075	-1.20192 	0.193651 	10.9903 	0.0221152 	0.377073 	0.000956105 	
4.08	-1.25376 	0.214735 	10.9919 	0.01987 	0.372876 	0.00251361 	
4.085	-1.29843 	0.232724 	10.9928 	0.0179499 	0.369262 	0.00385263 	
4.09	-1.28368 	0.325606 	11.0385 	0.00912073 	0.377525 	0.00419549 	
4.095	-1.30757 	0.331624 	11.0474 	0.00926445 	0.376757 	0.00241717 	
4.1	1.28045 	-0.118455 	11.2597 	0.0491674 	0.638285 	-0.00883851 	
4.105	0.485583 	0.0485104 	11.2108 	0.0340849 	0.560228 	-0.00421809 	
4.11	0.0986762 	0.154238 	11.2175 	0.0248182 	0.526649 	-0.00340668 	
4.115	-0.23682 	0.306094 	11.2759 	0.0106139 	0.504524 	-0.00203778 	
4.12	-0.492664 	0.383097 	11.2845 	0.00374743 	0.482995 	-0.00135499 	
4.125	-0.6873 	0.406244 	11.2587 	0.00208137 	0.462475 	-0.000861693 	
4.13	-0.9597 	0.545195 	11.308 	-0.0115772 	0.446425 	0.00392601 	
4.135	-1.16952 	0.610193 	11.3277 	-0.0180258 	0.43155 	0.00787606 	
4.14	-1.29916 	0.619484 	11.2885 	-0.0181993 	0.414854 	0.00667204 	
4.145	-1.42016 	0.637428 	11.2656 	-0.0194664 	0.401384 	0.00650505 	
4.15	-1.5238 	0.652416 	11.2454 	-0.0205046 	0.389845 	0.00635031 	
4.155	-1.61269 	0.665236 	11.2275 	-0.0213812 	0.379964 	0.00620843 	
4.16	-1.68924 	0.677385 	11.212 	-0.0222416 	0.371541 	0.00609634 	
4.165	-1.70557 	0.661395 	11.1999 	-0.0204339 	0.368631 	0.00531817 	
4.17	-1.7297 	0.65313 	11.1888 	-0.0194062 	0.365292 	0.00478372 	
4.175	-1.75062 	0.646174 	11.1789 	-0.0185315 	0.362435 	0.00432336 	
4.18	-1.76877 	0.640334 	11.17 	-0.0177871 	0.359991 	0.00392652 	
4.185	-1.7846 	0.635523 	11.1621 	-0.0171607 	0.357904 	0.00358289 	
4.19	-1.79778 	0.631113 	11.1548 	-0.0165897 	0.356181 	0.00329608 	
4.195	-1.80942 	0.627553 	11.1482 	-0.016114 	0.354696 	0.00304295 	
4.2	-1.81962 	0.624608 	11.1421 	-0.0157091 	0.353424 	0.00282172 	
4.205	-1.87817 	0.600621 	11.1128 	-0.0132512 	0.34493 	0.00223516 	
4.21	-1.91875 	0.584232 	11.0919 	-0.0115705 	0.339109 	0.00182274 	
4.215	-1.95384 	0.570169 	11.0733 	-0.0101249 	0.334085 	0.00145258 	
4.22	-1.98393 	0.557887 	11.0564 	-0.00884013 	0.329712 	0.00103362 	
4.225	-2.00847 	0.546851 	11.0422 	-0.007744 	0.326224 	0.000882171 	
4.23	-2.04544 	0.527658 	11.0189 	-0.00583627 	0.32044 	0.000451431 	
4.235	-2.05317 	0.527426 	11.0163 	-0.0057807 	0.320009 	0.000419627 	
4.24	-2.02691 	0.510695 	11.0022 	-0.00449099 	0.320809 	0.000948018 	
4.245	-2.00471 	0.488429 	10.9876 	-0.00262509 	0.321203 	0.000752746 	
4.25	-1.98435 	0.474107 	10.9745 	-0.00147245 	0.32159 	0.0011643 	
4.255	-1.96835 	0.461723 	10.9628 	-0.000487348 	0.321831 	0.00147729 	
4.26	-1.99334 	0.636536 	11.0717 	-0.00935212 	0.334956 	-0.0113911 	
4.265	-1.95293 	0.563114 	11.0247 	-0.00520151 	0.33262 	-0.00686685 	
4.27	-1.95859 	0.556871 	11.0178 	-0.00446245 	0.331837 	-0.00889404 	
4.275	-1.96138 	0.536033 	10.9965 	-0.00331358 	0.329142 	-0.0071385 	
4.28	-1.96306 	0.520452 	10.9803 	-0.00238821 	0.327286 	-0.00620763 	
4.285	-1.95073 	0.502477 	10.967 	-0.00116999 	0.327066 	-0.00561732 	
4.29	-1.95226 	0.499676 	10.9628 	-0.000835213 	0.326612 	-0.00664336 	
4.295	-1.78389 	0.476242 	10.9759 	0.0010196 	0.343799 	-0.00719702 	
4.3	-1.76735 	0.416557 	10.9196 	0.00339917 	0.337637 	0.00351197 	
4.305	-1.70817 	0.430785 	10.9416 	0.0030141 	0.346416 	-0.000736455 	
4.31	-1.76196 	0.441206 	10.9338 	0.0023242 	0.341144 	-0.00190747 	
4.315	-1.71529 	0.437512 	10.9375 	0.00274474 	0.346351 	-0.00291115 	
4.32	-1.67817 	0.435225 	10.9395 	0.00309933 	0.350527 	-0.00398199 	
4.325	0.148834 	0.16699 	11.1479 	0.025385 	0.540883 	-0.00799836 	
4.33	-0.688404 	0.806841 	11.3995 	-0.0321782 	0.497471 	-0.00570075 	
4.335	-0.861965 	0.655121 	11.2581 	-0.0178959 	0.464618 	-0.00660253 	
4.34	-1.03866 	0.631791 	11.2027 	-0.0154288 	0.44222 	-0.00701099 	
4.345	-1.18967 	0.611758 	11.1548 	-0.0133175 	0.423089 	-0.0073682 	
4.35	-1.31852 	0.594595 	11.1134 	-0.0115149 	0.406763 	-0.00761384 	
4.355	-1.38426 	0.480897 	11.0189 	-0.000663411 	0.389397 	-0.00956753 	
4.36	-1.4937 	0.497691 	11.0034 	-0.0018364 	0.378022 	-0.0102166 	
4.365	0.0526947 	0.252803 	11.1747 	0.0189663 	0.537783 	-0.0146292 	
4.37	-0.580901 	0.331517 	11.0864 	0.0127541 	0.470496 	-0.0140621 	
4.375	-0.0601173 	0.238605 	11.1355 	0.0202216 	0.523781 	-0.01379 	
4.38	-0.524369 	0.410763 	11.0787 	0.00470371 	0.476511 	-0.0103062 	
4.385	-0.780675 	0.515002 	11.0555 	-0.00476351 	0.452088 	-0.00775381 	
4.39	-0.902338 	0.474896 	11.0283 	-0.00116854 	0.437776 	-0.00706535 	
4.395	-1.01286 	0.465538 	11.0055 	-0.000376058 	0.42535 	-0.00641875 	
4.4	-1.15951 	0.47018 	10.9859 	-0.000601894 	0.410246 	-0.00617157 	
4.405	-1.305 	0.473526 	10.9676 	-0.000765529 	0.395446 	-0.00571912 	
4.41	-1.42353 	0.475943 	10.9516 	-0.000868438 	0.383326 	-0.00536981 	
4.415	-1.50432 	0.461723 	10.9278 	0.00015156 	0.373267 	-0.00400356 	
4.42	-1.57747 	0.45263 	10.9087 	0.000813291 	0.364609 	-0.00305157 	
4.425	-1.63989 	0.444639 	10.8917 	0.00139492 	0.357205 	-0.00223652 	
4.43	-1.70737 	0.442884 	10.8752 	0.00133714 	0.349535 	-0.00109119 	
4.435	-1.74011 	0.438641 	10.8644 	0.00155652 	0.34571 	-0.000349814 	
4.44	-1.81688 	0.445785 	10.859 	0.0012762 	0.338844 	-0.00105097 	
4.445	0.830196 	0.0559839 	11.1828 	0.0335361 	0.61511 	-0.00701077 	
4.45	-0.154574 	0.202026 	11.0676 	0.0215643 	0.513678 	-0.00504765 	
4.455	-0.440786 	0.243412 	11.0336 	0.018292 	0.484372 	-0.00486467 	
4.46	-0.689087 	0.279565 	11.004 	0.0154128 	0.459025 	-0.00463414 	
4.465	-0.901474 	0.310452 	10.978 	0.0129519 	0.437351 	-0.00443127 	
4.47	-1.08321 	0.336919 	10.9553 	0.0108391 	0.418816 	-0.00425085 	
4.475	-1.23578 	0.35834 	10.9365 	0.00910654 	0.403395 	-0.00398516 	
4.48	-1.36649 	0.376812 	10.9194 	0.00761775 	0.390144 	-0.0037909 	
4.485	-1.48682 	0.390049 	10.9041 	0.00656748 	0.378032 	-0.00348779 	
4.49	-1.58851 	0.402458 	10.8908 	0.00556921 	0.367844 	-0.00324974 	
4.495	-1.67489 	0.411856 	10.8781 	0.00482639 	0.359094 	-0.00306473 	
4.5	-1.74065 	0.422528 	10.8667 	0.00396397 	0.352345 	-0.00305529 	
4.505	-1.79882 	0.431075 	10.8562 	0.00328181 	0.346386 	-0.00302781 	
4.51	-1.84886 	0.438299 	10.8465 	0.00270924 	0.341247 	-0.00301626 	
4.515	-1.89903 	0.445021 	10.8362 	0.00219313 	0.336002 	-0.00305441 	
4.52	-1.9536 	0.455187 	10.827 	0.00131839 	0.330617 	-0.0028362 	
4.525	-1.98903 	0.46803 	10.8225 	4.15965e-05 	0.327394 	-0.00217213 	
4.53	-2.00101 	0.478152 	10.8143 	-0.000478935 	0.325434 	-0.00378555 	
4.535	-2.0009 	0.474391 	10.8146 	-0.000330883 	0.326015 	-0.00293441 	
4.54	-2.00318 	0.473452 	10.813 	-0.000325889 	0.32608 	-0.00256474 	
4.545	-1.47419 	0.393268 	10.8692 	0.00657103 	0.380291 	-0.00493881 	
4.55	-1.54553 	0.40111 	10.8501 	0.00624667 	0.371758 	-0.0061698 	
4.555	-0.6035 	0.263805 	10.9728 	0.0173127 	0.471054 	-0.00732523 	
4.56	-0.899123 	0.302994 	10.923 	0.0145657 	0.438631 	-0.00872051 	
4.565	-1.0887 	0.316194 	10.8862 	0.0131068 	0.417514 	-0.00640033 	
4.57	-1.16444 	0.318705 	10.858 	0.0137552 	0.407459 	-0.00962086 	
4.575	-1.24235 	0.323013 	10.8336 	0.0139112 	0.397757 	-0.0114438 	
4.58	-1.30951 	0.326942 	10.8125 	0.0140111 	0.389441 	-0.0129626 	
4.585	-1.36725 	0.330563 	10.794 	0.0140678 	0.382307 	-0.0142568 	
4.59	-1.41681 	0.333145 	10.7775 	0.0141549 	0.376179 	-0.0153387 	
4.595	-1.47621 	0.353906 	10.7782 	0.0121106 	0.371363 	-0.0143318 	
4.6	-1.52701 	0.371238 	10.7779 	0.0104166 	0.367213 	-0.013491 	
4.605	-1.52882 	0.368695 	10.7711 	0.0107116 	0.366721 	-0.0137331 	
4.61	-1.53852 	0.370523 	10.7664 	0.0106305 	0.365716 	-0.0139413 	
4.615	-1.54813 	0.371789 	10.7613 	0.0105514 	0.364706 	-0.0139648 	
4.62	-1.55684 	0.372984 	10.7563 	0.010478 	0.363794 	-0.0140062 	
4.625	-1.56491 	0.374036 	10.7515 	0.0104094 	0.362948 	-0.0140344 	
4.63	-1.57241 	0.37502 	10.7468 	0.0103423 	0.362166 	-0.0140611 	
4.635	-1.37955 	0.362982 	10.784 	0.0109763 	0.384402 	-0.0135214 	
4.64	-1.25373 	0.355404 	10.8072 	0.0114749 	0.398872 	-0.01362 	
4.645	-1.14892 	0.349276 	10.827 	0.0118414 	0.411005 	-0.0135308 	
4.65	-1.06137 	0.343667 	10.843 	0.0121433 	0.421136 	-0.0133135 	
4.655	-0.988658 	0.339259 	10.8567 	0.0123368 	0.429626 	-0.0129834 	
4.66	-0.925289 	0.335677 	10.868 	0.0125869 	0.43696 	-0.0131456 	
4.665	-0.869664 	0.333167 	10.8777 	0.012863 	0.443375 	-0.0137569 	
4.67	-0.826108 	0.331079 	10.8853 	0.0129803 	0.448509 	-0.0137951 	
4.675	-0.983997 	0.340838 	10.8497 	0.0123483 	0.430455 	-0.013787 	
4.68	2.97138 	-0.143584 	11.4846 	0.0499354 	0.858362 	-0.0169687 	
4.685	1.36652 	0.0787132 	11.2489 	0.0318146 	0.68825 	-0.0125641 	
4.69	0.889178 	-0.0222112 	11.0913 	0.042363 	0.626728 	-0.0156742 	
4.695	0.450312 	0.0848125 	11.0539 	0.0328805 	0.583768 	-0.0131047 	
4.7	0.0522271 	0.139493 	10.9878 	0.0281092 	0.540564 	-0.0111768 	
4.705	-0.301371 	0.192298 	10.9356 	0.0236808 	0.503323 	-0.0100607 	
4.71	-0.59526 	0.233854 	10.8955 	0.0200546 	0.473012 	-0.00840348 	
4.715	-0.919959 	0.391401 	10.9085 	0.0044709 	0.450144 	0.000268924 	
4.72	-1.10963 	0.378209 	10.8596 	0.0062945 	0.426609 	-0.00124271 	
4.725	-1.33431 	0.505441 	10.8862 	-0.00578653 	0.409814 	0.00308811 	
4.73	-1.46398 	0.481417 	10.8405 	-0.00302798 	0.393001 	0.0013513 	
4.735	-1.58528 	0.482387 	10.8116 	-0.00279934 	0.378984 	0.000776872 	
4.74	-1.68785 	0.48328 	10.7865 	-0.00261439 	0.367138 	0.000308978 	
4.745	-1.77989 	0.490212 	10.7689 	-0.00314466 	0.357493 	0.000598528 	
4.75	-1.82094 	0.487236 	10.756 	-0.00281049 	0.352427 	0.000503534 	
4.755	-1.83732 	0.488842 	10.7493 	-0.00274342 	0.350503 	-0.000113705 	
4.76	-1.89754 	0.489776 	10.7341 	-0.00279821 	0.343617 	8.56305e-05 	
4.765	-1.91967 	0.49172 	10.7238 	-0.00281278 	0.340785 	-0.00048413 	
4.77	-1.9551 	0.492481 	10.7126 	-0.0026886 	0.336712 	-0.00100373 	
4.775	-1.9971 	0.494555 	10.6968 	-0.00276123 	0.331463 	-0.00126114 	
4.78	-0.916585 	0.335623 	10.8559 	0.010013 	0.44637 	-0.00314549 	
4.785	-0.126591 	0.224573 	10.9765 	0.01888 	0.530952 	-0.00450482 	
4.79	-0.668394 	0.295697 	10.8865 	0.0135624 	0.472722 	-0.0046689 	
4.795	-0.917227 	0.366448 	10.8714 	0.00724075 	0.448924 	-0.00288235 	
4.8	-1.04535 	0.372638 	10.8456 	0.00656242 	0.434974 	-0.00177493 	
4.805	-1.31761 	0.513455 	10.8589 	-0.00719072 	0.417136 	0.00575043 	
4.81	-1.52122 	0.608817 	10.8627 	-0.0164743 	0.402793 	0.0108497 	
4.815	-1.59905 	0.561932 	10.814 	-0.0113949 	0.38861 	0.00738603 	
4.82	-1.58946 	0.606552 	10.8531 	-0.0159238 	0.393719 	0.00962416 	
4.825	-1.70425 	0.564838 	10.798 	-0.0120676 	0.376638 	0.00888232 	
4.83	-1.79022 	0.550717 	10.7653 	-0.0101804 	0.365085 	0.00696101 	
4.835	-1.86207 	0.537049 	10.7366 	-0.00853694 	0.355302 	0.00564837 	
4.84	-1.60424 	0.461209 	10.7539 	-0.00192366 	0.379951 	0.00431426 	
4.845	-1.19414 	0.389472 	10.8056 	0.0041188 	0.422379 	0.00280276 	
4.85	-1.42712 	0.418643 	10.7633 	0.00195729 	0.397289 	0.00257796 	
4.855	-1.49603 	0.419481 	10.7419 	0.00199959 	0.388875 	0.00261656 	
4.86	-1.38092 	0.395793 	10.7517 	0.00402807 	0.400415 	0.00213252 	
4.865	-1.31614 	0.380363 	10.7545 	0.00537341 	0.406698 	0.00180102 	
4.87	-1.33952 	0.378394 	10.7438 	0.00561373 	0.403641 	0.0017091 	
4.875	-1.37193 	0.37843 	10.7322 	0.00568001 	0.399696 	0.00166351 	
4.88	-1.36095 	0.37291 	10.7282 	0.00618747 	0.400473 	0.00153306 	
4.885	-1.3355 	0.365876 	10.727 	0.0068091 	0.402864 	0.00138691 	
4.89	-1.31966 	0.360646 	10.7246 	0.00727872 	0.404278 	0.00127409 	
4.895	-1.3272 	0.359134 	10.7188 	0.00744109 	0.403226 	0.00122953 	
4.9	-1.33161 	0.357523 	10.7137 	0.00760535 	0.402548 	0.00119128 	
4.905	-1.3263 	0.35479 	10.7105 	0.00785688 	0.402946 	0.00113555 	
4.91	-1.31657 	0.351693 	10.7081 	0.00813276 	0.403848 	0.0010817 	
4.915	-1.31297 	0.349648 	10.705 	0.00832093 	0.404115 	0.00104693 	
4.92	-1.31388 	0.348441 	10.7012 	0.00843797 	0.403916 	0.0010293 	
4.925	-1.31251 	0.347065 	10.698 	0.00856574 	0.403978 	0.00101323 	
4.93	-1.31274 	0.346046 	10.6946 	0.00866232 	0.403883 	0.00100553 	
4.935	-1.30657 	0.344202 	10.6923 	0.0088245 	0.404491 	0.000984042 	
4.94	-1.30595 	0.34325 	10.6892 	0.00891245 	0.404511 	0.00098064 	
4.945	-1.31804 	0.344147 	10.6841 	0.00885126 	0.403169 	0.0010035 	
4.95	-1.33865 	0.34689 	10.6774 	0.00864634 	0.400887 	0.00107663 	
4.955	-0.890085 	0.279818 	10.7502 	0.0141261 	0.449134 	-0.000102108 	
4.96	-1.17603 	0.305106 	10.6967 	0.0123587 	0.417852 	-2.95201e-05 	
4.965	-1.24998 	0.273624 	10.6696 	0.0153902 	0.407926 	-0.000417407 	
4.97	-1.31943 	0.252125 	10.6466 	0.0175061 	0.39903 	-0.000704942 	
4.975	-1.37982 	0.235118 	10.6264 	0.019185 	0.391348 	-0.000930616 	
4.98	-1.41418 	0.22084 	10.6129 	0.0205443 	0.386821 	-0.00113904 	
4.985	-1.28614 	0.369406 	10.6839 	0.00698181 	0.408996 	-0.000120519 	
4.99	-1.02815 	0.288826 	10.7141 	0.0138711 	0.434885 	-0.000969901 	
4.995	-1.36937 	0.524343 	10.7119 	-0.00681736 	0.407702 	0.000649269 	
5	-1.42286 	0.487189 	10.6858 	-0.0034609 	0.399593 	0.000646532 	
5.005	-1.34379 	0.439937 	10.6864 	0.000671996 	0.406407 	0.000293828 	
5.01	-1.29134 	0.409698 	10.6862 	0.0033112 	0.410987 	8.31724e-05 	
5.015	-1.31974 	0.398289 	10.6739 	0.00435724 	0.407143 	9.77844e-05 	
5.02	-1.29469 	0.377062 	10.6706 	0.0062211 	0.409019 	-2.91855e-05 	
5.025	-1.3038 	0.366904 	10.6629 	0.00713301 	0.407472 	-3.98803e-05 	
5.03	-1.29775 	0.355272 	10.6582 	0.0081612 	0.407617 	-8.45414e-05 	
5.035	-1.2935 	0.346692 	10.6539 	0.00891833 	0.407688 	-0.000103466 	
5.04	-1.30454 	0.367158 	10.6555 	0.00698645 	0.407364 	0.000406635 	
5.045	-1.33623 	0.38283 	10.6508 	0.005535 	0.404436 	0.000806778 	
5.05	-1.5175 	0.387249 	10.605 	0.00564657 	0.38312 	8.53345e-05 	
5.055	-1.54996 	0.433032 	10.6386 	0.00192871 	0.385024 	-0.000227269 	
5.06	-1.58889 	0.454741 	10.647 	0.000270098 	0.383129 	-0.000589308 	
5.065	-1.46614 	0.452437 	10.6795 	0.000509515 	0.398033 	-0.00175397 	
5.07	-1.38322 	0.452973 	10.7033 	0.000524838 	0.408451 	-0.0026073 	
5.075	-1.31348 	0.433541 	10.7235 	0.00241845 	0.41698 	-0.00338253 	
5.08	-1.25839 	0.424395 	10.7388 	0.00333261 	0.423804 	-0.00399301 	
5.085	-1.21828 	0.423512 	10.7508 	0.00349634 	0.429023 	-0.00452838 	
5.09	-1.19327 	0.427803 	10.76 	0.00319767 	0.432633 	-0.00499247 	
5.095	-1.183 	0.431008 	10.7654 	0.0030098 	0.434478 	-0.00538793 	
5.1	-1.23479 	0.443696 	10.7615 	0.00172333 	0.430512 	-0.00402509 	
5.105	-1.26752 	0.452456 	10.7588 	0.000847497 	0.42812 	-0.00323493 	
5.11	-1.29802 	0.460827 	10.7572 	1.66876e-05 	0.426011 	-0.0024456 	
5.115	-1.39769 	0.488283 	10.7374 	-0.00210774 	0.415342 	-0.00253592 	
5.12	-1.46836 	0.507371 	10.7233 	-0.00361375 	0.40794 	-0.00245578 	
5.125	-1.52901 	0.523905 	10.7108 	-0.00491849 	0.401608 	-0.0024044 	
5.13	-1.58119 	0.538436 	10.6999 	-0.00606649 	0.396203 	-0.00238009 	
5.135	-1.6262 	0.551608 	10.6905 	-0.00710639 	0.391605 	-0.00240422 	
5.14	-1.66457 	0.562304 	10.6816 	-0.00794788 	0.387632 	-0.00242955 	
5.145	-1.69749 	0.57143 	10.6734 	-0.00866312 	0.384224 	-0.00246724 	
5.15	-1.72544 	0.578733 	10.6655 	-0.00923063 	0.38128 	-0.00251371 	
5.155	-1.74928 	0.585048 	10.6584 	-0.0097185 	0.378782 	-0.00258318 	
5.16	-1.76865 	0.589035 	10.6512 	-0.0100278 	0.376665 	-0.00263525 	
5.165	-1.71223 	0.569093 	10.6459 	-0.00839675 	0.381239 	-0.00261037 	
5.17	-1.61071 	0.542534 	10.6645 	-0.00639578 	0.393069 	-0.00154376 	
5.175	-1.53743 	0.523108 	10.6742 	-0.00489906 	0.401178 	-0.000968465 	
5.18	-1.42362 	0.501449 	10.6734 	-0.00300715 	0.41088 	-0.00221435 	
5.185	-1.6292 	0.505008 	10.603 	-0.00300856 	0.38456 	-0.00252399 	
5.19	-1.74596 	0.498531 	10.5561 	-0.00255076 	0.368884 	-0.0016505 	
5.195	-1.84575 	0.492996 	10.5152 	-0.00215329 	0.355449 	-0.000946019 	
5.2	-1.93182 	0.493256 	10.4792 	-0.00195169 	0.343838 	-0.00159152 	
5.205	-2.00494 	0.489578 	10.4467 	-0.00150102 	0.333781 	-0.00191965 	
5.21	-2.07067 	0.494907 	10.4243 	-0.0019785 	0.325946 	-0.00153302 	
5.215	-1.55408 	0.409776 	10.5325 	0.00467525 	0.384112 	-0.00165073 	
5.22	-1.38819 	0.343687 	10.5384 	0.00975735 	0.398955 	-0.000134603 	
5.225	-1.23819 	0.298243 	10.5575 	0.0134498 	0.414478 	-0.000352075 	
5.23	-0.917482 	0.254141 	10.6296 	0.0169406 	0.45147 	-0.000817636 	
5.235	-1.25706 	0.3112 	10.5521 	0.0124315 	0.413236 	-0.000606499 	
5.24	-1.43272 	0.341144 	10.5104 	0.0100759 	0.393476 	-0.000550344 	
5.245	-1.57022 	0.347386 	10.4608 	0.0100875 	0.375361 	-0.00230432 	
5.25	-1.11843 	0.261361 	10.538 	0.0168213 	0.424039 	-0.00239851 	
5.255	-1.45629 	0.485249 	10.4978 	-0.00176863 	0.391609 	-0.0042794 	
5.26	-1.29545 	0.370206 	10.499 	0.00713973 	0.404748 	-0.000900316 	
5.265	-1.31479 	0.333719 	10.4898 	0.0103751 	0.402339 	-0.00103699 	
5.27	-1.3163 	0.297952 	10.4816 	0.0133979 	0.401472 	-0.000602007 	
5.275	-1.28668 	0.264766 	10.4809 	0.0161794 	0.404218 	-0.000299316 	
5.28	-1.53561 	0.505223 	10.4616 	-0.00379842 	0.382148 	-0.00313305 	
5.285	-1.40998 	0.381353 	10.4524 	0.00585657 	0.390857 	0.000817268 	
5.29	-1.44628 	0.345131 	10.4401 	0.00914785 	0.386658 	0.000500837 	
5.295	-1.47406 	0.315969 	10.4267 	0.0116408 	0.382932 	0.000723635 	
5.3	-1.45853 	0.278926 	10.4156 	0.0147712 	0.383111 	0.000748946 	
5.305	-1.44637 	0.241914 	10.4073 	0.0178953 	0.383405 	0.00116218 	
5.31	-1.65415 	0.37503 	10.3747 	0.00705336 	0.362688 	3.39739e-06 	
5.315	3.72732 	-0.219104 	11.6526 	0.0511375 	0.984333 	-0.002548 	
5.32	1.64911 	0.283788 	11.2453 	0.0105782 	0.758374 	-0.00220354 	
5.325	1.07157 	0.227894 	11.0744 	0.01599 	0.686547 	-0.00144296 	
5.33	0.669299 	0.0975508 	10.8609 	0.0268652 	0.623355 	0.00152304 	
5.335	0.467016 	0.118757 	10.8291 	0.0254489 	0.602449 	0.00062864 	
5.34	0.0477914 	0.0303236 	10.6433 	0.0334084 	0.542522 	0.001515 	
5.345	-0.177089 	-0.167862 	10.4465 	0.0506314 	0.49641 	0.000324261 	
5.35	-0.449774 	-0.204891 	10.368 	0.053495 	0.463787 	0.00267275 	
5.355	-0.669674 	-0.25859 	10.2842 	0.0578823 	0.434591 	0.00409463 	
5.36	-0.857861 	-0.302927 	10.2121 	0.0614382 	0.409632 	0.005201 	
5.365	-1.07049 	-0.20716 	10.2063 	0.0535487 	0.391513 	0.00490433 	
5.37	-1.12797 	-0.389475 	10.0553 	0.0693111 	0.365744 	0.00328013 	
5.375	-1.20004 	-0.496906 	9.95235 	0.078576 	0.345619 	0.00224529 	
5.38	-1.26255 	-0.587384 	9.8644 	0.086332 	0.328437 	0.00139073 	
5.385	-1.31119 	-0.670875 	9.78392 	0.0936245 	0.313459 	0.000527886 	
5.39	-1.58317 	-0.22184 	9.89145 	0.0561206 	0.307825 	-0.00177047 	
5.395	-1.66829 	-0.197287 	9.90136 	0.054149 	0.301877 	-0.001088 	
5.4	-0.848812 	0.330769 	10.2254 	0.00739834 	0.420824 	-0.00195337 	
5.405	-0.142771 	0.636929 	10.4255 	-0.0197154 	0.510798 	-0.00478995 	
5.41	-0.0404376 	0.528498 	10.5592 	-0.00958954 	0.534721 	-0.00439483 	
5.415	0.167812 	0.507725 	10.689 	-0.00733859 	0.568687 	-0.00497289 	
5.42	0.0481995 	0.0660132 	10.1968 	0.0269161 	0.488911 	0.00440741 	
5.425	-0.246127 	-0.0746098 	10.1135 	0.0403777 	0.452718 	0.00136486 	
5.43	0.109708 	0.0658576 	10.3995 	0.0279464 	0.522362 	0.00269573 	
5.435	0.116829 	0.788036 	11.825 	-0.0266712 	0.696234 	-0.00334812 	
5.44	-0.278884 	0.459296 	11.2404 	0.000950415 	0.589955 	-0.00355764 	
5.445	-0.612249 	0.485416 	11.0746 	-0.0014124 	0.542271 	-0.0029436 	
5.45	-0.523519 	0.416885 	11.0071 	0.0037131 	0.541997 	-0.00199126 	
5.455	2.38434 	-0.0725517 	11.5563 	0.0416444 	0.858745 	-0.00479729 	
5.46	2.62061 	-0.120223 	11.5811 	0.0454348 	0.882423 	-0.00516474 	
5.465	1.8405 	0.00302438 	11.4607 	0.0380864 	0.805489 	-0.0112667 	
5.47	1.22915 	-0.092898 	11.1482 	0.0465051 	0.712357 	-0.0116514 	
5.475	0.569806 	0.151136 	11.0576 	0.022902 	0.651758 	0.00240851 	
5.48	0.134108 	0.210121 	10.9198 	0.0196386 	0.595359 	-0.00150344 	
5.485	-0.170389 	0.100985 	10.7451 	0.029524 	0.54684 	-0.00345252 	
5.49	-0.490012 	0.151902 	10.6596 	0.0254522 	0.509128 	-0.0029968 	
5.495	-0.754516 	0.173535 	10.5757 	0.0238703 	0.476209 	-0.00297659 	
5.5	-0.980205 	0.191589 	10.5032 	0.0225428 	0.448064 	-0.00295729 	
5.505	-1.17283 	0.206681 	10.4403 	0.0214247 	0.423989 	-0.00293739 	
5.51	-1.33723 	0.219229 	10.3855 	0.0204861 	0.403384 	-0.00291619 	
5.515	-1.47749 	0.22955 	10.3377 	0.0197046 	0.385732 	-0.00289317 	
5.52	-1.5972 	0.23803 	10.2958 	0.0190522 	0.3706 	-0.00286764 	
5.525	-1.53762 	0.287124 	10.3784 	0.0167019 	0.389031 	-0.0102151 	
5.53	-1.67981 	0.277123 	10.3044 	0.0169462 	0.367058 	-0.00761685 	
5.535	-1.79254 	0.27153 	10.2412 	0.0172507 	0.348958 	-0.00689793 	
5.54	-1.88936 	0.279912 	10.1951 	0.0168258 	0.334671 	-0.00606988 	
5.545	-1.963 	0.266828 	10.1465 	0.0177091 	0.322049 	-0.00596101 	
5.55	-2.00494 	0.250833 	10.1177 	0.018538 	0.315074 	-0.00414738 	
5.555	-1.58858 	-0.252495 	9.71343 	0.0576525 	0.286148 	-6.15984e-05 	
5.56	-1.03306 	-0.132824 	10.0566 	0.0486127 	0.380166 	-0.0036085 	
5.565	-0.531247 	-0.00994802 	10.2655 	0.0378698 	0.452578 	-0.00343381 	
5.57	-0.209417 	0.00470234 	10.4228 	0.0368779 	0.500805 	-0.00402256 	
5.575	-0.010704 	0.0497197 	10.5502 	0.0335037 	0.534452 	-0.00519122 	
5.58	0.147425 	0.178559 	10.7167 	0.0231651 	0.57247 	-0.0035407 	
5.585	-0.049288 	-0.20307 	10.3005 	0.0528229 	0.494092 	0.00244362 	
5.59	-0.207598 	-0.378093 	10.1006 	0.0662704 	0.451826 	0.00414049 	
5.595	-0.0351986 	0.431856 	11.6305 	0.00468833 	0.652752 	-0.0158956 	
5.6	-0.270092 	0.276894 	11.1646 	0.0165126 	0.579801 	-0.0104919 	
5.605	-0.590356 	0.29226 	10.9906 	0.0150771 	0.532999 	-0.00851948 	
5.61	-0.834725 	0.308044 	10.8581 	0.0138133 	0.497911 	-0.00752803 	
5.615	-1.12001 	0.367763 	10.7649 	0.00935149 	0.465871 	-0.00741265 	
5.62	-1.27591 	0.363528 	10.6581 	0.00949985 	0.440364 	-0.00625085 	
5.625	-1.42306 	0.368677 	10.5704 	0.0089898 	0.418265 	-0.00543328 	
5.63	-1.54827 	0.37254 	10.4943 	0.00858736 	0.399355 	-0.00472848 	
5.635	-0.692743 	0.252084 	10.6717 	0.0177248 	0.49475 	-0.00531515 	
5.64	-0.177396 	0.189919 	10.7764 	0.0223534 	0.552256 	-0.0055433 	
5.645	-0.671673 	0.139878 	10.5475 	0.0270778 	0.481653 	-0.00569699 	
5.65	-0.90019 	0.0857939 	10.4106 	0.0319093 	0.445213 	-0.0063155 	
5.655	-0.120722 	0.00727245 	10.6031 	0.037249 	0.535416 	-0.0057246 	
5.66	-0.602532 	0.01 	10.4189 	0.0375575 	0.471374 	-0.00598749 	
5.665	-0.890851 	0.0940036 	10.3598 	0.0309166 	0.440497 	-0.00580952 	
5.67	-1.12452 	0.146922 	10.3003 	0.0267691 	0.413974 	-0.00571407 	
5.675	-0.39177 	0.125822 	10.515 	0.0276072 	0.503294 	-0.00639396 	
5.68	-0.909994 	0.234466 	10.4013 	0.018684 	0.447422 	-0.0033063 	
5.685	0.766595 	-0.274643 	10.5638 	0.0580981 	0.604689 	-0.00122693 	
5.69	-0.125155 	-0.0137656 	10.4676 	0.0369812 	0.521887 	0.00230935 	
5.695	0.35331 	-0.0655421 	10.599 	0.0413205 	0.578496 	-3.09647e-06 	
5.7	0.103512 	-0.02431 	10.5462 	0.0384552 	0.551008 	-0.000863428 	
5.705	0.288838 	-0.0441479 	10.5937 	0.0399372 	0.572359 	-0.00126753 	
5.71	-0.0924759 	-0.0553842 	10.4572 	0.0414753 	0.522472 	-0.00190632 	
5.715	-0.0479389 	-0.0677442 	10.4664 	0.0427246 	0.527752 	-0.00324984 	
5.72	-0.040499 	-0.0542827 	10.487 	0.0420326 	0.53173 	-0.00478548 	
5.725	-0.348389 	-0.0498226 	10.3808 	0.0418972 	0.491747 	-0.00453403 	
5.73	1.18882 	-0.0949671 	10.8841 	0.0436214 	0.685371 	-0.00306313 	
5.735	-0.0048231 	0.588865 	11.1469 	-0.0136067 	0.597679 	0.00491098 	
5.74	-0.321767 	0.502173 	10.9188 	-0.00557283 	0.550985 	0.00383434 	
5.745	1.38618 	0.168203 	11.2773 	0.0205993 	0.741365 	0.00195932 	
5.75	1.68633 	0.120768 	11.3231 	0.0244485 	0.774602 	0.000701821 	
5.755	0.882864 	0.222696 	11.0759 	0.0175563 	0.677691 	-0.00224674 	
5.76	2.33656 	-0.03391 	11.4001 	0.0371813 	0.841935 	-0.00240552 	
5.765	2.22915 	-0.0372678 	11.3487 	0.0377538 	0.827585 	-0.00305699 	
5.77	1.89968 	-0.0188688 	11.2587 	0.0373097 	0.790625 	-0.00512259 	
5.775	1.9143 	-0.0491334 	11.2233 	0.0396348 	0.787749 	-0.00481788 	
5.78	1.76131 	-0.0304856 	11.1751 	0.0384152 	0.769556 	-0.00538116 	
5.785	1.04766 	0.102321 	10.9966 	0.0280768 	0.688013 	-0.00488172 	
5.79	0.668886 	0.143909 	10.9027 	0.0250947 	0.644646 	-0.00462404 	
5.795	0.21821 	0.24082 	10.7909 	0.0174224 	0.59359 	-0.00443759 	
5.8	0.0919812 	0.267699 	10.7506 	0.0149227 	0.578543 	-0.00301634 	
5.805	-0.162212 	0.298127 	10.6869 	0.0129945 	0.549348 	-0.00416607 	
5.81	-0.46474 	0.335877 	10.62 	0.0102801 	0.516003 	-0.00406447 	
5.815	-0.702686 	0.366189 	10.5658 	0.00810408 	0.489631 	-0.00410972 	
5.82	0.241396 	0.220415 	10.7866 	0.0191405 	0.597131 	-0.00464061 	
5.825	2.25575 	-0.0976097 	11.267 	0.0433826 	0.826723 	-0.00600198 	
5.83	1.00009 	0.0484926 	10.9539 	0.0339958 	0.683985 	-0.00990475 	
5.835	1.6458 	-0.0460972 	11.1029 	0.0406432 	0.756359 	-0.00856017 	
5.84	0.645491 	0.215741 	10.9863 	0.0207097 	0.663107 	-0.00963487 	
5.845	0.0153115 	0.487134 	10.9705 	-0.00105261 	0.612807 	-0.0108269 	
5.85	0.389582 	0.295178 	10.9561 	0.0148148 	0.64027 	-0.0122201 	
5.855	-0.194069 	0.397941 	10.7773 	0.00704446 	0.567945 	-0.0133227 	
5.86	-0.518866 	0.375652 	10.6407 	0.00908666 	0.522727 	-0.0122058 	
5.865	-0.800119 	0.393622 	10.527 	0.00783412 	0.483958 	-0.0123838 	
5.87	-1.01115 	0.303236 	10.378 	0.0150179 	0.445661 	-0.0108126 	
5.875	-1.20961 	0.27029 	10.2699 	0.0176133 	0.414397 	-0.0098918 	
5.88	-1.38251 	0.249523 	10.1796 	0.0190848 	0.387794 	-0.00858646 	
5.885	-1.52188 	0.289748 	10.1291 	0.0158859 	0.369531 	-0.0088357 	
5.89	-1.6403 	0.302867 	10.077 	0.0147761 	0.352839 	-0.00833034 	
5.895	-1.74202 	0.314285 	10.0318 	0.0138004 	0.338547 	-0.00788242 	
5.9	-1.82898 	0.325564 	9.99244 	0.0128306 	0.326294 	-0.00755493 	
5.905	-1.90321 	0.336568 	9.95787 	0.0118867 	0.315774 	-0.00734055 	
5.91	-1.95928 	0.334074 	9.92509 	0.0120642 	0.307031 	-0.00702074 	
5.915	-0.484959 	0.0684194 	10.3973 	0.0308064 	0.49515 	0.0017205 	
5.92	-0.86218 	0.181278 	10.2427 	0.0236172 	0.439547 	-0.00811862 	
5.925	-0.995336 	0.195782 	10.2269 	0.0217665 	0.42618 	-0.00418463 	
5.93	-1.09328 	0.212666 	10.2076 	0.0201396 	0.41503 	-0.00267988 	
5.935	-1.28528 	0.297865 	10.2315 	0.0141332 	0.40527 	-0.00452167 	
5.94	-1.30443 	0.332409 	10.2665 	0.0118122 	0.409789 	-0.00561574 	
5.945	-0.994869 	0.273089 	10.3674 	0.0160765 	0.449353 	-0.00368818 	
5.95	-1.0829 	0.319912 	10.3703 	0.01302 	0.443536 	-0.00635726 	
5.955	-1.02869 	0.32518 	10.3948 	0.012772 	0.451787 	-0.00745056 	
5.96	-1.02581 	0.339469 	10.4093 	0.0117849 	0.454674 	-0.00792383 	
5.965	-1.14615 	0.378007 	10.3994 	0.00899795 	0.444497 	-0.00839328 	
5.97	-1.14598 	0.383682 	10.4044 	0.00846411 	0.445688 	-0.00814705 	
5.975	-1.11353 	0.382015 	10.4125 	0.00847038 	0.449729 	-0.00780291 	
5.98	-1.19315 	0.391841 	10.323 	0.00799079 	0.428369 	-0.011325 	
5.985	-1.24414 	0.392909 	10.265 	0.00797928 	0.414796 	-0.0134072 	
5.99	-1.2628 	0.379935 	10.2889 	0.00904122 	0.417619 	-0.0123148 	
5.995	-1.27069 	0.36766 	10.2997 	0.0100777 	0.418958 	-0.0117032 	
6	-0.931423 	0.29709 	10.41 	0.0147353 	0.462489 	-0.00699375 	
6.005	-1.15602 	0.59584 	10.7439 	-0.00815124 	0.491953 	-0.00463369 	
6.01	-1.16361 	0.495906 	10.6141 	-0.0002501 	0.473391 	-0.00587171 	
6.015	-1.18843 	0.467015 	10.5754 	0.00211989 	0.466312 	-0.00626643 	
6.02	-1.20261 	0.443442 	10.5458 	0.00405544 	0.461366 	-0.00661798 	
6.025	-1.21639 	0.423076 	10.5192 	0.0057273 	0.456873 	-0.00691532 	
6.03	-1.31356 	0.411996 	10.4572 	0.00638803 	0.440207 	-0.00609728 	
6.035	-1.37902 	0.401031 	10.4113 	0.00711548 	0.428527 	-0.00561063 	
6.04	-1.43402 	0.394768 	10.3711 	0.00746088 	0.418615 	-0.00521861 	
6.045	-1.47268 	0.379386 	10.339 	0.00859919 	0.411045 	-0.00483786 	
6.05	-1.42836 	0.66504 	10.1838 	-0.0148852 	0.393277 	-0.015982 	
6.055	-1.4783 	0.552417 	10.2028 	-0.00576743 	0.391964 	-0.0118357 	
6.06	-1.50332 	0.513888 	10.1928 	-0.00270993 	0.388731 	-0.0105402 	
6.065	-1.52785 	0.480897 	10.1831 	-8.93914e-05 	0.385608 	-0.00941371 	
6.07	-1.5472 	0.452856 	10.1744 	0.00212056 	0.383111 	-0.00843119 	
6.075	-1.56325 	0.429209 	10.1671 	0.00398051 	0.381083 	-0.00758562 	
6.08	-1.57608 	0.409595 	10.1602 	0.00550807 	0.379425 	-0.00686776 	
6.085	-1.58655 	0.39088 	10.1525 	0.0069566 	0.377833 	-0.00622676 	
6.09	-1.59448 	0.374548 	10.1458 	0.00821828 	0.376591 	-0.00567734 	
6.095	-1.60272 	0.36498 	10.1448 	0.00897789 	0.376073 	-0.0052979 	
6.1	-1.60716 	0.355523 	10.1424 	0.00970248 	0.375676 	-0.00496794 	
6.105	-1.58825 	0.348669 	10.1462 	0.010163 	0.37818 	-0.0046468 	
6.11	-1.57564 	0.341787 	10.1474 	0.0106457 	0.379771 	-0.00437347 	
6.115	-1.56406 	0.335317 	10.1477 	0.0111009 	0.381149 	-0.00413491 	
6.12	-1.59213 	0.335641 	10.1386 	0.0110363 	0.378028 	-0.00390248 	
6.125	-1.60771 	0.333744 	10.1315 	0.0111403 	0.376184 	-0.00370135 	
6.13	-1.62031 	0.331352 	10.1244 	0.0112852 	0.374584 	-0.00352427 	
6.135	-1.63032 	0.328483 	10.1173 	0.0114705 	0.37319 	-0.00336928 	
6.14	-1.59796 	0.32062 	10.1213 	0.0120157 	0.376748 	-0.00325173 	
6.145	-1.62493 	0.566256 	10.0451 	-0.00725878 	0.365477 	-0.0107237 	
6.15	2.28528 	-0.0208471 	11.285 	0.0364384 	0.848698 	-0.00817457 	
6.155	0.920755 	0.127795 	10.8715 	0.0256122 	0.682834 	-0.00692638 	
6.16	2.68412 	-0.0850638 	11.4058 	0.0410569 	0.898537 	-0.00726004 	
6.165	2.47531 	-0.0862623 	11.3226 	0.0412078 	0.870459 	-0.00662849 	
6.17	1.4948 	-0.0360535 	11.0231 	0.040369 	0.753367 	-0.014075 	
6.175	-0.171764 	0.144555 	11.5204 	0.0353116 	0.721254 	-0.0146826 	
6.18	-0.600482 	0.16428 	11.2904 	0.0332542 	0.65449 	-0.0125201 	
6.185	-0.796541 	0.14645 	10.989 	0.0326445 	0.590948 	-0.0102533 	
6.19	-1.01508 	0.135297 	10.7626 	0.0322573 	0.53859 	-0.00854779 	
6.195	-1.31993 	0.288371 	10.6594 	0.0204394 	0.499312 	-0.0104573 	
6.2	-1.51106 	0.382312 	10.4908 	0.0122987 	0.458327 	-0.0115248 	
6.205	-1.69419 	0.46814 	10.366 	0.00516557 	0.42497 	-0.012421 	
6.21	-1.85521 	0.472008 	10.2642 	0.00492444 	0.397083 	-0.0132777 	
6.215	-1.92812 	0.54345 	10.131 	-0.0013318 	0.370699 	-0.0156175 	
6.22	-1.9317 	0.470178 	10.0829 	0.00378241 	0.362062 	-0.0128358 	
6.225	-1.94739 	0.431526 	10.0296 	0.00628162 	0.35209 	-0.0113257 	
6.23	-1.94533 	0.387135 	9.98298 	0.00926242 	0.344516 	-0.00979519 	
6.235	-1.94661 	0.355102 	9.93979 	0.0112838 	0.337488 	-0.00848769 	
6.24	-1.95352 	0.329978 	9.90154 	0.0128427 	0.330947 	-0.00743856 	
6.245	-1.92051 	0.33809 	9.92219 	0.0119663 	0.33591 	-0.006838 	
6.25	-1.91591 	0.382504 	9.96815 	0.00963164 	0.339682 	-0.00890309 	
6.255	0.781588 	0.0261865 	10.7614 	0.0352497 	0.66521 	-0.00855376 	
6.26	2.62819 	-0.0901157 	11.4273 	0.0429901 	0.904021 	-0.00854941 	
6.265	2.44194 	-0.0938977 	11.3238 	0.0431638 	0.874353 	-0.00847573 	
6.27	2.50073 	-0.122442 	11.3266 	0.0450507 	0.879224 	-0.00764312 	
6.275	1.91536 	-0.0940389 	11.1393 	0.0431717 	0.805813 	-0.00661941 	
6.28	2.93133 	-0.231632 	11.4323 	0.0528683 	0.927346 	-0.00644257 	
6.285	2.74412 	-0.217987 	11.3593 	0.0516642 	0.901929 	-0.00567306 	
6.29	2.97612 	-0.219474 	11.4545 	0.0515692 	0.933708 	-0.00571687 	
6.295	2.02318 	-0.0915799 	11.0855 	0.0417727 	0.80703 	-0.00550585 	
6.3	1.72648 	-0.116069 	10.966 	0.0441611 	0.767304 	-0.00627105 	
6.305	2.01556 	-0.149191 	11.0648 	0.0462913 	0.803631 	-0.00547247 	
6.31	1.85884 	-0.136634 	11.0106 	0.0453701 	0.783459 	-0.00536295 	
6.315	1.459 	0.0135049 	10.9774 	0.0344989 	0.747199 	-0.00552553 	
6.32	2.40825 	-0.0847669 	11.2302 	0.0408641 	0.858669 	-0.0056039 	
6.325	1.69677 	0.0427189 	11.096 	0.0316639 	0.782777 	-0.00535065 	
6.33	1.66054 	0.00736927 	11.0968 	0.0345934 	0.779216 	-0.00489474 	
6.335	1.69565 	-0.016907 	11.1074 	0.0364843 	0.783184 	-0.0046368 	
6.34	1.89909 	-0.055369 	11.1459 	0.0392005 	0.804821 	-0.00456467 	
6.345	2.03527 	-0.0847768 	11.1723 	0.041314 	0.81931 	-0.00444598 	
6.35	2.15093 	-0.109866 	11.1945 	0.0431165 	0.831583 	-0.00434861 	
6.355	2.25009 	-0.131162 	11.2138 	0.0446451 	0.842137 	-0.00426634 	
6.36	2.33452 	-0.149454 	11.2301 	0.0459584 	0.851096 	-0.00419604 	
6.365	2.54756 	-0.15129 	11.3027 	0.0458888 	0.878415 	-0.00443912 	
6.37	2.56123 	-0.169511 	11.2946 	0.0472637 	0.878266 	-0.00428076 	
6.375	2.60043 	-0.18226 	11.2991 	0.048198 	0.88198 	-0.00420533 	
6.38	2.63364 	-0.192982 	11.303 	0.0489834 	0.88513 	-0.00414395 	
6.385	2.66206 	-0.202174 	11.3063 	0.0496569 	0.88782 	-0.00409127 	
6.39	2.68636 	-0.210038 	11.3091 	0.0502332 	0.890118 	-0.00404629 	
6.395	2.70703 	-0.216736 	11.3114 	0.050724 	0.892069 	-0.00400818 	
6.4	2.72168 	-0.164796 	11.2994 	0.0461752 	0.888 	-0.00439753 	
6.405	2.71757 	-0.147006 	11.3223 	0.0449223 	0.892524 	-0.00451612 	
6.41	2.73766 	-0.171313 	11.3194 	0.0468463 	0.893882 	-0.00435486 	
6.415	2.75053 	-0.183589 	11.3202 	0.0478257 	0.895235 	-0.00427341 	
6.42	2.76187 	-0.194154 	11.3209 	0.0486682 	0.896426 	-0.00420403 	
6.425	2.77452 	-0.204145 	11.3217 	0.0494579 	0.89769 	-0.0041341 	
6.43	2.77864 	-0.210593 	11.3219 	0.0499838 	0.89819 	-0.00410491 	
6.435	2.76431 	-0.212415 	11.3208 	0.0501895 	0.896985 	-0.00411453 	
6.44	2.77793 	-0.219751 	11.3217 	0.0507527 	0.898292 	-0.0040575 	
6.445	2.78511 	-0.225015 	11.3221 	0.0511666 	0.899002 	-0.00402047 	
6.45	2.79121 	-0.22951 	11.3225 	0.0515202 	0.899601 	-0.0039889 	
6.455	2.79646 	-0.233357 	11.3228 	0.0518227 	0.900114 	-0.00396207 	
6.46	2.80088 	-0.236631 	11.323 	0.0520803 	0.90054 	-0.00393909 	
6.465	2.80468 	-0.239436 	11.3232 	0.0523011 	0.900905 	-0.00391986 	
6.47	2.80792 	-0.241829 	11.3233 	0.0524895 	0.901212 	-0.0039035 	
6.475	2.81077 	-0.243842 	11.3235 	0.052648 	0.901484 	-0.00389048 	
6.48	2.81304 	-0.245603 	11.3236 	0.0527869 	0.90169 	-0.00387835 	
6.485	2.81507 	-0.247097 	11.3237 	0.0529048 	0.901874 	-0.00386839 	
6.49	2.81675 	-0.248372 	11.3237 	0.0530055 	0.90202 	-0.00386005 	
6.495	2.81817 	-0.249461 	11.3237 	0.0530915 	0.902141 	-0.00385308 	
6.5	2.81943 	-0.250393 	11.3237 	0.0531653 	0.902246 	-0.00384731 	
6.505	2.82047 	-0.251189 	11.3238 	0.0532284 	0.902328 	-0.00384246 	
6.51	2.82129 	-0.251869 	11.3237 	0.0532823 	0.902385 	-0.00383832 	
6.515	2.82201 	-0.252446 	11.3237 	0.0533283 	0.902435 	-0.00383496 	
6.52	2.82261 	-0.252941 	11.3237 	0.0533677 	0.902471 	-0.00383216 	
6.525	2.82307 	-0.253357 	11.3236 	0.053401 	0.902493 	-0.00383016 	
6.53	2.82363 	-0.253747 	11.3236 	0.0534318 	0.902523 	-0.00382737 	
6.535	2.82393 	-0.254045 	11.3236 	0.053456 	0.90253 	-0.00382617 	
6.54	2.82422 	-0.254306 	11.3235 	0.0534771 	0.902534 	-0.00382512 	
6.545	2.82443 	-0.254528 	11.3235 	0.0534952 	0.902531 	-0.0038243 	
6.55	2.8246 	-0.254718 	11.3234 	0.0535107 	0.902523 	-0.00382378 	
6.555	2.82477 	-0.254881 	11.3233 	0.0535241 	0.902515 	-0.0038233 	
6.56	2.82489 	-0.255018 	11.3233 	0.0535355 	0.902502 	-0.00382313 	
6.565	2.82475 	-0.255109 	11.3232 	0.0535437 	0.902461 	-0.00382291 	
6.57	2.82499 	-0.255226 	11.3231 	0.0535531 	0.902461 	-0.00382322 	
6.575	2.82502 	-0.255312 	11.3231 	0.0535605 	0.902439 	-0.00382333 	
6.58	2.82495 	-0.255374 	11.323 	0.0535662 	0.902405 	-0.00382338 	
6.585	2.82501 	-0.255441 	11.3229 	0.053572 	0.902386 	-0.00382378 	
6.59	2.82503 	-0.255496 	11.3229 	0.053577 	0.902364 	-0.0038242 	
6.595	2.82504 	-0.255543 	11.3228 	0.0535812 	0.90234 	-0.00382468 	
6.6	2.82467 	-0.255619 	11.3226 	0.0535888 	0.902271 	-0.00382368 	
6.605	2.82478 	-0.255639 	11.3226 	0.0535907 	0.902259 	-0.00382472 	
6.61	2.82481 	-0.255665 	11.3225 	0.0535933 	0.902238 	-0.00382548 	
6.615	2.82481 	-0.255686 	11.3225 	0.0535954 	0.902213 	-0.00382622 	
6.62	2.87262 	-0.270239 	11.3252 	0.0546829 	0.906341 	-0.00384693 	
6.625	2.85613 	-0.26525 	11.3242 	0.0543103 	0.904888 	-0.00384091 	
6.63	2.85163 	-0.263897 	11.3239 	0.0542102 	0.904476 	-0.00383999 	
6.635	2.84764 	-0.262712 	11.3236 	0.0541225 	0.904104 	-0.00383899 	
6.64	2.84385 	-0.261614 	11.3233 	0.0540415 	0.90374 	-0.00383892 	
6.645	2.84114 	-0.260792 	11.323 	0.0539808 	0.903483 	-0.00383833 	
6.65	2.4898 	-0.220684 	11.273 	0.050607 	0.869794 	0.000788962 	
6.655	2.60824 	-0.233591 	11.2901 	0.0516937 	0.881168 	-0.000802041 	
6.66	2.40589 	-0.160663 	11.267 	0.0461403 	0.862284 	-0.000687267 	
6.665	1.99101 	-0.269812 	11.0378 	0.0553681 	0.798004 	-0.00204492 	
6.67	2.2163 	-0.251887 	11.1273 	0.0537237 	0.8279 	-0.00214487 	
6.675	2.30504 	-0.252471 	11.1556 	0.0537083 	0.838661 	-0.00239001 	
6.68	2.38042 	-0.252925 	11.1796 	0.0536925 	0.847799 	-0.00259826 	
6.685	2.445 	-0.25334 	11.2001 	0.053681 	0.855629 	-0.00277739 	
6.69	2.50055 	-0.25348 	11.218 	0.0536542 	0.862391 	-0.00293332 	
6.695	2.54752 	-0.253845 	11.2329 	0.053651 	0.868072 	-0.00306359 	
6.7	2.58764 	-0.254116 	11.2456 	0.0536452 	0.872929 	-0.0031754 	
6.705	2.62191 	-0.254345 	11.2565 	0.0536402 	0.877074 	-0.00327101 	
6.71	2.27266 	-0.190754 	11.1497 	0.0489337 	0.834422 	-0.00382255 	
6.715	2.02394 	-0.213481 	11.0657 	0.0510259 	0.801913 	-0.00444364 	
6.72	2.21924 	-0.219491 	11.1289 	0.051289 	0.826527 	-0.00419312 	
6.725	2.3126 	-0.224988 	11.1588 	0.051637 	0.838142 	-0.00413844 	
6.73	2.38591 	-0.229426 	11.1819 	0.0519184 	0.847216 	-0.00408266 	
6.735	2.52049 	-0.168322 	11.2845 	0.0470569 	0.872399 	-0.00438487 	
6.74	2.3597 	-0.175113 	11.2487 	0.0478752 	0.854004 	-0.00403965 	
6.745	2.46325 	-0.190469 	11.2638 	0.0489015 	0.864556 	-0.00401107 	
6.75	2.51523 	-0.200027 	11.2718 	0.04958 	0.869855 	-0.00396599 	
6.755	2.55984 	-0.208193 	11.2787 	0.0501603 	0.874406 	-0.00392885 	
6.76	2.59403 	-0.214283 	11.2839 	0.0505883 	0.877879 	-0.00389256 	
6.765	2.62793 	-0.220536 	11.2891 	0.0510348 	0.881338 	-0.00386775 	
6.77	2.65575 	-0.225655 	11.2934 	0.0513995 	0.884166 	-0.00384563 	
6.775	2.67955 	-0.230035 	11.297 	0.0517116 	0.886582 	-0.0038268 	
6.78	2.46293 	-0.200953 	11.2437 	0.0498175 	0.861258 	-0.00388858 	
6.785	2.56159 	-0.214746 	11.2664 	0.0507382 	0.872502 	-0.00389166 	
