0	-0.0104961 	-0.000607109 	-1.74306 	0.26553 	0.164412 	-0.206081 	
0.005	-0.0105905 	-0.000580041 	-1.74311 	0.265534 	0.164411 	-0.206829 	
0.01	-0.0104538 	-0.00065755 	-1.74308 	0.265638 	0.164694 	-0.207573 	
0.015	-0.010465 	-0.000673202 	-1.74304 	0.265602 	0.164614 	-0.206783 	
0.02	-0.0104346 	-0.000732962 	-1.74305 	0.26567 	0.164841 	-0.206119 	
0.025	-0.0103704 	-0.000830037 	-1.74308 	0.26582 	0.165314 	-0.205554 	
0.03	-0.0104229 	-0.000835631 	-1.74296 	0.265687 	0.164898 	-0.206104 	
0.035	-0.010425 	-0.000893222 	-1.74289 	0.265676 	0.164857 	-0.206511 	
0.04	-0.0103866 	-0.000994325 	-1.74286 	0.265764 	0.165116 	-0.206805 	
0.045	-0.0103158 	-0.0011322 	-1.74286 	0.265931 	0.165613 	-0.207006 	
0.05	-0.0103591 	-0.00118476 	-1.74271 	0.265811 	0.165269 	-0.206322 	
0.055	-0.0103534 	-0.00128763 	-1.74262 	0.265811 	0.165284 	-0.205743 	
0.06	-0.0103085 	-0.00143265 	-1.74255 	0.265907 	0.165588 	-0.205247 	
0.065	-0.0102322 	-0.00161337 	-1.74252 	0.266081 	0.166122 	-0.204818 	
0.07	-0.0102643 	-0.00171044 	-1.74235 	0.265988 	0.165836 	-0.205492 	
0.075	-0.0102493 	-0.00185661 	-1.74222 	0.26601 	0.165899 	-0.205999 	
0.08	-0.0101967 	-0.00204399 	-1.74212 	0.266124 	0.166241 	-0.206372 	
0.085	-0.0101138 	-0.00226629 	-1.74205 	0.266312 	0.166806 	-0.206639 	
0.09	-0.0101367 	-0.00240996 	-1.74185 	0.266233 	0.16659 	-0.205578 	
0.095	-0.010114 	-0.00260108 	-1.7417 	0.266266 	0.166708 	-0.204697 	
0.1	-0.0100549 	-0.00283207 	-1.74157 	0.266389 	0.167094 	-0.203961 	
0.105	-0.0100353 	-0.0030381 	-1.74139 	0.266416 	0.167178 	-0.204526 	
0.11	-0.00997841 	-0.00328486 	-1.74124 	0.266533 	0.167536 	-0.204946 	
0.115	-0.00989169 	-0.00356615 	-1.74112 	0.266722 	0.168114 	-0.205251 	
0.12	-0.00978101 	-0.00387705 	-1.74101 	0.26697 	0.168867 	-0.205463 	
0.125	-0.00982575 	-0.00406627 	-1.74071 	0.266831 	0.168468 	-0.20442 	
0.13	-0.00982006 	-0.00430721 	-1.74047 	0.266816 	0.168439 	-0.203553 	
0.135	-0.00977402 	-0.00459139 	-1.74026 	0.266899 	0.168707 	-0.202829 	
0.14	-0.00969562 	-0.00491209 	-1.74007 	0.267063 	0.169212 	-0.202219 	
0.145	-0.00964319 	-0.00522045 	-1.73985 	0.267159 	0.169525 	-0.202983 	
0.15	-0.00955955 	-0.00556432 	-1.73966 	0.267333 	0.170065 	-0.203564 	
0.155	-0.00945088 	-0.00593855 	-1.73948 	0.267568 	0.170788 	-0.203997 	
0.16	-0.00944554 	-0.00623413 	-1.73917 	0.267546 	0.170742 	-0.202952 	
0.165	-0.00939937 	-0.0065734 	-1.7389 	0.267624 	0.170996 	-0.202084 	
0.17	-0.00932052 	-0.00694951 	-1.73866 	0.267783 	0.171489 	-0.201359 	
0.175	-0.00921546 	-0.00735704 	-1.73844 	0.268005 	0.172173 	-0.200748 	
0.18	-0.00918703 	-0.00771052 	-1.73812 	0.268033 	0.1723 	-0.201311 	
0.185	-0.00912219 	-0.00810364 	-1.73783 	0.26815 	0.172692 	-0.201731 	
0.19	-0.00902819 	-0.00853039 	-1.73757 	0.26834 	0.173295 	-0.202036 	
0.195	-0.00897716 	-0.00892873 	-1.73725 	0.268425 	0.173572 	-0.201035 	
0.2	-0.0088941 	-0.00936334 	-1.73695 	0.268588 	0.174083 	-0.200204 	
0.205	-0.00878538 	-0.00982887 	-1.73667 	0.268815 	0.174782 	-0.199508 	
0.21	-0.0086561 	-0.0103211 	-1.73641 	0.269092 	0.175629 	-0.19892 	
0.215	-0.00864564 	-0.0107244 	-1.73601 	0.269065 	0.17562 	-0.19928 	
0.22	-0.00859486 	-0.0111704 	-1.73564 	0.269139 	0.175901 	-0.199536 	
0.225	-0.00851182 	-0.0116524 	-1.73529 	0.269293 	0.176415 	-0.199711 	
0.23	-0.00840294 	-0.0121651 	-1.73497 	0.269513 	0.177115 	-0.19982 	
0.235	-0.00832509 	-0.0126592 	-1.7346 	0.269657 	0.177578 	-0.198486 	
0.24	-0.00822029 	-0.0131853 	-1.73425 	0.269867 	0.178236 	-0.197389 	
0.245	-0.00809392 	-0.0137388 	-1.73391 	0.270131 	0.17905 	-0.19648 	
0.25	-0.00804214 	-0.0142414 	-1.73349 	0.270199 	0.179339 	-0.196781 	
0.255	-0.00795811 	-0.0147796 	-1.73309 	0.270349 	0.179858 	-0.19699 	
0.26	-0.00784829 	-0.0153483 	-1.73271 	0.270564 	0.180561 	-0.197128 	
0.265	-0.00771781 	-0.0159431 	-1.73234 	0.270832 	0.18141 	-0.197207 	
0.27	-0.00765743 	-0.0164872 	-1.73188 	0.270923 	0.181746 	-0.195836 	
0.275	-0.00756646 	-0.0170658 	-1.73145 	0.27109 	0.182302 	-0.194708 	
0.28	-0.00745102 	-0.017674 	-1.73104 	0.27132 	0.183033 	-0.193776 	
0.285	-0.00731601 	-0.0183076 	-1.73063 	0.271599 	0.183903 	-0.193 	
0.29	-0.00724862 	-0.018898 	-1.73015 	0.271694 	0.184316 	-0.193516 	
0.295	-0.00715202 	-0.019521 	-1.72969 	0.271865 	0.184932 	-0.193899 	
0.3	-0.00703206 	-0.0201717 	-1.72925 	0.272098 	0.18571 	-0.194175 	
0.305	-0.00693634 	-0.020809 	-1.72876 	0.272271 	0.186301 	-0.192854 	
0.31	-0.00681709 	-0.0214747 	-1.7283 	0.272505 	0.187058 	-0.191766 	
0.315	-0.00667902 	-0.0221649 	-1.72784 	0.272787 	0.187948 	-0.190866 	
0.32	-0.00652591 	-0.0228766 	-1.72739 	0.273108 	0.188944 	-0.190115 	
0.325	-0.00636077 	-0.0236072 	-1.72694 	0.273459 	0.190023 	-0.189485 	
0.33	-0.00634383 	-0.0242316 	-1.72633 	0.273408 	0.190109 	-0.189881 	
0.335	-0.0062876 	-0.0248957 	-1.72576 	0.273462 	0.19046 	-0.190167 	
0.34	-0.00620002 	-0.0255933 	-1.72521 	0.273599 	0.191023 	-0.190366 	
0.345	-0.00604121 	-0.0263544 	-1.72472 	0.273931 	0.192061 	-0.188988 	
0.35	-0.00587163 	-0.0271332 	-1.72422 	0.274291 	0.193172 	-0.187855 	
0.355	-0.00569344 	-0.0279278 	-1.72373 	0.274674 	0.194342 	-0.186918 	
0.36	-0.00550839 	-0.0287369 	-1.72323 	0.275074 	0.195559 	-0.186139 	
0.365	-0.00549714 	-0.0294211 	-1.72256 	0.274997 	0.195629 	-0.186306 	
0.37	-0.00544564 	-0.0301449 	-1.72193 	0.275029 	0.195966 	-0.18641 	
0.375	-0.00536203 	-0.030902 	-1.72131 	0.275149 	0.196515 	-0.186463 	
0.38	-0.00518216 	-0.0317442 	-1.72077 	0.27553 	0.197712 	-0.185186 	
0.385	-0.00499597 	-0.0325996 	-1.72023 	0.275928 	0.198949 	-0.184135 	
0.39	-0.00480476 	-0.0334673 	-1.71968 	0.276341 	0.200216 	-0.183263 	
0.395	-0.00460958 	-0.0343466 	-1.71913 	0.276765 	0.201508 	-0.182536 	
0.4	-0.00441129 	-0.0352367 	-1.71857 	0.277198 	0.202818 	-0.181923 	
0.405	-0.00445458 	-0.0359532 	-1.71779 	0.276954 	0.202576 	-0.181868 	
0.41	-0.00444701 	-0.0367159 	-1.71704 	0.276853 	0.202659 	-0.181794 	
0.415	-0.0043989 	-0.0375172 	-1.71632 	0.276866 	0.203002 	-0.181704 	
0.42	-0.00415588 	-0.0384803 	-1.71577 	0.277414 	0.204635 	-0.180461 	
0.425	-0.00391962 	-0.0394458 	-1.7152 	0.277946 	0.206216 	-0.179436 	
0.43	-0.0036888 	-0.0404146 	-1.71461 	0.278465 	0.207754 	-0.178586 	
0.435	-0.00346243 	-0.0413879 	-1.71401 	0.278974 	0.209259 	-0.177875 	
0.44	-0.00350402 	-0.0421691 	-1.71318 	0.278722 	0.209072 	-0.177593 	
0.445	-0.00349556 	-0.0429948 	-1.71238 	0.278614 	0.209197 	-0.177338 	
0.45	-0.00344722 	-0.0438576 	-1.7116 	0.278621 	0.209569 	-0.177104 	
0.455	-0.00319633 	-0.0448898 	-1.71099 	0.279185 	0.211276 	-0.175959 	
0.46	-0.00295431 	-0.0459214 	-1.71036 	0.27973 	0.212913 	-0.175013 	
0.465	-0.00271944 	-0.0469542 	-1.70971 	0.280258 	0.214493 	-0.174225 	
0.47	-0.0024904 	-0.0479893 	-1.70905 	0.280774 	0.216026 	-0.173565 	
0.475	-0.00252486 	-0.04884 	-1.70817 	0.280528 	0.215942 	-0.173037 	
0.48	-0.0025113 	-0.0497318 	-1.70732 	0.280423 	0.216145 	-0.172585 	
0.485	-0.0024595 	-0.0506582 	-1.70648 	0.280433 	0.216576 	-0.172193 	
0.49	-0.00220413 	-0.0517552 	-1.70581 	0.281007 	0.218336 	-0.171144 	
0.495	-0.00195921 	-0.0528492 	-1.70512 	0.281559 	0.220011 	-0.170275 	
0.5	-0.00172271 	-0.0539423 	-1.70442 	0.282093 	0.221617 	-0.169548 	
0.505	-0.00149307 	-0.0550362 	-1.70369 	0.282612 	0.223167 	-0.168936 	
0.51	-0.00152026 	-0.0559564 	-1.70276 	0.28237 	0.223198 	-0.168174 	
0.515	-0.00150161 	-0.0569143 	-1.70186 	0.282269 	0.223487 	-0.167534 	
0.52	-0.0014465 	-0.0579035 	-1.70098 	0.28228 	0.223984 	-0.166991 	
0.525	-0.00136235 	-0.0589194 	-1.7001 	0.282381 	0.224645 	-0.166527 	
0.53	-0.001051 	-0.0601322 	-1.69941 	0.283106 	0.226811 	-0.165356 	
0.535	-0.00076223 	-0.0613306 	-1.69869 	0.283777 	0.228806 	-0.164388 	
0.54	-0.000491582 	-0.0625188 	-1.69793 	0.284406 	0.230662 	-0.163583 	
0.545	-0.000495159 	-0.0635108 	-1.69697 	0.284235 	0.230859 	-0.162893 	
0.55	-0.000458512 	-0.0645358 	-1.69602 	0.284189 	0.231277 	-0.162311 	
0.555	-0.000389902 	-0.0655885 	-1.69509 	0.284245 	0.231871 	-0.161815 	
0.56	-0.000295857 	-0.0666648 	-1.69417 	0.284381 	0.232605 	-0.161387 	
0.565	-1.36667e-05 	-0.0679249 	-1.6934 	0.285002 	0.234682 	-0.160026 	
0.57	0.000250807 	-0.0691705 	-1.6926 	0.285589 	0.2366 	-0.158906 	
0.575	0.000501031 	-0.0704058 	-1.69177 	0.286151 	0.238389 	-0.157979 	
0.58	0.000739669 	-0.071634 	-1.69092 	0.286691 	0.240076 	-0.157207 	
0.585	0.000687645 	-0.0726515 	-1.68987 	0.286377 	0.240022 	-0.156576 	
0.59	0.000684465 	-0.0737074 	-1.68883 	0.286217 	0.240233 	-0.156041 	
0.595	0.00072012 	-0.074795 	-1.68781 	0.28618 	0.240656 	-0.155583 	
0.6	0.00100398 	-0.0761103 	-1.68698 	0.286815 	0.242757 	-0.154338 	
0.605	0.00126871 	-0.077409 	-1.68611 	0.287413 	0.244689 	-0.153311 	
0.61	0.00151807 	-0.0786955 	-1.68523 	0.287982 	0.246484 	-0.152459 	
0.615	0.00175492 	-0.0799735 	-1.68432 	0.288528 	0.24817 	-0.151746 	
0.62	0.00171163 	-0.0810632 	-1.68322 	0.288215 	0.248285 	-0.150854 	
0.625	0.0017143 	-0.0821853 	-1.68214 	0.288055 	0.248625 	-0.15011 	
0.63	0.00175349 	-0.0833345 	-1.68108 	0.288018 	0.249146 	-0.149484 	
0.635	0.00202886 	-0.0846942 	-1.68018 	0.28864 	0.251206 	-0.148367 	
0.64	0.00228564 	-0.0860366 	-1.67925 	0.289227 	0.253099 	-0.147443 	
0.645	0.00252744 	-0.0873664 	-1.67829 	0.289787 	0.254858 	-0.146672 	
0.65	0.00275703 	-0.0886871 	-1.67732 	0.290324 	0.256508 	-0.146024 	
0.655	0.00272165 	-0.089848 	-1.67619 	0.29001 	0.256795 	-0.144887 	
0.66	0.00272939 	-0.091035 	-1.67507 	0.289848 	0.257267 	-0.143946 	
0.665	0.00277138 	-0.0922441 	-1.67396 	0.289809 	0.257887 	-0.143162 	
0.67	0.00284058 	-0.093472 	-1.67286 	0.289867 	0.258624 	-0.142505 	
0.675	0.00316837 	-0.0949383 	-1.67192 	0.290642 	0.261067 	-0.141338 	
0.68	0.00346558 	-0.0963752 	-1.67095 	0.291351 	0.263259 	-0.140374 	
0.685	0.00373823 	-0.0977893 	-1.66995 	0.292007 	0.26525 	-0.139571 	
0.69	0.0037177 	-0.0990013 	-1.66878 	0.291756 	0.265622 	-0.138559 	
0.695	0.00373599 	-0.100237 	-1.66761 	0.291644 	0.266155 	-0.137718 	
0.7	0.00378508 	-0.101492 	-1.66645 	0.291643 	0.266818 	-0.137014 	
0.705	0.0038586 	-0.102763 	-1.6653 	0.291731 	0.267583 	-0.136421 	
0.71	0.00415227 	-0.104275 	-1.6643 	0.292377 	0.269974 	-0.135023 	
0.715	0.00442078 	-0.105755 	-1.66326 	0.292982 	0.272118 	-0.133874 	
0.72	0.00466905 	-0.107211 	-1.66219 	0.293554 	0.274063 	-0.132924 	
0.725	0.0046681 	-0.108475 	-1.66098 	0.293381 	0.274546 	-0.132029 	
0.73	0.00470064 	-0.109759 	-1.65977 	0.293331 	0.275162 	-0.131283 	
0.735	0.00475969 	-0.111059 	-1.65857 	0.29338 	0.275884 	-0.130655 	
0.74	0.00497591 	-0.112545 	-1.65747 	0.29381 	0.277825 	-0.129363 	
0.745	0.00518125 	-0.114011 	-1.65635 	0.294242 	0.279603 	-0.128298 	
0.75	0.00537776 	-0.115459 	-1.65521 	0.294676 	0.28125 	-0.127416 	
0.755	0.00556697 	-0.116896 	-1.65405 	0.29511 	0.282791 	-0.126678 	
0.76	0.00575015 	-0.118323 	-1.65287 	0.295545 	0.284247 	-0.126058 	
0.765	0.0057129 	-0.119658 	-1.65161 	0.295186 	0.284836 	-0.124615 	
0.77	0.00571469 	-0.121005 	-1.65035 	0.294987 	0.285529 	-0.12343 	
0.775	0.00574747 	-0.122363 	-1.64909 	0.294915 	0.286304 	-0.122452 	
0.78	0.00580483 	-0.12373 	-1.64784 	0.294944 	0.287143 	-0.121639 	
0.785	0.00610474 	-0.125323 	-1.6467 	0.295673 	0.289525 	-0.120591 	
0.79	0.00637506 	-0.126881 	-1.64554 	0.296343 	0.291647 	-0.119721 	
0.795	0.00662158 	-0.128411 	-1.64435 	0.296965 	0.29356 	-0.118995 	
0.8	0.00659027 	-0.129775 	-1.64304 	0.296657 	0.294149 	-0.117718 	
0.805	0.00659529 	-0.131151 	-1.64174 	0.296497 	0.294834 	-0.116665 	
0.81	0.00662911 	-0.132537 	-1.64043 	0.296456 	0.295596 	-0.115793 	
0.815	0.00668575 	-0.133932 	-1.63912 	0.29651 	0.296418 	-0.115065 	
0.82	0.00694912 	-0.135569 	-1.63793 	0.297091 	0.298786 	-0.113757 	
0.825	0.0071886 	-0.137166 	-1.63671 	0.297643 	0.300889 	-0.112681 	
0.83	0.00740887 	-0.138733 	-1.63547 	0.298169 	0.302779 	-0.111789 	
0.835	0.00739221 	-0.14013 	-1.63412 	0.29794 	0.303414 	-0.110674 	
0.84	0.00740738 	-0.141536 	-1.63277 	0.297843 	0.30413 	-0.109752 	
0.845	0.00744773 	-0.142951 	-1.63142 	0.297851 	0.304908 	-0.108985 	
0.85	0.00750802 	-0.144373 	-1.63007 	0.297943 	0.305735 	-0.108341 	
0.855	0.0077352 	-0.14605 	-1.62882 	0.298381 	0.308089 	-0.106798 	
0.86	0.0079441 	-0.147684 	-1.62755 	0.298816 	0.310173 	-0.105533 	
0.865	0.0081383 	-0.149283 	-1.62625 	0.29925 	0.312041 	-0.104491 	
0.87	0.00832048 	-0.150856 	-1.62493 	0.299681 	0.313734 	-0.103628 	
0.875	0.00824909 	-0.15224 	-1.62352 	0.299302 	0.314079 	-0.102568 	
0.88	0.00821873 	-0.15364 	-1.6221 	0.299084 	0.314554 	-0.101691 	
0.885	0.00822093 	-0.155053 	-1.62069 	0.298995 	0.315131 	-0.100959 	
0.89	0.0084376 	-0.156738 	-1.61939 	0.299445 	0.317367 	-0.0996027 	
0.895	0.00863653 	-0.158381 	-1.61806 	0.299889 	0.319349 	-0.0984876 	
0.9	0.00882118 	-0.159991 	-1.61671 	0.300329 	0.321128 	-0.097566 	
0.905	0.00899414 	-0.161575 	-1.61534 	0.300765 	0.322742 	-0.0967989 	
0.91	0.00891991 	-0.163022 	-1.6139 	0.300334 	0.323293 	-0.095478 	
0.915	0.00888565 	-0.164475 	-1.61246 	0.300073 	0.323925 	-0.0943921 	
0.92	0.0088831 	-0.165934 	-1.61102 	0.299948 	0.324619 	-0.0934943 	
0.925	0.00908243 	-0.167615 	-1.60965 	0.30039 	0.326692 	-0.0923216 	
0.93	0.00926594 	-0.169258 	-1.60827 	0.300828 	0.328536 	-0.0913543 	
0.935	0.00943667 	-0.17087 	-1.60687 	0.301261 	0.330196 	-0.0905513 	
0.94	0.00959694 	-0.172458 	-1.60545 	0.301691 	0.331708 	-0.0898798 	
0.945	0.00951804 	-0.173962 	-1.60399 	0.301206 	0.332447 	-0.0883248 	
0.95	0.00947841 	-0.175463 	-1.60252 	0.3009 	0.333222 	-0.0870522 	
0.955	0.00946998 	-0.176963 	-1.60105 	0.300739 	0.334023 	-0.0860057 	
0.96	0.00948628 	-0.17846 	-1.59958 	0.300694 	0.334844 	-0.0851402 	
0.965	0.00971975 	-0.180202 	-1.59818 	0.301263 	0.337149 	-0.0840288 	
0.97	0.00992874 	-0.181896 	-1.59675 	0.301801 	0.339169 	-0.0831112 	
0.975	0.010118 	-0.18355 	-1.59531 	0.302314 	0.340961 	-0.0823487 	
0.98	0.0100457 	-0.185055 	-1.59381 	0.301899 	0.341645 	-0.0809956 	
0.985	0.0100098 	-0.186558 	-1.59231 	0.301649 	0.342366 	-0.0798852 	
0.99	0.0100028 	-0.188059 	-1.59081 	0.301532 	0.343117 	-0.078969 	
0.995	0.0100187 	-0.18956 	-1.5893 	0.301521 	0.343892 	-0.0782082 	
1	0.0102093 	-0.191332 	-1.58786 	0.301912 	0.346196 	-0.0768459 	
1.005	0.0103824 	-0.193051 	-1.5864 	0.302307 	0.348209 	-0.0757282 	
1.01	0.0105414 	-0.194726 	-1.58492 	0.302705 	0.349987 	-0.0748065 	
1.015	0.010689 	-0.196366 	-1.58343 	0.303105 	0.351577 	-0.0740414 	
1.02	0.0105549 	-0.197835 	-1.58189 	0.302507 	0.351951 	-0.0726925 	
1.025	0.0104679 	-0.199309 	-1.58034 	0.302111 	0.352417 	-0.0715864 	
1.03	0.0104185 	-0.200788 	-1.5788 	0.301875 	0.352955 	-0.0706746 	
1.035	0.0105983 	-0.202543 	-1.57731 	0.302288 	0.355097 	-0.0695107 	
1.04	0.0107614 	-0.204246 	-1.57581 	0.302699 	0.356972 	-0.0685525 	
1.045	0.010911 	-0.205909 	-1.5743 	0.303109 	0.358633 	-0.0677591 	
1.05	0.0108459 	-0.207451 	-1.57275 	0.302741 	0.359423 	-0.066466 	
1.055	0.0108128 	-0.208983 	-1.5712 	0.302529 	0.360214 	-0.065405 	
1.06	0.0108051 	-0.210509 	-1.56964 	0.302439 	0.361005 	-0.0645299 	
1.065	0.0108176 	-0.212028 	-1.56809 	0.302449 	0.361796 	-0.0638036 	
1.07	0.0109431 	-0.213796 	-1.56657 	0.302642 	0.363887 	-0.0623901 	
1.075	0.0110614 	-0.215511 	-1.56504 	0.302878 	0.365713 	-0.0612332 	
1.08	0.0111737 	-0.217181 	-1.56349 	0.303146 	0.367328 	-0.0602817 	
1.085	0.0112812 	-0.218817 	-1.56194 	0.303441 	0.368772 	-0.0594945 	
1.09	0.011168 	-0.220319 	-1.56036 	0.302939 	0.3693 	-0.0582392 	
1.095	0.0110949 	-0.221818 	-1.55878 	0.302618 	0.369875 	-0.0572095 	
1.1	0.0110538 	-0.223315 	-1.55721 	0.302441 	0.370485 	-0.0563605 	
1.105	0.011038 	-0.22481 	-1.55562 	0.302379 	0.371123 	-0.0556561 	
1.11	0.0111955 	-0.226637 	-1.55408 	0.302676 	0.373498 	-0.0542254 	
1.115	0.0113377 	-0.228396 	-1.55253 	0.302993 	0.375544 	-0.0530558 	
1.12	0.0114677 	-0.230101 	-1.55096 	0.303325 	0.377325 	-0.0520952 	
1.125	0.0113632 	-0.231579 	-1.54937 	0.302905 	0.377771 	-0.0510428 	
1.13	0.0112959 	-0.233057 	-1.54777 	0.302647 	0.378272 	-0.0501763 	
1.135	0.011258 	-0.234535 	-1.54618 	0.302521 	0.378817 	-0.0494588 	
1.14	0.0113414 	-0.236272 	-1.54461 	0.30262 	0.380685 	-0.0481395 	
1.145	0.0114233 	-0.237957 	-1.54303 	0.302779 	0.38232 	-0.0470598 	
1.15	0.0115042 	-0.2396 	-1.54144 	0.302985 	0.383767 	-0.0461721 	
1.155	0.011584 	-0.241208 	-1.53985 	0.303228 	0.385063 	-0.0454378 	
1.16	0.0114703 	-0.242735 	-1.53825 	0.302718 	0.385744 	-0.0441385 	
1.165	0.0113944 	-0.24425 	-1.53665 	0.302388 	0.386426 	-0.0430756 	
1.17	0.0113485 	-0.245754 	-1.53505 	0.302203 	0.387108 	-0.0422019 	
1.175	0.0113266 	-0.247249 	-1.53346 	0.302133 	0.38779 	-0.0414797 	
1.18	0.0114276 	-0.24901 	-1.53187 	0.302301 	0.389809 	-0.0401874 	
1.185	0.0115224 	-0.250711 	-1.53027 	0.302513 	0.391557 	-0.0391305 	
1.19	0.0116123 	-0.252362 	-1.52867 	0.302761 	0.393087 	-0.0382621 	
1.195	0.0116981 	-0.253973 	-1.52707 	0.303037 	0.394442 	-0.0375444 	
1.2	0.011525 	-0.25543 	-1.52547 	0.302349 	0.394788 	-0.0362754 	
1.205	0.0114005 	-0.256883 	-1.52386 	0.301876 	0.395196 	-0.0352379 	
1.21	0.0113147 	-0.258334 	-1.52226 	0.301575 	0.395651 	-0.0343858 	
1.215	0.011413 	-0.260046 	-1.52066 	0.301795 	0.397492 	-0.0333035 	
1.22	0.0115046 	-0.261704 	-1.51906 	0.302048 	0.399091 	-0.0324157 	
1.225	0.0115911 	-0.263316 	-1.51745 	0.302328 	0.400496 	-0.0316835 	
1.23	0.0114776 	-0.264817 	-1.51585 	0.301848 	0.401171 	-0.0304865 	
1.235	0.0113999 	-0.266303 	-1.51425 	0.301542 	0.401837 	-0.0295074 	
1.24	0.0113506 	-0.267775 	-1.51265 	0.301373 	0.402494 	-0.0287029 	
1.245	0.0113239 	-0.269236 	-1.51105 	0.301316 	0.403143 	-0.028038 	
1.25	0.0113663 	-0.270938 	-1.50945 	0.301303 	0.404921 	-0.0267462 	
1.255	0.0114125 	-0.272582 	-1.50784 	0.30137 	0.406463 	-0.0256919 	
1.26	0.0114616 	-0.274178 	-1.50624 	0.301501 	0.407818 	-0.0248276 	
1.265	0.0115131 	-0.275735 	-1.50464 	0.301681 	0.409021 	-0.0241155 	
1.27	0.01136 	-0.277167 	-1.50305 	0.30109 	0.409439 	-0.0229795 	
1.275	0.0112497 	-0.27859 	-1.50146 	0.300694 	0.409893 	-0.0220506 	
1.28	0.0111736 	-0.280006 	-1.49987 	0.300453 	0.410374 	-0.0212873 	
1.285	0.0111246 	-0.281415 	-1.49829 	0.300337 	0.410877 	-0.0206567 	
1.29	0.0111933 	-0.283139 	-1.49668 	0.300413 	0.412866 	-0.0193761 	
1.295	0.0112596 	-0.284794 	-1.49508 	0.300551 	0.414572 	-0.0183319 	
1.3	0.011324 	-0.286393 	-1.49349 	0.300736 	0.416051 	-0.017477 	
1.305	0.0113868 	-0.287945 	-1.49189 	0.30096 	0.417348 	-0.0167735 	
1.31	0.0111754 	-0.28927 	-1.49033 	0.3002 	0.417365 	-0.0157164 	
1.315	0.0110179 	-0.2906 	-1.48876 	0.299668 	0.417492 	-0.0148517 	
1.32	0.0109033 	-0.291934 	-1.4872 	0.299318 	0.417708 	-0.0141411 	
1.325	0.0109747 	-0.293592 	-1.48561 	0.299464 	0.419514 	-0.0130712 	
1.33	0.0110426 	-0.295187 	-1.48402 	0.299657 	0.421069 	-0.0121967 	
1.335	0.0111078 	-0.296731 	-1.48244 	0.299886 	0.422423 	-0.0114785 	
1.34	0.010961 	-0.298106 	-1.48088 	0.299339 	0.422835 	-0.0104522 	
1.345	0.0108545 	-0.299471 	-1.47933 	0.298977 	0.423275 	-0.00961308 	
1.35	0.0107803 	-0.300827 	-1.47779 	0.298763 	0.423737 	-0.00892369 	
1.355	0.0107317 	-0.302175 	-1.47624 	0.298667 	0.424215 	-0.00835421 	
1.36	0.0107451 	-0.303795 	-1.47467 	0.298577 	0.425902 	-0.00712326 	
1.365	0.0107662 	-0.305352 	-1.4731 	0.29858 	0.427358 	-0.00612084 	
1.37	0.0107935 	-0.306858 	-1.47154 	0.298657 	0.42863 	-0.00530142 	
1.375	0.0108258 	-0.308321 	-1.46999 	0.298794 	0.429753 	-0.00462841 	
1.38	0.0106424 	-0.309597 	-1.46848 	0.298148 	0.429866 	-0.00369633 	
1.385	0.0105064 	-0.310873 	-1.46697 	0.297707 	0.430063 	-0.00293365 	
1.39	0.0104082 	-0.312149 	-1.46546 	0.297428 	0.430326 	-0.00230659 	
1.395	0.0103401 	-0.313423 	-1.46396 	0.297281 	0.430642 	-0.00178812 	
1.4	0.0103839 	-0.315058 	-1.4624 	0.297285 	0.432574 	-0.000551785 	
1.405	0.0104289 	-0.316619 	-1.46086 	0.297363 	0.434222 	0.000453837 	
1.41	0.0104751 	-0.318118 	-1.45932 	0.2975 	0.435643 	0.00127469 	
1.415	0.0103137 	-0.31933 	-1.45785 	0.296976 	0.435681 	0.002016 	
1.42	0.010195 	-0.320546 	-1.45638 	0.296631 	0.435816 	0.00262514 	
1.425	0.0101105 	-0.321765 	-1.45491 	0.296429 	0.436026 	0.00312851 	
1.43	0.0100994 	-0.323259 	-1.4534 	0.296298 	0.437442 	0.00420507 	
1.435	0.0101006 	-0.324697 	-1.4519 	0.296267 	0.438676 	0.00508208 	
1.44	0.0101116 	-0.32609 	-1.45041 	0.296317 	0.439763 	0.00579931 	
1.445	0.0101304 	-0.327446 	-1.44893 	0.296431 	0.440734 	0.00638871 	
1.45	0.0101556 	-0.32877 	-1.44747 	0.296596 	0.441611 	0.00687584 	
1.455	0.00991517 	-0.329963 	-1.44604 	0.295689 	0.441672 	0.00797832 	
1.46	0.00973319 	-0.331154 	-1.44462 	0.295037 	0.441822 	0.00887531 	
1.465	0.00959794 	-0.332342 	-1.4432 	0.294589 	0.442042 	0.00960776 	
1.47	0.00950005 	-0.333526 	-1.44179 	0.294305 	0.442319 	0.0102085 	
1.475	0.00958805 	-0.335007 	-1.44032 	0.294582 	0.444016 	0.0110029 	
1.48	0.00966838 	-0.336424 	-1.43886 	0.294877 	0.445472 	0.0116531 	
1.485	0.00974271 	-0.337787 	-1.43741 	0.295187 	0.446735 	0.0121878 	
1.49	0.00952815 	-0.338905 	-1.43605 	0.294415 	0.446716 	0.0130946 	
1.495	0.00936692 	-0.340025 	-1.43468 	0.293871 	0.4468 	0.0138343 	
1.5	0.00924833 	-0.341146 	-1.43332 	0.29351 	0.446966 	0.0144402 	
1.505	0.00916387 	-0.342266 	-1.43196 	0.293295 	0.447199 	0.014939 	
1.51	0.00920169 	-0.343687 	-1.43054 	0.293361 	0.448773 	0.0158485 	
1.515	0.00924206 	-0.345044 	-1.42913 	0.293487 	0.45013 	0.0165901 	
1.52	0.0092846 	-0.346349 	-1.42774 	0.293661 	0.451313 	0.0171972 	
1.525	0.00910477 	-0.347401 	-1.42643 	0.29305 	0.451281 	0.0179236 	
1.53	0.0089715 	-0.348458 	-1.42512 	0.292634 	0.451353 	0.0185183 	
1.535	0.00887548 	-0.349518 	-1.42382 	0.292375 	0.451511 	0.0190075 	
1.54	0.00880929 	-0.350578 	-1.42253 	0.292242 	0.451735 	0.0194124 	
1.545	0.00880156 	-0.351928 	-1.42116 	0.292118 	0.453173 	0.0204078 	
1.55	0.0088058 	-0.353217 	-1.41981 	0.292093 	0.45442 	0.0212173 	
1.555	0.00881977 	-0.354457 	-1.41849 	0.292146 	0.455516 	0.021878 	
1.56	0.00884156 	-0.355654 	-1.41718 	0.292262 	0.456489 	0.0224198 	
1.565	0.00862976 	-0.356561 	-1.41596 	0.291564 	0.456108 	0.0230238 	
1.57	0.00847137 	-0.35749 	-1.41475 	0.291079 	0.455902 	0.0235199 	
1.575	0.00835572 	-0.358433 	-1.41354 	0.290765 	0.455837 	0.0239295 	
1.58	0.00827429 	-0.359386 	-1.41233 	0.290587 	0.455884 	0.02427 	
1.585	0.00830707 	-0.360737 	-1.41102 	0.290587 	0.45761 	0.0252741 	
1.59	0.00834412 	-0.362015 	-1.40972 	0.29066 	0.459089 	0.0260899 	
1.595	0.0083848 	-0.363231 	-1.40845 	0.290792 	0.46037 	0.026755 	
1.6	0.00820455 	-0.364063 	-1.40732 	0.290235 	0.459971 	0.0272025 	
1.605	0.00807186 	-0.364919 	-1.40618 	0.289863 	0.459752 	0.0275729 	
1.61	0.00797721 	-0.365793 	-1.40505 	0.289639 	0.459676 	0.0278815 	
1.615	0.00791308 	-0.366678 	-1.40391 	0.289534 	0.459717 	0.0281408 	
1.62	0.00790274 	-0.367934 	-1.40267 	0.289363 	0.46125 	0.0291824 	
1.625	0.00790588 	-0.369123 	-1.40146 	0.289299 	0.462575 	0.0300278 	
1.63	0.00792003 	-0.370256 	-1.40027 	0.289322 	0.463735 	0.0307161 	
1.635	0.00777521 	-0.371024 	-1.39921 	0.288911 	0.463378 	0.0310354 	
1.64	0.00767144 	-0.371816 	-1.39815 	0.288656 	0.463193 	0.0313028 	
1.645	0.00760051 	-0.372625 	-1.3971 	0.288525 	0.463147 	0.0315287 	
1.65	0.00755596 	-0.373446 	-1.39604 	0.288494 	0.463212 	0.0317214 	
1.655	0.00750757 	-0.374599 	-1.39489 	0.288175 	0.464545 	0.0327762 	
1.66	0.00748098 	-0.375693 	-1.39376 	0.287993 	0.465713 	0.0336317 	
1.665	0.00747205 	-0.376736 	-1.39266 	0.287921 	0.466749 	0.0343278 	
1.67	0.00747734 	-0.377737 	-1.39158 	0.287938 	0.467679 	0.0348963 	
1.675	0.00731869 	-0.378328 	-1.39065 	0.287524 	0.466934 	0.0350025 	
1.68	0.00720467 	-0.378963 	-1.38972 	0.287268 	0.466442 	0.0350991 	
1.685	0.00712641 	-0.379631 	-1.38878 	0.287136 	0.466153 	0.035188 	
1.69	0.00710289 	-0.380686 	-1.38772 	0.286942 	0.467394 	0.0360765 	
1.695	0.007097 	-0.381687 	-1.38668 	0.286861 	0.46849 	0.0367989 	
1.7	0.00710543 	-0.382642 	-1.38567 	0.28687 	0.469472 	0.0373881 	
1.705	0.00712542 	-0.38356 	-1.38467 	0.286952 	0.470362 	0.0378711 	
1.71	0.00694739 	-0.384088 	-1.38384 	0.286427 	0.469626 	0.0380543 	
1.715	0.0068187 	-0.384659 	-1.38299 	0.286081 	0.469145 	0.0382123 	
1.72	0.00672954 	-0.385262 	-1.38215 	0.285878 	0.468867 	0.0383501 	
1.725	0.00672715 	-0.386208 	-1.38118 	0.285796 	0.469985 	0.0390715 	
1.73	0.00673907 	-0.387108 	-1.38024 	0.285805 	0.470987 	0.0396599 	
1.735	0.00676265 	-0.387968 	-1.37933 	0.285886 	0.471897 	0.040142 	
1.74	0.00679566 	-0.388796 	-1.37843 	0.286026 	0.472734 	0.0405391 	
1.745	0.00660178 	-0.389252 	-1.37769 	0.285408 	0.471988 	0.0407734 	
1.75	0.00646131 	-0.389751 	-1.37694 	0.284989 	0.471501 	0.0409721 	
1.755	0.00636367 	-0.390283 	-1.37619 	0.284727 	0.471224 	0.0411424 	
1.76	0.00630043 	-0.390839 	-1.37544 	0.284593 	0.471114 	0.04129 	
1.765	0.00633779 	-0.391757 	-1.37456 	0.284632 	0.472479 	0.0420175 	
1.77	0.00638259 	-0.392618 	-1.37371 	0.284738 	0.473683 	0.0426109 	
1.775	0.00643356 	-0.393431 	-1.37288 	0.284897 	0.474759 	0.043097 	
1.78	0.00627652 	-0.393814 	-1.37224 	0.284424 	0.474067 	0.0432233 	
1.785	0.0061665 	-0.39424 	-1.3716 	0.28412 	0.473629 	0.0433357 	
1.79	0.00609421 	-0.394698 	-1.37094 	0.283952 	0.473394 	0.043437 	
1.795	0.00605224 	-0.395181 	-1.37029 	0.283892 	0.473323 	0.0435295 	
1.8	0.00603468 	-0.395681 	-1.36964 	0.283919 	0.473383 	0.0436151 	
1.805	0.00602147 	-0.3965 	-1.36888 	0.283719 	0.474643 	0.0444679 	
1.81	0.00602701 	-0.397265 	-1.36815 	0.283634 	0.475768 	0.0451616 	
1.815	0.0060478 	-0.397985 	-1.36744 	0.28364 	0.476786 	0.045728 	
1.82	0.00593944 	-0.398241 	-1.36693 	0.28339 	0.476023 	0.0456207 	
1.825	0.00586958 	-0.39855 	-1.36641 	0.283265 	0.475534 	0.0455464 	
1.83	0.00583064 	-0.398898 	-1.36588 	0.28324 	0.475263 	0.0454987 	
1.835	0.00581661 	-0.399275 	-1.36535 	0.283296 	0.475169 	0.0454723 	
1.84	0.00577664 	-0.399955 	-1.36472 	0.283 	0.47618 	0.046267 	
1.845	0.00576196 	-0.400594 	-1.36411 	0.282839 	0.477112 	0.0469145 	
1.85	0.00576773 	-0.401198 	-1.36352 	0.282785 	0.477981 	0.0474441 	
1.855	0.0056943 	-0.401396 	-1.36311 	0.282656 	0.477338 	0.047283 	
1.86	0.00565352 	-0.401642 	-1.36269 	0.282628 	0.47695 	0.0471659 	
1.865	0.005639 	-0.401925 	-1.36226 	0.282682 	0.476766 	0.0470842 	
1.87	0.00564567 	-0.402234 	-1.36184 	0.2828 	0.476747 	0.047031 	
1.875	0.0055799 	-0.402762 	-1.36134 	0.28242 	0.477468 	0.0477376 	
1.88	0.00554581 	-0.403264 	-1.36086 	0.282192 	0.478174 	0.0483149 	
1.885	0.00553728 	-0.403743 	-1.3604 	0.282085 	0.478869 	0.0487888 	
1.89	0.00549627 	-0.403881 	-1.36009 	0.282065 	0.478345 	0.0485847 	
1.895	0.00548262 	-0.404064 	-1.35977 	0.282125 	0.478058 	0.0484336 	
1.9	0.00549103 	-0.404281 	-1.35945 	0.282249 	0.477961 	0.0483251 	
1.905	0.00551727 	-0.404523 	-1.35913 	0.282424 	0.478017 	0.0482508 	
1.91	0.00555795 	-0.404783 	-1.35881 	0.28264 	0.478197 	0.0482041 	
1.915	0.00542545 	-0.405147 	-1.35847 	0.281983 	0.478594 	0.0489545 	
1.92	0.00533943 	-0.405501 	-1.35814 	0.281533 	0.479048 	0.0495674 	
1.925	0.0052908 	-0.405844 	-1.35783 	0.28125 	0.479548 	0.0500701 	
1.93	0.00531783 	-0.405896 	-1.35764 	0.281506 	0.479138 	0.0496873 	
1.935	0.00536004 	-0.405992 	-1.35744 	0.281788 	0.478949 	0.0493939 	
1.94	0.00541459 	-0.406123 	-1.35724 	0.282091 	0.478938 	0.0491722 	
1.945	0.0054792 	-0.406278 	-1.35704 	0.282409 	0.479069 	0.049008 	
1.95	0.00533244 	-0.406492 	-1.35685 	0.281713 	0.479212 	0.0496492 	
1.955	0.00523633 	-0.40671 	-1.35665 	0.281233 	0.479469 	0.0501752 	
1.96	0.00518094 	-0.406929 	-1.35647 	0.280925 	0.479818 	0.050609 	
1.965	0.00523154 	-0.406919 	-1.35639 	0.281251 	0.479518 	0.0502142 	
1.97	0.00529393 	-0.406951 	-1.35629 	0.281588 	0.479425 	0.0499117 	
1.975	0.00536593 	-0.407015 	-1.3562 	0.281935 	0.479496 	0.0496833 	
1.98	0.00544583 	-0.407101 	-1.35611 	0.28229 	0.479701 	0.0495145 	
1.985	0.00528902 	-0.407157 	-1.35605 	0.281579 	0.479567 	0.0500159 	
1.99	0.00518622 	-0.407232 	-1.356 	0.281087 	0.47961 	0.0504308 	
1.995	0.00512682 	-0.407321 	-1.35595 	0.280771 	0.479795 	0.0507764 	
2	0.00510233 	-0.407419 	-1.35591 	0.280596 	0.480094 	0.0510666 	
2.005	0.00519939 	-0.407278 	-1.35595 	0.281143 	0.479689 	0.0504258 	
2.01	0.00529752 	-0.407204 	-1.35596 	0.281657 	0.479502 	0.0499255 	
2.015	0.0053962 	-0.407186 	-1.35593 	0.282145 	0.479488 	0.0495377 	
2.02	0.00527567 	-0.407285 	-1.35585 	0.281562 	0.479614 	0.0500066 	
2.025	0.00519871 	-0.407407 	-1.35575 	0.281172 	0.479847 	0.0503934 	
2.03	0.00515627 	-0.407548 	-1.35563 	0.280936 	0.480163 	0.0507141 	
2.035	0.00514112 	-0.407706 	-1.35548 	0.280823 	0.480543 	0.0509817 	
2.04	0.00520016 	-0.407645 	-1.35541 	0.281212 	0.480205 	0.0503844 	
2.045	0.00526553 	-0.407642 	-1.3553 	0.281598 	0.480058 	0.0499174 	
2.05	0.00533564 	-0.407688 	-1.35516 	0.281983 	0.480062 	0.0495544 	
2.055	0.00524549 	-0.407892 	-1.35495 	0.281536 	0.480422 	0.0499799 	
2.06	0.00519049 	-0.408104 	-1.35473 	0.281253 	0.480828 	0.0503304 	
2.065	0.00516328 	-0.408325 	-1.35449 	0.281102 	0.481269 	0.0506205 	
2.07	0.00515798 	-0.408553 	-1.35423 	0.281054 	0.481736 	0.0508621 	
2.075	0.00516989 	-0.408787 	-1.35395 	0.281091 	0.482222 	0.0510647 	
2.08	0.0051858 	-0.408774 	-1.35376 	0.28133 	0.48181 	0.0503285 	
2.085	0.00521404 	-0.408818 	-1.35354 	0.281595 	0.481589 	0.0497486 	
2.09	0.00525184 	-0.408908 	-1.35329 	0.281881 	0.48152 	0.0492936 	
2.095	0.00519307 	-0.409263 	-1.35292 	0.28155 	0.482257 	0.0498358 	
2.1	0.00516053 	-0.409603 	-1.35254 	0.281358 	0.48295 	0.0502779 	
2.105	0.00514872 	-0.409934 	-1.35216 	0.281278 	0.483605 	0.0506396 	
2.11	0.00515318 	-0.410257 	-1.35176 	0.281287 	0.484228 	0.0509367 	
2.115	0.00514659 	-0.410343 	-1.35145 	0.281421 	0.48398 	0.0502305 	
2.12	0.00515467 	-0.410472 	-1.35112 	0.2816 	0.483877 	0.0496731 	
2.125	0.00517417 	-0.410637 	-1.35075 	0.281816 	0.483889 	0.0492346 	
2.13	0.00513453 	-0.411063 	-1.35027 	0.281589 	0.484737 	0.0497259 	
2.135	0.00511518 	-0.411467 	-1.34979 	0.281479 	0.485506 	0.0501259 	
2.14	0.00511182 	-0.411854 	-1.3493 	0.281463 	0.486209 	0.0504525 	
2.145	0.00512096 	-0.412228 	-1.3488 	0.281522 	0.486859 	0.0507201 	
2.15	0.00513983 	-0.412592 	-1.3483 	0.281641 	0.487463 	0.0509404 	
2.155	0.00509108 	-0.412766 	-1.34787 	0.281593 	0.487303 	0.0500817 	
2.16	0.00506314 	-0.412972 	-1.34742 	0.281625 	0.487257 	0.0494007 	
2.165	0.00505156 	-0.413204 	-1.34694 	0.281723 	0.487301 	0.0488618 	
2.17	0.00504356 	-0.413729 	-1.34633 	0.281642 	0.488357 	0.0494834 	
2.175	0.00504729 	-0.414218 	-1.34572 	0.281648 	0.489278 	0.0499861 	
2.18	0.00506021 	-0.414679 	-1.34511 	0.281723 	0.49009 	0.0503933 	
2.185	0.00508022 	-0.415118 	-1.3445 	0.281853 	0.490812 	0.050724 	
2.19	0.00501732 	-0.415398 	-1.34396 	0.281724 	0.490867 	0.0499047 	
2.195	0.00497624 	-0.415693 	-1.3434 	0.281691 	0.490982 	0.0492539 	
2.2	0.00495239 	-0.416001 	-1.34283 	0.281735 	0.491143 	0.0487379 	
2.205	0.0049542 	-0.416566 	-1.34213 	0.281727 	0.49221 	0.0492987 	
2.21	0.00496408 	-0.417091 	-1.34144 	0.281791 	0.493128 	0.0497514 	
2.215	0.00498025 	-0.417585 	-1.34075 	0.281911 	0.493927 	0.0501175 	
2.22	0.00500124 	-0.418055 	-1.34006 	0.282076 	0.494628 	0.0504142 	
2.225	0.00502587 	-0.418506 	-1.33937 	0.282278 	0.495251 	0.0506551 	
2.23	0.00492057 	-0.418906 	-1.33871 	0.281931 	0.495537 	0.0496696 	
2.235	0.00484379 	-0.419302 	-1.33804 	0.281723 	0.495825 	0.0488846 	
2.24	0.00478965 	-0.419696 	-1.33736 	0.281626 	0.496113 	0.0482599 	
2.245	0.00482387 	-0.420295 	-1.33657 	0.281796 	0.497198 	0.0489655 	
2.25	0.00485807 	-0.420853 	-1.3358 	0.282001 	0.498119 	0.0495329 	
2.255	0.00489212 	-0.421376 	-1.33503 	0.282233 	0.49891 	0.0499897 	
2.26	0.00492587 	-0.421873 	-1.33426 	0.282487 	0.499595 	0.0503577 	
2.265	0.00481275 	-0.422369 	-1.33351 	0.282084 	0.500095 	0.0494219 	
2.27	0.00472845 	-0.422844 	-1.33275 	0.281829 	0.500545 	0.0486758 	
2.275	0.00466707 	-0.423303 	-1.33199 	0.281694 	0.500954 	0.0480813 	
2.28	0.00470372 	-0.423914 	-1.33115 	0.281907 	0.501978 	0.0487158 	
2.285	0.00473875 	-0.424482 	-1.33032 	0.282144 	0.502844 	0.0492256 	
2.29	0.00477241 	-0.425018 	-1.3295 	0.282402 	0.503582 	0.0496354 	
2.295	0.00480483 	-0.425526 	-1.32868 	0.282675 	0.504217 	0.0499653 	
2.3	0.00468723 	-0.42611 	-1.32784 	0.282228 	0.504931 	0.0491061 	
2.305	0.00459837 	-0.426659 	-1.32701 	0.281936 	0.505545 	0.0484205 	
2.31	0.00453245 	-0.427179 	-1.32619 	0.281771 	0.506078 	0.0478738 	
2.315	0.00448479 	-0.427676 	-1.32537 	0.281705 	0.506547 	0.0474381 	
2.32	0.00454756 	-0.428337 	-1.32445 	0.282036 	0.507682 	0.0483365 	
2.325	0.00460261 	-0.428948 	-1.32355 	0.282367 	0.50863 	0.0490567 	
2.33	0.00465145 	-0.429519 	-1.32267 	0.282699 	0.509427 	0.0496342 	
2.335	0.00454735 	-0.430095 	-1.3218 	0.282341 	0.510067 	0.0488286 	
2.34	0.00446871 	-0.430639 	-1.32094 	0.282121 	0.510616 	0.0481854 	
2.345	0.00441042 	-0.431155 	-1.32009 	0.282012 	0.511093 	0.0476722 	
2.35	0.00436838 	-0.431651 	-1.31925 	0.281991 	0.511512 	0.0472629 	
2.355	0.00440805 	-0.432374 	-1.31828 	0.282197 	0.512779 	0.0480458 	
2.36	0.00444419 	-0.433036 	-1.31733 	0.282428 	0.513827 	0.0486733 	
2.365	0.00447754 	-0.433648 	-1.31641 	0.282679 	0.514701 	0.0491763 	
2.37	0.00450863 	-0.434219 	-1.31551 	0.282945 	0.515434 	0.0495797 	
2.375	0.00437742 	-0.434786 	-1.31463 	0.282486 	0.515971 	0.0484851 	
2.38	0.00427685 	-0.435321 	-1.31376 	0.282185 	0.516435 	0.0476106 	
2.385	0.00420084 	-0.435831 	-1.31289 	0.282011 	0.51684 	0.046912 	
2.39	0.00424434 	-0.436518 	-1.31193 	0.282265 	0.517958 	0.0476571 	
2.395	0.00428353 	-0.437149 	-1.31098 	0.282535 	0.518885 	0.0482543 	
2.4	0.00431935 	-0.437735 	-1.31007 	0.282816 	0.519661 	0.0487331 	
2.405	0.00435249 	-0.438286 	-1.30917 	0.283107 	0.520315 	0.0491171 	
2.41	0.0042186 	-0.438904 	-1.30826 	0.282606 	0.521012 	0.0481131 	
2.415	0.00411602 	-0.43948 	-1.30736 	0.282272 	0.521603 	0.0473109 	
2.42	0.00403861 	-0.440021 	-1.30648 	0.28207 	0.52211 	0.0466704 	
2.425	0.00408195 	-0.440657 	-1.30554 	0.282352 	0.523058 	0.0473394 	
2.43	0.00412136 	-0.441245 	-1.30463 	0.282644 	0.523851 	0.0478759 	
2.435	0.00415774 	-0.441796 	-1.30373 	0.282942 	0.524519 	0.0483064 	
2.44	0.00419177 	-0.442316 	-1.30286 	0.283247 	0.525088 	0.0486522 	
2.445	0.0040554 	-0.442964 	-1.30194 	0.28271 	0.525897 	0.0477343 	
2.45	0.00395133 	-0.443562 	-1.30104 	0.282345 	0.526579 	0.0470015 	
2.455	0.00387329 	-0.444118 	-1.30017 	0.28212 	0.527159 	0.0464168 	
2.46	0.0038162 	-0.444641 	-1.29931 	0.282005 	0.52766 	0.0459509 	
2.465	0.00389033 	-0.445242 	-1.2984 	0.28243 	0.528563 	0.0469048 	
2.47	0.00395519 	-0.445801 	-1.29752 	0.282835 	0.529321 	0.0476698 	
2.475	0.00401279 	-0.446323 	-1.29666 	0.283225 	0.529965 	0.0482837 	
2.48	0.00389219 	-0.446904 	-1.29579 	0.28278 	0.530614 	0.0474271 	
2.485	0.00380166 	-0.447445 	-1.29495 	0.28249 	0.531172 	0.046744 	
2.49	0.0037354 	-0.447951 	-1.29413 	0.282324 	0.531657 	0.0461997 	
2.495	0.00368873 	-0.448431 	-1.29333 	0.282257 	0.532085 	0.0457668 	
2.5	0.00373709 	-0.44903 	-1.29245 	0.282543 	0.53301 	0.0466023 	
2.505	0.0037824 	-0.449583 	-1.2916 	0.282837 	0.533791 	0.0472734 	
2.51	0.00382549 	-0.450098 	-1.29078 	0.283139 	0.534458 	0.047813 	
2.515	0.00372505 	-0.450604 	-1.28999 	0.282798 	0.534959 	0.0470554 	
2.52	0.00365192 	-0.451081 	-1.28922 	0.282592 	0.535403 	0.0464524 	
2.525	0.00360085 	-0.451532 	-1.28847 	0.282494 	0.535805 	0.0459733 	
2.53	0.00356765 	-0.451962 	-1.28773 	0.282482 	0.536172 	0.0455935 	
2.535	0.00354897 	-0.452375 	-1.28701 	0.282539 	0.536513 	0.0452934 	
2.54	0.00357334 	-0.452993 	-1.28617 	0.282667 	0.537564 	0.0462379 	
2.545	0.00360105 	-0.453555 	-1.28537 	0.282837 	0.538454 	0.0469975 	
2.55	0.00363174 	-0.454071 	-1.2846 	0.283039 	0.539215 	0.0476091 	
2.555	0.00354844 	-0.454446 	-1.28394 	0.282805 	0.539425 	0.046745 	
2.56	0.00349084 	-0.45481 	-1.28329 	0.282685 	0.539645 	0.0460583 	
2.565	0.00345403 	-0.455166 	-1.28266 	0.282657 	0.539876 	0.0455136 	
2.57	0.00343413 	-0.455513 	-1.28203 	0.282701 	0.540117 	0.0450829 	
2.575	0.00343854 	-0.456074 	-1.28128 	0.282729 	0.541072 	0.045945 	
2.58	0.00345204 	-0.456585 	-1.28056 	0.282819 	0.541894 	0.04664 	
2.585	0.00347313 	-0.457054 	-1.27988 	0.282959 	0.542611 	0.0472014 	
2.59	0.00340923 	-0.45735 	-1.27933 	0.282807 	0.542716 	0.0464377 	
2.595	0.003369 	-0.457646 	-1.27878 	0.282753 	0.542862 	0.0458327 	
2.6	0.00334798 	-0.45794 	-1.27824 	0.282778 	0.543044 	0.0453549 	
2.605	0.00334262 	-0.458233 	-1.27771 	0.282867 	0.543255 	0.0449793 	
2.61	0.00332528 	-0.458711 	-1.27708 	0.282792 	0.544056 	0.0457337 	
2.615	0.00336281 	-0.45899 	-1.27656 	0.282978 	0.544258 	0.0460476 	
2.62	0.0033781 	-0.45923 	-1.2761 	0.283237 	0.544432 	0.0463078 	
2.625	0.00341322 	-0.45945 	-1.27565 	0.283498 	0.544532 	0.0464077 	
2.63	0.00344673 	-0.459644 	-1.27522 	0.283739 	0.544561 	0.0462759 	
2.635	0.00330053 	-0.460218 	-1.2746 	0.283021 	0.545643 	0.0458929 	
2.64	0.00321794 	-0.460613 	-1.27409 	0.282674 	0.546251 	0.0455544 	
2.645	0.00317116 	-0.460911 	-1.27364 	0.28246 	0.546575 	0.0453391 	
2.65	0.00313352 	-0.461139 	-1.27325 	0.282349 	0.546731 	0.0451783 	
2.655	0.00309701 	-0.461307 	-1.27291 	0.282292 	0.546744 	0.0450519 	
2.66	0.0030734 	-0.46138 	-1.2726 	0.282343 	0.546472 	0.0450038 	
2.665	0.00310752 	-0.46137 	-1.27249 	0.2824 	0.546295 	0.044744 	
2.67	0.00316496 	-0.461293 	-1.27242 	0.282548 	0.545977 	0.0444846 	
2.675	0.0032284 	-0.461164 	-1.27241 	0.282751 	0.545598 	0.0442194 	
2.68	0.00327236 	-0.461005 	-1.27248 	0.28285 	0.545262 	0.0441551 	
2.685	0.00329812 	-0.460821 	-1.27261 	0.282913 	0.544907 	0.0441739 	
2.69	0.00331071 	-0.460618 	-1.27277 	0.282955 	0.544523 	0.0442065 	
2.695	0.0033137 	-0.4604 	-1.27295 	0.282984 	0.544113 	0.0442368 	
2.7	0.00330916 	-0.46017 	-1.27316 	0.283001 	0.543682 	0.0442607 	
2.705	0.00329867 	-0.459931 	-1.27337 	0.283008 	0.543234 	0.0442758 	
2.71	0.00328375 	-0.459685 	-1.2736 	0.283006 	0.542771 	0.0442823 	
2.715	0.00326575 	-0.459434 	-1.27383 	0.282998 	0.542299 	0.0442832 	
2.72	0.00324576 	-0.459179 	-1.27408 	0.282987 	0.541819 	0.0442821 	
2.725	0.00322439 	-0.45892 	-1.27432 	0.282974 	0.541333 	0.0442815 	
2.73	0.00320201 	-0.45866 	-1.27457 	0.28296 	0.540842 	0.0442818 	
2.735	0.00317888 	-0.458398 	-1.27483 	0.282945 	0.540347 	0.044283 	
2.74	0.00315411 	-0.458135 	-1.27508 	0.28293 	0.53984 	0.0442484 	
2.745	0.00312835 	-0.457871 	-1.27533 	0.282914 	0.539321 	0.0441856 	
2.75	0.00310215 	-0.457606 	-1.27558 	0.282897 	0.538793 	0.0441001 	
2.755	0.00307596 	-0.45734 	-1.27582 	0.28288 	0.538259 	0.043996 	
2.76	0.00305006 	-0.457074 	-1.27607 	0.282864 	0.537718 	0.0438764 	
2.765	0.00302459 	-0.456807 	-1.27631 	0.282849 	0.537174 	0.0437452 	
2.77	0.00299914 	-0.45654 	-1.27655 	0.282835 	0.536627 	0.0436081 	
2.775	0.00297375 	-0.456272 	-1.2768 	0.282821 	0.536078 	0.0434663 	
2.78	0.00294842 	-0.456005 	-1.27704 	0.282808 	0.535528 	0.0433208 	
2.785	0.00292316 	-0.455737 	-1.27728 	0.282796 	0.534975 	0.0431722 	
2.79	0.00289801 	-0.45547 	-1.27752 	0.282785 	0.534421 	0.0430211 	
2.795	0.00287301 	-0.455202 	-1.27776 	0.282776 	0.533866 	0.0428679 	
2.8	0.00284819 	-0.454934 	-1.278 	0.282768 	0.53331 	0.042713 	
2.805	0.00282359 	-0.454666 	-1.27824 	0.282761 	0.532752 	0.0425567 	
2.81	0.00279923 	-0.454397 	-1.27848 	0.282755 	0.532193 	0.0423993 	
2.815	0.00277515 	-0.454129 	-1.27872 	0.282751 	0.531633 	0.042241 	
2.82	0.00275135 	-0.45386 	-1.27896 	0.282748 	0.531073 	0.042082 	
2.825	0.00272785 	-0.453591 	-1.2792 	0.282746 	0.530511 	0.0419224 	
2.83	0.00267524 	-0.453325 	-1.27942 	0.282684 	0.529918 	0.0418189 	
2.835	0.00257843 	-0.453066 	-1.27962 	0.282507 	0.529274 	0.0418053 	
2.84	0.00249172 	-0.452814 	-1.27981 	0.282333 	0.528605 	0.0417961 	
2.845	0.00243602 	-0.452555 	-1.28 	0.28225 	0.527914 	0.041744 	
2.85	0.00239898 	-0.452292 	-1.28017 	0.282228 	0.527205 	0.041666 	
2.855	0.00235017 	-0.452028 	-1.28034 	0.282189 	0.526483 	0.0416066 	
2.86	0.00225305 	-0.451772 	-1.2805 	0.282016 	0.525752 	0.041637 	
2.865	0.00211104 	-0.451523 	-1.2807 	0.281751 	0.525118 	0.041849 	
2.87	0.00192569 	-0.451279 	-1.28089 	0.281405 	0.524457 	0.0421011 	
2.875	0.00173805 	-0.451057 	-1.28109 	0.281004 	0.523773 	0.0423626 	
2.88	0.00159767 	-0.450824 	-1.28126 	0.280785 	0.523061 	0.0425117 	
2.885	0.00150947 	-0.450582 	-1.28142 	0.280708 	0.522332 	0.0425581 	
2.89	0.00144455 	-0.450312 	-1.28154 	0.280819 	0.521613 	0.0425501 	
2.895	0.00134485 	-0.450048 	-1.28165 	0.280714 	0.520837 	0.0425879 	
2.9	0.0012058 	-0.449791 	-1.28179 	0.280453 	0.520072 	0.0427025 	
2.905	0.00106297 	-0.449532 	-1.28193 	0.280208 	0.519303 	0.0428145 	
2.91	0.000943462 	-0.44926 	-1.28216 	0.279949 	0.518706 	0.042825 	
2.915	0.000840854 	-0.448987 	-1.28238 	0.279762 	0.518073 	0.0428234 	
2.92	0.000762847 	-0.448705 	-1.28262 	0.279621 	0.517478 	0.0428004 	
2.925	0.000703476 	-0.448416 	-1.28287 	0.279526 	0.516894 	0.0427865 	
2.93	0.000683033 	-0.448121 	-1.28313 	0.279527 	0.516317 	0.0427258 	
2.935	0.00069251 	-0.447821 	-1.28337 	0.279594 	0.515741 	0.0426447 	
2.94	0.00069566 	-0.447519 	-1.28362 	0.279637 	0.515161 	0.0425873 	
2.945	0.000693043 	-0.447216 	-1.28387 	0.27967 	0.514579 	0.0425498 	
2.95	0.000684677 	-0.446914 	-1.28412 	0.279693 	0.513995 	0.0425269 	
2.955	0.000670774 	-0.446611 	-1.28437 	0.279707 	0.513409 	0.0425144 	
2.96	0.000678417 	-0.446305 	-1.28462 	0.279776 	0.512814 	0.0424693 	
2.965	0.000703391 	-0.445998 	-1.28486 	0.27988 	0.512215 	0.0424012 	
2.97	0.00073687 	-0.44569 	-1.2851 	0.280007 	0.511614 	0.0423187 	
2.975	0.000773701 	-0.445382 	-1.28534 	0.280142 	0.511016 	0.0422265 	
2.98	0.000812194 	-0.445076 	-1.28557 	0.280286 	0.510404 	0.0421288 	
2.985	0.000847842 	-0.444773 	-1.2858 	0.280431 	0.509792 	0.0420248 	
2.99	0.000881665 	-0.444472 	-1.28604 	0.280565 	0.509201 	0.0419139 	
2.995	0.000913671 	-0.444172 	-1.28628 	0.280695 	0.508617 	0.0418008 	
3	0.000944693 	-0.443873 	-1.28652 	0.280824 	0.508036 	0.0416861 	
3.005	0.000967199 	-0.443577 	-1.28677 	0.280953 	0.507458 	0.0415972 	
3.01	0.00098682 	-0.443281 	-1.28702 	0.281073 	0.506889 	0.0415108 	
3.015	0.00100496 	-0.442985 	-1.28727 	0.281189 	0.506322 	0.0414251 	
3.02	0.00102247 	-0.442689 	-1.28752 	0.281304 	0.505756 	0.0413406 	
3.025	0.00103994 	-0.442391 	-1.28777 	0.281418 	0.505189 	0.041258 	
3.03	0.00105741 	-0.442093 	-1.28802 	0.281531 	0.504622 	0.041179 	
3.035	0.0010637 	-0.441797 	-1.28827 	0.281613 	0.504037 	0.0410962 	
3.04	0.00106947 	-0.441502 	-1.28851 	0.281678 	0.503445 	0.0410074 	
3.045	0.00108231 	-0.441204 	-1.28875 	0.281763 	0.50285 	0.0408793 	
3.05	0.00108648 	-0.440906 	-1.28899 	0.281819 	0.502258 	0.0407254 	
3.055	0.00108362 	-0.440606 	-1.28924 	0.281843 	0.501671 	0.0405625 	
3.06	0.00107836 	-0.440306 	-1.28949 	0.281866 	0.50108 	0.040406 	
3.065	0.0010708 	-0.440006 	-1.28974 	0.281892 	0.500489 	0.040278 	
3.07	0.00107064 	-0.439704 	-1.28998 	0.281947 	0.499895 	0.0401187 	
3.075	0.00106574 	-0.439402 	-1.29023 	0.281979 	0.499304 	0.0400018 	
3.08	0.00104664 	-0.439102 	-1.29048 	0.281989 	0.498711 	0.0399129 	
3.085	0.00100318 	-0.438805 	-1.29074 	0.281932 	0.498113 	0.0398597 	
3.09	0.000958927 	-0.438505 	-1.29099 	0.28188 	0.497514 	0.0398096 	
3.095	0.000917382 	-0.438202 	-1.29125 	0.28183 	0.496911 	0.039727 	
3.1	0.000882498 	-0.437895 	-1.2915 	0.281796 	0.496306 	0.0396387 	
3.105	0.000842295 	-0.437588 	-1.29175 	0.281752 	0.495678 	0.0395108 	
3.11	0.000807338 	-0.437279 	-1.292 	0.281708 	0.49505 	0.0393566 	
3.115	0.000779123 	-0.436966 	-1.29224 	0.281679 	0.494414 	0.0391871 	
3.12	0.000766681 	-0.436647 	-1.29248 	0.281692 	0.493777 	0.039008 	
3.125	0.000759856 	-0.436325 	-1.29273 	0.281719 	0.493137 	0.0388251 	
3.13	0.000754899 	-0.436001 	-1.29297 	0.28175 	0.492495 	0.038641 	
3.135	0.000749864 	-0.435677 	-1.29321 	0.281778 	0.491852 	0.0384571 	
3.14	0.000721411 	-0.435358 	-1.29346 	0.281755 	0.491217 	0.0383845 	
3.145	0.000682236 	-0.435041 	-1.29371 	0.281714 	0.490586 	0.0383616 	
3.15	0.000637919 	-0.434726 	-1.29397 	0.281661 	0.489957 	0.0383635 	
3.155	0.000590136 	-0.434412 	-1.29423 	0.281599 	0.489329 	0.0383705 	
3.16	0.00054204 	-0.434099 	-1.29449 	0.281535 	0.488702 	0.0383754 	
3.165	0.000499799 	-0.433785 	-1.29475 	0.281492 	0.488082 	0.0383546 	
3.17	0.000467261 	-0.43347 	-1.29501 	0.281485 	0.487467 	0.0383325 	
3.175	0.000431214 	-0.433159 	-1.29527 	0.281457 	0.486845 	0.0382696 	
3.18	0.000399311 	-0.432846 	-1.29553 	0.281432 	0.486219 	0.0381736 	
3.185	0.000363259 	-0.432535 	-1.29579 	0.281394 	0.485598 	0.0381249 	
3.19	0.000331308 	-0.432221 	-1.29604 	0.281365 	0.484973 	0.0380515 	
3.195	0.000301505 	-0.431906 	-1.2963 	0.281342 	0.484346 	0.0379698 	
3.2	0.00027834 	-0.43159 	-1.29656 	0.28134 	0.483724 	0.0378967 	
3.205	0.000253471 	-0.431276 	-1.29681 	0.281335 	0.483105 	0.0378765 	
3.21	0.00022817 	-0.430961 	-1.29707 	0.281331 	0.482489 	0.0378658 	
3.215	0.000213489 	-0.430643 	-1.29733 	0.281354 	0.481877 	0.0378626 	
3.22	0.000205916 	-0.430324 	-1.29759 	0.281396 	0.481266 	0.0378674 	
3.225	0.00018834 	-0.430008 	-1.29785 	0.281408 	0.480647 	0.0378784 	
3.23	0.000166829 	-0.429694 	-1.2981 	0.281411 	0.480027 	0.0378875 	
3.235	0.000142967 	-0.42938 	-1.29835 	0.281409 	0.479409 	0.0378864 	
3.24	0.000106177 	-0.42907 	-1.2986 	0.281375 	0.478787 	0.037924 	
3.245	6.34529e-05 	-0.428762 	-1.29886 	0.281326 	0.478165 	0.0379671 	
3.25	2.27979e-05 	-0.428453 	-1.29911 	0.281286 	0.477546 	0.0379982 	
3.255	-1.69886e-05 	-0.428144 	-1.29937 	0.281249 	0.476929 	0.0380241 	
3.26	-5.66011e-05 	-0.427836 	-1.29962 	0.281213 	0.476312 	0.0380477 	
3.265	-9.46294e-05 	-0.427528 	-1.29988 	0.281181 	0.475697 	0.0380635 	
3.27	-0.000130626 	-0.427219 	-1.30013 	0.281155 	0.475082 	0.0380729 	
3.275	-0.00016478 	-0.42691 	-1.30039 	0.281136 	0.474468 	0.0380782 	
3.28	-0.000198497 	-0.426601 	-1.30064 	0.281117 	0.473855 	0.0380834 	
3.285	-0.000232226 	-0.426292 	-1.3009 	0.2811 	0.47324 	0.0380889 	
3.29	-0.000265341 	-0.425982 	-1.30115 	0.281083 	0.472625 	0.0380881 	
3.295	-0.000298422 	-0.425673 	-1.30141 	0.281067 	0.47201 	0.038085 	
3.3	-0.000331644 	-0.425363 	-1.30166 	0.281051 	0.471394 	0.0380809 	
3.305	-0.000365043 	-0.425054 	-1.30192 	0.281034 	0.470777 	0.0380675 	
3.31	-0.000416203 	-0.424747 	-1.30217 	0.280982 	0.470153 	0.038075 	
3.315	-0.000468209 	-0.42444 	-1.30241 	0.28093 	0.469527 	0.0380662 	
3.32	-0.000537161 	-0.424138 	-1.30266 	0.280812 	0.468887 	0.0381009 	
3.325	-0.000608386 	-0.423835 	-1.30291 	0.280689 	0.468248 	0.0380765 	
3.33	-0.000700343 	-0.423536 	-1.30315 	0.280525 	0.467601 	0.0380902 	
3.335	-0.000811486 	-0.423239 	-1.30339 	0.280323 	0.466948 	0.0381278 	
3.34	-0.000919387 	-0.42294 	-1.30364 	0.280132 	0.466297 	0.0381534 	
3.345	-0.00102266 	-0.422638 	-1.30388 	0.27995 	0.465644 	0.038168 	
3.35	-0.0011199 	-0.422332 	-1.30413 	0.279783 	0.464988 	0.0381701 	
3.355	-0.00121113 	-0.422022 	-1.30438 	0.279631 	0.464329 	0.038165 	
3.36	-0.00129314 	-0.421709 	-1.30463 	0.279504 	0.463669 	0.0381417 	
3.365	-0.00140014 	-0.421402 	-1.30487 	0.279318 	0.462998 	0.0381881 	
3.37	-0.00147617 	-0.421087 	-1.30513 	0.279217 	0.462349 	0.0381907 	
3.375	-0.00153774 	-0.420769 	-1.30538 	0.279141 	0.461702 	0.0381909 	
3.38	-0.00159002 	-0.420451 	-1.30564 	0.27908 	0.461056 	0.0381878 	
3.385	-0.00163464 	-0.420132 	-1.30589 	0.279037 	0.460413 	0.0381766 	
3.39	-0.00166999 	-0.419811 	-1.30615 	0.279013 	0.459771 	0.0381549 	
3.395	-0.00170656 	-0.419492 	-1.3064 	0.278982 	0.459124 	0.0381232 	
3.4	-0.00174393 	-0.419174 	-1.30665 	0.278946 	0.458475 	0.0380812 	
3.405	-0.001782 	-0.418857 	-1.30689 	0.278908 	0.457828 	0.0380297 	
3.41	-0.00182408 	-0.418541 	-1.30714 	0.27886 	0.457176 	0.0379864 	
3.415	-0.00186288 	-0.418224 	-1.30738 	0.278829 	0.456529 	0.0379465 	
3.42	-0.00190572 	-0.417909 	-1.30763 	0.278782 	0.455877 	0.0379148 	
3.425	-0.00195064 	-0.417595 	-1.30787 	0.27873 	0.455225 	0.037877 	
3.43	-0.00199481 	-0.417281 	-1.30811 	0.278678 	0.454572 	0.0378172 	
3.435	-0.00203575 	-0.416966 	-1.30836 	0.278631 	0.453923 	0.0377389 	
3.44	-0.00207578 	-0.416651 	-1.30861 	0.278593 	0.453278 	0.0377193 	
3.445	-0.00211567 	-0.416335 	-1.30885 	0.278558 	0.452634 	0.0377086 	
3.45	-0.00215335 	-0.416018 	-1.3091 	0.278533 	0.45199 	0.0377054 	
3.455	-0.00219035 	-0.415701 	-1.30935 	0.278512 	0.451345 	0.0377076 	
3.46	-0.0022249 	-0.415382 	-1.3096 	0.278498 	0.450701 	0.0377074 	
3.465	-0.00226039 	-0.415064 	-1.30984 	0.278481 	0.450054 	0.0377114 	
3.47	-0.00228442 	-0.414741 	-1.31009 	0.278488 	0.449407 	0.0376844 	
3.475	-0.00230339 	-0.414417 	-1.31033 	0.278509 	0.448757 	0.037642 	
3.48	-0.00232081 	-0.414092 	-1.31058 	0.278533 	0.448105 	0.0375945 	
3.485	-0.00233611 	-0.413767 	-1.31082 	0.278566 	0.447455 	0.0375627 	
3.49	-0.00235079 	-0.413442 	-1.31107 	0.278601 	0.446807 	0.0375697 	
3.495	-0.00236622 	-0.413117 	-1.31131 	0.278635 	0.44616 	0.0375923 	
3.5	-0.00237939 	-0.412795 	-1.31155 	0.278676 	0.445519 	0.0376446 	
3.505	-0.0023999 	-0.412478 	-1.31179 	0.278689 	0.444872 	0.0376523 	
3.51	-0.00242098 	-0.412162 	-1.31203 	0.278703 	0.444227 	0.0376533 	
3.515	-0.00244469 	-0.41185 	-1.31227 	0.278711 	0.443584 	0.0376604 	
3.52	-0.00247128 	-0.41154 	-1.31251 	0.27871 	0.442942 	0.0376773 	
3.525	-0.0024927 	-0.41123 	-1.31274 	0.278727 	0.442306 	0.0377035 	
3.53	-0.00251495 	-0.410918 	-1.31298 	0.278749 	0.44167 	0.037794 	
3.535	-0.00254643 	-0.410607 	-1.31321 	0.27874 	0.44102 	0.0378533 	
3.54	-0.00256234 	-0.410292 	-1.31344 	0.278773 	0.440374 	0.0379024 	
3.545	-0.00256753 	-0.409974 	-1.31368 	0.278831 	0.439734 	0.0379439 	
3.55	-0.00256525 	-0.409653 	-1.31392 	0.27891 	0.439095 	0.0379916 	
3.555	-0.00257977 	-0.409336 	-1.31415 	0.278938 	0.438448 	0.0380076 	
3.56	-0.00260896 	-0.409023 	-1.31439 	0.278929 	0.437794 	0.0380288 	
3.565	-0.00264689 	-0.408712 	-1.31462 	0.278901 	0.43714 	0.038039 	
3.57	-0.00269027 	-0.408401 	-1.31486 	0.278858 	0.436485 	0.0380425 	
3.575	-0.00274462 	-0.408091 	-1.31509 	0.278787 	0.435822 	0.0380513 	
3.58	-0.00279875 	-0.40778 	-1.31532 	0.278725 	0.435157 	0.0380623 	
3.585	-0.00284475 	-0.407465 	-1.31555 	0.278687 	0.434492 	0.0380724 	
3.59	-0.00289007 	-0.407149 	-1.31579 	0.278644 	0.433829 	0.0380745 	
3.595	-0.00292718 	-0.406833 	-1.31602 	0.278621 	0.433166 	0.0380791 	
3.6	-0.0029652 	-0.406516 	-1.31626 	0.278593 	0.432503 	0.0380798 	
3.605	-0.00299233 	-0.406194 	-1.31649 	0.278593 	0.431841 	0.0380803 	
3.61	-0.00303064 	-0.405876 	-1.31672 	0.278559 	0.431162 	0.0381017 	
3.615	-0.00305888 	-0.405557 	-1.31695 	0.278555 	0.430497 	0.0381241 	
3.62	-0.00308344 	-0.40524 	-1.31719 	0.27856 	0.429837 	0.0381447 	
3.625	-0.00310666 	-0.404924 	-1.31742 	0.278569 	0.42918 	0.0381641 	
3.63	-0.00312939 	-0.404611 	-1.31765 	0.278579 	0.428525 	0.0381821 	
3.635	-0.00315186 	-0.404299 	-1.31788 	0.278591 	0.427873 	0.0381985 	
3.64	-0.00317404 	-0.403988 	-1.31811 	0.278603 	0.427221 	0.0382077 	
3.645	-0.00318598 	-0.403674 	-1.31834 	0.278654 	0.426574 	0.0382121 	
3.65	-0.00320919 	-0.403365 	-1.31856 	0.278684 	0.425924 	0.0382173 	
3.655	-0.0032428 	-0.403237 	-1.31873 	0.278696 	0.425534 	0.0382219 	
3.66	-0.00326516 	-0.403105 	-1.31889 	0.278699 	0.425134 	0.0382257 	
3.665	-0.00328649 	-0.402962 	-1.31904 	0.278687 	0.42471 	0.0381981 	
3.67	-0.00330515 	-0.402805 	-1.31919 	0.278678 	0.424273 	0.0381452 	
3.675	-0.00332465 	-0.402634 	-1.31934 	0.27867 	0.423824 	0.0381079 	
3.68	-0.00334518 	-0.402448 	-1.3195 	0.278666 	0.423362 	0.038097 	
3.685	-0.0033701 	-0.402247 	-1.31967 	0.278652 	0.422879 	0.0380964 	
3.69	-0.0034035 	-0.402035 	-1.31984 	0.278617 	0.422374 	0.038101 	
3.695	-0.00343357 	-0.401808 	-1.32001 	0.278597 	0.42185 	0.0380835 	
3.7	-0.00346233 	-0.401568 	-1.32019 	0.278584 	0.421308 	0.0380602 	
3.705	-0.00350037 	-0.401319 	-1.32038 	0.278546 	0.420745 	0.0380584 	
3.71	-0.00354296 	-0.40106 	-1.32058 	0.2785 	0.420167 	0.0380608 	
3.715	-0.00358275 	-0.400791 	-1.32077 	0.278469 	0.419573 	0.0380431 	
3.72	-0.0036227 	-0.400514 	-1.32097 	0.27844 	0.418965 	0.0380211 	
3.725	-0.00366477 	-0.400229 	-1.32118 	0.278407 	0.418344 	0.038003 	
3.73	-0.00370978 	-0.399938 	-1.32139 	0.278367 	0.41771 	0.0379903 	
3.735	-0.00375799 	-0.399642 	-1.3216 	0.27832 	0.417066 	0.0379839 	
3.74	-0.00380991 	-0.399341 	-1.32182 	0.278265 	0.416412 	0.037987 	
3.745	-0.00385704 	-0.399034 	-1.32203 	0.27823 	0.415752 	0.0379899 	
3.75	-0.00390427 	-0.398722 	-1.32225 	0.278194 	0.415083 	0.0379909 	
3.755	-0.00394693 	-0.398406 	-1.32248 	0.278172 	0.414411 	0.0379891 	
3.76	-0.00398811 	-0.398087 	-1.3227 	0.278154 	0.413735 	0.0379864 	
3.765	-0.00402874 	-0.397766 	-1.32293 	0.278137 	0.413055 	0.0379832 	
3.77	-0.00406921 	-0.397444 	-1.32315 	0.278119 	0.412371 	0.0379803 	
3.775	-0.00410352 	-0.397119 	-1.32338 	0.278124 	0.411681 	0.0379446 	
3.78	-0.00413629 	-0.396791 	-1.3236 	0.27813 	0.410984 	0.0379045 	
3.785	-0.00416801 	-0.396467 	-1.32382 	0.278139 	0.410293 	0.0378788 	
3.79	-0.00420813 	-0.396143 	-1.32404 	0.278115 	0.409594 	0.0378367 	
3.795	-0.00425093 	-0.395818 	-1.32426 	0.278083 	0.408891 	0.0377872 	
3.8	-0.00429492 	-0.39549 	-1.32448 	0.27805 	0.408183 	0.0377347 	
3.805	-0.00433857 	-0.395164 	-1.32471 	0.278019 	0.407477 	0.037713 	
3.81	-0.00437343 	-0.394842 	-1.32492 	0.278024 	0.406783 	0.0377029 	
3.815	-0.0044085 	-0.394518 	-1.32515 	0.278022 	0.40609 	0.0376961 	
3.82	-0.00444539 	-0.394194 	-1.32537 	0.278014 	0.405395 	0.0376921 	
3.825	-0.00448394 	-0.393876 	-1.32559 	0.277998 	0.404703 	0.0376735 	
3.83	-0.00452354 	-0.393569 	-1.3258 	0.277977 	0.404024 	0.0376535 	
3.835	-0.00456317 	-0.393271 	-1.32601 	0.277955 	0.403358 	0.0376347 	
3.84	-0.00460208 	-0.392982 	-1.32622 	0.277933 	0.402707 	0.0376185 	
3.845	-0.00464 	-0.392701 	-1.32642 	0.277912 	0.402067 	0.0376058 	
3.85	-0.00467685 	-0.392427 	-1.32662 	0.277893 	0.40144 	0.0375977 	
3.855	-0.00471264 	-0.392161 	-1.32681 	0.277877 	0.400823 	0.0375948 	
3.86	-0.00474671 	-0.391893 	-1.327 	0.27786 	0.400211 	0.0375796 	
3.865	-0.00477985 	-0.391618 	-1.32719 	0.277844 	0.399588 	0.0375503 	
3.87	-0.00481537 	-0.391339 	-1.32739 	0.277821 	0.398958 	0.0375328 	
3.875	-0.0048526 	-0.391054 	-1.32758 	0.277795 	0.39832 	0.0375193 	
3.88	-0.00488941 	-0.390763 	-1.32778 	0.277776 	0.397674 	0.037516 	
3.885	-0.00492924 	-0.390472 	-1.32798 	0.27776 	0.397026 	0.037529 	
3.89	-0.00497032 	-0.39034 	-1.32813 	0.277743 	0.396624 	0.0375331 	
3.895	-0.0050056 	-0.390224 	-1.32826 	0.277714 	0.39626 	0.0375354 	
3.9	-0.00502714 	-0.390087 	-1.32839 	0.277702 	0.395864 	0.037536 	
3.905	-0.00504414 	-0.389928 	-1.32852 	0.277689 	0.395437 	0.0375369 	
3.91	-0.005065 	-0.389752 	-1.32866 	0.277669 	0.394978 	0.037548 	
3.915	-0.00508906 	-0.389558 	-1.3288 	0.277647 	0.394491 	0.0375623 	
3.92	-0.00511544 	-0.389347 	-1.32896 	0.277627 	0.393977 	0.0375776 	
3.925	-0.00514409 	-0.389121 	-1.32911 	0.277609 	0.393438 	0.0375935 	
3.93	-0.00517541 	-0.38888 	-1.32928 	0.277587 	0.392876 	0.0376 	
3.935	-0.00520961 	-0.388627 	-1.32945 	0.277563 	0.392292 	0.0376045 	
3.94	-0.00524696 	-0.388361 	-1.32963 	0.277535 	0.391687 	0.037609 	
3.945	-0.00528758 	-0.388086 	-1.32981 	0.277501 	0.391063 	0.0376142 	
3.95	-0.0053353 	-0.387803 	-1.33 	0.277449 	0.390422 	0.0376251 	
3.955	-0.00538251 	-0.387511 	-1.33019 	0.277405 	0.389765 	0.0376327 	
3.96	-0.00542955 	-0.387212 	-1.33039 	0.277363 	0.389099 	0.037633 	
3.965	-0.00547045 	-0.386913 	-1.33058 	0.277353 	0.388425 	0.0376631 	
3.97	-0.0055093 	-0.386607 	-1.33078 	0.27734 	0.387748 	0.0376685 	
3.975	-0.00554933 	-0.386298 	-1.33098 	0.277323 	0.387064 	0.0376688 	
3.98	-0.00559126 	-0.385985 	-1.33119 	0.277299 	0.386373 	0.0376699 	
3.985	-0.00563426 	-0.385669 	-1.3314 	0.277274 	0.385676 	0.0376707 	
3.99	-0.00567797 	-0.38535 	-1.3316 	0.277248 	0.384972 	0.0376712 	
3.995	-0.0057223 	-0.385029 	-1.33181 	0.277221 	0.384263 	0.0376714 	
4	-0.00576712 	-0.384705 	-1.33202 	0.277194 	0.38355 	0.0376714 	
4.005	-0.00581239 	-0.384379 	-1.33223 	0.277166 	0.382831 	0.0376712 	
4.01	-0.00585808 	-0.384052 	-1.33244 	0.277138 	0.382109 	0.0376711 	
4.015	-0.00590002 	-0.383721 	-1.33265 	0.277118 	0.381383 	0.0376632 	
4.02	-0.00593865 	-0.383388 	-1.33286 	0.277105 	0.380653 	0.0376496 	
4.025	-0.0059795 	-0.383055 	-1.33307 	0.277091 	0.379918 	0.0376417 	
4.03	-0.00602215 	-0.382721 	-1.33328 	0.277073 	0.379183 	0.0376439 	
4.035	-0.00606767 	-0.382387 	-1.3335 	0.277045 	0.378444 	0.0376422 	
4.04	-0.00609464 	-0.382057 	-1.3337 	0.277092 	0.37773 	0.0376648 	
4.045	-0.00612883 	-0.381737 	-1.3339 	0.277097 	0.377017 	0.0376495 	
4.05	-0.00614875 	-0.381407 	-1.3341 	0.277143 	0.3763 	0.0376438 	
4.055	-0.00616445 	-0.381075 	-1.33429 	0.2772 	0.375574 	0.0376545 	
4.06	-0.00617867 	-0.380741 	-1.33449 	0.277263 	0.374841 	0.0376738 	
4.065	-0.00620978 	-0.380419 	-1.33469 	0.277264 	0.374111 	0.0377078 	
4.07	-0.00625213 	-0.380101 	-1.33488 	0.277231 	0.373376 	0.0377429 	
4.075	-0.00629997 	-0.379789 	-1.33507 	0.277184 	0.372647 	0.0377787 	
4.08	-0.00634881 	-0.379481 	-1.33527 	0.277137 	0.371926 	0.0378143 	
4.085	-0.00639714 	-0.379177 	-1.33546 	0.277093 	0.371213 	0.0378497 	
4.09	-0.00644377 	-0.378876 	-1.33565 	0.277057 	0.370507 	0.0378854 	
4.095	-0.00648544 	-0.378575 	-1.33583 	0.277039 	0.369805 	0.0379142 	
4.1	-0.00652516 	-0.37827 	-1.33602 	0.277023 	0.369101 	0.037931 	
4.105	-0.00657451 	-0.377965 	-1.33621 	0.276974 	0.368387 	0.0379523 	
4.11	-0.00662685 	-0.377657 	-1.3364 	0.276917 	0.367667 	0.0379742 	
4.115	-0.00668571 	-0.377349 	-1.33658 	0.276839 	0.366941 	0.0379883 	
4.12	-0.00674547 	-0.377039 	-1.33677 	0.276762 	0.366212 	0.0379989 	
4.125	-0.00680398 	-0.376726 	-1.33696 	0.276688 	0.36548 	0.0379999 	
4.13	-0.00686114 	-0.376412 	-1.33715 	0.276619 	0.364748 	0.0380098 	
4.135	-0.00691095 	-0.376094 	-1.33734 	0.276582 	0.364012 	0.0380144 	
4.14	-0.00695777 	-0.375774 	-1.33753 	0.276555 	0.363274 	0.0380232 	
4.145	-0.00700365 	-0.375453 	-1.33772 	0.276531 	0.362534 	0.0380348 	
4.15	-0.00704917 	-0.375131 	-1.33791 	0.276504 	0.361792 	0.038024 	
4.155	-0.00709448 	-0.374808 	-1.3381 	0.276476 	0.361049 	0.038006 	
4.16	-0.0071397 	-0.374485 	-1.33829 	0.276448 	0.360305 	0.0379846 	
4.165	-0.00718676 	-0.374171 	-1.33849 	0.276415 	0.359572 	0.037975 	
4.17	-0.00723393 	-0.373864 	-1.33868 	0.27638 	0.358852 	0.0379627 	
4.175	-0.00728043 	-0.373559 	-1.33886 	0.276345 	0.358134 	0.0379413 	
4.18	-0.00732428 	-0.373251 	-1.33905 	0.276319 	0.357414 	0.0379172 	
4.185	-0.00736787 	-0.372943 	-1.33924 	0.276293 	0.356693 	0.0378927 	
4.19	-0.00741152 	-0.372635 	-1.33943 	0.276267 	0.355971 	0.0378679 	
4.195	-0.00745527 	-0.372326 	-1.33961 	0.276241 	0.355249 	0.0378429 	
4.2	-0.00749914 	-0.372018 	-1.3398 	0.276215 	0.354526 	0.0378175 	
4.205	-0.00754315 	-0.371709 	-1.33998 	0.27619 	0.353802 	0.0377918 	
4.21	-0.00758376 	-0.371403 	-1.34016 	0.276187 	0.35308 	0.0378134 	
4.215	-0.00764901 	-0.371097 	-1.34032 	0.276108 	0.352324 	0.0377706 	
4.22	-0.00770473 	-0.370799 	-1.34048 	0.275989 	0.351526 	0.0376595 	
4.225	-0.00774885 	-0.370499 	-1.34065 	0.275899 	0.350765 	0.0376068 	
4.23	-0.00779276 	-0.3702 	-1.34083 	0.27582 	0.350019 	0.0376052 	
4.235	-0.00783846 	-0.369903 	-1.34101 	0.275752 	0.349278 	0.0376177 	
4.24	-0.00788754 	-0.369608 	-1.34118 	0.275685 	0.348541 	0.0376577 	
4.245	-0.0079391 	-0.369314 	-1.34135 	0.27562 	0.347805 	0.0377048 	
4.25	-0.00799309 	-0.369021 	-1.34153 	0.275555 	0.347072 	0.0377526 	
4.255	-0.00804904 	-0.36873 	-1.3417 	0.275488 	0.346343 	0.0377988 	
4.26	-0.00810662 	-0.368439 	-1.34187 	0.27542 	0.345618 	0.0378427 	
4.265	-0.00816554 	-0.368149 	-1.34204 	0.275351 	0.344896 	0.0378838 	
4.27	-0.00822552 	-0.367861 	-1.34221 	0.27528 	0.344177 	0.0379226 	
4.275	-0.00828609 	-0.367572 	-1.34239 	0.275208 	0.343461 	0.0379598 	
4.28	-0.00834706 	-0.367285 	-1.34256 	0.275137 	0.342748 	0.037995 	
4.285	-0.00839336 	-0.366988 	-1.34273 	0.275116 	0.342033 	0.0380022 	
4.29	-0.00843414 	-0.366682 	-1.3429 	0.275106 	0.34131 	0.0379987 	
4.295	-0.00847536 	-0.366376 	-1.34307 	0.275094 	0.340584 	0.0379944 	
4.3	-0.00851765 	-0.366075 	-1.34324 	0.27508 	0.339862 	0.0379943 	
4.305	-0.00856019 	-0.365786 	-1.3434 	0.275067 	0.33916 	0.0379998 	
4.31	-0.00860196 	-0.365513 	-1.34357 	0.275054 	0.338483 	0.0380069 	
4.315	-0.00864283 	-0.365249 	-1.34373 	0.275041 	0.337823 	0.0380111 	
4.32	-0.00868341 	-0.364988 	-1.34388 	0.275028 	0.337172 	0.0380132 	
4.325	-0.00872424 	-0.364727 	-1.34404 	0.275013 	0.336523 	0.0380154 	
4.33	-0.00876562 	-0.364464 	-1.34419 	0.274999 	0.335869 	0.0380251 	
4.335	-0.00880772 	-0.364201 	-1.34435 	0.274983 	0.335214 	0.0380367 	
4.34	-0.00885714 	-0.363933 	-1.3445 	0.27494 	0.334545 	0.0380348 	
4.345	-0.00893362 	-0.363661 	-1.34465 	0.274826 	0.333843 	0.0380223 	
4.35	-0.00903572 	-0.363385 	-1.34479 	0.274648 	0.333116 	0.0380172 	
4.355	-0.00915487 	-0.363103 	-1.34493 	0.274435 	0.332369 	0.038013 	
4.36	-0.0092681 	-0.362808 	-1.34509 	0.274241 	0.331623 	0.0379742 	
4.365	-0.00937887 	-0.362505 	-1.34525 	0.274051 	0.330866 	0.037927 	
4.37	-0.00948548 	-0.362194 	-1.34541 	0.27388 	0.330099 	0.0378801 	
4.375	-0.00959042 	-0.361878 	-1.34558 	0.273716 	0.329321 	0.0378399 	
4.38	-0.00968065 	-0.361557 	-1.34576 	0.273601 	0.328544 	0.0378429 	
4.385	-0.00977092 	-0.361239 	-1.34593 	0.273485 	0.327764 	0.0378575 	
4.39	-0.00986167 	-0.360927 	-1.34611 	0.273363 	0.326993 	0.0378768 	
4.395	-0.00995157 	-0.360623 	-1.34628 	0.273238 	0.326235 	0.0378917 	
4.4	-0.01002 	-0.360331 	-1.34646 	0.273175 	0.325517 	0.0379026 	
4.405	-0.0100772 	-0.360064 	-1.34663 	0.273133 	0.32485 	0.0379114 	
4.41	-0.010127 	-0.35979 	-1.34679 	0.273109 	0.324162 	0.0379094 	
4.415	-0.0101721 	-0.359507 	-1.34694 	0.273097 	0.32346 	0.0379024 	
4.42	-0.010215 	-0.359216 	-1.3471 	0.27309 	0.322744 	0.0378934 	
4.425	-0.0102574 	-0.358918 	-1.34726 	0.273084 	0.322014 	0.0378837 	
4.43	-0.010304 	-0.358638 	-1.34742 	0.273051 	0.321323 	0.0378887 	
4.435	-0.010351 	-0.358377 	-1.34758 	0.273012 	0.320666 	0.0378972 	
4.44	-0.010397 	-0.358129 	-1.34774 	0.272972 	0.320031 	0.0379063 	
4.445	-0.0104452 	-0.35789 	-1.34789 	0.272924 	0.319407 	0.0379145 	
4.45	-0.0105035 	-0.357656 	-1.34803 	0.272844 	0.318779 	0.0379241 	
4.455	-0.0105644 	-0.357422 	-1.34817 	0.27276 	0.318149 	0.0379365 	
4.46	-0.0106264 	-0.357185 	-1.34831 	0.272676 	0.317514 	0.0379492 	
4.465	-0.0106891 	-0.356945 	-1.34845 	0.272593 	0.316875 	0.0379615 	
4.47	-0.0107526 	-0.356701 	-1.34858 	0.27251 	0.316229 	0.0379736 	
4.475	-0.0108169 	-0.356454 	-1.34872 	0.272428 	0.315576 	0.0379856 	
4.48	-0.0108822 	-0.356204 	-1.34886 	0.272345 	0.314917 	0.0379975 	
4.485	-0.0109485 	-0.35595 	-1.349 	0.272261 	0.314251 	0.0380094 	
4.49	-0.0110072 	-0.355686 	-1.34915 	0.272204 	0.313571 	0.0380154 	
4.495	-0.0110627 	-0.355413 	-1.34929 	0.272161 	0.312879 	0.0380182 	
4.5	-0.0111173 	-0.355135 	-1.34944 	0.272124 	0.312174 	0.0380195 	
4.505	-0.0111725 	-0.354852 	-1.34958 	0.272088 	0.311459 	0.0380186 	
4.51	-0.011229 	-0.354564 	-1.34973 	0.272051 	0.310734 	0.0380173 	
4.515	-0.0112874 	-0.354274 	-1.34988 	0.272009 	0.310002 	0.038017 	
4.52	-0.0113545 	-0.353983 	-1.35003 	0.27194 	0.309265 	0.0380068 	
4.525	-0.0114012 	-0.353885 	-1.35015 	0.271919 	0.308851 	0.0380076 	
4.53	-0.0114313 	-0.353777 	-1.35026 	0.271893 	0.308419 	0.0380091 	
4.535	-0.0114681 	-0.353656 	-1.35035 	0.271836 	0.307969 	0.0379963 	
4.54	-0.0115227 	-0.353523 	-1.35044 	0.271742 	0.307491 	0.0380025 	
4.545	-0.0115875 	-0.353373 	-1.35054 	0.271622 	0.306995 	0.0379766 	
4.55	-0.0116642 	-0.353205 	-1.35063 	0.271473 	0.306472 	0.037935 	
4.555	-0.011717 	-0.35305 	-1.35073 	0.271425 	0.306034 	0.0379304 	
4.56	-0.0117567 	-0.352868 	-1.35083 	0.271406 	0.305544 	0.0379411 	
4.565	-0.0117907 	-0.352662 	-1.35094 	0.271399 	0.305007 	0.0379616 	
4.57	-0.0118197 	-0.352434 	-1.35106 	0.27141 	0.304434 	0.037997 	
4.575	-0.0118438 	-0.352187 	-1.35118 	0.271439 	0.303827 	0.038049 	
4.58	-0.0118657 	-0.351923 	-1.35131 	0.271476 	0.303191 	0.0381089 	
4.585	-0.0119092 	-0.351699 	-1.35142 	0.271465 	0.30265 	0.0381463 	
4.59	-0.0119589 	-0.351455 	-1.35154 	0.271427 	0.302044 	0.0381628 	
4.595	-0.0120285 	-0.351197 	-1.35165 	0.271335 	0.301391 	0.038156 	
4.6	-0.0121132 	-0.350925 	-1.35178 	0.271202 	0.300697 	0.0381271 	
4.605	-0.0122119 	-0.350642 	-1.3519 	0.271042 	0.299956 	0.0381376 	
4.61	-0.0123179 	-0.350347 	-1.35202 	0.27087 	0.299182 	0.0381582 	
4.615	-0.0124201 	-0.350038 	-1.35216 	0.270718 	0.298385 	0.0381788 	
4.62	-0.0125101 	-0.349716 	-1.3523 	0.270596 	0.297578 	0.0381628 	
4.625	-0.0125597 	-0.349384 	-1.35245 	0.270615 	0.296788 	0.038168 	
4.63	-0.0126211 	-0.349049 	-1.3526 	0.270577 	0.295969 	0.0381541 	
4.635	-0.0126857 	-0.348709 	-1.35275 	0.270527 	0.295133 	0.038136 	
4.64	-0.0127517 	-0.348363 	-1.35291 	0.270474 	0.294285 	0.0381166 	
4.645	-0.0127998 	-0.348265 	-1.35302 	0.270458 	0.293877 	0.0381152 	
4.65	-0.012824 	-0.348157 	-1.35313 	0.270451 	0.293446 	0.0381203 	
4.655	-0.012832 	-0.348045 	-1.35322 	0.270478 	0.293028 	0.0381272 	
4.66	-0.0128653 	-0.347924 	-1.35331 	0.270429 	0.292574 	0.0381352 	
4.665	-0.012911 	-0.347785 	-1.35339 	0.270349 	0.292096 	0.0381212 	
4.67	-0.0129685 	-0.347627 	-1.35348 	0.270248 	0.291588 	0.038083 	
4.675	-0.0130382 	-0.347451 	-1.35357 	0.270123 	0.291047 	0.0380296 	
4.68	-0.0131201 	-0.347257 	-1.35366 	0.269974 	0.290472 	0.0379657 	
4.685	-0.0132119 	-0.347047 	-1.35376 	0.269805 	0.289862 	0.0378962 	
4.69	-0.0133107 	-0.346819 	-1.35386 	0.269629 	0.28922 	0.0378255 	
4.695	-0.0134156 	-0.346576 	-1.35397 	0.269442 	0.288546 	0.0377556 	
4.7	-0.0135235 	-0.346319 	-1.35408 	0.269247 	0.287844 	0.0376889 	
4.705	-0.0135891 	-0.346041 	-1.35421 	0.269226 	0.287142 	0.0376862 	
4.71	-0.0136422 	-0.345752 	-1.35435 	0.269244 	0.286425 	0.0377382 	
4.715	-0.0136895 	-0.345455 	-1.35448 	0.269274 	0.285692 	0.0378039 	
4.72	-0.013734 	-0.345152 	-1.35462 	0.269307 	0.284944 	0.0378741 	
4.725	-0.0137768 	-0.344844 	-1.35476 	0.269341 	0.284184 	0.0379464 	
4.73	-0.0138184 	-0.344533 	-1.3549 	0.269375 	0.283415 	0.0380201 	
4.735	-0.0138552 	-0.344423 	-1.35502 	0.269389 	0.282985 	0.0380402 	
4.74	-0.0138812 	-0.344306 	-1.35512 	0.269397 	0.282536 	0.0380699 	
4.745	-0.013903 	-0.344185 	-1.35521 	0.269402 	0.282092 	0.0381046 	
4.75	-0.0139201 	-0.344044 	-1.3553 	0.269408 	0.281611 	0.038077 	
4.755	-0.0139432 	-0.343885 	-1.35538 	0.269398 	0.281095 	0.038049 	
4.76	-0.0139716 	-0.343707 	-1.35546 	0.269381 	0.280547 	0.0380242 	
4.765	-0.0139986 	-0.343618 	-1.35553 	0.269357 	0.280167 	0.0380114 	
4.77	-0.0140324 	-0.343517 	-1.35561 	0.269296 	0.279753 	0.0379981 	
4.775	-0.0140712 	-0.343396 	-1.35568 	0.269209 	0.279303 	0.0379425 	
4.78	-0.014105 	-0.343255 	-1.35576 	0.269162 	0.278819 	0.0379082 	
4.785	-0.0141382 	-0.343092 	-1.35584 	0.269131 	0.278307 	0.0379162 	
4.79	-0.0141739 	-0.342912 	-1.35593 	0.269102 	0.277762 	0.0379374 	
4.795	-0.0142126 	-0.342714 	-1.35603 	0.269072 	0.277184 	0.0379637 	
4.8	-0.0142544 	-0.342501 	-1.35612 	0.269041 	0.276575 	0.037993 	
4.805	-0.0143009 	-0.342274 	-1.35623 	0.269001 	0.275937 	0.0380232 	
4.81	-0.0143507 	-0.342034 	-1.35633 	0.268957 	0.275272 	0.0380548 	
4.815	-0.0144034 	-0.341783 	-1.35644 	0.268911 	0.274583 	0.0380877 	
4.82	-0.0144584 	-0.341521 	-1.35655 	0.268864 	0.273871 	0.0381218 	
4.825	-0.0145136 	-0.341249 	-1.35666 	0.268823 	0.273138 	0.038162 	
4.83	-0.0145699 	-0.340969 	-1.35678 	0.268783 	0.272386 	0.0382048 	
4.835	-0.0146252 	-0.340681 	-1.3569 	0.268751 	0.271619 	0.0382456 	
4.84	-0.014681 	-0.340387 	-1.35702 	0.268719 	0.270839 	0.0382866 	
4.845	-0.0147372 	-0.340088 	-1.35714 	0.268683 	0.270049 	0.0382923 	
4.85	-0.014794 	-0.339785 	-1.35727 	0.268646 	0.26925 	0.038289 	
4.855	-0.0148513 	-0.33948 	-1.35739 	0.268608 	0.268442 	0.0382835 	
4.86	-0.0149092 	-0.339171 	-1.35752 	0.26857 	0.267627 	0.0382774 	
4.865	-0.0149551 	-0.338861 	-1.35764 	0.268573 	0.266818 	0.0382783 	
4.87	-0.0150046 	-0.338552 	-1.35776 	0.26856 	0.266005 	0.0382893 	
4.875	-0.0150441 	-0.338236 	-1.35789 	0.268583 	0.265187 	0.0382728 	
4.88	-0.0150974 	-0.337919 	-1.35801 	0.26856 	0.264352 	0.038229 	
4.885	-0.0151629 	-0.337599 	-1.35812 	0.268499 	0.263498 	0.0381856 	
4.89	-0.0152341 	-0.337275 	-1.35824 	0.268422 	0.262632 	0.0381415 	
4.895	-0.0153073 	-0.336948 	-1.35835 	0.26834 	0.261757 	0.0380945 	
4.9	-0.0153803 	-0.336619 	-1.35847 	0.268262 	0.260882 	0.0380552 	
4.905	-0.0154386 	-0.3364 	-1.35859 	0.268219 	0.260223 	0.0380292 	
4.91	-0.0154927 	-0.336177 	-1.35869 	0.268163 	0.259546 	0.0380025 	
4.915	-0.0155443 	-0.33595 	-1.35879 	0.268102 	0.258858 	0.0379703 	
4.92	-0.0155866 	-0.335811 	-1.35889 	0.268059 	0.258345 	0.037951 	
4.925	-0.0156294 	-0.335728 	-1.35895 	0.268018 	0.25801 	0.0379419 	
4.93	-0.0156818 	-0.335619 	-1.359 	0.267922 	0.257594 	0.0379331 	
4.935	-0.0157424 	-0.335481 	-1.35906 	0.267801 	0.257113 	0.037928 	
4.94	-0.0158098 	-0.335317 	-1.35912 	0.267666 	0.256574 	0.0379222 	
4.945	-0.0158822 	-0.335129 	-1.35919 	0.267524 	0.255984 	0.0379141 	
4.95	-0.0159586 	-0.334921 	-1.35926 	0.26738 	0.25535 	0.0379025 	
4.955	-0.0160379 	-0.334693 	-1.35934 	0.267236 	0.254675 	0.037887 	
4.96	-0.0161282 	-0.33445 	-1.35942 	0.267077 	0.253962 	0.0378725 	
4.965	-0.0162184 	-0.334192 	-1.35951 	0.266894 	0.253207 	0.0378514 	
4.97	-0.0162987 	-0.333917 	-1.3596 	0.266756 	0.25243 	0.0378205 	
4.975	-0.0163754 	-0.333631 	-1.3597 	0.266635 	0.251631 	0.0377829 	
4.98	-0.0164203 	-0.333543 	-1.35979 	0.266584 	0.251213 	0.0377723 	
4.985	-0.0164536 	-0.333447 	-1.35987 	0.266515 	0.250768 	0.0377116 	
4.99	-0.0164811 	-0.333336 	-1.35994 	0.266452 	0.250304 	0.0376356 	
4.995	-0.0165087 	-0.33321 	-1.36001 	0.266392 	0.24982 	0.0375448 	
5	-0.0165593 	-0.333068 	-1.36008 	0.266282 	0.249295 	0.0375203 	
5.005	-0.0166316 	-0.332909 	-1.36013 	0.266135 	0.248731 	0.0375175 	
5.01	-0.0166971 	-0.332728 	-1.36021 	0.266009 	0.248141 	0.0374359 	
5.015	-0.0167491 	-0.332531 	-1.36029 	0.265953 	0.247539 	0.0374286 	
5.02	-0.0167979 	-0.332322 	-1.36037 	0.265913 	0.246916 	0.0374472 	
5.025	-0.0168377 	-0.332201 	-1.36045 	0.265884 	0.246449 	0.0374572 	
5.03	-0.0168618 	-0.332168 	-1.36052 	0.26587 	0.246159 	0.0374578 	
5.035	-0.0168949 	-0.332118 	-1.36057 	0.265816 	0.245821 	0.0374658 	
5.04	-0.0169124 	-0.332128 	-1.36063 	0.265801 	0.245616 	0.0374662 	
5.045	-0.0169195 	-0.332177 	-1.36067 	0.265794 	0.24549 	0.037466 	
5.05	-0.0169209 	-0.33221 	-1.36071 	0.265789 	0.245337 	0.0374662 	
5.055	-0.0169287 	-0.332217 	-1.36075 	0.265775 	0.245144 	0.0374717 	
5.06	-0.0169442 	-0.332192 	-1.36079 	0.26575 	0.244896 	0.037481 	
5.065	-0.016967 	-0.332134 	-1.36083 	0.265716 	0.244588 	0.0374939 	
5.07	-0.0170371 	-0.332058 	-1.36085 	0.265576 	0.244188 	0.0375497 	
5.075	-0.0171462 	-0.331963 	-1.36087 	0.265346 	0.243723 	0.0376258 	
5.08	-0.017204 	-0.331928 	-1.36092 	0.265279 	0.243438 	0.0376417 	
5.085	-0.017237 	-0.331906 	-1.36098 	0.265266 	0.243192 	0.0376492 	
5.09	-0.0172646 	-0.331855 	-1.36103 	0.265252 	0.242892 	0.0376609 	
5.095	-0.0172889 	-0.331822 	-1.36108 	0.265234 	0.242626 	0.0376537 	
5.1	-0.0173049 	-0.331792 	-1.36113 	0.265216 	0.242385 	0.0376276 	
5.105	-0.0173186 	-0.33173 	-1.36118 	0.265203 	0.242081 	0.0376328 	
5.11	-0.0173238 	-0.331636 	-1.36123 	0.265223 	0.241725 	0.0376291 	
5.115	-0.0173371 	-0.331512 	-1.36129 	0.265223 	0.241305 	0.0376278 	
5.12	-0.0173522 	-0.33136 	-1.36135 	0.265229 	0.240834 	0.0376394 	
5.125	-0.0173754 	-0.331184 	-1.36142 	0.265219 	0.240311 	0.0376642 	
5.13	-0.0174042 	-0.330985 	-1.3615 	0.2652 	0.239742 	0.0376838 	
5.135	-0.0174375 	-0.330765 	-1.36158 	0.265181 	0.239126 	0.0377202 	
5.14	-0.0174743 	-0.330527 	-1.36167 	0.26516 	0.23847 	0.0377575 	
5.145	-0.0175093 	-0.33027 	-1.36176 	0.265154 	0.237779 	0.0377898 	
5.15	-0.0175419 	-0.329996 	-1.36185 	0.265164 	0.237054 	0.0378176 	
5.155	-0.0175763 	-0.329709 	-1.36195 	0.265168 	0.236301 	0.0378268 	
5.16	-0.0176168 	-0.329411 	-1.36206 	0.265165 	0.235517 	0.0378529 	
5.165	-0.0176676 	-0.329106 	-1.36216 	0.265134 	0.234706 	0.0378957 	
5.17	-0.0177233 	-0.328793 	-1.36226 	0.265093 	0.233873 	0.0379448 	
5.175	-0.0177816 	-0.328472 	-1.36237 	0.26505 	0.233022 	0.037996 	
5.18	-0.0178415 	-0.328145 	-1.36248 	0.265006 	0.232154 	0.0380482 	
5.185	-0.0179002 	-0.327811 	-1.36259 	0.264973 	0.231272 	0.0381021 	
5.19	-0.017964 	-0.327472 	-1.3627 	0.264925 	0.230377 	0.0381499 	
5.195	-0.0180285 	-0.327182 	-1.36279 	0.264886 	0.229626 	0.0381951 	
5.2	-0.0180983 	-0.326879 	-1.36289 	0.264818 	0.228829 	0.0382336 	
5.205	-0.0181819 	-0.326569 	-1.36298 	0.264712 	0.227992 	0.0382773 	
5.21	-0.0182823 	-0.326254 	-1.36308 	0.264564 	0.227122 	0.0383363 	
5.215	-0.018366 	-0.325968 	-1.36317 	0.264498 	0.226347 	0.0383814 	
5.22	-0.0184348 	-0.325753 	-1.36327 	0.264447 	0.2257 	0.0384176 	
5.225	-0.0184808 	-0.325599 	-1.36336 	0.264423 	0.225156 	0.0384462 	
5.23	-0.0185214 	-0.325432 	-1.36344 	0.264387 	0.224585 	0.0384812 	
5.235	-0.018561 	-0.325251 	-1.36352 	0.264348 	0.223992 	0.0385068 	
5.24	-0.0186085 	-0.325059 	-1.36359 	0.264279 	0.223379 	0.0385305 	
5.245	-0.0186605 	-0.324858 	-1.36367 	0.264202 	0.222751 	0.0385538 	
5.25	-0.0187154 	-0.324654 	-1.36374 	0.264119 	0.222118 	0.0385771 	
5.255	-0.0187707 	-0.324455 	-1.36382 	0.264035 	0.221495 	0.0385996 	
5.26	-0.0188271 	-0.324243 	-1.3639 	0.26395 	0.220847 	0.0386225 	
5.265	-0.0189016 	-0.324022 	-1.36397 	0.263824 	0.220162 	0.0386619 	
5.27	-0.0189935 	-0.323791 	-1.36403 	0.263661 	0.219442 	0.0387116 	
5.275	-0.0191017 	-0.32355 	-1.3641 	0.263461 	0.218691 	0.038769 	
5.28	-0.0191949 	-0.323291 	-1.36418 	0.263316 	0.217926 	0.038827 	
5.285	-0.019274 	-0.323015 	-1.36427 	0.263219 	0.217138 	0.0388853 	
5.29	-0.0193363 	-0.322722 	-1.36436 	0.263168 	0.216334 	0.038943 	
5.295	-0.0193954 	-0.322419 	-1.36445 	0.263125 	0.215506 	0.0389886 	
5.3	-0.0194537 	-0.322106 	-1.36455 	0.263089 	0.214655 	0.0390356 	
5.305	-0.0195132 	-0.321785 	-1.36464 	0.263053 	0.213783 	0.039085 	
5.31	-0.0195707 	-0.321519 	-1.36474 	0.262996 	0.21297 	0.0391103 	
5.315	-0.0196378 	-0.321257 	-1.36483 	0.262918 	0.212164 	0.0391545 	
5.32	-0.0197161 	-0.320994 	-1.36491 	0.262814 	0.211354 	0.0392121 	
5.325	-0.0197941 	-0.320727 	-1.365 	0.262742 	0.210549 	0.0392594 	
5.33	-0.0198559 	-0.320563 	-1.36508 	0.262688 	0.209935 	0.0392826 	
5.335	-0.019911 	-0.32039 	-1.36516 	0.262627 	0.209312 	0.0393171 	
5.34	-0.0199593 	-0.320205 	-1.36524 	0.262578 	0.208678 	0.0393572 	
5.345	-0.0200039 	-0.320006 	-1.36531 	0.26254 	0.20803 	0.0393969 	
5.35	-0.020048 	-0.319791 	-1.36538 	0.262505 	0.207361 	0.0394316 	
5.355	-0.0200925 	-0.319572 	-1.36546 	0.262472 	0.206693 	0.0394964 	
5.36	-0.0201373 	-0.319346 	-1.36554 	0.262443 	0.206024 	0.0395955 	
5.365	-0.0201884 	-0.319113 	-1.36561 	0.262393 	0.205346 	0.0397044 	
5.37	-0.0202406 	-0.318883 	-1.36569 	0.262342 	0.204672 	0.03982 	
5.375	-0.0202937 	-0.318657 	-1.36577 	0.262287 	0.204004 	0.0399367 	
5.38	-0.0203469 	-0.318432 	-1.36585 	0.262231 	0.203336 	0.0400504 	
5.385	-0.0204004 	-0.318204 	-1.36593 	0.262174 	0.20266 	0.0401608 	
5.39	-0.0204553 	-0.317968 	-1.36601 	0.262116 	0.201968 	0.0402714 	
5.395	-0.0205119 	-0.317725 	-1.36609 	0.262056 	0.201263 	0.040385 	
5.4	-0.0205743 	-0.317495 	-1.36617 	0.26199 	0.200577 	0.0405024 	
5.405	-0.0206382 	-0.317275 	-1.36625 	0.261916 	0.199908 	0.0406117 	
5.41	-0.0207153 	-0.317049 	-1.36632 	0.261803 	0.199195 	0.0406744 	
5.415	-0.0208047 	-0.316813 	-1.36639 	0.261659 	0.19845 	0.0407301 	
5.42	-0.0209053 	-0.316569 	-1.36645 	0.261489 	0.197678 	0.0407879 	
5.425	-0.0210137 	-0.316315 	-1.36651 	0.261306 	0.19688 	0.0408566 	
5.43	-0.0210906 	-0.316074 	-1.3666 	0.261236 	0.196195 	0.0409056 	
5.435	-0.0211272 	-0.31593 	-1.36668 	0.261279 	0.195805 	0.0409079 	
5.44	-0.0211439 	-0.315836 	-1.36675 	0.26134 	0.195492 	0.0408902 	
5.445	-0.0211415 	-0.315803 	-1.36682 	0.261344 	0.19516 	0.0408963 	
5.45	-0.0211301 	-0.315763 	-1.36688 	0.261358 	0.19484 	0.0408974 	
5.455	-0.0211183 	-0.315761 	-1.36692 	0.261358 	0.194601 	0.040902 	
5.46	-0.0211096 	-0.315742 	-1.36696 	0.261352 	0.194346 	0.0409105 	
5.465	-0.0211076 	-0.315694 	-1.367 	0.261334 	0.194039 	0.0409081 	
5.47	-0.0211092 	-0.315614 	-1.36704 	0.261322 	0.193678 	0.0408974 	
5.475	-0.0211151 	-0.315505 	-1.36708 	0.261312 	0.193262 	0.040883 	
5.48	-0.0211222 	-0.315367 	-1.36712 	0.261328 	0.192798 	0.0409054 	
5.485	-0.0211334 	-0.315203 	-1.36717 	0.261345 	0.192274 	0.0408858 	
5.49	-0.0211491 	-0.315014 	-1.36722 	0.26136 	0.191694 	0.0408498 	
5.495	-0.0211697 	-0.314802 	-1.36727 	0.261373 	0.191064 	0.0408087 	
5.5	-0.0211949 	-0.314571 	-1.36732 	0.261382 	0.190387 	0.040766 	
5.505	-0.0212264 	-0.314321 	-1.36738 	0.261385 	0.189672 	0.0407671 	
5.51	-0.0212612 	-0.314055 	-1.36744 	0.261385 	0.188917 	0.0407407 	
5.515	-0.0212997 	-0.313775 	-1.36751 	0.261381 	0.188129 	0.0407148 	
5.52	-0.0213421 	-0.313482 	-1.36758 	0.261371 	0.187308 	0.040683 	
5.525	-0.0213919 	-0.313181 	-1.36765 	0.261342 	0.186462 	0.0406876 	
5.53	-0.0214315 	-0.312893 	-1.36774 	0.261367 	0.185696 	0.0406771 	
5.535	-0.0214715 	-0.312787 	-1.36779 	0.26138 	0.185434 	0.0406762 	
5.54	-0.0214985 	-0.312747 	-1.36782 	0.261382 	0.185303 	0.0406763 	
5.545	-0.0215136 	-0.312734 	-1.36784 	0.26138 	0.185203 	0.0406766 	
5.55	-0.0215199 	-0.312739 	-1.36786 	0.261377 	0.185111 	0.0406768 	
5.555	-0.021524 	-0.312697 	-1.36788 	0.261376 	0.184896 	0.0406739 	
5.56	-0.0215293 	-0.312613 	-1.36791 	0.261384 	0.184578 	0.0406605 	
5.565	-0.0215398 	-0.312491 	-1.36794 	0.261389 	0.18417 	0.0406414 	
5.57	-0.0215549 	-0.312336 	-1.36797 	0.261396 	0.183683 	0.0406124 	
5.575	-0.021531 	-0.312196 	-1.36805 	0.261421 	0.183154 	0.0406038 	
5.58	-0.021507 	-0.312042 	-1.36811 	0.261467 	0.182613 	0.0406605 	
5.585	-0.0215091 	-0.311884 	-1.36817 	0.261434 	0.18205 	0.0406666 	
5.59	-0.0215015 	-0.311856 	-1.36823 	0.261422 	0.181753 	0.0406706 	
5.595	-0.0214893 	-0.311817 	-1.36828 	0.261408 	0.181448 	0.0406549 	
5.6	-0.0214786 	-0.311759 	-1.36833 	0.261394 	0.18112 	0.0406296 	
5.605	-0.0214655 	-0.311721 	-1.36838 	0.261381 	0.180789 	0.0406049 	
5.61	-0.0214503 	-0.31173 	-1.36843 	0.261371 	0.180563 	0.0405946 	
5.615	-0.0214356 	-0.311721 	-1.36846 	0.261362 	0.180312 	0.0405998 	
5.62	-0.0214225 	-0.311694 	-1.3685 	0.261352 	0.180043 	0.0405782 	
5.625	-0.0214108 	-0.311686 	-1.36854 	0.261342 	0.17981 	0.0405675 	
5.63	-0.0214022 	-0.311665 	-1.36858 	0.26133 	0.179574 	0.0405581 	
5.635	-0.0213897 	-0.311609 	-1.36861 	0.261344 	0.179271 	0.0405292 	
5.64	-0.0213768 	-0.311554 	-1.36864 	0.26137 	0.179003 	0.0404904 	
5.645	-0.0213665 	-0.311559 	-1.36867 	0.261374 	0.178854 	0.0404784 	
5.65	-0.021355 	-0.311541 	-1.36869 	0.26138 	0.17866 	0.0404836 	
5.655	-0.0213428 	-0.311515 	-1.36872 	0.261387 	0.178443 	0.0404757 	
5.66	-0.0213315 	-0.311531 	-1.36875 	0.261386 	0.178314 	0.0404735 	
5.665	-0.0213192 	-0.311535 	-1.36877 	0.261387 	0.178179 	0.040473 	
5.67	-0.021307 	-0.311505 	-1.3688 	0.261389 	0.177968 	0.0404585 	
5.675	-0.0212971 	-0.311445 	-1.36883 	0.261394 	0.177692 	0.0404339 	
5.68	-0.02129 	-0.31136 	-1.36887 	0.2614 	0.177359 	0.0403977 	
5.685	-0.0212849 	-0.311293 	-1.36891 	0.261406 	0.17702 	0.0403858 	
5.69	-0.0212768 	-0.311305 	-1.36894 	0.261405 	0.176848 	0.0403831 	
5.695	-0.0212629 	-0.311347 	-1.36897 	0.261402 	0.176734 	0.0403823 	
5.7	-0.0212461 	-0.311385 	-1.369 	0.2614 	0.176623 	0.0403927 	
5.705	-0.0212364 	-0.311406 	-1.36902 	0.261384 	0.17649 	0.0403964 	
5.71	-0.0212334 	-0.3114 	-1.36904 	0.261363 	0.176314 	0.0404009 	
5.715	-0.0212398 	-0.311356 	-1.36906 	0.261336 	0.176051 	0.0404153 	
5.72	-0.021257 	-0.311277 	-1.36908 	0.2613 	0.175707 	0.0404371 	
5.725	-0.0212636 	-0.311272 	-1.36911 	0.261288 	0.175524 	0.040441 	
5.73	-0.0212605 	-0.311303 	-1.36914 	0.261282 	0.175396 	0.0404413 	
5.735	-0.0212581 	-0.311299 	-1.36917 	0.261263 	0.175192 	0.0404494 	
5.74	-0.0212533 	-0.311263 	-1.36919 	0.261263 	0.174922 	0.0404612 	
5.745	-0.0212487 	-0.311201 	-1.36923 	0.261271 	0.174603 	0.0404671 	
5.75	-0.0212392 	-0.311197 	-1.36927 	0.26128 	0.174345 	0.0404629 	
5.755	-0.0212257 	-0.311245 	-1.36931 	0.26128 	0.174197 	0.0404624 	
5.76	-0.0212035 	-0.311265 	-1.36933 	0.261337 	0.174 	0.0404233 	
5.765	-0.0211856 	-0.311304 	-1.36935 	0.261347 	0.17386 	0.040413 	
5.77	-0.0211466 	-0.311308 	-1.36935 	0.261452 	0.17364 	0.0403568 	
5.775	-0.0211137 	-0.311293 	-1.36936 	0.261488 	0.173388 	0.0403266 	
5.78	-0.0210861 	-0.311292 	-1.36938 	0.261502 	0.173181 	0.0403184 	
5.785	-0.0210515 	-0.311275 	-1.36937 	0.261571 	0.172909 	0.0402996 	
5.79	-0.0210219 	-0.311217 	-1.36938 	0.261628 	0.172569 	0.0402848 	
5.795	-0.021004 	-0.311122 	-1.36939 	0.261678 	0.172163 	0.0402824 	
5.8	-0.0209973 	-0.310992 	-1.36942 	0.261726 	0.171697 	0.0402813 	
5.805	-0.0210038 	-0.310852 	-1.36945 	0.261752 	0.171139 	0.040254 	
5.81	-0.0210211 	-0.310689 	-1.3695 	0.261758 	0.170551 	0.0402448 	
5.815	-0.0210403 	-0.3105 	-1.36956 	0.26179 	0.16992 	0.0402039 	
5.82	-0.0210625 	-0.31029 	-1.36962 	0.261827 	0.169242 	0.0401447 	
5.825	-0.0210875 	-0.31006 	-1.36967 	0.261866 	0.168518 	0.0400774 	
5.83	-0.0211149 	-0.309811 	-1.36972 	0.261905 	0.167751 	0.0400082 	
5.835	-0.0211445 	-0.309546 	-1.36978 	0.261943 	0.166946 	0.0399408 	
5.84	-0.021176 	-0.309265 	-1.36983 	0.261981 	0.166107 	0.0398782 	
5.845	-0.0212157 	-0.308972 	-1.36989 	0.261988 	0.165245 	0.0398645 	
5.85	-0.0212594 	-0.308669 	-1.36996 	0.261989 	0.164359 	0.0398639 	
5.855	-0.0212966 	-0.308353 	-1.37002 	0.262023 	0.163454 	0.0398623 	
5.86	-0.02134 	-0.30803 	-1.37008 	0.262037 	0.162518 	0.039852 	
5.865	-0.0213864 	-0.307698 	-1.37014 	0.262045 	0.161558 	0.0398353 	
5.87	-0.0214299 	-0.307359 	-1.3702 	0.262067 	0.160577 	0.0398081 	
5.875	-0.0214707 	-0.307011 	-1.37026 	0.262106 	0.159585 	0.0397966 	
5.88	-0.0214686 	-0.30665 	-1.37028 	0.262366 	0.158557 	0.039737 	
5.885	-0.0214677 	-0.306283 	-1.37031 	0.262546 	0.157523 	0.0396621 	
5.89	-0.021461 	-0.305911 	-1.37035 	0.262741 	0.156488 	0.039593 	
5.895	-0.0214647 	-0.305538 	-1.3704 	0.262905 	0.155443 	0.039539 	
5.9	-0.0214536 	-0.305158 	-1.37044 	0.263102 	0.154391 	0.0394835 	
5.905	-0.0214345 	-0.304811 	-1.37045 	0.263299 	0.153403 	0.0393919 	
5.91	-0.0214181 	-0.304458 	-1.37047 	0.26345 	0.152383 	0.0392814 	
5.915	-0.0214226 	-0.304111 	-1.37051 	0.263524 	0.151386 	0.03925 	
5.92	-0.0214218 	-0.304047 	-1.37057 	0.263545 	0.15097 	0.0392314 	
5.925	-0.0214041 	-0.303978 	-1.37058 	0.263604 	0.150491 	0.0391559 	
5.93	-0.0213762 	-0.303897 	-1.37056 	0.263697 	0.149954 	0.0390267 	
5.935	-0.0213498 	-0.303794 	-1.37055 	0.263769 	0.149387 	0.0389502 	
5.94	-0.0213231 	-0.303671 	-1.37052 	0.26389 	0.148765 	0.0388392 	
5.945	-0.0212945 	-0.303515 	-1.37052 	0.264002 	0.148154 	0.038701 	
5.95	-0.0212836 	-0.303339 	-1.37055 	0.264047 	0.147531 	0.0386561 	
5.955	-0.0212728 	-0.303141 	-1.37057 	0.264139 	0.146865 	0.038577 	
5.96	-0.0212784 	-0.302928 	-1.37061 	0.264179 	0.146178 	0.0385607 	
5.965	-0.0212935 	-0.3027 	-1.37065 	0.264203 	0.14546 	0.0385641 	
5.97	-0.0213129 	-0.302459 	-1.37069 	0.264226 	0.144714 	0.0385686 	
5.975	-0.0213345 	-0.302205 	-1.37074 	0.264254 	0.14394 	0.0385726 	
5.98	-0.0213571 	-0.301939 	-1.37079 	0.264287 	0.14314 	0.0385757 	
5.985	-0.02138 	-0.301663 	-1.37084 	0.264328 	0.142317 	0.0385775 	
5.99	-0.0214037 	-0.301378 	-1.37089 	0.264371 	0.141472 	0.0385788 	
5.995	-0.0214182 	-0.301081 	-1.37094 	0.264459 	0.140599 	0.0385479 	
6	-0.0214397 	-0.300777 	-1.37097 	0.26454 	0.13969 	0.0385007 	
6.005	-0.0214677 	-0.300466 	-1.37102 	0.264589 	0.138779 	0.0385012 	
6.01	-0.0215111 	-0.300159 	-1.37106 	0.264585 	0.137853 	0.0385008 	
6.015	-0.0215539 	-0.29985 	-1.37111 	0.264596 	0.136924 	0.0384987 	
6.02	-0.0215974 	-0.299542 	-1.37116 	0.264602 	0.135993 	0.0384942 	
6.025	-0.0216425 	-0.299238 	-1.37121 	0.264599 	0.135067 	0.0384905 	
6.03	-0.0216884 	-0.298936 	-1.37126 	0.264592 	0.134145 	0.0384871 	
6.035	-0.0217167 	-0.29879 	-1.37132 	0.264591 	0.133536 	0.0385001 	
6.04	-0.0217357 	-0.298645 	-1.37137 	0.264603 	0.132917 	0.038492 	
6.045	-0.0217494 	-0.298489 	-1.37141 	0.264612 	0.132293 	0.0384807 	
6.05	-0.0217702 	-0.298328 	-1.37143 	0.264593 	0.131653 	0.03849 	
6.055	-0.0217954 	-0.298156 	-1.37146 	0.26457 	0.130995 	0.0385039 	
6.06	-0.021821 	-0.297973 	-1.37149 	0.264552 	0.130327 	0.0384971 	
6.065	-0.0218396 	-0.29778 	-1.37152 	0.264567 	0.129659 	0.0384818 	
6.07	-0.0218577 	-0.297578 	-1.37156 	0.264591 	0.128978 	0.0384642 	
6.075	-0.0218776 	-0.297366 	-1.3716 	0.264618 	0.128272 	0.0384533 	
6.08	-0.0218998 	-0.297144 	-1.37163 	0.264645 	0.127543 	0.0384443 	
6.085	-0.0219247 	-0.296912 	-1.37167 	0.264669 	0.126792 	0.038436 	
6.09	-0.0219523 	-0.296673 	-1.37171 	0.26469 	0.126021 	0.0384282 	
6.095	-0.0219827 	-0.296426 	-1.37174 	0.264708 	0.125231 	0.038421 	
6.1	-0.022027 	-0.296174 	-1.37178 	0.264712 	0.124421 	0.0384157 	
6.105	-0.0220805 	-0.295919 	-1.37181 	0.264688 	0.123593 	0.0384157 	
6.11	-0.0221339 	-0.295659 	-1.37184 	0.264673 	0.122751 	0.0384144 	
6.115	-0.022192 	-0.295396 	-1.37188 	0.264631 	0.121899 	0.0384171 	
6.12	-0.022244 	-0.295128 	-1.37191 	0.264623 	0.121039 	0.0384132 	
6.125	-0.0222939 	-0.294856 	-1.37195 	0.264615 	0.120171 	0.0384087 	
6.13	-0.0223579 	-0.294585 	-1.37197 	0.264557 	0.119282 	0.0384023 	
6.135	-0.0224322 	-0.294315 	-1.37199 	0.264455 	0.118386 	0.0384004 	
6.14	-0.0224902 	-0.294039 	-1.37203 	0.264383 	0.117493 	0.0383935 	
6.145	-0.0225648 	-0.293764 	-1.37205 	0.264266 	0.116569 	0.0384138 	
6.15	-0.0226398 	-0.293478 	-1.37207 	0.264162 	0.115626 	0.0384265 	
6.155	-0.0226974 	-0.293183 	-1.3721 	0.264121 	0.114685 	0.0384283 	
6.16	-0.0227496 	-0.292886 	-1.37214 	0.264103 	0.113747 	0.0384255 	
6.165	-0.022801 	-0.292591 	-1.37218 	0.264086 	0.112814 	0.0384235 	
6.17	-0.0228532 	-0.292298 	-1.37223 	0.264064 	0.111885 	0.0384213 	
6.175	-0.022907 	-0.292007 	-1.37227 	0.264035 	0.11096 	0.0384202 	
6.18	-0.022969 	-0.291722 	-1.37231 	0.263974 	0.110035 	0.0384249 	
6.185	-0.0230324 	-0.291439 	-1.37235 	0.263909 	0.109115 	0.0384307 	
6.19	-0.0230894 	-0.291155 	-1.37239 	0.263874 	0.108197 	0.0384296 	
6.195	-0.0231438 	-0.290871 	-1.37242 	0.263847 	0.107281 	0.0384269 	
6.2	-0.0231971 	-0.290588 	-1.37246 	0.263823 	0.106367 	0.0384239 	
6.205	-0.02325 	-0.290306 	-1.3725 	0.263799 	0.105455 	0.0384212 	
6.21	-0.0233287 	-0.29003 	-1.37252 	0.263687 	0.104524 	0.0384312 	
6.215	-0.0234189 	-0.289674 	-1.37249 	0.263638 	0.103651 	0.0384259 	
6.22	-0.0234892 	-0.289305 	-1.3725 	0.263662 	0.102859 	0.0384167 	
6.225	-0.0235494 	-0.288948 	-1.37253 	0.263715 	0.102125 	0.0384061 	
6.23	-0.0236139 	-0.288614 	-1.37256 	0.26373 	0.101434 	0.0384042 	
6.235	-0.0236487 	-0.288387 	-1.37261 	0.263822 	0.101038 	0.0383894 	
6.24	-0.0236633 	-0.288205 	-1.37265 	0.263946 	0.10075 	0.0383758 	
6.245	-0.0236957 	-0.288105 	-1.37265 	0.263972 	0.100651 	0.0383744 	
6.25	-0.0237161 	-0.28803 	-1.37265 	0.264011 	0.100579 	0.0383687 	
6.255	-0.0237358 	-0.287969 	-1.37264 	0.264029 	0.10052 	0.0383709 	
6.26	-0.0237562 	-0.287936 	-1.37262 	0.264033 	0.100536 	0.0383719 	
6.265	-0.0237742 	-0.287912 	-1.3726 	0.264033 	0.10057 	0.0383724 	
6.27	-0.02379 	-0.287892 	-1.37258 	0.264033 	0.100609 	0.0383728 	
6.275	-0.0238041 	-0.287875 	-1.37256 	0.264032 	0.100649 	0.0383731 	
6.28	-0.023817 	-0.287859 	-1.37254 	0.264031 	0.10069 	0.0383733 	
6.285	-0.023829 	-0.287845 	-1.37253 	0.264031 	0.100731 	0.0383735 	
6.29	-0.0238403 	-0.287832 	-1.37251 	0.26403 	0.100772 	0.0383737 	
6.295	-0.0238511 	-0.28782 	-1.37249 	0.264029 	0.100813 	0.0383739 	
6.3	-0.0238612 	-0.287809 	-1.37247 	0.264029 	0.100855 	0.038374 	
6.305	-0.023871 	-0.287798 	-1.37245 	0.264028 	0.100897 	0.0383742 	
6.31	-0.0238804 	-0.287788 	-1.37243 	0.264028 	0.100939 	0.0383743 	
6.315	-0.0238895 	-0.287779 	-1.37241 	0.264027 	0.10098 	0.0383744 	
6.32	-0.0238984 	-0.28777 	-1.3724 	0.264026 	0.101022 	0.0383745 	
6.325	-0.023907 	-0.287761 	-1.37238 	0.264026 	0.101064 	0.0383746 	
6.33	-0.0239154 	-0.287753 	-1.37236 	0.264025 	0.101107 	0.0383747 	
6.335	-0.0239237 	-0.287745 	-1.37234 	0.264025 	0.101149 	0.0383748 	
6.34	-0.0239319 	-0.287737 	-1.37232 	0.264024 	0.101191 	0.0383748 	
6.345	-0.0239399 	-0.287729 	-1.37231 	0.264024 	0.101233 	0.0383749 	
6.35	-0.0239479 	-0.287722 	-1.37229 	0.264023 	0.101276 	0.038375 	
6.355	-0.0239557 	-0.287714 	-1.37227 	0.264023 	0.101318 	0.038375 	
6.36	-0.0239635 	-0.287707 	-1.37225 	0.264022 	0.10136 	0.0383751 	
6.365	-0.0239713 	-0.2877 	-1.37224 	0.264021 	0.101402 	0.0383752 	
6.37	-0.023979 	-0.287692 	-1.37222 	0.264021 	0.101445 	0.0383752 	
6.375	-0.0239867 	-0.287685 	-1.3722 	0.26402 	0.101487 	0.0383753 	
6.38	-0.0239943 	-0.287678 	-1.37218 	0.26402 	0.10153 	0.0383754 	
6.385	-0.0240019 	-0.287671 	-1.37217 	0.264019 	0.101571 	0.0383753 	
6.39	-0.0240095 	-0.287664 	-1.37215 	0.264019 	0.101614 	0.0383754 	
6.395	-0.0240172 	-0.287657 	-1.37213 	0.264018 	0.101656 	0.0383754 	
6.4	-0.0240247 	-0.28765 	-1.37212 	0.264018 	0.101698 	0.0383755 	
6.405	-0.0240323 	-0.287643 	-1.3721 	0.264017 	0.101741 	0.0383755 	
6.41	-0.0240399 	-0.287636 	-1.37208 	0.264017 	0.101783 	0.0383756 	
6.415	-0.0240474 	-0.287629 	-1.37206 	0.264016 	0.101826 	0.0383756 	
6.42	-0.024055 	-0.287622 	-1.37205 	0.264016 	0.101868 	0.0383757 	
6.425	-0.0240626 	-0.287615 	-1.37203 	0.264015 	0.101911 	0.0383757 	
6.43	-0.0240701 	-0.287608 	-1.37201 	0.264015 	0.101953 	0.0383758 	
6.435	-0.0240777 	-0.287601 	-1.372 	0.264014 	0.101995 	0.0383759 	
6.44	-0.0240853 	-0.287594 	-1.37198 	0.264014 	0.102038 	0.0383759 	
6.445	-0.0240929 	-0.287587 	-1.37196 	0.264013 	0.10208 	0.038376 	
6.45	-0.0241005 	-0.28758 	-1.37194 	0.264013 	0.102123 	0.038376 	
6.455	-0.0241081 	-0.287573 	-1.37193 	0.264012 	0.102165 	0.0383761 	
6.46	-0.0241157 	-0.287566 	-1.37191 	0.264012 	0.102208 	0.0383761 	
6.465	-0.0241233 	-0.287559 	-1.37189 	0.264011 	0.10225 	0.0383762 	
6.47	-0.0241309 	-0.287552 	-1.37187 	0.264011 	0.102292 	0.0383762 	
6.475	-0.0241385 	-0.287545 	-1.37186 	0.26401 	0.102335 	0.0383763 	
6.48	-0.0241462 	-0.287537 	-1.37184 	0.264009 	0.102377 	0.0383764 	
6.485	-0.0241538 	-0.28753 	-1.37182 	0.264009 	0.10242 	0.0383764 	
6.49	-0.0241615 	-0.287523 	-1.37181 	0.264008 	0.102462 	0.0383765 	
6.495	-0.0241691 	-0.287516 	-1.37179 	0.264008 	0.102505 	0.0383765 	
6.5	-0.0241768 	-0.287509 	-1.37177 	0.264007 	0.102547 	0.0383766 	
6.505	-0.0241845 	-0.287501 	-1.37175 	0.264007 	0.102589 	0.0383766 	
6.51	-0.0241922 	-0.287494 	-1.37174 	0.264006 	0.102632 	0.0383767 	
6.515	-0.0241999 	-0.287487 	-1.37172 	0.264006 	0.102674 	0.0383768 	
6.52	-0.0242077 	-0.287479 	-1.3717 	0.264005 	0.102717 	0.0383768 	
6.525	-0.0242154 	-0.287472 	-1.37169 	0.264005 	0.102759 	0.0383769 	
6.53	-0.0242231 	-0.287465 	-1.37167 	0.264004 	0.102802 	0.0383769 	
6.535	-0.0242309 	-0.287457 	-1.37165 	0.264004 	0.102844 	0.038377 	
6.54	-0.0242387 	-0.28745 	-1.37163 	0.264003 	0.102886 	0.038377 	
6.545	-0.0242465 	-0.287442 	-1.37162 	0.264003 	0.102929 	0.0383771 	
6.55	-0.0242542 	-0.287435 	-1.3716 	0.264002 	0.102971 	0.0383771 	
6.555	-0.0242616 	-0.287422 	-1.37158 	0.264004 	0.103008 	0.0383729 	
6.56	-0.0242679 	-0.287402 	-1.37157 	0.264013 	0.103033 	0.038357 	
6.565	-0.0242734 	-0.287373 	-1.37155 	0.264029 	0.103043 	0.0383312 	
6.57	-0.0242838 	-0.28734 	-1.37154 	0.264031 	0.103041 	0.0382934 	
6.575	-0.0242946 	-0.287318 	-1.37152 	0.264031 	0.103071 	0.0382831 	
6.58	-0.0243049 	-0.287301 	-1.3715 	0.264031 	0.103109 	0.0382805 	
6.585	-0.0243147 	-0.287286 	-1.37149 	0.264031 	0.103149 	0.0382798 	
6.59	-0.024324 	-0.287272 	-1.37147 	0.264031 	0.103191 	0.0382796 	
6.595	-0.0243331 	-0.287259 	-1.37145 	0.26403 	0.103232 	0.0382795 	
6.6	-0.0243419 	-0.287247 	-1.37143 	0.26403 	0.103274 	0.0382795 	
6.605	-0.0243507 	-0.287235 	-1.37141 	0.26403 	0.103316 	0.0382794 	
6.61	-0.0243593 	-0.287224 	-1.3714 	0.264029 	0.103358 	0.0382794 	
6.615	-0.0243678 	-0.287213 	-1.37138 	0.264029 	0.1034 	0.0382794 	
6.62	-0.0243763 	-0.287203 	-1.37136 	0.264028 	0.103442 	0.0382794 	
6.625	-0.0243879 	-0.287176 	-1.37134 	0.264025 	0.103451 	0.0382652 	
6.63	-0.0243991 	-0.287159 	-1.37133 	0.264022 	0.103477 	0.038258 	
6.635	-0.0244123 	-0.287127 	-1.37131 	0.264014 	0.103474 	0.0382427 	
6.64	-0.0244238 	-0.287093 	-1.3713 	0.264017 	0.10347 	0.0382359 	
6.645	-0.024438 	-0.287039 	-1.37129 	0.264017 	0.103418 	0.0382297 	
6.65	-0.0244535 	-0.287005 	-1.37127 	0.264016 	0.103427 	0.0382272 	
6.655	-0.0244679 	-0.28698 	-1.37126 	0.264015 	0.103459 	0.0382266 	
6.66	-0.0244809 	-0.286959 	-1.37124 	0.264015 	0.103498 	0.0382265 	
6.665	-0.0244929 	-0.286941 	-1.37122 	0.264014 	0.103538 	0.0382265 	
6.67	-0.0245044 	-0.286924 	-1.3712 	0.264013 	0.103578 	0.0382266 	
6.675	-0.0245157 	-0.286896 	-1.37119 	0.26401 	0.103578 	0.0382245 	
