0.0	0.333706	-0.17241	0.0336918	-0.369617	-1.57018	0.369649
0.005	0.332479	-0.183034	0.0339483	-2.5918	-1.56823	2.1216
0.01	0.333443	-0.178384	0.0337494	-0.652107	-1.57035	0.38925
0.015	0.333472	-0.178321	0.0337415	-0.648879	-1.56995	0.385544
0.02	0.333487	-0.178296	0.0337472	-0.618568	-1.57024	0.357167
0.025	0.333483	-0.178289	0.0337403	-0.614482	-1.56988	0.35365
0.03	0.333473	-0.178287	0.0337307	-0.614354	-1.56937	0.354012
0.035	0.333524	-0.178303	0.0337479	-0.623053	-1.57023	0.361266
0.04	0.333532	-0.178313	0.0337445	-0.627282	-1.57003	0.365207
0.045	0.333533	-0.178323	0.0337376	-0.628544	-1.56965	0.366273
0.05	0.33353	-0.178335	0.0337279	-0.628558	-1.56912	0.366165
0.055	0.333598	-0.178288	0.0337437	-0.618797	-1.56991	0.357796
0.06	0.333617	-0.17828	0.0337398	-0.616712	-1.56968	0.356212
0.065	0.333629	-0.178276	0.0337326	-0.616539	-1.56927	0.356476
0.07	0.333637	-0.178276	0.0337227	-0.61696	-1.56872	0.357281
0.075	0.3337	-0.178297	0.0337377	-0.620483	-1.56945	0.359249
0.08	0.333724	-0.178308	0.0337335	-0.62252	-1.56919	0.36092
0.085	0.333742	-0.17832	0.0337261	-0.623857	-1.56876	0.362
0.09	0.333757	-0.178333	0.0337161	-0.624607	-1.56818	0.362579
0.095	0.333841	-0.178271	0.0337297	-0.61712	-1.56884	0.357218
0.1	0.333877	-0.178258	0.0337251	-0.615688	-1.56855	0.356531
0.105	0.333907	-0.17825	0.0337174	-0.615206	-1.56809	0.356681
0.11	0.333959	-0.178281	0.033721	-0.617316	-1.56822	0.357192
0.115	0.333991	-0.178294	0.0337138	-0.618393	-1.56777	0.357975
0.12	0.334019	-0.178306	0.033704	-0.619333	-1.5672	0.358716
0.125	0.334045	-0.178319	0.0336923	-0.620071	-1.56651	0.35933
0.13	0.334164	-0.178252	0.0337133	-0.614387	-1.56754	0.355696
0.135	0.334221	-0.178237	0.0337109	-0.613237	-1.56734	0.355282
0.14	0.334271	-0.178227	0.033705	-0.612797	-1.56696	0.355465
0.145	0.334317	-0.178222	0.0336964	-0.612774	-1.56643	0.355975
0.15	0.334376	-0.178262	0.0336958	-0.613373	-1.56631	0.354721
0.155	0.334421	-0.178279	0.0336869	-0.614114	-1.56576	0.355042
0.16	0.334464	-0.178294	0.033676	-0.614913	-1.56509	0.355541
0.165	0.334576	-0.178232	0.0336876	-0.610908	-1.56561	0.353775
0.17	0.334642	-0.178219	0.0336822	-0.610316	-1.56524	0.353922
0.175	0.334702	-0.178211	0.0336741	-0.610133	-1.56472	0.354365
0.18	0.334759	-0.178208	0.0336637	-0.610182	-1.56407	0.354949
0.185	0.334853	-0.178232	0.0336707	-0.608377	-1.56433	0.351653
0.19	0.33492	-0.178243	0.033664	-0.608352	-1.56388	0.351339
0.195	0.334984	-0.178254	0.0336548	-0.608676	-1.56329	0.351466
0.2	0.335086	-0.178205	0.0336567	-0.606244	-1.56328	0.351094
0.205	0.335161	-0.178195	0.0336487	-0.605949	-1.56275	0.351512
0.21	0.335232	-0.178189	0.0336386	-0.605934	-1.5621	0.352101
0.215	0.3353	-0.178187	0.0336268	-0.606079	-1.56136	0.352763
0.22	0.335426	-0.178196	0.0336396	-0.602733	-1.56192	0.348315
0.225	0.335514	-0.178202	0.0336346	-0.602148	-1.56153	0.347571
0.23	0.335597	-0.17821	0.0336269	-0.602054	-1.561	0.347386
0.235	0.335677	-0.178218	0.0336171	-0.602294	-1.56035	0.347588
0.24	0.33579	-0.178161	0.0336156	-0.599609	-1.56015	0.347407
0.245	0.335879	-0.178148	0.0336063	-0.599151	-1.55952	0.347876
0.25	0.335965	-0.178139	0.0335953	-0.598999	-1.5588	0.348499
0.255	0.336087	-0.178159	0.0336001	-0.596812	-1.55892	0.345062
0.26	0.336183	-0.178166	0.0335927	-0.596496	-1.55839	0.344626
0.265	0.336277	-0.178174	0.0335833	-0.596556	-1.55774	0.344626
0.27	0.336368	-0.178183	0.0335722	-0.596866	-1.557	0.344922
0.275	0.33651	-0.178119	0.0335759	-0.592599	-1.55707	0.343204
0.28	0.336618	-0.178103	0.0335682	-0.59165	-1.55652	0.343206
0.285	0.336723	-0.178092	0.0335585	-0.591162	-1.55585	0.343513
0.29	0.336825	-0.178086	0.0335473	-0.590999	-1.55509	0.34402
0.295	0.336957	-0.178113	0.03355	-0.58876	-1.55509	0.340248
0.3	0.337068	-0.178124	0.033542	-0.58841	-1.55449	0.339641
0.305	0.337177	-0.178134	0.0335321	-0.588441	-1.5538	0.339501
0.31	0.337315	-0.178076	0.0335286	-0.585282	-1.55347	0.338961
0.315	0.337433	-0.178063	0.0335189	-0.584588	-1.55279	0.339187
0.32	0.337548	-0.178054	0.0335078	-0.584275	-1.55202	0.339643
0.325	0.337662	-0.17805	0.0334956	-0.584232	-1.55118	0.34025
0.33	0.337775	-0.178048	0.0334825	-0.584375	-1.5503	0.340946
0.335	0.337954	-0.178053	0.0334962	-0.578773	-1.5509	0.334146
0.34	0.33809	-0.178057	0.0334916	-0.577325	-1.55048	0.332519
0.345	0.338223	-0.178063	0.0334846	-0.576525	-1.54993	0.331609
0.35	0.338342	-0.17802	0.0334675	-0.576027	-1.54882	0.33377
0.355	0.338466	-0.178009	0.0334541	-0.575888	-1.54791	0.334586
0.36	0.33859	-0.178003	0.0334403	-0.575963	-1.54697	0.335458
0.365	0.338714	-0.178001	0.0334259	-0.576186	-1.54599	0.336353
0.37	0.338914	-0.177995	0.0334416	-0.569677	-1.54672	0.328941
0.375	0.339067	-0.177995	0.0334375	-0.567914	-1.54631	0.327145
0.38	0.339215	-0.177997	0.033431	-0.566849	-1.54576	0.326088
0.385	0.339336	-0.177965	0.03341	-0.566818	-1.54442	0.328412
0.39	0.33947	-0.177957	0.0333956	-0.566746	-1.54343	0.329229
0.395	0.339605	-0.177953	0.033381	-0.566879	-1.54243	0.330105
0.4	0.339741	-0.177952	0.0333663	-0.567155	-1.5414	0.33101
0.405	0.339878	-0.177954	0.0333514	-0.567529	-1.54037	0.331921
0.41	0.340121	-0.177921	0.0333758	-0.557621	-1.54162	0.32165
0.415	0.340298	-0.177913	0.0333748	-0.554647	-1.54138	0.318786
0.42	0.340469	-0.177909	0.0333709	-0.552621	-1.54098	0.316881
0.425	0.340568	-0.177897	0.0333371	-0.555732	-1.53886	0.322167
0.43	0.340708	-0.177895	0.0333193	-0.556333	-1.53765	0.323631
0.435	0.340851	-0.177895	0.0333021	-0.556955	-1.53647	0.324977
0.44	0.340996	-0.177898	0.0332854	-0.557587	-1.5353	0.326222
0.445	0.341256	-0.177854	0.0333103	-0.547076	-1.53662	0.315681
0.45	0.341445	-0.177842	0.033309	-0.543977	-1.53636	0.312837
0.455	0.341629	-0.177836	0.033305	-0.541836	-1.53593	0.310933
0.46	0.341737	-0.177832	0.0332701	-0.544818	-1.53373	0.31579
0.465	0.341888	-0.177832	0.0332521	-0.54536	-1.53248	0.31713
0.47	0.342042	-0.177834	0.0332348	-0.545953	-1.53127	0.318394
0.475	0.342199	-0.177837	0.0332182	-0.546579	-1.53008	0.31959
0.48	0.342467	-0.177783	0.0332405	-0.535742	-1.53128	0.309208
0.485	0.342668	-0.177768	0.0332384	-0.53253	-1.53097	0.306409
0.49	0.342864	-0.177758	0.0332339	-0.530289	-1.53051	0.30453
0.495	0.34298	-0.177762	0.0331989	-0.533225	-1.52826	0.309036
0.5	0.343143	-0.177764	0.0331808	-0.533735	-1.52699	0.310281
0.505	0.343308	-0.177767	0.0331637	-0.534317	-1.52575	0.311482
0.51	0.343477	-0.177772	0.0331472	-0.534947	-1.52455	0.312639
0.515	0.343752	-0.177707	0.0331663	-0.523695	-1.52561	0.302308
0.52	0.343963	-0.177689	0.0331633	-0.520343	-1.52525	0.299517
0.525	0.344169	-0.177677	0.0331582	-0.517983	-1.52475	0.297639
0.53	0.344372	-0.17767	0.0331515	-0.516415	-1.52414	0.296489
0.535	0.344481	-0.17768	0.0331094	-0.519649	-1.52144	0.301441
0.54	0.344647	-0.177684	0.0330883	-0.520452	-1.51996	0.303049
0.545	0.344818	-0.17769	0.0330687	-0.521245	-1.51856	0.304518
0.55	0.345103	-0.177633	0.0330871	-0.511733	-1.51956	0.295644
0.555	0.345321	-0.177619	0.0330829	-0.509055	-1.51911	0.29348
0.56	0.345536	-0.177609	0.033077	-0.507214	-1.51854	0.292082
0.565	0.345747	-0.177604	0.0330696	-0.506036	-1.51787	0.291291
0.57	0.345877	-0.177596	0.0330305	-0.505965	-1.51538	0.293305
0.575	0.346056	-0.177595	0.0330103	-0.505832	-1.51396	0.294096
0.58	0.346241	-0.177597	0.0329917	-0.505926	-1.5126	0.29496
0.585	0.34643	-0.177601	0.0329743	-0.506192	-1.51131	0.295874
0.59	0.346739	-0.177537	0.0329964	-0.496124	-1.51258	0.286375
0.595	0.346976	-0.17752	0.0329945	-0.493035	-1.51226	0.283765
0.6	0.347208	-0.177509	0.0329905	-0.490862	-1.5118	0.282006
0.605	0.347335	-0.177514	0.0329482	-0.492372	-1.50905	0.285354
0.61	0.347524	-0.177516	0.0329282	-0.49244	-1.5076	0.286267
0.615	0.347719	-0.177519	0.0329098	-0.492694	-1.50624	0.287229
0.62	0.347918	-0.177525	0.0328928	-0.493089	-1.50494	0.288221
0.625	0.348227	-0.17745	0.03291	-0.482064	-1.50599	0.278283
0.63	0.34847	-0.177429	0.0329066	-0.478691	-1.50559	0.275553
0.635	0.34871	-0.177415	0.0329015	-0.47629	-1.50507	0.273698
0.64	0.34885	-0.177429	0.0328619	-0.478335	-1.50241	0.277213
0.645	0.34905	-0.177433	0.0328426	-0.478516	-1.50098	0.278153
0.65	0.349254	-0.177438	0.0328249	-0.478863	-1.49963	0.279139
0.655	0.349463	-0.177446	0.0328085	-0.479336	-1.49834	0.280153
0.66	0.34977	-0.17736	0.0328204	-0.467486	-1.49915	0.269884
0.665	0.35002	-0.177336	0.0328155	-0.463857	-1.49868	0.267054
0.67	0.350265	-0.177319	0.0328092	-0.46125	-1.49809	0.265117
0.675	0.350508	-0.177309	0.0328019	-0.459458	-1.49742	0.263891
0.68	0.350637	-0.177331	0.0327562	-0.462132	-1.49433	0.268077
0.685	0.350837	-0.17734	0.0327341	-0.462711	-1.49269	0.269438
0.69	0.351044	-0.177349	0.0327142	-0.463357	-1.49118	0.270739
0.695	0.351363	-0.177273	0.0327276	-0.45325	-1.49205	0.26187
0.7	0.351619	-0.177253	0.0327222	-0.450292	-1.49152	0.259629
0.705	0.351871	-0.177241	0.0327156	-0.448209	-1.49089	0.25815
0.71	0.352121	-0.177234	0.0327081	-0.44682	-1.49019	0.257274
0.715	0.352263	-0.177234	0.0326635	-0.446287	-1.48724	0.258717
0.72	0.352473	-0.177236	0.0326419	-0.445935	-1.48564	0.259291
0.725	0.352689	-0.17724	0.0326225	-0.445868	-1.48417	0.259995
0.73	0.353005	-0.177182	0.032633	-0.438324	-1.48479	0.253355
0.735	0.353265	-0.177167	0.0326268	-0.436015	-1.48419	0.251685
0.74	0.353523	-0.177159	0.0326196	-0.43444	-1.48351	0.25065
0.745	0.353701	-0.177148	0.0325851	-0.432486	-1.48119	0.250471
0.75	0.353928	-0.177146	0.0325672	-0.431601	-1.47983	0.250451
0.755	0.354159	-0.177148	0.0325508	-0.431131	-1.47854	0.250702
0.76	0.354394	-0.177152	0.0325357	-0.430983	-1.4773	0.25116
0.765	0.354633	-0.177159	0.0325215	-0.431085	-1.47612	0.251775
0.77	0.354937	-0.177061	0.0325226	-0.419117	-1.47638	0.241959
0.775	0.355203	-0.177034	0.032515	-0.415315	-1.47576	0.239146
0.78	0.355467	-0.177015	0.0325069	-0.41256	-1.47507	0.237212
0.785	0.355729	-0.177004	0.0324983	-0.410637	-1.47431	0.235974
0.79	0.355884	-0.177034	0.0324566	-0.41321	-1.47132	0.239697
0.795	0.356106	-0.177046	0.0324358	-0.413732	-1.4697	0.240912
0.8	0.356336	-0.177059	0.0324172	-0.41435	-1.4682	0.242112
0.805	0.356659	-0.176968	0.0324227	-0.403732	-1.46871	0.233278
0.81	0.356931	-0.176946	0.0324152	-0.400578	-1.46808	0.231006
0.815	0.3572	-0.176931	0.0324072	-0.398329	-1.46737	0.229492
0.82	0.357468	-0.176924	0.0323988	-0.3968	-1.46661	0.228577
0.825	0.357629	-0.176929	0.0323566	-0.396235	-1.46368	0.229699
0.83	0.357857	-0.176933	0.0323358	-0.395829	-1.46208	0.230151
0.835	0.358093	-0.176941	0.0323172	-0.395726	-1.46061	0.230762
0.84	0.358415	-0.176871	0.0323218	-0.387756	-1.46097	0.224145
0.845	0.35869	-0.176855	0.032314	-0.385276	-1.46029	0.22244
0.85	0.358963	-0.176846	0.0323059	-0.383557	-1.45955	0.221369
0.855	0.359234	-0.176842	0.0322974	-0.382441	-1.45877	0.220798
0.86	0.359401	-0.176822	0.032255	-0.379122	-1.45591	0.21966
0.865	0.359634	-0.17682	0.0322342	-0.377916	-1.45434	0.219463
0.87	0.359874	-0.176822	0.0322156	-0.377191	-1.45288	0.219571
0.875	0.36012	-0.176828	0.0321989	-0.376841	-1.45153	0.219914
0.88	0.360461	-0.176752	0.0322071	-0.368496	-1.45218	0.212867
0.885	0.360748	-0.176733	0.0322014	-0.365785	-1.45164	0.210902
0.89	0.361031	-0.176722	0.0321949	-0.363879	-1.45103	0.20962
0.895	0.361199	-0.176722	0.0321536	-0.362566	-1.44811	0.210071
0.9	0.361437	-0.176724	0.0321339	-0.361776	-1.44658	0.210169
0.905	0.361683	-0.17673	0.0321163	-0.361377	-1.44516	0.210506
0.91	0.361933	-0.176739	0.0321004	-0.361284	-1.44383	0.211026
0.915	0.362261	-0.176646	0.0321022	-0.351328	-1.44418	0.202914
0.92	0.362545	-0.176622	0.0320945	-0.348143	-1.44355	0.200641
0.925	0.362827	-0.176608	0.0320865	-0.34586	-1.44286	0.199114
0.93	0.363011	-0.176621	0.0320506	-0.345873	-1.44019	0.200429
0.935	0.363256	-0.176626	0.0320323	-0.345411	-1.43873	0.200736
0.94	0.363506	-0.176636	0.0320159	-0.34527	-1.43737	0.201235
0.945	0.363762	-0.176648	0.0320009	-0.34538	-1.43609	0.201883
0.95	0.364075	-0.176539	0.0319967	-0.334076	-1.43613	0.19292
0.955	0.364356	-0.176511	0.0319873	-0.330492	-1.43541	0.190395
0.96	0.364637	-0.176493	0.0319779	-0.327892	-1.43465	0.188669
0.965	0.364916	-0.176484	0.0319685	-0.326075	-1.43386	0.187576
0.97	0.365086	-0.176508	0.0319296	-0.326954	-1.4309	0.189652
0.975	0.365326	-0.17652	0.0319097	-0.326945	-1.42929	0.190361
0.98	0.365573	-0.176534	0.0318921	-0.327157	-1.42782	0.191172
0.985	0.365898	-0.17644	0.0318917	-0.317632	-1.42806	0.183562
0.99	0.366182	-0.176419	0.0318827	-0.314704	-1.42735	0.181563
0.995	0.366464	-0.176407	0.0318736	-0.31262	-1.42659	0.180247
1.0	0.366744	-0.176402	0.0318646	-0.311208	-1.42581	0.179473
1.005	0.366914	-0.176397	0.0318245	-0.309266	-1.42288	0.179277
1.01	0.367153	-0.176401	0.0318044	-0.308426	-1.42129	0.179318
1.015	0.367401	-0.176409	0.0317866	-0.307986	-1.41984	0.179607
1.02	0.367654	-0.17642	0.0317706	-0.30786	-1.41849	0.180088
1.025	0.367995	-0.176316	0.0317737	-0.297758	-1.41904	0.17192
1.03	0.368287	-0.17629	0.0317666	-0.294495	-1.41849	0.169594
1.035	0.368575	-0.176275	0.031759	-0.292142	-1.41786	0.168015
1.04	0.368745	-0.176294	0.0317211	-0.292333	-1.41493	0.16946
1.045	0.368988	-0.176303	0.0317023	-0.291905	-1.41341	0.169786
1.05	0.369237	-0.176315	0.0316855	-0.29179	-1.41201	0.170297
1.055	0.369548	-0.176234	0.0316813	-0.2838	-1.41194	0.164082
1.06	0.369827	-0.176217	0.0316713	-0.281292	-1.41115	0.162462
1.065	0.370105	-0.176209	0.0316614	-0.27954	-1.41035	0.161441
1.07	0.370383	-0.176208	0.0316517	-0.278385	-1.40952	0.160895
1.075	0.370564	-0.176185	0.0316161	-0.274862	-1.40691	0.159263
1.08	0.370807	-0.176184	0.0315974	-0.273562	-1.40543	0.158884
1.085	0.371056	-0.176189	0.0315806	-0.27276	-1.40407	0.158841
1.09	0.37131	-0.176198	0.0315654	-0.272351	-1.4028	0.159061
1.095	0.37163	-0.176112	0.0315638	-0.264194	-1.40295	0.152638
1.1	0.371913	-0.176093	0.0315553	-0.261517	-1.4023	0.150833
1.105	0.372194	-0.176084	0.0315465	-0.259627	-1.4016	0.149661
1.11	0.372474	-0.176082	0.0315377	-0.258363	-1.40086	0.148994
1.115	0.372623	-0.176069	0.0314961	-0.255769	-1.3977	0.148308
1.12	0.372855	-0.176073	0.0314756	-0.25475	-1.39606	0.148211
1.125	0.373094	-0.176081	0.0314573	-0.254168	-1.39457	0.148386
1.13	0.373428	-0.176015	0.03146	-0.247822	-1.39499	0.143278
1.135	0.37371	-0.176002	0.0314519	-0.245719	-1.39436	0.141914
1.14	0.373989	-0.175999	0.0314436	-0.244282	-1.39368	0.14109
1.145	0.37417	-0.175978	0.0314108	-0.241171	-1.39117	0.139716
1.15	0.374411	-0.175978	0.0313935	-0.239913	-1.38979	0.139323
1.155	0.374658	-0.175983	0.0313778	-0.239144	-1.38852	0.139266
1.16	0.374909	-0.175994	0.0313635	-0.23876	-1.38732	0.139473
1.165	0.375205	-0.175908	0.0313571	-0.230801	-1.38713	0.133367
1.17	0.375477	-0.17589	0.0313471	-0.228201	-1.38639	0.131665
1.175	0.375747	-0.175881	0.0313373	-0.22637	-1.38562	0.130573
1.18	0.376017	-0.17588	0.0313275	-0.22515	-1.38484	0.129963
1.185	0.376183	-0.175866	0.0312936	-0.222553	-1.38217	0.129042
1.19	0.376415	-0.175869	0.0312753	-0.221547	-1.3807	0.128876
1.195	0.376653	-0.175878	0.0312589	-0.220975	-1.37935	0.128996
1.2	0.376896	-0.175891	0.031244	-0.220746	-1.37811	0.12934
1.205	0.377213	-0.17579	0.0312434	-0.211876	-1.37844	0.12233
1.21	0.377488	-0.175768	0.0312353	-0.209001	-1.37787	0.120347
1.215	0.37776	-0.175756	0.0312268	-0.206948	-1.37725	0.119027
1.22	0.377925	-0.175769	0.031195	-0.206488	-1.37462	0.119743
1.225	0.378155	-0.175778	0.031178	-0.205935	-1.37322	0.119896
1.23	0.378391	-0.175792	0.0311625	-0.205722	-1.37193	0.120265
1.235	0.378679	-0.175713	0.0311567	-0.19862	-1.37177	0.114844
1.24	0.378939	-0.175699	0.0311465	-0.196378	-1.37101	0.113433
1.245	0.379198	-0.175694	0.0311364	-0.194829	-1.37024	0.112566
1.25	0.379456	-0.175696	0.0311264	-0.19383	-1.36946	0.112131
1.255	0.379626	-0.175666	0.0310969	-0.190153	-1.36711	0.110214
1.26	0.379852	-0.175665	0.0310801	-0.188846	-1.36576	0.109757
1.265	0.380082	-0.175671	0.0310648	-0.188035	-1.36452	0.109645
1.27	0.380317	-0.175682	0.0310507	-0.187618	-1.36336	0.109803
1.275	0.38061	-0.1756	0.0310474	-0.180469	-1.36342	0.104264
1.28	0.380869	-0.175584	0.0310386	-0.178134	-1.3628	0.102729
1.285	0.381126	-0.175578	0.0310295	-0.176508	-1.36213	0.101761
1.29	0.38138	-0.17558	0.0310203	-0.175447	-1.36144	0.101243
1.295	0.381519	-0.175559	0.0309869	-0.172589	-1.35865	0.100125
1.3	0.381729	-0.175562	0.0309689	-0.171543	-1.35718	0.0999148
1.305	0.381946	-0.175571	0.0309527	-0.170938	-1.35585	0.0999945
1.31	0.382168	-0.175585	0.0309378	-0.170682	-1.35462	0.100302
1.315	0.382487	-0.175491	0.0309414	-0.162824	-1.35533	0.0939689
1.32	0.382748	-0.175471	0.0309347	-0.160285	-1.35492	0.0921957
1.325	0.383005	-0.175463	0.0309273	-0.158495	-1.35443	0.0910335
1.33	0.383137	-0.17547	0.0308954	-0.157695	-1.35165	0.0915075
1.335	0.383344	-0.175479	0.0308786	-0.157113	-1.35026	0.0916232
1.34	0.383556	-0.175492	0.0308633	-0.156875	-1.34899	0.0919587
1.345	0.383837	-0.175419	0.0308609	-0.150533	-1.34912	0.0870306
1.35	0.38408	-0.175407	0.0308518	-0.148542	-1.34849	0.0857681
1.355	0.38432	-0.175404	0.0308426	-0.147188	-1.34782	0.0850116
1.36	0.384558	-0.175409	0.0308333	-0.146341	-1.34714	0.0846573
1.365	0.3847	-0.175375	0.0308054	-0.142698	-1.34476	0.0827571
1.37	0.384901	-0.175374	0.0307894	-0.14145	-1.34345	0.0823251
1.375	0.385106	-0.17538	0.0307746	-0.140685	-1.34225	0.082227
1.38	0.385316	-0.175391	0.0307609	-0.140302	-1.34113	0.0823916
1.385	0.385601	-0.175316	0.0307614	-0.13399	-1.34154	0.0773807
1.39	0.385841	-0.175303	0.0307539	-0.131954	-1.34106	0.0760212
1.395	0.386077	-0.1753	0.0307459	-0.130562	-1.34052	0.0751845
1.4	0.386309	-0.175304	0.0307375	-0.129684	-1.33994	0.0747646
1.405	0.386413	-0.175278	0.0307056	-0.126767	-1.33708	0.0736146
1.41	0.386595	-0.175281	0.0306884	-0.125762	-1.33563	0.0734187
1.415	0.386784	-0.175289	0.0306727	-0.125187	-1.33432	0.0735049
1.42	0.387075	-0.175237	0.030676	-0.120544	-1.33499	0.0696895
1.425	0.387306	-0.175231	0.0306688	-0.119028	-1.33454	0.0687216
1.43	0.387533	-0.175233	0.0306611	-0.118049	-1.33403	0.0681943
1.435	0.387665	-0.175205	0.0306366	-0.115061	-1.33185	0.066734
1.44	0.387852	-0.175206	0.0306223	-0.113994	-1.33067	0.0663886
1.445	0.388043	-0.175213	0.0306089	-0.113371	-1.32958	0.0663557
1.45	0.388236	-0.175226	0.0305962	-0.1131	-1.32856	0.0665692
1.455	0.38843	-0.175243	0.0305842	-0.113108	-1.3276	0.0669769
1.46	0.388689	-0.175131	0.0305839	-0.104548	-1.32797	0.0602243
1.465	0.388907	-0.175106	0.0305768	-0.10185	-1.32754	0.058328
1.47	0.389121	-0.175094	0.0305691	-0.0999287	-1.32704	0.0570599
1.475	0.389331	-0.17509	0.0305609	-0.0986283	-1.3265	0.0562934
1.48	0.389426	-0.175117	0.0305332	-0.099392	-1.32386	0.0579152
1.485	0.389589	-0.175136	0.0305175	-0.099524	-1.32252	0.0585582
1.49	0.389758	-0.175157	0.0305032	-0.0998498	-1.32129	0.059304
1.495	0.390025	-0.175061	0.0305063	-0.0925217	-1.32201	0.0533914
1.5	0.390233	-0.175044	0.0304996	-0.0903702	-1.32161	0.0519082
1.505	0.390437	-0.175038	0.0304922	-0.0888834	-1.32115	0.0509668
1.51	0.390636	-0.175039	0.0304844	-0.0879275	-1.32064	0.0504579
1.515	0.390727	-0.175036	0.0304589	-0.0867983	-1.31818	0.0505233
1.52	0.390882	-0.175045	0.0304442	-0.0863881	-1.31692	0.0507118
1.525	0.391041	-0.175059	0.0304306	-0.0862844	-1.31577	0.0510975
1.53	0.391293	-0.174993	0.0304332	-0.0809693	-1.31641	0.0467758
1.535	0.391489	-0.174984	0.0304266	-0.079378	-1.31601	0.0457261
1.54	0.39168	-0.174984	0.0304193	-0.078337	-1.31556	0.0451283
1.545	0.391867	-0.17499	0.0304115	-0.0777351	-1.31505	0.0448909
1.55	0.391955	-0.17496	0.0303888	-0.0749574	-1.31283	0.0435842
1.555	0.392101	-0.174961	0.0303753	-0.0740925	-1.31165	0.0433859
1.56	0.39225	-0.174969	0.0303625	-0.0736283	-1.31057	0.0434644
1.565	0.392402	-0.174982	0.0303505	-0.0734815	-1.30956	0.0437612
1.57	0.392661	-0.174914	0.0303565	-0.0681559	-1.31059	0.0392797
1.575	0.392852	-0.174904	0.0303516	-0.0665407	-1.31039	0.0381353
1.58	0.393036	-0.174902	0.0303458	-0.0654793	-1.31009	0.0374594
1.585	0.393214	-0.174907	0.0303393	-0.0648608	-1.30971	0.0371583
1.59	0.393256	-0.174887	0.0303126	-0.0628718	-1.30693	0.0366731
1.595	0.393377	-0.174892	0.0302981	-0.0622764	-1.3056	0.0367378
1.6	0.393504	-0.174901	0.0302846	-0.0620245	-1.3044	0.0370224
1.605	0.393762	-0.174855	0.0302922	-0.0581239	-1.30564	0.0335635
1.61	0.39394	-0.174851	0.0302875	-0.0569765	-1.30546	0.0327759
1.615	0.394111	-0.174855	0.0302818	-0.0562877	-1.30517	0.0323831
1.62	0.394275	-0.174864	0.0302754	-0.0559654	-1.3048	0.0323058
1.625	0.394318	-0.174822	0.0302524	-0.0526574	-1.30233	0.030679
1.63	0.394431	-0.174819	0.0302393	-0.0517028	-1.30112	0.0304207
1.635	0.394548	-0.174823	0.030227	-0.051166	-1.30002	0.0304489
1.64	0.394784	-0.1748	0.030233	-0.0487772	-1.30111	0.0282113
1.645	0.394946	-0.174802	0.0302282	-0.0480653	-1.3009	0.027765
1.65	0.395102	-0.17481	0.0302225	-0.0477235	-1.3006	0.0276432
1.655	0.395251	-0.174823	0.0302161	-0.0476772	-1.30023	0.0277804
1.66	0.395297	-0.174762	0.030197	-0.0432763	-1.2981	0.0251788
1.665	0.395401	-0.174753	0.0301853	-0.0420333	-1.29701	0.0246515
1.67	0.395508	-0.174752	0.0301743	-0.0412676	-1.296	0.0244654
1.675	0.395617	-0.174758	0.0301637	-0.0408804	-1.29506	0.0245489
1.68	0.39586	-0.174741	0.0301731	-0.0389326	-1.2966	0.0224681
1.685	0.396017	-0.174746	0.0301701	-0.038428	-1.29661	0.0220933
1.69	0.396165	-0.174756	0.030166	-0.0382513	-1.29649	0.0220272
1.695	0.39619	-0.174715	0.0301464	-0.0352223	-1.29425	0.0205477
1.7	0.396282	-0.174712	0.0301354	-0.0344151	-1.29322	0.0203403
1.705	0.396376	-0.174716	0.0301251	-0.0339951	-1.29226	0.0204066
1.71	0.39647	-0.174725	0.0301151	-0.0338823	-1.29135	0.0206894
1.715	0.396697	-0.174689	0.0301247	-0.0308172	-1.29289	0.0177231
1.72	0.396839	-0.174688	0.0301222	-0.0300116	-1.29292	0.017102
1.725	0.396971	-0.174692	0.0301184	-0.029594	-1.29281	0.016838
1.73	0.396991	-0.174672	0.0301005	-0.0279384	-1.29075	0.0163662
1.735	0.397071	-0.174675	0.0300904	-0.0275291	-1.28979	0.0164411
1.74	0.397152	-0.174683	0.0300808	-0.0274252	-1.28889	0.0167304
1.745	0.397234	-0.174694	0.0300715	-0.0275635	-1.28803	0.0171892
1.75	0.397445	-0.174642	0.0300816	-0.0235971	-1.28958	0.0135029
1.755	0.397571	-0.174636	0.0300797	-0.022559	-1.28964	0.0126861
1.76	0.397688	-0.174636	0.0300765	-0.0219551	-1.28955	0.0122648
1.765	0.397796	-0.174642	0.0300723	-0.0216991	-1.28934	0.0121604
1.77	0.397784	-0.174628	0.0300531	-0.020587	-1.28704	0.0122139
1.775	0.397838	-0.174633	0.0300426	-0.0204245	-1.28596	0.0125274
1.78	0.397895	-0.174643	0.0300327	-0.0205155	-1.28497	0.0130044
1.785	0.398095	-0.174608	0.0300431	-0.0177023	-1.2866	0.0101767
1.79	0.398204	-0.174607	0.0300411	-0.0170578	-1.28664	0.00967166
1.795	0.398303	-0.174611	0.030038	-0.0167682	-1.28654	0.0094986
1.8	0.398394	-0.17462	0.030034	-0.0167624	-1.28632	0.00959121
1.805	0.398477	-0.174632	0.0300293	-0.0169831	-1.28602	0.00989579
1.81	0.398463	-0.174581	0.0300143	-0.0137404	-1.28405	0.00815801
1.815	0.398502	-0.174574	0.0300052	-0.0129957	-1.28305	0.00798525
1.82	0.398542	-0.174574	0.0299965	-0.0126241	-1.28212	0.00807602
1.825	0.398728	-0.174578	0.0300066	-0.0121222	-1.28382	0.00701308
1.83	0.398821	-0.174586	0.030005	-0.0121356	-1.28391	0.00699815
1.835	0.398903	-0.174598	0.0300024	-0.0123715	-1.28385	0.00721609
1.84	0.398976	-0.174612	0.0299989	-0.012785	-1.28367	0.00761996
1.845	0.398961	-0.17455	0.0299869	-0.00897787	-1.28199	0.00532629
1.85	0.398991	-0.17454	0.0299795	-0.00810148	-1.28115	0.00499117
1.855	0.399021	-0.174537	0.0299722	-0.00762547	-1.28034	0.00495257
1.86	0.399175	-0.174554	0.0299802	-0.00803266	-1.28178	0.00469469
1.865	0.399248	-0.174566	0.0299785	-0.00833258	-1.28182	0.00491998
1.87	0.39931	-0.174579	0.0299759	-0.00879707	-1.28172	0.0053292
1.875	0.399364	-0.174595	0.0299724	-0.0093925	-1.28151	0.00588488
1.88	0.399361	-0.174526	0.029965	-0.00516127	-1.28035	0.00305593
1.885	0.399383	-0.174513	0.0299593	-0.00419817	-1.27968	0.00258341
1.89	0.399403	-0.174507	0.0299535	-0.00365327	-1.27901	0.00243507
1.895	0.399524	-0.174535	0.0299595	-0.00483626	-1.28017	0.0028868
1.9	0.399577	-0.17455	0.0299577	-0.00538757	-1.28016	0.0033251
1.905	0.39962	-0.174565	0.0299551	-0.00605255	-1.28003	0.00390387
1.91	0.399654	-0.174582	0.0299519	-0.00680749	-1.27979	0.00459405
1.915	0.399682	-0.174599	0.0299481	-0.00763324	-1.27947	0.00537224
1.92	0.399695	-0.174497	0.029947	-0.00151009	-1.27899	0.000793769
1.925	0.399709	-0.174473	0.0299436	4.31521e-05	-1.27852	-0.000221454
1.93	0.399718	-0.174458	0.0299398	0.00105836	-1.27801	-0.000802453
1.935	0.399802	-0.174526	0.0299427	-0.00257514	-1.27888	0.00167574
1.94	0.399832	-0.17455	0.0299407	-0.00383062	-1.27882	0.00268062
1.945	0.399853	-0.174573	0.0299381	-0.00505769	-1.27865	0.00371127
1.95	0.399866	-0.174596	0.0299349	-0.00626054	-1.27838	0.00476109
1.955	0.399883	-0.174487	0.0299372	0.000186497	-1.27828	-0.000226126
1.96	0.399887	-0.174462	0.0299354	0.0017235	-1.27797	-0.00129307
1.965	0.399885	-0.174445	0.0299329	0.00272621	-1.27759	-0.00191607
1.97	0.399938	-0.174518	0.0299343	-0.00129515	-1.27821	0.000961633
1.975	0.399948	-0.174543	0.0299324	-0.00269238	-1.27811	0.00209284
1.98	0.399949	-0.174566	0.02993	-0.00403221	-1.27791	0.00322381
1.985	0.399942	-0.174589	0.029927	-0.00532456	-1.27761	0.00435305
1.99	0.399969	-0.174482	0.0299331	0.000958172	-1.27801	-0.000709935
1.995	0.399965	-0.174458	0.0299328	0.00240795	-1.27786	-0.00177879
2.0	0.399953	-0.174441	0.0299317	0.00334152	-1.27762	-0.00240404
2.005	0.399934	-0.174431	0.0299298	0.00386224	-1.2773	-0.00267457
2.01	0.399978	-0.174525	0.0299303	-0.00150586	-1.27805	0.00118753
2.015	0.39998	-0.17456	0.0299251	-0.0035546	-1.27802	0.00279547
2.02	0.399976	-0.174592	0.0299176	-0.00541541	-1.27787	0.00430766
2.025	0.39997	-0.174488	0.0299127	0.000668065	-1.2777	-0.000455426
2.03	0.399959	-0.174467	0.0299025	0.00184322	-1.2774	-0.0012797
2.035	0.399946	-0.174454	0.0298899	0.00255748	-1.27704	-0.00170964
2.04	0.399931	-0.174447	0.0298752	0.00290374	-1.27662	-0.00182488
2.045	0.39998	-0.174521	0.0298634	-0.00122238	-1.27728	0.00093646
2.05	0.399987	-0.17455	0.0298464	-0.00288934	-1.27718	0.00220596
2.055	0.399988	-0.174576	0.029827	-0.0044441	-1.27698	0.00344674
2.06	0.399968	-0.174491	0.0298072	0.000486422	-1.2764	-0.00029451
2.065	0.399957	-0.174475	0.0297843	0.00136089	-1.27594	-0.000852359
2.07	0.399945	-0.174465	0.0297592	0.00183619	-1.27544	-0.00107071
2.075	0.399932	-0.174462	0.0297323	0.00199336	-1.27492	-0.00101872
2.08	0.39992	-0.174462	0.0297034	0.00189726	-1.27437	-0.000751726
2.085	0.399986	-0.17452	0.0296802	-0.00113133	-1.27517	0.000767823
2.09	0.400003	-0.174546	0.0296504	-0.00256281	-1.27508	0.00172917
2.095	0.400014	-0.17457	0.0296184	-0.00392805	-1.27488	0.0027223
2.1	0.399964	-0.174491	0.029581	0.000414155	-1.2736	-0.000176886
2.105	0.399948	-0.174477	0.0295438	0.00114909	-1.2729	-0.000525614
2.11	0.399934	-0.174469	0.029505	0.00151565	-1.27221	-0.000579564
2.115	0.399922	-0.174466	0.0294645	0.00158919	-1.27153	-0.000399419
2.12	0.399985	-0.174515	0.0294294	-0.000857195	-1.27213	0.000540347
2.125	0.400003	-0.174537	0.0293883	-0.00201701	-1.27192	0.00126024
2.13	0.400016	-0.174557	0.0293452	-0.00316232	-1.27163	0.00205758
2.135	0.399964	-0.174494	0.029296	0.000256385	-1.27017	-4.44193e-05
2.14	0.39995	-0.174484	0.0292477	0.000746366	-1.26937	-0.000184544
2.145	0.399939	-0.174479	0.0291981	0.000920732	-1.26861	-7.53688e-05
2.15	0.399931	-0.174479	0.0291472	0.000844298	-1.26787	0.000231518
2.155	0.399926	-0.174483	0.0290949	0.000568702	-1.26715	0.000695077
2.16	0.399988	-0.174513	0.0290478	-0.000684886	-1.26757	0.000282719
2.165	0.400009	-0.17453	0.0289951	-0.0015399	-1.26728	0.000617739
2.17	0.400027	-0.174548	0.0289407	-0.0024384	-1.26693	0.00110418
2.175	0.399962	-0.174496	0.0288781	0.000141533	-1.26511	0.000119833
2.18	0.399947	-0.174488	0.0288182	0.000429094	-1.26416	0.000258444
2.185	0.399938	-0.174486	0.0287574	0.000447089	-1.26327	0.000585025
2.19	0.399932	-0.174488	0.0286955	0.000251041	-1.26244	0.00106034
2.195	0.399984	-0.17451	0.0286378	-0.000478723	-1.26258	0.000128648
2.2	0.400004	-0.174523	0.0285757	-0.00111431	-1.26215	0.000278266
2.205	0.400022	-0.174537	0.0285122	-0.00183368	-1.26168	0.000612763
2.21	0.399963	-0.174498	0.0284413	2.30992e-05	-1.25987	0.000209991
2.215	0.399953	-0.174494	0.028373	0.000124579	-1.25889	0.000493992
2.22	0.399947	-0.174494	0.028304	-1.51036e-06	-1.25797	0.000932121
2.225	0.399946	-0.174498	0.0282341	-0.000308214	-1.25712	0.0014921
2.23	0.399948	-0.174505	0.0281635	-0.000758168	-1.25632	0.00214833
2.235	0.399983	-0.174506	0.0280952	-0.000236263	-1.25601	-0.000206739
2.24	0.400001	-0.174514	0.028024	-0.000512931	-1.25544	-0.000503067
2.245	0.400019	-0.174524	0.0279517	-0.000941785	-1.25486	-0.000528747
2.25	0.399964	-0.1745	0.0278726	-0.000129192	-1.25304	0.000415977
2.255	0.399957	-0.174501	0.0277963	-0.00028451	-1.25201	0.00103979
2.26	0.399955	-0.174504	0.0277196	-0.00060912	-1.25107	0.00174284
2.265	0.399957	-0.174511	0.0276423	-0.00106813	-1.25019	0.00250827
2.27	0.399979	-0.174504	0.0275665	-0.000104593	-1.24957	-0.000280109
2.275	0.399993	-0.174508	0.0274888	-0.000222681	-1.24886	-0.000696435
2.28	0.400009	-0.174516	0.0274104	-0.000520706	-1.24818	-0.000822098
2.285	0.399966	-0.174502	0.0273266	-0.000205393	-1.2465	0.000460645
2.29	0.399963	-0.174505	0.0272452	-0.000483685	-1.24548	0.00116179
2.295	0.399965	-0.174511	0.0271635	-0.000901884	-1.24455	0.00192196
2.3	0.399972	-0.174519	0.0270815	-0.00143112	-1.24368	0.00272847
2.305	0.399975	-0.174502	0.0269996	1.5678e-06	-1.24268	-0.00034645
2.31	0.399985	-0.174503	0.026917	3.02134e-05	-1.24184	-0.00085491
2.315	0.399998	-0.174508	0.0268341	-0.00014634	-1.24105	-0.00105838
2.32	0.400014	-0.174516	0.0267507	-0.000485307	-1.2403	-0.00101956
2.325	0.399964	-0.174502	0.0266623	-0.000245815	-1.23845	0.000671042
2.33	0.399958	-0.174505	0.0265766	-0.000555191	-1.23736	0.00156518
2.335	0.399959	-0.174511	0.026491	-0.000991626	-1.23636	0.00247308
2.34	0.399976	-0.174503	0.0264068	-0.000111007	-1.23556	-0.000159766
2.345	0.399989	-0.174507	0.0263217	-0.000236913	-1.23475	-0.000483759
2.35	0.400005	-0.174514	0.0262363	-0.000531552	-1.23398	-0.000545202
2.355	0.400023	-0.174523	0.0261509	-0.000959675	-1.23325	-0.000398064
2.36	0.399961	-0.1745	0.0260603	-0.000105612	-1.23116	0.000481589
2.365	0.399953	-0.1745	0.0259729	-0.000224291	-1.22998	0.00112205
2.37	0.399952	-0.174504	0.0258858	-0.000504903	-1.22893	0.00182373
2.375	0.399956	-0.17451	0.025799	-0.000914231	-1.22797	0.00257357
2.38	0.39998	-0.174504	0.025714	-0.00011854	-1.22727	-0.000335319
2.385	0.399997	-0.174509	0.0256281	-0.000258283	-1.22652	-0.00082038
2.39	0.400016	-0.174517	0.0255423	-0.000559468	-1.2258	-0.00101518
2.395	0.399965	-0.174502	0.0254527	-0.000175484	-1.2239	0.000474754
2.4	0.399961	-0.174505	0.0253657	-0.000409192	-1.2228	0.00120369
2.405	0.399963	-0.17451	0.0252792	-0.000777345	-1.22181	0.0019717
2.41	0.39997	-0.174518	0.0251932	-0.00125238	-1.2209	0.00277034
2.415	0.399976	-0.174502	0.0251083	-1.94702e-05	-1.21991	-0.000385413
2.42	0.399987	-0.174504	0.0250233	-2.20988e-05	-1.21906	-0.000945886
2.425	0.400002	-0.174509	0.0249387	-0.000209672	-1.21828	-0.00120494
2.43	0.399968	-0.174504	0.0248519	-0.000235168	-1.21671	0.00050363
2.435	0.399968	-0.174509	0.0247672	-0.000568091	-1.21571	0.00128152
2.44	0.399973	-0.174516	0.0246832	-0.00101166	-1.21479	0.00208479
2.445	0.399981	-0.174525	0.0245998	-0.00154315	-1.21395	0.0029078
2.45	0.399972	-0.1745	0.0245171	6.64726e-05	-1.21273	-0.000429306
2.455	0.399979	-0.174499	0.024435	0.000182685	-1.21183	-0.00105054
2.46	0.399988	-0.174502	0.0243535	9.3912e-05	-1.211	-0.00136193
2.465	0.4	-0.174508	0.0242726	-0.000157146	-1.21022	-0.00142714
2.47	0.399967	-0.174505	0.0241904	-0.000302884	-1.20873	0.000750222
2.475	0.399965	-0.174511	0.0241101	-0.000692704	-1.20776	0.00175526
2.48	0.399968	-0.174519	0.0240308	-0.00117648	-1.20687	0.00273492
2.485	0.399974	-0.174502	0.0239533	-5.05189e-05	-1.20596	-0.000234384
2.49	0.399982	-0.174504	0.023876	-8.1362e-05	-1.20516	-0.000677122
2.495	0.399993	-0.174509	0.0237995	-0.000283078	-1.20442	-0.000850424
2.5	0.400005	-0.174516	0.0237239	-0.000620148	-1.20371	-0.000809484
2.505	0.399965	-0.174502	0.0236475	-0.000166274	-1.20216	0.000561804
2.51	0.39996	-0.174505	0.0235731	-0.000370894	-1.20119	0.00131542
2.515	0.399959	-0.174511	0.0234998	-0.000704299	-1.20031	0.00209171
2.52	0.399975	-0.174503	0.0234286	-0.000132517	-1.19967	-0.00011976
2.525	0.399985	-0.174508	0.0233578	-0.000300013	-1.19897	-0.000372289
2.53	0.399995	-0.174515	0.023288	-0.000606901	-1.1983	-0.000397565
2.535	0.400006	-0.174524	0.0232192	-0.00102424	-1.19765	-0.000242051
2.54	0.400017	-0.174534	0.0231515	-0.00152903	-1.19703	5.7223e-05
2.545	0.39996	-0.174497	0.0230839	0.00010181	-1.19527	0.000384964
2.55	0.399946	-0.174493	0.0230181	0.000258612	-1.19426	0.000856799
2.555	0.399938	-0.174492	0.0229535	0.000216607	-1.19335	0.00140536
2.56	0.399979	-0.174507	0.0228915	-0.000298544	-1.19326	-6.34416e-06
2.565	0.399993	-0.174517	0.02283	-0.000742216	-1.19275	-6.21601e-05
2.57	0.400005	-0.174529	0.0227696	-0.00126612	-1.19224	6.60578e-05
2.575	0.400016	-0.174541	0.0227104	-0.00185345	-1.19172	0.000340809
2.58	0.39996	-0.174496	0.0226523	0.000179957	-1.19008	0.000239262
2.585	0.399946	-0.174489	0.0225957	0.000452659	-1.18916	0.000547676
2.59	0.399935	-0.174487	0.0225404	0.000505007	-1.18831	0.000963876
2.595	0.399979	-0.174508	0.0224875	-0.000346694	-1.1884	7.87639e-05
2.6	0.399991	-0.17452	0.0224353	-0.00087225	-1.18797	0.000158904
2.605	0.400001	-0.174532	0.0223845	-0.00145896	-1.18753	0.000393198
2.61	0.400008	-0.174546	0.0223351	-0.00209394	-1.18707	0.000750224
2.615	0.40004	-0.17452	0.022475	-0.000572289	-1.18614	0.00062768
2.62	0.400009	-0.174506	0.0222676	-0.000973209	-1.18575	0.0012859
2.625	0.400017	-0.174533	0.0222459	-0.00154931	-1.18543	0.00195922
2.63	0.400038	-0.174536	0.0222387	-0.0023088	-1.18517	0.00258634
2.635	0.400064	-0.174568	0.0221838	-0.00343794	-1.18502	0.00350502
2.64	0.400008	-0.174509	0.0221595	-4.89556e-05	-1.18331	-0.000203883
2.645	0.399997	-0.174502	0.022122	0.000327564	-1.18284	-0.000741021
2.65	0.400003	-0.174491	0.0220852	0.000471923	-1.18252	-0.00100636
2.655	0.400003	-0.174491	0.0220852	0.000494727	-1.18233	-0.00112415
2.66	0.400027	-0.174485	0.0220449	0.000282021	-1.18237	-0.000924376
2.665	0.400032	-0.174474	0.0220253	-0.000148907	-1.18244	-0.00072362
2.67	0.400039	-0.174447	0.0220031	-0.000828499	-1.18262	-0.000245333
2.675	0.400037	-0.174431	0.0219816	-0.00166805	-1.18287	0.000352105
2.68	0.400025	-0.174418	0.0219692	-0.00202777	-1.18313	0.000666028
2.685	0.400012	-0.174403	0.0219603	-0.00221413	-1.18344	0.000896953
2.69	0.399996	-0.174393	0.0219534	-0.00233768	-1.18378	0.00106719
2.695	0.399978	-0.174386	0.021948	-0.00242985	-1.18416	0.00119646
2.7	0.399959	-0.174382	0.0219437	-0.0025002	-1.18456	0.00129236
2.705	0.399939	-0.174379	0.0219405	-0.0025538	-1.18498	0.0013592
2.71	0.399918	-0.174377	0.0219382	-0.0025954	-1.18542	0.00140312
2.715	0.399896	-0.174376	0.0219367	-0.00262854	-1.18587	0.00143123
2.72	0.399874	-0.174375	0.0219359	-0.0026559	-1.18633	0.00145012
2.725	0.399852	-0.174375	0.0219356	-0.002679	-1.1868	0.00146384
2.73	0.39983	-0.174376	0.0219358	-0.00269912	-1.18728	0.00147453
2.735	0.399808	-0.174376	0.0219364	-0.00271732	-1.18776	0.00148324
2.74	0.399786	-0.174377	0.0219366	-0.00277092	-1.18825	0.00149181
2.745	0.399764	-0.174378	0.0219365	-0.00285113	-1.18875	0.00149855
2.75	0.399743	-0.174379	0.0219361	-0.00295382	-1.18925	0.00150561
2.755	0.399721	-0.17438	0.0219355	-0.00307655	-1.18976	0.0015147
2.76	0.399701	-0.174381	0.0219347	-0.00321757	-1.19027	0.00152716
2.765	0.39968	-0.174381	0.0219338	-0.00337317	-1.19079	0.00154311
2.77	0.399659	-0.174382	0.0219329	-0.0035352	-1.19131	0.00155962
2.775	0.399638	-0.174382	0.021932	-0.00370472	-1.19183	0.00157904
2.78	0.399618	-0.174383	0.0219311	-0.00388117	-1.19235	0.00160146
2.785	0.399597	-0.174383	0.0219301	-0.00406401	-1.19287	0.00162706
2.79	0.399576	-0.174384	0.0219291	-0.00425274	-1.19339	0.00165592
2.795	0.399556	-0.174384	0.0219281	-0.00444704	-1.19391	0.00168816
2.8	0.399535	-0.174385	0.021927	-0.00464662	-1.19443	0.00172388
2.805	0.399515	-0.174385	0.0219259	-0.00485122	-1.19496	0.00176319
2.81	0.399494	-0.174386	0.0219247	-0.00506066	-1.19548	0.00180614
2.815	0.399474	-0.174386	0.0219235	-0.0052747	-1.19601	0.00185275
2.82	0.399453	-0.174386	0.0219223	-0.00549315	-1.19653	0.00190307
2.825	0.399433	-0.174387	0.021921	-0.00571583	-1.19706	0.00195707
2.83	0.399411	-0.174393	0.0219153	-0.00572313	-1.19759	0.0018458
2.835	0.39939	-0.174405	0.0219039	-0.00533556	-1.19816	0.00143184
2.84	0.399374	-0.174411	0.0218982	-0.00495387	-1.19876	0.00104186
2.845	0.399362	-0.174412	0.0218918	-0.00486403	-1.19937	0.000904823
2.85	0.399349	-0.174412	0.0218834	-0.00496735	-1.19998	0.000930692
2.855	0.399335	-0.174416	0.0218724	-0.00500754	-1.2006	0.000904988
2.86	0.399317	-0.174429	0.0218577	-0.00459128	-1.20121	0.000508191
2.865	0.399292	-0.174454	0.0218457	-0.00373109	-1.20177	-0.00017752
2.87	0.399268	-0.174482	0.0218301	-0.00260828	-1.20235	-0.00108137
2.875	0.399252	-0.174512	0.0218283	-0.00132665	-1.20298	-0.00213497
2.88	0.39924	-0.174531	0.0218203	-0.00065778	-1.2036	-0.00267877
2.885	0.399229	-0.174548	0.0218137	-0.000481413	-1.20423	-0.00284232
2.89	0.399208	-0.174566	0.0217859	-0.000878943	-1.20478	-0.00250994
2.895	0.399187	-0.174582	0.0217582	-0.000640031	-1.20539	-0.00273709
2.9	0.399167	-0.174601	0.0217347	0.000107666	-1.20601	-0.00338478
2.905	0.399149	-0.174617	0.0217128	0.000812797	-1.20664	-0.00398891
2.91	0.399118	-0.174634	0.0217003	0.00147475	-1.20717	-0.00466191
2.915	0.399095	-0.174642	0.021691	0.00192317	-1.20774	-0.00511847
2.92	0.399067	-0.174651	0.0216829	0.00222611	-1.20828	-0.00546044
2.925	0.399039	-0.174656	0.0216755	0.00241403	-1.20881	-0.00567281
2.93	0.399014	-0.174652	0.0216705	0.0022892	-1.20934	-0.00560815
2.935	0.398989	-0.174644	0.0216655	0.00195662	-1.20987	-0.00535318
2.94	0.398961	-0.174638	0.0216588	0.00171533	-1.21039	-0.00516921
2.945	0.398935	-0.174631	0.0216518	0.00152329	-1.21092	-0.00500961
2.95	0.398908	-0.174625	0.0216447	0.00137055	-1.21145	-0.00487749
2.955	0.398881	-0.174621	0.0216377	0.00125334	-1.21198	-0.00477325
2.96	0.398856	-0.17461	0.0216315	0.000946352	-1.21252	-0.00450096
2.965	0.398832	-0.174597	0.0216255	0.00051894	-1.21305	-0.0041317
2.97	0.398808	-0.174584	0.0216193	1.04731e-05	-1.21359	-0.00369411
2.975	0.398784	-0.174569	0.0216134	-0.000532219	-1.21413	-0.00323139
2.98	0.398762	-0.174554	0.0216064	-0.0011113	-1.21467	-0.00273502
2.985	0.39874	-0.174541	0.0216019	-0.00169742	-1.21522	-0.00224481
2.99	0.398718	-0.174529	0.0215985	-0.00225827	-1.21575	-0.00178792
2.995	0.398695	-0.174517	0.0215953	-0.0028109	-1.21628	-0.00134016
3.0	0.398672	-0.174504	0.0215918	-0.00336497	-1.21681	-0.000893531
3.005	0.398649	-0.174497	0.02159	-0.00389226	-1.21734	-0.000459711
3.01	0.398625	-0.174489	0.0215883	-0.00439135	-1.21787	-5.06912e-05
3.015	0.398601	-0.174482	0.0215864	-0.00488117	-1.21839	0.000349413
3.02	0.398577	-0.174475	0.0215842	-0.00536519	-1.21891	0.000744891
3.025	0.398552	-0.174468	0.0215817	-0.0058464	-1.21943	0.0011398
3.03	0.398527	-0.17446	0.021579	-0.00632314	-1.21995	0.00153416
3.035	0.398503	-0.174455	0.0215761	-0.00671737	-1.22049	0.00184087
3.04	0.398479	-0.174447	0.0215724	-0.00707102	-1.22102	0.00210998
3.045	0.398455	-0.174438	0.021568	-0.00752357	-1.22156	0.00244063
3.05	0.39843	-0.174432	0.0215637	-0.00791668	-1.2221	0.00268144
3.055	0.398404	-0.174424	0.0215592	-0.00822869	-1.22263	0.00283736
3.06	0.398378	-0.174417	0.0215543	-0.00853041	-1.22317	0.00299047
3.065	0.398352	-0.174411	0.0215495	-0.00881307	-1.22371	0.0031478
3.07	0.398326	-0.174404	0.0215442	-0.00921463	-1.22424	0.00339473
3.075	0.398299	-0.174399	0.0215396	-0.00950563	-1.22478	0.00356782
3.08	0.398272	-0.174397	0.0215347	-0.00970473	-1.22532	0.00367364
3.085	0.398243	-0.1744	0.0215291	-0.00967243	-1.22587	0.00357853
3.09	0.398214	-0.1744	0.0215232	-0.0096511	-1.22641	0.003502
3.095	0.398185	-0.174401	0.0215166	-0.00967174	-1.22696	0.00343456
3.1	0.398155	-0.1744	0.0215102	-0.0097427	-1.22751	0.00341308
3.105	0.398126	-0.1744	0.0215015	-0.00982855	-1.22807	0.00336773
3.11	0.398097	-0.174398	0.0214928	-0.00993813	-1.22863	0.00332485
3.115	0.398068	-0.174394	0.0214833	-0.0101119	-1.22919	0.00333513
3.12	0.398039	-0.174386	0.0214731	-0.0104158	-1.22975	0.00347025
3.125	0.398009	-0.174378	0.0214622	-0.0107681	-1.23031	0.0036492
3.13	0.39798	-0.17437	0.0214512	-0.0111313	-1.23087	0.00383938
3.135	0.39795	-0.174361	0.0214404	-0.0114891	-1.23143	0.00402523
3.14	0.397918	-0.174359	0.0214302	-0.0115817	-1.23199	0.00404319
3.145	0.397887	-0.174357	0.0214206	-0.0115718	-1.23255	0.00401035
3.15	0.397856	-0.174358	0.021412	-0.0115022	-1.23311	0.00393749
3.155	0.397824	-0.17436	0.021404	-0.0113971	-1.23368	0.00383356
3.16	0.397793	-0.174361	0.0213964	-0.011291	-1.23424	0.00372591
3.165	0.397762	-0.174362	0.021389	-0.0112709	-1.2348	0.0036786
3.17	0.397731	-0.174362	0.0213827	-0.0113573	-1.23536	0.00373387
3.175	0.397701	-0.174363	0.0213767	-0.0114235	-1.23592	0.00372848
3.18	0.397671	-0.174361	0.0213699	-0.0115348	-1.23648	0.00374171
3.185	0.39764	-0.174362	0.0213639	-0.0115572	-1.23704	0.00370894
3.19	0.39761	-0.174359	0.0213572	-0.0116315	-1.23761	0.00371043
3.195	0.39758	-0.174357	0.0213502	-0.0117338	-1.23817	0.00372958
3.2	0.397549	-0.174354	0.0213438	-0.0118907	-1.23873	0.00381292
3.205	0.397519	-0.174352	0.0213378	-0.0119834	-1.23929	0.00388061
3.21	0.397488	-0.17435	0.0213317	-0.0120708	-1.23984	0.00395417
3.215	0.397458	-0.174345	0.0213255	-0.0122332	-1.24039	0.00411383
3.22	0.397427	-0.17434	0.0213194	-0.0124432	-1.24094	0.00432844
3.225	0.397396	-0.174337	0.0213122	-0.0125592	-1.24149	0.00445361
3.23	0.397366	-0.174333	0.0213049	-0.0126512	-1.24205	0.00455479
3.235	0.397335	-0.17433	0.0212979	-0.0127373	-1.2426	0.00463863
3.24	0.397304	-0.174331	0.0212914	-0.012686	-1.24316	0.00461791
3.245	0.397274	-0.174332	0.0212851	-0.0125841	-1.24372	0.00455361
3.25	0.397243	-0.174332	0.021279	-0.0125218	-1.24427	0.00451641
3.255	0.397212	-0.174333	0.0212729	-0.0124732	-1.24483	0.0044858
3.26	0.397181	-0.174334	0.0212671	-0.0124279	-1.24539	0.00445615
3.265	0.397151	-0.174335	0.0212615	-0.0124052	-1.24594	0.00444171
3.27	0.39712	-0.174336	0.0212559	-0.0124083	-1.24649	0.00444638
3.275	0.397089	-0.174336	0.0212504	-0.0124332	-1.24705	0.00446886
3.28	0.397058	-0.174336	0.021245	-0.0124631	-1.2476	0.00449589
3.285	0.397027	-0.174337	0.0212395	-0.0124939	-1.24815	0.00452425
3.29	0.396996	-0.174337	0.021234	-0.0125365	-1.24871	0.00455843
3.295	0.396966	-0.174337	0.0212284	-0.012582	-1.24926	0.00459318
3.3	0.396935	-0.174337	0.0212228	-0.0126284	-1.24982	0.0046279
3.305	0.396904	-0.174337	0.0212171	-0.0126808	-1.25037	0.00465954
3.31	0.396872	-0.174342	0.0212104	-0.0126038	-1.25093	0.00457422
3.315	0.39684	-0.174345	0.0212028	-0.0125452	-1.25148	0.00449555
3.32	0.396808	-0.174352	0.0211962	-0.0122337	-1.25206	0.00420362
3.325	0.396777	-0.174357	0.0211887	-0.0119675	-1.25263	0.0039048
3.33	0.396744	-0.174368	0.0211803	-0.0115315	-1.2532	0.00346145
3.335	0.396711	-0.174383	0.0211708	-0.010953	-1.25378	0.00289482
3.34	0.396678	-0.174396	0.0211614	-0.0104161	-1.25436	0.00236056
3.345	0.396644	-0.174409	0.021152	-0.00992164	-1.25494	0.0018566
3.35	0.39661	-0.17442	0.0211425	-0.00948316	-1.25552	0.00139801
3.355	0.396576	-0.174431	0.021133	-0.00909822	-1.2561	0.000987239
3.36	0.396542	-0.174439	0.0211234	-0.00881099	-1.25668	0.000658623
3.365	0.396507	-0.174455	0.0211125	-0.00826657	-1.25727	0.000130238
3.37	0.396473	-0.174461	0.0211038	-0.00803079	-1.25785	-0.000117097
3.375	0.396439	-0.174467	0.0210956	-0.00788056	-1.25842	-0.000284851
3.38	0.396405	-0.17447	0.0210877	-0.00777637	-1.259	-0.000403555
3.385	0.396372	-0.174472	0.0210803	-0.00774191	-1.25957	-0.00045814
3.39	0.396339	-0.174471	0.0210725	-0.0077779	-1.26013	-0.000448215
3.395	0.396306	-0.17447	0.0210651	-0.00780046	-1.26071	-0.00046228
3.4	0.396274	-0.174469	0.0210578	-0.00782076	-1.26128	-0.000487073
3.405	0.396241	-0.174468	0.0210506	-0.0078414	-1.26185	-0.000520809
3.41	0.396209	-0.174468	0.0210433	-0.00782216	-1.26243	-0.000587526
3.415	0.396177	-0.174467	0.0210343	-0.00785134	-1.26299	-0.000600752
3.42	0.396144	-0.174468	0.0210265	-0.00782548	-1.26357	-0.000664453
3.425	0.396112	-0.174469	0.0210189	-0.00778606	-1.26414	-0.000746239
3.43	0.39608	-0.174469	0.0210113	-0.00777042	-1.26472	-0.000825246
3.435	0.396048	-0.174468	0.0210039	-0.00778726	-1.26529	-0.000889286
3.44	0.396016	-0.174468	0.0209967	-0.00777329	-1.26586	-0.000928357
3.445	0.395983	-0.174468	0.0209895	-0.00776351	-1.26642	-0.000954444
3.45	0.39595	-0.174468	0.0209822	-0.00777758	-1.26699	-0.000949619
3.455	0.395917	-0.174468	0.0209748	-0.00779647	-1.26756	-0.000935306
3.46	0.395885	-0.174467	0.0209674	-0.00784547	-1.26813	-0.000892477
3.465	0.395851	-0.174467	0.0209599	-0.00787999	-1.2687	-0.000860956
3.47	0.395819	-0.174463	0.020952	-0.00802315	-1.26926	-0.000743462
3.475	0.395786	-0.174459	0.0209436	-0.00823043	-1.26983	-0.000578631
3.48	0.395753	-0.174455	0.0209353	-0.0084552	-1.27039	-0.000400502
3.485	0.39572	-0.17445	0.0209269	-0.00869244	-1.27096	-0.0001938
3.49	0.395687	-0.174445	0.0209188	-0.00889928	-1.27152	2.01947e-05
3.495	0.395654	-0.174441	0.0209107	-0.00908911	-1.27209	0.000232909
3.5	0.395621	-0.174436	0.0209023	-0.00927143	-1.27265	0.000469412
3.505	0.395589	-0.174433	0.0208957	-0.00940547	-1.27321	0.000609576
3.51	0.395558	-0.174429	0.0208896	-0.00954949	-1.27378	0.00075504
3.515	0.395526	-0.174426	0.0208835	-0.00966915	-1.27434	0.000879997
3.52	0.395496	-0.174424	0.0208774	-0.00974857	-1.27491	0.000974483
3.525	0.395465	-0.17442	0.0208711	-0.00987626	-1.27546	0.00112804
3.53	0.395433	-0.174418	0.0208633	-0.00995838	-1.27602	0.00129604
3.535	0.395401	-0.174417	0.0208552	-0.00997193	-1.27658	0.00136539
3.54	0.39537	-0.174412	0.0208483	-0.0101342	-1.27714	0.00158066
3.545	0.395339	-0.174405	0.0208417	-0.0103934	-1.2777	0.00188437
3.55	0.395307	-0.174398	0.0208347	-0.010717	-1.27825	0.00226088
3.555	0.395275	-0.174394	0.020828	-0.0108995	-1.27882	0.00245904
3.56	0.395243	-0.174392	0.0208211	-0.0109548	-1.27939	0.00253489
3.565	0.395211	-0.174391	0.0208143	-0.0109522	-1.27996	0.00253913
3.57	0.395179	-0.174391	0.0208074	-0.0109062	-1.28053	0.00249173
3.575	0.395146	-0.174394	0.0207989	-0.0107608	-1.28111	0.00234763
3.58	0.395113	-0.174396	0.02079	-0.0106417	-1.28168	0.00223258
3.585	0.39508	-0.174396	0.0207809	-0.0106078	-1.28226	0.00220296
3.59	0.395046	-0.174398	0.0207728	-0.0105627	-1.28283	0.00215244
3.595	0.395013	-0.174396	0.0207647	-0.0105861	-1.2834	0.00217873
3.6	0.39498	-0.174396	0.0207566	-0.0105947	-1.28398	0.00218379
3.605	0.394947	-0.174392	0.0207479	-0.0107015	-1.28455	0.00229383
3.61	0.394913	-0.174391	0.0207387	-0.010673	-1.28513	0.00228415
3.615	0.394881	-0.174387	0.0207308	-0.0107433	-1.28571	0.00238108
3.62	0.394848	-0.174383	0.0207235	-0.0108502	-1.28628	0.00250921
3.625	0.394816	-0.17438	0.0207167	-0.0109705	-1.28685	0.00264991
3.63	0.394785	-0.174376	0.0207101	-0.0110976	-1.28742	0.00279601
3.635	0.394753	-0.174373	0.0207037	-0.0112302	-1.28798	0.00294589
3.64	0.394722	-0.174369	0.0206974	-0.0113744	-1.28855	0.00310018
3.645	0.39469	-0.174363	0.02069	-0.0116586	-1.28911	0.00339261
3.65	0.394659	-0.174363	0.020684	-0.0118721	-1.28967	0.00360281
3.655	0.39466	-0.174367	0.0207092	-0.01198	-1.29009	0.0036979
3.66	0.394654	-0.174384	0.0207319	-0.0120568	-1.29051	0.00373069
3.665	0.394649	-0.174389	0.0207496	-0.0121141	-1.29093	0.00374209
3.67	0.394642	-0.174392	0.0207632	-0.0122117	-1.29135	0.00377628
3.675	0.394632	-0.174394	0.0207736	-0.0123001	-1.29178	0.00381759
3.68	0.394619	-0.174396	0.0207812	-0.0123745	-1.29221	0.00387235
3.685	0.394603	-0.174398	0.0207858	-0.0124121	-1.29265	0.00390118
3.69	0.394584	-0.1744	0.0207882	-0.0123686	-1.29311	0.00385341
3.695	0.394564	-0.174401	0.0207886	-0.0124039	-1.29358	0.00386706
3.7	0.394541	-0.174401	0.0207872	-0.0124766	-1.29406	0.00391095
3.705	0.394517	-0.174403	0.0207847	-0.0124391	-1.29455	0.00386305
3.71	0.394491	-0.174405	0.0207809	-0.012371	-1.29506	0.00379095
3.715	0.394464	-0.174406	0.0207758	-0.0123786	-1.29557	0.00377549
3.72	0.394435	-0.174407	0.0207698	-0.0124018	-1.2961	0.00376983
3.725	0.394405	-0.174408	0.0207629	-0.0124084	-1.29663	0.0037514
3.73	0.394374	-0.17441	0.0207553	-0.0123874	-1.29717	0.0037108
3.735	0.394342	-0.174411	0.0207472	-0.0123347	-1.29773	0.00364434
3.74	0.394309	-0.174414	0.0207387	-0.0122452	-1.29829	0.00354961
3.745	0.394276	-0.174415	0.0207294	-0.0122279	-1.29885	0.00352891
3.75	0.394242	-0.174416	0.0207196	-0.0122114	-1.29942	0.00350568
3.755	0.394208	-0.174416	0.0207099	-0.0122519	-1.29999	0.00353879
3.76	0.394173	-0.174417	0.0207003	-0.0123071	-1.30056	0.00358518
3.765	0.394138	-0.174417	0.0206905	-0.0123669	-1.30114	0.00363668
3.77	0.394103	-0.174416	0.0206805	-0.0124272	-1.30172	0.00368927
3.775	0.394068	-0.174414	0.0206699	-0.0126037	-1.3023	0.003829
3.78	0.394032	-0.174413	0.0206589	-0.0127909	-1.30289	0.00397334
3.785	0.393998	-0.17441	0.0206485	-0.0129764	-1.30347	0.00413208
3.79	0.393962	-0.17441	0.0206378	-0.0130542	-1.30406	0.00416451
3.795	0.393927	-0.174408	0.0206268	-0.0131115	-1.30465	0.00417243
3.8	0.393891	-0.174407	0.0206154	-0.0131669	-1.30525	0.00417454
3.805	0.393856	-0.174406	0.0206044	-0.0132018	-1.30584	0.00418676
3.81	0.393822	-0.174404	0.0205941	-0.0133573	-1.30642	0.00433138
3.815	0.393786	-0.174403	0.0205839	-0.0134858	-1.30701	0.00444807
3.82	0.393751	-0.174402	0.0205736	-0.0135855	-1.30759	0.00454149
3.825	0.393718	-0.1744	0.020565	-0.0136721	-1.30818	0.00460802
3.83	0.393685	-0.1744	0.0205579	-0.0137411	-1.30876	0.00465358
3.835	0.393655	-0.1744	0.0205521	-0.0137985	-1.30933	0.00468751
3.84	0.393625	-0.1744	0.0205474	-0.0138528	-1.30989	0.00472019
3.845	0.393597	-0.174401	0.0205437	-0.0139065	-1.31045	0.00475524
3.85	0.39357	-0.174402	0.0205408	-0.0139604	-1.31099	0.00479468
3.855	0.393544	-0.174403	0.0205387	-0.0140151	-1.31153	0.00483985
3.86	0.393518	-0.174403	0.0205352	-0.0140814	-1.31206	0.00488612
3.865	0.39349	-0.174403	0.0205304	-0.0141671	-1.31259	0.00493964
3.87	0.393461	-0.174402	0.0205249	-0.0142162	-1.31313	0.0049684
3.875	0.393431	-0.174402	0.0205187	-0.0142531	-1.31367	0.00498988
3.88	0.393401	-0.174401	0.0205116	-0.0143029	-1.31422	0.00503441
3.885	0.39337	-0.174401	0.0205042	-0.0143547	-1.31477	0.00509455
3.89	0.393369	-0.174405	0.0205245	-0.0143617	-1.31518	0.00509107
3.895	0.393362	-0.174421	0.0205417	-0.0143192	-1.31555	0.00500852
3.9	0.393354	-0.174427	0.0205546	-0.0143486	-1.31593	0.00502024
3.905	0.393343	-0.174428	0.0205636	-0.0143833	-1.31633	0.00505002
3.91	0.39333	-0.174428	0.0205695	-0.0143824	-1.31674	0.00505714
3.915	0.393314	-0.174428	0.0205725	-0.0143773	-1.31718	0.00506505
3.92	0.393296	-0.174427	0.0205731	-0.0143842	-1.31763	0.00508596
3.925	0.393274	-0.174427	0.0205714	-0.0144003	-1.31809	0.0051166
3.93	0.39325	-0.174426	0.0205679	-0.0144189	-1.31857	0.00514022
3.935	0.393225	-0.174426	0.0205628	-0.0144328	-1.31907	0.00515703
3.94	0.393197	-0.174425	0.0205563	-0.0144345	-1.31958	0.00516135
3.945	0.393167	-0.174425	0.0205486	-0.014418	-1.32011	0.00514773
3.95	0.393136	-0.174426	0.0205401	-0.0143246	-1.32065	0.00506101
3.955	0.393105	-0.174426	0.0205306	-0.0142704	-1.3212	0.00501211
3.96	0.393071	-0.174427	0.0205206	-0.0142339	-1.32175	0.00497252
3.965	0.393039	-0.174426	0.0205108	-0.0142956	-1.32231	0.00506241
3.97	0.393006	-0.174426	0.020501	-0.0143749	-1.32288	0.00514218
3.975	0.392971	-0.174425	0.020491	-0.0144387	-1.32345	0.0052041
3.98	0.392937	-0.174424	0.0204808	-0.0144805	-1.32402	0.0052451
3.985	0.392902	-0.174423	0.0204702	-0.0145169	-1.3246	0.0052805
3.99	0.392866	-0.174422	0.0204593	-0.0145517	-1.32519	0.0053139
3.995	0.39283	-0.174422	0.0204482	-0.0145853	-1.32578	0.00534584
4.0	0.392793	-0.174421	0.0204369	-0.0146183	-1.32637	0.00537695
4.005	0.392757	-0.17442	0.0204253	-0.014651	-1.32697	0.00540756
4.01	0.39272	-0.174419	0.0204135	-0.0146829	-1.32756	0.00543743
4.015	0.392683	-0.174417	0.0204013	-0.0147558	-1.32816	0.00550372
4.02	0.392645	-0.174414	0.0203886	-0.0148639	-1.32876	0.00560107
4.025	0.392607	-0.174412	0.0203761	-0.0149627	-1.32937	0.00569201
4.03	0.39257	-0.174411	0.0203636	-0.0150362	-1.32997	0.00576777
4.035	0.392532	-0.174409	0.0203511	-0.0150763	-1.33058	0.00580571
4.04	0.392496	-0.174403	0.0203375	-0.015398	-1.33116	0.00615721
4.045	0.392459	-0.174403	0.0203259	-0.0155832	-1.33175	0.00632262
4.05	0.392423	-0.174397	0.0203128	-0.0159314	-1.33233	0.00667443
4.055	0.392387	-0.17439	0.0202995	-0.0163103	-1.33292	0.00707299
4.06	0.392351	-0.174383	0.0202858	-0.0167143	-1.33351	0.00750637
4.065	0.392316	-0.17438	0.0202749	-0.0168383	-1.33411	0.00766816
4.07	0.392281	-0.174377	0.0202637	-0.016824	-1.33472	0.00769395
4.075	0.392248	-0.174375	0.0202533	-0.0167463	-1.33532	0.00765448
4.08	0.392214	-0.174374	0.0202437	-0.0166682	-1.33592	0.00761267
4.085	0.392182	-0.174374	0.0202348	-0.0166039	-1.33651	0.00758274
4.09	0.392149	-0.174374	0.0202263	-0.0165668	-1.3371	0.00757941
4.095	0.392117	-0.174373	0.0202176	-0.0166133	-1.33768	0.00765394
4.1	0.392084	-0.174372	0.0202083	-0.016684	-1.33826	0.00774019
4.105	0.39205	-0.174372	0.0201977	-0.0166091	-1.33885	0.00768482
4.11	0.392016	-0.174371	0.0201866	-0.0165019	-1.33944	0.00759981
4.115	0.391981	-0.174372	0.020175	-0.0163107	-1.34003	0.00742114
4.12	0.391946	-0.174372	0.0201632	-0.0161249	-1.34063	0.007245
4.125	0.391911	-0.174372	0.0201511	-0.0159644	-1.34123	0.00708491
4.13	0.391875	-0.174373	0.0201391	-0.0158153	-1.34183	0.00694436
4.135	0.391839	-0.174371	0.0201265	-0.0158099	-1.34243	0.00694501
4.14	0.391803	-0.17437	0.0201139	-0.0158462	-1.34303	0.00698922
4.145	0.391767	-0.174369	0.0201015	-0.0158917	-1.34363	0.00704621
4.15	0.391731	-0.174367	0.0200892	-0.0159492	-1.34424	0.00709415
4.155	0.391694	-0.174366	0.0200771	-0.0160105	-1.34484	0.00713897
4.16	0.391658	-0.174364	0.0200652	-0.0160736	-1.34545	0.00718231
4.165	0.391623	-0.174363	0.0200551	-0.016102	-1.34605	0.007201
4.17	0.391589	-0.174362	0.0200463	-0.0161232	-1.34665	0.00720806
4.175	0.391556	-0.174362	0.0200376	-0.0161486	-1.34724	0.00721021
4.18	0.391522	-0.174361	0.0200283	-0.0162192	-1.34784	0.00725652
4.185	0.391488	-0.17436	0.0200188	-0.0162925	-1.34843	0.00730507
4.19	0.391453	-0.174359	0.0200091	-0.0163664	-1.34902	0.0073545
4.195	0.391419	-0.174357	0.0199994	-0.0164408	-1.34961	0.00740413
4.2	0.391385	-0.174356	0.0199896	-0.0165157	-1.35021	0.00745396
4.205	0.391351	-0.174355	0.0199796	-0.016591	-1.3508	0.00750397
4.21	0.391317	-0.174353	0.0199698	-0.0167259	-1.35139	0.0076607
4.215	0.391282	-0.174356	0.0199546	-0.0165814	-1.35199	0.00746721
4.22	0.391253	-0.17435	0.0199448	-0.0163337	-1.35264	0.00712755
4.225	0.391223	-0.174345	0.0199385	-0.0161509	-1.35328	0.00690528
4.23	0.391193	-0.17434	0.0199322	-0.0159638	-1.3539	0.0067293
4.235	0.391162	-0.174336	0.0199254	-0.0158077	-1.35451	0.00659523
4.24	0.391132	-0.174334	0.0199183	-0.0156292	-1.35512	0.00646072
4.245	0.391101	-0.174333	0.0199109	-0.0154524	-1.35573	0.00633297
4.25	0.391069	-0.174333	0.0199032	-0.0152705	-1.35633	0.00619831
4.255	0.391038	-0.174334	0.0198956	-0.0150843	-1.35693	0.00605581
4.26	0.391007	-0.174335	0.0198878	-0.0148917	-1.35753	0.00590285
4.265	0.390975	-0.174337	0.0198802	-0.014692	-1.35813	0.00573884
4.27	0.390943	-0.174339	0.0198725	-0.014486	-1.35872	0.00556503
4.275	0.390911	-0.174342	0.0198649	-0.0142799	-1.35931	0.00538897
4.28	0.39088	-0.174345	0.0198574	-0.0140723	-1.3599	0.00520865
4.285	0.390847	-0.174343	0.0198467	-0.0141344	-1.36048	0.00527883
4.29	0.390812	-0.174342	0.0198343	-0.0142582	-1.36106	0.00539965
4.295	0.390777	-0.17434	0.0198223	-0.0143728	-1.36164	0.00551176
4.3	0.390743	-0.174338	0.0198119	-0.014476	-1.36223	0.00561581
4.305	0.390712	-0.174337	0.019804	-0.0145722	-1.3628	0.0057161
4.31	0.390683	-0.174338	0.0197985	-0.0146656	-1.36336	0.00581248
4.315	0.390655	-0.174339	0.0197939	-0.0147578	-1.36391	0.00590302
4.32	0.390627	-0.17434	0.0197891	-0.0148467	-1.36445	0.00598821
4.325	0.390599	-0.174341	0.0197838	-0.0149309	-1.36498	0.00606931
4.33	0.390571	-0.174342	0.0197781	-0.0150077	-1.36552	0.00615054
4.335	0.390543	-0.174343	0.0197724	-0.0150774	-1.36606	0.0062268
4.34	0.390513	-0.174345	0.0197653	-0.0150314	-1.36661	0.006172
4.345	0.390481	-0.174351	0.0197538	-0.0146594	-1.36717	0.00577372
4.35	0.390447	-0.17436	0.0197394	-0.0139657	-1.36775	0.00505523
4.355	0.390411	-0.174372	0.0197229	-0.0131	-1.36834	0.00416041
4.36	0.390373	-0.174383	0.0197058	-0.0123536	-1.36893	0.00335285
4.365	0.390333	-0.174393	0.019688	-0.0116408	-1.36953	0.0025704
4.37	0.390292	-0.174402	0.0196699	-0.0110144	-1.37014	0.00187611
4.375	0.390251	-0.174411	0.0196518	-0.0104174	-1.37075	0.00121706
4.38	0.39021	-0.174418	0.0196362	-0.010017	-1.37137	0.000802008
4.385	0.39017	-0.174426	0.0196213	-0.00959601	-1.37199	0.000374596
4.39	0.390131	-0.174434	0.0196076	-0.00913853	-1.37261	-8.38288e-05
4.395	0.390094	-0.174442	0.0195955	-0.00866462	-1.37322	-0.000563133
4.4	0.39006	-0.174447	0.0195883	-0.0084925	-1.37382	-0.000738587
4.405	0.39003	-0.174452	0.0195866	-0.0084264	-1.37438	-0.00081355
4.41	0.389999	-0.174456	0.0195806	-0.00846111	-1.37494	-0.000793928
4.415	0.389967	-0.174457	0.019572	-0.00856288	-1.37551	-0.000704988
4.42	0.389934	-0.174457	0.0195617	-0.00869636	-1.37608	-0.000582634
4.425	0.3899	-0.174455	0.0195498	-0.0088405	-1.37667	-0.000447972
4.43	0.389869	-0.174456	0.0195437	-0.00882541	-1.37723	-0.000462217
4.435	0.389841	-0.174457	0.0195414	-0.00876936	-1.37778	-0.000516001
4.44	0.389815	-0.174459	0.0195411	-0.00870128	-1.37832	-0.000584078
4.445	0.389789	-0.174462	0.0195411	-0.00858668	-1.37885	-0.000701589
4.45	0.389764	-0.174467	0.0195394	-0.00830921	-1.37937	-0.00098287
4.455	0.389739	-0.174472	0.0195367	-0.00800202	-1.3799	-0.00128968
4.46	0.389713	-0.174476	0.0195332	-0.00769513	-1.38043	-0.00159662
4.465	0.389687	-0.174481	0.0195289	-0.00739299	-1.38095	-0.00189927
4.47	0.38966	-0.174486	0.0195239	-0.00709415	-1.38148	-0.00219902
4.475	0.389632	-0.174491	0.0195182	-0.00679597	-1.38202	-0.00249843
4.48	0.389603	-0.174496	0.019512	-0.00649589	-1.38256	-0.00279994
4.485	0.389574	-0.174501	0.0195053	-0.00619177	-1.3831	-0.00310564
4.49	0.389544	-0.174503	0.019497	-0.00603509	-1.38365	-0.00326506
4.495	0.389513	-0.174506	0.0194877	-0.00595945	-1.3842	-0.0033464
4.5	0.38948	-0.174508	0.0194776	-0.00591917	-1.38477	-0.0033929
4.505	0.389447	-0.17451	0.0194669	-0.00588656	-1.38534	-0.00343368
4.51	0.389413	-0.174512	0.0194556	-0.00585077	-1.38591	-0.00347807
4.515	0.389379	-0.174514	0.0194439	-0.00579052	-1.38649	-0.00354638
4.52	0.389344	-0.174517	0.0194314	-0.0055953	-1.38708	-0.00376274
4.525	0.389348	-0.174523	0.0194589	-0.00557855	-1.3875	-0.00379497
4.53	0.389343	-0.17454	0.0194819	-0.00553927	-1.38793	-0.00387829
4.535	0.389338	-0.174547	0.0194984	-0.00534675	-1.38835	-0.00410388
4.54	0.38933	-0.174556	0.0195084	-0.00493602	-1.38877	-0.00452927
4.545	0.389317	-0.174564	0.0195132	-0.0044143	-1.3892	-0.00509675
4.55	0.389299	-0.174573	0.0195131	-0.00375476	-1.38964	-0.00581942
4.555	0.389285	-0.174576	0.0195133	-0.0035926	-1.39001	-0.00599531
4.56	0.389264	-0.174583	0.0195112	-0.00358654	-1.39041	-0.00601142
4.565	0.389241	-0.174585	0.0195066	-0.00365105	-1.39085	-0.00593266
4.57	0.389216	-0.174584	0.0194996	-0.0038021	-1.39131	-0.00574619
4.575	0.389187	-0.174581	0.0194906	-0.00404823	-1.39179	-0.00544352
4.58	0.389157	-0.174576	0.0194799	-0.00433793	-1.39229	-0.0050866
4.585	0.389129	-0.174575	0.0194674	-0.00436247	-1.3927	-0.00502482
4.59	0.389098	-0.174579	0.0194543	-0.00427396	-1.39317	-0.00510933
4.595	0.389064	-0.174584	0.0194383	-0.00390988	-1.39368	-0.00549123
4.6	0.389028	-0.174589	0.0194204	-0.00334618	-1.39421	-0.00609605
4.605	0.38899	-0.174596	0.0194008	-0.00259768	-1.39477	-0.00685093
4.61	0.388951	-0.174604	0.0193798	-0.0017767	-1.39536	-0.00767044
4.615	0.38891	-0.17461	0.0193582	-0.00106141	-1.39597	-0.00838175
4.62	0.388867	-0.174615	0.0193367	-0.000554898	-1.39658	-0.0089155
4.625	0.388826	-0.174611	0.0193175	-0.000833191	-1.39719	-0.00862734
4.63	0.388782	-0.174614	0.019297	-0.000804613	-1.39781	-0.00867999
4.635	0.388738	-0.174613	0.0192757	-0.00071809	-1.39845	-0.00878387
4.64	0.388694	-0.174612	0.019254	-0.000614853	-1.39909	-0.00890612
4.645	0.388699	-0.174615	0.0192803	-0.000617604	-1.39951	-0.00891665
4.65	0.388693	-0.174633	0.0193029	-0.00067066	-1.39993	-0.00890649
4.655	0.388691	-0.174635	0.0193233	-0.000912518	-1.40033	-0.00866625
4.66	0.388685	-0.174642	0.0193368	-0.000720958	-1.40074	-0.00886891
4.665	0.388675	-0.174646	0.0193447	-0.00037353	-1.40116	-0.00924188
4.67	0.388661	-0.174652	0.0193472	6.82703e-05	-1.40158	-0.00973629
4.675	0.388642	-0.174659	0.0193451	0.000632872	-1.40203	-0.010372
4.68	0.388619	-0.174668	0.0193391	0.0013304	-1.40249	-0.0111538
4.685	0.388593	-0.174677	0.0193297	0.00212805	-1.40297	-0.0120438
4.69	0.388564	-0.174687	0.0193177	0.00297302	-1.40347	-0.0129839
4.695	0.388531	-0.174697	0.0193034	0.00388045	-1.40399	-0.0139874
4.7	0.388497	-0.174707	0.0192874	0.00483739	-1.40454	-0.0150361
4.705	0.388462	-0.17471	0.0192731	0.00482005	-1.40508	-0.0150301
4.71	0.388425	-0.174715	0.0192581	0.00461817	-1.40563	-0.0147933
4.715	0.388388	-0.174717	0.0192429	0.00435605	-1.40619	-0.0144751
4.72	0.38835	-0.174717	0.0192275	0.00407364	-1.40677	-0.0141281
4.725	0.388312	-0.174717	0.019212	0.00378169	-1.40735	-0.0137669
4.73	0.388273	-0.174715	0.0191963	0.00348372	-1.40795	-0.0133962
4.735	0.388275	-0.17472	0.019221	0.0033278	-1.40837	-0.0132344
4.74	0.388268	-0.174735	0.0192417	0.00321207	-1.4088	-0.0131323
4.745	0.388264	-0.17474	0.0192591	0.00312402	-1.40921	-0.013025
4.75	0.388256	-0.17474	0.0192688	0.0029572	-1.40963	-0.0128873
4.755	0.388243	-0.17474	0.0192732	0.00287591	-1.41006	-0.0128352
4.76	0.388228	-0.174739	0.0192731	0.0028384	-1.41051	-0.01282
4.765	0.38823	-0.17474	0.0192912	0.00289031	-1.41087	-0.0128891
4.77	0.388224	-0.17475	0.0193057	0.00317119	-1.41125	-0.0132076
4.775	0.388218	-0.174753	0.0193162	0.00355895	-1.41165	-0.0136594
4.78	0.388208	-0.174754	0.0193231	0.00371784	-1.41207	-0.0138556
4.785	0.388194	-0.174755	0.0193265	0.00380927	-1.4125	-0.0139444
4.79	0.388177	-0.174756	0.0193268	0.00389619	-1.41294	-0.014014
4.795	0.388157	-0.174757	0.0193244	0.00398689	-1.41341	-0.0140814
4.8	0.388135	-0.174757	0.0193197	0.00408327	-1.4139	-0.014151
4.805	0.38811	-0.174758	0.0193131	0.00423157	-1.4144	-0.0142723
4.81	0.388082	-0.174758	0.0193048	0.00439912	-1.41493	-0.014411
4.815	0.388053	-0.174759	0.0192949	0.00457766	-1.41547	-0.0145596
4.82	0.388022	-0.174759	0.0192838	0.00476491	-1.41602	-0.0147159
4.825	0.38799	-0.174759	0.0192712	0.00490867	-1.41659	-0.0148216
4.83	0.387956	-0.174759	0.0192576	0.00504513	-1.41717	-0.0149176
4.835	0.387921	-0.174759	0.0192434	0.00513359	-1.41776	-0.0149663
4.84	0.387886	-0.174758	0.0192285	0.00521115	-1.41835	-0.0150039
4.845	0.387849	-0.174757	0.0192134	0.00528018	-1.41896	-0.015067
4.85	0.387812	-0.174756	0.0191979	0.00534834	-1.41957	-0.0151379
4.855	0.387775	-0.174755	0.0191821	0.00541723	-1.42019	-0.0152115
4.86	0.387737	-0.174753	0.019166	0.00548718	-1.42082	-0.0152865
4.865	0.3877	-0.174749	0.0191501	0.00529034	-1.42143	-0.0150806
4.87	0.387662	-0.174747	0.0191343	0.00520467	-1.42205	-0.0149826
4.875	0.387624	-0.174742	0.0191176	0.00485514	-1.42268	-0.0146382
4.88	0.387584	-0.17474	0.0190987	0.0047801	-1.42331	-0.0146042
4.885	0.387543	-0.174738	0.0190779	0.00495681	-1.42394	-0.0148213
4.89	0.387502	-0.174736	0.0190563	0.00524111	-1.42459	-0.0151473
4.895	0.38746	-0.174735	0.0190346	0.00555513	-1.42525	-0.0155066
4.9	0.387418	-0.174734	0.0190135	0.00585954	-1.4259	-0.0158497
4.905	0.387398	-0.174735	0.0190149	0.00598365	-1.42645	-0.0160037
4.91	0.387373	-0.174743	0.019014	0.00619156	-1.427	-0.0162617
4.915	0.387349	-0.174744	0.019012	0.00642771	-1.42755	-0.0165357
4.92	0.387343	-0.174747	0.0190261	0.00659755	-1.42801	-0.0167322
4.925	0.387339	-0.174756	0.0190374	0.00679586	-1.42832	-0.0169654
4.93	0.387327	-0.174769	0.0190426	0.00736729	-1.42867	-0.0175787
4.935	0.387314	-0.174775	0.0190427	0.00810957	-1.42906	-0.0183416
4.94	0.387296	-0.17478	0.0190384	0.00893931	-1.42949	-0.01919
4.945	0.387274	-0.174784	0.0190304	0.00980883	-1.42994	-0.0200789
4.95	0.387249	-0.174788	0.0190198	0.0106854	-1.43043	-0.0209775
4.955	0.38722	-0.174791	0.0190069	0.011558	-1.43094	-0.0218757
4.96	0.387189	-0.174797	0.018991	0.0125432	-1.43148	-0.0228906
4.965	0.387156	-0.174799	0.0189742	0.0136833	-1.43205	-0.0240597
4.97	0.387121	-0.174799	0.0189567	0.0145031	-1.43263	-0.0249122
4.975	0.387084	-0.1748	0.0189386	0.0151901	-1.43323	-0.0256394
4.98	0.387089	-0.174801	0.0189639	0.0154779	-1.43364	-0.0259443
4.985	0.387085	-0.174816	0.0189856	0.0158489	-1.43407	-0.0264156
4.99	0.387082	-0.174818	0.0190025	0.0161541	-1.43449	-0.0268033
4.995	0.387075	-0.174818	0.0190145	0.0164245	-1.43491	-0.0271661
5.0	0.387064	-0.174822	0.0190194	0.0171141	-1.43535	-0.0278919
5.005	0.387048	-0.174828	0.0190181	0.0181069	-1.4358	-0.0289038
5.01	0.387029	-0.174831	0.0190147	0.0188544	-1.43627	-0.0297409
5.015	0.387008	-0.174833	0.0190108	0.0191736	-1.43675	-0.0300737
5.02	0.386985	-0.174835	0.0190058	0.0193858	-1.43724	-0.0302756
5.025	0.38698	-0.174838	0.0190204	0.0195485	-1.43766	-0.0304394
5.03	0.386989	-0.174848	0.0190506	0.0196168	-1.43798	-0.0305341
5.035	0.386992	-0.174863	0.0190731	0.0199825	-1.43831	-0.03093
5.04	0.38701	-0.174869	0.0191077	0.0200767	-1.43857	-0.0310411
5.045	0.387033	-0.174881	0.0191489	0.0201191	-1.43878	-0.0311157
5.05	0.387052	-0.174891	0.019186	0.020142	-1.43901	-0.0311649
5.055	0.387066	-0.174898	0.0192153	0.020232	-1.43924	-0.0312681
5.06	0.387074	-0.174904	0.0192369	0.0204044	-1.4395	-0.0314461
5.065	0.387076	-0.174909	0.019252	0.0206287	-1.43979	-0.0316698
5.07	0.387071	-0.174921	0.0192578	0.0216888	-1.44012	-0.032707
5.075	0.387062	-0.174939	0.0192564	0.023458	-1.44049	-0.034445
5.08	0.387069	-0.174948	0.0192765	0.0239494	-1.44077	-0.0349443
5.085	0.387076	-0.174965	0.0193014	0.0240344	-1.44104	-0.0350664
5.09	0.387077	-0.174977	0.0193204	0.024121	-1.44133	-0.0351736
5.095	0.387084	-0.174985	0.0193436	0.0242276	-1.44161	-0.0353085
5.1	0.387091	-0.174991	0.0193661	0.0243132	-1.44187	-0.0354379
5.105	0.387091	-0.174996	0.019382	0.0243853	-1.44216	-0.0355174
5.11	0.387088	-0.174994	0.0193923	0.0241837	-1.44247	-0.0353162
5.115	0.387079	-0.174993	0.0193973	0.0241322	-1.44282	-0.0352645
5.12	0.387065	-0.174989	0.0193982	0.0240314	-1.44321	-0.0351441
5.125	0.387047	-0.174986	0.0193953	0.0240659	-1.44362	-0.0351478
5.13	0.387024	-0.174982	0.0193891	0.0241558	-1.44406	-0.0352103
5.135	0.386999	-0.174978	0.0193802	0.0242523	-1.44454	-0.0352627
5.14	0.38697	-0.174974	0.0193689	0.0243648	-1.44504	-0.03533
5.145	0.386939	-0.174969	0.0193556	0.0243448	-1.44556	-0.0352663
5.15	0.386905	-0.174962	0.0193405	0.0241943	-1.4461	-0.0350745
5.155	0.386868	-0.174956	0.0193238	0.0240558	-1.44667	-0.0349129
5.16	0.38683	-0.17495	0.0193057	0.0239927	-1.44725	-0.0348114
5.165	0.386791	-0.174945	0.0192865	0.0241657	-1.44785	-0.0349335
5.17	0.38675	-0.174941	0.0192662	0.0244214	-1.44847	-0.0351319
5.175	0.386708	-0.174936	0.0192452	0.0247015	-1.4491	-0.0353534
5.18	0.386664	-0.174932	0.0192234	0.0249905	-1.44974	-0.0355833
5.185	0.38662	-0.174928	0.0192008	0.0251855	-1.45039	-0.0357163
5.19	0.386575	-0.174924	0.0191777	0.0254945	-1.45105	-0.0359727
5.195	0.386536	-0.174921	0.0191557	0.0257549	-1.4516	-0.0361818
5.2	0.386491	-0.174924	0.0191327	0.0262509	-1.45218	-0.0366516
5.205	0.386448	-0.174926	0.0191084	0.027064	-1.45279	-0.0374292
5.21	0.386403	-0.17493	0.0190829	0.0282534	-1.45342	-0.0385746
5.215	0.386364	-0.174932	0.0190629	0.0287533	-1.45399	-0.0390375
5.22	0.386339	-0.174939	0.0190598	0.0291505	-1.4545	-0.0394221
5.225	0.386326	-0.174947	0.019071	0.0293278	-1.45497	-0.0395948
5.23	0.38631	-0.174955	0.019078	0.0296084	-1.45545	-0.0398621
5.235	0.386292	-0.174956	0.0190806	0.0299106	-1.45593	-0.040145
5.24	0.386272	-0.174957	0.0190795	0.0304573	-1.45642	-0.0406737
5.245	0.386249	-0.174958	0.0190756	0.0310885	-1.45692	-0.0412857
5.25	0.386226	-0.174959	0.0190711	0.0317718	-1.45741	-0.0419509
5.255	0.386204	-0.17496	0.0190676	0.0324654	-1.4579	-0.0426285
5.26	0.386179	-0.174962	0.0190617	0.0331727	-1.45841	-0.0433204
5.265	0.386151	-0.174966	0.0190517	0.0342589	-1.45893	-0.0443822
5.27	0.38612	-0.174972	0.0190385	0.0357014	-1.45947	-0.0457952
5.275	0.386087	-0.174981	0.0190227	0.0374837	-1.46002	-0.0475475
5.28	0.386052	-0.174986	0.0190062	0.0387843	-1.46059	-0.0488057
5.285	0.386015	-0.174989	0.0189887	0.0396711	-1.46117	-0.0496455
5.29	0.385976	-0.174987	0.0189702	0.0401392	-1.46177	-0.0500561
5.295	0.385935	-0.174984	0.0189505	0.0405285	-1.46238	-0.0503973
5.3	0.385893	-0.174981	0.0189296	0.0408502	-1.463	-0.0506668
5.305	0.38585	-0.174977	0.0189077	0.0411784	-1.46364	-0.0509397
5.31	0.385821	-0.174975	0.0189022	0.0416971	-1.46427	-0.0514324
5.315	0.385789	-0.174979	0.0188944	0.0424368	-1.4649	-0.0521413
5.32	0.385756	-0.174982	0.0188836	0.0434496	-1.46551	-0.0531101
5.325	0.385723	-0.174987	0.0188721	0.0441467	-1.46612	-0.0537751
5.33	0.385711	-0.174992	0.0188837	0.0446817	-1.46665	-0.0543056
5.335	0.385693	-0.175003	0.0188912	0.0453001	-1.46716	-0.0549212
5.34	0.385675	-0.175006	0.0188944	0.0458066	-1.46768	-0.0553989
5.345	0.385654	-0.175007	0.0188935	0.0462053	-1.46819	-0.0557633
5.35	0.38563	-0.175007	0.018889	0.0465742	-1.46871	-0.0560992
5.355	0.385605	-0.175006	0.018883	0.0469566	-1.46923	-0.0564171
5.36	0.385577	-0.175005	0.0188757	0.0473327	-1.46974	-0.0566954
5.365	0.385548	-0.175004	0.0188655	0.0479229	-1.47026	-0.0571794
5.37	0.385519	-0.175004	0.0188565	0.0485411	-1.47077	-0.0576844
5.375	0.385491	-0.175004	0.0188489	0.0492088	-1.47128	-0.0582406
5.38	0.385463	-0.175005	0.0188416	0.0498905	-1.4718	-0.0588145
5.385	0.385435	-0.175006	0.0188337	0.0505802	-1.47231	-0.0593993
5.39	0.385405	-0.175006	0.0188244	0.0512902	-1.47284	-0.0600037
5.395	0.385373	-0.175006	0.0188139	0.0520211	-1.47337	-0.0606256
5.4	0.385344	-0.175008	0.0188061	0.0528337	-1.4739	-0.0613317
5.405	0.385317	-0.175012	0.0188008	0.0537231	-1.47442	-0.0621269
5.41	0.385287	-0.175018	0.0187914	0.0549788	-1.47496	-0.0633398
5.415	0.385256	-0.175025	0.0187787	0.0565647	-1.47551	-0.064892
5.42	0.385222	-0.175032	0.0187633	0.0584452	-1.47608	-0.0667402
5.425	0.385187	-0.175041	0.0187458	0.0604859	-1.47666	-0.0687403
5.43	0.385154	-0.175044	0.0187345	0.0613375	-1.47717	-0.069558
5.435	0.385139	-0.175046	0.018736	0.0609225	-1.4775	-0.0691492
5.44	0.385129	-0.175057	0.0187476	0.0603064	-1.47778	-0.0685808
5.445	0.38514	-0.175064	0.0187864	0.0603619	-1.47815	-0.0686486
5.45	0.385151	-0.175063	0.0188173	0.0602901	-1.47849	-0.0685748
5.455	0.385168	-0.175062	0.0188524	0.0603658	-1.47878	-0.0686438
5.46	0.385179	-0.175062	0.0188799	0.0605009	-1.47905	-0.0687716
5.465	0.385184	-0.17506	0.0188999	0.0607536	-1.47935	-0.0690215
5.47	0.385183	-0.175055	0.0189132	0.0609379	-1.47967	-0.0692057
5.475	0.385177	-0.17505	0.0189209	0.0610916	-1.48002	-0.0693612
5.48	0.385165	-0.175043	0.0189227	0.0609914	-1.48039	-0.0692229
5.485	0.385149	-0.175036	0.0189194	0.0608355	-1.4808	-0.0690695
5.49	0.385128	-0.175029	0.0189122	0.0606799	-1.48124	-0.0689317
5.495	0.385103	-0.175021	0.0189016	0.060552	-1.48171	-0.068826
5.5	0.385075	-0.175013	0.0188883	0.0604632	-1.48221	-0.0687607
5.505	0.385043	-0.175005	0.0188727	0.0604849	-1.48273	-0.0687646
5.51	0.385009	-0.174997	0.0188553	0.0605116	-1.48328	-0.0687991
5.515	0.384972	-0.174989	0.0188364	0.0605905	-1.48385	-0.0688867
5.52	0.384933	-0.174982	0.0188161	0.0607468	-1.48444	-0.0690579
5.525	0.384892	-0.174975	0.018795	0.0611538	-1.48506	-0.0694471
5.53	0.384854	-0.174968	0.0187789	0.0609182	-1.48562	-0.0692076
5.535	0.384841	-0.174966	0.0187729	0.0607843	-1.48582	-0.0690715
5.54	0.384833	-0.174979	0.0187751	0.0607861	-1.48593	-0.0691094
5.545	0.384833	-0.174988	0.0187842	0.0608342	-1.48604	-0.0691803
5.55	0.384839	-0.174994	0.0187992	0.0609007	-1.48615	-0.0692623
5.555	0.384838	-0.174997	0.0188083	0.0609472	-1.48635	-0.0693197
5.56	0.384832	-0.174994	0.0188117	0.0608838	-1.4866	-0.0692619
5.565	0.38482	-0.174989	0.0188102	0.0608478	-1.48692	-0.0692337
5.57	0.384803	-0.174983	0.0188045	0.0607838	-1.48729	-0.0691841
5.575	0.384799	-0.174968	0.0188231	0.0605729	-1.48776	-0.0689443
5.58	0.384791	-0.174954	0.0188357	0.060169	-1.48822	-0.0684481
5.585	0.384779	-0.174944	0.0188439	0.0606472	-1.48869	-0.0688965
5.59	0.384795	-0.174935	0.0188779	0.0608982	-1.48902	-0.0691221
5.595	0.384802	-0.174936	0.0189063	0.0611301	-1.48934	-0.0693728
5.6	0.384807	-0.17493	0.0189286	0.0613581	-1.48966	-0.0696128
5.605	0.384819	-0.174925	0.0189605	0.061587	-1.49	-0.0698543
5.61	0.384839	-0.174922	0.0189985	0.0617951	-1.49029	-0.0700655
5.615	0.384853	-0.174921	0.0190306	0.0619987	-1.49057	-0.0702628
5.62	0.384863	-0.174917	0.0190572	0.0621882	-1.49085	-0.0704635
5.625	0.384878	-0.174913	0.0190871	0.0623818	-1.49112	-0.070659
5.63	0.384887	-0.174911	0.0191109	0.062595	-1.49137	-0.0708769
5.635	0.384891	-0.174905	0.0191276	0.0624695	-1.49165	-0.0707652
5.64	0.384893	-0.174898	0.0191405	0.0621558	-1.4919	-0.0704703
5.645	0.384907	-0.174896	0.0191653	0.0621614	-1.49208	-0.0704828
5.65	0.384913	-0.174895	0.0191847	0.0621564	-1.49229	-0.0704721
5.655	0.384921	-0.174892	0.0192045	0.0621243	-1.49251	-0.070438
5.66	0.384936	-0.174889	0.0192311	0.0621988	-1.49269	-0.0705091
5.665	0.384946	-0.174889	0.0192518	0.0622357	-1.49285	-0.0705452
5.67	0.384952	-0.174886	0.0192681	0.0622515	-1.49306	-0.0705674
5.675	0.384952	-0.17488	0.0192807	0.0622319	-1.49331	-0.0705569
5.68	0.384949	-0.174872	0.0192901	0.0621881	-1.4936	-0.0705314
5.685	0.384952	-0.174867	0.0193076	0.062174	-1.49391	-0.0705148
5.69	0.384969	-0.174865	0.0193392	0.0622608	-1.49414	-0.0706011
5.695	0.384989	-0.174869	0.0193754	0.0623803	-1.49432	-0.0707307
5.7	0.385009	-0.17487	0.0194092	0.0624977	-1.4945	-0.0708417
5.705	0.385024	-0.174871	0.0194351	0.0627737	-1.49468	-0.0711147
5.71	0.385033	-0.17487	0.0194541	0.0631118	-1.49486	-0.0714463
5.715	0.385035	-0.174869	0.019466	0.0635491	-1.4951	-0.071868
5.72	0.385031	-0.174868	0.0194719	0.0641035	-1.49538	-0.0723982
5.725	0.385043	-0.174866	0.019495	0.0643421	-1.49559	-0.0726296
5.73	0.38506	-0.174872	0.019527	0.0645086	-1.49578	-0.0728121
5.735	0.38507	-0.174876	0.0195515	0.0648496	-1.496	-0.0731549
5.74	0.385077	-0.174873	0.0195706	0.0649483	-1.49627	-0.0732349
5.745	0.385078	-0.174869	0.0195857	0.0649296	-1.49656	-0.0731999
5.75	0.385096	-0.174868	0.019621	0.0649173	-1.49686	-0.073188
5.755	0.385121	-0.174871	0.0196648	0.0650201	-1.49709	-0.0732997
5.76	0.38514	-0.174872	0.0196976	0.0643172	-1.49733	-0.0726359
5.765	0.385162	-0.174873	0.019734	0.0642602	-1.49754	-0.0725913
5.77	0.38518	-0.174864	0.0197571	0.0628473	-1.49777	-0.0712078
5.775	0.385192	-0.174858	0.0197805	0.0624143	-1.49803	-0.070787
5.78	0.385208	-0.174849	0.0198076	0.0623045	-1.49826	-0.0706617
5.785	0.385222	-0.174836	0.0198257	0.0614057	-1.49852	-0.0697437
5.79	0.385225	-0.174828	0.0198385	0.060678	-1.49882	-0.0690068
5.795	0.385223	-0.174817	0.0198454	0.06004	-1.49915	-0.0683408
5.8	0.385214	-0.174808	0.0198472	0.0594416	-1.49952	-0.0677173
5.805	0.385206	-0.174797	0.0198517	0.0591281	-1.49997	-0.0674039
5.81	0.385191	-0.174796	0.0198577	0.0591073	-1.50045	-0.0673902
5.815	0.385173	-0.17479	0.0198592	0.0587074	-1.50095	-0.0670166
5.82	0.385151	-0.174785	0.0198558	0.0581878	-1.50147	-0.0665436
5.825	0.385124	-0.174779	0.0198481	0.05763	-1.50202	-0.0660379
5.83	0.385094	-0.174772	0.0198368	0.0570616	-1.50259	-0.0655209
5.835	0.385061	-0.174764	0.0198223	0.0564907	-1.50319	-0.0649972
5.84	0.385026	-0.174755	0.0198054	0.055928	-1.5038	-0.0644749
5.845	0.384987	-0.174747	0.0197875	0.0558581	-1.50443	-0.0644019
5.85	0.384947	-0.174739	0.0197683	0.0559065	-1.50507	-0.064431
5.855	0.384906	-0.174728	0.0197474	0.0554361	-1.50573	-0.0639366
5.86	0.384862	-0.174719	0.0197244	0.0552568	-1.5064	-0.0637461
5.865	0.384817	-0.174709	0.0196996	0.0551669	-1.50708	-0.0636489
5.87	0.384771	-0.174698	0.0196738	0.0548332	-1.50778	-0.0633141
5.875	0.384724	-0.174687	0.0196471	0.0542464	-1.50849	-0.0627105
5.88	0.384679	-0.174662	0.0196097	0.0500102	-1.50919	-0.058462
5.885	0.384628	-0.174646	0.0195755	0.0469638	-1.5099	-0.0554432
5.89	0.38458	-0.174622	0.0195429	0.0436275	-1.51062	-0.0521067
5.895	0.384531	-0.174601	0.0195107	0.0407342	-1.51135	-0.0492094
5.9	0.384482	-0.174573	0.0194763	0.0372062	-1.51207	-0.045659
5.905	0.384439	-0.174543	0.0194412	0.0335801	-1.51274	-0.0420368
5.91	0.384393	-0.174517	0.0194079	0.0306301	-1.51344	-0.0391236
5.915	0.384347	-0.174495	0.01938	0.0290567	-1.51414	-0.0375231
5.92	0.38436	-0.174482	0.0194114	0.0285902	-1.51455	-0.0370429
5.925	0.384365	-0.174482	0.0194352	0.0273659	-1.51498	-0.0358886
5.93	0.384373	-0.174469	0.0194499	0.0254171	-1.51543	-0.0340278
5.935	0.384374	-0.174456	0.0194615	0.0238791	-1.51589	-0.0325268
5.94	0.384374	-0.174437	0.0194645	0.0213618	-1.51637	-0.0300638
5.945	0.384364	-0.174422	0.019465	0.0189473	-1.51684	-0.0277418
5.95	0.384349	-0.174407	0.0194642	0.0178093	-1.51732	-0.0266071
5.955	0.384331	-0.174388	0.0194578	0.0157326	-1.51781	-0.0245562
5.96	0.384306	-0.174377	0.0194504	0.0146503	-1.51833	-0.0234608
5.965	0.38428	-0.174364	0.0194411	0.0138557	-1.51886	-0.0226292
5.97	0.384251	-0.174352	0.0194298	0.0130462	-1.51941	-0.0217842
5.975	0.384219	-0.174341	0.019417	0.0121225	-1.51998	-0.0208259
5.98	0.384185	-0.174329	0.0194027	0.0110422	-1.52056	-0.0197115
5.985	0.38415	-0.174317	0.0193873	0.00978685	-1.52116	-0.0184222
5.99	0.384113	-0.174304	0.0193708	0.00841863	-1.52177	-0.0170199
5.995	0.384075	-0.174288	0.0193513	0.00607311	-1.52239	-0.0146605
6.0	0.384035	-0.174275	0.0193288	0.00374222	-1.52304	-0.0123388
6.005	0.383992	-0.174262	0.0193067	0.00210519	-1.52368	-0.0106682
6.01	0.38395	-0.174252	0.0192848	0.00151521	-1.52434	-0.010051
6.015	0.383909	-0.17424	0.0192631	0.000591109	-1.525	-0.00910001
6.02	0.383867	-0.17423	0.0192427	-0.00025831	-1.52567	-0.00822974
6.025	0.383826	-0.174221	0.0192238	-0.000930976	-1.52634	-0.00753761
6.03	0.383786	-0.174212	0.019206	-0.00152202	-1.52701	-0.00692782
6.035	0.383779	-0.174208	0.0192235	-0.00201845	-1.52753	-0.00640802
6.04	0.383767	-0.17421	0.019237	-0.00284461	-1.52805	-0.00559628
6.045	0.383755	-0.174205	0.019245	-0.00363703	-1.52855	-0.00480045
6.05	0.383741	-0.174199	0.019249	-0.00375887	-1.52906	-0.00465386
6.055	0.383725	-0.174192	0.0192496	-0.00380474	-1.52957	-0.00457743
6.06	0.383706	-0.174185	0.019248	-0.00399873	-1.53008	-0.00437181
6.065	0.383685	-0.174176	0.0192456	-0.00503334	-1.53059	-0.00332901
6.07	0.383663	-0.174167	0.0192417	-0.00632726	-1.53111	-0.00202991
6.075	0.383638	-0.174159	0.0192357	-0.00773777	-1.53163	-0.000606371
6.08	0.383612	-0.17415	0.019228	-0.0091953	-1.53218	0.000866441
6.085	0.383584	-0.174141	0.0192187	-0.0106632	-1.53273	0.00235036
6.09	0.383554	-0.174132	0.0192082	-0.012117	-1.5333	0.00382053
6.095	0.383522	-0.174123	0.0191965	-0.0135361	-1.53388	0.00525606
6.1	0.383489	-0.174117	0.0191823	-0.0146501	-1.53446	0.00637836
6.105	0.383454	-0.174113	0.0191668	-0.0150277	-1.53506	0.00676586
6.11	0.383419	-0.174108	0.0191506	-0.0156852	-1.53567	0.00743387
6.115	0.383383	-0.174105	0.0191352	-0.0156266	-1.53629	0.00738434
6.12	0.383347	-0.174099	0.0191189	-0.0165369	-1.53691	0.00830557
6.125	0.38331	-0.174093	0.0191026	-0.0175362	-1.53753	0.00931423
6.13	0.383272	-0.17409	0.0190838	-0.0170394	-1.53817	0.0088174
6.135	0.383234	-0.174086	0.0190641	-0.0151955	-1.53881	0.00697531
6.14	0.383197	-0.174079	0.0190484	-0.0142122	-1.53946	0.00600049
6.145	0.383158	-0.174075	0.0190292	-0.0117228	-1.54012	0.00353507
6.15	0.383118	-0.17407	0.0190072	-0.00960577	-1.54079	0.00144053
6.155	0.383077	-0.174061	0.0189878	-0.0095452	-1.54147	0.00140099
6.16	0.383036	-0.174054	0.0189697	-0.0102668	-1.54214	0.00213811
6.165	0.382996	-0.174046	0.0189528	-0.0110673	-1.54282	0.00295434
6.17	0.382955	-0.174039	0.0189367	-0.0117188	-1.54349	0.00362044
6.175	0.382915	-0.174032	0.0189212	-0.012134	-1.54416	0.00404989
6.18	0.382876	-0.174027	0.0189056	-0.0113346	-1.54484	0.00326446
6.185	0.382837	-0.174021	0.0188903	-0.0102992	-1.54551	0.00224418
6.19	0.382798	-0.174015	0.0188746	-0.0104547	-1.54617	0.00241319
6.195	0.382759	-0.174009	0.0188592	-0.0109575	-1.54684	0.00292673
6.2	0.38272	-0.174002	0.0188441	-0.0115922	-1.5475	0.00357294
6.205	0.382681	-0.173996	0.0188293	-0.0122419	-1.54817	0.00423459
6.21	0.382641	-0.173994	0.0188103	-0.00898273	-1.54883	0.000983443
6.215	0.382573	-0.173985	0.0187411	-0.00821221	-1.54931	0.000229819
6.22	0.382501	-0.173973	0.0186732	-0.0107042	-1.54974	0.00274165
6.225	0.38243	-0.173964	0.0186105	-0.0145979	-1.55014	0.00665008
6.23	0.382363	-0.173958	0.0185536	-0.0166966	-1.55052	0.00876033
6.235	0.382319	-0.17395	0.0185159	-0.0220481	-1.55072	0.0141189
6.24	0.38228	-0.17395	0.0184852	-0.0288435	-1.55086	0.0209065
6.245	0.382253	-0.173952	0.0184549	-0.0302562	-1.55085	0.0223103
6.25	0.382232	-0.173956	0.0184317	-0.0322939	-1.55084	0.0243337
6.255	0.382214	-0.173959	0.0184105	-0.0332342	-1.55083	0.0252699
6.26	0.382201	-0.173961	0.01839	-0.0332413	-1.55076	0.0252729
6.265	0.382189	-0.173964	0.0183706	-0.0330264	-1.55068	0.0250502
6.27	0.382179	-0.173967	0.0183522	-0.032764	-1.5506	0.0247823
6.275	0.382169	-0.173968	0.0183347	-0.0324963	-1.55052	0.0245104
6.28	0.38216	-0.17397	0.018318	-0.0322332	-1.55044	0.0242439
6.285	0.382152	-0.173971	0.0183019	-0.0319759	-1.55037	0.0239837
6.29	0.382144	-0.173972	0.0182865	-0.0317237	-1.55029	0.023729
6.295	0.382136	-0.173973	0.0182715	-0.0314772	-1.55022	0.0234803
6.3	0.382129	-0.173974	0.0182569	-0.0312361	-1.55014	0.0232371
6.305	0.382122	-0.173975	0.0182427	-0.0309989	-1.55007	0.0229981
6.31	0.382115	-0.173976	0.0182288	-0.0307656	-1.55	0.0227631
6.315	0.382108	-0.173977	0.0182151	-0.0305355	-1.54993	0.0225315
6.32	0.382102	-0.173977	0.0182017	-0.0303084	-1.54986	0.0223028
6.325	0.382095	-0.173978	0.0181884	-0.0300842	-1.54979	0.0220773
6.33	0.382089	-0.173979	0.0181754	-0.0298627	-1.54972	0.0218544
6.335	0.382083	-0.173979	0.0181624	-0.0296435	-1.54965	0.021634
6.34	0.382077	-0.17398	0.0181495	-0.0294266	-1.54958	0.0214159
6.345	0.38207	-0.173981	0.0181368	-0.0292116	-1.54951	0.0211998
6.35	0.382064	-0.173981	0.0181241	-0.0289986	-1.54945	0.0209856
6.355	0.382058	-0.173982	0.0181115	-0.0287874	-1.54938	0.0207733
6.36	0.382053	-0.173982	0.0180989	-0.0285779	-1.54931	0.0205628
6.365	0.382047	-0.173983	0.0180864	-0.0283701	-1.54924	0.0203539
6.37	0.382041	-0.173983	0.018074	-0.0281638	-1.54917	0.0201466
6.375	0.382035	-0.173984	0.0180615	-0.0279591	-1.54911	0.0199409
6.38	0.382029	-0.173984	0.0180491	-0.0277559	-1.54904	0.0197368
6.385	0.382023	-0.173985	0.0180367	-0.0275552	-1.54897	0.0195349
6.39	0.382017	-0.173985	0.0180243	-0.0273548	-1.5489	0.0193336
6.395	0.382012	-0.173986	0.0180119	-0.0271558	-1.54883	0.0191336
6.4	0.382006	-0.173986	0.0179995	-0.0269579	-1.54877	0.0189347
6.405	0.382	-0.173987	0.0179871	-0.0267612	-1.5487	0.0187371
6.41	0.381994	-0.173987	0.0179748	-0.0265657	-1.54863	0.0185406
6.415	0.381988	-0.173988	0.0179624	-0.0263714	-1.54856	0.0183453
6.42	0.381983	-0.173988	0.0179501	-0.0261782	-1.5485	0.0181512
6.425	0.381977	-0.173989	0.0179377	-0.0259862	-1.54843	0.0179582
6.43	0.381971	-0.173989	0.0179253	-0.0257954	-1.54836	0.0177664
6.435	0.381965	-0.17399	0.017913	-0.0256057	-1.54829	0.0175758
6.44	0.381959	-0.173991	0.0179006	-0.0254171	-1.54823	0.0173862
6.445	0.381953	-0.173991	0.0178882	-0.0252296	-1.54816	0.0171977
6.45	0.381948	-0.173992	0.0178759	-0.0250432	-1.54809	0.0170103
6.455	0.381942	-0.173992	0.0178635	-0.0248576	-1.54802	0.0168238
6.46	0.381936	-0.173993	0.0178511	-0.0246733	-1.54796	0.0166385
6.465	0.38193	-0.173993	0.0178387	-0.0244901	-1.54789	0.0164544
6.47	0.381924	-0.173994	0.0178263	-0.0243055	-1.54782	0.0162687
6.475	0.381918	-0.173994	0.0178139	-0.0241237	-1.54775	0.016086
6.48	0.381912	-0.173995	0.0178015	-0.0239435	-1.54768	0.0159048
6.485	0.381907	-0.173995	0.017789	-0.0237644	-1.54762	0.0157247
6.49	0.381901	-0.173996	0.0177766	-0.0235863	-1.54755	0.0155456
6.495	0.381895	-0.173996	0.0177642	-0.0234093	-1.54748	0.0153675
6.5	0.381889	-0.173997	0.0177517	-0.023233	-1.54741	0.0151902
6.505	0.381883	-0.173997	0.0177392	-0.0230578	-1.54734	0.0150141
6.51	0.381877	-0.173998	0.0177268	-0.0228828	-1.54728	0.0148381
6.515	0.381871	-0.173998	0.0177143	-0.0227095	-1.54721	0.0146637
6.52	0.381865	-0.173999	0.0177018	-0.0225372	-1.54714	0.0144904
6.525	0.381859	-0.173999	0.0176893	-0.0223659	-1.54707	0.0143181
6.53	0.381853	-0.174	0.0176768	-0.0221956	-1.54701	0.0141467
6.535	0.381847	-0.174	0.0176643	-0.0220222	-1.54694	0.0139722
6.54	0.381841	-0.174001	0.0176518	-0.0218526	-1.54687	0.0138016
6.545	0.381835	-0.174001	0.0176392	-0.0216848	-1.5468	0.0136327
6.55	0.381829	-0.174002	0.0176267	-0.0215177	-1.54673	0.0134646
6.555	0.381822	-0.174002	0.0176127	-0.0214659	-1.54666	0.0134088
6.56	0.381813	-0.174001	0.0175975	-0.02174	-1.5466	0.0136692
6.565	0.381803	-0.174	0.0175811	-0.0223327	-1.54655	0.0142404
6.57	0.381792	-0.174	0.0175637	-0.0223642	-1.5465	0.0142355
6.575	0.381783	-0.173999	0.0175469	-0.0222624	-1.54643	0.0141263
6.58	0.381774	-0.173999	0.0175308	-0.0221104	-1.54636	0.0139701
6.585	0.381765	-0.174	0.0175151	-0.0219471	-1.54628	0.0138049
6.59	0.381757	-0.174	0.0174999	-0.0217818	-1.54621	0.0136384
6.595	0.381749	-0.174001	0.0174851	-0.0216168	-1.54613	0.0134725
6.6	0.381742	-0.174001	0.0174705	-0.0214527	-1.54606	0.0133074
6.605	0.381735	-0.174002	0.0174562	-0.0212899	-1.54599	0.0131437
6.61	0.381728	-0.174002	0.0174422	-0.0211282	-1.54592	0.0129811
6.615	0.381721	-0.174003	0.0174283	-0.0209676	-1.54585	0.0128196
6.62	0.381714	-0.174003	0.0174146	-0.020808	-1.54577	0.012659
6.625	0.381703	-0.174004	0.0173978	-0.0206273	-1.54572	0.012462
6.63	0.381695	-0.174003	0.017383	-0.0203953	-1.54566	0.0122241
6.635	0.381684	-0.174004	0.0173662	-0.0200164	-1.54562	0.0118265
6.64	0.381672	-0.174003	0.017349	-0.0201073	-1.54557	0.0119139
6.645	0.381657	-0.174003	0.0173288	-0.020105	-1.54556	0.0119061
6.65	0.381645	-0.174001	0.0173093	-0.0199897	-1.5455	0.0117921
6.655	0.381634	-0.174003	0.0172906	-0.0198313	-1.54542	0.0116294
6.66	0.381623	-0.174004	0.0172727	-0.0196684	-1.54534	0.0114631
6.665	0.381614	-0.174005	0.0172556	-0.0195081	-1.54526	0.0113003
6.67	0.381605	-0.174006	0.0172391	-0.0193312	-1.54518	0.0111213
6.675	0.381594	-0.174007	0.0172227	-0.0191539	-1.54514	0.0109403
