0	0.556278 	-0.0521204 	-0.340329 	-0.00155664 	-0.0222476 	-0.00123478 	
0.005	14.8993 	-4.41953 	-6.6183 	-0.136995 	-0.582914 	0.10572 	
0.01	10.7718 	-0.916018 	-4.75276 	-0.0107999 	-0.416223 	0.0715023 	
0.015	9.64685 	-0.846137 	-4.3407 	-0.00998094 	-0.372282 	0.0635577 	
0.02	8.69002 	-0.765047 	-3.98297 	-0.00855877 	-0.334802 	0.0566371 	
0.025	7.86978 	-0.708228 	-3.6822 	-0.0077573 	-0.302775 	0.0508095 	
0.03	7.16894 	-0.660711 	-3.42626 	-0.00710095 	-0.275431 	0.045846 	
0.035	6.57281 	-0.630948 	-3.19926 	-0.00705782 	-0.252049 	0.0414873 	
0.04	6.06153 	-0.599418 	-3.0113 	-0.00670401 	-0.232077 	0.0378614 	
0.045	5.62463 	-0.572034 	-2.85178 	-0.00636865 	-0.215025 	0.0347862 	
0.05	5.25143 	-0.548316 	-2.71632 	-0.00605708 	-0.200472 	0.0321784 	
0.055	4.93598 	-0.520107 	-2.59459 	-0.00558596 	-0.188059 	0.029825 	
0.06	4.66405 	-0.500846 	-2.49478 	-0.00531042 	-0.17745 	0.0278833 	
0.065	4.43157 	-0.484848 	-2.41033 	-0.00508339 	-0.1684 	0.0262362 	
0.07	4.23295 	-0.471516 	-2.33889 	-0.00489401 	-0.160684 	0.0248406 	
0.075	4.06462 	-0.466419 	-2.27318 	-0.00502448 	-0.154064 	0.0235879 	
0.08	3.91965 	-0.458451 	-2.22041 	-0.00494913 	-0.148414 	0.0225768 	
0.085	3.79577 	-0.451348 	-2.17606 	-0.00486091 	-0.143597 	0.0217322 	
0.09	3.69 	-0.44505 	-2.13883 	-0.00476585 	-0.139497 	0.0210284 	
0.095	3.60238 	-0.431585 	-2.103 	-0.00445761 	-0.136019 	0.0203246 	
0.1	3.52552 	-0.424915 	-2.07516 	-0.00433829 	-0.133048 	0.0197683 	
0.105	3.45973 	-0.419642 	-2.05203 	-0.0042463 	-0.130522 	0.0193004 	
0.11	3.40358 	-0.42148 	-2.0306 	-0.00441417 	-0.128334 	0.0188936 	
0.115	3.35541 	-0.419588 	-2.01404 	-0.00440164 	-0.126482 	0.0185799 	
0.12	3.31432 	-0.417765 	-2.00051 	-0.00437235 	-0.124914 	0.0183298 	
0.125	3.27933 	-0.416041 	-1.98955 	-0.00433124 	-0.123591 	0.018133 	
0.13	3.25249 	-0.407423 	-1.97507 	-0.0041203 	-0.122474 	0.0178428 	
0.135	3.22726 	-0.404314 	-1.96584 	-0.00405625 	-0.121518 	0.0176453 	
0.14	3.20555 	-0.402021 	-1.95858 	-0.00400944 	-0.120715 	0.0174833 	
0.145	3.18697 	-0.400345 	-1.95298 	-0.00397371 	-0.120043 	0.0173533 	
0.15	3.17097 	-0.40527 	-1.94723 	-0.00417733 	-0.119442 	0.0172503 	
0.155	3.15736 	-0.405895 	-1.94367 	-0.00419612 	-0.118949 	0.0171927 	
0.16	3.14586 	-0.406167 	-1.94121 	-0.00419152 	-0.118544 	0.0171627 	
0.165	3.13831 	-0.398815 	-1.9356 	-0.00397557 	-0.118225 	0.0170436 	
0.17	3.13022 	-0.396905 	-1.93316 	-0.00392168 	-0.117956 	0.0169808 	
0.175	3.12327 	-0.395598 	-1.93166 	-0.00388208 	-0.117741 	0.0169343 	
0.18	3.11737 	-0.394735 	-1.93096 	-0.00385156 	-0.117575 	0.0169031 	
0.185	3.11269 	-0.398934 	-1.92788 	-0.00403254 	-0.1174 	0.0168509 	
0.19	3.10834 	-0.3998 	-1.92724 	-0.00405448 	-0.117269 	0.0168464 	
0.195	3.10473 	-0.400361 	-1.9273 	-0.00405596 	-0.117173 	0.0168604 	
0.2	3.10319 	-0.394431 	-1.92568 	-0.00386082 	-0.117129 	0.016817 	
0.205	3.1009 	-0.393084 	-1.92582 	-0.00381193 	-0.117099 	0.0168056 	
0.21	3.09899 	-0.392222 	-1.92649 	-0.00377519 	-0.117092 	0.0168035 	
0.215	3.09745 	-0.391712 	-1.9276 	-0.00374614 	-0.117105 	0.0168105 	
0.22	3.09694 	-0.394833 	-1.92484 	-0.00389912 	-0.117077 	0.0167616 	
0.225	3.09579 	-0.395598 	-1.92499 	-0.00392001 	-0.117073 	0.0167679 	
0.23	3.09489 	-0.396148 	-1.92573 	-0.00392381 	-0.117085 	0.0167898 	
0.235	3.09427 	-0.396528 	-1.92694 	-0.00391428 	-0.117114 	0.0168247 	
0.24	3.09538 	-0.389763 	-1.92678 	-0.00368211 	-0.117194 	0.0168014 	
0.245	3.09538 	-0.388211 	-1.92789 	-0.0036244 	-0.117267 	0.0168019 	
0.25	3.09543 	-0.387263 	-1.92936 	-0.00358442 	-0.117349 	0.0168078 	
0.255	3.09562 	-0.391332 	-1.92826 	-0.00375375 	-0.117378 	0.0167858 	
0.26	3.0956 	-0.39226 	-1.9292 	-0.00377469 	-0.11743 	0.0168047 	
0.265	3.09574 	-0.39295 	-1.93058 	-0.00377921 	-0.117493 	0.0168374 	
0.27	3.09604 	-0.393452 	-1.93229 	-0.00377091 	-0.117568 	0.0168811 	
0.275	3.09825 	-0.386491 	-1.93145 	-0.0035453 	-0.117678 	0.0168404 	
0.28	3.09892 	-0.384961 	-1.93245 	-0.00349339 	-0.117777 	0.0168354 	
0.285	3.09953 	-0.384051 	-1.93383 	-0.00345926 	-0.117881 	0.0168365 	
0.29	3.10016 	-0.383588 	-1.93552 	-0.00343663 	-0.117991 	0.0168443 	
0.295	3.10077 	-0.38861 	-1.93493 	-0.00363596 	-0.118048 	0.0168328 	
0.3	3.10125 	-0.389945 	-1.93614 	-0.00366806 	-0.118124 	0.0168605 	
0.305	3.10185 	-0.390912 	-1.93772 	-0.003679 	-0.11821 	0.0169022 	
0.31	3.10396 	-0.383966 	-1.93812 	-0.00343695 	-0.118346 	0.0168864 	
0.315	3.10494 	-0.382576 	-1.93956 	-0.00338425 	-0.118469 	0.0168928 	
0.32	3.10587 	-0.381761 	-1.94128 	-0.00334852 	-0.118594 	0.0169038 	
0.325	3.10681 	-0.38136 	-1.94322 	-0.0033239 	-0.118722 	0.0169201 	
0.33	3.10779 	-0.38125 	-1.94533 	-0.00330616 	-0.118854 	0.016942 	
0.335	3.1094 	-0.384821 	-1.94277 	-0.00348762 	-0.118922 	0.0168877 	
0.34	3.11012 	-0.385893 	-1.94331 	-0.00352296 	-0.119004 	0.0168982 	
0.345	3.11088 	-0.386698 	-1.94435 	-0.00353872 	-0.119092 	0.0169244 	
0.35	3.11259 	-0.380221 	-1.94724 	-0.00327947 	-0.119267 	0.016957 	
0.355	3.11387 	-0.378924 	-1.94946 	-0.00322048 	-0.119419 	0.0169792 	
0.36	3.1151 	-0.378187 	-1.95176 	-0.00317986 	-0.119569 	0.0170024 	
0.365	3.11633 	-0.377851 	-1.95413 	-0.00315166 	-0.119721 	0.017028 	
0.37	3.11824 	-0.38056 	-1.95107 	-0.0033129 	-0.119796 	0.0169553 	
0.375	3.11908 	-0.381368 	-1.95145 	-0.00334428 	-0.119887 	0.0169559 	
0.38	3.11996 	-0.382023 	-1.95236 	-0.00336019 	-0.119985 	0.016972 	
0.385	3.12151 	-0.376682 	-1.95601 	-0.00313201 	-0.120172 	0.0170177 	
0.39	3.12292 	-0.37567 	-1.95847 	-0.00308001 	-0.120335 	0.0170441 	
0.395	3.12428 	-0.375141 	-1.96093 	-0.00304417 	-0.120496 	0.0170712 	
0.4	3.12564 	-0.374956 	-1.9634 	-0.00301914 	-0.120658 	0.0171003 	
0.405	3.12701 	-0.375007 	-1.96587 	-0.00300096 	-0.12082 	0.0171321 	
0.41	3.12988 	-0.375663 	-1.96117 	-0.00312045 	-0.120905 	0.0170131 	
0.415	3.13087 	-0.376064 	-1.96088 	-0.00315187 	-0.120999 	0.0169913 	
0.42	3.13181 	-0.376471 	-1.96122 	-0.00317186 	-0.121098 	0.0169867 	
0.425	3.13302 	-0.372361 	-1.9675 	-0.00295008 	-0.121321 	0.017088 	
0.43	3.13466 	-0.371637 	-1.97077 	-0.0028977 	-0.12151 	0.0171314 	
0.435	3.13624 	-0.371326 	-1.9738 	-0.00286135 	-0.121693 	0.0171714 	
0.44	3.13777 	-0.371304 	-1.97665 	-0.00283585 	-0.121873 	0.0172101 	
0.445	3.14079 	-0.370977 	-1.97159 	-0.00292938 	-0.121964 	0.0170709 	
0.45	3.14183 	-0.371126 	-1.9712 	-0.00295629 	-0.122068 	0.0170395 	
0.455	3.14282 	-0.371389 	-1.97146 	-0.00297599 	-0.122176 	0.0170254 	
0.46	3.14395 	-0.36834 	-1.97803 	-0.00278934 	-0.122406 	0.0171297 	
0.465	3.14565 	-0.367889 	-1.98134 	-0.00274625 	-0.122601 	0.0171728 	
0.47	3.14728 	-0.367781 	-1.98439 	-0.00271687 	-0.122791 	0.0172127 	
0.475	3.14887 	-0.367907 	-1.98723 	-0.00269658 	-0.122978 	0.0172516 	
0.48	3.15197 	-0.366219 	-1.98241 	-0.00274175 	-0.123083 	0.017103 	
0.485	3.15311 	-0.366076 	-1.98208 	-0.00276152 	-0.123199 	0.0170646 	
0.49	3.15421 	-0.366165 	-1.98234 	-0.00277891 	-0.123321 	0.0170434 	
0.495	3.15532 	-0.364171 	-1.98906 	-0.00262949 	-0.123556 	0.017149 	
0.5	3.1571 	-0.363981 	-1.99241 	-0.00259587 	-0.123759 	0.0171917 	
0.505	3.15879 	-0.364066 	-1.99547 	-0.00257364 	-0.123956 	0.0172316 	
0.51	3.16045 	-0.364336 	-1.99829 	-0.00255873 	-0.124149 	0.0172708 	
0.515	3.16364 	-0.361335 	-1.99384 	-0.00255652 	-0.12427 	0.0171134 	
0.52	3.1649 	-0.36091 	-1.9936 	-0.00256921 	-0.124401 	0.0170687 	
0.525	3.1661 	-0.360831 	-1.99391 	-0.00258421 	-0.124536 	0.0170409 	
0.53	3.16732 	-0.360988 	-1.99469 	-0.00259876 	-0.124676 	0.017028 	
0.535	3.16898 	-0.358954 	-2.00339 	-0.00242616 	-0.124965 	0.0171682 	
0.54	3.17114 	-0.358818 	-2.00759 	-0.00238597 	-0.125202 	0.017225 	
0.545	3.1731 	-0.35897 	-2.01121 	-0.00236051 	-0.125425 	0.0172737 	
0.55	3.17605 	-0.356989 	-2.00656 	-0.00239712 	-0.125547 	0.017116 	
0.555	3.17728 	-0.356823 	-2.00643 	-0.00241694 	-0.125687 	0.0170748 	
0.56	3.17851 	-0.356936 	-2.00682 	-0.00243681 	-0.12583 	0.0170503 	
0.565	3.17979 	-0.357233 	-2.00764 	-0.00245469 	-0.125977 	0.0170404 	
0.57	3.18168 	-0.353827 	-2.01564 	-0.00225421 	-0.126277 	0.0171391 	
0.575	3.18386 	-0.353398 	-2.01953 	-0.00221347 	-0.12652 	0.0171776 	
0.58	3.18584 	-0.353372 	-2.0229 	-0.00219031 	-0.126749 	0.0172105 	
0.585	3.1877 	-0.353622 	-2.02587 	-0.00217889 	-0.126968 	0.0172408 	
0.59	3.19102 	-0.351608 	-2.02037 	-0.00223189 	-0.127088 	0.0170589 	
0.595	3.1923 	-0.351475 	-2.01969 	-0.00226282 	-0.127223 	0.0170029 	
0.6	3.19355 	-0.351627 	-2.01964 	-0.0022922 	-0.127362 	0.0169662 	
0.605	3.19501 	-0.349331 	-2.0284 	-0.00211625 	-0.12766 	0.0170846 	
0.61	3.19716 	-0.34919 	-2.03231 	-0.00208487 	-0.127903 	0.0171233 	
0.615	3.19912 	-0.349374 	-2.03566 	-0.00206857 	-0.128133 	0.0171568 	
0.62	3.20096 	-0.349778 	-2.0386 	-0.00206213 	-0.128353 	0.0171879 	
0.625	3.20426 	-0.346228 	-2.03382 	-0.00205776 	-0.128491 	0.0169939 	
0.63	3.20562 	-0.345758 	-2.03335 	-0.00207883 	-0.12864 	0.0169309 	
0.635	3.20694 	-0.345702 	-2.03344 	-0.00210395 	-0.128792 	0.0168869 	
0.64	3.20832 	-0.344628 	-2.04175 	-0.00197684 	-0.129083 	0.0170012 	
0.645	3.21044 	-0.344781 	-2.04551 	-0.0019578 	-0.129326 	0.0170373 	
0.65	3.21239 	-0.345183 	-2.04874 	-0.00195067 	-0.129556 	0.0170693 	
0.655	3.21424 	-0.345745 	-2.05157 	-0.00195099 	-0.129777 	0.0170999 	
0.66	3.21756 	-0.34073 	-2.04768 	-0.00189067 	-0.129936 	0.016895 	
0.665	3.21904 	-0.339943 	-2.04748 	-0.00190259 	-0.130101 	0.0168254 	
0.67	3.22047 	-0.339695 	-2.04773 	-0.00192386 	-0.130268 	0.0167746 	
0.675	3.2219 	-0.339822 	-2.04837 	-0.00194954 	-0.130437 	0.0167406 	
0.68	3.22385 	-0.339032 	-2.05883 	-0.00180829 	-0.13078 	0.0168923 	
0.685	3.22633 	-0.339363 	-2.06349 	-0.00178557 	-0.131053 	0.0169446 	
0.69	3.2285 	-0.339914 	-2.06731 	-0.00177696 	-0.131307 	0.0169874 	
0.695	3.23163 	-0.33606 	-2.06274 	-0.00176426 	-0.13146 	0.0167819 	
0.7	3.23303 	-0.335597 	-2.0625 	-0.00178623 	-0.131628 	0.0167162 	
0.705	3.23442 	-0.335582 	-2.06271 	-0.00181423 	-0.131798 	0.0166692 	
0.71	3.23583 	-0.335875 	-2.0633 	-0.00184431 	-0.131969 	0.0166386 	
0.715	3.23796 	-0.333283 	-2.07341 	-0.00166154 	-0.132327 	0.0167396 	
0.72	3.24044 	-0.333206 	-2.07787 	-0.00163535 	-0.132607 	0.0167703 	
0.725	3.24259 	-0.333497 	-2.08149 	-0.0016272 	-0.132866 	0.0167946 	
0.73	3.24537 	-0.331146 	-2.0774 	-0.00165396 	-0.13302 	0.0166184 	
0.735	3.24675 	-0.331033 	-2.07729 	-0.0016846 	-0.133192 	0.0165603 	
0.74	3.24816 	-0.331273 	-2.0776 	-0.00171825 	-0.133365 	0.0165199 	
0.745	3.24985 	-0.32877 	-2.08488 	-0.00157884 	-0.13367 	0.0165568 	
0.75	3.25198 	-0.328703 	-2.08818 	-0.00156908 	-0.133923 	0.0165608 	
0.755	3.25392 	-0.329004 	-2.09099 	-0.00157351 	-0.134162 	0.016566 	
0.76	3.25576 	-0.329555 	-2.09343 	-0.00158678 	-0.13439 	0.0165738 	
0.765	3.25754 	-0.330264 	-2.09562 	-0.00160495 	-0.134611 	0.016585 	
0.77	3.26077 	-0.323607 	-2.09369 	-0.00147937 	-0.134811 	0.0163565 	
0.775	3.26247 	-0.322499 	-2.09393 	-0.00148559 	-0.135004 	0.0162705 	
0.78	3.26408 	-0.322086 	-2.09444 	-0.00150779 	-0.135197 	0.0162048 	
0.785	3.26566 	-0.322167 	-2.09519 	-0.00153915 	-0.135388 	0.0161566 	
0.79	3.26751 	-0.322711 	-2.10528 	-0.00145612 	-0.135732 	0.0162934 	
0.795	3.26995 	-0.323478 	-2.10974 	-0.00145554 	-0.136011 	0.0163349 	
0.8	3.27207 	-0.324378 	-2.11332 	-0.00146543 	-0.136268 	0.0163692 	
0.805	3.27524 	-0.318796 	-2.10998 	-0.00139298 	-0.136455 	0.016132 	
0.81	3.2768 	-0.31804 	-2.11001 	-0.00141137 	-0.136646 	0.0160502 	
0.815	3.2783 	-0.317877 	-2.11035 	-0.00144165 	-0.136836 	0.0159884 	
0.82	3.27981 	-0.318131 	-2.11096 	-0.00147817 	-0.137025 	0.015944 	
0.825	3.28182 	-0.316538 	-2.12107 	-0.00134202 	-0.137389 	0.0160237 	
0.83	3.28425 	-0.316802 	-2.12542 	-0.00133515 	-0.137676 	0.0160416 	
0.835	3.28633 	-0.317372 	-2.12887 	-0.00134366 	-0.13794 	0.0160557 	
0.84	3.28915 	-0.313626 	-2.12562 	-0.00132375 	-0.13812 	0.0158529 	
0.845	3.29062 	-0.313287 	-2.12565 	-0.0013535 	-0.13831 	0.0157798 	
0.85	3.29209 	-0.313424 	-2.12599 	-0.0013911 	-0.138499 	0.0157256 	
0.855	3.29358 	-0.313889 	-2.1266 	-0.00143207 	-0.138687 	0.0156879 	
0.86	3.29581 	-0.310258 	-2.13681 	-0.00124511 	-0.139068 	0.0157097 	
0.865	3.29826 	-0.310054 	-2.14111 	-0.00123186 	-0.139361 	0.0157052 	
0.87	3.30033 	-0.310319 	-2.14448 	-0.00123871 	-0.13963 	0.0157005 	
0.875	3.30218 	-0.310906 	-2.1472 	-0.00125861 	-0.13988 	0.0156975 	
0.88	3.30523 	-0.307038 	-2.14288 	-0.00125199 	-0.140045 	0.0154673 	
0.885	3.30665 	-0.306679 	-2.14229 	-0.00129088 	-0.140222 	0.0153792 	
0.89	3.30805 	-0.306815 	-2.14213 	-0.00133643 	-0.140399 	0.0153132 	
0.895	3.30964 	-0.304873 	-2.15212 	-0.00120063 	-0.140756 	0.0153605 	
0.9	3.31187 	-0.305052 	-2.15612 	-0.00120151 	-0.141036 	0.015358 	
0.905	3.3138 	-0.305592 	-2.15927 	-0.00121813 	-0.141294 	0.015356 	
0.91	3.31555 	-0.306374 	-2.16182 	-0.00124454 	-0.141536 	0.0153561 	
0.915	3.31859 	-0.300579 	-2.15898 	-0.00116853 	-0.141725 	0.0150949 	
0.92	3.32009 	-0.299785 	-2.15883 	-0.00119485 	-0.141917 	0.0149947 	
0.925	3.32154 	-0.299638 	-2.15896 	-0.00123428 	-0.142106 	0.0149177 	
0.93	3.32288 	-0.299303 	-2.16759 	-0.00116375 	-0.142435 	0.014972 	
0.935	3.32493 	-0.299845 	-2.17116 	-0.00118014 	-0.142703 	0.0149698 	
0.94	3.32674 	-0.300648 	-2.174 	-0.00120763 	-0.142951 	0.0149692 	
0.945	3.32842 	-0.301615 	-2.17633 	-0.00124142 	-0.143186 	0.0149714 	
0.95	3.3315 	-0.294044 	-2.17504 	-0.00110128 	-0.143401 	0.0146796 	
0.955	3.33313 	-0.29285 	-2.17534 	-0.00111638 	-0.143607 	0.0145677 	
0.96	3.33464 	-0.292444 	-2.17575 	-0.00115041 	-0.143809 	0.0144803 	
0.965	3.3361 	-0.2926 	-2.17631 	-0.00119563 	-0.144008 	0.0144136 	
0.97	3.33765 	-0.292936 	-2.18649 	-0.00113098 	-0.144365 	0.0144998 	
0.975	3.33982 	-0.293784 	-2.1907 	-0.00114996 	-0.144647 	0.0145129 	
0.98	3.34167 	-0.294811 	-2.19396 	-0.00117944 	-0.144906 	0.0145238 	
0.985	3.34461 	-0.288732 	-2.19133 	-0.00109694 	-0.145102 	0.0142475 	
0.99	3.34606 	-0.28796 	-2.19136 	-0.00112494 	-0.1453 	0.0141451 	
0.995	3.34745 	-0.287851 	-2.19158 	-0.00116701 	-0.145495 	0.0140661 	
1	3.34883 	-0.288208 	-2.19198 	-0.00121678 	-0.145688 	0.0140068 	
1.005	3.35051 	-0.286132 	-2.20248 	-0.00109188 	-0.146062 	0.0140215 	
1.01	3.35266 	-0.286393 	-2.20668 	-0.00110183 	-0.14635 	0.0140082 	
1.015	3.35446 	-0.287023 	-2.20987 	-0.00112768 	-0.146612 	0.0139973 	
1.02	3.35604 	-0.2879 	-2.21235 	-0.00116332 	-0.146855 	0.0139899 	
1.025	3.35927 	-0.281339 	-2.20862 	-0.00108276 	-0.147031 	0.0136769 	
1.03	3.36067 	-0.280392 	-2.20799 	-0.00111547 	-0.147213 	0.0135557 	
1.035	3.36198 	-0.28017 	-2.20768 	-0.00116277 	-0.147394 	0.0134614 	
1.04	3.36295 	-0.280174 	-2.21757 	-0.00110232 	-0.147737 	0.0135156 	
1.045	3.36483 	-0.280845 	-2.22135 	-0.00112755 	-0.148008 	0.0135069 	
1.05	3.36644 	-0.281769 	-2.22424 	-0.00116376 	-0.148256 	0.0135007 	
1.055	3.36897 	-0.276478 	-2.22253 	-0.00109536 	-0.148456 	0.013246 	
1.06	3.37031 	-0.275923 	-2.22278 	-0.00112883 	-0.148655 	0.0131481 	
1.065	3.37159 	-0.275982 	-2.22313 	-0.0011752 	-0.148849 	0.0130729 	
1.07	3.37288 	-0.27647 	-2.2236 	-0.00122848 	-0.149039 	0.0130168 	
1.075	3.37439 	-0.273241 	-2.23287 	-0.00109771 	-0.14939 	0.0129609 	
1.08	3.3763 	-0.273232 	-2.23655 	-0.00111201 	-0.149664 	0.0129221 	
1.085	3.37789 	-0.273687 	-2.23933 	-0.00114308 	-0.149914 	0.0128917 	
1.09	3.37931 	-0.274461 	-2.24149 	-0.00118448 	-0.150147 	0.0128692 	
1.095	3.38201 	-0.269031 	-2.23894 	-0.00112322 	-0.150329 	0.0125932 	
1.1	3.38331 	-0.268392 	-2.23868 	-0.00116124 	-0.150513 	0.0124833 	
1.105	3.38456 	-0.268398 	-2.23863 	-0.00121182 	-0.150694 	0.0123988 	
1.11	3.3858 	-0.268855 	-2.2388 	-0.00126893 	-0.150874 	0.0123354 	
1.115	3.38726 	-0.266006 	-2.25081 	-0.00112528 	-0.151264 	0.0123161 	
1.12	3.38927 	-0.266124 	-2.25536 	-0.00113671 	-0.151554 	0.0122883 	
1.125	3.39085 	-0.266677 	-2.2587 	-0.00116611 	-0.151814 	0.0122657 	
1.13	3.39347 	-0.263162 	-2.25447 	-0.00117369 	-0.151969 	0.0120208 	
1.135	3.39455 	-0.262972 	-2.25387 	-0.00122449 	-0.152141 	0.0119233 	
1.14	3.39564 	-0.26329 	-2.25358 	-0.00128278 	-0.152311 	0.0118493 	
1.145	3.39651 	-0.260417 	-2.26206 	-0.00117488 	-0.152629 	0.0117805 	
1.15	3.39808 	-0.260459 	-2.2652 	-0.00119803 	-0.15288 	0.0117319 	
1.155	3.39941 	-0.260957 	-2.26757 	-0.00123593 	-0.153112 	0.0116948 	
1.16	3.40062 	-0.261768 	-2.26942 	-0.00128263 	-0.153328 	0.0116678 	
1.165	3.40297 	-0.255928 	-2.26831 	-0.00119964 	-0.153519 	0.0113851 	
1.17	3.4042 	-0.255206 	-2.26845 	-0.0012341 	-0.153705 	0.0112727 	
1.175	3.40535 	-0.255163 	-2.26867 	-0.00128295 	-0.153887 	0.0111863 	
1.18	3.40649 	-0.255598 	-2.269 	-0.00133974 	-0.154065 	0.0111213 	
1.185	3.40749 	-0.253053 	-2.27852 	-0.00123565 	-0.154401 	0.0110675 	
1.19	3.4091 	-0.253232 	-2.28218 	-0.00125891 	-0.154661 	0.0110278 	
1.195	3.41043 	-0.25383 	-2.2849 	-0.00129683 	-0.154896 	0.0109975 	
1.2	3.41159 	-0.254714 	-2.28696 	-0.00134352 	-0.155115 	0.0109759 	
1.205	3.41447 	-0.248181 	-2.28386 	-0.001265 	-0.155276 	0.010642 	
1.21	3.41564 	-0.247268 	-2.28327 	-0.00130257 	-0.155443 	0.010513 	
1.215	3.41672 	-0.247091 	-2.28293 	-0.00135472 	-0.155609 	0.0104135 	
1.22	3.41704 	-0.246766 	-2.29167 	-0.00131501 	-0.155911 	0.0104172 	
1.225	3.41839 	-0.247374 	-2.29488 	-0.00135181 	-0.156151 	0.0103883 	
1.23	3.41953 	-0.248275 	-2.29729 	-0.00139821 	-0.156372 	0.0103677 	
1.235	3.42174 	-0.242998 	-2.29589 	-0.00133512 	-0.156551 	0.0100914 	
1.24	3.4228 	-0.242456 	-2.29604 	-0.00137397 	-0.156728 	0.00998503 	
1.245	3.4238 	-0.242538 	-2.29626 	-0.00142536 	-0.156902 	0.00990399 	
1.25	3.4248 	-0.243058 	-2.29657 	-0.00148346 	-0.157071 	0.00984384 	
1.255	3.42559 	-0.239513 	-2.30474 	-0.00137474 	-0.157374 	0.00972943 	
1.26	3.42693 	-0.239421 	-2.30786 	-0.00139948 	-0.157612 	0.00966982 	
1.265	3.42804 	-0.239828 	-2.31017 	-0.0014393 	-0.15783 	0.00962483 	
1.27	3.42903 	-0.24058 	-2.31193 	-0.00148816 	-0.158033 	0.00959229 	
1.275	3.43139 	-0.235288 	-2.30965 	-0.00143348 	-0.158191 	0.00930211 	
1.28	3.43243 	-0.234685 	-2.30932 	-0.00147519 	-0.158352 	0.00918807 	
1.285	3.43339 	-0.234721 	-2.30918 	-0.00152879 	-0.158511 	0.0091013 	
1.29	3.43434 	-0.235206 	-2.30923 	-0.00158852 	-0.158667 	0.00903695 	
1.295	3.43486 	-0.232024 	-2.31958 	-0.00147241 	-0.158994 	0.00895405 	
1.3	3.4362 	-0.232033 	-2.32338 	-0.00149442 	-0.15924 	0.00890478 	
1.305	3.43723 	-0.23251 	-2.32615 	-0.00153194 	-0.159462 	0.00886784 	
1.31	3.4381 	-0.233311 	-2.3282 	-0.00157891 	-0.159665 	0.00884157 	
1.315	3.44119 	-0.22764 	-2.32339 	-0.00153907 	-0.159788 	0.0085075 	
1.32	3.44217 	-0.226915 	-2.32218 	-0.0015849 	-0.159924 	0.00838033 	
1.325	3.44305 	-0.226857 	-2.32136 	-0.00164184 	-0.160061 	0.0082832 	
1.33	3.44276 	-0.225816 	-2.33099 	-0.00158316 	-0.160352 	0.00826592 	
1.335	3.44379 	-0.22625 	-2.33431 	-0.0016169 	-0.160576 	0.00823054 	
1.34	3.44461 	-0.227022 	-2.33677 	-0.00166123 	-0.160779 	0.00820552 	
1.345	3.4468 	-0.222374 	-2.33399 	-0.00162741 	-0.160918 	0.00792699 	
1.35	3.4476 	-0.221938 	-2.33365 	-0.00167142 	-0.161066 	0.00782131 	
1.355	3.44835 	-0.222082 	-2.3335 	-0.00172545 	-0.161212 	0.00774185 	
1.36	3.4491 	-0.222631 	-2.33354 	-0.00178437 	-0.161356 	0.00768386 	
1.365	3.44934 	-0.218688 	-2.34197 	-0.00167095 	-0.161634 	0.0075474 	
1.37	3.45033 	-0.218467 	-2.34505 	-0.00169416 	-0.16185 	0.00748198 	
1.375	3.45111 	-0.218771 	-2.34731 	-0.00173243 	-0.162047 	0.00743351 	
1.38	3.45179 	-0.219442 	-2.34902 	-0.00177986 	-0.16223 	0.0073991 	
1.385	3.45429 	-0.214939 	-2.34525 	-0.00175773 	-0.162349 	0.00711396 	
1.39	3.45512 	-0.214492 	-2.34439 	-0.00180473 	-0.162479 	0.00700431 	
1.395	3.45588 	-0.214619 	-2.34386 	-0.00186041 	-0.162609 	0.00692207 	
1.4	3.45662 	-0.215144 	-2.34364 	-0.00191998 	-0.162738 	0.00686227 	
1.405	3.4565 	-0.211384 	-2.35456 	-0.00179212 	-0.163043 	0.00675656 	
1.41	3.45747 	-0.21121 	-2.35845 	-0.00181013 	-0.163267 	0.00670176 	
1.415	3.45815 	-0.211542 	-2.36125 	-0.00184411 	-0.163468 	0.00666161 	
1.42	3.46071 	-0.209103 	-2.35597 	-0.00188378 	-0.163564 	0.00643256 	
1.425	3.46136 	-0.209109 	-2.35487 	-0.00193979 	-0.163681 	0.00634252 	
1.43	3.46198 	-0.209542 	-2.35419 	-0.00199972 	-0.163798 	0.00627657 	
1.435	3.46159 	-0.206161 	-2.36146 	-0.00190797 	-0.164031 	0.00615047 	
1.44	3.46225 	-0.206026 	-2.36395 	-0.00193494 	-0.164216 	0.00608761 	
1.445	3.46279 	-0.206373 	-2.36583 	-0.00197434 	-0.164387 	0.00604233 	
1.45	3.46328 	-0.207055 	-2.36729 	-0.00202102 	-0.164547 	0.00601146 	
1.455	3.46376 	-0.207961 	-2.36848 	-0.00207118 	-0.164699 	0.00599247 	
1.46	3.46645 	-0.200534 	-2.3657 	-0.00197222 	-0.164811 	0.0056056 	
1.465	3.46729 	-0.199313 	-2.36503 	-0.00200142 	-0.16493 	0.00546545 	
1.47	3.46797 	-0.19888 	-2.36457 	-0.00204601 	-0.165049 	0.00535906 	
1.475	3.46858 	-0.199011 	-2.36437 	-0.00209935 	-0.165168 	0.00528013 	
1.48	3.46772 	-0.199356 	-2.3737 	-0.00207716 	-0.165418 	0.00531583 	
1.485	3.46829 	-0.200178 	-2.37712 	-0.00211374 	-0.165609 	0.00530804 	
1.49	3.46872 	-0.201191 	-2.37967 	-0.00215656 	-0.165782 	0.00530652 	
1.495	3.47159 	-0.19532 	-2.37503 	-0.00210816 	-0.165873 	0.0049591 	
1.5	3.47225 	-0.19454 	-2.37407 	-0.00214543 	-0.16598 	0.00484014 	
1.505	3.47281 	-0.194401 	-2.37344 	-0.00219331 	-0.166088 	0.00475115 	
1.51	3.47331 	-0.194716 	-2.37313 	-0.00224659 	-0.166197 	0.00468658 	
1.515	3.47243 	-0.192935 	-2.38175 	-0.00218263 	-0.16643 	0.00463516 	
1.52	3.47287 	-0.193184 	-2.38486 	-0.00221003 	-0.166609 	0.00460094 	
1.525	3.47319 	-0.193782 	-2.38718 	-0.00224707 	-0.166771 	0.00457894 	
1.53	3.47572 	-0.19009 	-2.38255 	-0.00224675 	-0.166854 	0.0043144 	
1.535	3.47628 	-0.189781 	-2.38162 	-0.00229065 	-0.166953 	0.00421991 	
1.54	3.47676 	-0.18996 	-2.38107 	-0.00234067 	-0.167052 	0.00415107 	
1.545	3.4772 	-0.190478 	-2.38085 	-0.002393 	-0.167153 	0.00410315 	
1.55	3.47643 	-0.186837 	-2.38868 	-0.00229342 	-0.167366 	0.00397305 	
1.555	3.4768 	-0.186595 	-2.39152 	-0.00231233 	-0.167532 	0.00391662 	
1.56	3.47704 	-0.186832 	-2.39366 	-0.00234379 	-0.167684 	0.0038775 	
1.565	3.47724 	-0.187406 	-2.39532 	-0.00238286 	-0.167826 	0.00385243 	
1.57	3.48046 	-0.18397 	-2.38951 	-0.00239677 	-0.167891 	0.00358541 	
1.575	3.48115 	-0.183693 	-2.38803 	-0.00244303 	-0.167971 	0.00349044 	
1.58	3.48168 	-0.183873 	-2.38708 	-0.00249354 	-0.168053 	0.00342153 	
1.585	3.48213 	-0.184371 	-2.3866 	-0.00254499 	-0.168136 	0.00337393 	
1.59	3.48076 	-0.180881 	-2.39721 	-0.00242675 	-0.168373 	0.00328169 	
1.595	3.48101 	-0.180667 	-2.40094 	-0.00243808 	-0.168546 	0.00323885 	
1.6	3.48109 	-0.180912 	-2.4037 	-0.00246307 	-0.1687 	0.00321042 	
1.605	3.48437 	-0.179336 	-2.39672 	-0.00252704 	-0.168747 	0.00300228 	
1.61	3.48488 	-0.179457 	-2.39514 	-0.00257872 	-0.168816 	0.00292838 	
1.615	3.48527 	-0.179901 	-2.39415 	-0.00263068 	-0.168887 	0.00287689 	
1.62	3.48559 	-0.180562 	-2.39365 	-0.00268088 	-0.16896 	0.00284373 	
1.625	3.48422 	-0.175627 	-2.40289 	-0.00253949 	-0.169166 	0.00268362 	
1.63	3.48431 	-0.175017 	-2.40611 	-0.00254476 	-0.169319 	0.00262208 	
1.635	3.48427 	-0.174968 	-2.40852 	-0.00256542 	-0.169458 	0.00257946 	
1.64	3.48717 	-0.174992 	-2.40211 	-0.00265836 	-0.169502 	0.00244155 	
1.645	3.48758 	-0.175458 	-2.40073 	-0.00271249 	-0.169565 	0.00238924 	
1.65	3.48789 	-0.176128 	-2.39993 	-0.00276383 	-0.16963 	0.00235564 	
1.655	3.48814 	-0.176928 	-2.3996 	-0.00281137 	-0.169698 	0.00233728 	
1.66	3.48694 	-0.170834 	-2.40744 	-0.00265312 	-0.169874 	0.00212006 	
1.665	3.48696 	-0.169902 	-2.41023 	-0.00265299 	-0.17001 	0.002044 	
1.67	3.48686 	-0.169608 	-2.41235 	-0.00266956 	-0.170135 	0.00199045 	
1.675	3.48673 	-0.169775 	-2.41402 	-0.00269701 	-0.170253 	0.00195487 	
1.68	3.49062 	-0.170743 	-2.40645 	-0.00282086 	-0.170288 	0.0018394 	
1.685	3.49129 	-0.1715 	-2.40454 	-0.00288159 	-0.170334 	0.00179923 	
1.69	3.49172 	-0.17234 	-2.40335 	-0.00293488 	-0.170381 	0.001776 	
1.695	3.48973 	-0.167479 	-2.41134 	-0.00279455 	-0.170537 	0.00162398 	
1.7	3.48955 	-0.166876 	-2.41398 	-0.0027965 	-0.170655 	0.00157028 	
1.705	3.48931 	-0.166793 	-2.41606 	-0.00281201 	-0.170766 	0.00153483 	
1.71	3.48907 	-0.167081 	-2.41774 	-0.00283625 	-0.170871 	0.001514 	
1.715	3.493 	-0.166571 	-2.41053 	-0.00292162 	-0.170903 	0.00134802 	
1.72	3.49363 	-0.166918 	-2.40877 	-0.00297096 	-0.170944 	0.00129503 	
1.725	3.49399 	-0.167453 	-2.40768 	-0.00301629 	-0.170986 	0.00126148 	
1.73	3.49187 	-0.164276 	-2.41475 	-0.00291615 	-0.171117 	0.0011736 	
1.735	3.49156 	-0.164027 	-2.41716 	-0.00292259 	-0.17122 	0.00114002 	
1.74	3.49123 	-0.164175 	-2.41913 	-0.00293906 	-0.171318 	0.00112092 	
1.745	3.49093 	-0.164604 	-2.42079 	-0.00296176 	-0.171412 	0.00111347 	
1.75	3.49496 	-0.162887 	-2.4139 	-0.00301601 	-0.171441 	0.000905339 	
1.755	3.49559 	-0.162908 	-2.41226 	-0.00305621 	-0.171477 	0.000842139 	
1.76	3.49592 	-0.163198 	-2.41126 	-0.00309495 	-0.171514 	0.000800451 	
1.765	3.49608 	-0.163673 	-2.41081 	-0.00313104 	-0.171553 	0.00077636 	
1.77	3.49374 	-0.160673 	-2.4193 	-0.00302231 	-0.171697 	0.000715941 	
1.775	3.49329 	-0.160438 	-2.42243 	-0.00302127 	-0.171804 	0.000695509 	
1.78	3.49281 	-0.160582 	-2.4249 	-0.00303127 	-0.171904 	0.000686744 	
1.785	3.49679 	-0.160315 	-2.41754 	-0.00311934 	-0.171922 	0.000532092 	
1.79	3.49726 	-0.160634 	-2.41599 	-0.00316132 	-0.171952 	0.000488273 	
1.795	3.49746 	-0.161116 	-2.4151 	-0.00319908 	-0.171983 	0.000462628 	
1.8	3.4975 	-0.161706 	-2.41475 	-0.0032324 	-0.172016 	0.000451789 	
1.805	3.49744 	-0.162364 	-2.41485 	-0.00326133 	-0.172052 	0.000452919 	
1.81	3.49551 	-0.156974 	-2.42223 	-0.00310924 	-0.172177 	0.000283589 	
1.815	3.495 	-0.156074 	-2.42509 	-0.0030958 	-0.172273 	0.000233662 	
1.82	3.49444 	-0.15573 	-2.42738 	-0.00309752 	-0.172363 	0.000201969 	
1.825	3.49851 	-0.158356 	-2.4199 	-0.00324903 	-0.172376 	0.000161388 	
1.83	3.49898 	-0.159315 	-2.41837 	-0.00329961 	-0.172398 	0.000151963 	
1.835	3.49916 	-0.16022 	-2.41754 	-0.00333967 	-0.172419 	0.000154818 	
1.84	3.49916 	-0.161074 	-2.41727 	-0.00337101 	-0.172443 	0.00016758 	
1.845	3.49723 	-0.155122 	-2.4233 	-0.00321101 	-0.172536 	-2.97625e-05 	
1.85	3.49663 	-0.154077 	-2.42561 	-0.00319429 	-0.172612 	-8.45805e-05 	
1.855	3.49602 	-0.153604 	-2.42753 	-0.00319244 	-0.172685 	-0.000119628 	
1.86	3.49945 	-0.156913 	-2.42121 	-0.00334515 	-0.172695 	-0.000112634 	
1.865	3.49978 	-0.158002 	-2.42007 	-0.00339157 	-0.172713 	-0.000105716 	
1.87	3.49984 	-0.158979 	-2.41956 	-0.00342668 	-0.172732 	-8.93238e-05 	
1.875	3.49974 	-0.159862 	-2.41957 	-0.0034527 	-0.172753 	-6.53907e-05 	
1.88	3.49839 	-0.153836 	-2.42356 	-0.00330347 	-0.172818 	-0.000283836 	
1.885	3.49782 	-0.152731 	-2.42528 	-0.00328597 	-0.172874 	-0.000341101 	
1.89	3.49723 	-0.15219 	-2.42683 	-0.00328218 	-0.172932 	-0.000377628 	
1.895	3.50004 	-0.155981 	-2.42178 	-0.00343089 	-0.172941 	-0.000329412 	
1.9	3.50025 	-0.157161 	-2.42105 	-0.00347253 	-0.172957 	-0.000307953 	
1.905	3.50021 	-0.158183 	-2.42089 	-0.00350241 	-0.172973 	-0.000279563 	
1.91	3.50003 	-0.159079 	-2.42118 	-0.00352308 	-0.172993 	-0.000245763 	
1.915	3.49974 	-0.159874 	-2.42182 	-0.00353656 	-0.173015 	-0.000207799 	
1.92	3.49961 	-0.152207 	-2.42357 	-0.00337 	-0.173055 	-0.00052219 	
1.925	3.4992 	-0.15056 	-2.4247 	-0.00334472 	-0.173095 	-0.000607893 	
1.93	3.49867 	-0.149611 	-2.42582 	-0.00333576 	-0.173138 	-0.00066673 	
1.935	3.50079 	-0.155971 	-2.42212 	-0.00352624 	-0.173142 	-0.000494666 	
1.94	3.50086 	-0.157732 	-2.42184 	-0.00357182 	-0.173153 	-0.000435968 	
1.945	3.50071 	-0.15914 	-2.42204 	-0.00360103 	-0.173166 	-0.000376969 	
1.95	3.50042 	-0.160278 	-2.42264 	-0.00361796 	-0.173181 	-0.000318087 	
1.955	3.50083 	-0.152474 	-2.42305 	-0.00345438 	-0.173205 	-0.000645425 	
1.96	3.50048 	-0.150843 	-2.42373 	-0.00342813 	-0.173231 	-0.00072725 	
1.965	3.49996 	-0.149875 	-2.42454 	-0.00341668 	-0.173261 	-0.000782724 	
1.97	3.50146 	-0.156226 	-2.42194 	-0.00359266 	-0.173262 	-0.000588319 	
1.975	3.50135 	-0.157949 	-2.42198 	-0.00363097 	-0.173269 	-0.000520424 	
1.98	3.50106 	-0.15931 	-2.42246 	-0.00365356 	-0.173278 	-0.000453905 	
1.985	3.50063 	-0.160396 	-2.42327 	-0.00366452 	-0.17329 	-0.000388886 	
1.99	3.50192 	-0.153271 	-2.42203 	-0.00352712 	-0.173301 	-0.000705267 	
1.995	3.50169 	-0.151769 	-2.42225 	-0.00350298 	-0.173314 	-0.000780011 	
2	3.50122 	-0.150862 	-2.42273 	-0.00349103 	-0.17333 	-0.000829593 	
2.005	3.50061 	-0.1504 	-2.42346 	-0.00348725 	-0.173349 	-0.000858937 	
2.01	3.50249 	-0.158417 	-2.42093 	-0.00369862 	-0.173338 	-0.000598996 	
2.015	3.50247 	-0.16072 	-2.42107 	-0.00374269 	-0.173332 	-0.000497321 	
2.02	3.5022 	-0.162448 	-2.42163 	-0.00376505 	-0.173331 	-0.000402702 	
2.025	3.50211 	-0.154845 	-2.42237 	-0.0035985 	-0.173345 	-0.000705704 	
2.03	3.50159 	-0.153362 	-2.42321 	-0.00356618 	-0.173362 	-0.000764306 	
2.035	3.50098 	-0.15244 	-2.42422 	-0.00354612 	-0.173383 	-0.000800627 	
2.04	3.50032 	-0.15194 	-2.42539 	-0.00353464 	-0.173408 	-0.000819221 	
2.045	3.502 	-0.158682 	-2.42301 	-0.00372462 	-0.173404 	-0.000615444 	
2.05	3.50197 	-0.160567 	-2.42334 	-0.00376016 	-0.173407 	-0.000529405 	
2.055	3.50177 	-0.161979 	-2.42408 	-0.00377646 	-0.173414 	-0.000447408 	
2.06	3.50107 	-0.155345 	-2.42627 	-0.00361975 	-0.173445 	-0.000692358 	
2.065	3.50054 	-0.154029 	-2.42773 	-0.00358572 	-0.173477 	-0.000734754 	
2.07	3.49999 	-0.153213 	-2.42924 	-0.00356299 	-0.173513 	-0.000757944 	
2.075	3.49945 	-0.152777 	-2.43079 	-0.00354837 	-0.173552 	-0.000765983 	
2.08	3.49894 	-0.152626 	-2.4324 	-0.00353946 	-0.173595 	-0.000762085 	
2.085	3.50122 	-0.15913 	-2.42942 	-0.0037539 	-0.173603 	-0.000608386 	
2.09	3.50149 	-0.160989 	-2.42966 	-0.00379464 	-0.173617 	-0.000529995 	
2.095	3.50157 	-0.162346 	-2.43035 	-0.00381289 	-0.173634 	-0.000453317 	
2.1	3.50006 	-0.155119 	-2.43525 	-0.003609 	-0.173699 	-0.00066963 	
2.105	3.49956 	-0.153627 	-2.43763 	-0.00356245 	-0.173756 	-0.000705099 	
2.11	3.4991 	-0.152691 	-2.4398 	-0.00353087 	-0.173816 	-0.00072313 	
2.115	3.49868 	-0.152176 	-2.44183 	-0.00351029 	-0.173876 	-0.000727483 	
2.12	3.50064 	-0.158353 	-2.43919 	-0.0037275 	-0.173896 	-0.00059789 	
2.125	3.50092 	-0.159983 	-2.43964 	-0.00376537 	-0.173925 	-0.000530266 	
2.13	3.50109 	-0.161173 	-2.44048 	-0.00378196 	-0.173956 	-0.000462214 	
2.135	3.49961 	-0.154823 	-2.44599 	-0.00359065 	-0.174042 	-0.000632506 	
2.14	3.49927 	-0.153531 	-2.44865 	-0.0035456 	-0.174116 	-0.000654791 	
2.145	3.49898 	-0.152734 	-2.45102 	-0.00351431 	-0.174189 	-0.000662332 	
2.15	3.49873 	-0.152314 	-2.45319 	-0.00349321 	-0.174262 	-0.000658362 	
2.155	3.49855 	-0.152176 	-2.45522 	-0.00347955 	-0.174336 	-0.000645383 	
2.16	3.50038 	-0.158121 	-2.45303 	-0.00372644 	-0.174373 	-0.000570449 	
2.165	3.5008 	-0.159726 	-2.45358 	-0.00377192 	-0.174416 	-0.000513155 	
2.17	3.50114 	-0.160856 	-2.4545 	-0.00379202 	-0.174461 	-0.000452273 	
2.175	3.49955 	-0.153986 	-2.46153 	-0.00354692 	-0.17458 	-0.000580793 	
2.18	3.49936 	-0.152564 	-2.46472 	-0.00348903 	-0.174675 	-0.000593304 	
2.185	3.4992 	-0.151692 	-2.46745 	-0.00344935 	-0.174767 	-0.000594074 	
2.19	3.49909 	-0.151235 	-2.46985 	-0.00342321 	-0.174856 	-0.000585595 	
2.195	3.50049 	-0.156895 	-2.46843 	-0.00367506 	-0.174906 	-0.000535737 	
2.2	3.50086 	-0.158301 	-2.46928 	-0.00371814 	-0.174963 	-0.000488287 	
2.205	3.50121 	-0.159287 	-2.4704 	-0.00373687 	-0.175021 	-0.000435153 	
2.21	3.49987 	-0.153255 	-2.47725 	-0.00350764 	-0.175151 	-0.000526827 	
2.215	3.49982 	-0.152029 	-2.48044 	-0.00345253 	-0.175256 	-0.000528952 	
2.22	3.4998 	-0.151294 	-2.48315 	-0.00341423 	-0.175356 	-0.000521465 	
2.225	3.49983 	-0.150931 	-2.48553 	-0.00338847 	-0.175452 	-0.000506413 	
2.23	3.49992 	-0.150847 	-2.48768 	-0.00337189 	-0.175546 	-0.000485372 	
2.235	3.50072 	-0.156254 	-2.48788 	-0.00365858 	-0.175621 	-0.000497998 	
2.24	3.50109 	-0.157611 	-2.48914 	-0.00371071 	-0.175695 	-0.000464386 	
2.245	3.50148 	-0.158509 	-2.49051 	-0.0037334 	-0.175767 	-0.000420581 	
2.25	3.50044 	-0.152014 	-2.49729 	-0.00344216 	-0.175915 	-0.000456539 	
2.255	3.50052 	-0.150685 	-2.50053 	-0.00337277 	-0.176031 	-0.000445524 	
2.26	3.50063 	-0.149906 	-2.50326 	-0.00332555 	-0.17614 	-0.000429048 	
2.265	3.50079 	-0.149539 	-2.50563 	-0.00329478 	-0.176244 	-0.000408041 	
2.27	3.50119 	-0.154696 	-2.50695 	-0.00358828 	-0.176334 	-0.000446848 	
2.275	3.50151 	-0.15588 	-2.50858 	-0.00363814 	-0.17642 	-0.000422061 	
2.28	3.50187 	-0.156654 	-2.51018 	-0.00365951 	-0.176503 	-0.000385073 	
2.285	3.50111 	-0.150961 	-2.51619 	-0.00338812 	-0.17665 	-0.000393916 	
2.29	3.50127 	-0.14982 	-2.51921 	-0.00332268 	-0.176768 	-0.000375246 	
2.295	3.50147 	-0.149171 	-2.52176 	-0.00327767 	-0.176879 	-0.000352516 	
2.3	3.50171 	-0.148892 	-2.524 	-0.00324781 	-0.176984 	-0.000326377 	
2.305	3.50164 	-0.153159 	-2.52689 	-0.00351817 	-0.177093 	-0.000393852 	
2.31	3.50191 	-0.154111 	-2.52895 	-0.00356255 	-0.177192 	-0.000377436 	
2.315	3.50223 	-0.154717 	-2.53081 	-0.00358035 	-0.177286 	-0.000346963 	
2.32	3.5026 	-0.155083 	-2.53255 	-0.0035794 	-0.177377 	-0.000306648 	
2.325	3.50185 	-0.148439 	-2.53931 	-0.0032578 	-0.177549 	-0.000312298 	
2.33	3.50204 	-0.146974 	-2.54258 	-0.00317607 	-0.177681 	-0.000294446 	
2.335	3.50223 	-0.146144 	-2.54525 	-0.00312262 	-0.177803 	-0.000274117 	
2.34	3.50247 	-0.151202 	-2.54706 	-0.00341332 	-0.177903 	-0.000313866 	
2.345	3.50276 	-0.152245 	-2.54884 	-0.00345729 	-0.178 	-0.000291254 	
2.35	3.50311 	-0.152943 	-2.55048 	-0.00347602 	-0.178093 	-0.000256773 	
2.355	3.50352 	-0.153398 	-2.55205 	-0.00347688 	-0.178183 	-0.000214021 	
2.36	3.50243 	-0.147032 	-2.5599 	-0.00319368 	-0.178365 	-0.00025616 	
2.365	3.50255 	-0.145624 	-2.56341 	-0.00312136 	-0.178502 	-0.000247615 	
2.37	3.50268 	-0.144807 	-2.5662 	-0.00307334 	-0.178627 	-0.000233403 	
2.375	3.50283 	-0.144433 	-2.5685 	-0.00304324 	-0.178743 	-0.000214444 	
2.38	3.50325 	-0.150597 	-2.56975 	-0.00338846 	-0.178846 	-0.000247262 	
2.385	3.50359 	-0.152018 	-2.5712 	-0.00344951 	-0.178941 	-0.00021962 	
2.39	3.50397 	-0.152932 	-2.57259 	-0.00347671 	-0.17903 	-0.000179692 	
2.395	3.50299 	-0.146258 	-2.57931 	-0.00315609 	-0.179195 	-0.000193527 	
2.4	3.5031 	-0.144908 	-2.58239 	-0.00308049 	-0.179323 	-0.000176591 	
2.405	3.50324 	-0.144124 	-2.58488 	-0.00302922 	-0.179441 	-0.000155694 	
2.41	3.50342 	-0.143765 	-2.58697 	-0.00299595 	-0.179551 	-0.000131377 	
2.415	3.50333 	-0.148988 	-2.58956 	-0.00331532 	-0.179663 	-0.000192845 	
2.42	3.50356 	-0.150139 	-2.59136 	-0.0033688 	-0.179762 	-0.000173743 	
2.425	3.50383 	-0.150859 	-2.59295 	-0.00339094 	-0.179855 	-0.000140615 	
2.43	3.50319 	-0.145057 	-2.59808 	-0.00309493 	-0.180001 	-0.000129956 	
2.435	3.50331 	-0.14389 	-2.60067 	-0.00302328 	-0.180119 	-0.000106184 	
2.44	3.50347 	-0.143232 	-2.60282 	-0.00297406 	-0.180228 	-7.96022e-05 	
2.445	3.50368 	-0.142956 	-2.6047 	-0.00294146 	-0.180332 	-5.05337e-05 	
2.45	3.50321 	-0.147269 	-2.60833 	-0.00323464 	-0.180451 	-0.000138273 	
2.455	3.50334 	-0.148187 	-2.61039 	-0.00328203 	-0.180553 	-0.000127222 	
2.46	3.50351 	-0.148744 	-2.61214 	-0.00330036 	-0.180647 	-0.000100578 	
2.465	3.50374 	-0.149053 	-2.61369 	-0.00329826 	-0.180736 	-6.29865e-05 	
2.47	3.50319 	-0.142305 	-2.61858 	-0.00294869 	-0.180888 	-4.70964e-05 	
2.475	3.5033 	-0.140834 	-2.62107 	-0.00286019 	-0.181006 	-2.33726e-05 	
2.48	3.50342 	-0.140021 	-2.62315 	-0.00280264 	-0.181114 	1.34364e-06 	
2.485	3.50328 	-0.145142 	-2.62534 	-0.00311801 	-0.181212 	-5.96022e-05 	
2.49	3.50342 	-0.14617 	-2.62698 	-0.00316554 	-0.181303 	-4.24341e-05 	
2.495	3.50359 	-0.146839 	-2.62844 	-0.00318557 	-0.181387 	-1.20802e-05 	
2.5	3.50381 	-0.147256 	-2.6298 	-0.0031861 	-0.181469 	2.75627e-05 	
2.505	3.50298 	-0.14081 	-2.63496 	-0.00287878 	-0.181611 	3.85936e-06 	
2.51	3.50298 	-0.139415 	-2.63746 	-0.00280135 	-0.181723 	1.68093e-05 	
2.515	3.50299 	-0.138632 	-2.63952 	-0.0027506 	-0.181825 	3.41034e-05 	
2.52	3.50319 	-0.143473 	-2.6406 	-0.00302708 	-0.181908 	6.96523e-06 	
2.525	3.50332 	-0.144484 	-2.64188 	-0.00306806 	-0.181988 	3.09157e-05 	
2.53	3.5035 	-0.145169 	-2.64311 	-0.00308479 	-0.182064 	6.55154e-05 	
2.535	3.5037 	-0.145625 	-2.64433 	-0.0030843 	-0.182138 	0.000107628 	
2.54	3.50392 	-0.145925 	-2.64556 	-0.00307184 	-0.18221 	0.000154927 	
2.545	3.50266 	-0.138321 	-2.65187 	-0.00276295 	-0.182359 	5.03763e-05 	
2.55	3.5025 	-0.136555 	-2.65466 	-0.00268382 	-0.182471 	3.83709e-05 	
2.555	3.50233 	-0.135516 	-2.65689 	-0.00263344 	-0.182573 	3.61217e-05 	
2.56	3.5034 	-0.142113 	-2.65571 	-0.00294819 	-0.182631 	8.01374e-05 	
2.565	3.50363 	-0.143568 	-2.65634 	-0.00299863 	-0.182694 	0.000121479 	
2.57	3.50386 	-0.144578 	-2.65711 	-0.00302146 	-0.182755 	0.00016948 	
2.575	3.50407 	-0.145266 	-2.65803 	-0.00302454 	-0.182814 	0.000221978 	
2.58	3.50267 	-0.137399 	-2.6638 	-0.00272213 	-0.182942 	8.78368e-05 	
2.585	3.50241 	-0.135649 	-2.66631 	-0.00264853 	-0.18304 	6.86108e-05 	
2.59	3.50214 	-0.134601 	-2.66835 	-0.00260108 	-0.18313 	6.14195e-05 	
2.595	3.50342 	-0.140831 	-2.66666 	-0.00288008 	-0.183176 	0.000127497 	
2.6	3.50364 	-0.142221 	-2.6671 	-0.00292324 	-0.183228 	0.000172971 	
2.605	3.50381 	-0.143206 	-2.66775 	-0.00294197 	-0.183279 	0.000223484 	
2.61	3.50395 	-0.143898 	-2.66858 	-0.00294322 	-0.18333 	0.000277349 	
2.615	3.50275 	-0.138039 	-2.67059 	-0.00271682 	-0.183392 	0.000179815 	
2.62	3.50302 	-0.137573 	-2.67112 	-0.00267514 	-0.183447 	0.000205245 	
2.625	-1.78001 	2.66301 	9.57783 	-0.189994 	0.294366 	-0.0573442 	
2.63	-0.805226 	2.26023 	7.96488 	-0.171394 	0.22533 	-0.0368214 	
2.635	-0.82159 	2.29593 	8.3906 	-0.1832 	0.238966 	-0.0272527 	
2.64	-0.774089 	2.37589 	8.77783 	-0.193285 	0.249443 	-0.0211471 	
2.645	-1.08452 	2.07638 	9.43333 	-0.169387 	0.27633 	0.0113946 	
2.65	-1.19486 	2.05018 	9.90844 	-0.165594 	0.29261 	0.0141865 	
2.655	-1.26931 	1.86524 	10.2806 	-0.147829 	0.305754 	0.0146243 	
2.66	-0.838828 	1.59963 	11.3039 	-0.116513 	0.3257 	0.00669296 	
2.665	-0.915656 	1.53904 	11.1727 	-0.108936 	0.324301 	-0.00410482 	
2.67	-0.616889 	1.56934 	10.8918 	-0.118173 	0.31011 	0.00209463 	
2.675	-0.308953 	1.44729 	10.584 	-0.108519 	0.294206 	0.00195474 	
2.68	-0.432187 	1.14095 	10.7676 	-0.078098 	0.302537 	0.00426333 	
2.685	-0.517585 	1.00505 	10.9026 	-0.0630047 	0.30868 	-0.000700631 	
2.69	-0.584198 	0.880134 	11.0097 	-0.0495848 	0.313535 	-0.00363948 	
2.695	-0.644522 	0.779011 	11.1044 	-0.0386065 	0.317863 	-0.00614247 	
2.7	-0.702855 	0.703833 	11.1924 	-0.0301955 	0.321934 	-0.00826068 	
2.705	-0.759927 	0.651024 	11.2751 	-0.024065 	0.325809 	-0.00980109 	
2.71	-0.81289 	0.612913 	11.35 	-0.0196239 	0.329341 	-0.0103622 	
2.715	-0.860259 	0.584606 	11.4161 	-0.0165686 	0.332473 	-0.00954192 	
2.72	-0.904001 	0.564825 	11.4753 	-0.0146392 	0.33531 	-0.00786176 	
2.725	-0.942231 	0.548409 	11.526 	-0.0130854 	0.337742 	-0.00622801 	
2.73	-0.975573 	0.534717 	11.5691 	-0.0117961 	0.339818 	-0.00479965 	
2.735	-1.00508 	0.523874 	11.6061 	-0.0107885 	0.341607 	-0.00351049 	
2.74	-1.01884 	0.542658 	11.6235 	-0.0113324 	0.34235 	-0.00786866 	
2.745	-1.03655 	0.561578 	11.6444 	-0.012151 	0.343312 	-0.0108602 	
2.75	-1.05245 	0.58009 	11.6623 	-0.0130042 	0.344144 	-0.0135887 	
2.755	-1.06639 	0.596877 	11.6772 	-0.0137754 	0.34484 	-0.0160544 	
2.76	-1.07848 	0.611484 	11.6892 	-0.014419 	0.345409 	-0.0182806 	
2.765	-1.0882 	0.624511 	11.698 	-0.0149807 	0.345831 	-0.020336 	
2.77	-1.10903 	0.618688 	11.717 	-0.0140904 	0.346769 	-0.0203886 	
2.775	-1.12556 	0.61723 	11.7313 	-0.0135829 	0.347482 	-0.020774 	
2.78	-1.14099 	0.616706 	11.7441 	-0.0131947 	0.34813 	-0.0211123 	
2.785	-1.1555 	0.616967 	11.7556 	-0.012905 	0.348723 	-0.0214124 	
2.79	-1.16913 	0.617905 	11.7661 	-0.0127034 	0.349265 	-0.0216765 	
2.795	-1.18195 	0.619365 	11.7755 	-0.0125732 	0.349761 	-0.021908 	
2.8	-1.19399 	0.621227 	11.7839 	-0.0125028 	0.350213 	-0.0221082 	
2.805	-1.2053 	0.623365 	11.7914 	-0.0124789 	0.350623 	-0.0222793 	
2.81	-1.21592 	0.625652 	11.7982 	-0.0124867 	0.350996 	-0.0224244 	
2.815	-1.22585 	0.628057 	11.804 	-0.0125253 	0.351331 	-0.0225429 	
2.82	-1.2352 	0.630492 	11.8092 	-0.0125833 	0.351635 	-0.0226381 	
2.825	-1.24395 	0.632973 	11.8137 	-0.0126647 	0.351905 	-0.022709 	
2.83	-0.925769 	0.146557 	11.3946 	0.0382568 	0.330928 	-0.0239388 	
2.835	-0.674383 	-0.143633 	11.0892 	0.0657105 	0.315589 	-0.0221288 	
2.84	-0.888175 	0.570704 	11.8201 	-0.0134862 	0.34354 	-0.00926361 	
2.845	-0.780658 	0.864018 	11.5179 	-0.0456553 	0.332528 	-0.00506256 	
2.85	-0.72837 	0.748076 	11.4252 	-0.0310689 	0.328047 	-0.00724879 	
2.855	-0.628017 	0.200694 	11.186 	0.0314494 	0.317275 	-0.0161617 	
2.86	-0.544204 	-0.211099 	11.0222 	0.0721556 	0.310005 	-0.0186173 	
2.865	-0.461982 	-0.580895 	10.8766 	0.106111 	0.30336 	-0.0193878 	
2.87	-0.397758 	-0.889297 	10.7539 	0.135295 	0.297789 	-0.020529 	
2.875	-0.863779 	0.0965458 	12.2523 	0.0286792 	0.35353 	-0.00410254 	
2.88	-0.715653 	0.420364 	11.7273 	-0.00673441 	0.334851 	-0.00064617 	
2.885	-0.676862 	0.763634 	11.576 	-0.0424908 	0.329647 	0.00273512 	
2.89	-0.444338 	0.715927 	10.6703 	-0.0623803 	0.299953 	0.0163582 	
2.895	-0.43567 	0.142812 	10.7141 	0.0108688 	0.299108 	0.00238642 	
2.9	-0.391874 	-0.256778 	10.6233 	0.054441 	0.294818 	-0.00280515 	
2.905	-0.166502 	-0.309889 	10.3865 	0.0612331 	0.282023 	-0.00542934 	
2.91	0.140718 	-0.241805 	10.0481 	0.0508083 	0.264682 	-0.00445461 	
2.915	-1.41897 	0.262789 	11.6126 	0.018419 	0.338549 	-0.0094837 	
2.92	-1.27693 	0.411441 	11.4681 	-0.00349973 	0.328149 	0.00732556 	
2.925	-1.37318 	0.541704 	11.553 	-0.0183288 	0.329129 	0.0158166 	
2.93	-1.42553 	0.874986 	11.6557 	-0.051294 	0.339455 	0.0189922 	
2.935	-1.45126 	1.08503 	11.7085 	-0.0725242 	0.344663 	0.0227238 	
2.94	-1.47634 	0.895998 	11.682 	-0.0527195 	0.336649 	0.0184811 	
2.945	-1.49863 	0.811454 	11.6743 	-0.0436675 	0.332345 	0.016125 	
2.95	-1.51823 	0.741301 	11.6675 	-0.0361266 	0.328675 	0.0140459 	
2.955	-1.53562 	0.683396 	11.6617 	-0.0298894 	0.325556 	0.0122673 	
2.96	-1.53441 	1.02003 	11.7146 	-0.063993 	0.334907 	0.0172658 	
2.965	-1.60381 	1.17981 	11.8139 	-0.0794396 	0.343048 	0.0187279 	
2.97	-1.53584 	1.06682 	11.7687 	-0.0668562 	0.34196 	0.0125808 	
2.975	-1.49936 	1.01886 	11.7509 	-0.0610916 	0.342419 	0.00875784 	
2.98	-1.43241 	0.986548 	11.7008 	-0.057403 	0.341487 	0.00632995 	
2.985	-1.87398 	0.802821 	12.1512 	-0.0338386 	0.361258 	-0.00457541 	
2.99	-1.69991 	0.82329 	11.9871 	-0.0367756 	0.355055 	-0.00388624 	
2.995	-1.64037 	0.806357 	11.934 	-0.0349463 	0.353379 	-0.00500006 	
3	-1.58995 	0.790531 	11.8884 	-0.0332746 	0.351934 	-0.00580131 	
3.005	-1.86022 	0.506312 	12.1381 	-0.00138094 	0.359048 	-0.00685492 	
3.01	-1.74889 	0.575939 	12.0141 	-0.00991515 	0.353418 	-0.00536274 	
3.015	-1.73834 	0.593527 	11.9834 	-0.0132234 	0.351127 	0.000113085 	
3.02	-1.74049 	0.615327 	11.9649 	-0.0170748 	0.349423 	0.00651484 	
3.025	-1.74562 	0.636674 	11.9503 	-0.0206974 	0.347947 	0.0123241 	
3.03	-1.74445 	0.651876 	11.933 	-0.0232651 	0.34654 	0.0162842 	
3.035	-1.69809 	0.677338 	11.8962 	-0.0242798 	0.345899 	0.00966893 	
3.04	-1.58709 	0.852311 	11.7871 	-0.0424377 	0.342878 	0.00597069 	
3.045	-1.59312 	0.896716 	11.7867 	-0.0447562 	0.342436 	-0.000396275 	
3.05	-1.62871 	0.677549 	11.7715 	-0.0181291 	0.338568 	-0.014594 	
3.055	-1.65179 	0.753357 	11.7488 	-0.0264948 	0.333141 	-0.0125652 	
3.06	-1.63147 	0.745922 	11.7309 	-0.0256843 	0.332959 	-0.013296 	
3.065	-1.56467 	0.676521 	11.6686 	-0.0211662 	0.329564 	-0.00401329 	
3.07	-1.57022 	0.690058 	11.6718 	-0.0222874 	0.330094 	-0.00546764 	
3.075	-1.57168 	0.729176 	11.6766 	-0.0272334 	0.33081 	-0.00290117 	
3.08	-1.54421 	0.38513 	11.5878 	0.00827525 	0.323899 	-0.00928872 	
3.085	-1.56778 	0.329954 	11.5529 	0.0129749 	0.317253 	-0.00715089 	
3.09	-1.59995 	0.389914 	11.5639 	0.00706745 	0.31589 	-0.00731555 	
3.095	-1.63058 	0.497346 	11.5733 	-0.00297833 	0.314592 	-0.00946342 	
3.1	-1.66774 	0.575609 	11.5943 	-0.0119255 	0.314694 	-0.00441497 	
3.105	-1.67562 	0.488672 	11.5878 	0.000616506 	0.314809 	-0.0176873 	
3.11	-1.72706 	0.699216 	11.6131 	-0.0214618 	0.313673 	-0.0127567 	
3.115	-1.73159 	0.749967 	11.609 	-0.0259245 	0.312847 	-0.0150282 	
3.12	-1.77802 	0.904902 	11.6304 	-0.0417418 	0.312098 	-0.0123392 	
3.125	-1.75958 	0.858283 	11.6091 	-0.0363683 	0.310932 	-0.0155959 	
3.13	-1.75485 	0.850564 	11.5973 	-0.0351495 	0.31 	-0.0173902 	
3.135	-1.7512 	0.84369 	11.5865 	-0.0340825 	0.309159 	-0.0189019 	
3.14	-1.64701 	0.490421 	11.4379 	-0.00053561 	0.300595 	-0.017532 	
3.145	-1.60855 	0.494456 	11.4434 	-0.00168212 	0.304701 	-0.0138866 	
3.15	-1.64024 	0.527106 	11.4775 	-0.00528646 	0.306857 	-0.0124332 	
3.155	-1.651 	0.53387 	11.4969 	-0.00616163 	0.309 	-0.0116554 	
3.16	-1.65828 	0.540779 	11.5107 	-0.0072069 	0.310642 	-0.0103606 	
3.165	-1.637 	0.510227 	11.5159 	-0.00454207 	0.313717 	-0.0094072 	
3.17	-1.70194 	0.45806 	11.6182 	0.000587705 	0.314608 	-0.00767439 	
3.175	-1.66338 	0.502975 	11.5902 	-0.00387964 	0.317338 	-0.00805767 	
3.18	-1.69787 	0.597049 	11.5809 	-0.0124108 	0.314122 	-0.0107713 	
3.185	-1.65988 	0.555426 	11.5645 	-0.00914318 	0.316293 	-0.00790716 	
3.19	-1.69702 	0.655317 	11.5599 	-0.0180783 	0.313387 	-0.0113029 	
3.195	-1.70082 	0.619486 	11.549 	-0.0148612 	0.312546 	-0.0101875 	
3.2	-1.67269 	0.646567 	11.5471 	-0.0179843 	0.315716 	-0.00906058 	
3.205	-1.68252 	0.640783 	11.5554 	-0.0181366 	0.316672 	-0.00600679 	
3.21	-1.68844 	0.619681 	11.5503 	-0.0162169 	0.316361 	-0.00541002 	
3.215	-1.73401 	0.796966 	11.5987 	-0.03595 	0.320442 	0.00439605 	
3.22	-1.74024 	0.828073 	11.608 	-0.0391745 	0.322033 	0.0057215 	
3.225	-1.71863 	0.753057 	11.5912 	-0.0309408 	0.322183 	0.00172888 	
3.23	-1.70726 	0.712503 	11.5823 	-0.0264689 	0.322598 	-0.000378672 	
3.235	-1.6982 	0.678828 	11.5744 	-0.0227181 	0.322928 	-0.00216313 	
3.24	-1.6692 	0.564738 	11.5288 	-0.0110149 	0.320732 	-0.00509198 	
3.245	-1.67308 	0.574917 	11.5383 	-0.0123387 	0.32203 	-0.00374216 	
3.25	-1.67227 	0.566912 	11.5387 	-0.0118814 	0.322699 	-0.00250143 	
3.255	-1.67175 	0.559445 	11.538 	-0.0113829 	0.3232 	-0.001614 	
3.26	-1.66879 	0.550693 	11.5367 	-0.0107316 	0.323833 	-0.000861994 	
3.265	-1.66655 	0.540242 	11.5345 	-0.0100516 	0.324303 	0.000412637 	
3.27	-1.66495 	0.530913 	11.5322 	-0.0094815 	0.324696 	0.00170513 	
3.275	-1.66389 	0.522528 	11.5297 	-0.00895714 	0.325013 	0.00286007 	
3.28	-1.66331 	0.515498 	11.5271 	-0.00848277 	0.325271 	0.00370945 	
3.285	-1.6632 	0.509531 	11.5245 	-0.00807139 	0.325485 	0.00441126 	
3.29	-1.66524 	0.50463 	11.5207 	-0.00740089 	0.325343 	0.00381518 	
3.295	-1.66699 	0.499894 	11.5173 	-0.00689454 	0.32529 	0.00376455 	
3.3	-1.66867 	0.494877 	11.5139 	-0.00638949 	0.32523 	0.00380941 	
3.305	-1.67251 	0.497201 	11.5114 	-0.00631348 	0.325086 	0.00280716 	
3.31	-1.57131 	0.16894 	11.3698 	0.0248906 	0.317308 	0.00354854 	
3.315	-1.6196 	0.287809 	11.4177 	0.0138109 	0.319287 	0.00252909 	
3.32	-1.82866 	0.52178 	11.6736 	-0.00204111 	0.326434 	-0.0175462 	
3.325	-1.74039 	0.353186 	11.5325 	0.0137235 	0.319632 	-0.018192 	
3.33	-1.63626 	0.0670063 	11.3991 	0.0394658 	0.313683 	-0.0135523 	
3.335	-1.56255 	-0.124706 	11.2958 	0.0575289 	0.308579 	-0.0139725 	
3.34	-1.63902 	0.0223848 	11.3419 	0.0426158 	0.308065 	-0.0110009 	
3.345	-1.67775 	0.0862982 	11.3549 	0.0358345 	0.306918 	-0.00884196 	
3.35	-1.70993 	0.137337 	11.3645 	0.0303823 	0.305917 	-0.00697294 	
3.355	-1.73434 	0.171288 	11.3693 	0.0266434 	0.305015 	-0.00532652 	
3.36	-1.78136 	0.207131 	11.3997 	0.020702 	0.305984 	0.00476532 	
3.365	-1.63409 	-0.0815449 	11.2439 	0.048817 	0.300244 	0.000648673 	
3.37	-1.70815 	0.236478 	11.3464 	0.0169882 	0.308276 	0.00572269 	
3.375	-1.74045 	0.429943 	11.3921 	-0.00202536 	0.312426 	0.00708772 	
3.38	-1.75231 	0.543063 	11.4202 	-0.0129925 	0.315855 	0.00730082 	
3.385	-1.73063 	0.502727 	11.4183 	-0.00852971 	0.317733 	0.0052285 	
3.39	-1.76809 	0.656108 	11.4552 	-0.0239172 	0.32026 	0.00786468 	
3.395	-1.74111 	0.596828 	11.4406 	-0.0169764 	0.320836 	0.00309844 	
3.4	-1.72857 	0.577703 	11.4355 	-0.0143894 	0.321585 	0.000291111 	
3.405	-1.71845 	0.56155 	11.4308 	-0.0121913 	0.322201 	-0.00209375 	
3.41	-1.70772 	0.537604 	11.4198 	-0.0093245 	0.322034 	-0.0043825 	
3.415	-1.72887 	0.54356 	11.4303 	-0.0102521 	0.321852 	-0.00245432 	
3.42	-1.7122 	0.516967 	11.416 	-0.00705589 	0.321873 	-0.00520733 	
3.425	-1.70453 	0.500343 	11.4073 	-0.0050505 	0.321839 	-0.00685124 	
3.43	-1.69812 	0.516036 	11.3987 	-0.00588949 	0.321659 	-0.0096697 	
3.435	-1.70158 	0.546894 	11.4034 	-0.00849564 	0.322413 	-0.0109751 	
3.44	-1.72546 	0.532703 	11.4149 	-0.00828826 	0.322552 	-0.00588814 	
3.445	-1.74123 	0.50255 	11.4215 	-0.00635345 	0.322729 	-0.00162547 	
3.45	-1.75121 	0.50599 	11.42 	-0.00663997 	0.322095 	-0.00171976 	
3.455	-1.76044 	0.504036 	11.4189 	-0.00653173 	0.321637 	-0.00128707 	
3.46	-1.76782 	0.503587 	11.4183 	-0.00656143 	0.321419 	-0.000858592 	
3.465	-1.77488 	0.503025 	11.4172 	-0.00656969 	0.32117 	-0.000497891 	
3.47	-1.81066 	0.732463 	11.4466 	-0.028606 	0.323068 	-0.000880598 	
3.475	-1.81405 	0.657652 	11.4333 	-0.0213191 	0.321252 	-0.000720305 	
3.48	-1.8193 	0.642446 	11.4303 	-0.0198163 	0.32086 	-0.000491147 	
3.485	-1.82904 	0.648815 	11.4367 	-0.0208836 	0.321568 	0.00176786 	
3.49	-1.83578 	0.691956 	11.4568 	-0.0260648 	0.324703 	0.00622144 	
3.495	-1.82584 	0.683199 	11.456 	-0.0254325 	0.326172 	0.00717666 	
3.5	-1.76877 	0.671202 	11.4526 	-0.0249338 	0.331156 	0.00889119 	
3.505	-1.73896 	0.641139 	11.4521 	-0.0216237 	0.334096 	0.00737292 	
3.51	-1.71397 	0.627195 	11.4522 	-0.0201886 	0.336897 	0.00704237 	
3.515	-1.65709 	0.565243 	11.4158 	-0.0140855 	0.33791 	0.00711278 	
3.52	-1.6357 	0.555894 	11.4175 	-0.01311 	0.340548 	0.00678734 	
3.525	-1.65707 	0.604647 	11.4462 	-0.018192 	0.342863 	0.0077336 	
3.53	-1.73097 	0.682852 	11.4632 	-0.0270741 	0.340632 	0.0142095 	
3.535	-1.74796 	0.615046 	11.4367 	-0.0186944 	0.335599 	0.0068995 	
3.54	-1.9678 	0.863027 	11.7173 	-0.0403123 	0.34645 	0.00565395 	
3.545	-1.94508 	0.871248 	11.6441 	-0.0430283 	0.342366 	0.0113996 	
3.55	-1.96029 	0.908164 	11.6315 	-0.047472 	0.34094 	0.0148223 	
3.555	-1.87275 	0.669452 	11.5419 	-0.0216908 	0.336407 	0.00354603 	
3.56	-1.84637 	0.575161 	11.4999 	-0.0115225 	0.333799 	-0.00110936 	
3.565	-1.81707 	0.488194 	11.4583 	-0.00234568 	0.331309 	-0.00467927 	
3.57	-1.81874 	0.49014 	11.442 	-0.00298551 	0.329932 	-0.0035777 	
3.575	-1.82037 	0.47439 	11.419 	-0.00159038 	0.327998 	-0.00389006 	
3.58	-1.81535 	0.448882 	11.3973 	0.000920479 	0.326443 	-0.00465085 	
3.585	-1.8512 	0.545886 	11.4128 	-0.00938559 	0.326143 	-0.00079594 	
3.59	-1.83682 	0.510365 	11.3945 	-0.00586712 	0.325553 	-0.00157838 	
3.595	-1.72265 	0.651279 	11.3458 	-0.024497 	0.328618 	0.0130809 	
3.6	-1.75896 	0.58565 	11.347 	-0.0164636 	0.326546 	0.00786805 	
3.605	-1.83246 	0.760807 	11.3891 	-0.0341873 	0.327394 	0.012525 	
3.61	-1.81808 	0.682776 	11.3728 	-0.0257803 	0.327049 	0.0089752 	
3.615	-1.78495 	0.689787 	11.3911 	-0.026342 	0.332835 	0.0081227 	
3.62	-1.7585 	0.676037 	11.3938 	-0.0247811 	0.336128 	0.00727846 	
3.625	-1.73529 	0.662053 	11.3943 	-0.0232247 	0.338852 	0.00659417 	
3.63	-1.71419 	0.648437 	11.3926 	-0.0217349 	0.341068 	0.00608764 	
3.635	-1.69582 	0.635031 	11.39 	-0.0202992 	0.342929 	0.00568011 	
3.64	-1.68538 	0.625289 	11.3874 	-0.0192171 	0.344054 	0.00533039 	
3.645	-1.70229 	0.64926 	11.3893 	-0.0216336 	0.343379 	0.00590996 	
3.65	-1.64779 	0.242926 	11.3936 	0.0197869 	0.340211 	-0.00500582 	
3.655	2.41807 	-0.321212 	11.5689 	0.0693329 	0.743282 	-0.0203366 	
3.66	1.02084 	-0.0522996 	11.5073 	0.0447813 	0.606821 	-0.0130727 	
3.665	0.523549 	0.141145 	11.4946 	0.0264233 	0.560995 	-0.00932566 	
3.67	0.117664 	0.178256 	11.492 	0.0223297 	0.52485 	-0.00271578 	
3.675	-0.239859 	0.197439 	11.5086 	0.0181542 	0.495854 	0.00910528 	
3.68	-0.487869 	0.259641 	11.4693 	0.0136611 	0.468101 	0.00560161 	
3.685	-0.720288 	0.295346 	11.4383 	0.0108842 	0.443186 	0.00497522 	
3.69	-0.895061 	0.302709 	11.4088 	0.010744 	0.423676 	0.00411157 	
3.695	-1.10704 	0.374919 	11.4296 	0.00153035 	0.408748 	0.0154733 	
3.7	-1.24668 	0.392057 	11.4128 	5.03821e-05 	0.394335 	0.0161238 	
3.705	-1.34582 	0.370195 	11.3826 	0.0028406 	0.381516 	0.0140068 	
3.71	-1.43888 	0.365213 	11.3629 	0.00370987 	0.370793 	0.0131014 	
3.715	-1.51459 	0.370823 	11.3418 	0.00397321 	0.36137 	0.0104774 	
3.72	-1.57848 	0.370917 	11.3219 	0.00458147 	0.35326 	0.00849845 	
3.725	-1.63443 	0.372899 	11.3053 	0.00491102 	0.346342 	0.00684379 	
3.73	-1.68277 	0.374918 	11.2906 	0.00514885 	0.340409 	0.00544914 	
3.735	-1.72496 	0.377748 	11.2779 	0.00523615 	0.335328 	0.00426664 	
3.74	-1.76617 	0.363756 	11.2721 	0.00622987 	0.331448 	0.00594151 	
3.745	-1.8297 	0.403553 	11.2743 	0.00221724 	0.326732 	0.00733027 	
3.75	-1.85585 	0.410019 	11.2623 	0.00207249 	0.323198 	0.00556501 	
3.755	-1.86088 	0.426704 	11.2627 	0.000715613 	0.323264 	0.00475773 	
3.76	-1.87009 	0.439528 	11.2607 	-0.000286922 	0.322662 	0.00403182 	
3.765	-1.87858 	0.450634 	11.2585 	-0.00115322 	0.322108 	0.00340949 	
3.77	-1.88584 	0.459846 	11.2562 	-0.00186479 	0.321655 	0.0028778 	
3.775	-1.88518 	0.457685 	11.2529 	-0.00141891 	0.321707 	0.002159 	
3.78	-1.92309 	0.489497 	11.2456 	-0.00418195 	0.317865 	0.00146612 	
3.785	-1.82604 	0.494724 	11.2496 	-0.00517888 	0.327746 	0.00261636 	
3.79	-1.87706 	0.492949 	11.2348 	-0.00443811 	0.32166 	0.000827071 	
3.795	-1.90105 	0.481788 	11.226 	-0.00324155 	0.318845 	0.000572299 	
3.8	-1.92038 	0.472216 	11.2163 	-0.00217542 	0.316353 	0.000155988 	
3.805	-1.85575 	0.479969 	11.2156 	-0.00324993 	0.322626 	0.00110522 	
3.81	-1.78658 	0.497157 	11.2246 	-0.00536659 	0.330627 	0.00231043 	
3.815	-1.83223 	0.491143 	11.2217 	-0.00447736 	0.32664 	0.00165835 	
3.82	-1.85137 	0.490237 	11.2197 	-0.0042389 	0.325169 	0.00131446 	
3.825	-1.64454 	0.462864 	11.2287 	-0.00209554 	0.345577 	0.00144557 	
3.83	-1.51528 	0.444848 	11.2343 	-0.000620995 	0.35855 	0.00134287 	
3.835	-1.40189 	0.429311 	11.2388 	0.000628042 	0.369907 	0.00131616 	
3.84	-1.30258 	0.415699 	11.2428 	0.00172562 	0.379896 	0.00128763 	
3.845	-1.21565 	0.403677 	11.246 	0.00269781 	0.388642 	0.00125609 	
3.85	-1.13951 	0.393152 	11.2485 	0.00354501 	0.396293 	0.00123827 	
3.855	-1.07353 	0.383751 	11.2504 	0.00431463 	0.402939 	0.00118784 	
3.86	-1.26851 	0.471398 	11.24 	0.000391223 	0.387116 	-0.0146952 	
3.865	-1.363 	0.458543 	11.2314 	0.000628059 	0.376949 	-0.00977964 	
3.87	-1.44726 	0.459911 	11.2242 	0.000403229 	0.368592 	-0.00858554 	
3.875	-1.5198 	0.461378 	11.2174 	0.000182001 	0.361404 	-0.00757873 	
3.88	-1.59032 	0.466807 	11.2115 	-0.000433138 	0.354605 	-0.00652938 	
3.885	-1.75407 	0.376885 	11.2714 	0.0125368 	0.353272 	-0.0198006 	
3.89	1.76043 	-0.0790002 	11.5156 	0.0496526 	0.704375 	-0.0249844 	
3.895	0.497653 	0.087587 	11.4018 	0.0350094 	0.573861 	-0.0196071 	
3.9	0.0526405 	0.33556 	11.4106 	0.0104773 	0.535627 	-0.0119015 	
3.905	-0.313887 	0.50755 	11.4075 	-0.00648646 	0.502631 	-0.00635562 	
3.91	-0.56273 	0.463351 	11.3558 	-0.00196634 	0.472452 	-0.00603649 	
3.915	-0.788353 	0.463363 	11.3207 	-0.00186846 	0.447059 	-0.00489058 	
3.92	-0.981322 	0.463009 	11.2901 	-0.00174614 	0.425354 	-0.00392097 	
3.925	-1.14643 	0.46251 	11.2634 	-0.00162 	0.406792 	-0.00309876 	
3.93	-1.29119 	0.459192 	11.2389 	-0.00109396 	0.390559 	-0.00289251 	
3.935	-1.41464 	0.457147 	11.2176 	-0.000747913 	0.376743 	-0.00261337 	
3.94	-1.51998 	0.454566 	11.1983 	-0.000375069 	0.36489 	-0.00239105 	
3.945	-1.6127 	0.457184 	11.1837 	-0.000510779 	0.354846 	-0.00213534 	
3.95	-1.67758 	0.442402 	11.1669 	0.000960476 	0.347038 	-0.00209429 	
3.955	-1.74978 	0.44748 	11.155 	0.000537619 	0.339321 	-0.00185215 	
3.96	-1.79141 	0.462145 	11.1559 	-0.00082882 	0.336041 	-0.00151871 	
3.965	-1.69554 	0.465912 	11.1569 	-0.00169045 	0.345342 	-0.000507617 	
3.97	-1.76959 	0.468496 	11.1512 	-0.00166125 	0.338264 	-0.000778613 	
3.975	-1.80769 	0.471605 	11.147 	-0.00184489 	0.33469 	-0.000789476 	
3.98	-1.84027 	0.475264 	11.1435 	-0.00211464 	0.331749 	-0.000746872 	
3.985	-1.86866 	0.47804 	11.1397 	-0.00230404 	0.329153 	-0.000744156 	
3.99	-1.89328 	0.48036 	11.1359 	-0.00245859 	0.326914 	-0.000744948 	
3.995	-1.91481 	0.482294 	11.132 	-0.00258154 	0.324958 	-0.000755194 	
4	-1.93356 	0.483902 	11.1281 	-0.0026796 	0.323264 	-0.000770558 	
4.005	-1.94997 	0.485192 	11.1243 	-0.00275299 	0.321791 	-0.000787911 	
4.01	-1.96404 	0.485733 	11.1202 	-0.0027604 	0.320511 	-0.000810971 	
4.015	-1.95718 	0.560388 	11.106 	-0.00901466 	0.319778 	-0.00343955 	
4.02	-1.98268 	0.586652 	11.1081 	-0.0114375 	0.318717 	-0.0028415 	
4.025	-1.97343 	0.499678 	11.1 	-0.00297468 	0.318161 	-0.00372782 	
4.03	-1.98861 	0.510674 	11.0985 	-0.00419365 	0.317341 	-0.00307918 	
4.035	-1.99278 	0.506388 	11.0956 	-0.00386169 	0.31715 	-0.00287353 	
4.04	-2.03854 	0.648969 	11.1189 	-0.0184326 	0.318639 	0.00169839 	
4.045	-1.82373 	0.545211 	11.1162 	-0.00751115 	0.337574 	-0.00457075 	
4.05	-1.98995 	0.740864 	11.1462 	-0.0269868 	0.328384 	0.0013975 	
4.055	-1.99019 	0.781325 	11.1394 	-0.0313189 	0.328599 	0.00314984 	
4.06	-1.9985 	0.74025 	11.1252 	-0.027362 	0.325829 	0.00305293 	
4.065	-1.80698 	0.668432 	11.1294 	-0.0208211 	0.343589 	0.00229498 	
4.07	-1.7801 	0.63462 	11.1244 	-0.0175164 	0.34523 	0.00144209 	
4.075	-1.72481 	0.602697 	11.123 	-0.0147536 	0.350119 	0.00175158 	
4.08	-1.66853 	0.573201 	11.1218 	-0.0121443 	0.355173 	0.00178493 	
4.085	-1.61264 	0.546567 	11.1208 	-0.00978151 	0.36028 	0.00177341 	
4.09	-1.61055 	0.530778 	11.1159 	-0.00829924 	0.360085 	0.00175929 	
4.095	-1.59096 	0.518212 	11.1135 	-0.00745439 	0.361897 	0.00293233 	
4.1	-1.67795 	0.522531 	11.1036 	-0.00752861 	0.353264 	0.00246985 	
4.105	-1.74156 	0.529887 	11.0995 	-0.00799642 	0.347498 	0.00215657 	
4.11	-1.79354 	0.534774 	11.0945 	-0.00833781 	0.342667 	0.00210911 	
4.115	-1.8038 	0.55366 	11.0758 	-0.00960512 	0.339405 	-0.000402653 	
4.12	-1.83272 	0.542742 	11.0801 	-0.00854874 	0.337944 	4.77654e-05 	
4.125	-1.82177 	0.568205 	11.0488 	-0.0102921 	0.334697 	-0.00368354 	
4.13	-1.85319 	0.55676 	11.0572 	-0.00932858 	0.333752 	-0.00246528 	
4.135	-1.89407 	0.552727 	11.0787 	-0.00978072 	0.334314 	0.00201036 	
4.14	-1.89688 	0.538328 	11.0699 	-0.00821403 	0.333079 	0.00117213 	
4.145	-1.90424 	0.527931 	11.0654 	-0.00717765 	0.332224 	0.00109101 	
4.15	-1.90544 	0.525064 	11.0585 	-0.00664919 	0.331666 	0.000148426 	
4.155	-1.9072 	0.521278 	11.0521 	-0.00611609 	0.33115 	-0.00046023 	
4.16	-1.90782 	0.517884 	11.046 	-0.00564183 	0.330792 	-0.000992375 	
4.165	-1.74987 	0.483332 	11.0549 	-0.00242629 	0.346556 	-0.00218922 	
4.17	-1.64674 	0.460515 	11.0593 	-0.000276508 	0.356824 	-0.00300609 	
4.175	-1.65831 	0.456798 	11.0529 	0.00018143 	0.355366 	-0.00329172 	
4.18	-1.70701 	0.465245 	11.0437 	-0.000472672 	0.350323 	-0.0033674 	
4.185	-1.70742 	0.46375 	11.0391 	-0.000271156 	0.350167 	-0.00354135 	
4.19	-1.71402 	0.463617 	11.0341 	-0.000192786 	0.349416 	-0.0036875 	
4.195	-1.72001 	0.463546 	11.0293 	-0.000129539 	0.348749 	-0.00380452 	
4.2	-1.72549 	0.4635 	11.0246 	-7.42752e-05 	0.348155 	-0.00390887 	
4.205	-1.73052 	0.463478 	11.0202 	-2.65429e-05 	0.347623 	-0.0040005 	
4.21	-1.67249 	0.458579 	11.0187 	-7.98584e-05 	0.353021 	-0.00268391 	
4.215	-1.85833 	0.310969 	10.9971 	0.0161376 	0.336228 	-0.00983035 	
4.22	-2.92909 	1.6245 	12.5233 	-0.0927737 	0.405842 	-0.0259983 	
4.225	-2.51831 	1.18793 	11.9704 	-0.0589109 	0.381757 	-0.0127035 	
4.23	-2.42736 	1.08913 	11.8285 	-0.0509223 	0.375142 	-0.0117658 	
4.235	-2.34641 	0.969676 	11.7459 	-0.0397239 	0.37509 	-0.0133698 	
4.24	-2.25003 	0.863628 	11.6396 	-0.0309383 	0.372184 	-0.0121129 	
4.245	-2.17321 	0.763082 	11.5625 	-0.0220175 	0.371193 	-0.0122627 	
4.25	-2.10589 	0.682508 	11.4936 	-0.0150277 	0.370206 	-0.0120275 	
4.255	-2.04783 	0.616651 	11.4342 	-0.00934472 	0.369429 	-0.0118557 	
4.26	-1.99559 	0.561104 	11.3813 	-0.00462709 	0.368794 	-0.0115228 	
4.265	-1.94831 	0.51561 	11.334 	-0.000859055 	0.368297 	-0.0110524 	
4.27	-1.90522 	0.479655 	11.2914 	0.00200698 	0.367916 	-0.0104671 	
4.275	-1.86658 	0.4501 	11.2541 	0.00432195 	0.367717 	-0.00993499 	
4.28	-1.83009 	0.426228 	11.2204 	0.00610129 	0.367694 	-0.00931835 	
4.285	-1.99716 	0.542698 	11.1699 	-0.00527274 	0.348374 	-0.0069114 	
4.29	-2.10098 	0.615229 	11.1304 	-0.012414 	0.335656 	-0.0052525 	
4.295	-1.97885 	0.53252 	11.0973 	-0.00553988 	0.342235 	-0.00390668 	
4.3	-1.77258 	0.467075 	11.0787 	-0.000631105 	0.358492 	-0.00205105 	
4.305	-1.5188 	0.408976 	11.0786 	0.00404814 	0.381712 	-0.0016974 	
4.31	-1.29216 	0.35915 	11.0806 	0.00809248 	0.402769 	-0.00158719 	
4.315	-1.23943 	0.331468 	11.0631 	0.0102015 	0.405588 	-0.000624511 	
4.32	-1.2648 	0.314922 	11.0378 	0.0113445 	0.400336 	0.000679095 	
4.325	-1.33308 	0.310109 	11.0195 	0.0119594 	0.3923 	0.000582421 	
4.33	-1.33324 	0.297601 	11.0031 	0.0130019 	0.390482 	0.000778939 	
4.335	-1.32484 	0.286996 	10.9928 	0.0139437 	0.390255 	0.000806209 	
4.34	-1.42149 	0.249795 	10.952 	0.0180383 	0.377104 	-0.000535354 	
4.345	-1.46558 	0.0430149 	10.7944 	0.037826 	0.353583 	-0.00490448 	
4.35	-1.48587 	-0.115665 	10.6731 	0.0530122 	0.336645 	-0.00901741 	
4.355	-1.51477 	-0.239318 	10.5753 	0.0647768 	0.322049 	-0.0119868 	
4.36	-1.67774 	-0.0664728 	10.6378 	0.0486921 	0.317 	-0.0092207 	
4.365	-1.78873 	0.0232649 	10.66 	0.040408 	0.311113 	-0.00799976 	
4.37	-1.81964 	0.0352521 	10.6613 	0.0391942 	0.309304 	-0.00854123 	
4.375	-1.85268 	0.0441036 	10.6623 	0.0384525 	0.307318 	-0.00878411 	
4.38	-1.83395 	0.0732706 	10.6924 	0.0356431 	0.313221 	-0.0079999 	
4.385	-1.78249 	0.0789103 	10.7083 	0.0348848 	0.320444 	-0.00748423 	
4.39	-1.67739 	0.0798558 	10.7318 	0.0345096 	0.333368 	-0.00711194 	
4.395	-1.55925 	0.0796591 	10.76 	0.0344608 	0.348222 	-0.00770233 	
4.4	-1.31597 	0.119838 	10.8427 	0.0302534 	0.380843 	-0.00679079 	
4.405	-0.872578 	0.0857453 	10.9111 	0.032688 	0.429442 	-0.00708811 	
4.41	-1.23742 	0.242104 	10.8881 	0.0185866 	0.39547 	-0.00537725 	
4.415	-1.39795 	0.28045 	10.8696 	0.015241 	0.379478 	-0.00472423 	
4.42	-1.53763 	0.324323 	10.8554 	0.0113508 	0.365957 	-0.00408977 	
4.425	-1.65717 	0.361708 	10.8424 	0.00803972 	0.354377 	-0.00355429 	
4.43	-1.28808 	0.305464 	10.9031 	0.0127267 	0.39499 	-0.00403039 	
4.435	-1.05186 	0.274924 	10.9439 	0.0152029 	0.421388 	-0.00425399 	
4.44	-0.923699 	0.259383 	10.9708 	0.0164512 	0.436416 	-0.00429126 	
4.445	-0.862263 	0.210936 	10.9527 	0.020989 	0.440031 	-0.0054925 	
4.45	-0.913602 	0.196357 	10.9332 	0.0221831 	0.433116 	-0.00480526 	
4.455	-0.963799 	0.181624 	10.9159 	0.0235838 	0.426768 	-0.00484612 	
4.46	-1.0167 	0.168407 	10.8985 	0.0248306 	0.420159 	-0.00476027 	
4.465	-1.06938 	0.158024 	10.8822 	0.0258172 	0.413723 	-0.00467375 	
4.47	-1.11882 	0.149341 	10.867 	0.0266441 	0.407747 	-0.00458876 	
4.475	-1.16369 	0.142057 	10.8532 	0.0273365 	0.402361 	-0.00450691 	
4.48	-1.20319 	0.135652 	10.8407 	0.0279403 	0.397628 	-0.00443103 	
4.485	-1.23735 	0.130274 	10.8294 	0.0284412 	0.393551 	-0.00435904 	
4.49	-1.37426 	0.222276 	10.8278 	0.0200466 	0.382311 	-0.00347085 	
4.495	-1.4195 	0.190324 	10.8066 	0.0230978 	0.375753 	-0.00368217 	
4.5	-1.46804 	0.180873 	10.7912 	0.0240555 	0.369849 	-0.00370423 	
4.505	-1.50634 	0.172322 	10.7784 	0.0249037 	0.365204 	-0.00367625 	
4.51	-1.53951 	0.1647 	10.7666 	0.0256576 	0.361163 	-0.0036606 	
4.515	-1.56068 	0.155165 	10.7567 	0.0265689 	0.358414 	-0.00366145 	
4.52	-1.56255 	0.112536 	10.7297 	0.030731 	0.355458 	-0.00502597 	
4.525	2.81229 	-0.449878 	11.3622 	0.0760799 	0.822004 	-0.0130392 	
4.53	1.10606 	0.0144591 	11.1878 	0.035578 	0.651507 	-0.00776725 	
4.535	0.656335 	-0.0996552 	11.0402 	0.0475444 	0.593175 	-0.011362 	
4.54	0.324471 	-0.252707 	10.865 	0.0616731 	0.540979 	-0.0115122 	
4.545	-0.0528882 	-0.196067 	10.8137 	0.057823 	0.501856 	-0.0136504 	
4.55	-0.359269 	-0.180181 	10.7527 	0.057306 	0.467504 	-0.0151915 	
4.555	-0.661792 	0.00827586 	10.7976 	0.0390411 	0.448704 	-0.00723924 	
4.56	-0.952045 	0.166223 	10.8253 	0.0237059 	0.429047 	-0.000403457 	
4.565	-1.19239 	0.294944 	10.8464 	0.0112552 	0.41253 	0.0050448 	
4.57	-1.39801 	0.404936 	10.8638 	0.000621899 	0.398397 	0.0096867 	
4.575	-1.57396 	0.49891 	10.8778 	-0.0084547 	0.386298 	0.0136406 	
4.58	-1.72463 	0.579232 	10.8891 	-0.0162051 	0.375936 	0.0170092 	
4.585	-1.68735 	0.294183 	10.7193 	0.01282 	0.355874 	0.00192376 	
4.59	-1.77365 	0.312397 	10.7107 	0.0113746 	0.345687 	0.00156915 	
4.595	-1.74835 	0.101456 	10.583 	0.0324375 	0.331299 	-0.00879976 	
4.6	-1.8254 	0.101168 	10.5622 	0.0328747 	0.321872 	-0.00969384 	
4.605	-1.90058 	0.0853755 	10.5254 	0.033851 	0.310181 	-0.00826508 	
4.61	-1.95936 	0.071327 	10.4939 	0.0348939 	0.300867 	-0.00770421 	
4.615	-2.04054 	0.148871 	10.5132 	0.027636 	0.296439 	-0.00638008 	
4.62	-2.12137 	0.281171 	10.5531 	0.0153432 	0.295201 	-0.0043318 	
4.625	-2.07572 	0.361946 	10.6141 	0.00789017 	0.307466 	-0.00359528 	
4.63	-2.14153 	0.361072 	10.5941 	0.00814818 	0.299432 	-0.00374973 	
4.635	-2.18178 	0.374306 	10.5887 	0.0070267 	0.295599 	-0.00370001 	
4.64	-2.21661 	0.385514 	10.5832 	0.00607402 	0.292253 	-0.00365784 	
4.645	2.88783 	-0.376294 	11.3544 	0.0683686 	0.837527 	-0.0128415 	
4.65	1.14415 	0.113498 	11.1332 	0.028229 	0.655021 	-0.0180715 	
4.655	0.896299 	0.125192 	11.136 	0.0264274 	0.635018 	-0.0115552 	
4.66	0.500734 	-0.128181 	10.8818 	0.0496756 	0.566842 	-0.0126739 	
4.665	0.0895232 	-0.0848668 	10.8188 	0.0470978 	0.523506 	-0.0146277 	
4.67	-0.233285 	-0.129271 	10.7304 	0.0519397 	0.484493 	-0.015818 	
4.675	-0.510568 	-0.15973 	10.6568 	0.0553868 	0.451322 	-0.0168007 	
4.68	-0.747387 	-0.186159 	10.5932 	0.058341 	0.422962 	-0.0176302 	
4.685	-0.94962 	-0.209135 	10.5378 	0.060873 	0.398698 	-0.0183357 	
4.69	-1.12231 	-0.229059 	10.4894 	0.0630408 	0.377923 	-0.0189462 	
4.695	-1.28277 	-0.211473 	10.4615 	0.0615278 	0.360787 	-0.0186227 	
4.7	-1.45882 	-0.0924184 	10.4799 	0.0502131 	0.348078 	-0.0158801 	
4.705	-1.54781 	-0.148693 	10.4287 	0.055813 	0.334347 	-0.017449 	
4.71	-1.63488 	-0.0118445 	10.4879 	0.0424882 	0.334948 	-0.0120104 	
4.715	-1.68457 	0.0713663 	10.5243 	0.0343859 	0.335876 	-0.00866485 	
4.72	-1.73291 	0.143783 	10.5543 	0.0273516 	0.3361 	-0.00578237 	
4.725	-1.77365 	0.203588 	10.5778 	0.0215319 	0.336143 	-0.00335908 	
4.73	-1.80983 	0.256484 	10.5984 	0.016402 	0.336211 	-0.00126016 	
4.735	2.57422 	-0.471742 	11.1934 	0.0754983 	0.794453 	-0.00789192 	
4.74	1.00155 	-0.163462 	11.0076 	0.0497002 	0.634011 	-0.00340163 	
4.745	0.671971 	-0.0939489 	10.9938 	0.0434435 	0.604541 	-0.000155288 	
4.75	0.0927991 	0.25741 	10.9466 	0.0130484 	0.549337 	-0.00179471 	
4.755	-0.234183 	0.217354 	10.8671 	0.017517 	0.509616 	-0.00300497 	
4.76	-0.544425 	0.246226 	10.8146 	0.0155867 	0.475682 	-0.00309567 	
4.765	1.28053 	0.00230245 	11.1363 	0.0348106 	0.675966 	-0.00436427 	
4.77	0.457765 	0.0554094 	10.9613 	0.0314747 	0.581294 	-0.00499184 	
4.775	0.0754939 	0.159682 	10.9398 	0.0222763 	0.545163 	-0.00286168 	
4.78	-0.224084 	0.143011 	10.8707 	0.0201302 	0.510618 	0.0136021 	
4.785	-0.479547 	0.156839 	10.8175 	0.019937 	0.481192 	0.0104877 	
4.79	-0.707658 	0.195022 	10.7785 	0.0172535 	0.45638 	0.00915041 	
4.795	-0.901458 	0.222215 	10.7438 	0.0152105 	0.435135 	0.00880785 	
4.8	-1.06715 	0.245245 	10.7132 	0.0135035 	0.416942 	0.00840148 	
4.805	-1.2078 	0.258772 	10.685 	0.0127224 	0.401245 	0.0075577 	
4.81	-1.32815 	0.271277 	10.6603 	0.0119373 	0.387834 	0.00694003 	
4.815	-1.43082 	0.281616 	10.6384 	0.0112912 	0.376349 	0.00642152 	
4.82	-1.51846 	0.290235 	10.6188 	0.0107526 	0.366513 	0.00598718 	
4.825	-1.59871 	0.302134 	10.6003 	0.00979699 	0.357538 	0.00600761 	
4.83	-1.66696 	0.31203 	10.5842 	0.0090373 	0.349951 	0.00588519 	
4.835	-1.71287 	0.324346 	10.5765 	0.00802204 	0.345387 	0.00584246 	
4.84	-1.75524 	0.334772 	10.5681 	0.00718132 	0.341078 	0.00574617 	
4.845	-1.77722 	0.345722 	10.563 	0.00663996 	0.338906 	0.00408936 	
4.85	-1.80023 	0.353244 	10.5575 	0.00626516 	0.336689 	0.00308048 	
4.855	-1.8202 	0.360143 	10.552 	0.00590731 	0.33473 	0.00219151 	
4.86	-1.83775 	0.366028 	10.5467 	0.00560179 	0.332995 	0.00143512 	
4.865	-1.80299 	0.421723 	10.5701 	0.000390484 	0.340126 	0.00227886 	
4.87	-1.79206 	0.383207 	10.5588 	0.00374942 	0.339883 	0.00253568 	
4.875	-1.86999 	0.43882 	10.556 	-0.00103287 	0.333497 	0.00263472 	
4.88	-1.88251 	0.291379 	10.4494 	0.0124324 	0.318706 	0.000412933 	
4.885	-1.95596 	0.330801 	10.4506 	0.00947266 	0.312974 	-0.000852378 	
4.89	-2.00375 	0.33896 	10.4371 	0.00913486 	0.307551 	-0.00196012 	
4.895	-2.01769 	0.34175 	10.4286 	0.00917468 	0.305721 	-0.00293205 	
4.9	-1.99592 	0.339726 	10.4304 	0.00940749 	0.308464 	-0.00331957 	
4.905	0.211127 	0.0447466 	10.8453 	0.0322763 	0.553233 	-0.00405456 	
4.91	-0.550716 	0.150026 	10.7019 	0.0242251 	0.469272 	-0.00421658 	
4.915	-0.694767 	0.234002 	10.762 	0.0151897 	0.465759 	0.000775554 	
4.92	0.913719 	0.0110965 	11.0521 	0.0332169 	0.642327 	-0.00140762 	
4.925	0.207481 	-0.105339 	10.7516 	0.0445723 	0.542201 	-0.00256629 	
4.93	-0.238427 	0.0495674 	10.7183 	0.0317755 	0.499818 	-0.00319826 	
4.935	-0.57057 	0.104366 	10.6517 	0.0275158 	0.46277 	-0.00387675 	
4.94	-0.860215 	0.164074 	10.6003 	0.0227241 	0.43147 	-0.0044252 	
4.945	-1.11576 	0.23387 	10.5652 	0.0169912 	0.405311 	-0.00483109 	
4.95	-1.27969 	0.245155 	10.531 	0.016372 	0.386808 	-0.00543151 	
4.955	-1.4297 	0.262975 	10.5006 	0.0151196 	0.370147 	-0.00588469 	
4.96	-1.49841 	0.0846702 	10.3521 	0.0306771 	0.344915 	-0.00660123 	
4.965	-1.8216 	0.616061 	10.6092 	-0.011273 	0.344913 	-0.0226147 	
4.97	-1.8525 	0.48669 	10.5152 	-0.00121528 	0.332484 	-0.0174256 	
4.975	-1.88437 	0.462746 	10.4888 	0.000597065 	0.327308 	-0.0160619 	
4.98	2.37951 	-0.0282331 	11.3897 	0.0375699 	0.81239 	-0.0152631 	
4.985	0.868901 	0.16997 	11.0981 	0.0214898 	0.64501 	-0.0117087 	
4.99	0.434211 	0.233507 	11.0224 	0.0159549 	0.598305 	-0.00924471 	
4.995	0.101524 	0.23764 	10.9229 	0.016512 	0.557153 	-0.0111691 	
5	-0.207404 	0.0577734 	10.7099 	0.0323402 	0.502856 	-0.0108657 	
5.005	-0.394594 	-0.122155 	10.5034 	0.0479265 	0.460481 	-0.0108001 	
5.01	-0.693398 	0.0564783 	10.5106 	0.0332546 	0.436932 	-0.0132852 	
5.015	-0.795144 	0.0793112 	10.5163 	0.0307047 	0.429229 	-0.00978979 	
5.02	-0.906354 	0.110314 	10.5132 	0.0277319 	0.419597 	-0.00767184 	
5.025	1.13049 	-0.138288 	10.9386 	0.0467777 	0.650171 	-0.00814415 	
5.03	2.13543 	-0.266394 	11.1443 	0.0565449 	0.763515 	-0.00791142 	
5.035	1.23994 	-0.358394 	10.8009 	0.0654312 	0.642032 	-0.00774263 	
5.04	2.4765 	-0.467344 	11.091 	0.0732919 	0.785982 	-0.00747214 	
5.045	2.79164 	-0.477465 	11.1791 	0.0736607 	0.824706 	-0.00689322 	
5.05	2.13398 	-0.333628 	11.1037 	0.0619623 	0.758822 	-0.00589493 	
5.055	1.49531 	-0.368554 	10.9138 	0.0657066 	0.679329 	-0.00506924 	
5.06	0.903903 	-0.252718 	10.8272 	0.0561388 	0.618046 	-0.00361751 	
5.065	0.435795 	-0.186046 	10.7445 	0.0507659 	0.567652 	-0.00257561 	
5.07	0.343255 	-0.58918 	10.3701 	0.0851223 	0.51005 	-0.00295192 	
5.075	0.154548 	-0.757014 	10.1689 	0.0995125 	0.467417 	-0.00286943 	
5.08	1.94763 	-0.810904 	10.6606 	0.101943 	0.685149 	-0.00302519 	
5.085	1.74574 	-0.679491 	10.7101 	0.0909966 	0.674855 	-0.00281047 	
5.09	0.969022 	-0.449049 	10.6486 	0.0718531 	0.601159 	-0.00160861 	
5.095	1.49226 	-0.469151 	10.7956 	0.0731229 	0.665226 	-0.0019853 	
5.1	1.44501 	-0.416297 	10.8264 	0.0686373 	0.665391 	-0.00166716 	
5.105	0.739446 	-0.221923 	10.7567 	0.0525579 	0.596722 	-0.000561888 	
5.11	0.26703 	-0.0614012 	10.7255 	0.0393137 	0.552981 	-0.000316662 	
5.115	-0.11394 	-0.025826 	10.6559 	0.0368047 	0.511388 	-0.000124239 	
5.12	-0.4456 	0.074771 	10.6333 	0.0283556 	0.4809 	0.000931968 	
5.125	-0.720015 	0.122609 	10.5982 	0.024463 	0.453449 	0.00178516 	
5.13	-0.959355 	0.163631 	10.5678 	0.0212632 	0.42969 	0.00191029 	
5.135	-1.15121 	0.192978 	10.5369 	0.0186783 	0.409617 	0.00304606 	
5.14	-1.32653 	0.231148 	10.5165 	0.015559 	0.392624 	0.00348978 	
5.145	-1.48325 	0.290262 	10.5064 	0.0105796 	0.378594 	0.00377416 	
5.15	-1.61545 	0.335243 	10.4951 	0.00682156 	0.366479 	0.00403124 	
5.155	-1.72083 	0.333362 	10.4719 	0.00717264 	0.35507 	0.00400224 	
5.16	-1.77562 	0.270403 	10.4218 	0.0128694 	0.343629 	0.00363426 	
5.165	-1.84366 	0.28543 	10.4071 	0.0112511 	0.336341 	0.00469007 	
5.17	-1.90765 	0.300444 	10.3961 	0.00990911 	0.329959 	0.00507286 	
5.175	-1.96066 	0.310765 	10.3846 	0.00894136 	0.324424 	0.00545928 	
5.18	-2.00606 	0.319833 	10.374 	0.00808694 	0.319671 	0.00579279 	
5.185	-2.05353 	0.310068 	10.3597 	0.00967547 	0.314455 	0.00433111 	
5.19	-2.04995 	0.256226 	10.3257 	0.0142141 	0.310829 	0.00409878 	
5.195	-2.04542 	0.237222 	10.3073 	0.0154319 	0.30887 	0.00514175 	
5.2	-2.04802 	0.192538 	10.2785 	0.01933 	0.305332 	0.00486687 	
5.205	-1.97671 	0.0150331 	10.1757 	0.0346701 	0.297544 	0.00369237 	
5.21	-1.93037 	-0.108498 	10.1024 	0.045275 	0.291802 	0.00293059 	
5.215	-1.48576 	-0.342654 	10.1612 	0.066422 	0.33463 	0.000421443 	
5.22	-0.00279552 	-0.380464 	10.5282 	0.0676176 	0.510061 	-0.000699387 	
5.225	0.931063 	-0.33567 	10.8288 	0.0628009 	0.629411 	-0.00134761 	
5.23	0.0984635 	-0.131911 	10.7024 	0.0460633 	0.543592 	5.7458e-05 	
5.235	-0.246788 	-0.0810441 	10.6334 	0.0419851 	0.505751 	0.00046145 	
5.24	-0.479779 	-0.0495046 	10.5815 	0.0395188 	0.479684 	0.000670879 	
5.245	-0.695006 	-0.00590958 	10.5418 	0.0361574 	0.456904 	0.000988979 	
5.25	-0.675343 	-0.00756396 	10.5438 	0.0361735 	0.459184 	0.000908745 	
5.255	-0.563248 	-0.0188994 	10.565 	0.0369409 	0.471831 	0.000817194 	
5.26	-0.821129 	0.0161592 	10.5093 	0.0341775 	0.443171 	0.00103869 	
5.265	-0.917125 	-0.165626 	10.3486 	0.0495012 	0.413214 	0.00144144 	
5.27	-1.01077 	-0.281008 	10.2354 	0.0591634 	0.390117 	0.00179384 	
5.275	-1.09045 	-0.380053 	10.1375 	0.0674047 	0.370339 	0.00213793 	
5.28	-1.34118 	-0.117199 	10.219 	0.0446427 	0.361648 	0.0038196 	
5.285	-1.52043 	0.0391106 	10.2559 	0.0312352 	0.352659 	0.00462319 	
5.29	-1.72835 	0.26568 	10.3398 	0.0115156 	0.348675 	0.00848606 	
5.295	-1.80733 	0.252554 	10.3097 	0.0130748 	0.338173 	0.00673984 	
5.3	-1.87595 	0.235823 	10.2832 	0.0149295 	0.329157 	0.00581624 	
5.305	-1.93591 	0.254685 	10.2717 	0.0131186 	0.322867 	0.00637242 	
5.31	-0.233637 	0.0532362 	10.6495 	0.0285529 	0.516409 	0.00444716 	
5.315	-0.613982 	-0.204985 	10.3154 	0.0510505 	0.439924 	0.00357018 	
5.32	-0.818367 	-0.220298 	10.2569 	0.052734 	0.415175 	0.00356044 	
5.325	-0.636881 	-0.629936 	10.0642 	0.088626 	0.404502 	-0.00302585 	
5.33	1.4919 	-0.674137 	10.6794 	0.0896534 	0.66546 	-0.00235566 	
5.335	0.402739 	-0.394821 	10.5231 	0.0666811 	0.554054 	-0.000114373 	
5.34	-0.0288005 	-0.203711 	10.5107 	0.05085 	0.517159 	0.000681732 	
5.345	-0.370517 	-0.106764 	10.471 	0.0429117 	0.483602 	0.00138366 	
5.35	-0.666256 	-0.0386033 	10.4306 	0.0375682 	0.453931 	0.00120324 	
5.355	-0.785066 	0.0446004 	10.4424 	0.0297008 	0.447237 	0.00470406 	
5.36	-0.89432 	0.0614194 	10.4429 	0.0280616 	0.438563 	0.0066904 	
5.365	-0.962831 	0.110158 	10.2468 	0.0238998 	0.406822 	-0.000649953 	
5.37	-0.878189 	0.0820607 	10.3508 	0.0257622 	0.428207 	0.00381776 	
5.375	-0.825015 	0.0737481 	10.3941 	0.0262607 	0.438785 	0.00541931 	
5.38	-0.859713 	0.0750095 	10.414 	0.0260144 	0.438924 	0.00704481 	
5.385	-0.956702 	0.0807171 	10.4164 	0.0254134 	0.431584 	0.00889337 	
5.39	-1.11375 	0.0905837 	10.4042 	0.024442 	0.417397 	0.0111308 	
5.395	-1.21273 	0.0982017 	10.3981 	0.0237353 	0.408768 	0.0124623 	
5.4	-0.864511 	-0.170828 	10.3901 	0.0486175 	0.432472 	0.00300267 	
5.405	-0.73202 	-0.176973 	10.458 	0.0476753 	0.454597 	0.00922602 	
5.41	-0.938296 	-0.246967 	10.3009 	0.0539087 	0.416145 	0.00771184 	
5.415	-1.04788 	-0.300824 	10.2056 	0.0584924 	0.394335 	0.00733041 	
5.42	-1.14133 	-0.347177 	10.1233 	0.062401 	0.375667 	0.00702915 	
5.425	-1.23474 	-0.354722 	10.0694 	0.062886 	0.360893 	0.00717222 	
5.43	-1.30381 	-0.353245 	10.0206 	0.0617392 	0.3481 	0.009163 	
5.435	-0.023314 	-0.438193 	10.2615 	0.0691474 	0.486597 	0.000550008 	
5.44	0.728393 	-0.484581 	10.4285 	0.0732045 	0.571822 	-0.00144714 	
5.445	2.57854 	0.0664973 	11.7568 	0.0253785 	0.906869 	0.00428453 	
5.45	1.27831 	0.157798 	11.2636 	0.0189053 	0.733339 	0.00268369 	
5.455	1.88509 	0.018693 	11.3567 	0.0299026 	0.796057 	0.00244079 	
5.46	1.10902 	0.0224222 	11.0764 	0.0294913 	0.693684 	0.00533383 	
5.465	0.593505 	0.0785331 	10.9401 	0.0257996 	0.63272 	0.00338525 	
5.47	0.151822 	0.135472 	10.8252 	0.0217292 	0.581004 	0.00230526 	
5.475	-0.220142 	0.190474 	10.7336 	0.0176428 	0.538273 	0.00180179 	
5.48	-0.524823 	0.197319 	10.6337 	0.0173873 	0.499702 	0.000500608 	
5.485	-0.796887 	0.222919 	10.556 	0.015688 	0.466975 	-0.000439794 	
5.49	-1.03064 	0.246472 	10.4905 	0.0141317 	0.439135 	-0.00105156 	
5.495	-1.22979 	0.265873 	10.4332 	0.0128572 	0.415292 	-0.00159885 	
5.5	-1.39964 	0.282166 	10.3829 	0.011789 	0.394868 	-0.00207243 	
5.505	-1.53702 	0.271268 	10.335 	0.0127361 	0.377561 	-0.00136966 	
5.51	-1.66159 	0.283914 	10.3012 	0.0117304 	0.363334 	-0.000810741 	
5.515	-1.76699 	0.292475 	10.2699 	0.0110586 	0.350989 	-0.00040484 	
5.52	-1.86051 	0.308062 	10.2384 	0.0100253 	0.339437 	-0.00116739 	
5.525	-1.90793 	0.323819 	10.2284 	0.00861091 	0.334823 	-0.000413191 	
5.53	-1.80077 	0.0528755 	10.0447 	0.0267771 	0.319976 	0.0160023 	
5.535	-0.936 	0.0298033 	10.3199 	0.0292459 	0.428209 	0.010501 	
5.54	-0.374838 	-0.00306186 	10.4749 	0.031718 	0.495213 	0.00932458 	
5.545	0.1262 	-0.0502026 	10.6088 	0.0354753 	0.5545 	0.00800068 	
5.55	0.549926 	-0.08713 	10.723 	0.0383959 	0.604768 	0.00693109 	
5.555	-0.0804694 	0.0166497 	10.584 	0.0308867 	0.534134 	0.00527983 	
5.56	-0.422153 	0.0763736 	10.5108 	0.0266517 	0.496198 	0.00388605 	
5.565	-0.713625 	0.126027 	10.4472 	0.0231381 	0.46376 	0.0027038 	
5.57	-0.956934 	0.155132 	10.3934 	0.0210317 	0.436843 	0.00282157 	
5.575	-0.574363 	1.564 	12.3979 	-0.102483 	0.731683 	0.0453802 	
5.58	-0.949508 	1.11709 	11.6787 	-0.0633746 	0.607308 	0.033604 	
5.585	-0.908879 	0.741698 	11.2694 	-0.0310277 	0.557032 	0.0265542 	
5.59	1.72141 	0.349493 	11.8124 	-0.000627808 	0.846774 	0.0219452 	
5.595	0.631002 	0.435106 	11.4621 	-0.00561664 	0.710728 	0.0172821 	
5.6	0.241283 	0.434925 	11.2911 	-0.0043345 	0.656458 	0.0130662 	
5.605	1.51832 	0.198985 	11.5057 	0.0137553 	0.790626 	0.0124818 	
5.61	1.87287 	0.107493 	11.5221 	0.0211553 	0.822263 	0.0109096 	
5.615	1.20965 	0.156753 	11.3047 	0.0180673 	0.738759 	0.00906731 	
5.62	0.834951 	0.184689 	11.1796 	0.0168476 	0.691672 	0.00607082 	
5.625	1.33389 	0.0866677 	11.2505 	0.0243785 	0.742331 	0.00567105 	
5.63	0.616867 	0.164516 	11.0954 	0.0209943 	0.665575 	-0.00204216 	
5.635	0.170707 	0.299444 	10.9498 	0.00989837 	0.608349 	-0.00295216 	
5.64	-0.0871499 	0.32817 	10.8877 	0.0075564 	0.57918 	-0.00195533 	
5.645	1.14138 	0.115444 	11.144 	0.0236688 	0.714598 	-0.00135038 	
5.65	0.327634 	0.25059 	10.9584 	0.0129997 	0.622884 	0.000129379 	
5.655	0.514858 	0.205017 	10.9791 	0.016634 	0.640811 	-0.000422106 	
5.66	1.19306 	0.0830495 	11.1117 	0.0258429 	0.714282 	-1.45454e-05 	
5.665	0.420014 	0.237984 	10.9346 	0.0135467 	0.627138 	0.000579067 	
5.67	0.15311 	0.275713 	10.8868 	0.0113402 	0.599121 	-0.00149004 	
5.675	-0.108425 	0.318046 	10.8348 	0.00849182 	0.570947 	-0.0027614 	
5.68	-0.30765 	0.346717 	10.79 	0.00656669 	0.548693 	-0.00360352 	
5.685	0.661071 	0.167647 	10.9804 	0.0200057 	0.653954 	-0.0024517 	
5.69	1.8168 	-0.0252281 	11.2236 	0.0344774 	0.781283 	-0.00177155 	
5.695	1.93344 	-0.0570729 	11.2351 	0.0368746 	0.792292 	-0.0014284 	
5.7	1.61685 	0.000903144 	11.128 	0.0330023 	0.751048 	-0.00500226 	
5.705	0.948454 	0.0181115 	10.913 	0.0318493 	0.666933 	-0.00355496 	
5.71	0.501004 	0.0262664 	10.7639 	0.0315164 	0.609782 	-0.0031484 	
5.715	0.117957 	0.00108591 	10.6058 	0.0327879 	0.556707 	0.00029248 	
5.72	-0.195401 	-0.0293272 	10.4673 	0.0345773 	0.511978 	0.00314146 	
5.725	1.4596 	-0.199913 	10.9235 	0.0475153 	0.710544 	0.00187768 	
5.73	1.93312 	-0.257553 	11.0437 	0.0517808 	0.765543 	0.00220022 	
5.735	1.01115 	-0.0531194 	10.8398 	0.0367047 	0.662739 	-0.0018293 	
5.74	0.583431 	0.0355676 	10.7795 	0.0295246 	0.619901 	0.000292582 	
5.745	0.323308 	0.0961262 	10.7356 	0.0250066 	0.59259 	-0.000388762 	
5.75	2.52605 	-0.316061 	11.226 	0.0565622 	0.838932 	0.00132254 	
5.755	2.79209 	-0.336113 	11.298 	0.0580722 	0.870244 	0.000786667 	
5.76	1.6625 	-0.138883 	11.0727 	0.0421848 	0.751025 	0.00290546 	
5.765	2.03574 	-0.200494 	11.154 	0.0472279 	0.791707 	0.00230724 	
5.77	1.28851 	0.669587 	10.9413 	-0.0242942 	0.708188 	-0.00743648 	
5.775	1.19916 	0.411774 	10.908 	-0.00201362 	0.693248 	-0.00687059 	
5.78	1.45253 	0.327136 	10.9845 	0.00473876 	0.724098 	-0.00565605 	
5.785	0.210721 	0.684909 	11.1306 	-0.0200136 	0.652546 	-0.0117531 	
5.79	-0.270609 	0.501165 	10.9881 	-0.00427606 	0.596117 	-0.00761347 	
5.795	-0.551121 	0.297193 	10.771 	0.0144697 	0.542047 	-0.013479 	
5.8	-0.798605 	0.217064 	10.6282 	0.021847 	0.500502 	-0.0138195 	
5.805	-3.85056 	0.0812246 	13.4735 	0.0269192 	0.603882 	-0.000564076 	
5.81	-3.10693 	0.167754 	12.4137 	0.0204305 	0.531175 	-0.001006 	
5.815	-3.02574 	0.248284 	12.063 	0.0141735 	0.492495 	-0.00274129 	
5.82	-2.95277 	0.296357 	11.7628 	0.0104457 	0.459663 	-0.00193544 	
5.825	-2.89118 	0.339655 	11.5065 	0.00707894 	0.431656 	-0.00157262 	
5.83	-2.83822 	0.376692 	11.2865 	0.00419908 	0.407679 	-0.00128279 	
5.835	-2.79251 	0.408354 	11.0973 	0.00173587 	0.387136 	-0.00105954 	
5.84	-2.75258 	0.434533 	10.9347 	-0.000302527 	0.369588 	-0.000867868 	
5.845	-2.69523 	0.44895 	10.7974 	-0.00148977 	0.356656 	-0.000622807 	
5.85	-2.65006 	0.462273 	10.6783 	-0.00259346 	0.34515 	-0.000432478 	
5.855	-2.62776 	0.495468 	10.577 	-0.0053395 	0.334306 	-0.000312733 	
5.86	-2.59941 	0.477763 	10.4642 	-0.00381053 	0.322097 	-0.000145207 	
5.865	-2.58312 	0.496636 	10.378 	-0.00529085 	0.31251 	-0.000585384 	
5.87	-2.54144 	0.573881 	10.3201 	-0.011502 	0.308475 	-0.00281842 	
5.875	-2.52636 	0.511795 	10.2352 	-0.0064764 	0.2988 	-0.00161298 	
5.88	-2.06221 	0.987275 	9.82069 	-0.0573209 	0.285077 	-0.00207184 	
5.885	-2.19719 	0.845071 	9.90223 	-0.0423809 	0.284294 	-1.73214e-05 	
5.89	-2.22809 	0.845744 	9.92701 	-0.0408609 	0.285673 	-0.000722969 	
5.895	-2.21355 	0.644059 	9.85736 	-0.0231272 	0.276939 	2.37749e-05 	
5.9	-2.0489 	1.23543 	9.75886 	-0.0723823 	0.279903 	-0.012972 	
5.905	-1.97255 	1.3298 	9.73052 	-0.0795219 	0.280938 	-0.0292748 	
5.91	-2.04878 	1.22532 	9.78325 	-0.071953 	0.28217 	-0.0306351 	
5.915	-1.96441 	1.0829 	9.85641 	-0.0586081 	0.298753 	-0.0243659 	
5.92	3.38371 	0.0956318 	11.2674 	0.0170416 	0.9249 	-0.0166131 	
5.925	1.40144 	0.474121 	10.8562 	-0.00750302 	0.709928 	-0.0289329 	
5.93	0.789192 	0.597672 	10.7818 	-0.0135452 	0.651676 	-0.0368869 	
5.935	-0.492159 	0.634602 	11.2369 	-0.012081 	0.631498 	-0.0324964 	
5.94	-0.574203 	0.645224 	10.9124 	-0.0147438 	0.572757 	-0.0375982 	
5.945	-0.83035 	0.582809 	10.7363 	-0.0104686 	0.52569 	-0.0321572 	
5.95	-1.02784 	0.596858 	10.6591 	-0.0114485 	0.497447 	-0.0270661 	
5.955	-1.18575 	0.484492 	10.4774 	-0.00420774 	0.45812 	-0.0290663 	
5.96	-1.3381 	0.524901 	10.4421 	-0.00687871 	0.439909 	-0.0236781 	
5.965	-1.46593 	0.537887 	10.3921 	-0.00780679 	0.421852 	-0.0202561 	
5.97	-1.57396 	0.547661 	10.3478 	-0.00849578 	0.40638 	-0.017333 	
5.975	-1.66567 	0.555962 	10.3093 	-0.00907661 	0.393187 	-0.0148449 	
5.98	-1.74315 	0.56272 	10.2755 	-0.0095411 	0.381941 	-0.0127279 	
5.985	-1.80891 	0.569466 	10.2468 	-0.0100072 	0.372462 	-0.0109367 	
5.99	-1.86471 	0.575376 	10.2216 	-0.0104118 	0.364385 	-0.00941709 	
5.995	-1.84143 	0.700211 	10.1084 	-0.0202098 	0.348845 	-0.0167466 	
6	-1.95922 	0.422944 	10.0225 	0.00302765 	0.329767 	-0.015416 	
6.005	-1.96016 	0.574247 	9.98614 	-0.00921873 	0.323501 	-0.0174482 	
6.01	-1.93469 	0.529122 	10.0236 	-0.00565084 	0.330535 	-0.0141528 	
6.015	-1.9296 	0.516596 	10.0379 	-0.00462292 	0.33288 	-0.0124345 	
6.02	-1.87437 	0.48775 	10.0625 	-0.00230126 	0.340628 	-0.0108519 	
6.025	-1.83482 	0.46715 	10.0801 	-0.000657818 	0.34626 	-0.00952885 	
6.03	-1.79958 	0.448791 	10.0944 	0.000800993 	0.351158 	-0.00839427 	
6.035	1.59492 	-0.03894 	10.9393 	0.0369188 	0.74046 	-0.0106458 	
6.04	0.370984 	0.118212 	10.6786 	0.0252492 	0.607173 	-0.00609052 	
6.045	0.0367584 	0.369672 	10.525 	0.00489179 	0.559903 	-0.0106548 	
6.05	-0.277835 	0.356255 	10.5116 	0.00718739 	0.533578 	-0.0106673 	
6.055	-0.456215 	0.320194 	10.4055 	0.0102783 	0.504117 	-0.0114315 	
6.06	-0.625976 	0.333662 	10.3941 	0.00916063 	0.489065 	-0.00939725 	
6.065	-0.773851 	0.335089 	10.3561 	0.00927649 	0.472033 	-0.00863209 	
6.07	-0.899462 	0.337157 	10.326 	0.00928199 	0.457934 	-0.00790064 	
6.075	-1.05282 	0.343567 	10.2814 	0.00884207 	0.439458 	-0.00693184 	
6.08	-1.17426 	0.348062 	10.2463 	0.00855767 	0.424964 	-0.00617745 	
6.085	-1.27748 	0.351777 	10.2157 	0.00832295 	0.4126 	-0.00553493 	
6.09	-1.36507 	0.354845 	10.1889 	0.00812808 	0.402065 	-0.00498802 	
6.095	-1.43923 	0.357287 	10.1654 	0.00797262 	0.393096 	-0.0045214 	
6.1	-1.13076 	-0.111565 	9.76891 	0.043767 	0.364891 	-0.00291006 	
6.105	-1.30712 	0.0601513 	9.89174 	0.0306658 	0.367426 	-0.00302187 	
6.11	-1.37577 	0.085805 	9.92336 	0.0289054 	0.366082 	-0.00271399 	
6.115	-1.43427 	0.13383 	9.94692 	0.0251585 	0.364927 	-0.00261997 	
6.12	-1.48228 	0.166311 	9.96644 	0.0229336 	0.363918 	-0.00243799 	
6.125	-1.52135 	0.191425 	9.98313 	0.0209699 	0.36331 	-0.00234829 	
6.13	-1.54729 	0.183503 	9.93967 	0.0222595 	0.356046 	-0.00221941 	
6.135	-1.54438 	0.179751 	9.919 	0.0229945 	0.353955 	-0.00264937 	
6.14	-2.04235 	0.751815 	10.4469 	-0.0242247 	0.383238 	0.000115286 	
6.145	-1.98652 	0.518508 	10.1756 	-0.00557663 	0.351939 	-0.000108035 	
6.15	-2.00352 	0.420585 	10.0616 	0.00207342 	0.335475 	0.000102769 	
6.155	-1.95391 	0.424175 	10.0872 	0.00202759 	0.343784 	-0.000540888 	
6.16	-1.9218 	0.402983 	10.0703 	0.00374804 	0.344506 	-0.000588052 	
6.165	-1.877 	0.383948 	10.0678 	0.0053266 	0.34823 	-0.000671125 	
6.17	-1.84089 	0.368572 	10.0646 	0.00660948 	0.35118 	-0.000787037 	
6.175	-1.80894 	0.355103 	10.061 	0.00771881 	0.353736 	-0.000873836 	
6.18	-1.78523 	0.346552 	10.0592 	0.00841995 	0.355865 	-0.000940154 	
6.185	-1.76176 	0.336692 	10.0567 	0.00920962 	0.357849 	-0.000984548 	
6.19	-1.7476 	0.330799 	10.051 	0.00969423 	0.358664 	-0.00106791 	
6.195	-1.73348 	0.324838 	10.0458 	0.0101851 	0.35953 	-0.00112461 	
6.2	-1.72056 	0.319284 	10.0404 	0.0106379 	0.360267 	-0.00117173 	
6.205	-1.70884 	0.31425 	10.035 	0.0110441 	0.360903 	-0.00121201 	
6.21	-1.71936 	0.238282 	9.93476 	0.0167067 	0.346673 	-0.000804068 	
6.215	-1.82216 	0.244348 	9.84467 	0.0164573 	0.326815 	-0.0030689 	
6.22	-1.4124 	0.230706 	10.0536 	0.0174091 	0.388151 	-0.00239388 	
6.225	-1.0636 	0.180383 	10.1749 	0.0209655 	0.432401 	-0.003161 	
6.23	-0.703349 	0.152586 	10.3182 	0.023155 	0.481089 	-0.0027346 	
6.235	1.10495 	-0.166318 	10.5846 	0.0452007 	0.667602 	0.00377467 	
6.24	1.37628 	-0.200371 	10.6807 	0.0479478 	0.70153 	0.00172998 	
6.245	1.61219 	-0.210676 	10.7859 	0.0486816 	0.734163 	0.0016899 	
6.25	2.36263 	-0.366797 	10.8911 	0.0599425 	0.809368 	0.00149898 	
6.255	2.38773 	-0.34641 	10.9296 	0.0584708 	0.815727 	0.00335459 	
6.26	2.43873 	-0.329608 	10.9911 	0.0573469 	0.828088 	0.00216892 	
6.265	2.49677 	-0.320166 	11.0397 	0.0567208 	0.839188 	0.00163 	
6.27	2.54634 	-0.312116 	11.0813 	0.0561858 	0.848662 	0.00117058 	
6.275	2.58862 	-0.305232 	11.1167 	0.0557277 	0.856747 	0.000778193 	
6.28	2.62055 	-0.299245 	11.1453 	0.0553304 	0.863085 	0.000435985 	
6.285	2.65273 	-0.294256 	11.1717 	0.0549977 	0.869161 	0.000152319 	
6.29	2.67915 	-0.28994 	11.1939 	0.0547099 	0.874214 	-9.2397e-05 	
6.295	2.70191 	-0.286275 	11.2129 	0.0544656 	0.878546 	-0.000300777 	
6.3	2.72151 	-0.283198 	11.2291 	0.0542609 	0.882256 	-0.000478486 	
6.305	2.73802 	-0.280513 	11.2429 	0.0540819 	0.885401 	-0.000630725 	
6.31	2.75218 	-0.278237 	11.2547 	0.0539304 	0.888089 	-0.000760682 	
6.315	2.76421 	-0.276284 	11.2647 	0.0538002 	0.890377 	-0.000871844 	
6.32	2.77453 	-0.27463 	11.2733 	0.0536901 	0.892331 	-0.000966771 	
6.325	2.78332 	-0.273212 	11.2806 	0.0535957 	0.893994 	-0.00104812 	
6.33	2.79074 	-0.271983 	11.2868 	0.0535137 	0.895403 	-0.00111763 	
6.335	2.79707 	-0.270935 	11.2922 	0.0534439 	0.896601 	-0.00117712 	
6.34	2.80249 	-0.270045 	11.2967 	0.0533846 	0.897624 	-0.00122803 	
6.345	2.80707 	-0.269278 	11.3005 	0.0533335 	0.898488 	-0.00127159 	
6.35	2.81098 	-0.268625 	11.3038 	0.0532901 	0.899222 	-0.0013089 	
6.355	2.81435 	-0.268072 	11.3066 	0.0532532 	0.89985 	-0.00134099 	
6.36	2.81716 	-0.267591 	11.309 	0.0532212 	0.900375 	-0.00136833 	
6.365	2.81959 	-0.267184 	11.311 	0.0531941 	0.900822 	-0.00139191 	
6.37	2.8216 	-0.266805 	11.3127 	0.0531686 	0.901197 	-0.00141219 	
6.375	2.82337 	-0.266519 	11.3142 	0.0531497 	0.901516 	-0.00142957 	
6.38	2.82486 	-0.266268 	11.3154 	0.0531331 	0.901783 	-0.00144449 	
6.385	2.82306 	-0.265565 	11.3161 	0.0530872 	0.901714 	-0.00146691 	
6.39	2.82516 	-0.265546 	11.3171 	0.0530857 	0.901999 	-0.00147476 	
6.395	2.82635 	-0.265434 	11.3179 	0.0530782 	0.902181 	-0.00148349 	
6.4	2.82818 	-0.265473 	11.3186 	0.0530807 	0.902407 	-0.00149015 	
6.405	2.82875 	-0.265344 	11.3191 	0.0530721 	0.902506 	-0.00149703 	
6.41	2.8294 	-0.26526 	11.3196 	0.0530665 	0.902601 	-0.00150284 	
6.415	2.82994 	-0.265188 	11.3199 	0.0530617 	0.902677 	-0.00150791 	
6.42	2.8303 	-0.265119 	11.3202 	0.0530571 	0.902727 	-0.00151225 	
6.425	2.83071 	-0.265069 	11.3205 	0.0530538 	0.902778 	-0.0015162 	
6.43	2.83105 	-0.265027 	11.3207 	0.0530511 	0.902817 	-0.00151971 	
6.435	2.83132 	-0.264989 	11.3209 	0.0530487 	0.902843 	-0.00152277 	
6.44	2.83149 	-0.264945 	11.321 	0.0530457 	0.902857 	-0.00152552 	
6.445	2.83171 	-0.264929 	11.3211 	0.0530447 	0.902872 	-0.00152798 	
6.45	2.83185 	-0.264902 	11.3212 	0.053043 	0.902876 	-0.0015302 	
6.455	2.83194 	-0.264878 	11.3212 	0.0530414 	0.902874 	-0.0015322 	
6.46	2.83202 	-0.264858 	11.3213 	0.0530402 	0.902869 	-0.00153404 	
6.465	2.83214 	-0.264849 	11.3213 	0.0530397 	0.902865 	-0.00153574 	
6.47	2.8321 	-0.264826 	11.3213 	0.0530382 	0.902843 	-0.00153729 	
6.475	2.83219 	-0.264822 	11.3213 	0.053038 	0.902835 	-0.00153884 	
6.48	2.83215 	-0.264801 	11.3213 	0.0530365 	0.902811 	-0.0015399 	
6.485	2.8322 	-0.264796 	11.3212 	0.0530363 	0.902797 	-0.00154122 	
6.49	2.83218 	-0.264783 	11.3212 	0.0530355 	0.902773 	-0.00154243 	
6.495	2.83216 	-0.264775 	11.3212 	0.0530351 	0.902751 	-0.00154361 	
6.5	2.8321 	-0.264769 	11.3211 	0.0530349 	0.902722 	-0.00154464 	
6.505	2.83206 	-0.264755 	11.3211 	0.053034 	0.902695 	-0.00154574 	
6.51	2.83207 	-0.264744 	11.321 	0.0530332 	0.902675 	-0.00154681 	
6.515	2.83201 	-0.264738 	11.321 	0.053033 	0.902645 	-0.00154777 	
6.52	2.83196 	-0.264731 	11.3209 	0.0530326 	0.902616 	-0.00154873 	
6.525	2.83191 	-0.264726 	11.3209 	0.0530324 	0.902587 	-0.00154967 	
6.53	2.83179 	-0.264734 	11.3208 	0.0530334 	0.902549 	-0.00155118 	
6.535	2.83182 	-0.264684 	11.3208 	0.0530292 	0.902533 	-0.00155138 	
6.54	2.83182 	-0.264685 	11.3207 	0.0530295 	0.902508 	-0.00155238 	
6.545	2.83175 	-0.264687 	11.3206 	0.0530298 	0.902476 	-0.00155328 	
6.55	2.83178 	-0.264678 	11.3206 	0.053029 	0.902456 	-0.00155397 	
6.555	2.65473 	-0.209135 	11.3062 	0.049091 	0.887032 	-0.00399689 	
6.56	2.5359 	-0.171578 	11.2967 	0.0464292 	0.876696 	-0.00561544 	
6.565	2.4234 	-0.136951 	11.288 	0.0439553 	0.866905 	-0.00690427 	
6.57	2.35841 	-0.15232 	11.2671 	0.0454942 	0.858801 	-0.00806055 	
6.575	2.45765 	-0.17167 	11.28 	0.0467299 	0.868174 	-0.0066364 	
6.58	2.51241 	-0.1852 	11.2858 	0.0476492 	0.873154 	-0.00590218 	
6.585	2.55881 	-0.196759 	11.2907 	0.0484337 	0.877358 	-0.0052741 	
6.59	2.5984 	-0.206624 	11.2949 	0.0491029 	0.880943 	-0.00473799 	
6.595	2.63228 	-0.215065 	11.2984 	0.0496754 	0.884007 	-0.00427976 	
6.6	2.66091 	-0.222173 	11.3014 	0.0501564 	0.886593 	-0.00388851 	
6.605	2.6856 	-0.228348 	11.304 	0.0505756 	0.888819 	-0.00355476 	
6.61	2.70652 	-0.233586 	11.3062 	0.050931 	0.890701 	-0.00327024 	
6.615	2.72439 	-0.238071 	11.308 	0.0512354 	0.892303 	-0.0030272 	
6.62	2.73972 	-0.241905 	11.3096 	0.0514956 	0.893677 	-0.0028194 	
6.625	2.40708 	-0.2192 	11.2324 	0.050119 	0.857291 	-0.00619417 	
6.63	2.7081 	-0.230866 	11.2973 	0.0505184 	0.889765 	-0.00330597 	
6.635	2.41955 	-0.212013 	11.2488 	0.0497947 	0.86072 	-0.00494315 	
6.64	2.3757 	-0.20786 	11.2419 	0.0497992 	0.856433 	-0.00545028 	
6.645	2.06181 	-0.158571 	11.1836 	0.0462964 	0.822675 	-0.00505714 	
6.65	2.25391 	-0.185777 	11.2178 	0.0480679 	0.842682 	-0.00446015 	
6.655	2.33242 	-0.199013 	11.2306 	0.0489541 	0.850444 	-0.00407112 	
6.66	2.40577 	-0.208168 	11.2437 	0.0495132 	0.858037 	-0.00370609 	
6.665	2.46714 	-0.216331 	11.2544 	0.0500224 	0.864332 	-0.00339863 	
6.67	2.51954 	-0.223347 	11.2635 	0.0504604 	0.869702 	-0.00313629 	
6.675	2.49106 	-0.195476 	11.2734 	0.0481839 	0.86823 	-0.00204654 	
