0	-0.0104961 	-0.000607109 	-1.74306 	0.26553 	0.164412 	-0.206081 	
0.005	-0.0105905 	-0.000580041 	-1.74311 	0.265534 	0.164411 	-0.206829 	
0.01	-0.0104538 	-0.00065755 	-1.74308 	0.265638 	0.164694 	-0.207573 	
0.015	-0.010465 	-0.000673202 	-1.74304 	0.265602 	0.164614 	-0.206783 	
0.02	-0.0104346 	-0.000732962 	-1.74305 	0.26567 	0.164841 	-0.206119 	
0.025	-0.0103704 	-0.000830037 	-1.74308 	0.26582 	0.165314 	-0.205554 	
0.03	-0.0104229 	-0.000835631 	-1.74296 	0.265687 	0.164898 	-0.206104 	
0.035	-0.010425 	-0.000893222 	-1.74289 	0.265676 	0.164857 	-0.206511 	
0.04	-0.0103866 	-0.000994325 	-1.74286 	0.265764 	0.165116 	-0.206805 	
0.045	-0.0103158 	-0.0011322 	-1.74286 	0.265931 	0.165613 	-0.207006 	
0.05	-0.0103591 	-0.00118476 	-1.74271 	0.265811 	0.165269 	-0.206322 	
0.055	-0.0103534 	-0.00128763 	-1.74262 	0.265811 	0.165284 	-0.205743 	
0.06	-0.0103085 	-0.00143265 	-1.74255 	0.265907 	0.165588 	-0.205247 	
0.065	-0.0102322 	-0.00161337 	-1.74252 	0.266081 	0.166122 	-0.204818 	
0.07	-0.0102643 	-0.00171044 	-1.74235 	0.265988 	0.165836 	-0.205492 	
0.075	-0.0102493 	-0.00185661 	-1.74222 	0.26601 	0.165899 	-0.205999 	
0.08	-0.0101967 	-0.00204399 	-1.74212 	0.266124 	0.166241 	-0.206372 	
0.085	-0.0101138 	-0.00226629 	-1.74205 	0.266312 	0.166806 	-0.206639 	
0.09	-0.0101367 	-0.00240996 	-1.74185 	0.266233 	0.16659 	-0.205578 	
0.095	-0.010114 	-0.00260108 	-1.7417 	0.266266 	0.166708 	-0.204697 	
0.1	-0.0100549 	-0.00283207 	-1.74157 	0.266389 	0.167094 	-0.203961 	
0.105	-0.0100353 	-0.0030381 	-1.74139 	0.266416 	0.167178 	-0.204526 	
0.11	-0.00997841 	-0.00328486 	-1.74124 	0.266533 	0.167536 	-0.204946 	
0.115	-0.00989169 	-0.00356615 	-1.74112 	0.266722 	0.168114 	-0.205251 	
0.12	-0.00978101 	-0.00387705 	-1.74101 	0.26697 	0.168867 	-0.205463 	
0.125	-0.00982575 	-0.00406627 	-1.74071 	0.266831 	0.168468 	-0.20442 	
0.13	-0.00982006 	-0.00430721 	-1.74047 	0.266816 	0.168439 	-0.203553 	
0.135	-0.00977402 	-0.00459139 	-1.74026 	0.266899 	0.168707 	-0.202829 	
0.14	-0.00969562 	-0.00491209 	-1.74007 	0.267063 	0.169212 	-0.202219 	
0.145	-0.00964319 	-0.00522045 	-1.73985 	0.267159 	0.169525 	-0.202983 	
0.15	-0.00955955 	-0.00556432 	-1.73966 	0.267333 	0.170065 	-0.203564 	
0.155	-0.00945088 	-0.00593855 	-1.73948 	0.267568 	0.170788 	-0.203997 	
0.16	-0.00944554 	-0.00623413 	-1.73917 	0.267546 	0.170742 	-0.202952 	
0.165	-0.00939937 	-0.0065734 	-1.7389 	0.267624 	0.170996 	-0.202084 	
0.17	-0.00932052 	-0.00694951 	-1.73866 	0.267783 	0.171489 	-0.201359 	
0.175	-0.00921546 	-0.00735704 	-1.73844 	0.268005 	0.172173 	-0.200748 	
0.18	-0.00918703 	-0.00771052 	-1.73812 	0.268033 	0.1723 	-0.201311 	
0.185	-0.00912219 	-0.00810364 	-1.73783 	0.26815 	0.172692 	-0.201731 	
0.19	-0.00902819 	-0.00853039 	-1.73757 	0.26834 	0.173295 	-0.202036 	
0.195	-0.00897716 	-0.00892873 	-1.73725 	0.268425 	0.173572 	-0.201035 	
0.2	-0.0088941 	-0.00936334 	-1.73695 	0.268588 	0.174083 	-0.200204 	
0.205	-0.00878538 	-0.00982887 	-1.73667 	0.268815 	0.174782 	-0.199508 	
0.21	-0.0086561 	-0.0103211 	-1.73641 	0.269092 	0.175629 	-0.19892 	
0.215	-0.00864564 	-0.0107244 	-1.73601 	0.269065 	0.17562 	-0.19928 	
0.22	-0.00859486 	-0.0111704 	-1.73564 	0.269139 	0.175901 	-0.199536 	
0.225	-0.00851182 	-0.0116524 	-1.73529 	0.269293 	0.176415 	-0.199711 	
0.23	-0.00840294 	-0.0121651 	-1.73497 	0.269513 	0.177115 	-0.19982 	
0.235	-0.00832509 	-0.0126592 	-1.7346 	0.269657 	0.177578 	-0.198486 	
0.24	-0.00822029 	-0.0131853 	-1.73425 	0.269867 	0.178236 	-0.197389 	
0.245	-0.00809392 	-0.0137388 	-1.73391 	0.270131 	0.17905 	-0.19648 	
0.25	-0.00804214 	-0.0142414 	-1.73349 	0.270199 	0.179339 	-0.196781 	
0.255	-0.00795811 	-0.0147796 	-1.73309 	0.270349 	0.179858 	-0.19699 	
0.26	-0.00784829 	-0.0153483 	-1.73271 	0.270564 	0.180561 	-0.197128 	
0.265	-0.00771781 	-0.0159431 	-1.73234 	0.270832 	0.18141 	-0.197207 	
0.27	-0.00765743 	-0.0164872 	-1.73188 	0.270923 	0.181746 	-0.195836 	
0.275	-0.00756646 	-0.0170658 	-1.73145 	0.27109 	0.182302 	-0.194708 	
0.28	-0.00745102 	-0.017674 	-1.73104 	0.27132 	0.183033 	-0.193776 	
0.285	-0.00731601 	-0.0183076 	-1.73063 	0.271599 	0.183903 	-0.193 	
0.29	-0.00724862 	-0.018898 	-1.73015 	0.271694 	0.184316 	-0.193516 	
0.295	-0.00715202 	-0.019521 	-1.72969 	0.271865 	0.184932 	-0.193899 	
0.3	-0.00703206 	-0.0201717 	-1.72925 	0.272098 	0.18571 	-0.194175 	
0.305	-0.00693634 	-0.020809 	-1.72876 	0.272271 	0.186301 	-0.192854 	
0.31	-0.00681709 	-0.0214747 	-1.7283 	0.272505 	0.187058 	-0.191766 	
0.315	-0.00667902 	-0.0221649 	-1.72784 	0.272787 	0.187948 	-0.190866 	
0.32	-0.00652591 	-0.0228766 	-1.72739 	0.273108 	0.188944 	-0.190115 	
0.325	-0.00636077 	-0.0236072 	-1.72694 	0.273459 	0.190023 	-0.189485 	
0.33	-0.00634383 	-0.0242316 	-1.72633 	0.273408 	0.190109 	-0.189881 	
0.335	-0.0062876 	-0.0248957 	-1.72576 	0.273462 	0.19046 	-0.190167 	
0.34	-0.00620002 	-0.0255933 	-1.72521 	0.273599 	0.191023 	-0.190366 	
0.345	-0.00604121 	-0.0263544 	-1.72472 	0.273931 	0.192061 	-0.188988 	
0.35	-0.00587163 	-0.0271332 	-1.72422 	0.274291 	0.193172 	-0.187855 	
0.355	-0.00569344 	-0.0279278 	-1.72373 	0.274674 	0.194342 	-0.186918 	
0.36	-0.00550839 	-0.0287369 	-1.72323 	0.275074 	0.195559 	-0.186139 	
0.365	-0.00549714 	-0.0294211 	-1.72256 	0.274997 	0.195629 	-0.186306 	
0.37	-0.00544564 	-0.0301449 	-1.72193 	0.275029 	0.195966 	-0.18641 	
0.375	-0.00536203 	-0.030902 	-1.72131 	0.275149 	0.196515 	-0.186463 	
0.38	-0.00518216 	-0.0317442 	-1.72077 	0.27553 	0.197712 	-0.185186 	
0.385	-0.00499597 	-0.0325996 	-1.72023 	0.275928 	0.198949 	-0.184135 	
0.39	-0.00480476 	-0.0334673 	-1.71968 	0.276341 	0.200216 	-0.183263 	
0.395	-0.00460958 	-0.0343466 	-1.71913 	0.276765 	0.201508 	-0.182536 	
0.4	-0.00441129 	-0.0352367 	-1.71857 	0.277198 	0.202818 	-0.181923 	
0.405	-0.00445458 	-0.0359532 	-1.71779 	0.276954 	0.202576 	-0.181868 	
0.41	-0.00444701 	-0.0367159 	-1.71704 	0.276853 	0.202659 	-0.181794 	
0.415	-0.0043989 	-0.0375172 	-1.71632 	0.276866 	0.203002 	-0.181704 	
0.42	-0.00415588 	-0.0384803 	-1.71577 	0.277414 	0.204635 	-0.180461 	
0.425	-0.00391962 	-0.0394458 	-1.7152 	0.277946 	0.206216 	-0.179436 	
0.43	-0.0036888 	-0.0404146 	-1.71461 	0.278465 	0.207754 	-0.178586 	
0.435	-0.00346243 	-0.0413879 	-1.71401 	0.278974 	0.209259 	-0.177875 	
0.44	-0.00350402 	-0.0421691 	-1.71318 	0.278722 	0.209072 	-0.177593 	
0.445	-0.00349556 	-0.0429948 	-1.71238 	0.278614 	0.209197 	-0.177338 	
0.45	-0.00344722 	-0.0438576 	-1.7116 	0.278621 	0.209569 	-0.177104 	
0.455	-0.00319633 	-0.0448898 	-1.71099 	0.279185 	0.211276 	-0.175959 	
0.46	-0.00295431 	-0.0459214 	-1.71036 	0.27973 	0.212913 	-0.175013 	
0.465	-0.00271944 	-0.0469542 	-1.70971 	0.280258 	0.214493 	-0.174225 	
0.47	-0.0024904 	-0.0479893 	-1.70905 	0.280774 	0.216026 	-0.173565 	
0.475	-0.00252486 	-0.04884 	-1.70817 	0.280528 	0.215942 	-0.173037 	
0.48	-0.0025113 	-0.0497318 	-1.70732 	0.280423 	0.216145 	-0.172585 	
0.485	-0.0024595 	-0.0506582 	-1.70648 	0.280433 	0.216576 	-0.172193 	
0.49	-0.00220413 	-0.0517552 	-1.70581 	0.281007 	0.218336 	-0.171144 	
0.495	-0.00195921 	-0.0528492 	-1.70512 	0.281559 	0.220011 	-0.170275 	
0.5	-0.00172271 	-0.0539423 	-1.70442 	0.282093 	0.221617 	-0.169548 	
0.505	-0.00149307 	-0.0550362 	-1.70369 	0.282612 	0.223167 	-0.168936 	
0.51	-0.00152026 	-0.0559564 	-1.70276 	0.28237 	0.223198 	-0.168174 	
0.515	-0.00150161 	-0.0569143 	-1.70186 	0.282269 	0.223487 	-0.167534 	
0.52	-0.0014465 	-0.0579035 	-1.70098 	0.28228 	0.223984 	-0.166991 	
0.525	-0.00136235 	-0.0589194 	-1.7001 	0.282381 	0.224645 	-0.166527 	
0.53	-0.001051 	-0.0601322 	-1.69941 	0.283106 	0.226811 	-0.165356 	
0.535	-0.00076223 	-0.0613306 	-1.69869 	0.283777 	0.228806 	-0.164388 	
0.54	-0.000491582 	-0.0625188 	-1.69793 	0.284406 	0.230662 	-0.163583 	
0.545	-0.000495159 	-0.0635108 	-1.69697 	0.284235 	0.230859 	-0.162893 	
0.55	-0.000458512 	-0.0645358 	-1.69602 	0.284189 	0.231277 	-0.162311 	
0.555	-0.000389902 	-0.0655885 	-1.69509 	0.284245 	0.231871 	-0.161815 	
0.56	-0.000295857 	-0.0666648 	-1.69417 	0.284381 	0.232605 	-0.161387 	
0.565	-1.36667e-05 	-0.0679249 	-1.6934 	0.285002 	0.234682 	-0.160026 	
0.57	0.000250807 	-0.0691705 	-1.6926 	0.285589 	0.2366 	-0.158906 	
0.575	0.000501031 	-0.0704058 	-1.69177 	0.286151 	0.238389 	-0.157979 	
0.58	0.000739669 	-0.071634 	-1.69092 	0.286691 	0.240076 	-0.157207 	
0.585	0.000687645 	-0.0726515 	-1.68987 	0.286377 	0.240022 	-0.156576 	
0.59	0.000684465 	-0.0737074 	-1.68883 	0.286217 	0.240233 	-0.156041 	
0.595	0.00072012 	-0.074795 	-1.68781 	0.28618 	0.240656 	-0.155583 	
0.6	0.00100398 	-0.0761103 	-1.68698 	0.286815 	0.242757 	-0.154338 	
0.605	0.00126871 	-0.077409 	-1.68611 	0.287413 	0.244689 	-0.153311 	
0.61	0.00151807 	-0.0786955 	-1.68523 	0.287982 	0.246484 	-0.152459 	
0.615	0.00175492 	-0.0799735 	-1.68432 	0.288528 	0.24817 	-0.151746 	
0.62	0.00171163 	-0.0810632 	-1.68322 	0.288215 	0.248285 	-0.150854 	
0.625	0.0017143 	-0.0821853 	-1.68214 	0.288055 	0.248625 	-0.15011 	
0.63	0.00175349 	-0.0833345 	-1.68108 	0.288018 	0.249146 	-0.149484 	
0.635	0.00202886 	-0.0846942 	-1.68018 	0.28864 	0.251206 	-0.148367 	
0.64	0.00228564 	-0.0860366 	-1.67925 	0.289227 	0.253099 	-0.147443 	
0.645	0.00252744 	-0.0873664 	-1.67829 	0.289787 	0.254858 	-0.146672 	
0.65	0.00275703 	-0.0886871 	-1.67732 	0.290324 	0.256508 	-0.146024 	
0.655	0.00272165 	-0.089848 	-1.67619 	0.29001 	0.256795 	-0.144887 	
0.66	0.00272939 	-0.091035 	-1.67507 	0.289848 	0.257267 	-0.143946 	
0.665	0.00277138 	-0.0922441 	-1.67396 	0.289809 	0.257887 	-0.143162 	
0.67	0.00284058 	-0.093472 	-1.67286 	0.289867 	0.258624 	-0.142505 	
0.675	0.00316837 	-0.0949383 	-1.67192 	0.290642 	0.261067 	-0.141338 	
0.68	0.00346558 	-0.0963752 	-1.67095 	0.291351 	0.263259 	-0.140374 	
0.685	0.00373823 	-0.0977893 	-1.66995 	0.292007 	0.26525 	-0.139571 	
0.69	0.0037177 	-0.0990013 	-1.66878 	0.291756 	0.265622 	-0.138559 	
0.695	0.00373599 	-0.100237 	-1.66761 	0.291644 	0.266155 	-0.137718 	
0.7	0.00378508 	-0.101492 	-1.66645 	0.291643 	0.266818 	-0.137014 	
0.705	0.0038586 	-0.102763 	-1.6653 	0.291731 	0.267583 	-0.136421 	
0.71	0.00415227 	-0.104275 	-1.6643 	0.292377 	0.269974 	-0.135023 	
0.715	0.00442078 	-0.105755 	-1.66326 	0.292982 	0.272118 	-0.133874 	
0.72	0.00466905 	-0.107211 	-1.66219 	0.293554 	0.274063 	-0.132924 	
0.725	0.0046681 	-0.108475 	-1.66098 	0.293381 	0.274546 	-0.132029 	
0.73	0.00470064 	-0.109759 	-1.65977 	0.293331 	0.275162 	-0.131283 	
0.735	0.00475969 	-0.111059 	-1.65857 	0.29338 	0.275884 	-0.130655 	
0.74	0.00497591 	-0.112545 	-1.65747 	0.29381 	0.277825 	-0.129363 	
0.745	0.00518125 	-0.114011 	-1.65635 	0.294242 	0.279603 	-0.128298 	
0.75	0.00537776 	-0.115459 	-1.65521 	0.294676 	0.28125 	-0.127416 	
0.755	0.00556697 	-0.116896 	-1.65405 	0.29511 	0.282791 	-0.126678 	
0.76	0.00575015 	-0.118323 	-1.65287 	0.295545 	0.284247 	-0.126058 	
0.765	0.0057129 	-0.119658 	-1.65161 	0.295186 	0.284836 	-0.124615 	
0.77	0.00571469 	-0.121005 	-1.65035 	0.294987 	0.285529 	-0.12343 	
0.775	0.00574747 	-0.122363 	-1.64909 	0.294915 	0.286304 	-0.122452 	
0.78	0.00580483 	-0.12373 	-1.64784 	0.294944 	0.287143 	-0.121639 	
0.785	0.00610474 	-0.125323 	-1.6467 	0.295673 	0.289525 	-0.120591 	
0.79	0.00637506 	-0.126881 	-1.64554 	0.296343 	0.291647 	-0.119721 	
0.795	0.00662158 	-0.128411 	-1.64435 	0.296965 	0.29356 	-0.118995 	
0.8	0.00659027 	-0.129775 	-1.64304 	0.296657 	0.294149 	-0.117718 	
0.805	0.00659529 	-0.131151 	-1.64174 	0.296497 	0.294834 	-0.116665 	
0.81	0.00662911 	-0.132537 	-1.64043 	0.296456 	0.295596 	-0.115793 	
0.815	0.00668575 	-0.133932 	-1.63912 	0.29651 	0.296418 	-0.115065 	
0.82	0.00694912 	-0.135569 	-1.63793 	0.297091 	0.298786 	-0.113757 	
0.825	0.0071886 	-0.137166 	-1.63671 	0.297643 	0.300889 	-0.112681 	
0.83	0.00740887 	-0.138733 	-1.63547 	0.298169 	0.302779 	-0.111789 	
0.835	0.00739221 	-0.14013 	-1.63412 	0.29794 	0.303414 	-0.110674 	
0.84	0.00740738 	-0.141536 	-1.63277 	0.297843 	0.30413 	-0.109752 	
0.845	0.00744773 	-0.142951 	-1.63142 	0.297851 	0.304908 	-0.108985 	
0.85	0.00750802 	-0.144373 	-1.63007 	0.297943 	0.305735 	-0.108341 	
0.855	0.0077352 	-0.14605 	-1.62882 	0.298381 	0.308089 	-0.106798 	
0.86	0.0079441 	-0.147684 	-1.62755 	0.298816 	0.310173 	-0.105533 	
0.865	0.0081383 	-0.149283 	-1.62625 	0.29925 	0.312041 	-0.104491 	
0.87	0.00832048 	-0.150856 	-1.62493 	0.299681 	0.313734 	-0.103628 	
0.875	0.00824909 	-0.15224 	-1.62352 	0.299302 	0.314079 	-0.102568 	
0.88	0.00821873 	-0.15364 	-1.6221 	0.299084 	0.314554 	-0.101691 	
0.885	0.00822093 	-0.155053 	-1.62069 	0.298995 	0.315131 	-0.100959 	
0.89	0.0084376 	-0.156738 	-1.61939 	0.299445 	0.317367 	-0.0996027 	
0.895	0.00863653 	-0.158381 	-1.61806 	0.299889 	0.319349 	-0.0984876 	
0.9	0.00882118 	-0.159991 	-1.61671 	0.300329 	0.321128 	-0.097566 	
0.905	0.00899414 	-0.161575 	-1.61534 	0.300765 	0.322742 	-0.0967989 	
0.91	0.00891991 	-0.163022 	-1.6139 	0.300334 	0.323293 	-0.095478 	
0.915	0.00888565 	-0.164475 	-1.61246 	0.300073 	0.323925 	-0.0943921 	
0.92	0.0088831 	-0.165934 	-1.61102 	0.299948 	0.324619 	-0.0934943 	
0.925	0.00908243 	-0.167615 	-1.60965 	0.30039 	0.326692 	-0.0923216 	
0.93	0.00926594 	-0.169258 	-1.60827 	0.300828 	0.328536 	-0.0913543 	
0.935	0.00943667 	-0.17087 	-1.60687 	0.301261 	0.330196 	-0.0905513 	
0.94	0.00959694 	-0.172458 	-1.60545 	0.301691 	0.331708 	-0.0898798 	
0.945	0.00951804 	-0.173962 	-1.60399 	0.301206 	0.332447 	-0.0883248 	
0.95	0.00947841 	-0.175463 	-1.60252 	0.3009 	0.333222 	-0.0870522 	
0.955	0.00946998 	-0.176963 	-1.60105 	0.300739 	0.334023 	-0.0860057 	
0.96	0.00948628 	-0.17846 	-1.59958 	0.300694 	0.334844 	-0.0851402 	
0.965	0.00971975 	-0.180202 	-1.59818 	0.301263 	0.337149 	-0.0840288 	
0.97	0.00992874 	-0.181896 	-1.59675 	0.301801 	0.339169 	-0.0831112 	
0.975	0.010118 	-0.18355 	-1.59531 	0.302314 	0.340961 	-0.0823487 	
0.98	0.0100457 	-0.185055 	-1.59381 	0.301899 	0.341645 	-0.0809956 	
0.985	0.0100098 	-0.186558 	-1.59231 	0.301649 	0.342366 	-0.0798852 	
0.99	0.0100028 	-0.188059 	-1.59081 	0.301532 	0.343117 	-0.078969 	
0.995	0.0100187 	-0.18956 	-1.5893 	0.301521 	0.343892 	-0.0782082 	
1	0.0102093 	-0.191332 	-1.58786 	0.301912 	0.346196 	-0.0768459 	
1.005	0.0103824 	-0.193051 	-1.5864 	0.302307 	0.348209 	-0.0757282 	
1.01	0.0105414 	-0.194726 	-1.58492 	0.302705 	0.349987 	-0.0748065 	
1.015	0.010689 	-0.196366 	-1.58343 	0.303105 	0.351577 	-0.0740414 	
1.02	0.0105549 	-0.197835 	-1.58189 	0.302507 	0.351951 	-0.0726925 	
1.025	0.0104679 	-0.199309 	-1.58034 	0.302111 	0.352417 	-0.0715864 	
1.03	0.0104185 	-0.200788 	-1.5788 	0.301875 	0.352955 	-0.0706746 	
1.035	0.0105983 	-0.202543 	-1.57731 	0.302288 	0.355097 	-0.0695107 	
1.04	0.0107614 	-0.204246 	-1.57581 	0.302699 	0.356972 	-0.0685525 	
1.045	0.010911 	-0.205909 	-1.5743 	0.303109 	0.358633 	-0.0677591 	
1.05	0.0108459 	-0.207451 	-1.57275 	0.302741 	0.359423 	-0.066466 	
1.055	0.0108128 	-0.208983 	-1.5712 	0.302529 	0.360214 	-0.065405 	
1.06	0.0108051 	-0.210509 	-1.56964 	0.302439 	0.361005 	-0.0645299 	
1.065	0.0108176 	-0.212028 	-1.56809 	0.302449 	0.361796 	-0.0638036 	
1.07	0.0109431 	-0.213796 	-1.56657 	0.302642 	0.363887 	-0.0623901 	
1.075	0.0110614 	-0.215511 	-1.56504 	0.302878 	0.365713 	-0.0612332 	
1.08	0.0111737 	-0.217181 	-1.56349 	0.303146 	0.367328 	-0.0602817 	
1.085	0.0112812 	-0.218817 	-1.56194 	0.303441 	0.368772 	-0.0594945 	
1.09	0.011168 	-0.220319 	-1.56036 	0.302939 	0.3693 	-0.0582392 	
1.095	0.0110949 	-0.221818 	-1.55878 	0.302618 	0.369875 	-0.0572095 	
1.1	0.0110538 	-0.223315 	-1.55721 	0.302441 	0.370485 	-0.0563605 	
1.105	0.011038 	-0.22481 	-1.55562 	0.302379 	0.371123 	-0.0556561 	
1.11	0.0111955 	-0.226637 	-1.55408 	0.302676 	0.373498 	-0.0542254 	
1.115	0.0113377 	-0.228396 	-1.55253 	0.302993 	0.375544 	-0.0530558 	
1.12	0.0114677 	-0.230101 	-1.55096 	0.303325 	0.377325 	-0.0520952 	
1.125	0.0113632 	-0.231579 	-1.54937 	0.302905 	0.377771 	-0.0510428 	
1.13	0.0112959 	-0.233057 	-1.54777 	0.302647 	0.378272 	-0.0501763 	
1.135	0.011258 	-0.234535 	-1.54618 	0.302521 	0.378817 	-0.0494588 	
1.14	0.0113414 	-0.236272 	-1.54461 	0.30262 	0.380685 	-0.0481395 	
1.145	0.0114233 	-0.237957 	-1.54303 	0.302779 	0.38232 	-0.0470598 	
1.15	0.0115042 	-0.2396 	-1.54144 	0.302985 	0.383767 	-0.0461721 	
1.155	0.011584 	-0.241208 	-1.53985 	0.303228 	0.385063 	-0.0454378 	
1.16	0.0114703 	-0.242735 	-1.53825 	0.302718 	0.385744 	-0.0441385 	
1.165	0.0113944 	-0.24425 	-1.53665 	0.302388 	0.386426 	-0.0430756 	
1.17	0.0113485 	-0.245754 	-1.53505 	0.302203 	0.387108 	-0.0422019 	
1.175	0.0113266 	-0.247249 	-1.53346 	0.302133 	0.38779 	-0.0414797 	
1.18	0.0114276 	-0.24901 	-1.53187 	0.302301 	0.389809 	-0.0401874 	
1.185	0.0115224 	-0.250711 	-1.53027 	0.302513 	0.391557 	-0.0391305 	
1.19	0.0116123 	-0.252362 	-1.52867 	0.302761 	0.393087 	-0.0382621 	
1.195	0.0116981 	-0.253973 	-1.52707 	0.303037 	0.394442 	-0.0375444 	
1.2	0.011525 	-0.25543 	-1.52547 	0.302349 	0.394788 	-0.0362754 	
1.205	0.0114005 	-0.256883 	-1.52386 	0.301876 	0.395196 	-0.0352379 	
1.21	0.0113147 	-0.258334 	-1.52226 	0.301575 	0.395651 	-0.0343858 	
1.215	0.011413 	-0.260046 	-1.52066 	0.301795 	0.397492 	-0.0333035 	
1.22	0.0115046 	-0.261704 	-1.51906 	0.302048 	0.399091 	-0.0324157 	
1.225	0.0115911 	-0.263316 	-1.51745 	0.302328 	0.400496 	-0.0316835 	
1.23	0.0114776 	-0.264817 	-1.51585 	0.301848 	0.401171 	-0.0304865 	
1.235	0.0113999 	-0.266303 	-1.51425 	0.301542 	0.401837 	-0.0295074 	
1.24	0.0113506 	-0.267775 	-1.51265 	0.301373 	0.402494 	-0.0287029 	
1.245	0.0113239 	-0.269236 	-1.51105 	0.301316 	0.403143 	-0.028038 	
1.25	0.0113663 	-0.270938 	-1.50945 	0.301303 	0.404921 	-0.0267462 	
1.255	0.0114125 	-0.272582 	-1.50784 	0.30137 	0.406463 	-0.0256919 	
1.26	0.0114616 	-0.274178 	-1.50624 	0.301501 	0.407818 	-0.0248276 	
1.265	0.0115131 	-0.275735 	-1.50464 	0.301681 	0.409021 	-0.0241155 	
1.27	0.01136 	-0.277167 	-1.50305 	0.30109 	0.409439 	-0.0229795 	
1.275	0.0112497 	-0.27859 	-1.50146 	0.300694 	0.409893 	-0.0220506 	
1.28	0.0111736 	-0.280006 	-1.49987 	0.300453 	0.410374 	-0.0212873 	
1.285	0.0111246 	-0.281415 	-1.49829 	0.300337 	0.410877 	-0.0206567 	
1.29	0.0111933 	-0.283139 	-1.49668 	0.300413 	0.412866 	-0.0193761 	
1.295	0.0112596 	-0.284794 	-1.49508 	0.300551 	0.414572 	-0.0183319 	
1.3	0.011324 	-0.286393 	-1.49349 	0.300736 	0.416051 	-0.017477 	
1.305	0.0113868 	-0.287945 	-1.49189 	0.30096 	0.417348 	-0.0167735 	
1.31	0.0111754 	-0.28927 	-1.49033 	0.3002 	0.417365 	-0.0157164 	
1.315	0.0110179 	-0.2906 	-1.48876 	0.299668 	0.417492 	-0.0148517 	
1.32	0.0109033 	-0.291934 	-1.4872 	0.299318 	0.417708 	-0.0141411 	
1.325	0.0109747 	-0.293592 	-1.48561 	0.299464 	0.419514 	-0.0130712 	
1.33	0.0110426 	-0.295187 	-1.48402 	0.299657 	0.421069 	-0.0121967 	
1.335	0.0111078 	-0.296731 	-1.48244 	0.299886 	0.422423 	-0.0114785 	
1.34	0.010961 	-0.298106 	-1.48088 	0.299339 	0.422835 	-0.0104522 	
1.345	0.0108545 	-0.299471 	-1.47933 	0.298977 	0.423275 	-0.00961308 	
1.35	0.0107803 	-0.300827 	-1.47779 	0.298763 	0.423737 	-0.00892369 	
1.355	0.0107317 	-0.302175 	-1.47624 	0.298667 	0.424215 	-0.00835421 	
1.36	0.0107451 	-0.303795 	-1.47467 	0.298577 	0.425902 	-0.00712326 	
1.365	0.0107662 	-0.305352 	-1.4731 	0.29858 	0.427358 	-0.00612084 	
1.37	0.0107935 	-0.306858 	-1.47154 	0.298657 	0.42863 	-0.00530142 	
1.375	0.0108258 	-0.308321 	-1.46999 	0.298794 	0.429753 	-0.00462841 	
1.38	0.0106424 	-0.309597 	-1.46848 	0.298148 	0.429866 	-0.00369633 	
1.385	0.0105064 	-0.310873 	-1.46697 	0.297707 	0.430063 	-0.00293365 	
1.39	0.0104082 	-0.312149 	-1.46546 	0.297428 	0.430326 	-0.00230659 	
1.395	0.0103401 	-0.313423 	-1.46396 	0.297281 	0.430642 	-0.00178812 	
1.4	0.0103839 	-0.315058 	-1.4624 	0.297285 	0.432574 	-0.000551785 	
1.405	0.0104289 	-0.316619 	-1.46086 	0.297363 	0.434222 	0.000453837 	
1.41	0.0104751 	-0.318118 	-1.45932 	0.2975 	0.435643 	0.00127469 	
1.415	0.0103137 	-0.31933 	-1.45785 	0.296976 	0.435681 	0.002016 	
1.42	0.010195 	-0.320546 	-1.45638 	0.296631 	0.435816 	0.00262514 	
1.425	0.0101105 	-0.321765 	-1.45491 	0.296429 	0.436026 	0.00312851 	
1.43	0.0100994 	-0.323259 	-1.4534 	0.296298 	0.437442 	0.00420507 	
1.435	0.0101006 	-0.324697 	-1.4519 	0.296267 	0.438676 	0.00508208 	
1.44	0.0101116 	-0.32609 	-1.45041 	0.296317 	0.439763 	0.00579931 	
1.445	0.0101304 	-0.327446 	-1.44893 	0.296431 	0.440734 	0.00638871 	
1.45	0.0101556 	-0.32877 	-1.44747 	0.296596 	0.441611 	0.00687584 	
1.455	0.00991517 	-0.329963 	-1.44604 	0.295689 	0.441672 	0.00797832 	
1.46	0.00973319 	-0.331154 	-1.44462 	0.295037 	0.441822 	0.00887531 	
1.465	0.00959794 	-0.332342 	-1.4432 	0.294589 	0.442042 	0.00960776 	
1.47	0.00950005 	-0.333526 	-1.44179 	0.294305 	0.442319 	0.0102085 	
1.475	0.00958805 	-0.335007 	-1.44032 	0.294582 	0.444016 	0.0110029 	
1.48	0.00966838 	-0.336424 	-1.43886 	0.294877 	0.445472 	0.0116531 	
1.485	0.00974271 	-0.337787 	-1.43741 	0.295187 	0.446735 	0.0121878 	
1.49	0.00952815 	-0.338905 	-1.43605 	0.294415 	0.446716 	0.0130946 	
1.495	0.00936692 	-0.340025 	-1.43468 	0.293871 	0.4468 	0.0138343 	
1.5	0.00924833 	-0.341146 	-1.43332 	0.29351 	0.446966 	0.0144402 	
1.505	0.00916387 	-0.342266 	-1.43196 	0.293295 	0.447199 	0.014939 	
1.51	0.00920169 	-0.343687 	-1.43054 	0.293361 	0.448773 	0.0158485 	
1.515	0.00924206 	-0.345044 	-1.42913 	0.293487 	0.45013 	0.0165901 	
1.52	0.0092846 	-0.346349 	-1.42774 	0.293661 	0.451313 	0.0171972 	
1.525	0.00910477 	-0.347401 	-1.42643 	0.29305 	0.451281 	0.0179236 	
1.53	0.0089715 	-0.348458 	-1.42512 	0.292634 	0.451353 	0.0185183 	
1.535	0.00887548 	-0.349518 	-1.42382 	0.292375 	0.451511 	0.0190075 	
1.54	0.00880929 	-0.350578 	-1.42253 	0.292242 	0.451735 	0.0194124 	
1.545	0.00880156 	-0.351928 	-1.42116 	0.292118 	0.453173 	0.0204078 	
1.55	0.0088058 	-0.353217 	-1.41981 	0.292093 	0.45442 	0.0212173 	
1.555	0.00881977 	-0.354457 	-1.41849 	0.292146 	0.455516 	0.021878 	
1.56	0.00884156 	-0.355654 	-1.41718 	0.292262 	0.456489 	0.0224198 	
1.565	0.00862976 	-0.356561 	-1.41596 	0.291564 	0.456108 	0.0230238 	
1.57	0.00847137 	-0.35749 	-1.41475 	0.291079 	0.455902 	0.0235199 	
1.575	0.00835572 	-0.358433 	-1.41354 	0.290765 	0.455837 	0.0239295 	
1.58	0.00827429 	-0.359386 	-1.41233 	0.290587 	0.455884 	0.02427 	
1.585	0.00830707 	-0.360737 	-1.41102 	0.290587 	0.45761 	0.0252741 	
1.59	0.00834412 	-0.362015 	-1.40972 	0.29066 	0.459089 	0.0260899 	
1.595	0.0083848 	-0.363231 	-1.40845 	0.290792 	0.46037 	0.026755 	
1.6	0.00820455 	-0.364063 	-1.40732 	0.290235 	0.459971 	0.0272025 	
1.605	0.00807186 	-0.364919 	-1.40618 	0.289863 	0.459752 	0.0275729 	
1.61	0.00797721 	-0.365793 	-1.40505 	0.289639 	0.459676 	0.0278815 	
1.615	0.00791308 	-0.366678 	-1.40391 	0.289534 	0.459717 	0.0281408 	
1.62	0.00790274 	-0.367934 	-1.40267 	0.289363 	0.46125 	0.0291824 	
1.625	0.00790588 	-0.369123 	-1.40146 	0.289299 	0.462575 	0.0300278 	
1.63	0.00792003 	-0.370256 	-1.40027 	0.289322 	0.463735 	0.0307161 	
1.635	0.00777521 	-0.371024 	-1.39921 	0.288911 	0.463378 	0.0310354 	
1.64	0.00767144 	-0.371816 	-1.39815 	0.288656 	0.463193 	0.0313028 	
1.645	0.00760051 	-0.372625 	-1.3971 	0.288525 	0.463147 	0.0315287 	
1.65	0.00755596 	-0.373446 	-1.39604 	0.288494 	0.463212 	0.0317214 	
1.655	0.00750757 	-0.374599 	-1.39489 	0.288175 	0.464545 	0.0327762 	
1.66	0.00748098 	-0.375693 	-1.39376 	0.287993 	0.465713 	0.0336317 	
1.665	0.00747205 	-0.376736 	-1.39266 	0.287921 	0.466749 	0.0343278 	
1.67	0.00747734 	-0.377737 	-1.39158 	0.287938 	0.467679 	0.0348963 	
1.675	0.00731869 	-0.378328 	-1.39065 	0.287524 	0.466934 	0.0350025 	
1.68	0.00720467 	-0.378963 	-1.38972 	0.287268 	0.466442 	0.0350991 	
1.685	0.00712641 	-0.379631 	-1.38878 	0.287136 	0.466153 	0.035188 	
1.69	0.00710289 	-0.380686 	-1.38772 	0.286942 	0.467394 	0.0360765 	
1.695	0.007097 	-0.381687 	-1.38668 	0.286861 	0.46849 	0.0367989 	
1.7	0.00710543 	-0.382642 	-1.38567 	0.28687 	0.469472 	0.0373881 	
1.705	0.00712542 	-0.38356 	-1.38467 	0.286952 	0.470362 	0.0378711 	
1.71	0.00694739 	-0.384088 	-1.38384 	0.286427 	0.469626 	0.0380543 	
1.715	0.0068187 	-0.384659 	-1.38299 	0.286081 	0.469145 	0.0382123 	
1.72	0.00672954 	-0.385262 	-1.38215 	0.285878 	0.468867 	0.0383501 	
1.725	0.00672715 	-0.386208 	-1.38118 	0.285796 	0.469985 	0.0390715 	
1.73	0.00673907 	-0.387108 	-1.38024 	0.285805 	0.470987 	0.0396599 	
1.735	0.00676265 	-0.387968 	-1.37933 	0.285886 	0.471897 	0.040142 	
1.74	0.00679566 	-0.388796 	-1.37843 	0.286026 	0.472734 	0.0405391 	
1.745	0.00660178 	-0.389252 	-1.37769 	0.285408 	0.471988 	0.0407734 	
1.75	0.00646131 	-0.389751 	-1.37694 	0.284989 	0.471501 	0.0409721 	
1.755	0.00636367 	-0.390283 	-1.37619 	0.284727 	0.471224 	0.0411424 	
1.76	0.00630043 	-0.390839 	-1.37544 	0.284593 	0.471114 	0.04129 	
1.765	0.00633779 	-0.391757 	-1.37456 	0.284632 	0.472479 	0.0420175 	
1.77	0.00638259 	-0.392618 	-1.37371 	0.284738 	0.473683 	0.0426109 	
1.775	0.00643356 	-0.393431 	-1.37288 	0.284897 	0.474759 	0.043097 	
1.78	0.00627652 	-0.393814 	-1.37224 	0.284424 	0.474067 	0.0432233 	
1.785	0.0061665 	-0.39424 	-1.3716 	0.28412 	0.473629 	0.0433357 	
1.79	0.00609421 	-0.394698 	-1.37094 	0.283952 	0.473394 	0.043437 	
1.795	0.00605224 	-0.395181 	-1.37029 	0.283892 	0.473323 	0.0435295 	
1.8	0.00603468 	-0.395681 	-1.36964 	0.283919 	0.473383 	0.0436151 	
1.805	0.00602147 	-0.3965 	-1.36888 	0.283719 	0.474643 	0.0444679 	
1.81	0.00602701 	-0.397265 	-1.36815 	0.283634 	0.475768 	0.0451616 	
1.815	0.0060478 	-0.397985 	-1.36744 	0.28364 	0.476786 	0.045728 	
1.82	0.00593944 	-0.398241 	-1.36693 	0.28339 	0.476023 	0.0456207 	
1.825	0.00586958 	-0.39855 	-1.36641 	0.283265 	0.475534 	0.0455464 	
1.83	0.00583064 	-0.398898 	-1.36588 	0.28324 	0.475263 	0.0454987 	
1.835	0.00581661 	-0.399275 	-1.36535 	0.283296 	0.475169 	0.0454723 	
1.84	0.00577664 	-0.399955 	-1.36472 	0.283 	0.47618 	0.046267 	
1.845	0.00576196 	-0.400594 	-1.36411 	0.282839 	0.477112 	0.0469145 	
1.85	0.00576773 	-0.401198 	-1.36352 	0.282785 	0.477981 	0.0474441 	
1.855	0.0056943 	-0.401396 	-1.36311 	0.282656 	0.477338 	0.047283 	
1.86	0.00565352 	-0.401642 	-1.36269 	0.282628 	0.47695 	0.0471659 	
1.865	0.005639 	-0.401925 	-1.36226 	0.282682 	0.476766 	0.0470842 	
1.87	0.00564567 	-0.402234 	-1.36184 	0.2828 	0.476747 	0.047031 	
1.875	0.0055799 	-0.402762 	-1.36134 	0.28242 	0.477468 	0.0477376 	
1.88	0.00554581 	-0.403264 	-1.36086 	0.282192 	0.478174 	0.0483149 	
1.885	0.00553728 	-0.403743 	-1.3604 	0.282085 	0.478869 	0.0487888 	
1.89	0.00549627 	-0.403881 	-1.36009 	0.282065 	0.478345 	0.0485847 	
1.895	0.00548262 	-0.404064 	-1.35977 	0.282125 	0.478058 	0.0484336 	
1.9	0.00549103 	-0.404281 	-1.35945 	0.282249 	0.477961 	0.0483251 	
1.905	0.00551727 	-0.404523 	-1.35913 	0.282424 	0.478017 	0.0482508 	
1.91	0.00555795 	-0.404783 	-1.35881 	0.28264 	0.478197 	0.0482041 	
1.915	0.00542545 	-0.405147 	-1.35847 	0.281983 	0.478594 	0.0489545 	
1.92	0.00533943 	-0.405501 	-1.35814 	0.281533 	0.479048 	0.0495674 	
1.925	0.0052908 	-0.405844 	-1.35783 	0.28125 	0.479548 	0.0500701 	
1.93	0.00531783 	-0.405896 	-1.35764 	0.281506 	0.479138 	0.0496873 	
1.935	0.00536004 	-0.405992 	-1.35744 	0.281788 	0.478949 	0.0493939 	
1.94	0.00541459 	-0.406123 	-1.35724 	0.282091 	0.478938 	0.0491722 	
1.945	0.0054792 	-0.406278 	-1.35704 	0.282409 	0.479069 	0.049008 	
1.95	0.00533244 	-0.406492 	-1.35685 	0.281713 	0.479212 	0.0496492 	
1.955	0.00523633 	-0.40671 	-1.35665 	0.281233 	0.479469 	0.0501752 	
1.96	0.00518094 	-0.406929 	-1.35647 	0.280925 	0.479818 	0.050609 	
1.965	0.00523154 	-0.406919 	-1.35639 	0.281251 	0.479518 	0.0502142 	
1.97	0.00529393 	-0.406951 	-1.35629 	0.281588 	0.479425 	0.0499117 	
1.975	0.00536593 	-0.407015 	-1.3562 	0.281935 	0.479496 	0.0496833 	
1.98	0.00544583 	-0.407101 	-1.35611 	0.28229 	0.479701 	0.0495145 	
1.985	0.00528902 	-0.407157 	-1.35605 	0.281579 	0.479567 	0.0500159 	
1.99	0.00518622 	-0.407232 	-1.356 	0.281087 	0.47961 	0.0504308 	
1.995	0.00512682 	-0.407321 	-1.35595 	0.280771 	0.479795 	0.0507764 	
2	0.00510233 	-0.407419 	-1.35591 	0.280596 	0.480094 	0.0510666 	
2.005	0.00519939 	-0.407278 	-1.35595 	0.281143 	0.479689 	0.0504258 	
2.01	0.00529752 	-0.407204 	-1.35596 	0.281657 	0.479502 	0.0499255 	
2.015	0.0053962 	-0.407186 	-1.35593 	0.282145 	0.479488 	0.0495377 	
2.02	0.00527567 	-0.407285 	-1.35585 	0.281562 	0.479614 	0.0500066 	
2.025	0.00519871 	-0.407407 	-1.35575 	0.281172 	0.479847 	0.0503934 	
2.03	0.00515627 	-0.407548 	-1.35563 	0.280936 	0.480163 	0.0507141 	
2.035	0.00514112 	-0.407706 	-1.35548 	0.280823 	0.480543 	0.0509817 	
2.04	0.00520016 	-0.407645 	-1.35541 	0.281212 	0.480205 	0.0503844 	
2.045	0.00526553 	-0.407642 	-1.3553 	0.281598 	0.480058 	0.0499174 	
2.05	0.00533564 	-0.407688 	-1.35516 	0.281983 	0.480062 	0.0495544 	
2.055	0.00524549 	-0.407892 	-1.35495 	0.281536 	0.480422 	0.0499799 	
2.06	0.00519049 	-0.408104 	-1.35473 	0.281253 	0.480828 	0.0503304 	
2.065	0.00516328 	-0.408325 	-1.35449 	0.281102 	0.481269 	0.0506205 	
2.07	0.00515798 	-0.408553 	-1.35423 	0.281054 	0.481736 	0.0508621 	
2.075	0.00516989 	-0.408787 	-1.35395 	0.281091 	0.482222 	0.0510647 	
2.08	0.0051858 	-0.408774 	-1.35376 	0.28133 	0.48181 	0.0503285 	
2.085	0.00521404 	-0.408818 	-1.35354 	0.281595 	0.481589 	0.0497486 	
2.09	0.00525184 	-0.408908 	-1.35329 	0.281881 	0.48152 	0.0492936 	
2.095	0.00519307 	-0.409263 	-1.35292 	0.28155 	0.482257 	0.0498358 	
2.1	0.00516053 	-0.409603 	-1.35254 	0.281358 	0.48295 	0.0502779 	
2.105	0.00514872 	-0.409934 	-1.35216 	0.281278 	0.483605 	0.0506396 	
2.11	0.00515318 	-0.410257 	-1.35176 	0.281287 	0.484228 	0.0509367 	
2.115	0.00514659 	-0.410343 	-1.35145 	0.281421 	0.48398 	0.0502305 	
2.12	0.00515467 	-0.410472 	-1.35112 	0.2816 	0.483877 	0.0496731 	
2.125	0.00517417 	-0.410637 	-1.35075 	0.281816 	0.483889 	0.0492346 	
2.13	0.00513453 	-0.411063 	-1.35027 	0.281589 	0.484737 	0.0497259 	
2.135	0.00511518 	-0.411467 	-1.34979 	0.281479 	0.485506 	0.0501259 	
2.14	0.00511182 	-0.411854 	-1.3493 	0.281463 	0.486209 	0.0504525 	
2.145	0.00512096 	-0.412228 	-1.3488 	0.281522 	0.486859 	0.0507201 	
2.15	0.00513983 	-0.412592 	-1.3483 	0.281641 	0.487463 	0.0509404 	
2.155	0.00509108 	-0.412766 	-1.34787 	0.281593 	0.487303 	0.0500817 	
2.16	0.00506314 	-0.412972 	-1.34742 	0.281625 	0.487257 	0.0494007 	
2.165	0.00505156 	-0.413204 	-1.34694 	0.281723 	0.487301 	0.0488618 	
2.17	0.00504356 	-0.413729 	-1.34633 	0.281642 	0.488357 	0.0494834 	
2.175	0.00504729 	-0.414218 	-1.34572 	0.281648 	0.489278 	0.0499861 	
2.18	0.00506021 	-0.414679 	-1.34511 	0.281723 	0.49009 	0.0503933 	
2.185	0.00508022 	-0.415118 	-1.3445 	0.281853 	0.490812 	0.050724 	
2.19	0.00501732 	-0.415398 	-1.34396 	0.281724 	0.490867 	0.0499047 	
2.195	0.00497624 	-0.415693 	-1.3434 	0.281691 	0.490982 	0.0492539 	
2.2	0.00495239 	-0.416001 	-1.34283 	0.281735 	0.491143 	0.0487379 	
2.205	0.0049542 	-0.416566 	-1.34213 	0.281727 	0.49221 	0.0492987 	
2.21	0.00496408 	-0.417091 	-1.34144 	0.281791 	0.493128 	0.0497514 	
2.215	0.00498025 	-0.417585 	-1.34075 	0.281911 	0.493927 	0.0501175 	
2.22	0.00500124 	-0.418055 	-1.34006 	0.282076 	0.494628 	0.0504142 	
2.225	0.00502587 	-0.418506 	-1.33937 	0.282278 	0.495251 	0.0506551 	
2.23	0.00492057 	-0.418906 	-1.33871 	0.281931 	0.495537 	0.0496696 	
2.235	0.00484379 	-0.419302 	-1.33804 	0.281723 	0.495825 	0.0488846 	
2.24	0.00478965 	-0.419696 	-1.33736 	0.281626 	0.496113 	0.0482599 	
2.245	0.00482387 	-0.420295 	-1.33657 	0.281796 	0.497198 	0.0489655 	
2.25	0.00485807 	-0.420853 	-1.3358 	0.282001 	0.498119 	0.0495329 	
2.255	0.00489212 	-0.421376 	-1.33503 	0.282233 	0.49891 	0.0499897 	
2.26	0.00492587 	-0.421873 	-1.33426 	0.282487 	0.499595 	0.0503577 	
2.265	0.00481275 	-0.422369 	-1.33351 	0.282084 	0.500095 	0.0494219 	
2.27	0.00472845 	-0.422844 	-1.33275 	0.281829 	0.500545 	0.0486758 	
2.275	0.00466707 	-0.423303 	-1.33199 	0.281694 	0.500954 	0.0480813 	
2.28	0.00470372 	-0.423914 	-1.33115 	0.281907 	0.501978 	0.0487158 	
2.285	0.00473875 	-0.424482 	-1.33032 	0.282144 	0.502844 	0.0492256 	
2.29	0.00477241 	-0.425018 	-1.3295 	0.282402 	0.503582 	0.0496354 	
2.295	0.00480483 	-0.425526 	-1.32868 	0.282675 	0.504217 	0.0499653 	
2.3	0.00468723 	-0.42611 	-1.32784 	0.282228 	0.504931 	0.0491061 	
2.305	0.00459837 	-0.426659 	-1.32701 	0.281936 	0.505545 	0.0484205 	
2.31	0.00453245 	-0.427179 	-1.32619 	0.281771 	0.506078 	0.0478738 	
2.315	0.00448479 	-0.427676 	-1.32537 	0.281705 	0.506547 	0.0474381 	
2.32	0.00454756 	-0.428337 	-1.32445 	0.282036 	0.507682 	0.0483365 	
2.325	0.00460261 	-0.428948 	-1.32355 	0.282367 	0.50863 	0.0490567 	
2.33	0.00465145 	-0.429519 	-1.32267 	0.282699 	0.509427 	0.0496342 	
2.335	0.00454735 	-0.430095 	-1.3218 	0.282341 	0.510067 	0.0488286 	
2.34	0.00446871 	-0.430639 	-1.32094 	0.282121 	0.510616 	0.0481854 	
2.345	0.00441042 	-0.431155 	-1.32009 	0.282012 	0.511093 	0.0476722 	
2.35	0.00436838 	-0.431651 	-1.31925 	0.281991 	0.511512 	0.0472629 	
2.355	0.00440805 	-0.432374 	-1.31828 	0.282197 	0.512779 	0.0480458 	
2.36	0.00444419 	-0.433036 	-1.31733 	0.282428 	0.513827 	0.0486733 	
2.365	0.00447754 	-0.433648 	-1.31641 	0.282679 	0.514701 	0.0491763 	
2.37	0.00450863 	-0.434219 	-1.31551 	0.282945 	0.515434 	0.0495797 	
2.375	0.00437742 	-0.434786 	-1.31463 	0.282486 	0.515971 	0.0484851 	
2.38	0.00427685 	-0.435321 	-1.31376 	0.282185 	0.516435 	0.0476106 	
2.385	0.00420084 	-0.435831 	-1.31289 	0.282011 	0.51684 	0.046912 	
2.39	0.00424434 	-0.436518 	-1.31193 	0.282265 	0.517958 	0.0476571 	
2.395	0.00428353 	-0.437149 	-1.31098 	0.282535 	0.518885 	0.0482543 	
2.4	0.00431935 	-0.437735 	-1.31007 	0.282816 	0.519661 	0.0487331 	
2.405	0.00435249 	-0.438286 	-1.30917 	0.283107 	0.520315 	0.0491171 	
2.41	0.0042186 	-0.438904 	-1.30826 	0.282606 	0.521012 	0.0481131 	
2.415	0.00411602 	-0.43948 	-1.30736 	0.282272 	0.521603 	0.0473109 	
2.42	0.00403861 	-0.440021 	-1.30648 	0.28207 	0.52211 	0.0466704 	
2.425	0.00408195 	-0.440657 	-1.30554 	0.282352 	0.523058 	0.0473394 	
2.43	0.00412136 	-0.441245 	-1.30463 	0.282644 	0.523851 	0.0478759 	
2.435	0.00415774 	-0.441796 	-1.30373 	0.282942 	0.524519 	0.0483064 	
2.44	0.00419177 	-0.442316 	-1.30286 	0.283247 	0.525088 	0.0486522 	
2.445	0.0040554 	-0.442964 	-1.30194 	0.28271 	0.525897 	0.0477343 	
2.45	0.00395133 	-0.443562 	-1.30104 	0.282345 	0.526579 	0.0470015 	
2.455	0.00387329 	-0.444118 	-1.30017 	0.28212 	0.527159 	0.0464168 	
2.46	0.0038162 	-0.444641 	-1.29931 	0.282005 	0.52766 	0.0459509 	
2.465	0.00389033 	-0.445242 	-1.2984 	0.28243 	0.528563 	0.0469048 	
2.47	0.00395519 	-0.445801 	-1.29752 	0.282835 	0.529321 	0.0476698 	
2.475	0.00401279 	-0.446323 	-1.29666 	0.283225 	0.529965 	0.0482837 	
2.48	0.00389219 	-0.446904 	-1.29579 	0.28278 	0.530614 	0.0474271 	
2.485	0.00380166 	-0.447445 	-1.29495 	0.28249 	0.531172 	0.046744 	
2.49	0.0037354 	-0.447951 	-1.29413 	0.282324 	0.531657 	0.0461997 	
2.495	0.00368873 	-0.448431 	-1.29333 	0.282257 	0.532085 	0.0457668 	
2.5	0.00373709 	-0.44903 	-1.29245 	0.282543 	0.53301 	0.0466023 	
2.505	0.0037824 	-0.449583 	-1.2916 	0.282837 	0.533791 	0.0472734 	
2.51	0.00382549 	-0.450098 	-1.29078 	0.283139 	0.534458 	0.047813 	
2.515	0.00372505 	-0.450604 	-1.28999 	0.282798 	0.534959 	0.0470554 	
2.52	0.00365192 	-0.451081 	-1.28922 	0.282592 	0.535403 	0.0464524 	
2.525	0.00360085 	-0.451532 	-1.28847 	0.282494 	0.535805 	0.0459733 	
2.53	0.00356765 	-0.451962 	-1.28773 	0.282482 	0.536172 	0.0455935 	
2.535	0.00354897 	-0.452375 	-1.28701 	0.282539 	0.536513 	0.0452934 	
2.54	0.00357334 	-0.452993 	-1.28617 	0.282667 	0.537564 	0.0462379 	
2.545	0.00360105 	-0.453555 	-1.28537 	0.282837 	0.538454 	0.0469975 	
2.55	0.00363174 	-0.454071 	-1.2846 	0.283039 	0.539215 	0.0476091 	
2.555	0.00354844 	-0.454446 	-1.28394 	0.282805 	0.539425 	0.046745 	
2.56	0.00349084 	-0.45481 	-1.28329 	0.282685 	0.539645 	0.0460583 	
2.565	0.00345403 	-0.455166 	-1.28266 	0.282657 	0.539876 	0.0455136 	
2.57	0.00343413 	-0.455513 	-1.28203 	0.282701 	0.540117 	0.0450829 	
2.575	0.00343854 	-0.456074 	-1.28128 	0.282729 	0.541072 	0.045945 	
2.58	0.00345204 	-0.456585 	-1.28056 	0.282819 	0.541894 	0.04664 	
2.585	0.00347313 	-0.457054 	-1.27988 	0.282959 	0.542611 	0.0472014 	
2.59	0.00340923 	-0.45735 	-1.27933 	0.282807 	0.542716 	0.0464377 	
2.595	0.003369 	-0.457646 	-1.27878 	0.282753 	0.542862 	0.0458327 	
2.6	0.00334798 	-0.45794 	-1.27824 	0.282778 	0.543044 	0.0453549 	
2.605	0.00334262 	-0.458233 	-1.27771 	0.282867 	0.543255 	0.0449793 	
2.61	0.00332528 	-0.458711 	-1.27708 	0.282792 	0.544056 	0.0457337 	
2.615	0.00336281 	-0.45899 	-1.27656 	0.282978 	0.544258 	0.0460476 	
2.62	0.0033781 	-0.45923 	-1.2761 	0.283237 	0.544432 	0.0463078 	
2.625	0.00341322 	-0.45945 	-1.27565 	0.283498 	0.544532 	0.0464077 	
2.63	0.00344673 	-0.459644 	-1.27522 	0.283739 	0.544561 	0.0462759 	
2.635	0.00330053 	-0.460218 	-1.2746 	0.283021 	0.545643 	0.0458929 	
2.64	0.00321794 	-0.460613 	-1.27409 	0.282674 	0.546251 	0.0455544 	
2.645	0.00317116 	-0.460911 	-1.27364 	0.28246 	0.546575 	0.0453391 	
2.65	0.00313352 	-0.461139 	-1.27325 	0.282349 	0.546731 	0.0451783 	
2.655	0.00309701 	-0.461307 	-1.27291 	0.282292 	0.546744 	0.0450519 	
2.66	0.0030734 	-0.46138 	-1.2726 	0.282343 	0.546472 	0.0450038 	
2.665	0.00310752 	-0.46137 	-1.27249 	0.2824 	0.546295 	0.044744 	
2.67	0.00316496 	-0.461293 	-1.27242 	0.282548 	0.545977 	0.0444846 	
2.675	0.0032284 	-0.461164 	-1.27241 	0.282751 	0.545598 	0.0442194 	
2.68	0.00327236 	-0.461005 	-1.27248 	0.28285 	0.545262 	0.0441551 	
2.685	0.00329812 	-0.460821 	-1.27261 	0.282913 	0.544907 	0.0441739 	
2.69	0.00331071 	-0.460618 	-1.27277 	0.282955 	0.544523 	0.0442065 	
2.695	0.0033137 	-0.4604 	-1.27295 	0.282984 	0.544113 	0.0442368 	
2.7	0.00330916 	-0.46017 	-1.27316 	0.283001 	0.543682 	0.0442607 	
2.705	0.00329867 	-0.459931 	-1.27337 	0.283008 	0.543234 	0.0442758 	
2.71	0.00328375 	-0.459685 	-1.2736 	0.283006 	0.542771 	0.0442823 	
2.715	0.00326575 	-0.459434 	-1.27383 	0.282998 	0.542299 	0.0442832 	
2.72	0.00324576 	-0.459179 	-1.27408 	0.282987 	0.541819 	0.0442821 	
2.725	0.00322439 	-0.45892 	-1.27432 	0.282974 	0.541333 	0.0442815 	
2.73	0.00320201 	-0.45866 	-1.27457 	0.28296 	0.540842 	0.0442818 	
2.735	0.00317888 	-0.458398 	-1.27483 	0.282945 	0.540347 	0.044283 	
2.74	0.00315411 	-0.458135 	-1.27508 	0.28293 	0.53984 	0.0442484 	
2.745	0.00312835 	-0.457871 	-1.27533 	0.282914 	0.539321 	0.0441856 	
2.75	0.00310215 	-0.457606 	-1.27558 	0.282897 	0.538793 	0.0441001 	
2.755	0.00307596 	-0.45734 	-1.27582 	0.28288 	0.538259 	0.043996 	
2.76	0.00305006 	-0.457074 	-1.27607 	0.282864 	0.537718 	0.0438764 	
2.765	0.00302459 	-0.456807 	-1.27631 	0.282849 	0.537174 	0.0437452 	
2.77	0.00299914 	-0.45654 	-1.27655 	0.282835 	0.536627 	0.0436081 	
2.775	0.00297375 	-0.456272 	-1.2768 	0.282821 	0.536078 	0.0434663 	
2.78	0.00294842 	-0.456005 	-1.27704 	0.282808 	0.535528 	0.0433208 	
2.785	0.00292316 	-0.455737 	-1.27728 	0.282796 	0.534975 	0.0431722 	
2.79	0.00289801 	-0.45547 	-1.27752 	0.282785 	0.534421 	0.0430211 	
2.795	0.00287301 	-0.455202 	-1.27776 	0.282776 	0.533866 	0.0428679 	
2.8	0.00284819 	-0.454934 	-1.278 	0.282768 	0.53331 	0.042713 	
2.805	0.00282359 	-0.454666 	-1.27824 	0.282761 	0.532752 	0.0425567 	
2.81	0.00279923 	-0.454397 	-1.27848 	0.282755 	0.532193 	0.0423993 	
2.815	0.00277515 	-0.454129 	-1.27872 	0.282751 	0.531633 	0.042241 	
2.82	0.00275135 	-0.45386 	-1.27896 	0.282748 	0.531073 	0.042082 	
2.825	0.00272785 	-0.453591 	-1.2792 	0.282746 	0.530511 	0.0419224 	
2.83	0.00267524 	-0.453325 	-1.27942 	0.282684 	0.529918 	0.0418189 	
2.835	0.00257843 	-0.453066 	-1.27962 	0.282507 	0.529274 	0.0418053 	
2.84	0.00249172 	-0.452814 	-1.27981 	0.282333 	0.528605 	0.0417961 	
2.845	0.00243602 	-0.452555 	-1.28 	0.28225 	0.527914 	0.041744 	
2.85	0.00239898 	-0.452292 	-1.28017 	0.282228 	0.527205 	0.041666 	
2.855	0.00235017 	-0.452028 	-1.28034 	0.282189 	0.526483 	0.0416066 	
2.86	0.00225305 	-0.451772 	-1.2805 	0.282016 	0.525752 	0.041637 	
2.865	0.00211104 	-0.451523 	-1.2807 	0.281751 	0.525118 	0.041849 	
2.87	0.00192569 	-0.451279 	-1.28089 	0.281405 	0.524457 	0.0421011 	
2.875	0.00173805 	-0.451057 	-1.28109 	0.281004 	0.523773 	0.0423626 	
2.88	0.00159767 	-0.450824 	-1.28126 	0.280785 	0.523061 	0.0425117 	
2.885	0.00150947 	-0.450582 	-1.28142 	0.280708 	0.522332 	0.0425581 	
2.89	0.00144455 	-0.450312 	-1.28154 	0.280819 	0.521613 	0.0425501 	
2.895	0.00134485 	-0.450048 	-1.28165 	0.280714 	0.520837 	0.0425879 	
2.9	0.0012058 	-0.449791 	-1.28179 	0.280453 	0.520072 	0.0427025 	
2.905	0.00106297 	-0.449532 	-1.28193 	0.280208 	0.519303 	0.0428145 	
2.91	0.000943462 	-0.44926 	-1.28216 	0.279949 	0.518706 	0.042825 	
2.915	0.000840854 	-0.448987 	-1.28238 	0.279762 	0.518073 	0.0428234 	
2.92	0.000762847 	-0.448705 	-1.28262 	0.279621 	0.517478 	0.0428004 	
2.925	0.000703476 	-0.448416 	-1.28287 	0.279526 	0.516894 	0.0427865 	
2.93	0.000683033 	-0.448121 	-1.28313 	0.279527 	0.516317 	0.0427258 	
2.935	0.00069251 	-0.447821 	-1.28337 	0.279594 	0.515741 	0.0426447 	
2.94	0.00069566 	-0.447519 	-1.28362 	0.279637 	0.515161 	0.0425873 	
2.945	0.000693043 	-0.447216 	-1.28387 	0.27967 	0.514579 	0.0425498 	
2.95	0.000684677 	-0.446914 	-1.28412 	0.279693 	0.513995 	0.0425269 	
2.955	0.000670774 	-0.446611 	-1.28437 	0.279707 	0.513409 	0.0425144 	
2.96	0.000678417 	-0.446305 	-1.28462 	0.279776 	0.512814 	0.0424693 	
2.965	0.000703391 	-0.445998 	-1.28486 	0.27988 	0.512215 	0.0424012 	
2.97	0.00073687 	-0.44569 	-1.2851 	0.280007 	0.511614 	0.0423187 	
2.975	0.000773701 	-0.445382 	-1.28534 	0.280142 	0.511016 	0.0422265 	
2.98	0.000812194 	-0.445076 	-1.28557 	0.280286 	0.510404 	0.0421288 	
2.985	0.000847842 	-0.444773 	-1.2858 	0.280431 	0.509792 	0.0420248 	
2.99	0.000881665 	-0.444472 	-1.28604 	0.280565 	0.509201 	0.0419139 	
2.995	0.000913671 	-0.444172 	-1.28628 	0.280695 	0.508617 	0.0418008 	
3	0.000944693 	-0.443873 	-1.28652 	0.280824 	0.508036 	0.0416861 	
3.005	0.000967199 	-0.443577 	-1.28677 	0.280953 	0.507458 	0.0415972 	
3.01	0.00098682 	-0.443281 	-1.28702 	0.281073 	0.506889 	0.0415108 	
3.015	0.00100496 	-0.442985 	-1.28727 	0.281189 	0.506322 	0.0414251 	
3.02	0.00102247 	-0.442689 	-1.28752 	0.281304 	0.505756 	0.0413406 	
3.025	0.00103994 	-0.442391 	-1.28777 	0.281418 	0.505189 	0.041258 	
3.03	0.00105741 	-0.442093 	-1.28802 	0.281531 	0.504622 	0.041179 	
3.035	0.0010637 	-0.441797 	-1.28827 	0.281613 	0.504037 	0.0410962 	
3.04	0.00106947 	-0.441502 	-1.28851 	0.281678 	0.503445 	0.0410074 	
3.045	0.00108231 	-0.441204 	-1.28875 	0.281763 	0.50285 	0.0408793 	
3.05	0.00108648 	-0.440906 	-1.28899 	0.281819 	0.502258 	0.0407254 	
3.055	0.00108362 	-0.440606 	-1.28924 	0.281843 	0.501671 	0.0405625 	
3.06	0.00107836 	-0.440306 	-1.28949 	0.281866 	0.50108 	0.040406 	
3.065	0.0010708 	-0.440006 	-1.28974 	0.281892 	0.500489 	0.040278 	
3.07	0.00107064 	-0.439704 	-1.28998 	0.281947 	0.499895 	0.0401187 	
3.075	0.00106574 	-0.439402 	-1.29023 	0.281979 	0.499304 	0.0400018 	
3.08	0.00104664 	-0.439102 	-1.29048 	0.281989 	0.498711 	0.0399129 	
3.085	0.00100318 	-0.438805 	-1.29074 	0.281932 	0.498113 	0.0398597 	
3.09	0.000958927 	-0.438505 	-1.29099 	0.28188 	0.497514 	0.0398096 	
3.095	0.000917382 	-0.438202 	-1.29125 	0.28183 	0.496911 	0.039727 	
3.1	0.000882498 	-0.437895 	-1.2915 	0.281796 	0.496306 	0.0396387 	
3.105	0.000842295 	-0.437588 	-1.29175 	0.281752 	0.495678 	0.0395108 	
3.11	0.000807338 	-0.437279 	-1.292 	0.281708 	0.49505 	0.0393566 	
3.115	0.000779123 	-0.436966 	-1.29224 	0.281679 	0.494414 	0.0391871 	
3.12	0.000766681 	-0.436647 	-1.29248 	0.281692 	0.493777 	0.039008 	
3.125	0.000759856 	-0.436325 	-1.29273 	0.281719 	0.493137 	0.0388251 	
3.13	0.000754899 	-0.436001 	-1.29297 	0.28175 	0.492495 	0.038641 	
3.135	0.000749864 	-0.435677 	-1.29321 	0.281778 	0.491852 	0.0384571 	
3.14	0.000721411 	-0.435358 	-1.29346 	0.281755 	0.491217 	0.0383845 	
3.145	0.000682236 	-0.435041 	-1.29371 	0.281714 	0.490586 	0.0383616 	
3.15	0.000637919 	-0.434726 	-1.29397 	0.281661 	0.489957 	0.0383635 	
3.155	0.000590136 	-0.434412 	-1.29423 	0.281599 	0.489329 	0.0383705 	
3.16	0.00054204 	-0.434099 	-1.29449 	0.281535 	0.488702 	0.0383754 	
3.165	0.000499799 	-0.433785 	-1.29475 	0.281492 	0.488082 	0.0383546 	
3.17	0.000467261 	-0.43347 	-1.29501 	0.281485 	0.487467 	0.0383325 	
3.175	0.000431214 	-0.433159 	-1.29527 	0.281457 	0.486845 	0.0382696 	
3.18	0.000399311 	-0.432846 	-1.29553 	0.281432 	0.486219 	0.0381736 	
3.185	0.000363259 	-0.432535 	-1.29579 	0.281394 	0.485598 	0.0381249 	
3.19	0.000331308 	-0.432221 	-1.29604 	0.281365 	0.484973 	0.0380515 	
3.195	0.000301505 	-0.431906 	-1.2963 	0.281342 	0.484346 	0.0379698 	
3.2	0.00027834 	-0.43159 	-1.29656 	0.28134 	0.483724 	0.0378967 	
3.205	0.000253471 	-0.431276 	-1.29681 	0.281335 	0.483105 	0.0378765 	
3.21	0.00022817 	-0.430961 	-1.29707 	0.281331 	0.482489 	0.0378658 	
3.215	0.000213489 	-0.430643 	-1.29733 	0.281354 	0.481877 	0.0378626 	
3.22	0.000205916 	-0.430324 	-1.29759 	0.281396 	0.481266 	0.0378674 	
3.225	0.00018834 	-0.430008 	-1.29785 	0.281408 	0.480647 	0.0378784 	
3.23	0.000166829 	-0.429694 	-1.2981 	0.281411 	0.480027 	0.0378875 	
3.235	0.000142967 	-0.42938 	-1.29835 	0.281409 	0.479409 	0.0378864 	
3.24	0.000106177 	-0.42907 	-1.2986 	0.281375 	0.478787 	0.037924 	
3.245	6.34529e-05 	-0.428762 	-1.29886 	0.281326 	0.478165 	0.0379671 	
3.25	2.27979e-05 	-0.428453 	-1.29911 	0.281286 	0.477546 	0.0379982 	
3.255	-1.69886e-05 	-0.428144 	-1.29937 	0.281249 	0.476929 	0.0380241 	
3.26	-5.66011e-05 	-0.427836 	-1.29962 	0.281213 	0.476312 	0.0380477 	
3.265	-9.46294e-05 	-0.427528 	-1.29988 	0.281181 	0.475697 	0.0380635 	
3.27	-0.000130626 	-0.427219 	-1.30013 	0.281155 	0.475082 	0.0380729 	
3.275	-0.00016478 	-0.42691 	-1.30039 	0.281136 	0.474468 	0.0380782 	
3.28	-0.000198497 	-0.426601 	-1.30064 	0.281117 	0.473855 	0.0380834 	
3.285	-0.000232226 	-0.426292 	-1.3009 	0.2811 	0.47324 	0.0380889 	
3.29	-0.000265341 	-0.425982 	-1.30115 	0.281083 	0.472625 	0.0380881 	
3.295	-0.000298422 	-0.425673 	-1.30141 	0.281067 	0.47201 	0.038085 	
3.3	-0.000331644 	-0.425363 	-1.30166 	0.281051 	0.471394 	0.0380809 	
3.305	-0.000365043 	-0.425054 	-1.30192 	0.281034 	0.470777 	0.0380675 	
3.31	-0.000416203 	-0.424747 	-1.30217 	0.280982 	0.470153 	0.038075 	
3.315	-0.000468209 	-0.42444 	-1.30241 	0.28093 	0.469527 	0.0380662 	
3.32	-0.000537161 	-0.424138 	-1.30266 	0.280812 	0.468887 	0.0381009 	
3.325	-0.000608386 	-0.423835 	-1.30291 	0.280689 	0.468248 	0.0380765 	
3.33	-0.000700343 	-0.423536 	-1.30315 	0.280525 	0.467601 	0.0380902 	
3.335	-0.000811486 	-0.423239 	-1.30339 	0.280323 	0.466948 	0.0381278 	
3.34	-0.000919387 	-0.42294 	-1.30364 	0.280132 	0.466297 	0.0381534 	
3.345	-0.00102266 	-0.422638 	-1.30388 	0.27995 	0.465644 	0.038168 	
3.35	-0.0011199 	-0.422332 	-1.30413 	0.279783 	0.464988 	0.0381701 	
3.355	-0.00121113 	-0.422022 	-1.30438 	0.279631 	0.464329 	0.038165 	
3.36	-0.00129314 	-0.421709 	-1.30463 	0.279504 	0.463669 	0.0381417 	
3.365	-0.00140014 	-0.421402 	-1.30487 	0.279318 	0.462998 	0.0381881 	
3.37	-0.00147617 	-0.421087 	-1.30513 	0.279217 	0.462349 	0.0381907 	
3.375	-0.00153774 	-0.420769 	-1.30538 	0.279141 	0.461702 	0.0381909 	
3.38	-0.00159002 	-0.420451 	-1.30564 	0.27908 	0.461056 	0.0381878 	
3.385	-0.00163464 	-0.420132 	-1.30589 	0.279037 	0.460413 	0.0381766 	
3.39	-0.00166999 	-0.419811 	-1.30615 	0.279013 	0.459771 	0.0381549 	
3.395	-0.00170656 	-0.419492 	-1.3064 	0.278982 	0.459124 	0.0381232 	
3.4	-0.00174393 	-0.419174 	-1.30665 	0.278946 	0.458475 	0.0380812 	
3.405	-0.001782 	-0.418857 	-1.30689 	0.278908 	0.457828 	0.0380297 	
3.41	-0.00182408 	-0.418541 	-1.30714 	0.27886 	0.457176 	0.0379864 	
3.415	-0.00186288 	-0.418224 	-1.30738 	0.278829 	0.456529 	0.0379465 	
3.42	-0.00190572 	-0.417909 	-1.30763 	0.278782 	0.455877 	0.0379148 	
3.425	-0.00195064 	-0.417595 	-1.30787 	0.27873 	0.455225 	0.037877 	
3.43	-0.00199481 	-0.417281 	-1.30811 	0.278678 	0.454572 	0.0378172 	
3.435	-0.00203575 	-0.416966 	-1.30836 	0.278631 	0.453923 	0.0377389 	
3.44	-0.00207578 	-0.416651 	-1.30861 	0.278593 	0.453278 	0.0377193 	
3.445	-0.00211567 	-0.416335 	-1.30885 	0.278558 	0.452634 	0.0377086 	
3.45	-0.00215335 	-0.416018 	-1.3091 	0.278533 	0.45199 	0.0377054 	
3.455	-0.00219035 	-0.415701 	-1.30935 	0.278512 	0.451345 	0.0377076 	
3.46	-0.0022249 	-0.415382 	-1.3096 	0.278498 	0.450701 	0.0377074 	
3.465	-0.00226039 	-0.415064 	-1.30984 	0.278481 	0.450054 	0.0377114 	
3.47	-0.00228441 	-0.414741 	-1.31009 	0.278488 	0.449407 	0.0376845 	
3.475	-0.00230338 	-0.414417 	-1.31033 	0.278509 	0.448757 	0.037642 	
3.48	-0.00232081 	-0.414092 	-1.31058 	0.278533 	0.448105 	0.0375946 	
3.485	-0.0023361 	-0.413767 	-1.31082 	0.278566 	0.447455 	0.0375628 	
3.49	-0.00235079 	-0.413442 	-1.31107 	0.278601 	0.446807 	0.0375697 	
3.495	-0.00236622 	-0.413117 	-1.31131 	0.278635 	0.44616 	0.0375923 	
3.5	-0.0023794 	-0.412795 	-1.31155 	0.278676 	0.445519 	0.0376446 	
3.505	-0.00239991 	-0.412478 	-1.31179 	0.278689 	0.444872 	0.0376523 	
3.51	-0.00242101 	-0.412162 	-1.31203 	0.278703 	0.444227 	0.0376534 	
3.515	-0.00244472 	-0.41185 	-1.31227 	0.278711 	0.443584 	0.0376605 	
3.52	-0.00247131 	-0.41154 	-1.31251 	0.27871 	0.442942 	0.0376774 	
3.525	-0.00249274 	-0.41123 	-1.31274 	0.278727 	0.442306 	0.0377036 	
3.53	-0.00251499 	-0.410918 	-1.31298 	0.278749 	0.44167 	0.0377941 	
3.535	-0.00254647 	-0.410607 	-1.31321 	0.27874 	0.44102 	0.0378535 	
3.54	-0.0025673 	-0.410288 	-1.31344 	0.278769 	0.440374 	0.0378995 	
3.545	-0.00257718 	-0.409965 	-1.31367 	0.278824 	0.43973 	0.0379325 	
3.55	-0.00257879 	-0.409637 	-1.3139 	0.278892 	0.43908 	0.0379507 	
3.555	-0.00260124 	-0.409313 	-1.31414 	0.278898 	0.438408 	0.037977 	
3.56	-0.00263742 	-0.408991 	-1.31437 	0.278872 	0.437731 	0.0379991 	
3.565	-0.00267329 	-0.408666 	-1.3146 	0.278852 	0.437053 	0.0380196 	
3.57	-0.00272327 	-0.408346 	-1.31483 	0.278793 	0.436373 	0.0380334 	
3.575	-0.00278212 	-0.408029 	-1.31506 	0.278714 	0.435694 	0.0380401 	
3.58	-0.00282883 	-0.407707 	-1.3153 	0.278669 	0.435025 	0.0380415 	
3.585	-0.00286967 	-0.407384 	-1.31554 	0.278642 	0.434356 	0.0380416 	
3.59	-0.00290904 	-0.40706 	-1.31578 	0.278619 	0.433685 	0.0380415 	
3.595	-0.00294503 	-0.406738 	-1.31602 	0.2786 	0.433013 	0.0380608 	
3.6	-0.00297361 	-0.406418 	-1.31625 	0.2786 	0.432349 	0.0380809 	
3.605	-0.00299925 	-0.406099 	-1.31649 	0.278608 	0.431689 	0.0381 	
3.61	-0.00301425 	-0.405778 	-1.31672 	0.278651 	0.431031 	0.0381207 	
3.615	-0.00303276 	-0.405461 	-1.31695 	0.278677 	0.430372 	0.0381378 	
3.62	-0.00305393 	-0.405146 	-1.31719 	0.278693 	0.429716 	0.038155 	
3.625	-0.00307528 	-0.404833 	-1.31742 	0.278708 	0.429065 	0.0381655 	
3.63	-0.00309657 	-0.404523 	-1.31765 	0.278723 	0.428418 	0.0381736 	
3.635	-0.00312661 	-0.404416 	-1.31781 	0.278731 	0.428067 	0.038181 	
3.64	-0.00314012 	-0.404303 	-1.31796 	0.27874 	0.427699 	0.0381831 	
3.645	-0.00315424 	-0.404179 	-1.3181 	0.278737 	0.427307 	0.038172 	
3.65	-0.00316719 	-0.404039 	-1.31823 	0.278733 	0.426901 	0.0381336 	
3.655	-0.00318134 	-0.403883 	-1.31838 	0.278729 	0.426484 	0.0381259 	
3.66	-0.0032 	-0.403712 	-1.31853 	0.278718 	0.426046 	0.0381262 	
3.665	-0.0032255 	-0.403526 	-1.31869 	0.278692 	0.425585 	0.0381306 	
3.67	-0.00325421 	-0.403326 	-1.31885 	0.278663 	0.425105 	0.0381343 	
3.675	-0.00328587 	-0.403112 	-1.31902 	0.278631 	0.424603 	0.038138 	
3.68	-0.00332203 	-0.402885 	-1.3192 	0.278591 	0.42408 	0.0381413 	
3.685	-0.00336147 	-0.402647 	-1.31938 	0.278547 	0.423538 	0.0381448 	
3.69	-0.00340352 	-0.402397 	-1.31957 	0.278501 	0.422977 	0.0381485 	
3.695	-0.00344434 	-0.402138 	-1.31977 	0.278464 	0.422403 	0.0381525 	
3.7	-0.00348902 	-0.401871 	-1.31997 	0.278417 	0.421812 	0.0381565 	
3.705	-0.00353607 	-0.401595 	-1.32017 	0.278367 	0.421206 	0.0381605 	
3.71	-0.00358494 	-0.401312 	-1.32038 	0.278316 	0.420587 	0.0381645 	
3.715	-0.00363532 	-0.401023 	-1.32059 	0.278263 	0.419957 	0.0381686 	
3.72	-0.00368209 	-0.400726 	-1.3208 	0.278224 	0.419316 	0.0381537 	
3.725	-0.00372893 	-0.400424 	-1.32102 	0.278186 	0.418666 	0.0381381 	
3.73	-0.00377809 	-0.400118 	-1.32124 	0.278142 	0.418006 	0.038128 	
3.735	-0.00382967 	-0.399808 	-1.32146 	0.278092 	0.417339 	0.0381292 	
3.74	-0.00387114 	-0.399493 	-1.32168 	0.278078 	0.416671 	0.0381283 	
3.745	-0.00391212 	-0.399175 	-1.32191 	0.278062 	0.415998 	0.0381262 	
3.75	-0.00395281 	-0.398855 	-1.32213 	0.278045 	0.415321 	0.0381234 	
3.755	-0.00399335 	-0.398533 	-1.32236 	0.278028 	0.414641 	0.0381206 	
3.76	-0.00403379 	-0.39821 	-1.32259 	0.278011 	0.413957 	0.0381178 	
3.765	-0.00407416 	-0.397886 	-1.32282 	0.277993 	0.41327 	0.0381148 	
3.77	-0.00411126 	-0.397565 	-1.32304 	0.277985 	0.412581 	0.0380936 	
3.775	-0.00414695 	-0.397252 	-1.32326 	0.27798 	0.411904 	0.038069 	
3.78	-0.00418114 	-0.396942 	-1.32348 	0.277975 	0.411229 	0.0380442 	
3.785	-0.00421419 	-0.396631 	-1.3237 	0.277973 	0.410552 	0.0380002 	
3.79	-0.00425393 	-0.39632 	-1.32392 	0.277945 	0.409869 	0.0379498 	
3.795	-0.00429659 	-0.396007 	-1.32413 	0.277911 	0.409182 	0.037899 	
3.8	-0.00434087 	-0.395691 	-1.32435 	0.277875 	0.408492 	0.037849 	
3.805	-0.00438563 	-0.395372 	-1.32457 	0.277839 	0.407798 	0.0377999 	
3.81	-0.00443576 	-0.395053 	-1.32479 	0.277801 	0.407099 	0.0377578 	
3.815	-0.0044803 	-0.394742 	-1.325 	0.277784 	0.406421 	0.0377354 	
3.82	-0.00451705 	-0.394437 	-1.32522 	0.277795 	0.405754 	0.037733 	
3.825	-0.00455359 	-0.39414 	-1.32543 	0.277799 	0.4051 	0.0377258 	
3.83	-0.00459051 	-0.393844 	-1.32563 	0.277796 	0.404448 	0.0377206 	
3.835	-0.00462856 	-0.393545 	-1.32584 	0.277785 	0.403792 	0.0377169 	
3.84	-0.0046682 	-0.393242 	-1.32605 	0.277768 	0.40313 	0.0377152 	
3.845	-0.00470962 	-0.392936 	-1.32626 	0.277746 	0.402462 	0.037715 	
3.85	-0.00475124 	-0.392636 	-1.32647 	0.277724 	0.401799 	0.0377105 	
3.855	-0.00479191 	-0.392345 	-1.32668 	0.277705 	0.401146 	0.0377057 	
3.86	-0.00483136 	-0.392062 	-1.32688 	0.277687 	0.400504 	0.0377022 	
3.865	-0.00486957 	-0.391786 	-1.32708 	0.27767 	0.399873 	0.0377015 	
3.87	-0.00490898 	-0.391507 	-1.32728 	0.277644 	0.399239 	0.0376987 	
3.875	-0.00494935 	-0.391223 	-1.32748 	0.277614 	0.3986 	0.0376954 	
3.88	-0.00499607 	-0.390935 	-1.32768 	0.277567 	0.397948 	0.0376953 	
3.885	-0.00503985 	-0.390772 	-1.32784 	0.277538 	0.397493 	0.0376904 	
3.89	-0.00507573 	-0.390622 	-1.32798 	0.277512 	0.397061 	0.0377044 	
3.895	-0.00509723 	-0.390453 	-1.32812 	0.277499 	0.39661 	0.037707 	
3.9	-0.00511037 	-0.390267 	-1.32827 	0.2775 	0.396136 	0.0377083 	
3.905	-0.00512567 	-0.390066 	-1.32842 	0.277501 	0.395638 	0.0377118 	
3.91	-0.00514916 	-0.389852 	-1.32857 	0.277482 	0.395116 	0.0377251 	
3.915	-0.00517732 	-0.389625 	-1.32873 	0.277456 	0.394571 	0.037742 	
3.92	-0.00520887 	-0.389385 	-1.3289 	0.277429 	0.394005 	0.0377603 	
3.925	-0.0052433 	-0.389133 	-1.32907 	0.2774 	0.393419 	0.0377796 	
3.93	-0.00528127 	-0.38887 	-1.32925 	0.277364 	0.392815 	0.0377889 	
3.935	-0.00532151 	-0.388597 	-1.32943 	0.277326 	0.392194 	0.0377937 	
3.94	-0.00536249 	-0.388316 	-1.32962 	0.27729 	0.391561 	0.0377936 	
3.945	-0.00540338 	-0.388027 	-1.32981 	0.277258 	0.390915 	0.0377924 	
3.95	-0.00544654 	-0.387732 	-1.33001 	0.277247 	0.390257 	0.0377778 	
3.955	-0.00549069 	-0.387431 	-1.33021 	0.277232 	0.389591 	0.0377797 	
3.96	-0.00553593 	-0.387126 	-1.33041 	0.277212 	0.388917 	0.0377837 	
3.965	-0.00558226 	-0.386817 	-1.33062 	0.277189 	0.388234 	0.0377859 	
3.97	-0.00562895 	-0.386504 	-1.33083 	0.277164 	0.387544 	0.0377869 	
3.975	-0.00567726 	-0.386188 	-1.33104 	0.277134 	0.386845 	0.0377929 	
3.98	-0.00572535 	-0.385869 	-1.33125 	0.277105 	0.38614 	0.0377999 	
3.985	-0.00577343 	-0.385546 	-1.33146 	0.277077 	0.385429 	0.0378072 	
3.99	-0.00582134 	-0.385222 	-1.33167 	0.277051 	0.384714 	0.0378079 	
3.995	-0.0058663 	-0.384905 	-1.33188 	0.277038 	0.384006 	0.0378242 	
4	-0.00591076 	-0.384587 	-1.33208 	0.277017 	0.383297 	0.037826 	
4.005	-0.00595477 	-0.384266 	-1.33229 	0.276996 	0.382585 	0.0378243 	
4.01	-0.00599556 	-0.383942 	-1.3325 	0.276976 	0.38187 	0.0378228 	
4.015	-0.00603778 	-0.383617 	-1.33271 	0.27695 	0.38115 	0.0378222 	
4.02	-0.006079 	-0.383289 	-1.33292 	0.276923 	0.380421 	0.0378285 	
4.025	-0.00611515 	-0.382958 	-1.33313 	0.276931 	0.379691 	0.0378205 	
4.03	-0.00615797 	-0.382628 	-1.33333 	0.276912 	0.378958 	0.0378158 	
4.035	-0.00619269 	-0.382301 	-1.33354 	0.276935 	0.378233 	0.0378416 	
4.04	-0.00623209 	-0.381973 	-1.33374 	0.276964 	0.377504 	0.0378397 	
4.045	-0.00628026 	-0.381652 	-1.33394 	0.276999 	0.376784 	0.0378454 	
4.05	-0.0063248 	-0.381336 	-1.33414 	0.277045 	0.376075 	0.0378636 	
4.055	-0.00637753 	-0.381021 	-1.33434 	0.27706 	0.37536 	0.0378885 	
4.06	-0.00642724 	-0.380711 	-1.33453 	0.277073 	0.374655 	0.0379131 	
4.065	-0.00648249 	-0.38041 	-1.33473 	0.277055 	0.373957 	0.0379323 	
4.07	-0.00653854 	-0.380105 	-1.33492 	0.277023 	0.373258 	0.0379376 	
4.075	-0.0065917 	-0.379796 	-1.33512 	0.276999 	0.372555 	0.0379349 	
4.08	-0.00664763 	-0.379486 	-1.33532 	0.276961 	0.371847 	0.0379351 	
4.085	-0.00671068 	-0.379175 	-1.33551 	0.276899 	0.371125 	0.0379524 	
4.09	-0.00677365 	-0.378862 	-1.33571 	0.276835 	0.370402 	0.0379635 	
4.095	-0.00683118 	-0.378544 	-1.33591 	0.276788 	0.369673 	0.0379585 	
4.1	-0.00689569 	-0.378226 	-1.3361 	0.276715 	0.368935 	0.0379605 	
4.105	-0.00696063 	-0.377908 	-1.33629 	0.276641 	0.368193 	0.0379705 	
4.11	-0.00701928 	-0.377587 	-1.33649 	0.276594 	0.367446 	0.0379764 	
4.115	-0.00707371 	-0.377264 	-1.33668 	0.27655 	0.366706 	0.0379985 	
4.12	-0.00712858 	-0.37694 	-1.33688 	0.276503 	0.365964 	0.0380216 	
4.125	-0.00718227 	-0.376616 	-1.33707 	0.276459 	0.36522 	0.0380452 	
4.13	-0.00723491 	-0.376298 	-1.33727 	0.27642 	0.364481 	0.0380675 	
4.135	-0.00728548 	-0.375986 	-1.33746 	0.276386 	0.36375 	0.0380893 	
4.14	-0.00733394 	-0.375679 	-1.33765 	0.276357 	0.363028 	0.0381106 	
4.145	-0.00737857 	-0.375372 	-1.33784 	0.276337 	0.36231 	0.0381128 	
4.15	-0.00741987 	-0.375065 	-1.33802 	0.276323 	0.361594 	0.0380931 	
4.155	-0.00746046 	-0.374756 	-1.33821 	0.276308 	0.360875 	0.0380656 	
4.16	-0.00750162 	-0.374446 	-1.3384 	0.27629 	0.360154 	0.0380358 	
4.165	-0.00753633 	-0.374134 	-1.33858 	0.276307 	0.359432 	0.0380504 	
4.17	-0.00757774 	-0.373824 	-1.33877 	0.276287 	0.358709 	0.0380329 	
4.175	-0.00762154 	-0.373516 	-1.33895 	0.276258 	0.357985 	0.0380052 	
4.18	-0.00766661 	-0.373208 	-1.33914 	0.276257 	0.357259 	0.0379656 	
4.185	-0.00770628 	-0.372897 	-1.33932 	0.276276 	0.356534 	0.0379262 	
4.19	-0.00774256 	-0.372584 	-1.3395 	0.276304 	0.355805 	0.0378843 	
4.195	-0.00778303 	-0.372272 	-1.33969 	0.27631 	0.355075 	0.0378456 	
4.2	-0.00782558 	-0.37196 	-1.33987 	0.276307 	0.354343 	0.0378076 	
4.205	-0.00787141 	-0.371741 	-1.34004 	0.276274 	0.353712 	0.0378006 	
4.21	-0.00786675 	-0.371511 	-1.34018 	0.276365 	0.353082 	0.0376736 	
4.215	-0.00786697 	-0.371277 	-1.34033 	0.276416 	0.352449 	0.0375927 	
4.22	-0.00787625 	-0.371045 	-1.34047 	0.276437 	0.351831 	0.0375885 	
4.225	-0.00789453 	-0.37081 	-1.34062 	0.276429 	0.351218 	0.0375837 	
4.23	-0.00791768 	-0.370571 	-1.34077 	0.276414 	0.350604 	0.0375785 	
4.235	-0.007944 	-0.370327 	-1.34093 	0.276397 	0.349987 	0.0375686 	
4.24	-0.00797373 	-0.370077 	-1.34108 	0.276379 	0.349358 	0.0375758 	
4.245	-0.00800583 	-0.36982 	-1.34123 	0.276361 	0.348719 	0.0375874 	
4.25	-0.00803922 	-0.369557 	-1.34139 	0.276341 	0.348069 	0.0375889 	
4.255	-0.00807382 	-0.369286 	-1.34155 	0.276321 	0.34741 	0.037582 	
4.26	-0.0081097 	-0.369009 	-1.34171 	0.2763 	0.34674 	0.0375701 	
4.265	-0.00814673 	-0.368727 	-1.34188 	0.276279 	0.346059 	0.0375556 	
4.27	-0.00818494 	-0.368438 	-1.34205 	0.276257 	0.345368 	0.0375399 	
4.275	-0.00822425 	-0.368145 	-1.34222 	0.276236 	0.344667 	0.0375234 	
4.28	-0.00826459 	-0.367847 	-1.34239 	0.276214 	0.343958 	0.0375062 	
4.285	-0.00830585 	-0.367546 	-1.34256 	0.276192 	0.34324 	0.0374886 	
4.29	-0.00834795 	-0.36724 	-1.34273 	0.276169 	0.342515 	0.0374706 	
4.295	-0.00839081 	-0.366932 	-1.34291 	0.276146 	0.341783 	0.0374522 	
4.3	-0.00843434 	-0.36662 	-1.34308 	0.276123 	0.341045 	0.0374335 	
4.305	-0.00847848 	-0.366307 	-1.34326 	0.2761 	0.340301 	0.0374145 	
4.31	-0.00850984 	-0.365983 	-1.34344 	0.276118 	0.339559 	0.037439 	
4.315	-0.00853989 	-0.365938 	-1.34355 	0.276118 	0.339281 	0.0374483 	
4.32	-0.00853071 	-0.365872 	-1.34365 	0.276156 	0.338969 	0.0374509 	
4.325	-0.0085219 	-0.365791 	-1.34373 	0.276174 	0.338619 	0.0374791 	
4.33	-0.00851574 	-0.365688 	-1.34382 	0.276188 	0.338239 	0.0375271 	
4.335	-0.00851425 	-0.365561 	-1.34391 	0.276203 	0.337825 	0.0375997 	
4.34	-0.00852544 	-0.365417 	-1.344 	0.276185 	0.337369 	0.0376669 	
4.345	-0.00854789 	-0.365256 	-1.3441 	0.276137 	0.336879 	0.0377343 	
4.35	-0.00857773 	-0.365078 	-1.3442 	0.276075 	0.336353 	0.0378131 	
4.355	-0.00861127 	-0.364883 	-1.34431 	0.276005 	0.335803 	0.0378774 	
4.36	-0.0086484 	-0.364672 	-1.34443 	0.275931 	0.335227 	0.0379351 	
4.365	-0.00868965 	-0.364525 	-1.34454 	0.275848 	0.33476 	0.0379863 	
4.37	-0.0087073 	-0.364439 	-1.34466 	0.275815 	0.33436 	0.0379934 	
4.375	-0.00871276 	-0.364343 	-1.34476 	0.275799 	0.333949 	0.0379933 	
4.38	-0.00871946 	-0.364232 	-1.34486 	0.27578 	0.333536 	0.037989 	
4.385	-0.00872978 	-0.364106 	-1.34497 	0.275759 	0.333109 	0.0379897 	
4.39	-0.00874327 	-0.363961 	-1.34507 	0.275742 	0.33266 	0.0379904 	
4.395	-0.0087623 	-0.363799 	-1.34519 	0.275718 	0.332186 	0.0379917 	
4.4	-0.00878314 	-0.363621 	-1.3453 	0.275697 	0.33169 	0.0380046 	
4.405	-0.00880903 	-0.363426 	-1.34542 	0.275671 	0.331164 	0.0380124 	
4.41	-0.00883892 	-0.363215 	-1.34555 	0.275644 	0.330611 	0.0380189 	
4.415	-0.00887219 	-0.362989 	-1.34568 	0.275616 	0.33003 	0.0380257 	
4.42	-0.00890846 	-0.362748 	-1.34582 	0.275586 	0.329423 	0.0380334 	
4.425	-0.00894744 	-0.362495 	-1.34597 	0.275555 	0.328791 	0.0380418 	
4.43	-0.00898977 	-0.36223 	-1.34611 	0.275521 	0.328137 	0.0380465 	
4.435	-0.00903379 	-0.361954 	-1.34627 	0.275487 	0.327462 	0.0380547 	
4.44	-0.00907891 	-0.361669 	-1.34642 	0.275455 	0.326768 	0.0380526 	
4.445	-0.00912534 	-0.361375 	-1.34658 	0.275421 	0.326056 	0.0380424 	
4.45	-0.00917303 	-0.361073 	-1.34674 	0.275386 	0.325329 	0.038026 	
4.455	-0.00922196 	-0.360765 	-1.3469 	0.27535 	0.324588 	0.0380067 	
4.46	-0.00927355 	-0.360451 	-1.34707 	0.275311 	0.323836 	0.038002 	
4.465	-0.00932442 	-0.360132 	-1.34724 	0.275276 	0.323071 	0.0379884 	
4.47	-0.00937495 	-0.359808 	-1.34741 	0.275246 	0.322298 	0.037982 	
4.475	-0.00942712 	-0.35948 	-1.34758 	0.275211 	0.321513 	0.0379674 	
4.48	-0.00948021 	-0.359148 	-1.34775 	0.275174 	0.32072 	0.0379499 	
4.485	-0.00953613 	-0.358814 	-1.34792 	0.275132 	0.319921 	0.0379491 	
4.49	-0.00959194 	-0.358478 	-1.3481 	0.275093 	0.319116 	0.0379488 	
4.495	-0.00964775 	-0.358138 	-1.34827 	0.275055 	0.318307 	0.0379444 	
4.5	-0.0097025 	-0.357797 	-1.34844 	0.275023 	0.317494 	0.0379403 	
4.505	-0.00975651 	-0.357456 	-1.34862 	0.274995 	0.316679 	0.0379408 	
4.51	-0.00981049 	-0.357116 	-1.3488 	0.274965 	0.315866 	0.037944 	
4.515	-0.00986284 	-0.356777 	-1.34897 	0.274939 	0.315056 	0.0379476 	
4.52	-0.00991564 	-0.35644 	-1.34915 	0.274912 	0.314248 	0.0379514 	
4.525	-0.0099719 	-0.356147 	-1.34931 	0.274866 	0.313508 	0.0378966 	
4.53	-0.0100285 	-0.355856 	-1.34946 	0.274806 	0.312763 	0.0378132 	
4.535	-0.0100853 	-0.355565 	-1.34962 	0.274743 	0.312016 	0.0377221 	
4.54	-0.0101426 	-0.355273 	-1.34977 	0.274678 	0.311268 	0.0376274 	
4.545	-0.0101985 	-0.35498 	-1.34992 	0.274618 	0.310519 	0.0375352 	
4.55	-0.0102538 	-0.354688 	-1.35007 	0.27456 	0.309772 	0.0374442 	
4.555	-0.0103088 	-0.354397 	-1.35022 	0.274503 	0.309026 	0.0373538 	
4.56	-0.0103632 	-0.354133 	-1.35036 	0.274458 	0.308358 	0.037291 	
4.565	-0.0104116 	-0.353897 	-1.35049 	0.274421 	0.30773 	0.0372348 	
4.57	-0.0104588 	-0.353656 	-1.35062 	0.274375 	0.307084 	0.0371631 	
4.575	-0.0105058 	-0.35341 	-1.35075 	0.274327 	0.306427 	0.0370866 	
4.58	-0.0105534 	-0.353159 	-1.35088 	0.274277 	0.30576 	0.0370081 	
4.585	-0.0106017 	-0.352903 	-1.35101 	0.274226 	0.305084 	0.0369283 	
4.59	-0.0106507 	-0.352644 	-1.35115 	0.274174 	0.3044 	0.0368474 	
4.595	-0.0107004 	-0.35238 	-1.35128 	0.274123 	0.303708 	0.0367655 	
4.6	-0.0107387 	-0.352313 	-1.35138 	0.274089 	0.303364 	0.0367445 	
4.605	-0.0107713 	-0.352234 	-1.35147 	0.274029 	0.302989 	0.0367261 	
4.61	-0.0107924 	-0.352137 	-1.35156 	0.273999 	0.302596 	0.0367164 	
4.615	-0.010811 	-0.352019 	-1.35165 	0.273983 	0.302178 	0.0367238 	
4.62	-0.0108319 	-0.351881 	-1.35175 	0.273965 	0.30173 	0.0367293 	
4.625	-0.0108567 	-0.351723 	-1.35184 	0.273944 	0.301248 	0.0367321 	
4.63	-0.0108848 	-0.351545 	-1.35194 	0.273922 	0.300732 	0.0367262 	
4.635	-0.0109162 	-0.351348 	-1.35205 	0.273899 	0.300181 	0.0367182 	
4.64	-0.0109508 	-0.351132 	-1.35216 	0.273874 	0.299597 	0.0367093 	
4.645	-0.0109885 	-0.3509 	-1.35228 	0.273848 	0.29898 	0.0366998 	
4.65	-0.011029 	-0.350653 	-1.3524 	0.273821 	0.298335 	0.0366901 	
4.655	-0.0110722 	-0.350392 	-1.35253 	0.273792 	0.297661 	0.0366795 	
4.66	-0.0111178 	-0.350119 	-1.35266 	0.273761 	0.296962 	0.0366688 	
4.665	-0.0111659 	-0.349834 	-1.35279 	0.27373 	0.29624 	0.0366577 	
4.67	-0.0112152 	-0.349542 	-1.35293 	0.273699 	0.2955 	0.0366467 	
4.675	-0.0112642 	-0.349244 	-1.35307 	0.273672 	0.294749 	0.0366348 	
4.68	-0.011312 	-0.348942 	-1.35321 	0.273651 	0.29399 	0.0366217 	
4.685	-0.0113595 	-0.348635 	-1.35336 	0.273633 	0.293217 	0.0366177 	
4.69	-0.0114066 	-0.348325 	-1.35351 	0.273614 	0.292442 	0.0366143 	
4.695	-0.0114535 	-0.34801 	-1.35365 	0.273598 	0.291652 	0.0366128 	
4.7	-0.0115071 	-0.347691 	-1.3538 	0.27356 	0.290851 	0.0366159 	
4.705	-0.0115604 	-0.347367 	-1.35395 	0.273535 	0.290047 	0.0366501 	
4.71	-0.0116196 	-0.347039 	-1.3541 	0.273491 	0.28923 	0.0366857 	
4.715	-0.0116847 	-0.346711 	-1.35425 	0.273422 	0.288403 	0.0366835 	
4.72	-0.011749 	-0.34638 	-1.3544 	0.273359 	0.287571 	0.0366805 	
4.725	-0.011811 	-0.346044 	-1.35455 	0.273307 	0.286732 	0.0366801 	
4.73	-0.0118701 	-0.345705 	-1.35471 	0.273266 	0.285888 	0.036683 	
4.735	-0.0119084 	-0.345693 	-1.35481 	0.27326 	0.285659 	0.0366835 	
4.74	-0.0119289 	-0.345667 	-1.35488 	0.273233 	0.285379 	0.0366756 	
4.745	-0.0119423 	-0.345622 	-1.35496 	0.27321 	0.285072 	0.0366738 	
4.75	-0.0119545 	-0.345555 	-1.35503 	0.27319 	0.284735 	0.0366584 	
4.755	-0.0119719 	-0.345465 	-1.3551 	0.273162 	0.284363 	0.0366507 	
4.76	-0.0119942 	-0.345351 	-1.35518 	0.273129 	0.283955 	0.0366489 	
4.765	-0.0120166 	-0.345214 	-1.35526 	0.27311 	0.28351 	0.0366594 	
4.77	-0.0120438 	-0.345055 	-1.35535 	0.273083 	0.283022 	0.0366377 	
4.775	-0.0120741 	-0.344874 	-1.35543 	0.273052 	0.282489 	0.0365639 	
4.78	-0.0121028 	-0.344671 	-1.35553 	0.273038 	0.281915 	0.036499 	
4.785	-0.0121317 	-0.344449 	-1.35563 	0.273031 	0.281306 	0.0364281 	
4.79	-0.0121641 	-0.344209 	-1.35573 	0.273021 	0.280662 	0.0363822 	
4.795	-0.0121983 	-0.343954 	-1.35584 	0.273015 	0.279986 	0.0363442 	
4.8	-0.0122426 	-0.343687 	-1.35595 	0.272979 	0.27928 	0.0363141 	
4.805	-0.0122918 	-0.343409 	-1.35607 	0.272934 	0.278549 	0.0362823 	
4.81	-0.0123423 	-0.34312 	-1.35619 	0.27289 	0.277798 	0.0362375 	
4.815	-0.0123972 	-0.342823 	-1.35632 	0.272838 	0.277031 	0.0362118 	
4.82	-0.0124541 	-0.342544 	-1.35644 	0.27279 	0.276323 	0.0361966 	
4.825	-0.0125089 	-0.342254 	-1.35657 	0.272748 	0.275585 	0.0361933 	
4.83	-0.0125611 	-0.341956 	-1.35669 	0.272714 	0.274826 	0.0361772 	
4.835	-0.012625 	-0.341653 	-1.35682 	0.272633 	0.274046 	0.0361255 	
4.84	-0.0126928 	-0.341343 	-1.35695 	0.272552 	0.273247 	0.036129 	
4.845	-0.0127528 	-0.341028 	-1.35708 	0.272505 	0.272442 	0.0361413 	
4.85	-0.0128159 	-0.340708 	-1.35722 	0.272446 	0.271621 	0.0361423 	
4.855	-0.0128819 	-0.340383 	-1.35735 	0.272378 	0.270788 	0.0361389 	
4.86	-0.012946 	-0.340054 	-1.35749 	0.272322 	0.269948 	0.0361488 	
4.865	-0.0130055 	-0.339723 	-1.35763 	0.272286 	0.269108 	0.0361644 	
4.87	-0.0130658 	-0.339394 	-1.35777 	0.272251 	0.268268 	0.0361829 	
4.875	-0.013122 	-0.339063 	-1.35791 	0.272224 	0.267425 	0.0361645 	
4.88	-0.0131756 	-0.33873 	-1.35805 	0.272204 	0.266577 	0.0361413 	
4.885	-0.0132198 	-0.338407 	-1.3582 	0.272198 	0.265774 	0.0360605 	
4.89	-0.0132839 	-0.338092 	-1.35834 	0.272138 	0.264944 	0.0360453 	
4.895	-0.0133452 	-0.337771 	-1.35847 	0.272093 	0.264104 	0.0360334 	
4.9	-0.013398 	-0.337445 	-1.3586 	0.272072 	0.263253 	0.0359982 	
4.905	-0.0134426 	-0.337114 	-1.35872 	0.272098 	0.262392 	0.0359859 	
4.91	-0.0134965 	-0.336782 	-1.35885 	0.272088 	0.261524 	0.036027 	
4.915	-0.0135634 	-0.336457 	-1.35898 	0.272049 	0.260657 	0.0360566 	
4.92	-0.0136449 	-0.336144 	-1.35912 	0.271955 	0.259802 	0.0360793 	
4.925	-0.0137315 	-0.335836 	-1.35925 	0.271845 	0.258958 	0.0360994 	
4.93	-0.0138191 	-0.335533 	-1.35939 	0.271733 	0.258123 	0.0361201 	
4.935	-0.0139063 	-0.335234 	-1.35952 	0.271622 	0.257295 	0.0361422 	
4.94	-0.0139927 	-0.334939 	-1.35964 	0.271512 	0.256474 	0.0361658 	
4.945	-0.0140783 	-0.334647 	-1.35977 	0.271403 	0.255658 	0.0361908 	
4.95	-0.014163 	-0.334358 	-1.35989 	0.271296 	0.254848 	0.0362171 	
4.955	-0.014247 	-0.334072 	-1.36001 	0.27119 	0.254042 	0.0362445 	
4.96	-0.0143172 	-0.333784 	-1.36013 	0.271097 	0.253242 	0.0362723 	
4.965	-0.0143639 	-0.333668 	-1.36023 	0.271045 	0.252774 	0.0362742 	
4.97	-0.0143921 	-0.333555 	-1.36032 	0.271011 	0.252325 	0.036276 	
4.975	-0.0144096 	-0.333439 	-1.3604 	0.271006 	0.251891 	0.0362876 	
4.98	-0.0144181 	-0.333378 	-1.36047 	0.271015 	0.251573 	0.0362884 	
4.985	-0.0144269 	-0.333297 	-1.36053 	0.271007 	0.251211 	0.0362838 	
4.99	-0.0144392 	-0.333191 	-1.3606 	0.270995 	0.250805 	0.0362776 	
4.995	-0.014455 	-0.333062 	-1.36067 	0.270983 	0.250358 	0.0362764 	
5	-0.0144805 	-0.332911 	-1.36074 	0.27096 	0.249862 	0.0363169 	
5.005	-0.0145129 	-0.332739 	-1.36081 	0.270933 	0.249322 	0.0363722 	
5.01	-0.0145568 	-0.33255 	-1.36089 	0.270887 	0.248742 	0.0364281 	
5.015	-0.014627 	-0.332347 	-1.36096 	0.270773 	0.248118 	0.0364467 	
5.02	-0.0147108 	-0.332128 	-1.36104 	0.270639 	0.24746 	0.0364758 	
5.025	-0.0147863 	-0.331891 	-1.36113 	0.27052 	0.246767 	0.0365047 	
5.03	-0.0148507 	-0.331635 	-1.36123 	0.270448 	0.246048 	0.0365184 	
5.035	-0.0149112 	-0.331363 	-1.36133 	0.270394 	0.245302 	0.0365277 	
5.04	-0.014972 	-0.331082 	-1.36144 	0.270343 	0.244535 	0.0365357 	
5.045	-0.0150421 	-0.330792 	-1.36154 	0.270275 	0.243742 	0.0365443 	
5.05	-0.0151067 	-0.330495 	-1.36166 	0.27023 	0.242933 	0.0365446 	
5.055	-0.0151585 	-0.330372 	-1.36175 	0.270189 	0.242458 	0.036552 	
5.06	-0.0152011 	-0.330236 	-1.36184 	0.27013 	0.241948 	0.0365595 	
5.065	-0.0152412 	-0.330085 	-1.36192 	0.270072 	0.24141 	0.0365472 	
5.07	-0.0152828 	-0.329922 	-1.362 	0.270012 	0.240878 	0.0365039 	
5.075	-0.0153314 	-0.329743 	-1.36207 	0.269949 	0.240301 	0.0365067 	
5.08	-0.0153782 	-0.329546 	-1.36216 	0.269902 	0.239699 	0.0365281 	
5.085	-0.0154209 	-0.329338 	-1.36225 	0.269855 	0.239104 	0.0364511 	
5.09	-0.0154631 	-0.32912 	-1.36235 	0.269804 	0.238502 	0.0363363 	
5.095	-0.0155057 	-0.328895 	-1.36245 	0.269753 	0.237887 	0.0362079 	
5.1	-0.0155491 	-0.328662 	-1.36256 	0.269701 	0.237259 	0.0360735 	
5.105	-0.0155933 	-0.328423 	-1.36266 	0.269647 	0.236617 	0.0359354 	
5.11	-0.0156337 	-0.32822 	-1.36277 	0.26961 	0.23604 	0.0358057 	
5.115	-0.0156707 	-0.328037 	-1.36286 	0.269575 	0.235515 	0.0356766 	
5.12	-0.0157118 	-0.327863 	-1.36295 	0.269531 	0.235015 	0.0355643 	
5.125	-0.0157575 	-0.327694 	-1.36303 	0.269478 	0.234532 	0.0354641 	
5.13	-0.0157951 	-0.327577 	-1.3631 	0.269446 	0.234127 	0.0353956 	
5.135	-0.0158491 	-0.327445 	-1.36316 	0.269366 	0.233654 	0.0353864 	
5.14	-0.0159161 	-0.327296 	-1.36323 	0.269259 	0.233137 	0.0354041 	
5.145	-0.016002 	-0.327132 	-1.36329 	0.269107 	0.232572 	0.0354367 	
5.15	-0.0160666 	-0.326938 	-1.36336 	0.269019 	0.231976 	0.0354652 	
5.155	-0.0161434 	-0.326728 	-1.36344 	0.268907 	0.231334 	0.0355009 	
5.16	-0.0162378 	-0.326507 	-1.36351 	0.268751 	0.230652 	0.0355441 	
5.165	-0.0163319 	-0.326273 	-1.36359 	0.268569 	0.229936 	0.0355901 	
5.17	-0.0164218 	-0.326025 	-1.36368 	0.268417 	0.229195 	0.0356385 	
5.175	-0.0164743 	-0.325826 	-1.36378 	0.26836 	0.228543 	0.035608 	
5.18	-0.0165357 	-0.325622 	-1.36387 	0.268262 	0.227873 	0.0356318 	
5.185	-0.0166064 	-0.325408 	-1.36395 	0.26814 	0.227183 	0.0356741 	
5.19	-0.0166848 	-0.325183 	-1.36402 	0.268004 	0.226474 	0.0357172 	
5.195	-0.0167706 	-0.324944 	-1.3641 	0.267855 	0.225742 	0.0357622 	
5.2	-0.0168643 	-0.324694 	-1.36418 	0.267694 	0.224985 	0.0358096 	
5.205	-0.0169654 	-0.324432 	-1.36425 	0.26752 	0.224201 	0.0358593 	
5.21	-0.0170769 	-0.324161 	-1.36433 	0.267327 	0.223393 	0.0359085 	
5.215	-0.0171603 	-0.323869 	-1.36442 	0.267231 	0.222575 	0.0359524 	
5.22	-0.0172458 	-0.323569 	-1.36452 	0.267124 	0.221734 	0.0360001 	
5.225	-0.0173446 	-0.323264 	-1.36461 	0.266979 	0.220869 	0.0360523 	
5.23	-0.0174524 	-0.322953 	-1.36469 	0.266814 	0.219979 	0.0360717 	
5.235	-0.0175183 	-0.322789 	-1.3648 	0.26672 	0.219326 	0.0360526 	
5.24	-0.0175688 	-0.322629 	-1.36489 	0.266649 	0.218693 	0.0360713 	
5.245	-0.0176032 	-0.322458 	-1.36498 	0.266613 	0.218069 	0.036102 	
5.25	-0.0176547 	-0.322284 	-1.36504 	0.26654 	0.217431 	0.0361849 	
5.255	-0.0177194 	-0.3221 	-1.3651 	0.266442 	0.216777 	0.036286 	
5.26	-0.0177831 	-0.321899 	-1.36517 	0.266365 	0.216114 	0.0363704 	
5.265	-0.0178638 	-0.321687 	-1.36523 	0.266242 	0.215421 	0.036452 	
5.27	-0.0179217 	-0.321451 	-1.36531 	0.266202 	0.214729 	0.0365525 	
5.275	-0.0179701 	-0.3212 	-1.3654 	0.26619 	0.214019 	0.0366586 	
5.28	-0.018032 	-0.32094 	-1.36547 	0.266146 	0.213265 	0.0367377 	
5.285	-0.01811 	-0.320679 	-1.36554 	0.266062 	0.212499 	0.0368167 	
5.29	-0.0181902 	-0.320403 	-1.36562 	0.265967 	0.211701 	0.0368688 	
5.295	-0.0182701 	-0.320114 	-1.3657 	0.265879 	0.210872 	0.036906 	
5.3	-0.0183516 	-0.319816 	-1.36578 	0.265786 	0.210022 	0.0369306 	
5.305	-0.0184389 	-0.319511 	-1.36586 	0.265673 	0.209151 	0.0369504 	
5.31	-0.0185329 	-0.319202 	-1.36594 	0.265539 	0.208262 	0.03697 	
5.315	-0.018616 	-0.31888 	-1.36603 	0.265454 	0.207357 	0.0369936 	
5.32	-0.0186958 	-0.318549 	-1.36612 	0.26538 	0.206434 	0.0370174 	
5.325	-0.018772 	-0.318209 	-1.36621 	0.265321 	0.205494 	0.0370394 	
5.33	-0.0188455 	-0.31787 	-1.36631 	0.265233 	0.204592 	0.0369224 	
5.335	-0.0188905 	-0.317762 	-1.36641 	0.265211 	0.204127 	0.0368744 	
5.34	-0.0189275 	-0.317648 	-1.36647 	0.265151 	0.203611 	0.0368137 	
5.345	-0.0189582 	-0.317519 	-1.36652 	0.265102 	0.203063 	0.0367696 	
5.35	-0.0189874 	-0.317369 	-1.36658 	0.265058 	0.2025 	0.036766 	
5.355	-0.0190185 	-0.317198 	-1.36664 	0.265019 	0.201907 	0.0367697 	
5.36	-0.0190535 	-0.317008 	-1.3667 	0.264977 	0.201282 	0.0367806 	
5.365	-0.0190939 	-0.316799 	-1.36676 	0.264928 	0.200622 	0.0367935 	
5.37	-0.0191384 	-0.31657 	-1.36682 	0.264879 	0.199925 	0.0368022 	
5.375	-0.0191868 	-0.316324 	-1.36688 	0.264828 	0.199191 	0.03681 	
5.38	-0.0192515 	-0.316066 	-1.36694 	0.264734 	0.198416 	0.0368245 	
5.385	-0.019298 	-0.315785 	-1.36701 	0.264707 	0.197616 	0.0368373 	
5.39	-0.0193412 	-0.315488 	-1.36709 	0.264702 	0.196784 	0.0368769 	
5.395	-0.0193973 	-0.315202 	-1.36717 	0.264684 	0.195934 	0.0369227 	
5.4	-0.0194562 	-0.314958 	-1.36725 	0.26463 	0.19516 	0.0369171 	
5.405	-0.0194796 	-0.314747 	-1.36735 	0.264651 	0.194476 	0.0369237 	
5.41	-0.0195149 	-0.314626 	-1.36741 	0.264603 	0.194033 	0.0369153 	
5.415	-0.0195443 	-0.31448 	-1.36747 	0.264565 	0.193526 	0.0369364 	
5.42	-0.0195725 	-0.314308 	-1.36752 	0.26455 	0.19297 	0.0369825 	
5.425	-0.0195986 	-0.314119 	-1.36758 	0.264556 	0.192383 	0.0370168 	
5.43	-0.019617 	-0.31403 	-1.36763 	0.264587 	0.192061 	0.0370622 	
5.435	-0.019635 	-0.313915 	-1.36768 	0.264598 	0.191656 	0.0371065 	
5.44	-0.019653 	-0.313771 	-1.36772 	0.264613 	0.191187 	0.037157 	
5.445	-0.0196726 	-0.313602 	-1.36778 	0.264633 	0.190664 	0.0372169 	
5.45	-0.0196564 	-0.313535 	-1.36786 	0.264648 	0.190231 	0.0372786 	
5.455	-0.019649 	-0.313466 	-1.36792 	0.264623 	0.189799 	0.0372967 	
5.46	-0.0196579 	-0.31339 	-1.36797 	0.264564 	0.189363 	0.0373254 	
5.465	-0.019659 	-0.313288 	-1.36802 	0.264558 	0.18891 	0.0373438 	
5.47	-0.0196625 	-0.313164 	-1.36807 	0.264557 	0.188427 	0.037362 	
5.475	-0.0196873 	-0.313029 	-1.36812 	0.264527 	0.187926 	0.037412 	
5.48	-0.0197245 	-0.312871 	-1.36815 	0.264483 	0.187371 	0.0374735 	
5.485	-0.0197603 	-0.312695 	-1.3682 	0.264447 	0.186787 	0.037483 	
5.49	-0.0197959 	-0.312503 	-1.36825 	0.264408 	0.186163 	0.0374912 	
5.495	-0.0198448 	-0.312294 	-1.3683 	0.264353 	0.185491 	0.0375472 	
5.5	-0.019875 	-0.312059 	-1.36835 	0.264345 	0.184795 	0.0375951 	
5.505	-0.0198943 	-0.311931 	-1.36842 	0.264329 	0.184316 	0.0375621 	
5.51	-0.0199159 	-0.311788 	-1.36847 	0.264295 	0.183791 	0.0375665 	
5.515	-0.0199319 	-0.311624 	-1.36852 	0.264298 	0.183233 	0.0375803 	
5.52	-0.0199378 	-0.311458 	-1.36859 	0.264315 	0.182709 	0.0374986 	
5.525	-0.019945 	-0.311291 	-1.36865 	0.264317 	0.182185 	0.0373847 	
5.53	-0.0199524 	-0.31112 	-1.36872 	0.264316 	0.181659 	0.0372598 	
5.535	-0.0199755 	-0.310943 	-1.36878 	0.264264 	0.1811 	0.0371379 	
5.54	-0.0200019 	-0.310813 	-1.36884 	0.264207 	0.180634 	0.0370343 	
5.545	-0.0200306 	-0.310673 	-1.36889 	0.264154 	0.180123 	0.0369924 	
5.55	-0.0200651 	-0.310517 	-1.36894 	0.264095 	0.179566 	0.0369802 	
5.555	-0.0201007 	-0.310341 	-1.36899 	0.264045 	0.178972 	0.0369778 	
5.56	-0.0201283 	-0.310223 	-1.36904 	0.26401 	0.178505 	0.0369692 	
5.565	-0.0201423 	-0.31016 	-1.36909 	0.264 	0.178161 	0.0369445 	
5.57	-0.020145 	-0.31016 	-1.36913 	0.263996 	0.177954 	0.0369328 	
5.575	-0.0201393 	-0.310182 	-1.36916 	0.263992 	0.17781 	0.0369174 	
5.58	-0.0201318 	-0.31018 	-1.36919 	0.263987 	0.177607 	0.0369042 	
5.585	-0.0201303 	-0.310166 	-1.36922 	0.263969 	0.177386 	0.0369021 	
5.59	-0.020126 	-0.310141 	-1.36924 	0.263979 	0.177167 	0.0368926 	
5.595	-0.0201261 	-0.310078 	-1.36927 	0.263983 	0.176865 	0.0368725 	
5.6	-0.0201274 	-0.309984 	-1.36931 	0.263997 	0.176489 	0.0368556 	
5.605	-0.0201416 	-0.309862 	-1.36934 	0.263986 	0.176048 	0.0368459 	
5.61	-0.020165 	-0.309716 	-1.36938 	0.263964 	0.175548 	0.0368388 	
5.615	-0.0201855 	-0.309597 	-1.36943 	0.263936 	0.175044 	0.0368246 	
5.62	-0.0201995 	-0.309467 	-1.36948 	0.263945 	0.17452 	0.0368074 	
5.625	-0.020206 	-0.309451 	-1.36953 	0.263946 	0.174271 	0.0368018 	
5.63	-0.0202028 	-0.309483 	-1.36956 	0.263943 	0.174138 	0.0367992 	
5.635	-0.0201917 	-0.309526 	-1.3696 	0.26394 	0.17401 	0.0367968 	
5.64	-0.0201831 	-0.309547 	-1.36963 	0.263919 	0.173836 	0.0367976 	
5.645	-0.020174 	-0.309547 	-1.36965 	0.263901 	0.173637 	0.0367855 	
5.65	-0.020178 	-0.309519 	-1.36968 	0.263862 	0.173375 	0.0367964 	
5.655	-0.0201741 	-0.309538 	-1.36971 	0.26385 	0.173226 	0.0367995 	
5.66	-0.0201661 	-0.309551 	-1.36973 	0.263845 	0.173066 	0.0367991 	
5.665	-0.0201618 	-0.309535 	-1.36975 	0.263838 	0.172822 	0.0368088 	
5.67	-0.0201529 	-0.309565 	-1.36978 	0.263834 	0.172699 	0.0368113 	
5.675	-0.020141 	-0.309599 	-1.3698 	0.263829 	0.172583 	0.0368116 	
5.68	-0.020125 	-0.309631 	-1.36983 	0.263831 	0.172436 	0.036809 	
5.685	-0.0201093 	-0.30968 	-1.36986 	0.263829 	0.172343 	0.0368091 	
5.69	-0.020091 	-0.309721 	-1.36988 	0.263829 	0.172213 	0.0368078 	
5.695	-0.0200801 	-0.309744 	-1.36991 	0.263812 	0.17206 	0.0368164 	
5.7	-0.0200679 	-0.309769 	-1.36993 	0.263804 	0.171916 	0.0368198 	
5.705	-0.0200594 	-0.309771 	-1.36994 	0.263796 	0.171718 	0.0367755 	
5.71	-0.020045 	-0.309731 	-1.36995 	0.263811 	0.171449 	0.0366851 	
5.715	-0.0200304 	-0.309651 	-1.36998 	0.263841 	0.171104 	0.0365662 	
5.72	-0.0200251 	-0.309536 	-1.37 	0.263855 	0.17068 	0.0364319 	
5.725	-0.0199817 	-0.309376 	-1.37001 	0.264032 	0.170176 	0.0362785 	
5.73	-0.0199426 	-0.309192 	-1.37 	0.264196 	0.169557 	0.0361225 	
5.735	-0.0199183 	-0.308987 	-1.36999 	0.264324 	0.168858 	0.035952 	
5.74	-0.0199041 	-0.308761 	-1.36998 	0.264438 	0.168102 	0.0357635 	
5.745	-0.0198475 	-0.308501 	-1.36996 	0.264721 	0.167327 	0.0355657 	
5.75	-0.0198196 	-0.308436 	-1.36999 	0.264785 	0.166953 	0.035514 	
5.755	-0.0197909 	-0.308357 	-1.36998 	0.264856 	0.166486 	0.035413 	
5.76	-0.0197713 	-0.308252 	-1.36999 	0.264917 	0.165991 	0.0353551 	
5.765	-0.0197624 	-0.308121 	-1.37 	0.264977 	0.165459 	0.0353068 	
5.77	-0.0197659 	-0.307963 	-1.37003 	0.265011 	0.164891 	0.0352895 	
5.775	-0.01978 	-0.307782 	-1.37006 	0.265036 	0.164285 	0.035294 	
5.78	-0.0198022 	-0.307578 	-1.3701 	0.265054 	0.163632 	0.0353077 	
5.785	-0.0198293 	-0.307353 	-1.37014 	0.265066 	0.162933 	0.035324 	
5.79	-0.0198596 	-0.30711 	-1.37018 	0.265076 	0.16219 	0.035341 	
5.795	-0.0198875 	-0.306851 	-1.37022 	0.265104 	0.161395 	0.0353043 	
5.8	-0.0199138 	-0.306577 	-1.37024 	0.265142 	0.160552 	0.0352288 	
5.805	-0.0199353 	-0.306291 	-1.37027 	0.265198 	0.159673 	0.0351228 	
5.81	-0.0199588 	-0.305989 	-1.3703 	0.265242 	0.158778 	0.0350632 	
5.815	-0.0199722 	-0.305676 	-1.37034 	0.265333 	0.15786 	0.0349744 	
5.82	-0.0199917 	-0.305443 	-1.37039 	0.265376 	0.157179 	0.0349755 	
5.825	-0.0200061 	-0.305205 	-1.37044 	0.265417 	0.156475 	0.0349784 	
5.83	-0.0200187 	-0.304959 	-1.37049 	0.265465 	0.155744 	0.0349751 	
5.835	-0.0200299 	-0.304864 	-1.37054 	0.265474 	0.155328 	0.0349833 	
5.84	-0.0200329 	-0.304758 	-1.37058 	0.265493 	0.154878 	0.0349793 	
5.845	-0.020034 	-0.304629 	-1.37061 	0.265517 	0.15437 	0.0349686 	
5.85	-0.0200381 	-0.304475 	-1.37064 	0.265546 	0.153813 	0.0349571 	
5.855	-0.0200481 	-0.304299 	-1.37067 	0.265575 	0.153208 	0.0349464 	
5.86	-0.0200639 	-0.304099 	-1.37071 	0.265608 	0.152557 	0.0349378 	
5.865	-0.0200847 	-0.303879 	-1.37074 	0.265643 	0.151859 	0.0349243 	
5.87	-0.0201076 	-0.303639 	-1.37078 	0.265679 	0.151118 	0.0349067 	
5.875	-0.0201381 	-0.303393 	-1.37082 	0.26569 	0.150356 	0.0348997 	
5.88	-0.0201722 	-0.303141 	-1.37087 	0.265694 	0.149578 	0.0348953 	
5.885	-0.0202058 	-0.302884 	-1.37092 	0.265703 	0.148791 	0.0348906 	
5.89	-0.0202463 	-0.302627 	-1.37096 	0.265689 	0.14799 	0.0348879 	
5.895	-0.0202828 	-0.302364 	-1.37101 	0.265706 	0.147183 	0.0348824 	
5.9	-0.0203258 	-0.302099 	-1.37106 	0.265709 	0.146359 	0.0348775 	
5.905	-0.0203722 	-0.30183 	-1.37111 	0.265699 	0.145523 	0.0348732 	
5.91	-0.0203989 	-0.30167 	-1.37118 	0.265712 	0.144882 	0.0348837 	
5.915	-0.0204227 	-0.301514 	-1.37123 	0.265712 	0.144244 	0.0348836 	
5.92	-0.0204458 	-0.301356 	-1.37127 	0.265709 	0.143605 	0.0348826 	
5.925	-0.0204789 	-0.301192 	-1.37131 	0.265692 	0.142955 	0.0348798 	
5.93	-0.0205109 	-0.301011 	-1.37135 	0.265688 	0.142287 	0.0348721 	
5.935	-0.0205409 	-0.300811 	-1.37139 	0.2657 	0.141594 	0.0348614 	
5.94	-0.0205722 	-0.300592 	-1.37142 	0.265717 	0.140866 	0.0348505 	
5.945	-0.0206055 	-0.300356 	-1.37146 	0.265738 	0.140103 	0.0348376 	
5.95	-0.0206394 	-0.300106 	-1.37149 	0.265759 	0.139305 	0.0348177 	
5.955	-0.0206851 	-0.299853 	-1.37153 	0.26573 	0.138494 	0.0348189 	
5.96	-0.0207336 	-0.299595 	-1.37157 	0.265693 	0.137676 	0.0348204 	
5.965	-0.0207791 	-0.299334 	-1.37162 	0.26567 	0.136856 	0.0348214 	
5.97	-0.0208264 	-0.299072 	-1.37167 	0.265641 	0.13603 	0.0348242 	
5.975	-0.0208796 	-0.29881 	-1.37172 	0.265592 	0.135193 	0.0348278 	
5.98	-0.0209336 	-0.298546 	-1.37176 	0.265543 	0.134351 	0.0348313 	
5.985	-0.0209738 	-0.298275 	-1.37181 	0.265549 	0.133508 	0.0348255 	
5.99	-0.0210104 	-0.298002 	-1.37186 	0.265568 	0.13266 	0.0348179 	
5.995	-0.021048 	-0.297729 	-1.37191 	0.265582 	0.131809 	0.0348115 	
6	-0.0210864 	-0.297457 	-1.37195 	0.265594 	0.130959 	0.0348058 	
6.005	-0.0211259 	-0.297186 	-1.372 	0.2656 	0.130109 	0.0348011 	
6.01	-0.0211775 	-0.296918 	-1.37204 	0.265549 	0.129244 	0.0347996 	
6.015	-0.0212365 	-0.29665 	-1.37207 	0.265465 	0.128369 	0.0348013 	
6.02	-0.0212958 	-0.296382 	-1.3721 	0.265403 	0.127501 	0.0348059 	
6.025	-0.0213504 	-0.296112 	-1.37214 	0.265369 	0.12663 	0.0348062 	
6.03	-0.0214036 	-0.29584 	-1.37218 	0.26534 	0.125757 	0.0348055 	
6.035	-0.0214566 	-0.295568 	-1.37221 	0.26531 	0.124883 	0.034805 	
6.04	-0.0215118 	-0.295296 	-1.37225 	0.265271 	0.124007 	0.0348048 	
6.045	-0.0215678 	-0.295025 	-1.37229 	0.265228 	0.123132 	0.0348049 	
6.05	-0.0216185 	-0.294751 	-1.37234 	0.265202 	0.122258 	0.034803 	
6.055	-0.0216598 	-0.294475 	-1.37238 	0.265219 	0.121388 	0.0347961 	
6.06	-0.0216987 	-0.2942 	-1.37242 	0.265244 	0.120519 	0.0347884 	
6.065	-0.0217374 	-0.293927 	-1.37247 	0.265265 	0.119651 	0.0347811 	
6.07	-0.0217702 	-0.293653 	-1.3725 	0.265318 	0.118785 	0.034773 	
6.075	-0.0218018 	-0.293378 	-1.37254 	0.265368 	0.117912 	0.0347573 	
6.08	-0.0218479 	-0.293112 	-1.37258 	0.265343 	0.117047 	0.0347573 	
6.085	-0.0218991 	-0.29285 	-1.37263 	0.2653 	0.116189 	0.0347613 	
6.09	-0.0219426 	-0.292584 	-1.37267 	0.265299 	0.115332 	0.0347568 	
6.095	-0.0219848 	-0.292318 	-1.37271 	0.265305 	0.114471 	0.0347482 	
6.1	-0.0220431 	-0.292052 	-1.37273 	0.265255 	0.113588 	0.0347388 	
6.105	-0.0221055 	-0.291785 	-1.37275 	0.265194 	0.112698 	0.0347338 	
6.11	-0.0221673 	-0.291517 	-1.37278 	0.265138 	0.111809 	0.0347311 	
6.115	-0.0222283 	-0.291247 	-1.37281 	0.265094 	0.110917 	0.0347324 	
6.12	-0.0222554 	-0.291199 	-1.37286 	0.265072 	0.11054 	0.0347377 	
6.125	-0.0222683 	-0.291138 	-1.37289 	0.265057 	0.110126 	0.0347425 	
6.13	-0.0222796 	-0.291064 	-1.37292 	0.265037 	0.109675 	0.0347457 	
6.135	-0.0222904 	-0.290975 	-1.37293 	0.265037 	0.10919 	0.0347445 	
6.14	-0.0223 	-0.290884 	-1.37295 	0.265038 	0.108685 	0.0347456 	
6.145	-0.0223166 	-0.290775 	-1.37295 	0.265012 	0.108147 	0.0347534 	
6.15	-0.0223345 	-0.290643 	-1.37296 	0.265005 	0.107577 	0.0347676 	
6.155	-0.02236 	-0.290497 	-1.37297 	0.264977 	0.106977 	0.0347868 	
6.16	-0.0223904 	-0.290336 	-1.37298 	0.264934 	0.106348 	0.0347978 	
6.165	-0.0224247 	-0.290159 	-1.37299 	0.26488 	0.105684 	0.034803 	
6.17	-0.0224631 	-0.289969 	-1.373 	0.264821 	0.104987 	0.0348056 	
6.175	-0.0224959 	-0.289764 	-1.37302 	0.264806 	0.104269 	0.034805 	
6.18	-0.0225479 	-0.28948 	-1.37299 	0.264809 	0.103612 	0.0348011 	
6.185	-0.0226175 	-0.289155 	-1.37297 	0.264793 	0.102898 	0.0347989 	
6.19	-0.0227008 	-0.288802 	-1.37295 	0.264771 	0.10211 	0.0348023 	
6.195	-0.022759 	-0.288445 	-1.37296 	0.264848 	0.101362 	0.0347888 	
6.2	-0.0228231 	-0.288273 	-1.37294 	0.264865 	0.101186 	0.0347865 	
6.205	-0.0228753 	-0.288153 	-1.37292 	0.264867 	0.101119 	0.0347924 	
6.21	-0.0229103 	-0.288043 	-1.37291 	0.264894 	0.101032 	0.0347882 	
6.215	-0.0229321 	-0.287942 	-1.3729 	0.264935 	0.100958 	0.0347854 	
6.22	-0.0229534 	-0.287834 	-1.37289 	0.264961 	0.100847 	0.0347798 	
6.225	-0.0229697 	-0.287736 	-1.37288 	0.265002 	0.100746 	0.0347703 	
6.23	-0.0229866 	-0.287649 	-1.37288 	0.265031 	0.100661 	0.0347642 	
6.235	-0.023001 	-0.287561 	-1.37287 	0.265063 	0.100561 	0.0347555 	
6.24	-0.0230149 	-0.287505 	-1.37287 	0.265089 	0.100508 	0.0347547 	
6.245	-0.0230291 	-0.287475 	-1.37286 	0.265098 	0.100504 	0.034758 	
6.25	-0.0230418 	-0.287461 	-1.37284 	0.265106 	0.100528 	0.0347579 	
6.255	-0.0230539 	-0.287453 	-1.37283 	0.265108 	0.100566 	0.0347579 	
6.26	-0.023065 	-0.287446 	-1.37281 	0.265107 	0.100607 	0.0347579 	
6.265	-0.0230753 	-0.287439 	-1.37279 	0.265107 	0.10065 	0.0347579 	
6.27	-0.0230848 	-0.287434 	-1.37278 	0.265107 	0.100695 	0.0347579 	
6.275	-0.0230942 	-0.287428 	-1.37276 	0.265106 	0.100738 	0.034758 	
6.28	-0.0231033 	-0.287422 	-1.37274 	0.265105 	0.10078 	0.034758 	
6.285	-0.0231121 	-0.287415 	-1.37272 	0.265104 	0.100823 	0.0347581 	
6.29	-0.0231207 	-0.287409 	-1.37271 	0.265103 	0.100865 	0.0347581 	
6.295	-0.0231291 	-0.287403 	-1.37269 	0.265103 	0.100907 	0.0347581 	
6.3	-0.0231374 	-0.287396 	-1.37267 	0.265102 	0.10095 	0.0347582 	
6.305	-0.0231456 	-0.28739 	-1.37265 	0.265101 	0.100992 	0.0347582 	
6.31	-0.0231537 	-0.287384 	-1.37264 	0.265101 	0.101035 	0.0347583 	
6.315	-0.0231618 	-0.287377 	-1.37262 	0.2651 	0.101077 	0.0347583 	
6.32	-0.0231697 	-0.287371 	-1.3726 	0.265099 	0.10112 	0.0347583 	
6.325	-0.0231777 	-0.287361 	-1.37259 	0.265099 	0.101158 	0.0347582 	
6.33	-0.023186 	-0.287352 	-1.37257 	0.265099 	0.101199 	0.0347582 	
6.335	-0.0231943 	-0.287343 	-1.37255 	0.265098 	0.101241 	0.0347582 	
6.34	-0.0232025 	-0.287335 	-1.37253 	0.265098 	0.101283 	0.0347583 	
6.345	-0.0232105 	-0.287327 	-1.37252 	0.265098 	0.101325 	0.0347582 	
6.35	-0.0232186 	-0.287319 	-1.3725 	0.265097 	0.101367 	0.0347582 	
6.355	-0.0232265 	-0.287312 	-1.37248 	0.265097 	0.101409 	0.0347583 	
6.36	-0.0232345 	-0.287305 	-1.37246 	0.265096 	0.101452 	0.0347583 	
6.365	-0.0232423 	-0.287297 	-1.37245 	0.265095 	0.101494 	0.0347584 	
6.37	-0.0232502 	-0.28729 	-1.37243 	0.265095 	0.101536 	0.0347584 	
6.375	-0.023258 	-0.287283 	-1.37241 	0.265094 	0.101579 	0.0347585 	
6.38	-0.0232658 	-0.287276 	-1.3724 	0.265094 	0.101621 	0.0347585 	
6.385	-0.0232736 	-0.287269 	-1.37238 	0.265093 	0.101663 	0.0347586 	
6.39	-0.0232814 	-0.287262 	-1.37236 	0.265093 	0.101706 	0.0347587 	
6.395	-0.0232891 	-0.287255 	-1.37234 	0.265092 	0.101748 	0.0347587 	
6.4	-0.0232969 	-0.287248 	-1.37233 	0.265092 	0.101791 	0.0347588 	
6.405	-0.0233052 	-0.287239 	-1.37231 	0.26509 	0.101831 	0.0347596 	
6.41	-0.0233135 	-0.287231 	-1.37229 	0.265089 	0.101872 	0.0347598 	
6.415	-0.0233217 	-0.287223 	-1.37227 	0.265089 	0.101914 	0.03476 	
6.42	-0.0233297 	-0.287215 	-1.37226 	0.265088 	0.101956 	0.03476 	
6.425	-0.0233377 	-0.287208 	-1.37224 	0.265087 	0.101999 	0.0347601 	
6.43	-0.0233528 	-0.287197 	-1.37222 	0.265061 	0.102033 	0.0347424 	
6.435	-0.0233646 	-0.287184 	-1.3722 	0.265052 	0.102066 	0.0347369 	
6.44	-0.0233749 	-0.287174 	-1.37219 	0.265049 	0.102105 	0.0347356 	
6.445	-0.0233866 	-0.287158 	-1.37217 	0.265041 	0.102134 	0.034733 	
6.45	-0.023398 	-0.287143 	-1.37215 	0.265036 	0.102167 	0.0347311 	
6.455	-0.0234085 	-0.287131 	-1.37214 	0.265034 	0.102206 	0.0347302 	
6.46	-0.0234184 	-0.28712 	-1.37212 	0.265033 	0.102247 	0.03473 	
6.465	-0.0234278 	-0.28711 	-1.3721 	0.265032 	0.102289 	0.03473 	
6.47	-0.023437 	-0.2871 	-1.37208 	0.265031 	0.102331 	0.0347301 	
6.475	-0.0234459 	-0.287091 	-1.37207 	0.265031 	0.102374 	0.0347301 	
6.48	-0.0234547 	-0.287082 	-1.37205 	0.26503 	0.102416 	0.0347302 	
6.485	-0.0234633 	-0.287073 	-1.37203 	0.26503 	0.102458 	0.0347302 	
6.49	-0.0234718 	-0.287064 	-1.37202 	0.265029 	0.1025 	0.0347303 	
6.495	-0.0234803 	-0.287056 	-1.372 	0.265028 	0.102542 	0.0347304 	
6.5	-0.0234859 	-0.28703 	-1.37198 	0.26504 	0.102556 	0.0347066 	
6.505	-0.0234949 	-0.286999 	-1.37197 	0.26504 	0.102553 	0.034667 	
6.51	-0.0235049 	-0.28698 	-1.37195 	0.265039 	0.102584 	0.0346571 	
6.515	-0.0235145 	-0.286966 	-1.37194 	0.265039 	0.102623 	0.0346547 	
6.52	-0.0235236 	-0.286953 	-1.37192 	0.265039 	0.102664 	0.034654 	
6.525	-0.0235324 	-0.286941 	-1.3719 	0.265038 	0.102706 	0.0346539 	
6.53	-0.023541 	-0.28693 	-1.37188 	0.265038 	0.102748 	0.0346538 	
6.535	-0.0235495 	-0.286919 	-1.37187 	0.265037 	0.10279 	0.0346538 	
6.54	-0.0235579 	-0.286909 	-1.37185 	0.265037 	0.102832 	0.0346539 	
6.545	-0.0235662 	-0.286899 	-1.37183 	0.265036 	0.102874 	0.0346539 	
6.55	-0.0235745 	-0.286889 	-1.37181 	0.265036 	0.102916 	0.0346539 	
6.555	-0.0235828 	-0.28688 	-1.3718 	0.265035 	0.102958 	0.0346539 	
6.56	-0.023591 	-0.286871 	-1.37178 	0.265035 	0.103 	0.034654 	
6.565	-0.0235993 	-0.286862 	-1.37176 	0.265034 	0.103042 	0.034654 	
6.57	-0.0236075 	-0.286853 	-1.37174 	0.265034 	0.103085 	0.034654 	
6.575	-0.0236157 	-0.286844 	-1.37173 	0.265033 	0.103127 	0.0346541 	
6.58	-0.0236239 	-0.286836 	-1.37171 	0.265033 	0.103169 	0.0346541 	
6.585	-0.023632 	-0.286827 	-1.37169 	0.265032 	0.103212 	0.0346542 	
6.59	-0.0236402 	-0.286819 	-1.37167 	0.265032 	0.103254 	0.0346542 	
6.595	-0.0236484 	-0.28681 	-1.37166 	0.265031 	0.103296 	0.0346543 	
6.6	-0.0236565 	-0.286802 	-1.37164 	0.265031 	0.103339 	0.0346543 	
6.605	-0.0236647 	-0.286794 	-1.37162 	0.26503 	0.103381 	0.0346544 	
6.61	-0.0236729 	-0.286786 	-1.37161 	0.26503 	0.103424 	0.0346545 	
6.615	-0.0236856 	-0.286757 	-1.37159 	0.265022 	0.103417 	0.0346523 	
6.62	-0.0237039 	-0.286706 	-1.37157 	0.265009 	0.103364 	0.0346364 	
6.625	-0.0237187 	-0.286677 	-1.37156 	0.265002 	0.103339 	0.0346329 	
6.63	-0.0237375 	-0.286633 	-1.37153 	0.264995 	0.103322 	0.0346304 	
6.635	-0.0237529 	-0.286586 	-1.37151 	0.265 	0.103289 	0.0346315 	
6.64	-0.0237686 	-0.286556 	-1.3715 	0.265001 	0.103308 	0.034632 	
6.645	-0.023783 	-0.286534 	-1.37148 	0.265001 	0.103343 	0.0346322 	
6.65	-0.0238012 	-0.286497 	-1.37146 	0.264987 	0.103334 	0.0346316 	
6.655	-0.0238144 	-0.286435 	-1.37143 	0.265005 	0.103272 	0.0346091 	
