0.0	0.333706	-0.17241	0.0336918	-0.369617	-1.57018	0.369649
0.005	0.332479	-0.183034	0.0339483	-2.5918	-1.56823	2.1216
0.01	0.333443	-0.178384	0.0337494	-0.652107	-1.57035	0.38925
0.015	0.333472	-0.178321	0.0337415	-0.648879	-1.56995	0.385544
0.02	0.333487	-0.178296	0.0337472	-0.618568	-1.57024	0.357167
0.025	0.333483	-0.178289	0.0337403	-0.614482	-1.56988	0.35365
0.03	0.333473	-0.178287	0.0337307	-0.614354	-1.56937	0.354012
0.035	0.333524	-0.178303	0.0337479	-0.623053	-1.57023	0.361266
0.04	0.333532	-0.178313	0.0337445	-0.627282	-1.57003	0.365207
0.045	0.333533	-0.178323	0.0337376	-0.628544	-1.56965	0.366273
0.05	0.33353	-0.178335	0.0337279	-0.628558	-1.56912	0.366165
0.055	0.333598	-0.178288	0.0337437	-0.618797	-1.56991	0.357796
0.06	0.333617	-0.17828	0.0337398	-0.616712	-1.56968	0.356212
0.065	0.333629	-0.178276	0.0337326	-0.616539	-1.56927	0.356476
0.07	0.333637	-0.178276	0.0337227	-0.61696	-1.56872	0.357281
0.075	0.3337	-0.178297	0.0337377	-0.620483	-1.56945	0.359249
0.08	0.333724	-0.178308	0.0337335	-0.62252	-1.56919	0.36092
0.085	0.333742	-0.17832	0.0337261	-0.623857	-1.56876	0.362
0.09	0.333757	-0.178333	0.0337161	-0.624607	-1.56818	0.362579
0.095	0.333841	-0.178271	0.0337297	-0.61712	-1.56884	0.357218
0.1	0.333877	-0.178258	0.0337251	-0.615688	-1.56855	0.356531
0.105	0.333907	-0.17825	0.0337174	-0.615206	-1.56809	0.356681
0.11	0.333959	-0.178281	0.033721	-0.617316	-1.56822	0.357192
0.115	0.333991	-0.178294	0.0337138	-0.618393	-1.56777	0.357975
0.12	0.334019	-0.178306	0.033704	-0.619333	-1.5672	0.358716
0.125	0.334045	-0.178319	0.0336923	-0.620071	-1.56651	0.35933
0.13	0.334164	-0.178252	0.0337133	-0.614387	-1.56754	0.355696
0.135	0.334221	-0.178237	0.0337109	-0.613237	-1.56734	0.355282
0.14	0.334271	-0.178227	0.033705	-0.612797	-1.56696	0.355465
0.145	0.334317	-0.178222	0.0336964	-0.612774	-1.56643	0.355975
0.15	0.334376	-0.178262	0.0336958	-0.613373	-1.56631	0.354721
0.155	0.334421	-0.178279	0.0336869	-0.614114	-1.56576	0.355042
0.16	0.334464	-0.178294	0.033676	-0.614913	-1.56509	0.355541
0.165	0.334576	-0.178232	0.0336876	-0.610908	-1.56561	0.353775
0.17	0.334642	-0.178219	0.0336822	-0.610316	-1.56524	0.353922
0.175	0.334702	-0.178211	0.0336741	-0.610133	-1.56472	0.354365
0.18	0.334759	-0.178208	0.0336637	-0.610182	-1.56407	0.354949
0.185	0.334853	-0.178232	0.0336707	-0.608377	-1.56433	0.351653
0.19	0.33492	-0.178243	0.033664	-0.608352	-1.56388	0.351339
0.195	0.334984	-0.178254	0.0336548	-0.608676	-1.56329	0.351466
0.2	0.335086	-0.178205	0.0336567	-0.606244	-1.56328	0.351094
0.205	0.335161	-0.178195	0.0336487	-0.605949	-1.56275	0.351512
0.21	0.335232	-0.178189	0.0336386	-0.605934	-1.5621	0.352101
0.215	0.3353	-0.178187	0.0336268	-0.606079	-1.56136	0.352763
0.22	0.335426	-0.178196	0.0336396	-0.602733	-1.56192	0.348315
0.225	0.335514	-0.178202	0.0336346	-0.602148	-1.56153	0.347571
0.23	0.335597	-0.17821	0.0336269	-0.602054	-1.561	0.347386
0.235	0.335677	-0.178218	0.0336171	-0.602294	-1.56035	0.347588
0.24	0.33579	-0.178161	0.0336156	-0.599609	-1.56015	0.347407
0.245	0.335879	-0.178148	0.0336063	-0.599151	-1.55952	0.347876
0.25	0.335965	-0.178139	0.0335953	-0.598999	-1.5588	0.348499
0.255	0.336087	-0.178159	0.0336001	-0.596812	-1.55892	0.345062
0.26	0.336183	-0.178166	0.0335927	-0.596496	-1.55839	0.344626
0.265	0.336277	-0.178174	0.0335833	-0.596556	-1.55774	0.344626
0.27	0.336368	-0.178183	0.0335722	-0.596866	-1.557	0.344922
0.275	0.33651	-0.178119	0.0335759	-0.592599	-1.55707	0.343204
0.28	0.336618	-0.178103	0.0335682	-0.59165	-1.55652	0.343206
0.285	0.336723	-0.178092	0.0335585	-0.591162	-1.55585	0.343513
0.29	0.336825	-0.178086	0.0335473	-0.590999	-1.55509	0.34402
0.295	0.336957	-0.178113	0.03355	-0.58876	-1.55509	0.340248
0.3	0.337068	-0.178124	0.033542	-0.58841	-1.55449	0.339641
0.305	0.337177	-0.178134	0.0335321	-0.588441	-1.5538	0.339501
0.31	0.337315	-0.178076	0.0335286	-0.585282	-1.55347	0.338961
0.315	0.337433	-0.178063	0.0335189	-0.584588	-1.55279	0.339187
0.32	0.337548	-0.178054	0.0335078	-0.584275	-1.55202	0.339643
0.325	0.337662	-0.17805	0.0334956	-0.584232	-1.55118	0.34025
0.33	0.337775	-0.178048	0.0334825	-0.584375	-1.5503	0.340946
0.335	0.337954	-0.178053	0.0334962	-0.578773	-1.5509	0.334146
0.34	0.33809	-0.178057	0.0334916	-0.577325	-1.55048	0.332519
0.345	0.338223	-0.178063	0.0334846	-0.576525	-1.54993	0.331609
0.35	0.338342	-0.17802	0.0334675	-0.576027	-1.54882	0.33377
0.355	0.338466	-0.178009	0.0334541	-0.575888	-1.54791	0.334586
0.36	0.33859	-0.178003	0.0334403	-0.575963	-1.54697	0.335458
0.365	0.338714	-0.178001	0.0334259	-0.576186	-1.54599	0.336353
0.37	0.338914	-0.177995	0.0334416	-0.569677	-1.54672	0.328941
0.375	0.339067	-0.177995	0.0334375	-0.567914	-1.54631	0.327145
0.38	0.339215	-0.177997	0.033431	-0.566849	-1.54576	0.326088
0.385	0.339336	-0.177965	0.03341	-0.566818	-1.54442	0.328412
0.39	0.33947	-0.177957	0.0333956	-0.566746	-1.54343	0.329229
0.395	0.339605	-0.177953	0.033381	-0.566879	-1.54243	0.330105
0.4	0.339741	-0.177952	0.0333663	-0.567155	-1.5414	0.33101
0.405	0.339878	-0.177954	0.0333514	-0.567529	-1.54037	0.331921
0.41	0.340121	-0.177921	0.0333758	-0.557621	-1.54162	0.32165
0.415	0.340298	-0.177913	0.0333748	-0.554647	-1.54138	0.318786
0.42	0.340469	-0.177909	0.0333709	-0.552621	-1.54098	0.316881
0.425	0.340568	-0.177897	0.0333371	-0.555732	-1.53886	0.322167
0.43	0.340708	-0.177895	0.0333193	-0.556333	-1.53765	0.323631
0.435	0.340851	-0.177895	0.0333021	-0.556955	-1.53647	0.324977
0.44	0.340996	-0.177898	0.0332854	-0.557587	-1.5353	0.326222
0.445	0.341256	-0.177854	0.0333103	-0.547076	-1.53662	0.315681
0.45	0.341445	-0.177842	0.033309	-0.543977	-1.53636	0.312837
0.455	0.341629	-0.177836	0.033305	-0.541836	-1.53593	0.310933
0.46	0.341737	-0.177832	0.0332701	-0.544818	-1.53373	0.31579
0.465	0.341888	-0.177832	0.0332521	-0.54536	-1.53248	0.31713
0.47	0.342042	-0.177834	0.0332348	-0.545953	-1.53127	0.318394
0.475	0.342199	-0.177837	0.0332182	-0.546579	-1.53008	0.31959
0.48	0.342467	-0.177783	0.0332405	-0.535742	-1.53128	0.309208
0.485	0.342668	-0.177768	0.0332384	-0.53253	-1.53097	0.306409
0.49	0.342864	-0.177758	0.0332339	-0.530289	-1.53051	0.30453
0.495	0.34298	-0.177762	0.0331989	-0.533225	-1.52826	0.309036
0.5	0.343143	-0.177764	0.0331808	-0.533735	-1.52699	0.310281
0.505	0.343308	-0.177767	0.0331637	-0.534317	-1.52575	0.311482
0.51	0.343477	-0.177772	0.0331472	-0.534947	-1.52455	0.312639
0.515	0.343752	-0.177707	0.0331663	-0.523695	-1.52561	0.302308
0.52	0.343963	-0.177689	0.0331633	-0.520343	-1.52525	0.299517
0.525	0.344169	-0.177677	0.0331582	-0.517983	-1.52475	0.297639
0.53	0.344372	-0.17767	0.0331515	-0.516415	-1.52414	0.296489
0.535	0.344481	-0.17768	0.0331094	-0.519649	-1.52144	0.301441
0.54	0.344647	-0.177684	0.0330883	-0.520452	-1.51996	0.303049
0.545	0.344818	-0.17769	0.0330687	-0.521245	-1.51856	0.304518
0.55	0.345103	-0.177633	0.0330871	-0.511733	-1.51956	0.295644
0.555	0.345321	-0.177619	0.0330829	-0.509055	-1.51911	0.29348
0.56	0.345536	-0.177609	0.033077	-0.507214	-1.51854	0.292082
0.565	0.345747	-0.177604	0.0330696	-0.506036	-1.51787	0.291291
0.57	0.345877	-0.177596	0.0330305	-0.505965	-1.51538	0.293305
0.575	0.346056	-0.177595	0.0330103	-0.505832	-1.51396	0.294096
0.58	0.346241	-0.177597	0.0329917	-0.505926	-1.5126	0.29496
0.585	0.34643	-0.177601	0.0329743	-0.506192	-1.51131	0.295874
0.59	0.346739	-0.177537	0.0329964	-0.496124	-1.51258	0.286375
0.595	0.346976	-0.17752	0.0329945	-0.493035	-1.51226	0.283765
0.6	0.347208	-0.177509	0.0329905	-0.490862	-1.5118	0.282006
0.605	0.347335	-0.177514	0.0329482	-0.492372	-1.50905	0.285354
0.61	0.347524	-0.177516	0.0329282	-0.49244	-1.5076	0.286267
0.615	0.347719	-0.177519	0.0329098	-0.492694	-1.50624	0.287229
0.62	0.347918	-0.177525	0.0328928	-0.493089	-1.50494	0.288221
0.625	0.348227	-0.17745	0.03291	-0.482064	-1.50599	0.278283
0.63	0.34847	-0.177429	0.0329066	-0.478691	-1.50559	0.275553
0.635	0.34871	-0.177415	0.0329015	-0.47629	-1.50507	0.273698
0.64	0.34885	-0.177429	0.0328619	-0.478335	-1.50241	0.277213
0.645	0.34905	-0.177433	0.0328426	-0.478516	-1.50098	0.278153
0.65	0.349254	-0.177438	0.0328249	-0.478863	-1.49963	0.279139
0.655	0.349463	-0.177446	0.0328085	-0.479336	-1.49834	0.280153
0.66	0.34977	-0.17736	0.0328204	-0.467486	-1.49915	0.269884
0.665	0.35002	-0.177336	0.0328155	-0.463857	-1.49868	0.267054
0.67	0.350265	-0.177319	0.0328092	-0.46125	-1.49809	0.265117
0.675	0.350508	-0.177309	0.0328019	-0.459458	-1.49742	0.263891
0.68	0.350637	-0.177331	0.0327562	-0.462132	-1.49433	0.268077
0.685	0.350837	-0.17734	0.0327341	-0.462711	-1.49269	0.269438
0.69	0.351044	-0.177349	0.0327142	-0.463357	-1.49118	0.270739
0.695	0.351363	-0.177273	0.0327276	-0.45325	-1.49205	0.26187
0.7	0.351619	-0.177253	0.0327222	-0.450292	-1.49152	0.259629
0.705	0.351871	-0.177241	0.0327156	-0.448209	-1.49089	0.25815
0.71	0.352121	-0.177234	0.0327081	-0.44682	-1.49019	0.257274
0.715	0.352263	-0.177234	0.0326635	-0.446287	-1.48724	0.258717
0.72	0.352473	-0.177236	0.0326419	-0.445935	-1.48564	0.259291
0.725	0.352689	-0.17724	0.0326225	-0.445868	-1.48417	0.259995
0.73	0.353005	-0.177182	0.032633	-0.438324	-1.48479	0.253355
0.735	0.353265	-0.177167	0.0326268	-0.436015	-1.48419	0.251685
0.74	0.353523	-0.177159	0.0326196	-0.43444	-1.48351	0.25065
0.745	0.353701	-0.177148	0.0325851	-0.432486	-1.48119	0.250471
0.75	0.353928	-0.177146	0.0325672	-0.431601	-1.47983	0.250451
0.755	0.354159	-0.177148	0.0325508	-0.431131	-1.47854	0.250702
0.76	0.354394	-0.177152	0.0325357	-0.430983	-1.4773	0.25116
0.765	0.354633	-0.177159	0.0325215	-0.431085	-1.47612	0.251775
0.77	0.354937	-0.177061	0.0325226	-0.419117	-1.47638	0.241959
0.775	0.355203	-0.177034	0.032515	-0.415315	-1.47576	0.239146
0.78	0.355467	-0.177015	0.0325069	-0.41256	-1.47507	0.237212
0.785	0.355729	-0.177004	0.0324983	-0.410637	-1.47431	0.235974
0.79	0.355884	-0.177034	0.0324566	-0.41321	-1.47132	0.239697
0.795	0.356106	-0.177046	0.0324358	-0.413732	-1.4697	0.240912
0.8	0.356336	-0.177059	0.0324172	-0.41435	-1.4682	0.242112
0.805	0.356659	-0.176968	0.0324227	-0.403732	-1.46871	0.233278
0.81	0.356931	-0.176946	0.0324152	-0.400578	-1.46808	0.231006
0.815	0.3572	-0.176931	0.0324072	-0.398329	-1.46737	0.229492
0.82	0.357468	-0.176924	0.0323988	-0.3968	-1.46661	0.228577
0.825	0.357629	-0.176929	0.0323566	-0.396235	-1.46368	0.229699
0.83	0.357857	-0.176933	0.0323358	-0.395829	-1.46208	0.230151
0.835	0.358093	-0.176941	0.0323172	-0.395726	-1.46061	0.230762
0.84	0.358415	-0.176871	0.0323218	-0.387756	-1.46097	0.224145
0.845	0.35869	-0.176855	0.032314	-0.385276	-1.46029	0.22244
0.85	0.358963	-0.176846	0.0323059	-0.383557	-1.45955	0.221369
0.855	0.359234	-0.176842	0.0322974	-0.382441	-1.45877	0.220798
0.86	0.359401	-0.176822	0.032255	-0.379122	-1.45591	0.21966
0.865	0.359634	-0.17682	0.0322342	-0.377916	-1.45434	0.219463
0.87	0.359874	-0.176822	0.0322156	-0.377191	-1.45288	0.219571
0.875	0.36012	-0.176828	0.0321989	-0.376841	-1.45153	0.219914
0.88	0.360461	-0.176752	0.0322071	-0.368496	-1.45218	0.212867
0.885	0.360748	-0.176733	0.0322014	-0.365785	-1.45164	0.210902
0.89	0.361031	-0.176722	0.0321949	-0.363879	-1.45103	0.20962
0.895	0.361199	-0.176722	0.0321536	-0.362566	-1.44811	0.210071
0.9	0.361437	-0.176724	0.0321339	-0.361776	-1.44658	0.210169
0.905	0.361683	-0.17673	0.0321163	-0.361377	-1.44516	0.210506
0.91	0.361933	-0.176739	0.0321004	-0.361284	-1.44383	0.211026
0.915	0.362261	-0.176646	0.0321022	-0.351328	-1.44418	0.202914
0.92	0.362545	-0.176622	0.0320945	-0.348143	-1.44355	0.200641
0.925	0.362827	-0.176608	0.0320865	-0.34586	-1.44286	0.199114
0.93	0.363011	-0.176621	0.0320506	-0.345873	-1.44019	0.200429
0.935	0.363256	-0.176626	0.0320323	-0.345411	-1.43873	0.200736
0.94	0.363506	-0.176636	0.0320159	-0.34527	-1.43737	0.201235
0.945	0.363762	-0.176648	0.0320009	-0.34538	-1.43609	0.201883
0.95	0.364075	-0.176539	0.0319967	-0.334076	-1.43613	0.19292
0.955	0.364356	-0.176511	0.0319873	-0.330492	-1.43541	0.190395
0.96	0.364637	-0.176493	0.0319779	-0.327892	-1.43465	0.188669
0.965	0.364916	-0.176484	0.0319685	-0.326075	-1.43386	0.187576
0.97	0.365086	-0.176508	0.0319296	-0.326954	-1.4309	0.189652
0.975	0.365326	-0.17652	0.0319097	-0.326945	-1.42929	0.190361
0.98	0.365573	-0.176534	0.0318921	-0.327157	-1.42782	0.191172
0.985	0.365898	-0.17644	0.0318917	-0.317632	-1.42806	0.183562
0.99	0.366182	-0.176419	0.0318827	-0.314704	-1.42735	0.181563
0.995	0.366464	-0.176407	0.0318736	-0.31262	-1.42659	0.180247
1.0	0.366744	-0.176402	0.0318646	-0.311208	-1.42581	0.179473
1.005	0.366914	-0.176397	0.0318245	-0.309266	-1.42288	0.179277
1.01	0.367153	-0.176401	0.0318044	-0.308426	-1.42129	0.179318
1.015	0.367401	-0.176409	0.0317866	-0.307986	-1.41984	0.179607
1.02	0.367654	-0.17642	0.0317706	-0.30786	-1.41849	0.180088
1.025	0.367995	-0.176316	0.0317737	-0.297758	-1.41904	0.17192
1.03	0.368287	-0.17629	0.0317666	-0.294495	-1.41849	0.169594
1.035	0.368575	-0.176275	0.031759	-0.292142	-1.41786	0.168015
1.04	0.368745	-0.176294	0.0317211	-0.292333	-1.41493	0.16946
1.045	0.368988	-0.176303	0.0317023	-0.291905	-1.41341	0.169786
1.05	0.369237	-0.176315	0.0316855	-0.29179	-1.41201	0.170297
1.055	0.369548	-0.176234	0.0316813	-0.2838	-1.41194	0.164082
1.06	0.369827	-0.176217	0.0316713	-0.281292	-1.41115	0.162462
1.065	0.370105	-0.176209	0.0316614	-0.27954	-1.41035	0.161441
1.07	0.370383	-0.176208	0.0316517	-0.278385	-1.40952	0.160895
1.075	0.370564	-0.176185	0.0316161	-0.274862	-1.40691	0.159263
1.08	0.370807	-0.176184	0.0315974	-0.273562	-1.40543	0.158884
1.085	0.371056	-0.176189	0.0315806	-0.27276	-1.40407	0.158841
1.09	0.37131	-0.176198	0.0315654	-0.272351	-1.4028	0.159061
1.095	0.37163	-0.176112	0.0315638	-0.264194	-1.40295	0.152638
1.1	0.371913	-0.176093	0.0315553	-0.261517	-1.4023	0.150833
1.105	0.372194	-0.176084	0.0315465	-0.259627	-1.4016	0.149661
1.11	0.372474	-0.176082	0.0315377	-0.258363	-1.40086	0.148994
1.115	0.372623	-0.176069	0.0314961	-0.255769	-1.3977	0.148308
1.12	0.372855	-0.176073	0.0314756	-0.25475	-1.39606	0.148211
1.125	0.373094	-0.176081	0.0314573	-0.254168	-1.39457	0.148386
1.13	0.373428	-0.176015	0.03146	-0.247822	-1.39499	0.143278
1.135	0.37371	-0.176002	0.0314519	-0.245719	-1.39436	0.141914
1.14	0.373989	-0.175999	0.0314436	-0.244282	-1.39368	0.14109
1.145	0.37417	-0.175978	0.0314108	-0.241171	-1.39117	0.139716
1.15	0.374411	-0.175978	0.0313935	-0.239913	-1.38979	0.139323
1.155	0.374658	-0.175983	0.0313778	-0.239144	-1.38852	0.139266
1.16	0.374909	-0.175994	0.0313635	-0.23876	-1.38732	0.139473
1.165	0.375205	-0.175908	0.0313571	-0.230801	-1.38713	0.133367
1.17	0.375477	-0.17589	0.0313471	-0.228201	-1.38639	0.131665
1.175	0.375747	-0.175881	0.0313373	-0.22637	-1.38562	0.130573
1.18	0.376017	-0.17588	0.0313275	-0.22515	-1.38484	0.129963
1.185	0.376183	-0.175866	0.0312936	-0.222553	-1.38217	0.129042
1.19	0.376415	-0.175869	0.0312753	-0.221547	-1.3807	0.128876
1.195	0.376653	-0.175878	0.0312589	-0.220975	-1.37935	0.128996
1.2	0.376896	-0.175891	0.031244	-0.220746	-1.37811	0.12934
1.205	0.377213	-0.17579	0.0312434	-0.211876	-1.37844	0.12233
1.21	0.377488	-0.175768	0.0312353	-0.209001	-1.37787	0.120347
1.215	0.37776	-0.175756	0.0312268	-0.206948	-1.37725	0.119027
1.22	0.377925	-0.175769	0.031195	-0.206488	-1.37462	0.119743
1.225	0.378155	-0.175778	0.031178	-0.205935	-1.37322	0.119896
1.23	0.378391	-0.175792	0.0311625	-0.205722	-1.37193	0.120265
1.235	0.378679	-0.175713	0.0311567	-0.19862	-1.37177	0.114844
1.24	0.378939	-0.175699	0.0311465	-0.196378	-1.37101	0.113433
1.245	0.379198	-0.175694	0.0311364	-0.194829	-1.37024	0.112566
1.25	0.379456	-0.175696	0.0311264	-0.19383	-1.36946	0.112131
1.255	0.379626	-0.175666	0.0310969	-0.190153	-1.36711	0.110214
1.26	0.379852	-0.175665	0.0310801	-0.188846	-1.36576	0.109757
1.265	0.380082	-0.175671	0.0310648	-0.188035	-1.36452	0.109645
1.27	0.380317	-0.175682	0.0310507	-0.187618	-1.36336	0.109803
1.275	0.38061	-0.1756	0.0310474	-0.180469	-1.36342	0.104264
1.28	0.380869	-0.175584	0.0310386	-0.178134	-1.3628	0.102729
1.285	0.381126	-0.175578	0.0310295	-0.176508	-1.36213	0.101761
1.29	0.38138	-0.17558	0.0310203	-0.175447	-1.36144	0.101243
1.295	0.381519	-0.175559	0.0309869	-0.172589	-1.35865	0.100125
1.3	0.381729	-0.175562	0.0309689	-0.171543	-1.35718	0.0999148
1.305	0.381946	-0.175571	0.0309527	-0.170938	-1.35585	0.0999945
1.31	0.382168	-0.175585	0.0309378	-0.170682	-1.35462	0.100302
1.315	0.382487	-0.175491	0.0309414	-0.162824	-1.35533	0.0939689
1.32	0.382748	-0.175471	0.0309347	-0.160285	-1.35492	0.0921957
1.325	0.383005	-0.175463	0.0309273	-0.158495	-1.35443	0.0910335
1.33	0.383137	-0.17547	0.0308954	-0.157695	-1.35165	0.0915075
1.335	0.383344	-0.175479	0.0308786	-0.157113	-1.35026	0.0916232
1.34	0.383556	-0.175492	0.0308633	-0.156875	-1.34899	0.0919587
1.345	0.383837	-0.175419	0.0308609	-0.150533	-1.34912	0.0870306
1.35	0.38408	-0.175407	0.0308518	-0.148542	-1.34849	0.0857681
1.355	0.38432	-0.175404	0.0308426	-0.147188	-1.34782	0.0850116
1.36	0.384558	-0.175409	0.0308333	-0.146341	-1.34714	0.0846573
1.365	0.3847	-0.175375	0.0308054	-0.142698	-1.34476	0.0827571
1.37	0.384901	-0.175374	0.0307894	-0.14145	-1.34345	0.0823251
1.375	0.385106	-0.17538	0.0307746	-0.140685	-1.34225	0.082227
1.38	0.385316	-0.175391	0.0307609	-0.140302	-1.34113	0.0823916
1.385	0.385601	-0.175316	0.0307614	-0.13399	-1.34154	0.0773807
1.39	0.385841	-0.175303	0.0307539	-0.131954	-1.34106	0.0760212
1.395	0.386077	-0.1753	0.0307459	-0.130562	-1.34052	0.0751845
1.4	0.386309	-0.175304	0.0307375	-0.129684	-1.33994	0.0747646
1.405	0.386413	-0.175278	0.0307056	-0.126767	-1.33708	0.0736146
1.41	0.386595	-0.175281	0.0306884	-0.125762	-1.33563	0.0734187
1.415	0.386784	-0.175289	0.0306727	-0.125187	-1.33432	0.0735049
1.42	0.387075	-0.175237	0.030676	-0.120544	-1.33499	0.0696895
1.425	0.387306	-0.175231	0.0306688	-0.119028	-1.33454	0.0687216
1.43	0.387533	-0.175233	0.0306611	-0.118049	-1.33403	0.0681943
1.435	0.387665	-0.175205	0.0306366	-0.115061	-1.33185	0.066734
1.44	0.387852	-0.175206	0.0306223	-0.113994	-1.33067	0.0663886
1.445	0.388043	-0.175213	0.0306089	-0.113371	-1.32958	0.0663557
1.45	0.388236	-0.175226	0.0305962	-0.1131	-1.32856	0.0665692
1.455	0.38843	-0.175243	0.0305842	-0.113108	-1.3276	0.0669769
1.46	0.388689	-0.175131	0.0305839	-0.104548	-1.32797	0.0602243
1.465	0.388907	-0.175106	0.0305768	-0.10185	-1.32754	0.058328
1.47	0.389121	-0.175094	0.0305691	-0.0999287	-1.32704	0.0570599
1.475	0.389331	-0.17509	0.0305609	-0.0986283	-1.3265	0.0562934
1.48	0.389426	-0.175117	0.0305332	-0.099392	-1.32386	0.0579152
1.485	0.389589	-0.175136	0.0305175	-0.099524	-1.32252	0.0585582
1.49	0.389758	-0.175157	0.0305032	-0.0998498	-1.32129	0.059304
1.495	0.390025	-0.175061	0.0305063	-0.0925217	-1.32201	0.0533914
1.5	0.390233	-0.175044	0.0304996	-0.0903702	-1.32161	0.0519082
1.505	0.390437	-0.175038	0.0304922	-0.0888834	-1.32115	0.0509668
1.51	0.390636	-0.175039	0.0304844	-0.0879275	-1.32064	0.0504579
1.515	0.390727	-0.175036	0.0304589	-0.0867983	-1.31818	0.0505233
1.52	0.390882	-0.175045	0.0304442	-0.0863881	-1.31692	0.0507118
1.525	0.391041	-0.175059	0.0304306	-0.0862844	-1.31577	0.0510975
1.53	0.391293	-0.174993	0.0304332	-0.0809693	-1.31641	0.0467758
1.535	0.391489	-0.174984	0.0304266	-0.079378	-1.31601	0.0457261
1.54	0.39168	-0.174984	0.0304193	-0.078337	-1.31556	0.0451283
1.545	0.391867	-0.17499	0.0304115	-0.0777351	-1.31505	0.0448909
1.55	0.391955	-0.17496	0.0303888	-0.0749574	-1.31283	0.0435842
1.555	0.392101	-0.174961	0.0303753	-0.0740925	-1.31165	0.0433859
1.56	0.39225	-0.174969	0.0303625	-0.0736283	-1.31057	0.0434644
1.565	0.392402	-0.174982	0.0303505	-0.0734815	-1.30956	0.0437612
1.57	0.392661	-0.174914	0.0303565	-0.0681559	-1.31059	0.0392797
1.575	0.392852	-0.174904	0.0303516	-0.0665407	-1.31039	0.0381353
1.58	0.393036	-0.174902	0.0303458	-0.0654793	-1.31009	0.0374594
1.585	0.393214	-0.174907	0.0303393	-0.0648608	-1.30971	0.0371583
1.59	0.393256	-0.174887	0.0303126	-0.0628718	-1.30693	0.0366731
1.595	0.393377	-0.174892	0.0302981	-0.0622764	-1.3056	0.0367378
1.6	0.393504	-0.174901	0.0302846	-0.0620245	-1.3044	0.0370224
1.605	0.393762	-0.174855	0.0302922	-0.0581239	-1.30564	0.0335635
1.61	0.39394	-0.174851	0.0302875	-0.0569765	-1.30546	0.0327759
1.615	0.394111	-0.174855	0.0302818	-0.0562877	-1.30517	0.0323831
1.62	0.394275	-0.174864	0.0302754	-0.0559654	-1.3048	0.0323058
1.625	0.394318	-0.174822	0.0302524	-0.0526574	-1.30233	0.030679
1.63	0.394431	-0.174819	0.0302393	-0.0517028	-1.30112	0.0304207
1.635	0.394548	-0.174823	0.030227	-0.051166	-1.30002	0.0304489
1.64	0.394784	-0.1748	0.030233	-0.0487772	-1.30111	0.0282113
1.645	0.394946	-0.174802	0.0302282	-0.0480653	-1.3009	0.027765
1.65	0.395102	-0.17481	0.0302225	-0.0477235	-1.3006	0.0276432
1.655	0.395251	-0.174823	0.0302161	-0.0476772	-1.30023	0.0277804
1.66	0.395297	-0.174762	0.030197	-0.0432763	-1.2981	0.0251788
1.665	0.395401	-0.174753	0.0301853	-0.0420333	-1.29701	0.0246515
1.67	0.395508	-0.174752	0.0301743	-0.0412676	-1.296	0.0244654
1.675	0.395617	-0.174758	0.0301637	-0.0408804	-1.29506	0.0245489
1.68	0.39586	-0.174741	0.0301731	-0.0389326	-1.2966	0.0224681
1.685	0.396017	-0.174746	0.0301701	-0.038428	-1.29661	0.0220933
1.69	0.396165	-0.174756	0.030166	-0.0382513	-1.29649	0.0220272
1.695	0.39619	-0.174715	0.0301464	-0.0352223	-1.29425	0.0205477
1.7	0.396282	-0.174712	0.0301354	-0.0344151	-1.29322	0.0203403
1.705	0.396376	-0.174716	0.0301251	-0.0339951	-1.29226	0.0204066
1.71	0.39647	-0.174725	0.0301151	-0.0338823	-1.29135	0.0206894
1.715	0.396697	-0.174689	0.0301247	-0.0308172	-1.29289	0.0177231
1.72	0.396839	-0.174688	0.0301222	-0.0300116	-1.29292	0.017102
1.725	0.396971	-0.174692	0.0301184	-0.029594	-1.29281	0.016838
1.73	0.396991	-0.174672	0.0301005	-0.0279384	-1.29075	0.0163662
1.735	0.397071	-0.174675	0.0300904	-0.0275291	-1.28979	0.0164411
1.74	0.397152	-0.174683	0.0300808	-0.0274252	-1.28889	0.0167304
1.745	0.397234	-0.174694	0.0300715	-0.0275635	-1.28803	0.0171892
1.75	0.397445	-0.174642	0.0300816	-0.0235971	-1.28958	0.0135029
1.755	0.397571	-0.174636	0.0300797	-0.022559	-1.28964	0.0126861
1.76	0.397688	-0.174636	0.0300765	-0.0219551	-1.28955	0.0122648
1.765	0.397796	-0.174642	0.0300723	-0.0216991	-1.28934	0.0121604
1.77	0.397784	-0.174628	0.0300531	-0.020587	-1.28704	0.0122139
1.775	0.397838	-0.174633	0.0300426	-0.0204245	-1.28596	0.0125274
1.78	0.397895	-0.174643	0.0300327	-0.0205155	-1.28497	0.0130044
1.785	0.398095	-0.174608	0.0300431	-0.0177023	-1.2866	0.0101767
1.79	0.398204	-0.174607	0.0300411	-0.0170578	-1.28664	0.00967166
1.795	0.398303	-0.174611	0.030038	-0.0167682	-1.28654	0.0094986
1.8	0.398394	-0.17462	0.030034	-0.0167624	-1.28632	0.00959121
1.805	0.398477	-0.174632	0.0300293	-0.0169831	-1.28602	0.00989579
1.81	0.398463	-0.174581	0.0300143	-0.0137404	-1.28405	0.00815801
1.815	0.398502	-0.174574	0.0300052	-0.0129957	-1.28305	0.00798525
1.82	0.398542	-0.174574	0.0299965	-0.0126241	-1.28212	0.00807602
1.825	0.398728	-0.174578	0.0300066	-0.0121222	-1.28382	0.00701308
1.83	0.398821	-0.174586	0.030005	-0.0121356	-1.28391	0.00699815
1.835	0.398903	-0.174598	0.0300024	-0.0123715	-1.28385	0.00721609
1.84	0.398976	-0.174612	0.0299989	-0.012785	-1.28367	0.00761996
1.845	0.398961	-0.17455	0.0299869	-0.00897787	-1.28199	0.00532629
1.85	0.398991	-0.17454	0.0299795	-0.00810148	-1.28115	0.00499117
1.855	0.399021	-0.174537	0.0299722	-0.00762547	-1.28034	0.00495257
1.86	0.399175	-0.174554	0.0299802	-0.00803266	-1.28178	0.00469469
1.865	0.399248	-0.174566	0.0299785	-0.00833258	-1.28182	0.00491998
1.87	0.39931	-0.174579	0.0299759	-0.00879707	-1.28172	0.0053292
1.875	0.399364	-0.174595	0.0299724	-0.0093925	-1.28151	0.00588488
1.88	0.399361	-0.174526	0.029965	-0.00516127	-1.28035	0.00305593
1.885	0.399383	-0.174513	0.0299593	-0.00419817	-1.27968	0.00258341
1.89	0.399403	-0.174507	0.0299535	-0.00365327	-1.27901	0.00243507
1.895	0.399524	-0.174535	0.0299595	-0.00483626	-1.28017	0.0028868
1.9	0.399577	-0.17455	0.0299577	-0.00538757	-1.28016	0.0033251
1.905	0.39962	-0.174565	0.0299551	-0.00605255	-1.28003	0.00390387
1.91	0.399654	-0.174582	0.0299519	-0.00680749	-1.27979	0.00459405
1.915	0.399682	-0.174599	0.0299481	-0.00763324	-1.27947	0.00537224
1.92	0.399695	-0.174497	0.029947	-0.00151009	-1.27899	0.000793769
1.925	0.399709	-0.174473	0.0299436	4.31521e-05	-1.27852	-0.000221454
1.93	0.399718	-0.174458	0.0299398	0.00105836	-1.27801	-0.000802453
1.935	0.399802	-0.174526	0.0299427	-0.00257514	-1.27888	0.00167574
1.94	0.399832	-0.17455	0.0299407	-0.00383062	-1.27882	0.00268062
1.945	0.399853	-0.174573	0.0299381	-0.00505769	-1.27865	0.00371127
1.95	0.399866	-0.174596	0.0299349	-0.00626054	-1.27838	0.00476109
1.955	0.399883	-0.174487	0.0299372	0.000186497	-1.27828	-0.000226126
1.96	0.399887	-0.174462	0.0299354	0.0017235	-1.27797	-0.00129307
1.965	0.399885	-0.174445	0.0299329	0.00272621	-1.27759	-0.00191607
1.97	0.399938	-0.174518	0.0299343	-0.00129515	-1.27821	0.000961633
1.975	0.399948	-0.174543	0.0299324	-0.00269238	-1.27811	0.00209284
1.98	0.399949	-0.174566	0.02993	-0.00403221	-1.27791	0.00322381
1.985	0.399942	-0.174589	0.029927	-0.00532456	-1.27761	0.00435305
1.99	0.399969	-0.174482	0.0299331	0.000958172	-1.27801	-0.000709935
1.995	0.399965	-0.174458	0.0299328	0.00240795	-1.27786	-0.00177879
2.0	0.399953	-0.174441	0.0299317	0.00334152	-1.27762	-0.00240404
2.005	0.399934	-0.174431	0.0299298	0.00386224	-1.2773	-0.00267457
2.01	0.399978	-0.174525	0.0299303	-0.00150586	-1.27805	0.00118753
2.015	0.39998	-0.17456	0.0299251	-0.0035546	-1.27802	0.00279547
2.02	0.399976	-0.174592	0.0299176	-0.00541541	-1.27787	0.00430766
2.025	0.39997	-0.174488	0.0299127	0.000668065	-1.2777	-0.000455426
2.03	0.399959	-0.174467	0.0299025	0.00184322	-1.2774	-0.0012797
2.035	0.399946	-0.174454	0.0298899	0.00255748	-1.27704	-0.00170964
2.04	0.399931	-0.174447	0.0298752	0.00290374	-1.27662	-0.00182488
2.045	0.39998	-0.174521	0.0298634	-0.00122238	-1.27728	0.00093646
2.05	0.399987	-0.17455	0.0298464	-0.00288934	-1.27718	0.00220596
2.055	0.399988	-0.174576	0.029827	-0.0044441	-1.27698	0.00344674
2.06	0.399968	-0.174491	0.0298072	0.000486422	-1.2764	-0.00029451
2.065	0.399957	-0.174475	0.0297843	0.00136089	-1.27594	-0.000852359
2.07	0.399945	-0.174465	0.0297592	0.00183619	-1.27544	-0.00107071
2.075	0.399932	-0.174462	0.0297323	0.00199336	-1.27492	-0.00101872
2.08	0.39992	-0.174462	0.0297034	0.00189726	-1.27437	-0.000751726
2.085	0.399986	-0.17452	0.0296802	-0.00113133	-1.27517	0.000767823
2.09	0.400003	-0.174546	0.0296504	-0.00256281	-1.27508	0.00172917
2.095	0.400014	-0.17457	0.0296184	-0.00392805	-1.27488	0.0027223
2.1	0.399964	-0.174491	0.029581	0.000414155	-1.2736	-0.000176886
2.105	0.399948	-0.174477	0.0295438	0.00114909	-1.2729	-0.000525614
2.11	0.399934	-0.174469	0.029505	0.00151565	-1.27221	-0.000579564
2.115	0.399922	-0.174466	0.0294645	0.00158919	-1.27153	-0.000399419
2.12	0.399985	-0.174515	0.0294294	-0.000857195	-1.27213	0.000540347
2.125	0.400003	-0.174537	0.0293883	-0.00201701	-1.27192	0.00126024
2.13	0.400016	-0.174557	0.0293452	-0.00316232	-1.27163	0.00205758
2.135	0.399964	-0.174494	0.029296	0.000256385	-1.27017	-4.44193e-05
2.14	0.39995	-0.174484	0.0292477	0.000746366	-1.26937	-0.000184544
2.145	0.399939	-0.174479	0.0291981	0.000920732	-1.26861	-7.53688e-05
2.15	0.399931	-0.174479	0.0291472	0.000844298	-1.26787	0.000231518
2.155	0.399926	-0.174483	0.0290949	0.000568702	-1.26715	0.000695077
2.16	0.399988	-0.174513	0.0290478	-0.000684886	-1.26757	0.000282719
2.165	0.400009	-0.17453	0.0289951	-0.0015399	-1.26728	0.000617739
2.17	0.400027	-0.174548	0.0289407	-0.0024384	-1.26693	0.00110418
2.175	0.399962	-0.174496	0.0288781	0.000141533	-1.26511	0.000119833
2.18	0.399947	-0.174488	0.0288182	0.000429094	-1.26416	0.000258444
2.185	0.399938	-0.174486	0.0287574	0.000447089	-1.26327	0.000585025
2.19	0.399932	-0.174488	0.0286955	0.000251041	-1.26244	0.00106034
2.195	0.399984	-0.17451	0.0286378	-0.000478723	-1.26258	0.000128648
2.2	0.400004	-0.174523	0.0285757	-0.00111431	-1.26215	0.000278266
2.205	0.400022	-0.174537	0.0285122	-0.00183368	-1.26168	0.000612763
2.21	0.399963	-0.174498	0.0284413	2.30992e-05	-1.25987	0.000209991
2.215	0.399953	-0.174494	0.028373	0.000124579	-1.25889	0.000493992
2.22	0.399947	-0.174494	0.028304	-1.51036e-06	-1.25797	0.000932121
2.225	0.399946	-0.174498	0.0282341	-0.000308214	-1.25712	0.0014921
2.23	0.399948	-0.174505	0.0281635	-0.000758168	-1.25632	0.00214833
2.235	0.399983	-0.174506	0.0280952	-0.000236263	-1.25601	-0.000206739
2.24	0.400001	-0.174514	0.028024	-0.000512931	-1.25544	-0.000503067
2.245	0.400019	-0.174524	0.0279517	-0.000941785	-1.25486	-0.000528747
2.25	0.399964	-0.1745	0.0278726	-0.000129192	-1.25304	0.000415977
2.255	0.399957	-0.174501	0.0277963	-0.00028451	-1.25201	0.00103979
2.26	0.399955	-0.174504	0.0277196	-0.00060912	-1.25107	0.00174284
2.265	0.399957	-0.174511	0.0276423	-0.00106813	-1.25019	0.00250827
2.27	0.399979	-0.174504	0.0275665	-0.000104593	-1.24957	-0.000280109
2.275	0.399993	-0.174508	0.0274888	-0.000222681	-1.24886	-0.000696435
2.28	0.400009	-0.174516	0.0274104	-0.000520706	-1.24818	-0.000822098
2.285	0.399966	-0.174502	0.0273266	-0.000205393	-1.2465	0.000460645
2.29	0.399963	-0.174505	0.0272452	-0.000483685	-1.24548	0.00116179
2.295	0.399965	-0.174511	0.0271635	-0.000901884	-1.24455	0.00192196
2.3	0.399972	-0.174519	0.0270815	-0.00143112	-1.24368	0.00272847
2.305	0.399975	-0.174502	0.0269996	1.5678e-06	-1.24268	-0.00034645
2.31	0.399985	-0.174503	0.026917	3.02134e-05	-1.24184	-0.00085491
2.315	0.399998	-0.174508	0.0268341	-0.00014634	-1.24105	-0.00105838
2.32	0.400014	-0.174516	0.0267507	-0.000485307	-1.2403	-0.00101956
2.325	0.399964	-0.174502	0.0266623	-0.000245815	-1.23845	0.000671042
2.33	0.399958	-0.174505	0.0265766	-0.000555191	-1.23736	0.00156518
2.335	0.399959	-0.174511	0.026491	-0.000991626	-1.23636	0.00247308
2.34	0.399976	-0.174503	0.0264068	-0.000111007	-1.23556	-0.000159766
2.345	0.399989	-0.174507	0.0263217	-0.000236913	-1.23475	-0.000483759
2.35	0.400005	-0.174514	0.0262363	-0.000531552	-1.23398	-0.000545202
2.355	0.400023	-0.174523	0.0261509	-0.000959675	-1.23325	-0.000398064
2.36	0.399961	-0.1745	0.0260603	-0.000105612	-1.23116	0.000481589
2.365	0.399953	-0.1745	0.0259729	-0.000224291	-1.22998	0.00112205
2.37	0.399952	-0.174504	0.0258858	-0.000504903	-1.22893	0.00182373
2.375	0.399956	-0.17451	0.025799	-0.000914231	-1.22797	0.00257357
2.38	0.39998	-0.174504	0.025714	-0.00011854	-1.22727	-0.000335319
2.385	0.399997	-0.174509	0.0256281	-0.000258283	-1.22652	-0.00082038
2.39	0.400016	-0.174517	0.0255423	-0.000559468	-1.2258	-0.00101518
2.395	0.399965	-0.174502	0.0254527	-0.000175484	-1.2239	0.000474754
2.4	0.399961	-0.174505	0.0253657	-0.000409192	-1.2228	0.00120369
2.405	0.399963	-0.17451	0.0252792	-0.000777345	-1.22181	0.0019717
2.41	0.39997	-0.174518	0.0251932	-0.00125238	-1.2209	0.00277034
2.415	0.399976	-0.174502	0.0251083	-1.94702e-05	-1.21991	-0.000385413
2.42	0.399987	-0.174504	0.0250233	-2.20988e-05	-1.21906	-0.000945886
2.425	0.400002	-0.174509	0.0249387	-0.000209672	-1.21828	-0.00120494
2.43	0.399968	-0.174504	0.0248519	-0.000235168	-1.21671	0.00050363
2.435	0.399968	-0.174509	0.0247672	-0.000568091	-1.21571	0.00128152
2.44	0.399973	-0.174516	0.0246832	-0.00101166	-1.21479	0.00208479
2.445	0.399981	-0.174525	0.0245998	-0.00154315	-1.21395	0.0029078
2.45	0.399972	-0.1745	0.0245171	6.64726e-05	-1.21273	-0.000429306
2.455	0.399979	-0.174499	0.024435	0.000182685	-1.21183	-0.00105054
2.46	0.399988	-0.174502	0.0243535	9.3912e-05	-1.211	-0.00136193
2.465	0.4	-0.174508	0.0242726	-0.000157146	-1.21022	-0.00142714
2.47	0.399967	-0.174505	0.0241904	-0.000302884	-1.20873	0.000750222
2.475	0.399965	-0.174511	0.0241101	-0.000692704	-1.20776	0.00175526
2.48	0.399968	-0.174519	0.0240308	-0.00117648	-1.20687	0.00273492
2.485	0.399974	-0.174502	0.0239533	-5.05189e-05	-1.20596	-0.000234384
2.49	0.399982	-0.174504	0.023876	-8.1362e-05	-1.20516	-0.000677122
2.495	0.399993	-0.174509	0.0237995	-0.000283078	-1.20442	-0.000850424
2.5	0.400005	-0.174516	0.0237239	-0.000620148	-1.20371	-0.000809484
2.505	0.399965	-0.174502	0.0236475	-0.000166274	-1.20216	0.000561804
2.51	0.39996	-0.174505	0.0235731	-0.000370894	-1.20119	0.00131542
2.515	0.399959	-0.174511	0.0234998	-0.000704299	-1.20031	0.00209171
2.52	0.399975	-0.174503	0.0234286	-0.000132517	-1.19967	-0.00011976
2.525	0.399985	-0.174508	0.0233578	-0.000300013	-1.19897	-0.000372289
2.53	0.399995	-0.174515	0.023288	-0.000606901	-1.1983	-0.000397565
2.535	0.400006	-0.174524	0.0232192	-0.00102424	-1.19765	-0.000242051
2.54	0.400017	-0.174534	0.0231515	-0.00152903	-1.19703	5.7223e-05
2.545	0.39996	-0.174497	0.0230839	0.00010181	-1.19527	0.000384964
2.55	0.399946	-0.174493	0.0230181	0.000258612	-1.19426	0.000856799
2.555	0.399938	-0.174492	0.0229535	0.000216607	-1.19335	0.00140536
2.56	0.399979	-0.174507	0.0228915	-0.000298544	-1.19326	-6.34416e-06
2.565	0.399993	-0.174517	0.02283	-0.000742216	-1.19275	-6.21601e-05
2.57	0.400005	-0.174529	0.0227696	-0.00126612	-1.19224	6.60578e-05
2.575	0.400016	-0.174541	0.0227104	-0.00185345	-1.19172	0.000340809
2.58	0.39996	-0.174496	0.0226523	0.000179957	-1.19008	0.000239262
2.585	0.399946	-0.174489	0.0225957	0.000452659	-1.18916	0.000547676
2.59	0.399935	-0.174487	0.0225404	0.000505007	-1.18831	0.000963876
2.595	0.399979	-0.174508	0.0224875	-0.000346694	-1.1884	7.87639e-05
2.6	0.399991	-0.17452	0.0224353	-0.00087225	-1.18797	0.000158904
2.605	0.400001	-0.174532	0.0223845	-0.00145896	-1.18753	0.000393198
2.61	0.400008	-0.174546	0.0223351	-0.00209394	-1.18707	0.000750224
2.615	0.40004	-0.17452	0.022475	-0.000572289	-1.18614	0.00062768
2.62	0.400009	-0.174506	0.0222676	-0.000973209	-1.18575	0.0012859
2.625	0.400017	-0.174533	0.0222459	-0.00154931	-1.18543	0.00195922
2.63	0.400038	-0.174536	0.0222387	-0.0023088	-1.18517	0.00258634
2.635	0.400064	-0.174568	0.0221838	-0.00343794	-1.18502	0.00350502
2.64	0.400008	-0.174509	0.0221595	-4.89556e-05	-1.18331	-0.000203883
2.645	0.399997	-0.174502	0.022122	0.000327564	-1.18284	-0.000741021
2.65	0.400003	-0.174491	0.0220852	0.000471923	-1.18252	-0.00100636
2.655	0.400003	-0.174491	0.0220852	0.000494727	-1.18233	-0.00112415
2.66	0.400027	-0.174485	0.0220449	0.000282021	-1.18237	-0.000924376
2.665	0.400032	-0.174474	0.0220253	-0.000148907	-1.18244	-0.00072362
2.67	0.400039	-0.174447	0.0220031	-0.000828499	-1.18262	-0.000245333
2.675	0.400037	-0.174431	0.0219816	-0.00166805	-1.18287	0.000352105
2.68	0.400025	-0.174418	0.0219692	-0.00202777	-1.18313	0.000666028
2.685	0.400012	-0.174403	0.0219603	-0.00221413	-1.18344	0.000896953
2.69	0.399996	-0.174393	0.0219534	-0.00233768	-1.18378	0.00106719
2.695	0.399978	-0.174386	0.021948	-0.00242985	-1.18416	0.00119646
2.7	0.399959	-0.174382	0.0219437	-0.0025002	-1.18456	0.00129236
2.705	0.399939	-0.174379	0.0219405	-0.0025538	-1.18498	0.0013592
2.71	0.399918	-0.174377	0.0219382	-0.0025954	-1.18542	0.00140312
2.715	0.399896	-0.174376	0.0219367	-0.00262854	-1.18587	0.00143123
2.72	0.399874	-0.174375	0.0219359	-0.0026559	-1.18633	0.00145012
2.725	0.399852	-0.174375	0.0219356	-0.002679	-1.1868	0.00146384
2.73	0.39983	-0.174376	0.0219358	-0.00269912	-1.18728	0.00147453
2.735	0.399808	-0.174376	0.0219364	-0.00271732	-1.18776	0.00148324
2.74	0.399786	-0.174377	0.0219366	-0.00277092	-1.18825	0.00149181
2.745	0.399764	-0.174378	0.0219365	-0.00285113	-1.18875	0.00149855
2.75	0.399743	-0.174379	0.0219361	-0.00295382	-1.18925	0.00150561
2.755	0.399721	-0.17438	0.0219355	-0.00307655	-1.18976	0.0015147
2.76	0.399701	-0.174381	0.0219347	-0.00321757	-1.19027	0.00152716
2.765	0.39968	-0.174381	0.0219338	-0.00337317	-1.19079	0.00154311
2.77	0.399659	-0.174382	0.0219329	-0.0035352	-1.19131	0.00155962
2.775	0.399638	-0.174382	0.021932	-0.00370472	-1.19183	0.00157904
2.78	0.399618	-0.174383	0.0219311	-0.00388117	-1.19235	0.00160146
2.785	0.399597	-0.174383	0.0219301	-0.00406401	-1.19287	0.00162706
2.79	0.399576	-0.174384	0.0219291	-0.00425274	-1.19339	0.00165592
2.795	0.399556	-0.174384	0.0219281	-0.00444704	-1.19391	0.00168816
2.8	0.399535	-0.174385	0.021927	-0.00464662	-1.19443	0.00172388
2.805	0.399515	-0.174385	0.0219259	-0.00485122	-1.19496	0.00176319
2.81	0.399494	-0.174386	0.0219247	-0.00506066	-1.19548	0.00180614
2.815	0.399474	-0.174386	0.0219235	-0.0052747	-1.19601	0.00185275
2.82	0.399453	-0.174386	0.0219223	-0.00549315	-1.19653	0.00190307
2.825	0.399433	-0.174387	0.021921	-0.00571583	-1.19706	0.00195707
2.83	0.399411	-0.174393	0.0219153	-0.00572313	-1.19759	0.0018458
2.835	0.39939	-0.174405	0.0219039	-0.00533556	-1.19816	0.00143184
2.84	0.399374	-0.174411	0.0218982	-0.00495387	-1.19876	0.00104186
2.845	0.399362	-0.174412	0.0218918	-0.00486403	-1.19937	0.000904823
2.85	0.399349	-0.174412	0.0218834	-0.00496735	-1.19998	0.000930692
2.855	0.399335	-0.174416	0.0218724	-0.00500754	-1.2006	0.000904988
2.86	0.399317	-0.174429	0.0218577	-0.00459128	-1.20121	0.000508191
2.865	0.399292	-0.174454	0.0218457	-0.00373109	-1.20177	-0.00017752
2.87	0.399268	-0.174482	0.0218301	-0.00260828	-1.20235	-0.00108137
2.875	0.399252	-0.174512	0.0218283	-0.00132665	-1.20298	-0.00213497
2.88	0.39924	-0.174531	0.0218203	-0.00065778	-1.2036	-0.00267877
2.885	0.399229	-0.174548	0.0218137	-0.000481413	-1.20423	-0.00284232
2.89	0.399208	-0.174566	0.0217859	-0.000878943	-1.20478	-0.00250994
2.895	0.399187	-0.174582	0.0217582	-0.000640031	-1.20539	-0.00273709
2.9	0.399167	-0.174601	0.0217347	0.000107666	-1.20601	-0.00338478
2.905	0.399149	-0.174617	0.0217128	0.000812797	-1.20664	-0.00398891
2.91	0.399118	-0.174634	0.0217003	0.00147475	-1.20717	-0.00466191
2.915	0.399095	-0.174642	0.021691	0.00192317	-1.20774	-0.00511847
2.92	0.399067	-0.174651	0.0216829	0.00222611	-1.20828	-0.00546044
2.925	0.399039	-0.174656	0.0216755	0.00241403	-1.20881	-0.00567281
2.93	0.399014	-0.174652	0.0216705	0.0022892	-1.20934	-0.00560815
2.935	0.398989	-0.174644	0.0216655	0.00195662	-1.20987	-0.00535318
2.94	0.398961	-0.174638	0.0216588	0.00171533	-1.21039	-0.00516921
2.945	0.398935	-0.174631	0.0216518	0.00152329	-1.21092	-0.00500961
2.95	0.398908	-0.174625	0.0216447	0.00137055	-1.21145	-0.00487749
2.955	0.398881	-0.174621	0.0216377	0.00125334	-1.21198	-0.00477325
2.96	0.398856	-0.17461	0.0216315	0.000946352	-1.21252	-0.00450096
2.965	0.398832	-0.174597	0.0216255	0.00051894	-1.21305	-0.0041317
2.97	0.398808	-0.174584	0.0216193	1.04731e-05	-1.21359	-0.00369411
2.975	0.398784	-0.174569	0.0216134	-0.000532219	-1.21413	-0.00323139
2.98	0.398762	-0.174554	0.0216064	-0.0011113	-1.21467	-0.00273502
2.985	0.39874	-0.174541	0.0216019	-0.00169742	-1.21522	-0.00224481
2.99	0.398718	-0.174529	0.0215985	-0.00225827	-1.21575	-0.00178792
2.995	0.398695	-0.174517	0.0215953	-0.0028109	-1.21628	-0.00134016
3.0	0.398672	-0.174504	0.0215918	-0.00336497	-1.21681	-0.000893531
3.005	0.398649	-0.174497	0.02159	-0.00389226	-1.21734	-0.000459711
3.01	0.398625	-0.174489	0.0215883	-0.00439135	-1.21787	-5.06912e-05
3.015	0.398601	-0.174482	0.0215864	-0.00488117	-1.21839	0.000349413
3.02	0.398577	-0.174475	0.0215842	-0.00536519	-1.21891	0.000744891
3.025	0.398552	-0.174468	0.0215817	-0.0058464	-1.21943	0.0011398
3.03	0.398527	-0.17446	0.021579	-0.00632314	-1.21995	0.00153416
3.035	0.398503	-0.174455	0.0215761	-0.00671737	-1.22049	0.00184087
3.04	0.398479	-0.174447	0.0215724	-0.00707102	-1.22102	0.00210998
3.045	0.398455	-0.174438	0.021568	-0.00752357	-1.22156	0.00244063
3.05	0.39843	-0.174432	0.0215637	-0.00791668	-1.2221	0.00268144
3.055	0.398404	-0.174424	0.0215592	-0.00822869	-1.22263	0.00283736
3.06	0.398378	-0.174417	0.0215543	-0.00853041	-1.22317	0.00299047
3.065	0.398352	-0.174411	0.0215495	-0.00881307	-1.22371	0.0031478
3.07	0.398326	-0.174404	0.0215442	-0.00921463	-1.22424	0.00339473
3.075	0.398299	-0.174399	0.0215396	-0.00950563	-1.22478	0.00356782
3.08	0.398272	-0.174397	0.0215347	-0.00970473	-1.22532	0.00367364
3.085	0.398243	-0.1744	0.0215291	-0.00967243	-1.22587	0.00357853
3.09	0.398214	-0.1744	0.0215232	-0.0096511	-1.22641	0.003502
3.095	0.398185	-0.174401	0.0215166	-0.00967174	-1.22696	0.00343456
3.1	0.398155	-0.1744	0.0215102	-0.0097427	-1.22751	0.00341308
3.105	0.398126	-0.1744	0.0215015	-0.00982855	-1.22807	0.00336773
3.11	0.398097	-0.174398	0.0214928	-0.00993813	-1.22863	0.00332485
3.115	0.398068	-0.174394	0.0214833	-0.0101119	-1.22919	0.00333513
3.12	0.398039	-0.174386	0.0214731	-0.0104158	-1.22975	0.00347025
3.125	0.398009	-0.174378	0.0214622	-0.0107681	-1.23031	0.0036492
3.13	0.39798	-0.17437	0.0214512	-0.0111313	-1.23087	0.00383938
3.135	0.39795	-0.174361	0.0214404	-0.0114891	-1.23143	0.00402523
3.14	0.397918	-0.174359	0.0214302	-0.0115817	-1.23199	0.00404319
3.145	0.397887	-0.174357	0.0214206	-0.0115718	-1.23255	0.00401035
3.15	0.397856	-0.174358	0.021412	-0.0115022	-1.23311	0.00393749
3.155	0.397824	-0.17436	0.021404	-0.0113971	-1.23368	0.00383356
3.16	0.397793	-0.174361	0.0213964	-0.011291	-1.23424	0.00372591
3.165	0.397762	-0.174362	0.021389	-0.0112709	-1.2348	0.0036786
3.17	0.397731	-0.174362	0.0213827	-0.0113573	-1.23536	0.00373387
3.175	0.397701	-0.174363	0.0213767	-0.0114235	-1.23592	0.00372848
3.18	0.397671	-0.174361	0.0213699	-0.0115348	-1.23648	0.00374171
3.185	0.39764	-0.174362	0.0213639	-0.0115572	-1.23704	0.00370894
3.19	0.39761	-0.174359	0.0213572	-0.0116315	-1.23761	0.00371043
3.195	0.39758	-0.174357	0.0213502	-0.0117338	-1.23817	0.00372958
3.2	0.397549	-0.174354	0.0213438	-0.0118907	-1.23873	0.00381292
3.205	0.397519	-0.174352	0.0213378	-0.0119834	-1.23929	0.00388061
3.21	0.397488	-0.17435	0.0213317	-0.0120708	-1.23984	0.00395417
3.215	0.397458	-0.174345	0.0213255	-0.0122332	-1.24039	0.00411383
3.22	0.397427	-0.17434	0.0213194	-0.0124432	-1.24094	0.00432844
3.225	0.397396	-0.174337	0.0213122	-0.0125592	-1.24149	0.00445361
3.23	0.397366	-0.174333	0.0213049	-0.0126512	-1.24205	0.00455479
3.235	0.397335	-0.17433	0.0212979	-0.0127373	-1.2426	0.00463863
3.24	0.397304	-0.174331	0.0212914	-0.012686	-1.24316	0.00461791
3.245	0.397274	-0.174332	0.0212851	-0.0125841	-1.24372	0.00455361
3.25	0.397243	-0.174332	0.021279	-0.0125218	-1.24427	0.00451641
3.255	0.397212	-0.174333	0.0212729	-0.0124732	-1.24483	0.0044858
3.26	0.397181	-0.174334	0.0212671	-0.0124279	-1.24539	0.00445615
3.265	0.397151	-0.174335	0.0212615	-0.0124052	-1.24594	0.00444171
3.27	0.39712	-0.174336	0.0212559	-0.0124083	-1.24649	0.00444638
3.275	0.397089	-0.174336	0.0212504	-0.0124332	-1.24705	0.00446886
3.28	0.397058	-0.174336	0.021245	-0.0124631	-1.2476	0.00449589
3.285	0.397027	-0.174337	0.0212395	-0.0124939	-1.24815	0.00452425
3.29	0.396996	-0.174337	0.021234	-0.0125365	-1.24871	0.00455843
3.295	0.396966	-0.174337	0.0212284	-0.012582	-1.24926	0.00459318
3.3	0.396935	-0.174337	0.0212228	-0.0126284	-1.24982	0.0046279
3.305	0.396904	-0.174337	0.0212171	-0.0126808	-1.25037	0.00465954
3.31	0.396872	-0.174342	0.0212104	-0.0126038	-1.25093	0.00457422
3.315	0.39684	-0.174345	0.0212028	-0.0125452	-1.25148	0.00449555
3.32	0.396808	-0.174352	0.0211962	-0.0122337	-1.25206	0.00420362
3.325	0.396777	-0.174357	0.0211887	-0.0119675	-1.25263	0.0039048
3.33	0.396744	-0.174368	0.0211803	-0.0115315	-1.2532	0.00346145
3.335	0.396711	-0.174383	0.0211708	-0.010953	-1.25378	0.00289482
3.34	0.396678	-0.174396	0.0211614	-0.0104161	-1.25436	0.00236056
3.345	0.396644	-0.174409	0.021152	-0.00992164	-1.25494	0.0018566
3.35	0.39661	-0.17442	0.0211425	-0.00948316	-1.25552	0.00139801
3.355	0.396576	-0.174431	0.021133	-0.00909822	-1.2561	0.000987239
3.36	0.396542	-0.174439	0.0211234	-0.00881099	-1.25668	0.000658623
3.365	0.396507	-0.174455	0.0211125	-0.00826657	-1.25727	0.000130238
3.37	0.396473	-0.174461	0.0211038	-0.00803079	-1.25785	-0.000117097
3.375	0.396439	-0.174467	0.0210956	-0.00788056	-1.25842	-0.000284851
3.38	0.396405	-0.17447	0.0210877	-0.00777637	-1.259	-0.000403555
3.385	0.396372	-0.174472	0.0210803	-0.00774191	-1.25957	-0.00045814
3.39	0.396339	-0.174471	0.0210725	-0.0077779	-1.26013	-0.000448215
3.395	0.396306	-0.17447	0.0210651	-0.00780046	-1.26071	-0.00046228
3.4	0.396274	-0.174469	0.0210578	-0.00782076	-1.26128	-0.000487073
3.405	0.396241	-0.174468	0.0210506	-0.0078414	-1.26185	-0.000520809
3.41	0.396209	-0.174468	0.0210433	-0.00782216	-1.26243	-0.000587526
3.415	0.396177	-0.174467	0.0210343	-0.00785134	-1.26299	-0.000600752
3.42	0.396144	-0.174468	0.0210265	-0.00782548	-1.26357	-0.000664453
3.425	0.396112	-0.174469	0.0210189	-0.00778606	-1.26414	-0.000746239
3.43	0.39608	-0.174469	0.0210113	-0.00777042	-1.26472	-0.000825246
3.435	0.396048	-0.174468	0.0210039	-0.00778726	-1.26529	-0.000889286
3.44	0.396016	-0.174468	0.0209967	-0.00777329	-1.26586	-0.000928357
3.445	0.395983	-0.174468	0.0209895	-0.00776351	-1.26642	-0.000954444
3.45	0.39595	-0.174468	0.0209822	-0.00777758	-1.26699	-0.000949619
3.455	0.395917	-0.174468	0.0209748	-0.00779647	-1.26756	-0.000935306
3.46	0.395885	-0.174467	0.0209674	-0.00784547	-1.26813	-0.000892477
3.465	0.395851	-0.174467	0.0209599	-0.00787999	-1.2687	-0.000860956
3.47	0.395819	-0.174463	0.020952	-0.00802328	-1.26926	-0.000743313
3.475	0.395786	-0.174459	0.0209436	-0.0082306	-1.26983	-0.00057843
3.48	0.395753	-0.174455	0.0209353	-0.00845538	-1.27039	-0.000400284
3.485	0.39572	-0.17445	0.0209269	-0.00869261	-1.27096	-0.000193589
3.49	0.395687	-0.174445	0.0209188	-0.00889944	-1.27152	2.03929e-05
3.495	0.395654	-0.174441	0.0209107	-0.00908927	-1.27209	0.000233097
3.5	0.395621	-0.174436	0.0209023	-0.00927158	-1.27265	0.000469587
3.505	0.395589	-0.174433	0.0208957	-0.0094056	-1.27321	0.000609737
3.51	0.395558	-0.174429	0.0208896	-0.00954931	-1.27378	0.000754947
3.515	0.395526	-0.174426	0.0208835	-0.0096689	-1.27434	0.000879849
3.52	0.395496	-0.174424	0.0208774	-0.00974829	-1.27491	0.000974308
3.525	0.395465	-0.17442	0.0208711	-0.009876	-1.27546	0.00112788
3.53	0.395433	-0.174418	0.0208633	-0.00995814	-1.27602	0.00129589
3.535	0.395401	-0.174417	0.0208552	-0.0099717	-1.27658	0.00136523
3.54	0.395368	-0.174413	0.0208449	-0.0101247	-1.27713	0.00156664
3.545	0.395335	-0.174407	0.0208351	-0.0103821	-1.27768	0.00185904
3.55	0.395302	-0.174399	0.0208254	-0.0106973	-1.27824	0.0021996
3.555	0.395268	-0.174396	0.0208151	-0.0107983	-1.27881	0.0023276
3.56	0.395234	-0.174393	0.0208045	-0.010798	-1.27939	0.00235133
3.565	0.395201	-0.17439	0.0207938	-0.0108175	-1.27997	0.00239338
3.57	0.395166	-0.174392	0.0207834	-0.0107081	-1.28056	0.00229213
3.575	0.395132	-0.174394	0.0207731	-0.0105369	-1.28114	0.00212165
3.58	0.395098	-0.174393	0.0207637	-0.0104864	-1.28172	0.00206977
3.585	0.395063	-0.174393	0.0207544	-0.0105013	-1.2823	0.00207946
3.59	0.395029	-0.174393	0.020745	-0.0105296	-1.28288	0.00210245
3.595	0.394995	-0.174391	0.0207364	-0.0105517	-1.28346	0.00214223
3.6	0.394962	-0.174389	0.0207287	-0.010642	-1.28403	0.00225178
3.605	0.39493	-0.174386	0.0207216	-0.010757	-1.2846	0.00238443
3.61	0.394897	-0.174381	0.0207134	-0.0109959	-1.28517	0.0026466
3.615	0.394865	-0.174378	0.0207063	-0.0111786	-1.28574	0.0028447
3.62	0.394833	-0.174374	0.0206996	-0.011326	-1.28631	0.00301059
3.625	0.394801	-0.17437	0.0206933	-0.0114762	-1.28687	0.00317244
3.63	0.39477	-0.174367	0.0206873	-0.011631	-1.28744	0.00333584
3.635	0.394776	-0.174369	0.0207156	-0.0117118	-1.28783	0.0034109
3.64	0.394773	-0.174385	0.020741	-0.011808	-1.28823	0.00346221
3.645	0.394771	-0.17439	0.0207611	-0.0118742	-1.28863	0.00350038
3.65	0.394767	-0.174392	0.0207769	-0.0119682	-1.28903	0.00354702
3.655	0.394759	-0.174394	0.0207892	-0.0120353	-1.28944	0.00359821
3.66	0.394748	-0.174395	0.0207979	-0.0120707	-1.28985	0.00362718
3.665	0.394734	-0.174397	0.0208039	-0.0120534	-1.29028	0.00360709
3.67	0.394718	-0.174398	0.0208078	-0.0120291	-1.29072	0.00358036
3.675	0.394699	-0.1744	0.0208095	-0.0119971	-1.29117	0.00354536
3.68	0.394678	-0.174402	0.0208094	-0.0119399	-1.29163	0.00348423
3.685	0.394655	-0.174404	0.0208078	-0.0118724	-1.29211	0.00341285
3.69	0.39463	-0.174406	0.0208048	-0.0117997	-1.29261	0.0033359
3.695	0.394604	-0.174408	0.020801	-0.0117601	-1.29311	0.00329296
3.7	0.394576	-0.17441	0.0207961	-0.0116899	-1.29363	0.00321757
3.705	0.394548	-0.174413	0.0207903	-0.0116098	-1.29415	0.00313321
3.71	0.394518	-0.174415	0.0207837	-0.0115253	-1.29469	0.00304397
3.715	0.394487	-0.174418	0.0207764	-0.0114377	-1.29523	0.00295136
3.72	0.394455	-0.174419	0.0207683	-0.0114221	-1.29578	0.00291374
3.725	0.394422	-0.174421	0.0207597	-0.011411	-1.29633	0.00287852
3.73	0.394389	-0.174423	0.0207506	-0.0113723	-1.2969	0.00282142
3.735	0.394355	-0.174425	0.0207412	-0.0113044	-1.29747	0.00274631
3.74	0.394321	-0.174425	0.0207316	-0.0113694	-1.29804	0.00280517
3.745	0.394286	-0.174426	0.020722	-0.0114289	-1.29861	0.00285445
3.75	0.394252	-0.174426	0.0207124	-0.0114879	-1.29918	0.00290484
3.755	0.394217	-0.174426	0.0207026	-0.0115467	-1.29976	0.00295559
3.76	0.394181	-0.174426	0.0206928	-0.0116057	-1.30034	0.00300683
3.765	0.394146	-0.174425	0.0206828	-0.0116649	-1.30093	0.00305856
3.77	0.394112	-0.174424	0.020674	-0.0117772	-1.30151	0.00314668
3.775	0.394079	-0.174423	0.0206662	-0.0119033	-1.30209	0.00324416
3.78	0.394047	-0.174423	0.0206595	-0.0120308	-1.30267	0.00334196
3.785	0.394015	-0.174422	0.0206517	-0.0121856	-1.30325	0.00345034
3.79	0.393982	-0.174421	0.0206433	-0.0122558	-1.30383	0.00346674
3.795	0.393949	-0.17442	0.0206342	-0.0123013	-1.30441	0.00345996
3.8	0.393915	-0.17442	0.0206246	-0.012338	-1.305	0.00344439
3.805	0.393881	-0.174419	0.0206144	-0.0123791	-1.30558	0.00343378
3.81	0.393846	-0.174421	0.0206041	-0.0124034	-1.30617	0.00340839
3.815	0.393813	-0.174421	0.0205957	-0.0124837	-1.30675	0.00346052
3.82	0.393781	-0.174422	0.0205878	-0.0126492	-1.30732	0.00361454
3.825	0.393749	-0.174424	0.0205813	-0.0127897	-1.30788	0.00373752
3.83	0.393718	-0.174425	0.0205743	-0.0129031	-1.30843	0.00383697
3.835	0.393686	-0.174426	0.0205669	-0.0129868	-1.30899	0.00390985
3.84	0.393654	-0.174426	0.020559	-0.0130472	-1.30955	0.00396294
3.845	0.393621	-0.174426	0.0205507	-0.0130855	-1.31012	0.00399571
3.85	0.393589	-0.174426	0.0205437	-0.0131279	-1.31068	0.00402893
3.855	0.393559	-0.174427	0.0205381	-0.0131803	-1.31124	0.00407006
3.86	0.39353	-0.174428	0.0205335	-0.0132349	-1.3118	0.00411347
3.865	0.393503	-0.17443	0.02053	-0.01329	-1.31234	0.00416011
3.87	0.393474	-0.174432	0.0205256	-0.0133096	-1.31289	0.00416847
3.875	0.393444	-0.174432	0.0205203	-0.01332	-1.31344	0.00417063
3.88	0.393414	-0.174434	0.0205136	-0.0132604	-1.31399	0.00410479
3.885	0.393407	-0.174436	0.0205288	-0.0132385	-1.31443	0.00406766
3.89	0.393396	-0.174449	0.0205424	-0.0132084	-1.31485	0.00401615
3.895	0.393384	-0.174453	0.0205523	-0.0132399	-1.31527	0.00403746
3.9	0.393371	-0.174452	0.0205586	-0.0133361	-1.3157	0.00413427
3.905	0.393355	-0.17445	0.0205621	-0.0134312	-1.31615	0.00423301
3.91	0.393336	-0.174449	0.0205633	-0.0134409	-1.31661	0.00425609
3.915	0.393315	-0.174448	0.0205624	-0.0134286	-1.31708	0.00426158
3.92	0.393292	-0.174447	0.0205595	-0.0134106	-1.31757	0.00426181
3.925	0.393267	-0.174446	0.0205551	-0.0133895	-1.31807	0.00425922
3.93	0.393239	-0.174445	0.0205492	-0.0133553	-1.31858	0.00423309
3.935	0.393211	-0.174445	0.020542	-0.0133211	-1.3191	0.00420251
3.94	0.39318	-0.174444	0.0205342	-0.0132996	-1.31964	0.0041796
3.945	0.393149	-0.174444	0.0205257	-0.0132961	-1.32018	0.00417351
3.95	0.393117	-0.174445	0.0205168	-0.0133943	-1.32073	0.00424951
3.955	0.393084	-0.174447	0.0205078	-0.0134617	-1.32129	0.00430969
3.96	0.39305	-0.174448	0.0204985	-0.0135127	-1.32185	0.00435655
3.965	0.393015	-0.174449	0.0204887	-0.0135494	-1.32243	0.00438803
3.97	0.39298	-0.17445	0.0204786	-0.0135827	-1.323	0.00441575
3.975	0.392945	-0.174451	0.0204681	-0.0135938	-1.32359	0.00442621
3.98	0.392909	-0.174452	0.0204571	-0.0136104	-1.32417	0.00444423
3.985	0.392873	-0.174453	0.0204458	-0.0136287	-1.32476	0.00446439
3.99	0.392836	-0.174453	0.0204344	-0.0136642	-1.32536	0.00449512
3.995	0.392801	-0.174453	0.0204248	-0.0137342	-1.32595	0.00457646
4.0	0.392766	-0.174454	0.0204147	-0.013791	-1.32654	0.00462824
4.005	0.39273	-0.174454	0.0204043	-0.013846	-1.32713	0.00467829
4.01	0.392694	-0.174452	0.0203932	-0.0139124	-1.32772	0.00474341
4.015	0.392657	-0.17445	0.0203819	-0.0139502	-1.32832	0.00478061
4.02	0.392621	-0.174448	0.0203704	-0.0139791	-1.32892	0.00481908
4.025	0.392584	-0.174445	0.0203582	-0.0141689	-1.32952	0.00500225
4.03	0.392547	-0.174444	0.0203463	-0.0142439	-1.33013	0.00506952
4.035	0.392512	-0.174441	0.0203345	-0.0144595	-1.33072	0.00531336
4.04	0.392474	-0.174443	0.0203222	-0.0147354	-1.33132	0.00557582
4.045	0.392438	-0.174447	0.0203102	-0.0150251	-1.33191	0.00585353
4.05	0.392403	-0.174451	0.020299	-0.0153448	-1.33249	0.00617358
4.055	0.392366	-0.174457	0.0202864	-0.0155334	-1.33307	0.00636533
4.06	0.392331	-0.174461	0.0202755	-0.0157145	-1.33365	0.00655558
4.065	0.392297	-0.174467	0.0202666	-0.015767	-1.33423	0.00660899
4.07	0.392263	-0.174472	0.0202574	-0.015778	-1.33482	0.00661014
4.075	0.392228	-0.174474	0.0202473	-0.0158287	-1.3354	0.0066473
4.08	0.392192	-0.174478	0.020237	-0.0158194	-1.33598	0.00662634
4.085	0.392157	-0.174482	0.0202256	-0.0156932	-1.33658	0.00650642
4.09	0.392121	-0.174485	0.020214	-0.0155626	-1.33717	0.00637807
4.095	0.392084	-0.174486	0.0202019	-0.0155252	-1.33777	0.00632881
4.1	0.392047	-0.17449	0.0201891	-0.0153674	-1.33838	0.00616432
4.105	0.392011	-0.174492	0.0201765	-0.015198	-1.33898	0.00599845
4.11	0.391974	-0.174493	0.0201631	-0.0151509	-1.33959	0.00595282
4.115	0.391937	-0.174494	0.0201501	-0.0151	-1.3402	0.00591856
4.12	0.3919	-0.174495	0.0201375	-0.0150317	-1.3408	0.00586942
4.125	0.391863	-0.174495	0.0201252	-0.0149784	-1.34141	0.00583673
4.13	0.391827	-0.174495	0.020114	-0.0149472	-1.34202	0.00582477
4.135	0.391793	-0.174496	0.020104	-0.0149369	-1.34262	0.00583181
4.14	0.391759	-0.174496	0.0200948	-0.0149451	-1.34322	0.00585681
4.145	0.391725	-0.174496	0.0200853	-0.0150119	-1.34381	0.00592316
4.15	0.391692	-0.174495	0.0200753	-0.0151298	-1.3444	0.00602067
4.155	0.391658	-0.174494	0.0200653	-0.0152509	-1.34498	0.0061141
4.16	0.391623	-0.174492	0.0200551	-0.0153602	-1.34558	0.00619455
4.165	0.391589	-0.174489	0.020044	-0.0155793	-1.34616	0.00643049
4.17	0.391555	-0.174489	0.0200338	-0.0156719	-1.34676	0.00650385
4.175	0.391521	-0.174487	0.0200237	-0.0157324	-1.34735	0.00653866
4.18	0.391487	-0.174487	0.020014	-0.0159307	-1.34794	0.00669297
4.185	0.391453	-0.174487	0.0200033	-0.0162223	-1.34853	0.00694036
4.19	0.391419	-0.174486	0.0199921	-0.0165557	-1.34913	0.00722803
4.195	0.391384	-0.174486	0.0199813	-0.0167909	-1.34972	0.00741961
4.2	0.391349	-0.174486	0.0199706	-0.0169841	-1.35032	0.00757251
4.205	0.391334	-0.17449	0.0199827	-0.0169911	-1.35089	0.00756035
4.21	0.391319	-0.174482	0.0199881	-0.0176793	-1.35143	0.00813389
4.215	0.3913	-0.17448	0.0199915	-0.0181445	-1.35197	0.00851987
4.22	0.391282	-0.174474	0.0199945	-0.0183922	-1.3525	0.00877428
4.225	0.391262	-0.174469	0.0199962	-0.0185105	-1.35303	0.00889781
4.23	0.391241	-0.174465	0.0199964	-0.018597	-1.35355	0.00898826
4.235	0.391218	-0.174461	0.019995	-0.0186752	-1.35407	0.00906347
4.24	0.391194	-0.174458	0.0199921	-0.0187391	-1.3546	0.00913944
4.245	0.391168	-0.174456	0.0199878	-0.0188006	-1.35513	0.00921652
4.25	0.391141	-0.174453	0.0199825	-0.0188672	-1.35567	0.00928872
4.255	0.391112	-0.174451	0.019976	-0.0189404	-1.35622	0.00935927
4.26	0.391083	-0.174448	0.0199687	-0.0190183	-1.35677	0.00942952
4.265	0.391052	-0.174446	0.0199606	-0.0191019	-1.35732	0.00950275
4.27	0.391021	-0.174443	0.0199517	-0.0191882	-1.35789	0.00957734
4.275	0.390989	-0.174441	0.0199422	-0.0192765	-1.35846	0.00965295
4.28	0.390956	-0.174438	0.0199321	-0.0193665	-1.35904	0.00972945
4.285	0.390922	-0.174436	0.0199216	-0.0194579	-1.35962	0.00980679
4.29	0.390888	-0.174434	0.0199106	-0.0195506	-1.3602	0.00988491
4.295	0.390853	-0.174431	0.0198993	-0.0196445	-1.3608	0.00996379
4.3	0.390818	-0.174429	0.0198876	-0.0197396	-1.36139	0.0100434
4.305	0.390782	-0.174427	0.0198757	-0.0198357	-1.36199	0.0101236
4.31	0.390745	-0.174421	0.0198621	-0.020084	-1.36258	0.0104054
4.315	0.39076	-0.174423	0.0198974	-0.0201574	-1.36292	0.0104795
4.32	0.390762	-0.174436	0.019926	-0.0204237	-1.36326	0.0107125
4.325	0.390766	-0.174436	0.0199491	-0.020579	-1.36361	0.0108937
4.33	0.390767	-0.174432	0.019966	-0.0207032	-1.36398	0.0110739
4.335	0.390763	-0.174427	0.0199774	-0.0208166	-1.36435	0.0112699
4.34	0.390755	-0.174424	0.0199853	-0.0207841	-1.36476	0.0113134
4.345	0.390744	-0.174421	0.0199902	-0.0206135	-1.36518	0.0112186
4.35	0.390731	-0.174418	0.0199922	-0.0203713	-1.36563	0.0110645
4.355	0.390714	-0.174415	0.0199921	-0.0201151	-1.36609	0.0108808
4.36	0.390694	-0.174412	0.0199901	-0.0198449	-1.36658	0.0106771
4.365	0.390687	-0.174412	0.02	-0.0195187	-1.367	0.0104042
4.37	0.390693	-0.174416	0.0200314	-0.0194627	-1.36742	0.010342
4.375	0.390696	-0.174419	0.0200575	-0.0194975	-1.36784	0.0103693
4.38	0.390696	-0.174419	0.0200785	-0.0195217	-1.36825	0.010388
4.385	0.390693	-0.174417	0.0200947	-0.0195381	-1.36865	0.0104078
4.39	0.390685	-0.174415	0.0201063	-0.0195732	-1.36906	0.0104471
4.395	0.390674	-0.174414	0.0201139	-0.0195849	-1.36948	0.0104628
4.4	0.39066	-0.174411	0.0201188	-0.0195983	-1.36991	0.010494
4.405	0.390642	-0.17441	0.0201206	-0.0196069	-1.37036	0.0105123
4.41	0.390622	-0.174408	0.0201198	-0.0196135	-1.37083	0.0105279
4.415	0.390599	-0.174407	0.0201167	-0.0196201	-1.37131	0.0105437
4.42	0.390573	-0.174406	0.0201117	-0.0196275	-1.37181	0.0105607
4.425	0.390546	-0.174404	0.0201049	-0.0196355	-1.37232	0.0105789
4.43	0.390516	-0.174403	0.0200967	-0.019632	-1.37285	0.0105816
4.435	0.390485	-0.174402	0.0200871	-0.0196363	-1.3734	0.0105955
4.44	0.390452	-0.1744	0.0200764	-0.0196611	-1.37396	0.0106203
4.445	0.390418	-0.174399	0.0200647	-0.0196932	-1.37453	0.0106445
4.45	0.390383	-0.174397	0.0200521	-0.0197283	-1.37511	0.0106657
4.455	0.390347	-0.174395	0.0200388	-0.0197653	-1.37569	0.0106862
4.46	0.390309	-0.174394	0.020025	-0.0197723	-1.37629	0.0106898
4.465	0.390271	-0.174392	0.0200107	-0.0198153	-1.3769	0.0107224
4.47	0.390233	-0.17439	0.0199958	-0.0198794	-1.37751	0.0107825
4.475	0.390193	-0.174388	0.0199804	-0.0199276	-1.37813	0.010819
4.48	0.390154	-0.174386	0.0199646	-0.0199735	-1.37875	0.0108505
4.485	0.390113	-0.174385	0.0199487	-0.0199756	-1.37938	0.0108531
4.49	0.390072	-0.174383	0.0199324	-0.0199946	-1.38002	0.0108744
4.495	0.390031	-0.174382	0.0199159	-0.0200266	-1.38065	0.0109039
4.5	0.38999	-0.17438	0.0198992	-0.020091	-1.38129	0.0109667
4.505	0.389948	-0.174378	0.0198826	-0.0201693	-1.38193	0.0110478
4.51	0.389907	-0.174377	0.0198668	-0.0202352	-1.38257	0.0111185
4.515	0.389866	-0.174375	0.0198518	-0.0203256	-1.38321	0.0112146
4.52	0.389826	-0.174373	0.0198368	-0.0204049	-1.38385	0.0112992
4.525	0.389793	-0.174372	0.0198283	-0.0204279	-1.38445	0.0112676
4.53	0.389759	-0.174375	0.0198192	-0.0204076	-1.38505	0.0111565
4.535	0.389726	-0.174375	0.0198097	-0.0203738	-1.38565	0.0110303
4.54	0.389693	-0.174375	0.0197996	-0.0203302	-1.38625	0.0108914
4.545	0.38966	-0.174375	0.0197894	-0.0203144	-1.38685	0.0107837
4.55	0.389626	-0.174374	0.0197791	-0.0203071	-1.38745	0.0106856
4.555	0.389593	-0.174374	0.0197687	-0.0203017	-1.38805	0.0105899
4.56	0.389563	-0.174373	0.0197587	-0.0203152	-1.38858	0.0105408
4.565	0.389537	-0.174376	0.0197552	-0.0203536	-1.3891	0.0105138
4.57	0.389511	-0.174379	0.019751	-0.020362	-1.38963	0.010442
4.575	0.389484	-0.17438	0.0197459	-0.0203624	-1.39016	0.010364
4.58	0.389457	-0.17438	0.01974	-0.0203605	-1.3907	0.0102827
4.585	0.389429	-0.174379	0.0197334	-0.0203575	-1.39125	0.0101996
4.59	0.3894	-0.174379	0.0197261	-0.020354	-1.3918	0.0101152
4.595	0.389371	-0.174379	0.0197183	-0.0203499	-1.39236	0.0100296
4.6	0.38938	-0.174382	0.0197474	-0.0202978	-1.39273	0.00994579
4.605	0.389378	-0.174399	0.0197715	-0.0200966	-1.39311	0.009681
4.61	0.389378	-0.174403	0.0197913	-0.020063	-1.39349	0.00962816
4.615	0.389373	-0.174405	0.019806	-0.0200942	-1.39387	0.00966012
4.62	0.389365	-0.174406	0.0198159	-0.0201271	-1.39427	0.00969505
4.625	0.389353	-0.174406	0.0198218	-0.0201487	-1.39469	0.00971823
4.63	0.389337	-0.174405	0.0198241	-0.0201863	-1.39512	0.00975042
4.635	0.389318	-0.174405	0.0198233	-0.0202284	-1.39558	0.00978557
4.64	0.389296	-0.174403	0.0198197	-0.0202729	-1.39605	0.00982281
4.645	0.389271	-0.174402	0.0198137	-0.0203192	-1.39655	0.00986179
4.65	0.389243	-0.174401	0.0198057	-0.020367	-1.39706	0.00990248
4.655	0.389213	-0.174399	0.0197959	-0.0204137	-1.3976	0.00994124
4.66	0.389181	-0.174397	0.0197846	-0.020459	-1.39815	0.00997888
4.665	0.389147	-0.174396	0.019772	-0.0205086	-1.39871	0.0100203
4.67	0.389113	-0.174394	0.0197587	-0.0205622	-1.39929	0.0100659
4.675	0.389077	-0.174392	0.0197451	-0.0206458	-1.39988	0.0101411
4.68	0.389041	-0.17439	0.0197316	-0.0207656	-1.40047	0.0102517
4.685	0.389004	-0.174388	0.0197175	-0.0209065	-1.40107	0.0103922
4.69	0.388967	-0.174385	0.0197041	-0.021035	-1.40168	0.0105217
4.695	0.38893	-0.174382	0.0196899	-0.021189	-1.4023	0.0106797
4.7	0.388891	-0.174381	0.0196747	-0.0212113	-1.40292	0.0107076
4.705	0.388851	-0.174378	0.0196586	-0.0212743	-1.40354	0.0108087
4.71	0.38881	-0.174377	0.0196414	-0.0212327	-1.40417	0.0108043
4.715	0.388769	-0.174376	0.0196241	-0.0210836	-1.40481	0.0106544
4.72	0.388728	-0.174374	0.0196064	-0.0209707	-1.40546	0.0105413
4.725	0.388686	-0.174373	0.0195884	-0.0209194	-1.4061	0.0104927
4.73	0.388643	-0.17437	0.0195701	-0.020936	-1.40675	0.0105163
4.735	0.388663	-0.174373	0.0196099	-0.0209896	-1.40705	0.0105595
4.74	0.388668	-0.174399	0.0196442	-0.0209421	-1.40738	0.0104361
4.745	0.388676	-0.174406	0.0196731	-0.0209101	-1.40771	0.0103848
4.75	0.388681	-0.174409	0.0196955	-0.0209265	-1.40805	0.0103776
4.755	0.38868	-0.174411	0.019712	-0.0208879	-1.4084	0.010325
4.76	0.388674	-0.174412	0.0197235	-0.0208224	-1.40877	0.0102543
4.765	0.388665	-0.174412	0.0197311	-0.0208459	-1.40916	0.0102877
4.77	0.388651	-0.174412	0.0197345	-0.0208633	-1.40957	0.0102834
4.775	0.388634	-0.17441	0.0197339	-0.0209218	-1.41	0.0102722
4.78	0.388614	-0.174407	0.01973	-0.0210887	-1.41046	0.0103813
4.785	0.38859	-0.174403	0.0197235	-0.0213143	-1.41095	0.010544
4.79	0.388564	-0.1744	0.0197147	-0.0215103	-1.41145	0.0107023
4.795	0.388535	-0.174395	0.019704	-0.0217319	-1.41198	0.0108959
4.8	0.388503	-0.174393	0.0196918	-0.0217678	-1.41252	0.0109071
4.805	0.38847	-0.17439	0.0196782	-0.0217603	-1.41309	0.010875
4.81	0.388435	-0.174387	0.0196635	-0.0217764	-1.41367	0.0108536
4.815	0.388399	-0.174385	0.019648	-0.0217257	-1.41426	0.0107817
4.82	0.388364	-0.174382	0.0196325	-0.0216737	-1.4148	0.0107195
4.825	0.388327	-0.174383	0.0196167	-0.0216516	-1.41536	0.0106916
4.83	0.38829	-0.174381	0.0196008	-0.0217067	-1.41595	0.010735
4.835	0.38825	-0.17438	0.0195833	-0.0214973	-1.41654	0.0104746
4.84	0.388211	-0.174379	0.0195653	-0.0212377	-1.41715	0.0102204
4.845	0.388172	-0.174377	0.0195481	-0.021195	-1.41777	0.0101942
4.85	0.38813	-0.174376	0.0195301	-0.0210857	-1.4184	0.0100864
4.855	0.388089	-0.174375	0.0195115	-0.0209244	-1.41903	0.00992401
4.86	0.388047	-0.174373	0.0194926	-0.0208318	-1.41967	0.00984493
4.865	0.388005	-0.174371	0.0194746	-0.0208644	-1.42031	0.00989653
4.87	0.387963	-0.17437	0.0194572	-0.0208956	-1.42096	0.00994709
4.875	0.387922	-0.174367	0.0194399	-0.0210245	-1.4216	0.0100627
4.88	0.38788	-0.174364	0.0194227	-0.0212086	-1.42225	0.010229
4.885	0.38784	-0.174359	0.0194085	-0.0215276	-1.42287	0.0104763
4.89	0.3878	-0.17436	0.0193935	-0.0214344	-1.42351	0.0103637
4.895	0.38776	-0.174358	0.019377	-0.0214345	-1.42415	0.0103561
4.9	0.38772	-0.174354	0.0193587	-0.0216286	-1.4248	0.0105248
4.905	0.38768	-0.174349	0.0193394	-0.0221189	-1.42545	0.0110134
4.91	0.387638	-0.174348	0.0193204	-0.0223217	-1.4261	0.0112596
4.915	0.387597	-0.174349	0.0193054	-0.0223341	-1.42677	0.0112974
4.92	0.387558	-0.174353	0.0192918	-0.0219746	-1.42744	0.0109494
4.925	0.38752	-0.174357	0.0192788	-0.0214998	-1.42809	0.0104818
4.93	0.387481	-0.174362	0.0192662	-0.0209989	-1.42875	0.00998662
4.935	0.387444	-0.174368	0.0192538	-0.0204947	-1.42939	0.00948874
4.94	0.387407	-0.174374	0.0192418	-0.0199921	-1.43004	0.00899369
4.945	0.38737	-0.174379	0.01923	-0.0194915	-1.43067	0.00850218
4.95	0.387334	-0.174385	0.0192185	-0.0189931	-1.43131	0.00801427
4.955	0.387298	-0.17439	0.0192072	-0.0184964	-1.43194	0.00752919
4.96	0.387263	-0.174391	0.019195	-0.0180892	-1.43256	0.00714697
4.965	0.387262	-0.174393	0.0192162	-0.0178934	-1.433	0.00694596
4.97	0.387256	-0.174405	0.0192364	-0.0178173	-1.43342	0.00683842
4.975	0.387251	-0.174406	0.0192509	-0.0179359	-1.43382	0.00696424
4.98	0.387256	-0.174407	0.0192742	-0.0181202	-1.43414	0.00714517
4.985	0.387255	-0.174412	0.0192924	-0.0182135	-1.43448	0.00722195
4.99	0.387251	-0.174411	0.019305	-0.0182814	-1.43484	0.00728511
4.995	0.387243	-0.174409	0.0193133	-0.0183634	-1.43523	0.00737027
5.0	0.38723	-0.174408	0.019317	-0.0183411	-1.43564	0.00739011
5.005	0.387214	-0.174407	0.0193168	-0.0182859	-1.43607	0.00739193
5.01	0.387194	-0.174408	0.0193133	-0.0181081	-1.43654	0.00726689
5.015	0.387169	-0.174414	0.0193058	-0.017473	-1.43702	0.00663612
5.02	0.387142	-0.17442	0.0192957	-0.0166813	-1.43753	0.0058566
5.025	0.387113	-0.174423	0.019285	-0.0160159	-1.43807	0.0052115
5.03	0.387081	-0.174424	0.019273	-0.0157178	-1.43862	0.00492279
5.035	0.387047	-0.174425	0.0192595	-0.0155679	-1.43919	0.0047791
5.04	0.387012	-0.174425	0.0192446	-0.0154523	-1.43977	0.00467013
5.045	0.386974	-0.174427	0.019228	-0.0152125	-1.44037	0.00443267
5.05	0.386936	-0.174426	0.0192119	-0.0151556	-1.44099	0.00437499
5.055	0.386933	-0.17443	0.0192298	-0.0150193	-1.44142	0.00423399
5.06	0.38692	-0.174444	0.0192434	-0.0147483	-1.44188	0.00393339
5.065	0.386909	-0.174447	0.0192521	-0.0145126	-1.44234	0.0036759
5.07	0.386894	-0.17445	0.019257	-0.0142909	-1.44278	0.00340346
5.075	0.386876	-0.174452	0.0192568	-0.0140122	-1.44325	0.00311986
5.08	0.386854	-0.174454	0.0192542	-0.0138428	-1.44373	0.00296721
5.085	0.386831	-0.174453	0.0192505	-0.013764	-1.44421	0.00281074
5.09	0.386805	-0.174452	0.0192458	-0.0137037	-1.44468	0.00263652
5.095	0.386777	-0.17445	0.0192401	-0.0136504	-1.44517	0.00245661
5.1	0.386749	-0.174448	0.0192336	-0.0135973	-1.44567	0.00227137
5.105	0.386719	-0.174446	0.0192263	-0.0135417	-1.44617	0.00208072
5.11	0.386698	-0.174445	0.0192265	-0.0135878	-1.44664	0.00199811
5.115	0.386677	-0.174446	0.0192276	-0.0136342	-1.44707	0.00190955
5.12	0.386657	-0.174449	0.0192267	-0.0135746	-1.44748	0.00172888
5.125	0.386636	-0.174452	0.0192238	-0.0134303	-1.44787	0.00147413
5.13	0.386627	-0.174456	0.0192331	-0.0133874	-1.44822	0.00135079
5.135	0.386613	-0.174467	0.0192372	-0.0129275	-1.44862	0.000851239
5.14	0.386597	-0.174475	0.0192376	-0.0122283	-1.44904	0.000147
5.145	0.386577	-0.174487	0.0192339	-0.0111511	-1.44948	-0.000927562
5.15	0.386555	-0.17449	0.0192285	-0.0106166	-1.44995	-0.00144391
5.155	0.386528	-0.174498	0.0192196	-0.00987706	-1.45045	-0.00216917
5.16	0.386499	-0.174507	0.0192077	-0.00877804	-1.45097	-0.00325049
5.165	0.386468	-0.174513	0.0191969	-0.00746633	-1.45152	-0.00453498
5.17	0.386436	-0.174518	0.0191836	-0.00639588	-1.45209	-0.00557137
5.175	0.386419	-0.174519	0.0191915	-0.00616837	-1.45264	-0.00583519
5.18	0.386396	-0.174527	0.0191923	-0.0055433	-1.45318	-0.00645736
5.185	0.386372	-0.174531	0.0191881	-0.00469203	-1.45373	-0.00727862
5.19	0.386345	-0.174535	0.0191799	-0.0037174	-1.45428	-0.00822281
5.195	0.386315	-0.17454	0.0191681	-0.00263672	-1.45483	-0.00927307
5.2	0.386282	-0.174545	0.0191533	-0.00144029	-1.45541	-0.0104391
5.205	0.386246	-0.174552	0.0191358	-0.000126304	-1.45599	-0.0117224
5.21	0.386208	-0.17456	0.0191163	0.00136017	-1.45659	-0.0131842
5.215	0.386169	-0.174561	0.0190969	0.00200478	-1.4572	-0.0137908
5.22	0.386127	-0.174565	0.019076	0.00274569	-1.45782	-0.0144968
5.225	0.386084	-0.17457	0.0190535	0.00382854	-1.45845	-0.0155436
5.23	0.38604	-0.174575	0.019029	0.00507092	-1.4591	-0.016783
5.235	0.386033	-0.174579	0.0190497	0.00570915	-1.45968	-0.0174545
5.24	0.386021	-0.174591	0.0190673	0.00619137	-1.46024	-0.0179516
5.245	0.386009	-0.174592	0.019079	0.00637826	-1.46077	-0.0181122
5.25	0.385993	-0.174597	0.0190839	0.00694988	-1.4613	-0.018614
5.255	0.385975	-0.174601	0.0190834	0.00776959	-1.46182	-0.0193463
5.26	0.385953	-0.174605	0.0190795	0.0083848	-1.46234	-0.0198892
5.265	0.385927	-0.174612	0.0190708	0.00941756	-1.46287	-0.0208604
5.27	0.385898	-0.174613	0.0190608	0.00970329	-1.4634	-0.0210493
5.275	0.385866	-0.174612	0.0190488	0.00973919	-1.46393	-0.0209806
5.28	0.385832	-0.174614	0.0190332	0.010035	-1.46449	-0.0212029
5.285	0.385797	-0.174617	0.019015	0.0107065	-1.46505	-0.0218063
5.29	0.385759	-0.17462	0.0189959	0.0114452	-1.46564	-0.0225031
5.295	0.38572	-0.174621	0.018975	0.0121147	-1.46625	-0.023142
5.3	0.385679	-0.174623	0.0189537	0.0128151	-1.46687	-0.023825
5.305	0.385636	-0.174625	0.0189319	0.0136993	-1.4675	-0.0246985
5.31	0.385593	-0.174628	0.0189094	0.0148002	-1.46815	-0.0257907
5.315	0.385549	-0.174627	0.0188857	0.0154445	-1.46881	-0.0264139
5.32	0.385503	-0.174627	0.0188608	0.0159715	-1.46948	-0.0269199
5.325	0.385456	-0.174625	0.018835	0.0163654	-1.47016	-0.0272903
5.33	0.385407	-0.174622	0.0188102	0.0169123	-1.47082	-0.0279511
5.335	0.385409	-0.174623	0.018834	0.0169906	-1.47126	-0.0280819
5.34	0.3854	-0.174637	0.0188524	0.0174167	-1.47172	-0.0286096
5.345	0.385394	-0.174638	0.0188648	0.017755	-1.47219	-0.0289961
5.35	0.385382	-0.174638	0.0188718	0.0180745	-1.47265	-0.0293187
5.355	0.385367	-0.174635	0.0188735	0.0183549	-1.47313	-0.0295889
5.36	0.385347	-0.174631	0.0188709	0.0186631	-1.47361	-0.0298796
5.365	0.385323	-0.174628	0.0188644	0.0190319	-1.47412	-0.0302283
5.37	0.385296	-0.174624	0.0188543	0.0194054	-1.47465	-0.0305849
5.375	0.385265	-0.17462	0.0188412	0.0197873	-1.47519	-0.0309505
5.38	0.385232	-0.174618	0.0188248	0.0206212	-1.47576	-0.0317687
5.385	0.385196	-0.17461	0.0188061	0.0207489	-1.47635	-0.0318646
5.39	0.385157	-0.174603	0.0187855	0.0206661	-1.47695	-0.0317263
5.395	0.385121	-0.174602	0.018772	0.0207317	-1.47759	-0.0317454
5.4	0.385093	-0.174601	0.0187686	0.0211477	-1.4782	-0.0321699
5.405	0.385075	-0.174597	0.0187768	0.0207893	-1.47877	-0.0317963
5.41	0.385065	-0.174598	0.0187849	0.0212193	-1.47914	-0.0322404
5.415	0.38505	-0.174602	0.0187878	0.0215516	-1.47955	-0.0325621
5.42	0.385031	-0.174599	0.0187856	0.0216517	-1.47999	-0.0326108
5.425	0.38501	-0.174595	0.0187813	0.0214937	-1.48044	-0.0324099
5.43	0.385007	-0.174593	0.0187905	0.0211396	-1.48072	-0.0320056
5.435	0.384994	-0.174599	0.0187951	0.0209747	-1.48106	-0.031814
5.44	0.384979	-0.174597	0.0187953	0.0207641	-1.48143	-0.0315486
5.445	0.384961	-0.174594	0.0187918	0.0204888	-1.48183	-0.031205
5.45	0.384973	-0.174587	0.0188304	0.0203033	-1.48228	-0.0309403
5.455	0.38498	-0.174585	0.0188621	0.0205225	-1.48271	-0.0311396
5.46	0.384984	-0.174583	0.0188859	0.0211281	-1.48312	-0.0317107
5.465	0.384983	-0.174576	0.0189026	0.0211303	-1.48352	-0.0316771
5.47	0.384977	-0.17457	0.0189134	0.0210589	-1.48393	-0.0315729
5.475	0.384966	-0.174568	0.0189177	0.0213416	-1.48434	-0.0318016
5.48	0.38495	-0.174566	0.0189159	0.0217978	-1.48477	-0.0321946
5.485	0.384931	-0.174563	0.0189118	0.0221019	-1.48522	-0.0324825
5.49	0.384909	-0.17456	0.0189067	0.0224236	-1.4857	-0.0327886
5.495	0.384884	-0.174558	0.0188967	0.0229862	-1.4862	-0.0332936
5.5	0.384856	-0.174549	0.0188839	0.0229728	-1.48672	-0.0332106
5.505	0.384849	-0.174544	0.018896	0.0230406	-1.48713	-0.0332998
5.51	0.384835	-0.174546	0.0189032	0.0233487	-1.48757	-0.0336096
5.515	0.384821	-0.174539	0.0189048	0.0232026	-1.48801	-0.0334342
5.52	0.384805	-0.174531	0.0189079	0.0228137	-1.48843	-0.0331073
5.525	0.384788	-0.174524	0.0189108	0.0225684	-1.48886	-0.0329582
5.53	0.384772	-0.174515	0.0189132	0.0223353	-1.48928	-0.0328301
5.535	0.384752	-0.174509	0.0189122	0.0227305	-1.48972	-0.0333352
5.54	0.384742	-0.174505	0.0189199	0.0232395	-1.49012	-0.0339386
5.545	0.384729	-0.174504	0.0189251	0.0237486	-1.49053	-0.0344916
5.55	0.384714	-0.174503	0.0189264	0.0243621	-1.49098	-0.0351149
5.555	0.384695	-0.1745	0.0189244	0.024865	-1.49144	-0.0356146
5.56	0.384689	-0.174497	0.0189347	0.0252107	-1.49184	-0.035964
5.565	0.384691	-0.174499	0.0189543	0.0252586	-1.49216	-0.0360419
5.57	0.384704	-0.174503	0.0189841	0.0252724	-1.49241	-0.036079
5.575	0.38472	-0.174507	0.0190156	0.0253019	-1.49261	-0.0361365
5.58	0.384732	-0.17451	0.0190429	0.0253216	-1.49284	-0.0361756
5.585	0.384742	-0.174509	0.0190655	0.0255181	-1.49307	-0.0363736
5.59	0.384749	-0.174507	0.0190833	0.0253483	-1.49329	-0.036207
5.595	0.384748	-0.174505	0.0190944	0.0252337	-1.49356	-0.0361083
5.6	0.384744	-0.174501	0.0191029	0.0249665	-1.49388	-0.0358457
5.605	0.384733	-0.174497	0.0191056	0.0250043	-1.49423	-0.0358843
5.61	0.384718	-0.174493	0.0191045	0.0251915	-1.49462	-0.0360697
5.615	0.384713	-0.174491	0.0191183	0.0254455	-1.49506	-0.0363335
5.62	0.384706	-0.174488	0.0191298	0.0252137	-1.4955	-0.0361123
5.625	0.384719	-0.174488	0.019159	0.0251681	-1.49578	-0.0360725
5.63	0.384737	-0.174495	0.0191939	0.0252007	-1.49598	-0.0361271
5.635	0.384758	-0.174501	0.0192323	0.0252352	-1.49618	-0.0361785
5.64	0.384775	-0.174503	0.0192644	0.0254956	-1.4964	-0.0364444
5.645	0.384789	-0.174501	0.0192913	0.0257073	-1.49663	-0.0366636
5.65	0.384795	-0.174501	0.0193106	0.0262019	-1.49689	-0.037147
5.655	0.384813	-0.174499	0.0193395	0.0263523	-1.49709	-0.0372898
5.66	0.384827	-0.174502	0.0193675	0.0264019	-1.49729	-0.0373473
5.665	0.384836	-0.174501	0.0193893	0.0264797	-1.49754	-0.0374141
5.67	0.384855	-0.1745	0.0194198	0.0265331	-1.49772	-0.0374622
5.675	0.384873	-0.174503	0.0194514	0.0265948	-1.49789	-0.037531
5.68	0.384893	-0.174504	0.0194864	0.0265669	-1.4981	-0.0375083
5.685	0.384916	-0.174504	0.0195219	0.0266008	-1.49827	-0.0375426
5.69	0.384937	-0.174506	0.0195585	0.0265948	-1.49847	-0.0375418
5.695	0.384955	-0.174506	0.0195879	0.0268275	-1.49867	-0.0377653
5.7	0.384972	-0.174505	0.0196181	0.0269328	-1.49886	-0.0378642
5.705	0.384985	-0.174502	0.0196399	0.0269761	-1.49907	-0.0379452
5.71	0.38499	-0.174497	0.019655	0.0266369	-1.49932	-0.0376814
5.715	0.384989	-0.174488	0.0196636	0.0260424	-1.49962	-0.0371805
5.72	0.384981	-0.174478	0.0196667	0.0256284	-1.49995	-0.0368762
5.725	0.38497	-0.174455	0.0196597	0.0228667	-1.50032	-0.0342
5.73	0.384954	-0.174434	0.0196475	0.0202308	-1.50077	-0.0316585
5.735	0.384934	-0.174413	0.0196311	0.0180353	-1.50126	-0.0295742
5.74	0.384911	-0.174392	0.019612	0.0159745	-1.50178	-0.0276417
5.745	0.384886	-0.174359	0.0195855	0.0114176	-1.5023	-0.023185
5.75	0.384892	-0.17435	0.019605	0.0103085	-1.50264	-0.0220997
5.755	0.384896	-0.174337	0.0196175	0.00898957	-1.50303	-0.0208452
5.76	0.384894	-0.174328	0.019626	0.00783073	-1.50343	-0.0197155
5.765	0.384887	-0.174316	0.0196292	0.00668034	-1.50385	-0.0185799
5.77	0.384873	-0.174307	0.0196283	0.00591855	-1.50429	-0.01781
5.775	0.384855	-0.174298	0.0196235	0.00527841	-1.50475	-0.0171424
5.78	0.384832	-0.174291	0.0196149	0.00473121	-1.50524	-0.0165607
5.785	0.384804	-0.174283	0.0196031	0.00424094	-1.50575	-0.0160332
5.79	0.384774	-0.174274	0.0195885	0.00375303	-1.50629	-0.015506
5.795	0.384742	-0.174262	0.0195704	0.00290207	-1.50686	-0.0146601
5.8	0.384708	-0.17425	0.0195495	0.00182359	-1.50746	-0.013623
5.805	0.384672	-0.174235	0.0195265	0.000390756	-1.50808	-0.0122553
5.81	0.384633	-0.174222	0.0195032	-0.000840124	-1.50871	-0.0110474
5.815	0.384594	-0.174203	0.0194786	-0.00289319	-1.50935	-0.00903043
5.82	0.384565	-0.174191	0.0194645	-0.00398916	-1.50984	-0.0079022
5.825	0.384534	-0.174182	0.0194519	-0.00507134	-1.51036	-0.00679311
5.83	0.384504	-0.17417	0.0194398	-0.00632788	-1.5109	-0.00550749
5.835	0.384503	-0.174164	0.0194559	-0.00674409	-1.51127	-0.00506742
5.84	0.384496	-0.174165	0.0194684	-0.00736637	-1.51165	-0.0044505
5.845	0.384487	-0.174158	0.0194752	-0.00812985	-1.51206	-0.00367851
5.85	0.384474	-0.174149	0.0194766	-0.0090113	-1.5125	-0.00278489
5.855	0.384456	-0.17414	0.0194733	-0.00993496	-1.51296	-0.00184675
5.86	0.384434	-0.174131	0.0194658	-0.0109701	-1.51344	-0.000795575
5.865	0.384408	-0.174122	0.0194547	-0.0120901	-1.51395	0.000336084
5.87	0.384378	-0.174112	0.0194407	-0.0132914	-1.51449	0.0015472
5.875	0.384347	-0.174103	0.0194269	-0.0140743	-1.51505	0.00234546
5.88	0.384315	-0.174095	0.0194132	-0.0147538	-1.51561	0.00304255
5.885	0.384283	-0.174086	0.0194002	-0.0155462	-1.51619	0.00385206
5.89	0.384249	-0.17408	0.0193867	-0.0159454	-1.51678	0.00426565
5.895	0.384216	-0.174072	0.0193732	-0.0169479	-1.51737	0.00528347
5.9	0.384181	-0.174066	0.0193585	-0.0177066	-1.51797	0.00605172
5.905	0.384146	-0.17406	0.0193436	-0.0182484	-1.51858	0.00660368
5.91	0.384137	-0.174057	0.0193591	-0.0190963	-1.51913	0.00747094
5.915	0.384124	-0.174058	0.0193722	-0.0197053	-1.51966	0.00807466
5.92	0.384112	-0.174055	0.019381	-0.0202697	-1.52018	0.00864657
5.925	0.384098	-0.174054	0.0193868	-0.0205835	-1.5207	0.00895965
5.93	0.38408	-0.174051	0.0193875	-0.0211636	-1.52122	0.00954042
5.935	0.384058	-0.174046	0.0193834	-0.0221239	-1.52174	0.0105033
5.94	0.384032	-0.17404	0.019375	-0.0232143	-1.52228	0.0115987
5.945	0.384003	-0.174034	0.0193632	-0.0244363	-1.52284	0.0128268
5.95	0.383971	-0.174025	0.0193485	-0.0257417	-1.52342	0.0141349
5.955	0.383938	-0.17402	0.0193349	-0.0260247	-1.52401	0.0144314
5.96	0.383904	-0.174013	0.0193216	-0.0261375	-1.52461	0.0145617
5.965	0.383871	-0.174007	0.019309	-0.0265569	-1.52522	0.014998
5.97	0.383836	-0.174001	0.0192962	-0.0268721	-1.52583	0.0153296
5.975	0.383801	-0.173996	0.0192825	-0.0267629	-1.52644	0.0152351
5.98	0.383767	-0.17399	0.0192686	-0.0266262	-1.52706	0.0151137
5.985	0.383732	-0.173981	0.0192547	-0.0277929	-1.52767	0.0162967
5.99	0.383696	-0.173974	0.0192408	-0.0292844	-1.52829	0.0178013
5.995	0.38366	-0.173966	0.019227	-0.0307344	-1.52891	0.0192661
6.0	0.383625	-0.173958	0.0192136	-0.0321376	-1.52954	0.0206845
6.005	0.38359	-0.17395	0.0192005	-0.0334644	-1.53016	0.0220265
6.01	0.383554	-0.173943	0.0191845	-0.0334233	-1.53079	0.0220007
6.015	0.383518	-0.173935	0.0191669	-0.0325445	-1.53142	0.0211392
6.02	0.383482	-0.17393	0.0191512	-0.032193	-1.53205	0.0208026
6.025	0.383446	-0.173924	0.0191352	-0.0325696	-1.53268	0.0211939
6.03	0.383409	-0.173919	0.0191195	-0.0331031	-1.53331	0.0217397
6.035	0.383372	-0.173913	0.0191041	-0.0336451	-1.53395	0.0222947
6.04	0.383336	-0.173907	0.0190889	-0.0339298	-1.53459	0.0225911
6.045	0.3833	-0.173902	0.0190742	-0.0341286	-1.53523	0.0228016
6.05	0.383263	-0.173896	0.0190604	-0.0348133	-1.53587	0.0234992
6.055	0.383227	-0.173887	0.0190461	-0.0367875	-1.5365	0.0254884
6.06	0.38319	-0.17388	0.019032	-0.0390279	-1.53713	0.0277413
6.065	0.383154	-0.173872	0.0190181	-0.0412762	-1.53776	0.0300033
6.07	0.383119	-0.173863	0.0190034	-0.0445558	-1.53838	0.033302
6.075	0.383083	-0.173854	0.0189885	-0.0478822	-1.53901	0.0366387
6.08	0.383047	-0.173848	0.0189766	-0.0489591	-1.53965	0.0377286
6.085	0.383013	-0.173842	0.0189656	-0.0494727	-1.54028	0.0382606
6.09	0.382978	-0.173834	0.0189534	-0.0514067	-1.54091	0.0402108
6.095	0.382943	-0.173827	0.0189406	-0.0536423	-1.54153	0.0424554
6.1	0.382907	-0.173822	0.0189233	-0.0540882	-1.54217	0.0429031
6.105	0.38287	-0.173817	0.0189062	-0.0541865	-1.54281	0.0430066
6.11	0.382833	-0.173812	0.01889	-0.0544494	-1.54345	0.043277
6.115	0.382796	-0.173807	0.0188737	-0.0551779	-1.54409	0.0440163
6.12	0.382806	-0.173806	0.0189035	-0.0556335	-1.54447	0.0444786
6.125	0.382806	-0.173816	0.0189268	-0.0564318	-1.54485	0.0452555
6.13	0.382807	-0.173815	0.0189466	-0.0570943	-1.54525	0.0459231
6.135	0.382805	-0.173812	0.0189606	-0.0586839	-1.54566	0.047522
6.14	0.382804	-0.173808	0.0189766	-0.0603901	-1.54609	0.0492391
6.145	0.382799	-0.173804	0.0189865	-0.0611474	-1.54652	0.0500151
6.15	0.382789	-0.173798	0.0189904	-0.0627382	-1.54697	0.051637
6.155	0.382775	-0.173792	0.018991	-0.0635852	-1.54743	0.0525172
6.16	0.382758	-0.173786	0.0189886	-0.0639181	-1.54791	0.0528759
6.165	0.382738	-0.173779	0.0189832	-0.0639025	-1.5484	0.0528825
6.17	0.382715	-0.173772	0.0189752	-0.0637301	-1.54892	0.0527291
6.175	0.38269	-0.173764	0.0189664	-0.0656456	-1.54944	0.054665
6.18	0.382635	-0.173753	0.01891	-0.0678244	-1.54979	0.0568687
6.185	0.382569	-0.173743	0.0188414	-0.0692459	-1.55015	0.0583137
6.19	0.382497	-0.173734	0.0187678	-0.0706602	-1.55055	0.0597537
6.195	0.382428	-0.173721	0.0187008	-0.0769913	-1.55093	0.0661076
6.2	0.382384	-0.173717	0.0186434	-0.0779776	-1.55091	0.067101
6.205	0.382344	-0.173728	0.0185942	-0.0778054	-1.55083	0.0669074
6.21	0.382311	-0.173732	0.018553	-0.0790321	-1.55078	0.0681204
6.215	0.382282	-0.173732	0.0185175	-0.0809808	-1.55074	0.0700681
6.22	0.382254	-0.173731	0.0184839	-0.0823806	-1.55073	0.0714646
6.225	0.382228	-0.173728	0.0184533	-0.0845077	-1.55072	0.0735924
6.23	0.382206	-0.173726	0.0184253	-0.0860052	-1.55071	0.0750884
6.235	0.382183	-0.173725	0.0183984	-0.0877116	-1.55071	0.0767925
6.24	0.382168	-0.173724	0.0183799	-0.0889866	-1.5507	0.0780688
6.245	0.382158	-0.173726	0.0183655	-0.0892785	-1.55066	0.0783588
6.25	0.38215	-0.173729	0.0183528	-0.0893897	-1.5506	0.0784635
6.255	0.382144	-0.173732	0.0183402	-0.0890929	-1.55054	0.0781598
6.26	0.382137	-0.173734	0.0183277	-0.0886983	-1.55047	0.0777602
6.265	0.382131	-0.173736	0.0183153	-0.0882839	-1.55041	0.0773417
6.27	0.382126	-0.173737	0.018303	-0.0878897	-1.55034	0.0769442
6.275	0.38212	-0.173738	0.0182906	-0.0874627	-1.55027	0.076514
6.28	0.382114	-0.173739	0.0182783	-0.0870515	-1.5502	0.0761004
6.285	0.382108	-0.17374	0.018266	-0.0866472	-1.55013	0.0756938
6.29	0.382103	-0.173741	0.0182537	-0.0862478	-1.55007	0.0752923
6.295	0.382097	-0.173742	0.0182415	-0.0858525	-1.55	0.074895
6.3	0.382091	-0.173743	0.0182292	-0.0854607	-1.54993	0.0745014
6.305	0.382086	-0.173744	0.018217	-0.0850723	-1.54987	0.0741112
6.31	0.38208	-0.173745	0.0182047	-0.0846871	-1.5498	0.0737244
6.315	0.382074	-0.173745	0.0181925	-0.0843049	-1.54973	0.0733406
6.32	0.382068	-0.173746	0.0181803	-0.0839255	-1.54967	0.0729598
6.325	0.382062	-0.173747	0.0181671	-0.0835786	-1.5496	0.0726119
6.33	0.382056	-0.173747	0.0181539	-0.0832076	-1.54953	0.0722402
6.335	0.382049	-0.173747	0.0181409	-0.0828326	-1.54946	0.0718639
6.34	0.382043	-0.173748	0.018128	-0.0824589	-1.54939	0.0714891
6.345	0.382037	-0.173749	0.0181153	-0.0821018	-1.54933	0.0711305
6.35	0.382031	-0.173749	0.0181027	-0.0817381	-1.54926	0.0707654
6.355	0.382025	-0.17375	0.0180902	-0.0813748	-1.54919	0.0704008
6.36	0.382019	-0.173751	0.0180777	-0.0810137	-1.54912	0.0700385
6.365	0.382013	-0.173751	0.0180652	-0.0806549	-1.54906	0.0696785
6.37	0.382007	-0.173752	0.0180527	-0.0802989	-1.54899	0.0693214
6.375	0.382001	-0.173752	0.0180403	-0.0799451	-1.54892	0.0689663
6.38	0.381995	-0.173753	0.0180279	-0.0795935	-1.54885	0.0686136
6.385	0.38199	-0.173754	0.0180154	-0.0792442	-1.54879	0.0682631
6.39	0.381984	-0.173754	0.018003	-0.078897	-1.54872	0.0679148
6.395	0.381978	-0.173755	0.0179906	-0.0785521	-1.54865	0.0675687
6.4	0.381972	-0.173755	0.0179782	-0.0782088	-1.54858	0.0672243
6.405	0.381966	-0.173756	0.0179654	-0.0778295	-1.54852	0.0668443
6.41	0.38196	-0.173756	0.0179526	-0.0774776	-1.54845	0.0664917
6.415	0.381954	-0.173757	0.01794	-0.0771345	-1.54838	0.0661472
6.42	0.381947	-0.173758	0.0179274	-0.0767968	-1.54831	0.0658082
6.425	0.381941	-0.173758	0.0179148	-0.0764622	-1.54825	0.0654724
6.43	0.381934	-0.17376	0.0179003	-0.0750137	-1.54818	0.0640002
6.435	0.381927	-0.173761	0.0178865	-0.0743548	-1.54812	0.0633348
6.44	0.38192	-0.173761	0.0178729	-0.0739394	-1.54805	0.0629159
6.445	0.381911	-0.173763	0.017858	-0.0733265	-1.54799	0.0622971
6.45	0.381904	-0.173763	0.0178436	-0.0728248	-1.54792	0.061792
6.455	0.381896	-0.173764	0.0178295	-0.0724284	-1.54785	0.0613926
6.46	0.381889	-0.173765	0.0178155	-0.072085	-1.54778	0.0610467
6.465	0.381882	-0.173766	0.0178018	-0.0717578	-1.54771	0.0607174
6.47	0.381875	-0.173767	0.0177883	-0.0714372	-1.54764	0.0603949
6.475	0.381869	-0.173767	0.0177749	-0.0711205	-1.54757	0.0600766
6.48	0.381862	-0.173768	0.0177616	-0.0708072	-1.5475	0.0597616
6.485	0.381856	-0.173769	0.0177485	-0.0704966	-1.54743	0.0594496
6.49	0.381849	-0.17377	0.0177354	-0.0701887	-1.54736	0.0591402
6.495	0.381843	-0.17377	0.0177224	-0.0698833	-1.5473	0.0588333
6.5	0.381833	-0.17377	0.0177067	-0.0701836	-1.54724	0.0591124
6.505	0.381823	-0.173769	0.0176904	-0.0700639	-1.5472	0.0589558
6.51	0.381815	-0.173768	0.0176748	-0.0698013	-1.54713	0.0586862
6.515	0.381806	-0.173768	0.0176598	-0.0695044	-1.54706	0.0583851
6.52	0.381799	-0.173769	0.0176451	-0.0692017	-1.54699	0.0580805
6.525	0.381791	-0.173769	0.0176308	-0.0688999	-1.54691	0.0577775
6.53	0.381784	-0.17377	0.0176167	-0.0686005	-1.54684	0.0574772
6.535	0.381777	-0.17377	0.0176028	-0.0683037	-1.54677	0.0571795
6.54	0.38177	-0.173771	0.017589	-0.0680094	-1.5467	0.0568843
6.545	0.381763	-0.173771	0.0175755	-0.0677175	-1.54663	0.0565914
6.55	0.381757	-0.173772	0.017562	-0.0674279	-1.54656	0.0563009
6.555	0.38175	-0.173772	0.0175487	-0.0671404	-1.54649	0.0560123
6.56	0.381744	-0.173773	0.0175354	-0.0668549	-1.54642	0.0557258
6.565	0.381737	-0.173773	0.0175223	-0.0665713	-1.54635	0.055441
6.57	0.381731	-0.173774	0.0175092	-0.0662894	-1.54628	0.055158
6.575	0.381724	-0.173774	0.0174961	-0.0660095	-1.54621	0.054877
6.58	0.381718	-0.173775	0.0174831	-0.0657313	-1.54614	0.0545976
6.585	0.381712	-0.173776	0.0174702	-0.0654541	-1.54607	0.0543192
6.59	0.381705	-0.173776	0.0174572	-0.0651789	-1.54601	0.0540429
6.595	0.381699	-0.173777	0.0174443	-0.0649055	-1.54594	0.0537682
6.6	0.381693	-0.173777	0.0174314	-0.0646412	-1.54587	0.0535028
6.605	0.381687	-0.173778	0.0174185	-0.0643728	-1.5458	0.0532331
6.61	0.38168	-0.173779	0.0174057	-0.0641044	-1.54573	0.0529635
6.615	0.38167	-0.173779	0.0173889	-0.0636603	-1.54569	0.0525152
6.62	0.381655	-0.173779	0.0173674	-0.0631832	-1.54567	0.0520238
6.625	0.381646	-0.173778	0.0173541	-0.06285	-1.54565	0.0516878
6.63	0.381631	-0.173778	0.0173303	-0.0624338	-1.5456	0.0512687
6.635	0.381616	-0.173778	0.0173091	-0.0625783	-1.54557	0.051416
6.64	0.381605	-0.173778	0.0172893	-0.0623832	-1.5455	0.0512212
6.645	0.381594	-0.173779	0.0172706	-0.0621093	-1.54542	0.0509437
6.65	0.38158	-0.173781	0.0172499	-0.0614581	-1.54537	0.0502868
6.655	0.381563	-0.173778	0.0172239	-0.0621616	-1.54534	0.050978
