0	0.556278 	-0.0521204 	-0.340329 	-0.00155664 	-0.0222476 	-0.00123478 	
0.005	14.8993 	-4.41953 	-6.6183 	-0.136995 	-0.582914 	0.10572 	
0.01	10.7718 	-0.916018 	-4.75276 	-0.0107999 	-0.416223 	0.0715023 	
0.015	9.64685 	-0.846137 	-4.3407 	-0.00998094 	-0.372282 	0.0635577 	
0.02	8.69002 	-0.765047 	-3.98297 	-0.00855877 	-0.334802 	0.0566371 	
0.025	7.86978 	-0.708228 	-3.6822 	-0.0077573 	-0.302775 	0.0508095 	
0.03	7.16894 	-0.660711 	-3.42626 	-0.00710095 	-0.275431 	0.045846 	
0.035	6.57281 	-0.630948 	-3.19926 	-0.00705782 	-0.252049 	0.0414873 	
0.04	6.06153 	-0.599418 	-3.0113 	-0.00670401 	-0.232077 	0.0378614 	
0.045	5.62463 	-0.572034 	-2.85178 	-0.00636865 	-0.215025 	0.0347862 	
0.05	5.25143 	-0.548316 	-2.71632 	-0.00605708 	-0.200472 	0.0321784 	
0.055	4.93598 	-0.520107 	-2.59459 	-0.00558596 	-0.188059 	0.029825 	
0.06	4.66405 	-0.500846 	-2.49478 	-0.00531042 	-0.17745 	0.0278833 	
0.065	4.43157 	-0.484848 	-2.41033 	-0.00508339 	-0.1684 	0.0262362 	
0.07	4.23295 	-0.471516 	-2.33889 	-0.00489401 	-0.160684 	0.0248406 	
0.075	4.06462 	-0.466419 	-2.27318 	-0.00502448 	-0.154064 	0.0235879 	
0.08	3.91965 	-0.458451 	-2.22041 	-0.00494913 	-0.148414 	0.0225768 	
0.085	3.79577 	-0.451348 	-2.17606 	-0.00486091 	-0.143597 	0.0217322 	
0.09	3.69 	-0.44505 	-2.13883 	-0.00476585 	-0.139497 	0.0210284 	
0.095	3.60238 	-0.431585 	-2.103 	-0.00445761 	-0.136019 	0.0203246 	
0.1	3.52552 	-0.424915 	-2.07516 	-0.00433829 	-0.133048 	0.0197683 	
0.105	3.45973 	-0.419642 	-2.05203 	-0.0042463 	-0.130522 	0.0193004 	
0.11	3.40358 	-0.42148 	-2.0306 	-0.00441417 	-0.128334 	0.0188936 	
0.115	3.35541 	-0.419588 	-2.01404 	-0.00440164 	-0.126482 	0.0185799 	
0.12	3.31432 	-0.417765 	-2.00051 	-0.00437235 	-0.124914 	0.0183298 	
0.125	3.27933 	-0.416041 	-1.98955 	-0.00433124 	-0.123591 	0.018133 	
0.13	3.25249 	-0.407423 	-1.97507 	-0.0041203 	-0.122474 	0.0178428 	
0.135	3.22726 	-0.404314 	-1.96584 	-0.00405625 	-0.121518 	0.0176453 	
0.14	3.20555 	-0.402021 	-1.95858 	-0.00400944 	-0.120715 	0.0174833 	
0.145	3.18697 	-0.400345 	-1.95298 	-0.00397371 	-0.120043 	0.0173533 	
0.15	3.17097 	-0.40527 	-1.94723 	-0.00417733 	-0.119442 	0.0172503 	
0.155	3.15736 	-0.405895 	-1.94367 	-0.00419612 	-0.118949 	0.0171927 	
0.16	3.14586 	-0.406167 	-1.94121 	-0.00419152 	-0.118544 	0.0171627 	
0.165	3.13831 	-0.398815 	-1.9356 	-0.00397557 	-0.118225 	0.0170436 	
0.17	3.13022 	-0.396905 	-1.93316 	-0.00392168 	-0.117956 	0.0169808 	
0.175	3.12327 	-0.395598 	-1.93166 	-0.00388208 	-0.117741 	0.0169343 	
0.18	3.11737 	-0.394735 	-1.93096 	-0.00385156 	-0.117575 	0.0169031 	
0.185	3.11269 	-0.398934 	-1.92788 	-0.00403254 	-0.1174 	0.0168509 	
0.19	3.10834 	-0.3998 	-1.92724 	-0.00405448 	-0.117269 	0.0168464 	
0.195	3.10473 	-0.400361 	-1.9273 	-0.00405596 	-0.117173 	0.0168604 	
0.2	3.10319 	-0.394431 	-1.92568 	-0.00386082 	-0.117129 	0.016817 	
0.205	3.1009 	-0.393084 	-1.92582 	-0.00381193 	-0.117099 	0.0168056 	
0.21	3.09899 	-0.392222 	-1.92649 	-0.00377519 	-0.117092 	0.0168035 	
0.215	3.09745 	-0.391712 	-1.9276 	-0.00374614 	-0.117105 	0.0168105 	
0.22	3.09694 	-0.394833 	-1.92484 	-0.00389912 	-0.117077 	0.0167616 	
0.225	3.09579 	-0.395598 	-1.92499 	-0.00392001 	-0.117073 	0.0167679 	
0.23	3.09489 	-0.396148 	-1.92573 	-0.00392381 	-0.117085 	0.0167898 	
0.235	3.09427 	-0.396528 	-1.92694 	-0.00391428 	-0.117114 	0.0168247 	
0.24	3.09538 	-0.389763 	-1.92678 	-0.00368211 	-0.117194 	0.0168014 	
0.245	3.09538 	-0.388211 	-1.92789 	-0.0036244 	-0.117267 	0.0168019 	
0.25	3.09543 	-0.387263 	-1.92936 	-0.00358442 	-0.117349 	0.0168078 	
0.255	3.09562 	-0.391332 	-1.92826 	-0.00375375 	-0.117378 	0.0167858 	
0.26	3.0956 	-0.39226 	-1.9292 	-0.00377469 	-0.11743 	0.0168047 	
0.265	3.09574 	-0.39295 	-1.93058 	-0.00377921 	-0.117493 	0.0168374 	
0.27	3.09604 	-0.393452 	-1.93229 	-0.00377091 	-0.117568 	0.0168811 	
0.275	3.09825 	-0.386491 	-1.93145 	-0.0035453 	-0.117678 	0.0168404 	
0.28	3.09892 	-0.384961 	-1.93245 	-0.00349339 	-0.117777 	0.0168354 	
0.285	3.09953 	-0.384051 	-1.93383 	-0.00345926 	-0.117881 	0.0168365 	
0.29	3.10016 	-0.383588 	-1.93552 	-0.00343663 	-0.117991 	0.0168443 	
0.295	3.10077 	-0.38861 	-1.93493 	-0.00363596 	-0.118048 	0.0168328 	
0.3	3.10125 	-0.389945 	-1.93614 	-0.00366806 	-0.118124 	0.0168605 	
0.305	3.10185 	-0.390912 	-1.93772 	-0.003679 	-0.11821 	0.0169022 	
0.31	3.10396 	-0.383966 	-1.93812 	-0.00343695 	-0.118346 	0.0168864 	
0.315	3.10494 	-0.382576 	-1.93956 	-0.00338425 	-0.118469 	0.0168928 	
0.32	3.10587 	-0.381761 	-1.94128 	-0.00334852 	-0.118594 	0.0169038 	
0.325	3.10681 	-0.38136 	-1.94322 	-0.0033239 	-0.118722 	0.0169201 	
0.33	3.10779 	-0.38125 	-1.94533 	-0.00330616 	-0.118854 	0.016942 	
0.335	3.1094 	-0.384821 	-1.94277 	-0.00348762 	-0.118922 	0.0168877 	
0.34	3.11012 	-0.385893 	-1.94331 	-0.00352296 	-0.119004 	0.0168982 	
0.345	3.11088 	-0.386698 	-1.94435 	-0.00353872 	-0.119092 	0.0169244 	
0.35	3.11259 	-0.380221 	-1.94724 	-0.00327947 	-0.119267 	0.016957 	
0.355	3.11387 	-0.378924 	-1.94946 	-0.00322048 	-0.119419 	0.0169792 	
0.36	3.1151 	-0.378187 	-1.95176 	-0.00317986 	-0.119569 	0.0170024 	
0.365	3.11633 	-0.377851 	-1.95413 	-0.00315166 	-0.119721 	0.017028 	
0.37	3.11824 	-0.38056 	-1.95107 	-0.0033129 	-0.119796 	0.0169553 	
0.375	3.11908 	-0.381368 	-1.95145 	-0.00334428 	-0.119887 	0.0169559 	
0.38	3.11996 	-0.382023 	-1.95236 	-0.00336019 	-0.119985 	0.016972 	
0.385	3.12151 	-0.376682 	-1.95601 	-0.00313201 	-0.120172 	0.0170177 	
0.39	3.12292 	-0.37567 	-1.95847 	-0.00308001 	-0.120335 	0.0170441 	
0.395	3.12428 	-0.375141 	-1.96093 	-0.00304417 	-0.120496 	0.0170712 	
0.4	3.12564 	-0.374956 	-1.9634 	-0.00301914 	-0.120658 	0.0171003 	
0.405	3.12701 	-0.375007 	-1.96587 	-0.00300096 	-0.12082 	0.0171321 	
0.41	3.12988 	-0.375663 	-1.96117 	-0.00312045 	-0.120905 	0.0170131 	
0.415	3.13087 	-0.376064 	-1.96088 	-0.00315187 	-0.120999 	0.0169913 	
0.42	3.13181 	-0.376471 	-1.96122 	-0.00317186 	-0.121098 	0.0169867 	
0.425	3.13302 	-0.372361 	-1.9675 	-0.00295008 	-0.121321 	0.017088 	
0.43	3.13466 	-0.371637 	-1.97077 	-0.0028977 	-0.12151 	0.0171314 	
0.435	3.13624 	-0.371326 	-1.9738 	-0.00286135 	-0.121693 	0.0171714 	
0.44	3.13777 	-0.371304 	-1.97665 	-0.00283585 	-0.121873 	0.0172101 	
0.445	3.14079 	-0.370977 	-1.97159 	-0.00292938 	-0.121964 	0.0170709 	
0.45	3.14183 	-0.371126 	-1.9712 	-0.00295629 	-0.122068 	0.0170395 	
0.455	3.14282 	-0.371389 	-1.97146 	-0.00297599 	-0.122176 	0.0170254 	
0.46	3.14395 	-0.36834 	-1.97803 	-0.00278934 	-0.122406 	0.0171297 	
0.465	3.14565 	-0.367889 	-1.98134 	-0.00274625 	-0.122601 	0.0171728 	
0.47	3.14728 	-0.367781 	-1.98439 	-0.00271687 	-0.122791 	0.0172127 	
0.475	3.14887 	-0.367907 	-1.98723 	-0.00269658 	-0.122978 	0.0172516 	
0.48	3.15197 	-0.366219 	-1.98241 	-0.00274175 	-0.123083 	0.017103 	
0.485	3.15311 	-0.366076 	-1.98208 	-0.00276152 	-0.123199 	0.0170646 	
0.49	3.15421 	-0.366165 	-1.98234 	-0.00277891 	-0.123321 	0.0170434 	
0.495	3.15532 	-0.364171 	-1.98906 	-0.00262949 	-0.123556 	0.017149 	
0.5	3.1571 	-0.363981 	-1.99241 	-0.00259587 	-0.123759 	0.0171917 	
0.505	3.15879 	-0.364066 	-1.99547 	-0.00257364 	-0.123956 	0.0172316 	
0.51	3.16045 	-0.364336 	-1.99829 	-0.00255873 	-0.124149 	0.0172708 	
0.515	3.16364 	-0.361335 	-1.99384 	-0.00255652 	-0.12427 	0.0171134 	
0.52	3.1649 	-0.36091 	-1.9936 	-0.00256921 	-0.124401 	0.0170687 	
0.525	3.1661 	-0.360831 	-1.99391 	-0.00258421 	-0.124536 	0.0170409 	
0.53	3.16732 	-0.360988 	-1.99469 	-0.00259876 	-0.124676 	0.017028 	
0.535	3.16898 	-0.358954 	-2.00339 	-0.00242616 	-0.124965 	0.0171682 	
0.54	3.17114 	-0.358818 	-2.00759 	-0.00238597 	-0.125202 	0.017225 	
0.545	3.1731 	-0.35897 	-2.01121 	-0.00236051 	-0.125425 	0.0172737 	
0.55	3.17605 	-0.356989 	-2.00656 	-0.00239712 	-0.125547 	0.017116 	
0.555	3.17728 	-0.356823 	-2.00643 	-0.00241694 	-0.125687 	0.0170748 	
0.56	3.17851 	-0.356936 	-2.00682 	-0.00243681 	-0.12583 	0.0170503 	
0.565	3.17979 	-0.357233 	-2.00764 	-0.00245469 	-0.125977 	0.0170404 	
0.57	3.18168 	-0.353827 	-2.01564 	-0.00225421 	-0.126277 	0.0171391 	
0.575	3.18386 	-0.353398 	-2.01953 	-0.00221347 	-0.12652 	0.0171776 	
0.58	3.18584 	-0.353372 	-2.0229 	-0.00219031 	-0.126749 	0.0172105 	
0.585	3.1877 	-0.353622 	-2.02587 	-0.00217889 	-0.126968 	0.0172408 	
0.59	3.19102 	-0.351608 	-2.02037 	-0.00223189 	-0.127088 	0.0170589 	
0.595	3.1923 	-0.351475 	-2.01969 	-0.00226282 	-0.127223 	0.0170029 	
0.6	3.19355 	-0.351627 	-2.01964 	-0.0022922 	-0.127362 	0.0169662 	
0.605	3.19501 	-0.349331 	-2.0284 	-0.00211625 	-0.12766 	0.0170846 	
0.61	3.19716 	-0.34919 	-2.03231 	-0.00208487 	-0.127903 	0.0171233 	
0.615	3.19912 	-0.349374 	-2.03566 	-0.00206857 	-0.128133 	0.0171568 	
0.62	3.20096 	-0.349778 	-2.0386 	-0.00206213 	-0.128353 	0.0171879 	
0.625	3.20426 	-0.346228 	-2.03382 	-0.00205776 	-0.128491 	0.0169939 	
0.63	3.20562 	-0.345758 	-2.03335 	-0.00207883 	-0.12864 	0.0169309 	
0.635	3.20694 	-0.345702 	-2.03344 	-0.00210395 	-0.128792 	0.0168869 	
0.64	3.20832 	-0.344628 	-2.04175 	-0.00197684 	-0.129083 	0.0170012 	
0.645	3.21044 	-0.344781 	-2.04551 	-0.0019578 	-0.129326 	0.0170373 	
0.65	3.21239 	-0.345183 	-2.04874 	-0.00195067 	-0.129556 	0.0170693 	
0.655	3.21424 	-0.345745 	-2.05157 	-0.00195099 	-0.129777 	0.0170999 	
0.66	3.21756 	-0.34073 	-2.04768 	-0.00189067 	-0.129936 	0.016895 	
0.665	3.21904 	-0.339943 	-2.04748 	-0.00190259 	-0.130101 	0.0168254 	
0.67	3.22047 	-0.339695 	-2.04773 	-0.00192386 	-0.130268 	0.0167746 	
0.675	3.2219 	-0.339822 	-2.04837 	-0.00194954 	-0.130437 	0.0167406 	
0.68	3.22385 	-0.339032 	-2.05883 	-0.00180829 	-0.13078 	0.0168923 	
0.685	3.22633 	-0.339363 	-2.06349 	-0.00178557 	-0.131053 	0.0169446 	
0.69	3.2285 	-0.339914 	-2.06731 	-0.00177696 	-0.131307 	0.0169874 	
0.695	3.23163 	-0.33606 	-2.06274 	-0.00176426 	-0.13146 	0.0167819 	
0.7	3.23303 	-0.335597 	-2.0625 	-0.00178623 	-0.131628 	0.0167162 	
0.705	3.23442 	-0.335582 	-2.06271 	-0.00181423 	-0.131798 	0.0166692 	
0.71	3.23583 	-0.335875 	-2.0633 	-0.00184431 	-0.131969 	0.0166386 	
0.715	3.23796 	-0.333283 	-2.07341 	-0.00166154 	-0.132327 	0.0167396 	
0.72	3.24044 	-0.333206 	-2.07787 	-0.00163535 	-0.132607 	0.0167703 	
0.725	3.24259 	-0.333497 	-2.08149 	-0.0016272 	-0.132866 	0.0167946 	
0.73	3.24537 	-0.331146 	-2.0774 	-0.00165396 	-0.13302 	0.0166184 	
0.735	3.24675 	-0.331033 	-2.07729 	-0.0016846 	-0.133192 	0.0165603 	
0.74	3.24816 	-0.331273 	-2.0776 	-0.00171825 	-0.133365 	0.0165199 	
0.745	3.24985 	-0.32877 	-2.08488 	-0.00157884 	-0.13367 	0.0165568 	
0.75	3.25198 	-0.328703 	-2.08818 	-0.00156908 	-0.133923 	0.0165608 	
0.755	3.25392 	-0.329004 	-2.09099 	-0.00157351 	-0.134162 	0.016566 	
0.76	3.25576 	-0.329555 	-2.09343 	-0.00158678 	-0.13439 	0.0165738 	
0.765	3.25754 	-0.330264 	-2.09562 	-0.00160495 	-0.134611 	0.016585 	
0.77	3.26077 	-0.323607 	-2.09369 	-0.00147937 	-0.134811 	0.0163565 	
0.775	3.26247 	-0.322499 	-2.09393 	-0.00148559 	-0.135004 	0.0162705 	
0.78	3.26408 	-0.322086 	-2.09444 	-0.00150779 	-0.135197 	0.0162048 	
0.785	3.26566 	-0.322167 	-2.09519 	-0.00153915 	-0.135388 	0.0161566 	
0.79	3.26751 	-0.322711 	-2.10528 	-0.00145612 	-0.135732 	0.0162934 	
0.795	3.26995 	-0.323478 	-2.10974 	-0.00145554 	-0.136011 	0.0163349 	
0.8	3.27207 	-0.324378 	-2.11332 	-0.00146543 	-0.136268 	0.0163692 	
0.805	3.27524 	-0.318796 	-2.10998 	-0.00139298 	-0.136455 	0.016132 	
0.81	3.2768 	-0.31804 	-2.11001 	-0.00141137 	-0.136646 	0.0160502 	
0.815	3.2783 	-0.317877 	-2.11035 	-0.00144165 	-0.136836 	0.0159884 	
0.82	3.27981 	-0.318131 	-2.11096 	-0.00147817 	-0.137025 	0.015944 	
0.825	3.28182 	-0.316538 	-2.12107 	-0.00134202 	-0.137389 	0.0160237 	
0.83	3.28425 	-0.316802 	-2.12542 	-0.00133515 	-0.137676 	0.0160416 	
0.835	3.28633 	-0.317372 	-2.12887 	-0.00134366 	-0.13794 	0.0160557 	
0.84	3.28915 	-0.313626 	-2.12562 	-0.00132375 	-0.13812 	0.0158529 	
0.845	3.29062 	-0.313287 	-2.12565 	-0.0013535 	-0.13831 	0.0157798 	
0.85	3.29209 	-0.313424 	-2.12599 	-0.0013911 	-0.138499 	0.0157256 	
0.855	3.29358 	-0.313889 	-2.1266 	-0.00143207 	-0.138687 	0.0156879 	
0.86	3.29581 	-0.310258 	-2.13681 	-0.00124511 	-0.139068 	0.0157097 	
0.865	3.29826 	-0.310054 	-2.14111 	-0.00123186 	-0.139361 	0.0157052 	
0.87	3.30033 	-0.310319 	-2.14448 	-0.00123871 	-0.13963 	0.0157005 	
0.875	3.30218 	-0.310906 	-2.1472 	-0.00125861 	-0.13988 	0.0156975 	
0.88	3.30523 	-0.307038 	-2.14288 	-0.00125199 	-0.140045 	0.0154673 	
0.885	3.30665 	-0.306679 	-2.14229 	-0.00129088 	-0.140222 	0.0153792 	
0.89	3.30805 	-0.306815 	-2.14213 	-0.00133643 	-0.140399 	0.0153132 	
0.895	3.30964 	-0.304873 	-2.15212 	-0.00120063 	-0.140756 	0.0153605 	
0.9	3.31187 	-0.305052 	-2.15612 	-0.00120151 	-0.141036 	0.015358 	
0.905	3.3138 	-0.305592 	-2.15927 	-0.00121813 	-0.141294 	0.015356 	
0.91	3.31555 	-0.306374 	-2.16182 	-0.00124454 	-0.141536 	0.0153561 	
0.915	3.31859 	-0.300579 	-2.15898 	-0.00116853 	-0.141725 	0.0150949 	
0.92	3.32009 	-0.299785 	-2.15883 	-0.00119485 	-0.141917 	0.0149947 	
0.925	3.32154 	-0.299638 	-2.15896 	-0.00123428 	-0.142106 	0.0149177 	
0.93	3.32288 	-0.299303 	-2.16759 	-0.00116375 	-0.142435 	0.014972 	
0.935	3.32493 	-0.299845 	-2.17116 	-0.00118014 	-0.142703 	0.0149698 	
0.94	3.32674 	-0.300648 	-2.174 	-0.00120763 	-0.142951 	0.0149692 	
0.945	3.32842 	-0.301615 	-2.17633 	-0.00124142 	-0.143186 	0.0149714 	
0.95	3.3315 	-0.294044 	-2.17504 	-0.00110128 	-0.143401 	0.0146796 	
0.955	3.33313 	-0.29285 	-2.17534 	-0.00111638 	-0.143607 	0.0145677 	
0.96	3.33464 	-0.292444 	-2.17575 	-0.00115041 	-0.143809 	0.0144803 	
0.965	3.3361 	-0.2926 	-2.17631 	-0.00119563 	-0.144008 	0.0144136 	
0.97	3.33765 	-0.292936 	-2.18649 	-0.00113098 	-0.144365 	0.0144998 	
0.975	3.33982 	-0.293784 	-2.1907 	-0.00114996 	-0.144647 	0.0145129 	
0.98	3.34167 	-0.294811 	-2.19396 	-0.00117944 	-0.144906 	0.0145238 	
0.985	3.34461 	-0.288732 	-2.19133 	-0.00109694 	-0.145102 	0.0142475 	
0.99	3.34606 	-0.28796 	-2.19136 	-0.00112494 	-0.1453 	0.0141451 	
0.995	3.34745 	-0.287851 	-2.19158 	-0.00116701 	-0.145495 	0.0140661 	
1	3.34883 	-0.288208 	-2.19198 	-0.00121678 	-0.145688 	0.0140068 	
1.005	3.35051 	-0.286132 	-2.20248 	-0.00109188 	-0.146062 	0.0140215 	
1.01	3.35266 	-0.286393 	-2.20668 	-0.00110183 	-0.14635 	0.0140082 	
1.015	3.35446 	-0.287023 	-2.20987 	-0.00112768 	-0.146612 	0.0139973 	
1.02	3.35604 	-0.2879 	-2.21235 	-0.00116332 	-0.146855 	0.0139899 	
1.025	3.35927 	-0.281339 	-2.20862 	-0.00108276 	-0.147031 	0.0136769 	
1.03	3.36067 	-0.280392 	-2.20799 	-0.00111547 	-0.147213 	0.0135557 	
1.035	3.36198 	-0.28017 	-2.20768 	-0.00116277 	-0.147394 	0.0134614 	
1.04	3.36295 	-0.280174 	-2.21757 	-0.00110232 	-0.147737 	0.0135156 	
1.045	3.36483 	-0.280845 	-2.22135 	-0.00112755 	-0.148008 	0.0135069 	
1.05	3.36644 	-0.281769 	-2.22424 	-0.00116376 	-0.148256 	0.0135007 	
1.055	3.36897 	-0.276478 	-2.22253 	-0.00109536 	-0.148456 	0.013246 	
1.06	3.37031 	-0.275923 	-2.22278 	-0.00112883 	-0.148655 	0.0131481 	
1.065	3.37159 	-0.275982 	-2.22313 	-0.0011752 	-0.148849 	0.0130729 	
1.07	3.37288 	-0.27647 	-2.2236 	-0.00122848 	-0.149039 	0.0130168 	
1.075	3.37439 	-0.273241 	-2.23287 	-0.00109771 	-0.14939 	0.0129609 	
1.08	3.3763 	-0.273232 	-2.23655 	-0.00111201 	-0.149664 	0.0129221 	
1.085	3.37789 	-0.273687 	-2.23933 	-0.00114308 	-0.149914 	0.0128917 	
1.09	3.37931 	-0.274461 	-2.24149 	-0.00118448 	-0.150147 	0.0128692 	
1.095	3.38201 	-0.269031 	-2.23894 	-0.00112322 	-0.150329 	0.0125932 	
1.1	3.38331 	-0.268392 	-2.23868 	-0.00116124 	-0.150513 	0.0124833 	
1.105	3.38456 	-0.268398 	-2.23863 	-0.00121182 	-0.150694 	0.0123988 	
1.11	3.3858 	-0.268855 	-2.2388 	-0.00126893 	-0.150874 	0.0123354 	
1.115	3.38726 	-0.266006 	-2.25081 	-0.00112528 	-0.151264 	0.0123161 	
1.12	3.38927 	-0.266124 	-2.25536 	-0.00113671 	-0.151554 	0.0122883 	
1.125	3.39085 	-0.266677 	-2.2587 	-0.00116611 	-0.151814 	0.0122657 	
1.13	3.39347 	-0.263162 	-2.25447 	-0.00117369 	-0.151969 	0.0120208 	
1.135	3.39455 	-0.262972 	-2.25387 	-0.00122449 	-0.152141 	0.0119233 	
1.14	3.39564 	-0.26329 	-2.25358 	-0.00128278 	-0.152311 	0.0118493 	
1.145	3.39651 	-0.260417 	-2.26206 	-0.00117488 	-0.152629 	0.0117805 	
1.15	3.39808 	-0.260459 	-2.2652 	-0.00119803 	-0.15288 	0.0117319 	
1.155	3.39941 	-0.260957 	-2.26757 	-0.00123593 	-0.153112 	0.0116948 	
1.16	3.40062 	-0.261768 	-2.26942 	-0.00128263 	-0.153328 	0.0116678 	
1.165	3.40297 	-0.255928 	-2.26831 	-0.00119964 	-0.153519 	0.0113851 	
1.17	3.4042 	-0.255206 	-2.26845 	-0.0012341 	-0.153705 	0.0112727 	
1.175	3.40535 	-0.255163 	-2.26867 	-0.00128295 	-0.153887 	0.0111863 	
1.18	3.40649 	-0.255598 	-2.269 	-0.00133974 	-0.154065 	0.0111213 	
1.185	3.40749 	-0.253053 	-2.27852 	-0.00123565 	-0.154401 	0.0110675 	
1.19	3.4091 	-0.253232 	-2.28218 	-0.00125891 	-0.154661 	0.0110278 	
1.195	3.41043 	-0.25383 	-2.2849 	-0.00129683 	-0.154896 	0.0109975 	
1.2	3.41159 	-0.254714 	-2.28696 	-0.00134352 	-0.155115 	0.0109759 	
1.205	3.41447 	-0.248181 	-2.28386 	-0.001265 	-0.155276 	0.010642 	
1.21	3.41564 	-0.247268 	-2.28327 	-0.00130257 	-0.155443 	0.010513 	
1.215	3.41672 	-0.247091 	-2.28293 	-0.00135472 	-0.155609 	0.0104135 	
1.22	3.41704 	-0.246766 	-2.29167 	-0.00131501 	-0.155911 	0.0104172 	
1.225	3.41839 	-0.247374 	-2.29488 	-0.00135181 	-0.156151 	0.0103883 	
1.23	3.41953 	-0.248275 	-2.29729 	-0.00139821 	-0.156372 	0.0103677 	
1.235	3.42174 	-0.242998 	-2.29589 	-0.00133512 	-0.156551 	0.0100914 	
1.24	3.4228 	-0.242456 	-2.29604 	-0.00137397 	-0.156728 	0.00998503 	
1.245	3.4238 	-0.242538 	-2.29626 	-0.00142536 	-0.156902 	0.00990399 	
1.25	3.4248 	-0.243058 	-2.29657 	-0.00148346 	-0.157071 	0.00984384 	
1.255	3.42559 	-0.239513 	-2.30474 	-0.00137474 	-0.157374 	0.00972943 	
1.26	3.42693 	-0.239421 	-2.30786 	-0.00139948 	-0.157612 	0.00966982 	
1.265	3.42804 	-0.239828 	-2.31017 	-0.0014393 	-0.15783 	0.00962483 	
1.27	3.42903 	-0.24058 	-2.31193 	-0.00148816 	-0.158033 	0.00959229 	
1.275	3.43139 	-0.235288 	-2.30965 	-0.00143348 	-0.158191 	0.00930211 	
1.28	3.43243 	-0.234685 	-2.30932 	-0.00147519 	-0.158352 	0.00918807 	
1.285	3.43339 	-0.234721 	-2.30918 	-0.00152879 	-0.158511 	0.0091013 	
1.29	3.43434 	-0.235206 	-2.30923 	-0.00158852 	-0.158667 	0.00903695 	
1.295	3.43486 	-0.232024 	-2.31958 	-0.00147241 	-0.158994 	0.00895405 	
1.3	3.4362 	-0.232033 	-2.32338 	-0.00149442 	-0.15924 	0.00890478 	
1.305	3.43723 	-0.23251 	-2.32615 	-0.00153194 	-0.159462 	0.00886784 	
1.31	3.4381 	-0.233311 	-2.3282 	-0.00157891 	-0.159665 	0.00884157 	
1.315	3.44119 	-0.22764 	-2.32339 	-0.00153907 	-0.159788 	0.0085075 	
1.32	3.44217 	-0.226915 	-2.32218 	-0.0015849 	-0.159924 	0.00838033 	
1.325	3.44305 	-0.226857 	-2.32136 	-0.00164184 	-0.160061 	0.0082832 	
1.33	3.44276 	-0.225816 	-2.33099 	-0.00158316 	-0.160352 	0.00826592 	
1.335	3.44379 	-0.22625 	-2.33431 	-0.0016169 	-0.160576 	0.00823054 	
1.34	3.44461 	-0.227022 	-2.33677 	-0.00166123 	-0.160779 	0.00820552 	
1.345	3.4468 	-0.222374 	-2.33399 	-0.00162741 	-0.160918 	0.00792699 	
1.35	3.4476 	-0.221938 	-2.33365 	-0.00167142 	-0.161066 	0.00782131 	
1.355	3.44835 	-0.222082 	-2.3335 	-0.00172545 	-0.161212 	0.00774185 	
1.36	3.4491 	-0.222631 	-2.33354 	-0.00178437 	-0.161356 	0.00768386 	
1.365	3.44934 	-0.218688 	-2.34197 	-0.00167095 	-0.161634 	0.0075474 	
1.37	3.45033 	-0.218467 	-2.34505 	-0.00169416 	-0.16185 	0.00748198 	
1.375	3.45111 	-0.218771 	-2.34731 	-0.00173243 	-0.162047 	0.00743351 	
1.38	3.45179 	-0.219442 	-2.34902 	-0.00177986 	-0.16223 	0.0073991 	
1.385	3.45429 	-0.214939 	-2.34525 	-0.00175773 	-0.162349 	0.00711396 	
1.39	3.45512 	-0.214492 	-2.34439 	-0.00180473 	-0.162479 	0.00700431 	
1.395	3.45588 	-0.214619 	-2.34386 	-0.00186041 	-0.162609 	0.00692207 	
1.4	3.45662 	-0.215144 	-2.34364 	-0.00191998 	-0.162738 	0.00686227 	
1.405	3.4565 	-0.211384 	-2.35456 	-0.00179212 	-0.163043 	0.00675656 	
1.41	3.45747 	-0.21121 	-2.35845 	-0.00181013 	-0.163267 	0.00670176 	
1.415	3.45815 	-0.211542 	-2.36125 	-0.00184411 	-0.163468 	0.00666161 	
1.42	3.46071 	-0.209103 	-2.35597 	-0.00188378 	-0.163564 	0.00643256 	
1.425	3.46136 	-0.209109 	-2.35487 	-0.00193979 	-0.163681 	0.00634252 	
1.43	3.46198 	-0.209542 	-2.35419 	-0.00199972 	-0.163798 	0.00627657 	
1.435	3.46159 	-0.206161 	-2.36146 	-0.00190797 	-0.164031 	0.00615047 	
1.44	3.46225 	-0.206026 	-2.36395 	-0.00193494 	-0.164216 	0.00608761 	
1.445	3.46279 	-0.206373 	-2.36583 	-0.00197434 	-0.164387 	0.00604233 	
1.45	3.46328 	-0.207055 	-2.36729 	-0.00202102 	-0.164547 	0.00601146 	
1.455	3.46376 	-0.207961 	-2.36848 	-0.00207118 	-0.164699 	0.00599247 	
1.46	3.46645 	-0.200534 	-2.3657 	-0.00197222 	-0.164811 	0.0056056 	
1.465	3.46729 	-0.199313 	-2.36503 	-0.00200142 	-0.16493 	0.00546545 	
1.47	3.46797 	-0.19888 	-2.36457 	-0.00204601 	-0.165049 	0.00535906 	
1.475	3.46858 	-0.199011 	-2.36437 	-0.00209935 	-0.165168 	0.00528013 	
1.48	3.46772 	-0.199356 	-2.3737 	-0.00207716 	-0.165418 	0.00531583 	
1.485	3.46829 	-0.200178 	-2.37712 	-0.00211374 	-0.165609 	0.00530804 	
1.49	3.46872 	-0.201191 	-2.37967 	-0.00215656 	-0.165782 	0.00530652 	
1.495	3.47159 	-0.19532 	-2.37503 	-0.00210816 	-0.165873 	0.0049591 	
1.5	3.47225 	-0.19454 	-2.37407 	-0.00214543 	-0.16598 	0.00484014 	
1.505	3.47281 	-0.194401 	-2.37344 	-0.00219331 	-0.166088 	0.00475115 	
1.51	3.47331 	-0.194716 	-2.37313 	-0.00224659 	-0.166197 	0.00468658 	
1.515	3.47243 	-0.192935 	-2.38175 	-0.00218263 	-0.16643 	0.00463516 	
1.52	3.47287 	-0.193184 	-2.38486 	-0.00221003 	-0.166609 	0.00460094 	
1.525	3.47319 	-0.193782 	-2.38718 	-0.00224707 	-0.166771 	0.00457894 	
1.53	3.47572 	-0.19009 	-2.38255 	-0.00224675 	-0.166854 	0.0043144 	
1.535	3.47628 	-0.189781 	-2.38162 	-0.00229065 	-0.166953 	0.00421991 	
1.54	3.47676 	-0.18996 	-2.38107 	-0.00234067 	-0.167052 	0.00415107 	
1.545	3.4772 	-0.190478 	-2.38085 	-0.002393 	-0.167153 	0.00410315 	
1.55	3.47643 	-0.186837 	-2.38868 	-0.00229342 	-0.167366 	0.00397305 	
1.555	3.4768 	-0.186595 	-2.39152 	-0.00231233 	-0.167532 	0.00391662 	
1.56	3.47704 	-0.186832 	-2.39366 	-0.00234379 	-0.167684 	0.0038775 	
1.565	3.47724 	-0.187406 	-2.39532 	-0.00238286 	-0.167826 	0.00385243 	
1.57	3.48046 	-0.18397 	-2.38951 	-0.00239677 	-0.167891 	0.00358541 	
1.575	3.48115 	-0.183693 	-2.38803 	-0.00244303 	-0.167971 	0.00349044 	
1.58	3.48168 	-0.183873 	-2.38708 	-0.00249354 	-0.168053 	0.00342153 	
1.585	3.48213 	-0.184371 	-2.3866 	-0.00254499 	-0.168136 	0.00337393 	
1.59	3.48076 	-0.180881 	-2.39721 	-0.00242675 	-0.168373 	0.00328169 	
1.595	3.48101 	-0.180667 	-2.40094 	-0.00243808 	-0.168546 	0.00323885 	
1.6	3.48109 	-0.180912 	-2.4037 	-0.00246307 	-0.1687 	0.00321042 	
1.605	3.48437 	-0.179336 	-2.39672 	-0.00252704 	-0.168747 	0.00300228 	
1.61	3.48488 	-0.179457 	-2.39514 	-0.00257872 	-0.168816 	0.00292838 	
1.615	3.48527 	-0.179901 	-2.39415 	-0.00263068 	-0.168887 	0.00287689 	
1.62	3.48559 	-0.180562 	-2.39365 	-0.00268088 	-0.16896 	0.00284373 	
1.625	3.48422 	-0.175627 	-2.40289 	-0.00253949 	-0.169166 	0.00268362 	
1.63	3.48431 	-0.175017 	-2.40611 	-0.00254476 	-0.169319 	0.00262208 	
1.635	3.48427 	-0.174968 	-2.40852 	-0.00256542 	-0.169458 	0.00257946 	
1.64	3.48717 	-0.174992 	-2.40211 	-0.00265836 	-0.169502 	0.00244155 	
1.645	3.48758 	-0.175458 	-2.40073 	-0.00271249 	-0.169565 	0.00238924 	
1.65	3.48789 	-0.176128 	-2.39993 	-0.00276383 	-0.16963 	0.00235564 	
1.655	3.48814 	-0.176928 	-2.3996 	-0.00281137 	-0.169698 	0.00233728 	
1.66	3.48694 	-0.170834 	-2.40744 	-0.00265312 	-0.169874 	0.00212006 	
1.665	3.48696 	-0.169902 	-2.41023 	-0.00265299 	-0.17001 	0.002044 	
1.67	3.48686 	-0.169608 	-2.41235 	-0.00266956 	-0.170135 	0.00199045 	
1.675	3.48673 	-0.169775 	-2.41402 	-0.00269701 	-0.170253 	0.00195487 	
1.68	3.49062 	-0.170743 	-2.40645 	-0.00282086 	-0.170288 	0.0018394 	
1.685	3.49129 	-0.1715 	-2.40454 	-0.00288159 	-0.170334 	0.00179923 	
1.69	3.49172 	-0.17234 	-2.40335 	-0.00293488 	-0.170381 	0.001776 	
1.695	3.48973 	-0.167479 	-2.41134 	-0.00279455 	-0.170537 	0.00162398 	
1.7	3.48955 	-0.166876 	-2.41398 	-0.0027965 	-0.170655 	0.00157028 	
1.705	3.48931 	-0.166793 	-2.41606 	-0.00281201 	-0.170766 	0.00153483 	
1.71	3.48907 	-0.167081 	-2.41774 	-0.00283625 	-0.170871 	0.001514 	
1.715	3.493 	-0.166571 	-2.41053 	-0.00292162 	-0.170903 	0.00134802 	
1.72	3.49363 	-0.166918 	-2.40877 	-0.00297096 	-0.170944 	0.00129503 	
1.725	3.49399 	-0.167453 	-2.40768 	-0.00301629 	-0.170986 	0.00126148 	
1.73	3.49187 	-0.164276 	-2.41475 	-0.00291615 	-0.171117 	0.0011736 	
1.735	3.49156 	-0.164027 	-2.41716 	-0.00292259 	-0.17122 	0.00114002 	
1.74	3.49123 	-0.164175 	-2.41913 	-0.00293906 	-0.171318 	0.00112092 	
1.745	3.49093 	-0.164604 	-2.42079 	-0.00296176 	-0.171412 	0.00111347 	
1.75	3.49496 	-0.162887 	-2.4139 	-0.00301601 	-0.171441 	0.000905339 	
1.755	3.49559 	-0.162908 	-2.41226 	-0.00305621 	-0.171477 	0.000842139 	
1.76	3.49592 	-0.163198 	-2.41126 	-0.00309495 	-0.171514 	0.000800451 	
1.765	3.49608 	-0.163673 	-2.41081 	-0.00313104 	-0.171553 	0.00077636 	
1.77	3.49374 	-0.160673 	-2.4193 	-0.00302231 	-0.171697 	0.000715941 	
1.775	3.49329 	-0.160438 	-2.42243 	-0.00302127 	-0.171804 	0.000695509 	
1.78	3.49281 	-0.160582 	-2.4249 	-0.00303127 	-0.171904 	0.000686744 	
1.785	3.49679 	-0.160315 	-2.41754 	-0.00311934 	-0.171922 	0.000532092 	
1.79	3.49726 	-0.160634 	-2.41599 	-0.00316132 	-0.171952 	0.000488273 	
1.795	3.49746 	-0.161116 	-2.4151 	-0.00319908 	-0.171983 	0.000462628 	
1.8	3.4975 	-0.161706 	-2.41475 	-0.0032324 	-0.172016 	0.000451789 	
1.805	3.49744 	-0.162364 	-2.41485 	-0.00326133 	-0.172052 	0.000452919 	
1.81	3.49551 	-0.156974 	-2.42223 	-0.00310924 	-0.172177 	0.000283589 	
1.815	3.495 	-0.156074 	-2.42509 	-0.0030958 	-0.172273 	0.000233662 	
1.82	3.49444 	-0.15573 	-2.42738 	-0.00309752 	-0.172363 	0.000201969 	
1.825	3.49851 	-0.158356 	-2.4199 	-0.00324903 	-0.172376 	0.000161388 	
1.83	3.49898 	-0.159315 	-2.41837 	-0.00329961 	-0.172398 	0.000151963 	
1.835	3.49916 	-0.16022 	-2.41754 	-0.00333967 	-0.172419 	0.000154818 	
1.84	3.49916 	-0.161074 	-2.41727 	-0.00337101 	-0.172443 	0.00016758 	
1.845	3.49723 	-0.155122 	-2.4233 	-0.00321101 	-0.172536 	-2.97625e-05 	
1.85	3.49663 	-0.154077 	-2.42561 	-0.00319429 	-0.172612 	-8.45805e-05 	
1.855	3.49602 	-0.153604 	-2.42753 	-0.00319244 	-0.172685 	-0.000119628 	
1.86	3.49945 	-0.156913 	-2.42121 	-0.00334515 	-0.172695 	-0.000112634 	
1.865	3.49978 	-0.158002 	-2.42007 	-0.00339157 	-0.172713 	-0.000105716 	
1.87	3.49984 	-0.158979 	-2.41956 	-0.00342668 	-0.172732 	-8.93238e-05 	
1.875	3.49974 	-0.159862 	-2.41957 	-0.0034527 	-0.172753 	-6.53907e-05 	
1.88	3.49839 	-0.153836 	-2.42356 	-0.00330347 	-0.172818 	-0.000283836 	
1.885	3.49782 	-0.152731 	-2.42528 	-0.00328597 	-0.172874 	-0.000341101 	
1.89	3.49723 	-0.15219 	-2.42683 	-0.00328218 	-0.172932 	-0.000377628 	
1.895	3.50004 	-0.155981 	-2.42178 	-0.00343089 	-0.172941 	-0.000329412 	
1.9	3.50025 	-0.157161 	-2.42105 	-0.00347253 	-0.172957 	-0.000307953 	
1.905	3.50021 	-0.158183 	-2.42089 	-0.00350241 	-0.172973 	-0.000279563 	
1.91	3.50003 	-0.159079 	-2.42118 	-0.00352308 	-0.172993 	-0.000245763 	
1.915	3.49974 	-0.159874 	-2.42182 	-0.00353656 	-0.173015 	-0.000207799 	
1.92	3.49961 	-0.152207 	-2.42357 	-0.00337 	-0.173055 	-0.00052219 	
1.925	3.4992 	-0.15056 	-2.4247 	-0.00334472 	-0.173095 	-0.000607893 	
1.93	3.49867 	-0.149611 	-2.42582 	-0.00333576 	-0.173138 	-0.00066673 	
1.935	3.50079 	-0.155971 	-2.42212 	-0.00352624 	-0.173142 	-0.000494666 	
1.94	3.50086 	-0.157732 	-2.42184 	-0.00357182 	-0.173153 	-0.000435968 	
1.945	3.50071 	-0.15914 	-2.42204 	-0.00360103 	-0.173166 	-0.000376969 	
1.95	3.50042 	-0.160278 	-2.42264 	-0.00361796 	-0.173181 	-0.000318087 	
1.955	3.50083 	-0.152474 	-2.42305 	-0.00345438 	-0.173205 	-0.000645425 	
1.96	3.50048 	-0.150843 	-2.42373 	-0.00342813 	-0.173231 	-0.00072725 	
1.965	3.49996 	-0.149875 	-2.42454 	-0.00341668 	-0.173261 	-0.000782724 	
1.97	3.50146 	-0.156226 	-2.42194 	-0.00359266 	-0.173262 	-0.000588319 	
1.975	3.50135 	-0.157949 	-2.42198 	-0.00363097 	-0.173269 	-0.000520424 	
1.98	3.50106 	-0.15931 	-2.42246 	-0.00365356 	-0.173278 	-0.000453905 	
1.985	3.50063 	-0.160396 	-2.42327 	-0.00366452 	-0.17329 	-0.000388886 	
1.99	3.50192 	-0.153271 	-2.42203 	-0.00352712 	-0.173301 	-0.000705267 	
1.995	3.50169 	-0.151769 	-2.42225 	-0.00350298 	-0.173314 	-0.000780011 	
2	3.50122 	-0.150862 	-2.42273 	-0.00349103 	-0.17333 	-0.000829593 	
2.005	3.50061 	-0.1504 	-2.42346 	-0.00348725 	-0.173349 	-0.000858937 	
2.01	3.50249 	-0.158417 	-2.42093 	-0.00369862 	-0.173338 	-0.000598996 	
2.015	3.50247 	-0.16072 	-2.42107 	-0.00374269 	-0.173332 	-0.000497321 	
2.02	3.5022 	-0.162448 	-2.42163 	-0.00376505 	-0.173331 	-0.000402702 	
2.025	3.50211 	-0.154845 	-2.42237 	-0.0035985 	-0.173345 	-0.000705704 	
2.03	3.50159 	-0.153362 	-2.42321 	-0.00356618 	-0.173362 	-0.000764306 	
2.035	3.50098 	-0.15244 	-2.42422 	-0.00354612 	-0.173383 	-0.000800627 	
2.04	3.50032 	-0.15194 	-2.42539 	-0.00353464 	-0.173408 	-0.000819221 	
2.045	3.502 	-0.158682 	-2.42301 	-0.00372462 	-0.173404 	-0.000615444 	
2.05	3.50197 	-0.160567 	-2.42334 	-0.00376016 	-0.173407 	-0.000529405 	
2.055	3.50177 	-0.161979 	-2.42408 	-0.00377646 	-0.173414 	-0.000447408 	
2.06	3.50107 	-0.155345 	-2.42627 	-0.00361975 	-0.173445 	-0.000692358 	
2.065	3.50054 	-0.154029 	-2.42773 	-0.00358572 	-0.173477 	-0.000734754 	
2.07	3.49999 	-0.153213 	-2.42924 	-0.00356299 	-0.173513 	-0.000757944 	
2.075	3.49945 	-0.152777 	-2.43079 	-0.00354837 	-0.173552 	-0.000765983 	
2.08	3.49894 	-0.152626 	-2.4324 	-0.00353946 	-0.173595 	-0.000762085 	
2.085	3.50122 	-0.15913 	-2.42942 	-0.0037539 	-0.173603 	-0.000608386 	
2.09	3.50149 	-0.160989 	-2.42966 	-0.00379464 	-0.173617 	-0.000529995 	
2.095	3.50157 	-0.162346 	-2.43035 	-0.00381289 	-0.173634 	-0.000453317 	
2.1	3.50006 	-0.155119 	-2.43525 	-0.003609 	-0.173699 	-0.00066963 	
2.105	3.49956 	-0.153627 	-2.43763 	-0.00356245 	-0.173756 	-0.000705099 	
2.11	3.4991 	-0.152691 	-2.4398 	-0.00353087 	-0.173816 	-0.00072313 	
2.115	3.49868 	-0.152176 	-2.44183 	-0.00351029 	-0.173876 	-0.000727483 	
2.12	3.50064 	-0.158353 	-2.43919 	-0.0037275 	-0.173896 	-0.00059789 	
2.125	3.50092 	-0.159983 	-2.43964 	-0.00376537 	-0.173925 	-0.000530266 	
2.13	3.50109 	-0.161173 	-2.44048 	-0.00378196 	-0.173956 	-0.000462214 	
2.135	3.49961 	-0.154823 	-2.44599 	-0.00359065 	-0.174042 	-0.000632506 	
2.14	3.49927 	-0.153531 	-2.44865 	-0.0035456 	-0.174116 	-0.000654791 	
2.145	3.49898 	-0.152734 	-2.45102 	-0.00351431 	-0.174189 	-0.000662332 	
2.15	3.49873 	-0.152314 	-2.45319 	-0.00349321 	-0.174262 	-0.000658362 	
2.155	3.49855 	-0.152176 	-2.45522 	-0.00347955 	-0.174336 	-0.000645383 	
2.16	3.50038 	-0.158121 	-2.45303 	-0.00372644 	-0.174373 	-0.000570449 	
2.165	3.5008 	-0.159726 	-2.45358 	-0.00377192 	-0.174416 	-0.000513155 	
2.17	3.50114 	-0.160856 	-2.4545 	-0.00379202 	-0.174461 	-0.000452273 	
2.175	3.49955 	-0.153986 	-2.46153 	-0.00354692 	-0.17458 	-0.000580793 	
2.18	3.49936 	-0.152564 	-2.46472 	-0.00348903 	-0.174675 	-0.000593304 	
2.185	3.4992 	-0.151692 	-2.46745 	-0.00344935 	-0.174767 	-0.000594074 	
2.19	3.49909 	-0.151235 	-2.46985 	-0.00342321 	-0.174856 	-0.000585595 	
2.195	3.50049 	-0.156895 	-2.46843 	-0.00367506 	-0.174906 	-0.000535737 	
2.2	3.50086 	-0.158301 	-2.46928 	-0.00371814 	-0.174963 	-0.000488287 	
2.205	3.50121 	-0.159287 	-2.4704 	-0.00373687 	-0.175021 	-0.000435153 	
2.21	3.49987 	-0.153255 	-2.47725 	-0.00350764 	-0.175151 	-0.000526827 	
2.215	3.49982 	-0.152029 	-2.48044 	-0.00345253 	-0.175256 	-0.000528952 	
2.22	3.4998 	-0.151294 	-2.48315 	-0.00341423 	-0.175356 	-0.000521465 	
2.225	3.49983 	-0.150931 	-2.48553 	-0.00338847 	-0.175452 	-0.000506413 	
2.23	3.49992 	-0.150847 	-2.48768 	-0.00337189 	-0.175546 	-0.000485372 	
2.235	3.50072 	-0.156254 	-2.48788 	-0.00365858 	-0.175621 	-0.000497998 	
2.24	3.50109 	-0.157611 	-2.48914 	-0.00371071 	-0.175695 	-0.000464386 	
2.245	3.50148 	-0.158509 	-2.49051 	-0.0037334 	-0.175767 	-0.000420581 	
2.25	3.50044 	-0.152014 	-2.49729 	-0.00344216 	-0.175915 	-0.000456539 	
2.255	3.50052 	-0.150685 	-2.50053 	-0.00337277 	-0.176031 	-0.000445524 	
2.26	3.50063 	-0.149906 	-2.50326 	-0.00332555 	-0.17614 	-0.000429048 	
2.265	3.50079 	-0.149539 	-2.50563 	-0.00329478 	-0.176244 	-0.000408041 	
2.27	3.50119 	-0.154696 	-2.50695 	-0.00358828 	-0.176334 	-0.000446848 	
2.275	3.50151 	-0.15588 	-2.50858 	-0.00363814 	-0.17642 	-0.000422061 	
2.28	3.50187 	-0.156654 	-2.51018 	-0.00365951 	-0.176503 	-0.000385073 	
2.285	3.50111 	-0.150961 	-2.51619 	-0.00338812 	-0.17665 	-0.000393916 	
2.29	3.50127 	-0.14982 	-2.51921 	-0.00332268 	-0.176768 	-0.000375246 	
2.295	3.50147 	-0.149171 	-2.52176 	-0.00327767 	-0.176879 	-0.000352516 	
2.3	3.50171 	-0.148892 	-2.524 	-0.00324781 	-0.176984 	-0.000326377 	
2.305	3.50164 	-0.153159 	-2.52689 	-0.00351817 	-0.177093 	-0.000393852 	
2.31	3.50191 	-0.154111 	-2.52895 	-0.00356255 	-0.177192 	-0.000377436 	
2.315	3.50223 	-0.154717 	-2.53081 	-0.00358035 	-0.177286 	-0.000346963 	
2.32	3.5026 	-0.155083 	-2.53255 	-0.0035794 	-0.177377 	-0.000306648 	
2.325	3.50185 	-0.148439 	-2.53931 	-0.0032578 	-0.177549 	-0.000312298 	
2.33	3.50204 	-0.146974 	-2.54258 	-0.00317607 	-0.177681 	-0.000294446 	
2.335	3.50223 	-0.146144 	-2.54525 	-0.00312262 	-0.177803 	-0.000274117 	
2.34	3.50247 	-0.151202 	-2.54706 	-0.00341332 	-0.177903 	-0.000313866 	
2.345	3.50276 	-0.152245 	-2.54884 	-0.00345729 	-0.178 	-0.000291254 	
2.35	3.50311 	-0.152943 	-2.55048 	-0.00347602 	-0.178093 	-0.000256773 	
2.355	3.50352 	-0.153398 	-2.55205 	-0.00347688 	-0.178183 	-0.000214021 	
2.36	3.50243 	-0.147032 	-2.5599 	-0.00319368 	-0.178365 	-0.00025616 	
2.365	3.50255 	-0.145624 	-2.56341 	-0.00312136 	-0.178502 	-0.000247615 	
2.37	3.50268 	-0.144807 	-2.5662 	-0.00307334 	-0.178627 	-0.000233403 	
2.375	3.50283 	-0.144433 	-2.5685 	-0.00304324 	-0.178743 	-0.000214444 	
2.38	3.50325 	-0.150597 	-2.56975 	-0.00338846 	-0.178846 	-0.000247262 	
2.385	3.50359 	-0.152018 	-2.5712 	-0.00344951 	-0.178941 	-0.00021962 	
2.39	3.50397 	-0.152932 	-2.57259 	-0.00347671 	-0.17903 	-0.000179692 	
2.395	3.50299 	-0.146258 	-2.57931 	-0.00315609 	-0.179195 	-0.000193527 	
2.4	3.5031 	-0.144908 	-2.58239 	-0.00308049 	-0.179323 	-0.000176591 	
2.405	3.50324 	-0.144124 	-2.58488 	-0.00302922 	-0.179441 	-0.000155694 	
2.41	3.50342 	-0.143765 	-2.58697 	-0.00299595 	-0.179551 	-0.000131377 	
2.415	3.50333 	-0.148988 	-2.58956 	-0.00331532 	-0.179663 	-0.000192845 	
2.42	3.50356 	-0.150139 	-2.59136 	-0.0033688 	-0.179762 	-0.000173743 	
2.425	3.50383 	-0.150859 	-2.59295 	-0.00339094 	-0.179855 	-0.000140615 	
2.43	3.50319 	-0.145057 	-2.59808 	-0.00309493 	-0.180001 	-0.000129956 	
2.435	3.50331 	-0.14389 	-2.60067 	-0.00302328 	-0.180119 	-0.000106184 	
2.44	3.50347 	-0.143232 	-2.60282 	-0.00297406 	-0.180228 	-7.96022e-05 	
2.445	3.50368 	-0.142956 	-2.6047 	-0.00294146 	-0.180332 	-5.05337e-05 	
2.45	3.50321 	-0.147269 	-2.60833 	-0.00323464 	-0.180451 	-0.000138273 	
2.455	3.50334 	-0.148187 	-2.61039 	-0.00328203 	-0.180553 	-0.000127222 	
2.46	3.50351 	-0.148744 	-2.61214 	-0.00330036 	-0.180647 	-0.000100578 	
2.465	3.50374 	-0.149053 	-2.61369 	-0.00329826 	-0.180736 	-6.29865e-05 	
2.47	3.50319 	-0.142305 	-2.61858 	-0.00294869 	-0.180888 	-4.70964e-05 	
2.475	3.5033 	-0.140834 	-2.62107 	-0.00286019 	-0.181006 	-2.33726e-05 	
2.48	3.50342 	-0.140021 	-2.62315 	-0.00280264 	-0.181114 	1.34364e-06 	
2.485	3.50328 	-0.145142 	-2.62534 	-0.00311801 	-0.181212 	-5.96022e-05 	
2.49	3.50342 	-0.14617 	-2.62698 	-0.00316554 	-0.181303 	-4.24341e-05 	
2.495	3.50359 	-0.146839 	-2.62844 	-0.00318557 	-0.181387 	-1.20802e-05 	
2.5	3.50381 	-0.147256 	-2.6298 	-0.0031861 	-0.181469 	2.75627e-05 	
2.505	3.50298 	-0.14081 	-2.63496 	-0.00287878 	-0.181611 	3.85936e-06 	
2.51	3.50298 	-0.139415 	-2.63746 	-0.00280135 	-0.181723 	1.68093e-05 	
2.515	3.50299 	-0.138632 	-2.63952 	-0.0027506 	-0.181825 	3.41034e-05 	
2.52	3.50319 	-0.143473 	-2.6406 	-0.00302708 	-0.181908 	6.96523e-06 	
2.525	3.50332 	-0.144484 	-2.64188 	-0.00306806 	-0.181988 	3.09157e-05 	
2.53	3.5035 	-0.145169 	-2.64311 	-0.00308479 	-0.182064 	6.55154e-05 	
2.535	3.5037 	-0.145625 	-2.64433 	-0.0030843 	-0.182138 	0.000107628 	
2.54	3.50392 	-0.145925 	-2.64556 	-0.00307184 	-0.18221 	0.000154927 	
2.545	3.50266 	-0.138321 	-2.65187 	-0.00276295 	-0.182359 	5.03763e-05 	
2.55	3.5025 	-0.136555 	-2.65466 	-0.00268382 	-0.182471 	3.83709e-05 	
2.555	3.50233 	-0.135516 	-2.65689 	-0.00263344 	-0.182573 	3.61217e-05 	
2.56	3.5034 	-0.142113 	-2.65571 	-0.00294819 	-0.182631 	8.01374e-05 	
2.565	3.50363 	-0.143568 	-2.65634 	-0.00299863 	-0.182694 	0.000121479 	
2.57	3.50386 	-0.144578 	-2.65711 	-0.00302146 	-0.182755 	0.00016948 	
2.575	3.50407 	-0.145266 	-2.65803 	-0.00302454 	-0.182814 	0.000221978 	
2.58	3.50267 	-0.137399 	-2.6638 	-0.00272213 	-0.182942 	8.78368e-05 	
2.585	3.50241 	-0.135649 	-2.66631 	-0.00264853 	-0.18304 	6.86108e-05 	
2.59	3.50214 	-0.134601 	-2.66835 	-0.00260108 	-0.18313 	6.14195e-05 	
2.595	3.50342 	-0.140831 	-2.66666 	-0.00288008 	-0.183176 	0.000127497 	
2.6	3.50364 	-0.142221 	-2.6671 	-0.00292324 	-0.183228 	0.000172971 	
2.605	3.50381 	-0.143206 	-2.66775 	-0.00294197 	-0.183279 	0.000223484 	
2.61	3.50395 	-0.143898 	-2.66858 	-0.00294322 	-0.18333 	0.000277349 	
2.615	3.50275 	-0.138039 	-2.67059 	-0.00271682 	-0.183392 	0.000179815 	
2.62	3.50302 	-0.137573 	-2.67112 	-0.00267514 	-0.183447 	0.000205245 	
2.625	-1.78001 	2.66301 	9.57783 	-0.189994 	0.294366 	-0.0573442 	
2.63	-0.805226 	2.26023 	7.96488 	-0.171394 	0.22533 	-0.0368214 	
2.635	-0.82159 	2.29593 	8.3906 	-0.1832 	0.238966 	-0.0272527 	
2.64	-0.774089 	2.37589 	8.77783 	-0.193285 	0.249443 	-0.0211471 	
2.645	-1.08452 	2.07638 	9.43333 	-0.169387 	0.27633 	0.0113946 	
2.65	-1.19486 	2.05018 	9.90844 	-0.165594 	0.29261 	0.0141865 	
2.655	-1.26931 	1.86524 	10.2806 	-0.147829 	0.305754 	0.0146243 	
2.66	-0.838828 	1.59963 	11.3039 	-0.116513 	0.3257 	0.00669296 	
2.665	-0.915656 	1.53904 	11.1727 	-0.108936 	0.324301 	-0.00410482 	
2.67	-0.616889 	1.56934 	10.8918 	-0.118173 	0.31011 	0.00209463 	
2.675	-0.308953 	1.44729 	10.584 	-0.108519 	0.294206 	0.00195474 	
2.68	-0.432187 	1.14095 	10.7676 	-0.078098 	0.302537 	0.00426333 	
2.685	-0.517585 	1.00505 	10.9026 	-0.0630047 	0.30868 	-0.000700631 	
2.69	-0.584198 	0.880134 	11.0097 	-0.0495848 	0.313535 	-0.00363948 	
2.695	-0.644522 	0.779011 	11.1044 	-0.0386065 	0.317863 	-0.00614247 	
2.7	-0.702855 	0.703833 	11.1924 	-0.0301955 	0.321934 	-0.00826068 	
2.705	-0.759927 	0.651024 	11.2751 	-0.024065 	0.325809 	-0.00980109 	
2.71	-0.81289 	0.612913 	11.35 	-0.0196239 	0.329341 	-0.0103622 	
2.715	-0.860259 	0.584606 	11.4161 	-0.0165686 	0.332473 	-0.00954192 	
2.72	-0.904001 	0.564825 	11.4753 	-0.0146392 	0.33531 	-0.00786176 	
2.725	-0.942231 	0.548409 	11.526 	-0.0130854 	0.337742 	-0.00622801 	
2.73	-0.975573 	0.534717 	11.5691 	-0.0117961 	0.339818 	-0.00479965 	
2.735	-1.00508 	0.523874 	11.6061 	-0.0107885 	0.341607 	-0.00351049 	
2.74	-1.01884 	0.542658 	11.6235 	-0.0113324 	0.34235 	-0.00786866 	
2.745	-1.03655 	0.561578 	11.6444 	-0.012151 	0.343312 	-0.0108602 	
2.75	-1.05245 	0.58009 	11.6623 	-0.0130042 	0.344144 	-0.0135887 	
2.755	-1.06639 	0.596877 	11.6772 	-0.0137754 	0.34484 	-0.0160544 	
2.76	-1.07848 	0.611484 	11.6892 	-0.014419 	0.345409 	-0.0182806 	
2.765	-1.0882 	0.624511 	11.698 	-0.0149807 	0.345831 	-0.020336 	
2.77	-1.10903 	0.618688 	11.717 	-0.0140904 	0.346769 	-0.0203886 	
2.775	-1.12556 	0.61723 	11.7313 	-0.0135829 	0.347482 	-0.020774 	
2.78	-1.14099 	0.616706 	11.7441 	-0.0131947 	0.34813 	-0.0211123 	
2.785	-1.1555 	0.616967 	11.7556 	-0.012905 	0.348723 	-0.0214124 	
2.79	-1.16913 	0.617905 	11.7661 	-0.0127034 	0.349265 	-0.0216765 	
2.795	-1.18195 	0.619365 	11.7755 	-0.0125732 	0.349761 	-0.021908 	
2.8	-1.19399 	0.621227 	11.7839 	-0.0125028 	0.350213 	-0.0221082 	
2.805	-1.2053 	0.623365 	11.7914 	-0.0124789 	0.350623 	-0.0222793 	
2.81	-1.21592 	0.625652 	11.7982 	-0.0124867 	0.350996 	-0.0224244 	
2.815	-1.22585 	0.628057 	11.804 	-0.0125253 	0.351331 	-0.0225429 	
2.82	-1.2352 	0.630492 	11.8092 	-0.0125833 	0.351635 	-0.0226381 	
2.825	-1.24395 	0.632973 	11.8137 	-0.0126647 	0.351905 	-0.022709 	
2.83	-0.925769 	0.146557 	11.3946 	0.0382568 	0.330928 	-0.0239388 	
2.835	-0.674383 	-0.143633 	11.0892 	0.0657105 	0.315589 	-0.0221288 	
2.84	-0.888175 	0.570704 	11.8201 	-0.0134862 	0.34354 	-0.00926361 	
2.845	-0.780658 	0.864018 	11.5179 	-0.0456553 	0.332528 	-0.00506256 	
2.85	-0.72837 	0.748076 	11.4252 	-0.0310689 	0.328047 	-0.00724879 	
2.855	-0.628017 	0.200694 	11.186 	0.0314494 	0.317275 	-0.0161617 	
2.86	-0.544204 	-0.211099 	11.0222 	0.0721556 	0.310005 	-0.0186173 	
2.865	-0.461982 	-0.580895 	10.8766 	0.106111 	0.30336 	-0.0193878 	
2.87	-0.397758 	-0.889297 	10.7539 	0.135295 	0.297789 	-0.020529 	
2.875	-0.863779 	0.0965458 	12.2523 	0.0286792 	0.35353 	-0.00410254 	
2.88	-0.715653 	0.420364 	11.7273 	-0.00673441 	0.334851 	-0.00064617 	
2.885	-0.676862 	0.763634 	11.576 	-0.0424908 	0.329647 	0.00273512 	
2.89	-0.444338 	0.715927 	10.6703 	-0.0623803 	0.299953 	0.0163582 	
2.895	-0.43567 	0.142812 	10.7141 	0.0108688 	0.299108 	0.00238642 	
2.9	-0.391874 	-0.256778 	10.6233 	0.054441 	0.294818 	-0.00280515 	
2.905	-0.166502 	-0.309889 	10.3865 	0.0612331 	0.282023 	-0.00542934 	
2.91	0.140718 	-0.241805 	10.0481 	0.0508083 	0.264682 	-0.00445461 	
2.915	-1.41897 	0.262789 	11.6126 	0.018419 	0.338549 	-0.0094837 	
2.92	-1.27693 	0.411441 	11.4681 	-0.00349973 	0.328149 	0.00732556 	
2.925	-1.37318 	0.541704 	11.553 	-0.0183288 	0.329129 	0.0158166 	
2.93	-1.42553 	0.874986 	11.6557 	-0.051294 	0.339455 	0.0189922 	
2.935	-1.45126 	1.08503 	11.7085 	-0.0725242 	0.344663 	0.0227238 	
2.94	-1.47634 	0.895998 	11.682 	-0.0527195 	0.336649 	0.0184811 	
2.945	-1.49863 	0.811454 	11.6743 	-0.0436675 	0.332345 	0.016125 	
2.95	-1.51823 	0.741301 	11.6675 	-0.0361266 	0.328675 	0.0140459 	
2.955	-1.53562 	0.683396 	11.6617 	-0.0298894 	0.325556 	0.0122673 	
2.96	-1.53441 	1.02003 	11.7146 	-0.063993 	0.334907 	0.0172658 	
2.965	-1.60381 	1.17981 	11.8139 	-0.0794396 	0.343048 	0.0187279 	
2.97	-1.53584 	1.06682 	11.7687 	-0.0668562 	0.34196 	0.0125808 	
2.975	-1.49936 	1.01886 	11.7509 	-0.0610916 	0.342419 	0.00875784 	
2.98	-1.43241 	0.986548 	11.7008 	-0.057403 	0.341487 	0.00632995 	
2.985	-1.87398 	0.802821 	12.1512 	-0.0338386 	0.361258 	-0.00457541 	
2.99	-1.69991 	0.82329 	11.9871 	-0.0367756 	0.355055 	-0.00388624 	
2.995	-1.64037 	0.806357 	11.934 	-0.0349463 	0.353379 	-0.00500006 	
3	-1.58995 	0.790531 	11.8884 	-0.0332746 	0.351934 	-0.00580131 	
3.005	-1.86022 	0.506312 	12.1381 	-0.00138094 	0.359048 	-0.00685492 	
3.01	-1.74889 	0.575939 	12.0141 	-0.00991515 	0.353418 	-0.00536274 	
3.015	-1.73834 	0.593527 	11.9834 	-0.0132234 	0.351127 	0.000113085 	
3.02	-1.74049 	0.615327 	11.9649 	-0.0170748 	0.349423 	0.00651484 	
3.025	-1.74562 	0.636674 	11.9503 	-0.0206974 	0.347947 	0.0123241 	
3.03	-1.74445 	0.651876 	11.933 	-0.0232651 	0.34654 	0.0162842 	
3.035	-1.69809 	0.677338 	11.8962 	-0.0242798 	0.345899 	0.00966893 	
3.04	-1.58709 	0.852311 	11.7871 	-0.0424377 	0.342878 	0.00597069 	
3.045	-1.59312 	0.896716 	11.7867 	-0.0447562 	0.342436 	-0.000396275 	
3.05	-1.62871 	0.677549 	11.7715 	-0.0181291 	0.338568 	-0.014594 	
3.055	-1.65179 	0.753357 	11.7488 	-0.0264948 	0.333141 	-0.0125652 	
3.06	-1.63147 	0.745922 	11.7309 	-0.0256843 	0.332959 	-0.013296 	
3.065	-1.56467 	0.676521 	11.6686 	-0.0211662 	0.329564 	-0.00401329 	
3.07	-1.57022 	0.690058 	11.6718 	-0.0222874 	0.330094 	-0.00546764 	
3.075	-1.57168 	0.729176 	11.6766 	-0.0272334 	0.33081 	-0.00290117 	
3.08	-1.54421 	0.38513 	11.5878 	0.00827525 	0.323899 	-0.00928872 	
3.085	-1.56778 	0.329954 	11.5529 	0.0129749 	0.317253 	-0.00715089 	
3.09	-1.59995 	0.389914 	11.5639 	0.00706745 	0.31589 	-0.00731555 	
3.095	-1.63058 	0.497346 	11.5733 	-0.00297833 	0.314592 	-0.00946342 	
3.1	-1.66774 	0.575609 	11.5943 	-0.0119255 	0.314694 	-0.00441497 	
3.105	-1.67562 	0.488672 	11.5878 	0.000616506 	0.314809 	-0.0176873 	
3.11	-1.72706 	0.699216 	11.6131 	-0.0214618 	0.313673 	-0.0127567 	
3.115	-1.73159 	0.749967 	11.609 	-0.0259245 	0.312847 	-0.0150282 	
3.12	-1.77802 	0.904902 	11.6304 	-0.0417418 	0.312098 	-0.0123392 	
3.125	-1.75958 	0.858283 	11.6091 	-0.0363683 	0.310932 	-0.0155959 	
3.13	-1.75485 	0.850564 	11.5973 	-0.0351495 	0.31 	-0.0173902 	
3.135	-1.7512 	0.84369 	11.5865 	-0.0340825 	0.309159 	-0.0189019 	
3.14	-1.64701 	0.490421 	11.4379 	-0.00053561 	0.300595 	-0.017532 	
3.145	-1.60855 	0.494456 	11.4434 	-0.00168212 	0.304701 	-0.0138866 	
3.15	-1.64024 	0.527106 	11.4775 	-0.00528646 	0.306857 	-0.0124332 	
3.155	-1.651 	0.53387 	11.4969 	-0.00616163 	0.309 	-0.0116554 	
3.16	-1.65828 	0.540779 	11.5107 	-0.0072069 	0.310642 	-0.0103606 	
3.165	-1.637 	0.510227 	11.5159 	-0.00454207 	0.313717 	-0.0094072 	
3.17	-1.70194 	0.45806 	11.6182 	0.000587705 	0.314608 	-0.00767439 	
3.175	-1.66338 	0.502975 	11.5902 	-0.00387964 	0.317338 	-0.00805767 	
3.18	-1.69787 	0.597049 	11.5809 	-0.0124108 	0.314122 	-0.0107713 	
3.185	-1.65988 	0.555426 	11.5645 	-0.00914318 	0.316293 	-0.00790716 	
3.19	-1.69702 	0.655317 	11.5599 	-0.0180783 	0.313387 	-0.0113029 	
3.195	-1.70082 	0.619486 	11.549 	-0.0148612 	0.312546 	-0.0101875 	
3.2	-1.67269 	0.646567 	11.5471 	-0.0179843 	0.315716 	-0.00906058 	
3.205	-1.68252 	0.640783 	11.5554 	-0.0181366 	0.316672 	-0.00600679 	
3.21	-1.68844 	0.619681 	11.5503 	-0.0162169 	0.316361 	-0.00541002 	
3.215	-1.73401 	0.796966 	11.5987 	-0.03595 	0.320442 	0.00439605 	
3.22	-1.74024 	0.828073 	11.608 	-0.0391745 	0.322033 	0.0057215 	
3.225	-1.71863 	0.753057 	11.5912 	-0.0309408 	0.322183 	0.00172888 	
3.23	-1.70726 	0.712503 	11.5823 	-0.0264689 	0.322598 	-0.000378672 	
3.235	-1.6982 	0.678828 	11.5744 	-0.0227181 	0.322928 	-0.00216313 	
3.24	-1.6692 	0.564738 	11.5288 	-0.0110149 	0.320732 	-0.00509198 	
3.245	-1.67308 	0.574917 	11.5383 	-0.0123387 	0.32203 	-0.00374216 	
3.25	-1.67227 	0.566912 	11.5387 	-0.0118814 	0.322699 	-0.00250143 	
3.255	-1.67175 	0.559445 	11.538 	-0.0113829 	0.3232 	-0.001614 	
3.26	-1.66879 	0.550693 	11.5367 	-0.0107316 	0.323833 	-0.000861994 	
3.265	-1.66655 	0.540242 	11.5345 	-0.0100516 	0.324303 	0.000412637 	
3.27	-1.66495 	0.530913 	11.5322 	-0.0094815 	0.324696 	0.00170513 	
3.275	-1.66389 	0.522528 	11.5297 	-0.00895714 	0.325013 	0.00286007 	
3.28	-1.66331 	0.515498 	11.5271 	-0.00848277 	0.325271 	0.00370945 	
3.285	-1.6632 	0.509531 	11.5245 	-0.00807139 	0.325485 	0.00441126 	
3.29	-1.66524 	0.50463 	11.5207 	-0.00740089 	0.325343 	0.00381518 	
3.295	-1.66699 	0.499894 	11.5173 	-0.00689454 	0.32529 	0.00376455 	
3.3	-1.66867 	0.494877 	11.5139 	-0.00638949 	0.32523 	0.00380941 	
3.305	-1.67251 	0.497201 	11.5114 	-0.00631348 	0.325086 	0.00280716 	
3.31	-1.57131 	0.16894 	11.3698 	0.0248906 	0.317308 	0.00354854 	
3.315	-1.6196 	0.287809 	11.4177 	0.0138109 	0.319287 	0.00252909 	
3.32	-1.82866 	0.52178 	11.6736 	-0.00204111 	0.326434 	-0.0175462 	
3.325	-1.74039 	0.353186 	11.5325 	0.0137235 	0.319632 	-0.018192 	
3.33	-1.63626 	0.0670063 	11.3991 	0.0394658 	0.313683 	-0.0135523 	
3.335	-1.56255 	-0.124706 	11.2958 	0.0575289 	0.308579 	-0.0139725 	
3.34	-1.63902 	0.0223848 	11.3419 	0.0426158 	0.308065 	-0.0110009 	
3.345	-1.67775 	0.0862982 	11.3549 	0.0358345 	0.306918 	-0.00884196 	
3.35	-1.70993 	0.137337 	11.3645 	0.0303823 	0.305917 	-0.00697294 	
3.355	-1.73434 	0.171288 	11.3693 	0.0266434 	0.305015 	-0.00532652 	
3.36	-1.78136 	0.207131 	11.3997 	0.020702 	0.305984 	0.00476532 	
3.365	-1.63409 	-0.0815449 	11.2439 	0.048817 	0.300244 	0.000648673 	
3.37	-1.70815 	0.236478 	11.3464 	0.0169882 	0.308276 	0.00572269 	
3.375	-1.74045 	0.429943 	11.3921 	-0.00202536 	0.312426 	0.00708772 	
3.38	-1.75231 	0.543063 	11.4202 	-0.0129925 	0.315855 	0.00730082 	
3.385	-1.73063 	0.502727 	11.4183 	-0.00852971 	0.317733 	0.0052285 	
3.39	-1.76809 	0.656108 	11.4552 	-0.0239172 	0.32026 	0.00786468 	
3.395	-1.74111 	0.596828 	11.4406 	-0.0169764 	0.320836 	0.00309844 	
3.4	-1.72857 	0.577703 	11.4355 	-0.0143894 	0.321585 	0.000291111 	
3.405	-1.71845 	0.56155 	11.4308 	-0.0121913 	0.322201 	-0.00209375 	
3.41	-1.70772 	0.537604 	11.4198 	-0.0093245 	0.322034 	-0.0043825 	
3.415	-1.72887 	0.54356 	11.4303 	-0.0102521 	0.321852 	-0.00245432 	
3.42	-1.7122 	0.516967 	11.416 	-0.00705589 	0.321873 	-0.00520733 	
3.425	-1.70453 	0.500343 	11.4073 	-0.0050505 	0.321839 	-0.00685124 	
3.43	-1.69812 	0.516036 	11.3987 	-0.00588949 	0.321659 	-0.0096697 	
3.435	-1.70158 	0.546894 	11.4034 	-0.00849564 	0.322413 	-0.0109751 	
3.44	-1.72546 	0.532703 	11.4149 	-0.00828826 	0.322552 	-0.00588814 	
3.445	-1.74123 	0.50255 	11.4215 	-0.00635345 	0.322729 	-0.00162547 	
3.45	-1.75121 	0.50599 	11.42 	-0.00663997 	0.322095 	-0.00171976 	
3.455	-1.76044 	0.504036 	11.4189 	-0.00653173 	0.321637 	-0.00128707 	
3.46	-1.76782 	0.503587 	11.4183 	-0.00656143 	0.321419 	-0.000858592 	
3.465	-1.77488 	0.503025 	11.4172 	-0.00656969 	0.32117 	-0.000497891 	
3.47	-1.81064 	0.73227 	11.4466 	-0.0285873 	0.323066 	-0.000880933 	
3.475	-1.81402 	0.657481 	11.4332 	-0.0213015 	0.321249 	-0.000724672 	
3.48	-1.81928 	0.642318 	11.4303 	-0.019803 	0.320858 	-0.000494805 	
3.485	-1.82902 	0.64871 	11.4367 	-0.0208727 	0.321566 	0.00176531 	
3.49	-1.8358 	0.691912 	11.4568 	-0.0260604 	0.324701 	0.00622157 	
3.495	-1.82584 	0.683131 	11.456 	-0.0254261 	0.32617 	0.00717789 	
3.5	-1.76878 	0.671173 	11.4526 	-0.0249312 	0.331156 	0.00889302 	
3.505	-1.739 	0.641082 	11.4521 	-0.0216187 	0.334096 	0.00737615 	
3.51	-1.714 	0.627151 	11.4523 	-0.0201848 	0.336897 	0.00704463 	
3.515	-1.65713 	0.565183 	11.4159 	-0.0140802 	0.337911 	0.00711608 	
3.52	-1.63576 	0.555876 	11.4175 	-0.0131085 	0.34055 	0.00678902 	
3.525	-1.6571 	0.604579 	11.4463 	-0.0181856 	0.342863 	0.00773609 	
3.53	-1.73099 	0.682796 	11.4632 	-0.027069 	0.340632 	0.014212 	
3.535	-1.74799 	0.615017 	11.4368 	-0.0186932 	0.3356 	0.0069071 	
3.54	-1.67547 	0.688679 	11.2352 	-0.0325424 	0.325895 	0.0273626 	
3.545	-1.7532 	0.756961 	11.3282 	-0.037941 	0.328885 	0.0256362 	
3.55	-1.91857 	0.949761 	11.4289 	-0.053247 	0.333745 	0.0183284 	
3.555	-1.84497 	0.714368 	11.3428 	-0.0289842 	0.326874 	0.0099944 	
3.56	-1.82293 	0.586183 	11.3027 	-0.0152975 	0.323174 	0.00417668 	
3.565	-1.85228 	0.654414 	11.3337 	-0.0223565 	0.323578 	0.00644867 	
3.57	-1.76922 	0.484105 	11.2729 	-0.00436991 	0.323704 	-0.00113939 	
3.575	-1.73209 	0.412194 	11.2523 	0.00320799 	0.324285 	-0.00432198 	
3.58	-1.79496 	0.559785 	11.3018 	-0.0120672 	0.324842 	0.000893014 	
3.585	-1.79754 	0.528558 	11.3011 	-0.00879901 	0.323727 	8.42111e-05 	
3.59	-1.809 	0.524262 	11.305 	-0.0083107 	0.322745 	9.57369e-05 	
3.595	-1.77781 	0.641207 	11.3644 	-0.0212577 	0.331445 	0.00296012 	
3.6	-1.75113 	0.621711 	11.369 	-0.0189812 	0.334731 	0.0024573 	
3.605	-1.7273 	0.616298 	11.3748 	-0.0183602 	0.3377 	0.00251165 	
3.61	-1.74554 	0.673653 	11.3818 	-0.0244715 	0.337278 	0.00471847 	
3.615	-1.71279 	0.636593 	11.3788 	-0.0204518 	0.340092 	0.00389464 	
3.62	-1.69469 	0.625296 	11.3803 	-0.0192148 	0.342151 	0.00370004 	
3.625	-1.67426 	0.620522 	11.3838 	-0.0186729 	0.344679 	0.00359816 	
3.63	-1.65801 	0.613621 	11.385 	-0.0178955 	0.346605 	0.00346882 	
3.635	2.88458 	-0.159588 	11.5789 	0.0521101 	0.793273 	-0.0174436 	
3.64	1.3329 	0.133235 	11.5162 	0.0253364 	0.641784 	-0.00946972 	
3.645	0.796951 	0.181754 	11.4906 	0.0206399 	0.589194 	-0.00436122 	
3.65	0.315909 	0.226148 	11.5159 	0.0153274 	0.549632 	0.00549646 	
3.655	-0.00712229 	0.282588 	11.479 	0.0111346 	0.514566 	0.0031026 	
3.66	-0.307988 	0.316306 	11.4499 	0.00858191 	0.483019 	0.00284911 	
3.665	-0.537844 	0.31642 	11.4187 	0.00921905 	0.457706 	0.00205268 	
3.67	-0.735448 	0.344156 	11.4104 	0.00690338 	0.438553 	0.00248391 	
3.675	-0.924226 	0.365902 	11.3875 	0.00531122 	0.418362 	0.00193692 	
3.68	-1.07399 	0.355922 	11.3698 	0.00630826 	0.402514 	0.00295671 	
3.685	-1.20397 	0.3529 	11.3541 	0.00669275 	0.388808 	0.00357535 	
3.69	-1.31542 	0.350233 	11.3403 	0.0070239 	0.377082 	0.00411592 	
3.695	-1.40087 	0.373264 	11.3403 	0.00505217 	0.369599 	0.00403348 	
3.7	-1.48631 	0.362072 	11.3248 	0.0061131 	0.360126 	0.00464425 	
3.705	-1.5578 	0.357685 	11.3136 	0.00655028 	0.352527 	0.00506841 	
3.71	-1.61929 	0.353824 	11.3035 	0.00692866 	0.346018 	0.00544479 	
3.715	-1.67224 	0.350457 	11.2944 	0.00725286 	0.340439 	0.0057808 	
3.72	-1.71391 	0.357869 	11.2825 	0.00700356 	0.335411 	0.00423608 	
3.725	-1.74947 	0.361113 	11.2711 	0.00701372 	0.331077 	0.00319865 	
3.73	-1.78103 	0.365119 	11.2615 	0.00688731 	0.327374 	0.00236186 	
3.735	-1.80893 	0.364749 	11.254 	0.00697802 	0.324348 	0.00226556 	
3.74	-1.83832 	0.402277 	11.2581 	0.00349715 	0.322795 	0.00221624 	
3.745	-1.8459 	0.416529 	11.2583 	0.0022748 	0.322621 	0.00182535 	
3.75	-1.85623 	0.430807 	11.2581 	0.00102514 	0.322168 	0.00154476 	
3.755	-1.86524 	0.442897 	11.2575 	-3.086e-05 	0.321788 	0.00130888 	
3.76	-1.87348 	0.453246 	11.2564 	-0.000930359 	0.321427 	0.00110008 	
3.765	-1.88099 	0.462094 	11.255 	-0.00169554 	0.321089 	0.000916975 	
3.77	-1.69225 	0.450276 	11.2601 	-0.00140477 	0.339185 	0.00196395 	
3.775	-1.5794 	0.442588 	11.2647 	-0.000897289 	0.350675 	0.00198236 	
3.78	-1.47475 	0.436493 	11.2671 	-0.000704443 	0.360904 	0.00241585 	
3.785	-1.59756 	0.435872 	11.251 	-5.58821e-05 	0.348145 	0.00150916 	
3.79	-1.65888 	0.431654 	11.239 	0.000667202 	0.341519 	0.000917456 	
3.795	-1.71142 	0.427466 	11.2277 	0.00133819 	0.335793 	0.000390959 	
3.8	-1.75703 	0.42437 	11.2177 	0.00186212 	0.330885 	-4.28514e-05 	
3.805	-1.79773 	0.423464 	11.2091 	0.00213676 	0.326609 	-0.000365863 	
3.81	-1.81593 	0.21877 	11.1931 	0.0196308 	0.323414 	0.00819139 	
3.815	-1.59193 	0.304662 	11.2155 	0.0113434 	0.346968 	0.00719026 	
3.82	-1.57666 	0.324574 	11.2177 	0.00969649 	0.349483 	0.00603773 	
3.825	-1.42354 	0.319416 	11.2266 	0.0100106 	0.364842 	0.00544637 	
3.83	-1.55012 	0.348545 	11.2222 	0.00774963 	0.353363 	0.00465346 	
3.835	-1.61146 	0.368564 	11.2196 	0.00617623 	0.347977 	0.00392285 	
3.84	-1.66435 	0.386602 	11.2171 	0.00473637 	0.343377 	0.00329133 	
3.845	-1.70969 	0.402054 	11.2141 	0.0035092 	0.33942 	0.00272785 	
3.85	-1.5154 	0.38603 	11.2235 	0.0046382 	0.358709 	0.00258737 	
3.855	-1.39587 	0.377872 	11.2289 	0.00521199 	0.370718 	0.00235872 	
3.86	-1.29303 	0.370842 	11.2333 	0.00570143 	0.381063 	0.00219246 	
3.865	-1.20449 	0.364574 	11.2367 	0.00615012 	0.389964 	0.00202537 	
3.87	-1.3571 	0.385302 	11.2263 	0.00467921 	0.375264 	0.00139585 	
3.875	-1.44257 	0.397773 	11.2194 	0.00379337 	0.367113 	0.000955642 	
3.88	-1.53054 	0.39746 	11.2026 	0.00410721 	0.357508 	0.000379698 	
3.885	1.23986 	-0.0119707 	11.4023 	0.0398114 	0.636894 	-0.00958716 	
3.89	0.332862 	0.132738 	11.3355 	0.0269406 	0.545428 	-0.00560193 	
3.895	-0.106221 	0.486995 	11.3528 	-0.00789859 	0.511652 	0.00281957 	
3.9	-0.451099 	0.614092 	11.358 	-0.0198745 	0.481506 	0.00563712 	
3.905	-0.647877 	0.516313 	11.2991 	-0.0098193 	0.454934 	0.00385206 	
3.91	-0.867329 	0.516502 	11.2755 	-0.00934476 	0.43199 	0.00364388 	
3.915	-1.04877 	0.508991 	11.2518 	-0.00822279 	0.41248 	0.00339701 	
3.92	-1.20415 	0.502641 	11.2311 	-0.00727215 	0.395796 	0.00318848 	
3.925	-1.33725 	0.497239 	11.2128 	-0.00646309 	0.381522 	0.00301089 	
3.93	-1.45478 	0.490156 	11.1958 	-0.00539832 	0.368978 	0.00237362 	
3.935	-1.54911 	0.486734 	11.1833 	-0.00477441 	0.359142 	0.0019495 	
3.94	-1.61913 	0.493972 	11.181 	-0.00521889 	0.352853 	0.00169684 	
3.945	-1.68196 	0.498619 	11.1768 	-0.00544684 	0.347012 	0.00147391 	
3.95	-1.73296 	0.143268 	11.1839 	0.0272302 	0.342005 	0.00747191 	
3.955	-1.77361 	0.263992 	11.1747 	0.0163991 	0.33814 	0.00502302 	
3.96	-1.80949 	0.296984 	11.1686 	0.0135476 	0.334719 	0.00418849 	
3.965	-1.84104 	0.326101 	11.1633 	0.0110109 	0.331794 	0.003532 	
3.97	-1.8684 	0.350658 	11.1579 	0.00888284 	0.329232 	0.00293417 	
3.975	-1.89528 	0.370209 	11.151 	0.00716954 	0.326484 	0.00252196 	
3.98	-1.9194 	0.387358 	11.1445 	0.00566359 	0.324076 	0.00218485 	
3.985	-1.9402 	0.401995 	11.1385 	0.00438182 	0.322012 	0.00188793 	
3.99	-1.95094 	0.365746 	11.1324 	0.00774846 	0.320473 	0.00156375 	
3.995	-1.70902 	0.370391 	11.1462 	0.00667916 	0.344534 	0.00214367 	
4	-1.81487 	0.412197 	11.1396 	0.00312044 	0.335025 	0.00190708 	
4.005	-1.85403 	0.440596 	11.1363 	0.000613088 	0.331834 	0.00184464 	
4.01	-1.9046 	0.58887 	11.1437 	-0.0138977 	0.330389 	0.00403411 	
4.015	-1.92419 	0.572441 	11.1329 	-0.0119787 	0.327381 	0.00266869 	
4.02	-2.01296 	0.690241 	11.1723 	-0.024709 	0.327634 	0.0106083 	
4.025	-1.96186 	0.426537 	11.1321 	0.00277286 	0.32399 	0.00203027 	
4.03	-1.97886 	0.477306 	11.1284 	-0.00231521 	0.322999 	0.00255587 	
4.035	-1.89856 	0.487133 	11.1274 	-0.0036212 	0.330575 	0.00301591 	
4.04	-1.75012 	-0.0269904 	10.9855 	0.0512522 	0.318134 	-0.0244488 	
4.045	-1.66859 	-0.368425 	10.9215 	0.0883595 	0.313082 	-0.0429969 	
4.05	-1.6249 	-0.141978 	10.9743 	0.0638362 	0.327469 	-0.0308044 	
4.055	-1.70405 	-0.154443 	10.9269 	0.0648385 	0.316369 	-0.0297937 	
4.06	-1.62017 	-0.0133319 	10.9749 	0.0499994 	0.332062 	-0.0238118 	
4.065	-1.50877 	0.0294742 	11.0028 	0.0444072 	0.346827 	-0.018807 	
4.07	-1.62507 	0.0966246 	11.007 	0.0377718 	0.338149 	-0.0166822 	
4.075	-1.687 	0.149503 	11.0138 	0.0322881 	0.334621 	-0.0143531 	
4.08	-1.72135 	0.201271 	11.0271 	0.027018 	0.334267 	-0.0124356 	
4.085	-1.76641 	0.248609 	11.0357 	0.0220457 	0.332144 	-0.0102532 	
4.09	-1.79679 	0.287133 	11.0454 	0.0181459 	0.331594 	-0.00901157 	
4.095	-1.88519 	0.321306 	11.0525 	0.0140608 	0.326367 	-0.00460043 	
4.1	-1.86244 	0.374645 	11.0324 	0.00947562 	0.325641 	-0.00765204 	
4.105	-1.88111 	0.389104 	11.0448 	0.00770372 	0.326374 	-0.00562194 	
4.11	-1.89804 	0.429396 	11.0412 	0.00324735 	0.325132 	-0.00349584 	
4.115	-1.93037 	0.481148 	11.0656 	-0.00220302 	0.327375 	-7.55557e-06 	
4.12	-1.92828 	0.474496 	11.0608 	-0.00159085 	0.327087 	-0.000239401 	
4.125	-1.93156 	0.477259 	11.0596 	-0.00195584 	0.327113 	0.00011628 	
4.13	-1.80351 	0.458961 	11.0642 	-0.000519644 	0.339507 	-4.50105e-05 	
4.135	-1.71999 	0.446975 	11.0661 	0.00040765 	0.347622 	-9.36658e-05 	
4.14	-1.64902 	0.436419 	11.0674 	0.00124465 	0.354532 	-0.000172606 	
4.145	-1.69434 	0.445895 	11.0579 	0.000769214 	0.349662 	-0.00132895 	
4.15	-1.71534 	0.451547 	11.0507 	0.000444702 	0.347296 	-0.00189581 	
4.155	-1.73027 	0.455734 	11.0443 	0.000232877 	0.345583 	-0.00240793 	
4.16	-1.74439 	0.460624 	11.0386 	-5.98527e-05 	0.344082 	-0.00283908 	
4.165	-1.76146 	0.481237 	11.0329 	-0.00236251 	0.342513 	-0.00134511 	
4.17	-1.7471 	0.472917 	11.03 	-0.00120279 	0.343784 	-0.00273698 	
4.175	-1.74039 	0.468881 	11.0264 	-0.000705953 	0.344342 	-0.00319756 	
4.18	-1.71515 	0.0501403 	11.0698 	0.0343099 	0.347866 	0.0149545 	
4.185	-1.75801 	0.189683 	11.0461 	0.0222496 	0.342992 	0.01054 	
4.19	-1.75583 	0.226463 	11.0378 	0.0196069 	0.342974 	0.00760501 	
4.195	-1.76021 	0.258214 	11.0294 	0.0171928 	0.342334 	0.00545114 	
4.2	-1.7634 	0.285384 	11.0219 	0.0151171 	0.341868 	0.00363585 	
4.205	1.0921 	-0.0454277 	11.3527 	0.0424181 	0.641677 	-0.00442375 	
4.21	0.0897789 	0.800676 	11.1523 	-0.0363151 	0.533566 	-0.00203259 	
4.215	-0.35931 	0.644027 	11.1659 	-0.0222077 	0.494969 	0.00631679 	
4.22	-0.47196 	0.609263 	11.1395 	-0.0182626 	0.480792 	0.00414384 	
4.225	-0.699986 	0.597508 	11.1171 	-0.0160222 	0.457429 	0.00210643 	
4.23	-0.850812 	0.579396 	11.1008 	-0.0135222 	0.441809 	0.000533453 	
4.235	-0.983949 	0.563098 	11.0839 	-0.0115369 	0.427686 	-0.000123015 	
4.24	-1.11418 	0.547474 	11.0627 	-0.0098982 	0.413267 	7.18494e-05 	
4.245	-1.22265 	0.534581 	11.0453 	-0.00849031 	0.401395 	6.11865e-05 	
4.25	-1.34575 	0.549048 	11.0465 	-0.00855407 	0.391143 	-0.00322789 	
4.255	-1.43786 	0.546524 	11.0366 	-0.0078636 	0.38193 	-0.0040951 	
4.26	-1.51409 	0.54074 	11.0249 	-0.00708809 	0.37388 	-0.00437216 	
4.265	-1.5803 	0.535639 	11.0136 	-0.00643992 	0.366817 	-0.00450119 	
4.27	-1.63655 	0.530794 	11.0032 	-0.00585423 	0.360776 	-0.00456683 	
4.275	-1.6846 	0.526291 	10.9935 	-0.00533125 	0.355583 	-0.0045882 	
4.28	-1.72575 	0.522237 	10.9844 	-0.00487201 	0.351118 	-0.00458084 	
4.285	-1.76104 	0.518594 	10.976 	-0.00446794 	0.347278 	-0.00455556 	
4.29	-1.79129 	0.515267 	10.968 	-0.00410744 	0.34397 	-0.00452003 	
4.295	-1.81733 	0.512321 	10.9606 	-0.00379211 	0.34112 	-0.00447773 	
4.3	-1.83973 	0.509642 	10.9536 	-0.00351001 	0.33866 	-0.00443517 	
4.305	-1.85907 	0.507284 	10.9469 	-0.00326352 	0.336535 	-0.00439041 	
4.31	-2.00871 	0.727467 	11.0065 	-0.0259633 	0.336125 	0.00715059 	
4.315	3.59492 	-0.0783119 	11.6386 	0.0416396 	0.915432 	-0.00916751 	
4.32	1.57215 	0.773576 	11.422 	-0.0374223 	0.716933 	0.00566635 	
4.325	1.00582 	0.658295 	11.3578 	-0.0237462 	0.655319 	-0.000979039 	
4.33	0.474199 	0.66798 	11.2738 	-0.022177 	0.596286 	-0.00651341 	
4.335	0.0293775 	0.675509 	11.2062 	-0.0210672 	0.547311 	-0.0101983 	
4.34	-0.495827 	0.743557 	11.3639 	-0.0223956 	0.526339 	-0.0202647 	
4.345	-0.80247 	0.81436 	11.3658 	-0.0252352 	0.499649 	-0.0304394 	
4.35	-1.10355 	0.857314 	11.3978 	-0.0265431 	0.478651 	-0.0375432 	
4.355	-1.36169 	0.898739 	11.4244 	-0.0279305 	0.460591 	-0.0439829 	
4.36	-1.58187 	0.93397 	11.4463 	-0.0291107 	0.445181 	-0.0494675 	
4.365	-0.0330651 	0.619302 	11.5241 	-0.00510433 	0.59021 	-0.0439783 	
4.37	2.21794 	0.203629 	11.7222 	0.0284912 	0.813675 	-0.0435978 	
4.375	0.924541 	0.481895 	11.5951 	0.00389346 	0.683941 	-0.0358152 	
4.38	0.488716 	0.456007 	11.4784 	0.00552264 	0.628198 	-0.0313161 	
4.385	0.100664 	0.460833 	11.3945 	0.00449243 	0.581868 	-0.0268842 	
4.39	-0.238347 	0.467757 	11.318 	0.00337372 	0.541142 	-0.0232053 	
4.395	-0.524458 	0.464427 	11.2488 	0.00324417 	0.506158 	-0.0200496 	
4.4	-0.719816 	0.472967 	11.2113 	0.00208873 	0.484046 	-0.016844 	
4.405	-0.947946 	0.473498 	11.1559 	0.0016133 	0.456221 	-0.0141791 	
4.41	-1.13303 	0.475311 	11.1119 	0.00109279 	0.433924 	-0.0118643 	
4.415	-1.29063 	0.475635 	11.0731 	0.0007861 	0.414829 	-0.0100213 	
4.42	-1.42506 	0.475084 	11.0389 	0.000617376 	0.398476 	-0.00853998 	
4.425	-1.53997 	0.474192 	11.0089 	0.000519307 	0.384473 	-0.00732086 	
4.43	-1.63799 	0.470709 	10.9808 	0.00073443 	0.372236 	-0.00655256 	
4.435	-1.72298 	0.471793 	10.9586 	0.000458106 	0.362072 	-0.00544539 	
4.44	-1.79014 	0.473487 	10.9338 	0.000418912 	0.352989 	-0.0058146 	
4.445	-1.85167 	0.475865 	10.9147 	0.000301468 	0.345353 	-0.00593171 	
4.45	-1.90462 	0.477698 	10.8991 	0.000134164 	0.339006 	-0.00565364 	
4.455	-1.94994 	0.479182 	10.8846 	1.11336e-05 	0.333499 	-0.00548492 	
4.46	-1.98647 	0.474524 	10.8726 	0.000327399 	0.329126 	-0.00491721 	
4.465	-2.03611 	0.494023 	10.8742 	-0.00141606 	0.325396 	-0.00522951 	
4.47	-2.06407 	0.490258 	10.8598 	-0.00115745 	0.32154 	-0.00463371 	
4.475	-2.08782 	0.490555 	10.847 	-0.00113339 	0.318193 	-0.00467654 	
4.48	-2.10766 	0.489522 	10.8345 	-0.00101756 	0.315268 	-0.00459744 	
4.485	-2.12165 	0.482038 	10.8261 	-0.000462704 	0.313412 	-0.00408871 	
4.49	-2.1348 	0.48017 	10.8189 	-0.000384257 	0.311866 	-0.00365201 	
4.495	-2.14784 	0.480307 	10.8126 	-0.000424552 	0.310418 	-0.00349812 	
4.5	-2.16455 	0.481795 	10.805 	-0.000594965 	0.308524 	-0.00328425 	
4.505	-2.14418 	0.489745 	10.8107 	-0.001446 	0.311569 	-0.00288098 	
4.51	-2.10686 	0.483692 	10.8157 	-0.000987882 	0.315915 	-0.00271838 	
4.515	-2.07921 	0.480275 	10.8188 	-0.000751634 	0.319203 	-0.0025632 	
4.52	-2.07148 	0.47795 	10.8176 	-0.000582168 	0.3202 	-0.00241711 	
4.525	-1.26652 	0.325697 	10.88 	0.0140389 	0.39857 	-0.0122914 	
4.53	-1.47611 	0.354157 	10.8414 	0.0117739 	0.37559 	-0.0119737 	
4.535	-1.50875 	0.35288 	10.8235 	0.0121994 	0.370736 	-0.0130389 	
4.54	-1.53703 	0.351877 	10.8077 	0.0125517 	0.366559 	-0.0139381 	
4.545	-1.53359 	0.35609 	10.8053 	0.0121429 	0.366951 	-0.0138446 	
4.55	-1.53696 	0.358791 	10.8004 	0.0119232 	0.366419 	-0.0139313 	
4.555	-1.54048 	0.361206 	10.7957 	0.0117256 	0.365906 	-0.0140095 	
4.56	-1.54412 	0.363503 	10.792 	0.0115379 	0.365452 	-0.0140988 	
4.565	-0.808051 	0.26242 	10.8955 	0.0193416 	0.444073 	-0.0138395 	
4.57	-1.0666 	0.299596 	10.855 	0.0164574 	0.416382 	-0.0139766 	
4.575	-1.14086 	0.311058 	10.8413 	0.0155648 	0.408417 	-0.0140636 	
4.58	-1.20482 	0.320705 	10.8288 	0.0148048 	0.401552 	-0.0141021 	
4.585	-1.25991 	0.329015 	10.8176 	0.0141486 	0.395645 	-0.0141387 	
4.59	-1.30746 	0.336166 	10.8075 	0.0135817 	0.390552 	-0.01417 	
4.595	-1.34859 	0.34232 	10.7983 	0.0130915 	0.386151 	-0.014195 	
4.6	2.69017 	-0.123775 	11.4305 	0.0490742 	0.822465 	-0.0177982 	
4.605	1.12974 	0.10645 	11.2231 	0.0305156 	0.658813 	-0.013879 	
4.61	0.675219 	0.150239 	11.1564 	0.0267915 	0.610793 	-0.0120922 	
4.615	0.245079 	0.211977 	11.0993 	0.0213528 	0.566313 	-0.00970665 	
4.62	-0.133174 	0.255125 	11.0436 	0.01755 	0.526675 	-0.00750872 	
4.625	-0.448084 	0.284648 	10.9911 	0.0152161 	0.492621 	-0.00681311 	
4.63	-0.711131 	0.314818 	10.9452 	0.0127885 	0.463979 	-0.0063889 	
4.635	-0.949498 	0.341397 	10.904 	0.0106406 	0.438179 	-0.00589704 	
4.64	-1.15085 	0.363717 	10.8685 	0.00883816 	0.416366 	-0.00549106 	
4.645	-1.323 	0.382686 	10.8373 	0.00730615 	0.397704 	-0.00514634 	
4.65	-1.47031 	0.398925 	10.81 	0.00599367 	0.381736 	-0.00485347 	
4.655	-1.59511 	0.412344 	10.786 	0.00490841 	0.368178 	-0.00459871 	
4.66	-1.70116 	0.422638 	10.7647 	0.0040892 	0.356624 	-0.00439792 	
4.665	-1.7893 	0.412512 	10.7445 	0.0051475 	0.346571 	-0.00434597 	
4.67	-1.82134 	0.433597 	10.7454 	0.00323348 	0.34446 	-0.00407761 	
4.675	-1.85693 	0.446024 	10.7417 	0.00213056 	0.341391 	-0.00389667 	
4.68	-1.83861 	0.448932 	10.7443 	0.0018292 	0.343843 	-0.00385412 	
4.685	-1.90475 	0.460896 	10.7301 	0.000724141 	0.336651 	-0.00337635 	
4.69	-2.04523 	0.535611 	10.8617 	-0.00137067 	0.347082 	-0.00783357 	
4.695	-2.05503 	0.520237 	10.8027 	-0.00158981 	0.337268 	-0.00591877 	
4.7	-2.08955 	0.505499 	10.775 	-0.000668405 	0.330802 	-0.0053263 	
4.705	-2.0963 	0.467909 	10.7308 	0.00294519 	0.323498 	-0.0078343 	
4.71	-2.12422 	0.481988 	10.723 	0.00122683 	0.320419 	-0.00701851 	
4.715	-2.13997 	0.507651 	10.7277 	-0.00115544 	0.320423 	-0.00705774 	
4.72	-2.17184 	0.518659 	10.7166 	-0.00269699 	0.316643 	-0.00532737 	
4.725	-2.19577 	0.528615 	10.7081 	-0.00395964 	0.313952 	-0.00421757 	
4.73	-2.21629 	0.536312 	10.6996 	-0.00495183 	0.311576 	-0.00329942 	
4.735	3.93091 	-0.316917 	11.6568 	0.0636455 	0.970722 	-0.0147127 	
4.74	1.75327 	0.00690227 	11.3381 	0.0364363 	0.741477 	-0.00636506 	
4.745	1.28065 	0.0360748 	11.2512 	0.0347261 	0.688166 	-0.00687958 	
4.75	0.765729 	0.106436 	11.1635 	0.0292948 	0.631955 	-0.00644599 	
4.755	0.313029 	0.155853 	11.0835 	0.0252138 	0.58222 	-0.0049649 	
4.76	-0.0532345 	0.224089 	11.0314 	0.0193257 	0.543806 	-0.00361848 	
4.765	-0.371196 	0.256547 	10.9744 	0.0167295 	0.509018 	-0.00284328 	
4.77	-0.630723 	0.293621 	10.8925 	0.014873 	0.47553 	-0.00760462 	
4.775	-0.837539 	0.343085 	10.8143 	0.0119832 	0.447041 	-0.0139391 	
4.78	-1.06664 	0.417263 	10.7817 	0.00577199 	0.423342 	-0.0142162 	
4.785	-1.24925 	0.408953 	10.7429 	0.00659982 	0.402761 	-0.0131108 	
4.79	-1.4075 	0.427528 	10.7117 	0.00445966 	0.385358 	-0.0101075 	
4.795	-1.54416 	0.452599 	10.6854 	0.002204 	0.370509 	-0.00906984 	
4.8	-1.65643 	0.465929 	10.6596 	0.00174277 	0.357799 	-0.0115465 	
4.805	-1.75359 	0.478733 	10.6373 	0.00105852 	0.34691 	-0.0129248 	
4.81	-1.81949 	0.490823 	10.613 	0.000541876 	0.338359 	-0.0150191 	
4.815	-1.8912 	0.487073 	10.619 	0.000159163 	0.333518 	-0.0112036 	
4.82	-1.95029 	0.489869 	10.619 	-0.000383033 	0.328888 	-0.00921986 	
4.825	-1.98644 	0.492084 	10.6212 	-0.000739067 	0.326601 	-0.00825317 	
4.83	-2.00164 	0.493924 	10.6213 	-0.0010433 	0.325791 	-0.00757606 	
4.835	-2.0316 	0.486703 	10.6125 	-0.000480847 	0.322631 	-0.00709073 	
4.84	-2.08557 	0.508219 	10.6157 	-0.00276915 	0.319245 	-0.00523594 	
4.845	-2.05086 	0.48514 	10.6138 	-0.00105405 	0.322602 	-0.00418423 	
4.85	-2.10952 	0.499397 	10.6079 	-0.00261298 	0.317439 	-0.00286128 	
4.855	-2.147 	0.512547 	10.6043 	-0.0040051 	0.314324 	-0.00192715 	
4.86	-2.16304 	0.51301 	10.6034 	-0.00425472 	0.31333 	-0.000905259 	
4.865	-2.10211 	0.469455 	10.5996 	-0.000630271 	0.318462 	-0.000941035 	
4.87	-2.06384 	0.443117 	10.5958 	0.00146236 	0.321711 	-0.000726477 	
4.875	-2.07965 	0.463415 	10.5969 	-9.50368e-05 	0.320975 	-0.0012379 	
4.88	-2.08341 	0.471344 	10.5958 	-0.00066202 	0.32098 	-0.00155877 	
4.885	-1.90923 	0.479994 	10.6718 	-0.000476346 	0.347603 	-0.00509887 	
4.89	-1.93756 	0.420188 	10.6304 	0.0047353 	0.339228 	-0.00445782 	
4.895	-2.01887 	0.437352 	10.6018 	0.00318714 	0.329026 	-0.00423002 	
4.9	-2.03952 	0.596416 	10.5611 	-0.0107579 	0.322843 	-0.00816702 	
4.905	-2.05603 	0.53223 	10.5527 	-0.00550932 	0.320393 	-0.00514999 	
4.91	-2.04958 	0.440882 	10.4952 	0.00168624 	0.313321 	-0.00205928 	
4.915	-1.95921 	0.0413111 	10.6915 	0.0405032 	0.334435 	-0.00977839 	
4.92	-1.89477 	0.126898 	10.6307 	0.0317811 	0.336369 	-0.00782534 	
4.925	-1.83634 	0.130199 	10.6145 	0.0309747 	0.340609 	-0.00681007 	
4.93	-1.78409 	0.132447 	10.6009 	0.0303482 	0.344528 	-0.00603948 	
4.935	-1.73796 	0.135578 	10.5898 	0.0297029 	0.348164 	-0.00541574 	
4.94	-1.69564 	0.136928 	10.5801 	0.029254 	0.351539 	-0.00485666 	
4.945	-1.6571 	0.137202 	10.5718 	0.0289371 	0.354669 	-0.00436652 	
4.95	-1.62208 	0.136582 	10.5645 	0.0287324 	0.357563 	-0.00393749 	
4.955	-1.59037 	0.135306 	10.5581 	0.0286143 	0.36023 	-0.00356068 	
4.96	-1.71449 	0.699685 	10.6185 	-0.0236154 	0.365845 	0.00459297 	
4.965	1.78429 	0.134552 	11.2767 	0.0221278 	0.751613 	-0.00048172 	
4.97	0.619571 	0.240652 	11.0667 	0.0148001 	0.623444 	-0.000383123 	
4.975	0.141075 	0.401616 	10.9941 	0.000764103 	0.574564 	0.000441978 	
4.98	1.20125 	0.207927 	11.1685 	0.0163924 	0.688654 	-0.00017749 	
4.985	0.45682 	0.287193 	11.0253 	0.0106611 	0.605455 	-6.87303e-05 	
4.99	0.0277566 	0.319272 	10.9368 	0.00881263 	0.55723 	-0.000930441 	
4.995	-0.297984 	0.344396 	10.8727 	0.00718172 	0.520957 	-0.00079775 	
5	-0.593814 	0.340492 	10.7931 	0.00749899 	0.485144 	0.00102431 	
5.005	-0.844011 	0.342074 	10.7288 	0.00742198 	0.455357 	0.00223306 	
5.01	-0.97896 	0.219083 	10.624 	0.0186709 	0.430162 	0.000527101 	
5.015	-1.05455 	-0.0238211 	10.4467 	0.040411 	0.399818 	-0.0020452 	
5.02	-1.19109 	-0.0530651 	10.3969 	0.04301 	0.381937 	-0.00187593 	
5.025	-1.76731 	0.430364 	10.7803 	0.00486863 	0.382029 	-0.00749897 	
5.03	-1.7773 	0.341961 	10.6454 	0.0113875 	0.364819 	-0.00457042 	
5.035	-1.86509 	0.351211 	10.6064 	0.0103425 	0.35302 	-0.00338921 	
5.04	-1.93975 	0.357541 	10.5716 	0.00958802 	0.342853 	-0.00238387 	
5.045	-1.90187 	0.182171 	10.4533 	0.0246482 	0.330695 	-0.00270288 	
5.05	-1.85473 	0.243525 	10.49 	0.0189684 	0.340467 	-0.00149274 	
5.055	1.51865 	-0.106622 	11.1606 	0.0455487 	0.716757 	-0.0062083 	
5.06	0.201051 	0.197386 	10.9413 	0.0199624 	0.577545 	-0.00262202 	
5.065	-0.166847 	0.186301 	10.8405 	0.0214135 	0.532539 	-0.00243284 	
5.07	-0.266326 	0.0728308 	10.6831 	0.0289857 	0.501096 	0.00512292 	
5.075	-0.635651 	0.144416 	10.6349 	0.0238668 	0.464572 	0.00316698 	
5.08	-0.874955 	0.197171 	10.6101 	0.0197108 	0.441529 	0.00316928 	
5.085	-0.978112 	0.218981 	10.6128 	0.0191138 	0.434404 	-0.000514571 	
5.09	-1.10093 	0.259166 	10.628 	0.0170085 	0.427525 	-0.00432021 	
5.095	-1.20286 	0.289283 	10.6359 	0.0154815 	0.421172 	-0.00726213 	
5.1	-1.28947 	0.314127 	10.6411 	0.0142327 	0.415623 	-0.00970943 	
5.105	-1.36435 	0.336312 	10.6459 	0.0131011 	0.410943 	-0.0118519 	
5.11	-0.178573 	0.0851709 	10.5335 	0.0214419 	0.481647 	0.0261969 	
5.115	-0.480166 	0.170257 	10.609 	0.0190966 	0.472069 	0.0113111 	
5.12	-0.631546 	0.0889803 	10.4899 	0.0255833 	0.442905 	0.0132215 	
5.125	-0.764276 	0.0455091 	10.4451 	0.0300526 	0.42678 	0.0110533 	
5.13	0.482883 	-0.0887619 	10.7261 	0.0408648 	0.570724 	0.00773349 	
5.135	-0.120922 	-0.177295 	10.519 	0.0482835 	0.492256 	0.0106426 	
5.14	-0.35741 	-0.254018 	10.4104 	0.0560289 	0.458409 	0.007788 	
5.145	-0.560012 	-0.324688 	10.3165 	0.0628246 	0.429396 	0.00596866 	
5.15	-0.969482 	0.162666 	10.4255 	0.0204438 	0.413891 	0.00885593 	
5.155	-1.0345 	-0.0729141 	10.2915 	0.0415018 	0.389682 	0.00637196 	
5.16	-1.13708 	-0.166961 	10.2134 	0.0500152 	0.370763 	0.00510728 	
5.165	-1.85172 	0.435354 	10.8188 	0.00185376 	0.384414 	0.00386398 	
5.17	-1.81874 	0.345884 	10.6411 	0.00864345 	0.366859 	0.00417705 	
5.175	0.28179 	0.0885123 	11.0586 	0.0288391 	0.601403 	-1.02889e-05 	
5.18	-0.448005 	-0.00758092 	10.7429 	0.0377469 	0.498388 	0.000673305 	
5.185	-0.672136 	-0.0730653 	10.604 	0.0434708 	0.461805 	0.00076248 	
5.19	-0.875076 	-0.111686 	10.4947 	0.0469712 	0.431042 	0.000533959 	
5.195	-1.04828 	-0.144038 	10.4003 	0.0498536 	0.404698 	0.000458469 	
5.2	-1.19327 	-0.178806 	10.3148 	0.0529097 	0.381861 	0.000370234 	
5.205	-1.32017 	-0.202987 	10.2437 	0.0550145 	0.362442 	0.000350162 	
5.21	-1.3867 	-0.268973 	10.1759 	0.0607113 	0.348117 	-0.000174648 	
5.215	-1.62203 	0.0347069 	10.245 	0.0341855 	0.340212 	0.00216128 	
5.22	-1.71119 	0.0246836 	10.2216 	0.0351296 	0.329685 	0.00210046 	
5.225	-1.69924 	-0.109227 	10.1322 	0.0465317 	0.318747 	0.00157336 	
5.23	-1.75627 	-0.126729 	10.1129 	0.0468406 	0.312107 	0.0017784 	
5.235	2.65233 	-0.50348 	11.1462 	0.0734028 	0.821602 	0.000908091 	
5.24	1.10023 	-0.298269 	10.8266 	0.058115 	0.648615 	0.00155465 	
5.245	0.461618 	0.0604933 	10.8101 	0.0273372 	0.595255 	0.00454234 	
5.25	0.275334 	-0.25225 	10.5127 	0.0519782 	0.536771 	0.0122073 	
5.255	-0.0634312 	-0.292717 	10.403 	0.0572373 	0.494606 	0.00790462 	
5.26	-0.314787 	-0.373951 	10.28 	0.0651546 	0.457378 	0.00586144 	
5.265	-0.559931 	-0.384844 	10.2038 	0.066847 	0.427121 	0.00448027 	
5.27	-0.866349 	-0.101326 	10.2794 	0.0427553 	0.413251 	0.00523648 	
5.275	-1.1078 	0.0777822 	10.3148 	0.0277748 	0.399055 	0.0056741 	
5.28	-1.16396 	-0.157851 	10.1506 	0.0486458 	0.372041 	0.00337483 	
5.285	-1.26038 	-0.246825 	10.0652 	0.0566789 	0.352682 	0.00230441 	
5.29	-1.4508 	-0.11474 	10.1088 	0.0443485 	0.342825 	0.00744938 	
5.295	-1.56721 	-0.0652724 	10.0915 	0.0409355 	0.330343 	0.00430286 	
5.3	-1.62508 	-0.0690548 	10.0837 	0.0418824 	0.324299 	0.00235923 	
5.305	-1.68938 	-0.0564473 	10.0804 	0.0410492 	0.318589 	0.00182443 	
5.31	-1.74357 	-0.0454416 	10.0771 	0.0402902 	0.313788 	0.00138564 	
5.315	-1.85249 	0.025293 	10.0803 	0.0343464 	0.305755 	0.00145191 	
5.32	-1.932 	0.0693071 	10.0796 	0.0306363 	0.299579 	0.0016212 	
5.325	-2.00477 	0.116326 	10.0807 	0.0266882 	0.294278 	0.00170655 	
5.33	-1.95843 	0.167263 	10.1557 	0.0236509 	0.310207 	-0.00258026 	
5.335	2.74172 	-0.586619 	11.1142 	0.0817865 	0.831522 	-0.00325305 	
5.34	0.875454 	-0.0564575 	10.8876 	0.0380534 	0.649026 	0.00277894 	
5.345	0.199092 	0.100443 	10.9119 	0.025863 	0.600607 	0.00758342 	
5.35	-0.136754 	0.103041 	10.7581 	0.025815 	0.549655 	0.00616123 	
5.355	-0.475569 	0.142456 	10.6597 	0.0229346 	0.507614 	0.00522688 	
5.36	-0.76436 	0.179424 	10.5755 	0.020249 	0.471746 	0.0041229 	
5.365	-1.01885 	0.211007 	10.5109 	0.0181137 	0.441858 	0.00301068 	
5.37	-1.23439 	0.233622 	10.4396 	0.016315 	0.413965 	0.00271367 	
5.375	-1.41792 	0.252918 	10.38 	0.0148338 	0.390512 	0.00234107 	
5.38	-1.54033 	0.204724 	10.3187 	0.0189 	0.371882 	0.00230694 	
5.385	-1.77856 	0.507678 	10.3423 	-0.00679506 	0.357356 	0.0017321 	
5.39	-1.88245 	0.463377 	10.2925 	-0.00315454 	0.341867 	0.00282479 	
5.395	-1.10011 	-0.281412 	10.4223 	0.068567 	0.424482 	-0.0279986 	
5.4	-0.336507 	-0.180243 	10.6082 	0.0559382 	0.512823 	-0.0182861 	
5.405	0.0227621 	0.358808 	10.7951 	0.00557158 	0.575775 	-0.0114303 	
5.41	-0.00789061 	0.231488 	10.792 	0.0183049 	0.571412 	-0.0153703 	
5.415	-0.460461 	0.252983 	10.651 	0.0159712 	0.513603 	-0.0110115 	
5.42	-0.745537 	0.151819 	10.5 	0.0233251 	0.474353 	-0.00450751 	
5.425	-0.843703 	0.127139 	10.4626 	0.0243907 	0.460138 	-0.00102048 	
5.43	0.532633 	-0.193106 	10.615 	0.0514197 	0.590616 	-0.0104312 	
5.435	-0.215648 	-0.0143952 	10.5397 	0.0363258 	0.519219 	-0.00394806 	
5.44	-0.519434 	0.0435674 	10.4979 	0.0313694 	0.488311 	-0.00111785 	
5.445	-0.78254 	0.0954392 	10.463 	0.0269139 	0.461846 	0.00144865 	
5.45	2.52791 	0.734722 	12.2018 	-0.0326376 	0.978395 	0.0246038 	
5.455	1.20426 	0.385772 	11.4551 	-0.000739293 	0.764598 	0.0152677 	
5.46	0.766397 	0.229638 	11.1831 	0.0131032 	0.690186 	0.0143713 	
5.465	0.268682 	0.306376 	11.0358 	0.00743189 	0.628022 	0.0115829 	
5.47	-0.120099 	0.322953 	10.9092 	0.00684278 	0.578263 	0.00935879 	
5.475	-0.168976 	-0.0824859 	10.5277 	0.0385489 	0.518529 	0.0137753 	
5.48	-0.51063 	-0.0195179 	10.4573 	0.0335746 	0.480697 	0.0141687 	
5.485	-0.724036 	0.0921992 	10.448 	0.0250662 	0.46218 	0.0113777 	
5.49	-0.951414 	0.282185 	10.6323 	0.0151604 	0.462067 	-0.00836122 	
5.495	-1.09201 	0.104853 	10.4069 	0.0265534 	0.420848 	0.00359419 	
5.5	-1.43404 	0.676543 	10.4667 	-0.0237663 	0.410074 	0.0101575 	
5.505	0.972302 	0.170087 	10.9307 	0.0154293 	0.667364 	0.0115967 	
5.51	-0.0402064 	0.291898 	10.7085 	0.00703695 	0.555227 	0.0101306 	
5.515	-0.363109 	0.246667 	10.613 	0.0114741 	0.515436 	0.00856012 	
5.52	-0.382504 	0.290714 	10.6563 	0.00942425 	0.521178 	0.00367876 	
5.525	-0.449561 	0.324124 	10.6778 	0.00790506 	0.519689 	8.02302e-05 	
5.53	-0.504256 	0.331354 	10.6773 	0.00825365 	0.515897 	-0.00268552 	
5.535	-0.522414 	0.318037 	10.4776 	-0.000330885 	0.471013 	0.0307262 	
5.54	0.439701 	0.0595319 	10.6543 	0.0231755 	0.580367 	0.0192774 	
5.545	-0.105043 	0.126972 	10.5534 	0.0194454 	0.522866 	0.015181 	
5.55	-0.3911 	0.141269 	10.4834 	0.0192426 	0.490545 	0.012783 	
5.555	-0.644447 	0.1508 	10.4229 	0.0193002 	0.462344 	0.0109277 	
5.56	0.573424 	0.0166898 	10.7359 	0.0294676 	0.606126 	0.00930878 	
5.565	1.14181 	-0.0833532 	10.8763 	0.0377989 	0.672484 	0.00733557 	
5.57	1.84061 	-0.164746 	11.0528 	0.0441532 	0.754395 	0.00589841 	
5.575	1.67759 	-0.116474 	11.0352 	0.0403867 	0.738942 	0.0058268 	
5.58	1.26354 	-0.0748137 	10.9432 	0.0375851 	0.69341 	0.00566342 	
5.585	0.876418 	-0.0474504 	10.8416 	0.0361329 	0.64785 	0.00433422 	
5.59	0.542687 	-0.0385583 	10.7498 	0.0362675 	0.608203 	0.00274638 	
5.595	0.0541141 	0.069135 	10.636 	0.0280268 	0.553447 	0.00169363 	
5.6	-0.226234 	0.0652934 	10.5735 	0.0292725 	0.522507 	0.000771591 	
5.605	-0.48865 	0.0770298 	10.4962 	0.0284949 	0.490247 	0.000832382 	
5.61	-0.707066 	0.0835937 	10.4333 	0.0281827 	0.463782 	0.000721647 	
5.615	0.928481 	-0.0944334 	10.8574 	0.0416348 	0.6564 	-0.000865995 	
5.62	0.160806 	0.000878885 	10.7352 	0.0342715 	0.577993 	0.00287483 	
5.625	1.79627 	-0.181604 	11.1608 	0.0484263 	0.770686 	-0.00100914 	
5.63	1.91023 	-0.193275 	11.166 	0.0494775 	0.780358 	-0.00197841 	
5.635	2.15052 	-0.222088 	11.2177 	0.0513683 	0.807259 	-0.0015406 	
5.64	1.37412 	-0.0381568 	11.112 	0.0383202 	0.731109 	-0.00595777 	
5.645	0.942056 	0.0984612 	11.0721 	0.0280211 	0.691434 	-0.00792982 	
5.65	0.529425 	0.00924979 	10.8333 	0.0348841 	0.624397 	-0.00538472 	
5.655	1.53439 	-0.109134 	11.0884 	0.043465 	0.741356 	-0.00521548 	
5.66	1.21268 	-0.0504963 	11.0109 	0.0387632 	0.7042 	-0.00464222 	
5.665	0.632079 	0.0575791 	10.9071 	0.0307976 	0.642959 	-0.00559523 	
5.67	1.58224 	-0.074448 	11.1227 	0.0403358 	0.749675 	-0.00472547 	
5.675	1.51262 	-0.0708595 	11.0887 	0.0399325 	0.739265 	-0.00432811 	
5.68	1.88811 	-0.13247 	11.1695 	0.0444575 	0.780894 	-0.00377703 	
5.685	1.79592 	-0.118638 	11.1389 	0.0433605 	0.769067 	-0.00379999 	
5.69	1.96185 	-0.136885 	11.175 	0.0445629 	0.787633 	-0.00339562 	
5.695	1.17725 	0.00189926 	11.0072 	0.0330849 	0.70097 	0.000654556 	
5.7	1.44562 	-0.0550266 	11.0514 	0.0375414 	0.728822 	3.49708e-05 	
5.705	0.660381 	0.133352 	10.9304 	0.0240205 	0.649639 	-0.00414769 	
5.71	0.198938 	0.227494 	10.7854 	0.0172566 	0.592159 	-0.00743976 	
5.715	-0.201315 	0.311055 	10.6733 	0.0113124 	0.544414 	-0.0101853 	
5.72	-0.522892 	0.310309 	10.5459 	0.0119821 	0.500331 	-0.0115405 	
5.725	-0.908861 	0.94031 	10.5012 	-0.0418889 	0.470064 	-0.0108867 	
5.73	-0.847517 	0.617387 	10.1741 	-0.0193692 	0.423802 	-0.0137928 	
5.735	-1.00164 	0.581972 	10.0585 	-0.0175396 	0.394176 	-0.0171665 	
5.74	-1.20696 	0.557581 	10.0514 	-0.0149841 	0.377707 	-0.0244863 	
5.745	-1.318 	1.33484 	10.0445 	-0.0809093 	0.378892 	-0.0217068 	
5.75	2.24786 	0.543521 	10.9909 	-0.017899 	0.794463 	-0.0178814 	
5.755	0.794922 	0.6552 	10.6775 	-0.0238924 	0.634044 	-0.0285361 	
5.76	0.227956 	0.414159 	10.5846 	0.00111209 	0.577695 	-0.0260013 	
5.765	-0.174293 	0.235845 	10.4561 	0.0177578 	0.527867 	-0.0251794 	
5.77	-0.445375 	0.190363 	10.3279 	0.0209716 	0.486053 	-0.0206955 	
5.775	-0.694891 	0.132868 	10.224 	0.0257328 	0.450311 	-0.0176165 	
5.78	-0.951713 	0.187963 	10.1754 	0.0234226 	0.422469 	-0.0242493 	
5.785	-1.19903 	0.30017 	10.1603 	0.0166165 	0.40047 	-0.0321967 	
5.79	-1.40878 	0.392314 	10.1452 	0.0109153 	0.381552 	-0.0381825 	
5.795	-1.51822 	0.497903 	10.1084 	0.00196406 	0.367156 	-0.0411299 	
5.8	-1.63873 	0.560628 	10.0859 	-0.00316551 	0.354448 	-0.0444556 	
5.805	-1.66761 	0.668292 	10.0221 	-0.0125284 	0.341858 	-0.0449929 	
5.81	-1.75323 	0.647186 	9.9892 	-0.0138229 	0.329644 	-0.0319156 	
5.815	-1.74898 	0.763254 	9.93492 	-0.022851 	0.32145 	-0.0369385 	
5.82	-1.128 	0.594652 	10.1451 	-0.00952734 	0.401493 	-0.0323717 	
5.825	-1.48547 	0.741894 	10.3377 	-0.0213459 	0.400198 	-0.0240652 	
5.83	-1.46686 	0.644016 	10.3327 	-0.0140107 	0.402072 	-0.0181165 	
5.835	1.17919 	0.216765 	10.9515 	0.0180465 	0.701528 	-0.017549 	
5.84	0.194135 	0.324298 	10.7204 	0.0100874 	0.589529 	-0.0148703 	
5.845	-0.194681 	0.440545 	10.6017 	0.000600396 	0.54186 	-0.0178056 	
5.85	-0.525341 	0.371061 	10.4806 	0.0067812 	0.499371 	-0.0166926 	
5.855	-0.808668 	0.325112 	10.3824 	0.011135 	0.463836 	-0.0162937 	
5.86	-1.00907 	0.25365 	10.2554 	0.0168372 	0.42951 	-0.0138654 	
5.865	-1.20344 	0.259865 	10.1833 	0.0160466 	0.404053 	-0.0112453 	
5.87	-1.39796 	0.377392 	10.1665 	0.00646269 	0.386666 	-0.0102639 	
5.875	-1.4125 	0.361249 	10.1863 	0.00784817 	0.387943 	-0.00902953 	
5.88	-1.45141 	0.365302 	10.1941 	0.00754294 	0.38587 	-0.00801226 	
5.885	-1.45551 	0.364198 	10.2065 	0.00763534 	0.387333 	-0.00718947 	
5.89	-1.46715 	0.367287 	10.218 	0.00737122 	0.388091 	-0.00642742 	
5.895	-1.48287 	0.238214 	10.2148 	0.0186196 	0.384057 	-0.00643548 	
5.9	-1.5375 	0.192872 	10.2111 	0.0225634 	0.378441 	-0.00583376 	
5.905	-1.58173 	0.240611 	10.2084 	0.0184932 	0.375498 	-0.00521602 	
5.91	1.30437 	-0.1319 	10.9371 	0.045761 	0.711195 	-0.00578132 	
5.915	0.321407 	0.0184377 	10.6981 	0.0344557 	0.598825 	-0.00497973 	
5.92	-0.0234 	0.0830616 	10.6258 	0.0296688 	0.561586 	-0.0051623 	
5.925	-0.340393 	-0.280459 	10.6243 	0.0613078 	0.531372 	-0.000962082 	
5.93	-0.629989 	-0.00199888 	10.4899 	0.0380867 	0.491477 	-0.00378586 	
5.935	-0.920172 	0.0732192 	10.3826 	0.031803 	0.454674 	-0.00330931 	
5.94	-1.16176 	0.15042 	10.2918 	0.0254048 	0.423842 	-0.00327397 	
5.945	-1.25302 	0.171288 	10.1626 	0.0237857 	0.397548 	-0.00614949 	
5.95	-1.42604 	0.303947 	10.1363 	0.0130886 	0.38138 	-0.00723998 	
5.955	-1.46144 	0.303452 	10.1497 	0.0130636 	0.380966 	-0.00608779 	
5.96	-1.48373 	0.31638 	10.1576 	0.0119172 	0.380916 	-0.00545728 	
5.965	-1.48829 	0.323654 	10.1652 	0.0112394 	0.38222 	-0.00495662 	
5.97	-1.49875 	0.331813 	10.171 	0.0105026 	0.382756 	-0.00450971 	
5.975	-1.53082 	0.343845 	10.1719 	0.00947088 	0.380839 	-0.00412164 	
5.98	-1.54961 	0.351707 	10.1731 	0.00877157 	0.380018 	-0.00379025 	
5.985	-1.57228 	0.383031 	10.1643 	0.00612355 	0.377862 	-0.00373928 	
5.99	-1.58134 	0.367607 	10.1623 	0.00743857 	0.377066 	-0.00347105 	
5.995	-1.5604 	0.355097 	10.1646 	0.00843117 	0.379428 	-0.00324105 	
6	-1.5468 	0.345477 	10.1658 	0.00919233 	0.381076 	-0.00301619 	
6.005	-1.52963 	0.336491 	10.1676 	0.00989318 	0.383107 	-0.00281674 	
6.01	-1.45802 	0.244791 	10.0368 	0.0181071 	0.371561 	-0.00235469 	
6.015	-1.48139 	0.237358 	10.0166 	0.0187534 	0.367311 	-0.00217747 	
6.02	-1.47591 	0.257202 	10.0604 	0.0169292 	0.374104 	-0.00218738 	
6.025	-1.51855 	0.268406 	10.0694 	0.0160196 	0.372157 	-0.00230303 	
6.03	-1.54405 	0.276882 	10.0786 	0.0152939 	0.371665 	-0.00231604 	
6.035	-1.56456 	0.283607 	10.0857 	0.0147049 	0.371306 	-0.00230667 	
6.04	-1.56421 	0.290463 	10.0959 	0.0140536 	0.373103 	-0.00224294 	
6.045	-1.56672 	0.295665 	10.1027 	0.013548 	0.37421 	-0.00218438 	
6.05	-1.59432 	0.30109 	10.0978 	0.0130427 	0.371711 	-0.00214808 	
6.055	-1.56851 	0.299516 	10.1047 	0.0130988 	0.37512 	-0.00213441 	
6.06	-1.55465 	0.29942 	10.1082 	0.013056 	0.377103 	-0.0021123 	
6.065	-1.54233 	0.299395 	10.1106 	0.0130124 	0.378823 	-0.00209424 	
6.07	-1.52538 	0.286059 	10.1157 	0.0140315 	0.381301 	-0.0016558 	
6.075	-1.58228 	0.34969 	10.1227 	0.00876213 	0.378197 	-0.0029358 	
6.08	-1.48927 	0.31341 	10.1353 	0.0116181 	0.387681 	-0.00249971 	
6.085	-1.47256 	0.301777 	10.1335 	0.0125035 	0.389093 	-0.0023461 	
6.09	-1.49158 	0.302341 	10.1174 	0.0125822 	0.385409 	-0.00291703 	
6.095	-1.51691 	0.298036 	10.1035 	0.0129553 	0.381682 	-0.00294389 	
6.1	-1.57105 	0.240106 	9.98257 	0.0175971 	0.360811 	-0.00395435 	
6.105	-1.59144 	0.257804 	10.028 	0.0161269 	0.36624 	-0.00251602 	
6.11	-1.594 	0.261998 	10.0302 	0.0158112 	0.366498 	-0.00278906 	
6.115	-1.61766 	0.2748 	10.0303 	0.0148388 	0.36509 	-0.00278386 	
6.12	2.32938 	-0.118674 	11.2852 	0.042421 	0.853388 	-0.00293064 	
6.125	0.849156 	0.0540359 	10.7789 	0.0297504 	0.666191 	-0.00268474 	
6.13	0.506791 	0.0774233 	10.685 	0.0282957 	0.625797 	-0.00247559 	
6.135	0.0642742 	0.116405 	10.6844 	0.0273384 	0.593146 	-0.000917071 	
6.14	0.471416 	0.0802781 	10.7565 	0.0291265 	0.635595 	-0.00103338 	
6.145	-0.141733 	0.261306 	10.5654 	0.0154398 	0.561283 	-0.00461229 	
6.15	-0.464537 	0.245088 	10.3976 	0.0163285 	0.512373 	-0.00288464 	
6.155	-0.681469 	0.286709 	10.4 	0.0141443 	0.496714 	-0.00563666 	
6.16	-0.839407 	0.268472 	10.303 	0.0163379 	0.471434 	-0.00623943 	
6.165	-0.97455 	0.259994 	10.2283 	0.0175353 	0.450839 	-0.00680866 	
6.17	-1.0836 	0.250409 	10.1598 	0.0186481 	0.432976 	-0.00707608 	
6.175	-1.2005 	0.274619 	10.1603 	0.0164907 	0.42367 	-0.0068849 	
6.18	-1.27247 	0.275652 	10.1336 	0.0161349 	0.413762 	-0.00611666 	
6.185	-1.33696 	0.284437 	10.1105 	0.0151708 	0.405109 	-0.0055047 	
6.19	-1.333 	0.164565 	10.0848 	0.0250481 	0.398695 	-0.0064796 	
6.195	-1.01018 	0.12633 	10.1277 	0.0273484 	0.431216 	-0.00605625 	
6.2	-0.35328 	0.0669472 	10.3438 	0.0311783 	0.513677 	-0.00534049 	
6.205	0.290496 	0.00503158 	10.5417 	0.0354755 	0.592115 	-0.00579835 	
6.21	0.886042 	-0.0678634 	10.6927 	0.0402929 	0.66097 	-0.00495873 	
6.215	1.01705 	-0.0223761 	10.788 	0.0366133 	0.684746 	-0.004922 	
6.22	1.06641 	-0.011102 	10.8457 	0.0357831 	0.696336 	-0.00465118 	
6.225	1.34445 	-0.0549012 	10.9184 	0.0388612 	0.7287 	-0.0043039 	
6.23	1.58062 	-0.088503 	10.9807 	0.0412096 	0.756254 	-0.0042148 	
6.235	1.57101 	-0.0660107 	11.0158 	0.0395497 	0.760123 	-0.00404686 	
6.24	2.63242 	-0.3292 	11.1233 	0.0588357 	0.859893 	-0.00517536 	
6.245	2.91586 	-0.359254 	11.1701 	0.0607284 	0.889364 	-0.00563954 	
6.25	3.01236 	-0.422525 	11.2012 	0.0657029 	0.900812 	-0.00459945 	
6.255	2.94812 	-0.380041 	11.2163 	0.0623936 	0.897935 	-0.00436591 	
6.26	2.93137 	-0.362552 	11.232 	0.0610169 	0.89881 	-0.00409305 	
6.265	2.91706 	-0.347622 	11.2454 	0.0598409 	0.899555 	-0.00385971 	
6.27	2.90496 	-0.334869 	11.2569 	0.0588367 	0.900198 	-0.00366142 	
6.275	2.89456 	-0.323977 	11.2667 	0.0579783 	0.900737 	-0.0034909 	
6.28	2.88573 	-0.314669 	11.2751 	0.0572447 	0.901203 	-0.00334567 	
6.285	2.87807 	-0.306726 	11.2822 	0.056619 	0.901582 	-0.00322153 	
6.29	2.87152 	-0.29994 	11.2883 	0.0560844 	0.901902 	-0.00311548 	
6.295	2.86598 	-0.294151 	11.2934 	0.0556282 	0.902176 	-0.00302505 	
6.3	2.86114 	-0.289193 	11.2978 	0.0552378 	0.902396 	-0.00294784 	
6.305	2.85702 	-0.284962 	11.3016 	0.0549046 	0.902582 	-0.00288199 	
6.31	2.8535 	-0.281347 	11.3048 	0.05462 	0.902737 	-0.00282587 	
6.315	2.85044 	-0.278249 	11.3075 	0.054376 	0.902859 	-0.00277801 	
6.32	2.84788 	-0.275615 	11.3098 	0.0541687 	0.902966 	-0.00273724 	
6.325	2.71044 	-0.245659 	11.3011 	0.0520918 	0.890711 	-0.00276898 	
6.33	2.75533 	-0.253333 	11.3065 	0.0525984 	0.895047 	-0.00271663 	
6.335	2.76626 	-0.25427 	11.3089 	0.052646 	0.896243 	-0.00268619 	
6.34	2.776 	-0.25514 	11.3109 	0.0526913 	0.897302 	-0.00265923 	
6.345	2.8073 	-0.263006 	11.314 	0.0532289 	0.90017 	-0.00253695 	
6.35	2.80639 	-0.261174 	11.315 	0.0530896 	0.900247 	-0.00255202 	
6.355	2.81016 	-0.261018 	11.3162 	0.0530692 	0.9007 	-0.00254523 	
6.36	2.8135 	-0.260919 	11.3171 	0.0530542 	0.901094 	-0.00253927 	
6.365	2.81618 	-0.260799 	11.3179 	0.0530389 	0.90141 	-0.0025345 	
6.37	2.81855 	-0.260709 	11.3186 	0.0530267 	0.901685 	-0.00253064 	
6.375	2.82053 	-0.260629 	11.3192 	0.0530162 	0.901911 	-0.00252728 	
6.38	2.8222 	-0.260558 	11.3197 	0.0530069 	0.902098 	-0.0025246 	
6.385	2.8236 	-0.260494 	11.32 	0.0529989 	0.902252 	-0.00252235 	
6.39	2.82478 	-0.260439 	11.3204 	0.052992 	0.902378 	-0.00252048 	
6.395	2.82582 	-0.260397 	11.3206 	0.0529865 	0.902486 	-0.00251916 	
6.4	2.8265 	-0.260351 	11.3208 	0.0529815 	0.902552 	-0.00251854 	
6.405	2.77368 	-0.261331 	11.311 	0.0531306 	0.896974 	-0.00221191 	
6.41	2.79321 	-0.261018 	11.3146 	0.0530776 	0.899016 	-0.00231532 	
6.415	2.81184 	-0.259054 	11.3183 	0.0529293 	0.901082 	-0.0023475 	
6.42	2.81198 	-0.259555 	11.3183 	0.0529574 	0.901043 	-0.00237111 	
6.425	2.81483 	-0.259641 	11.3188 	0.052957 	0.901318 	-0.00239205 	
6.43	2.69469 	-0.27938 	11.2803 	0.055002 	0.886923 	-0.00434055 	
6.435	2.72096 	-0.269702 	11.2928 	0.0540945 	0.89049 	-0.00367817 	
6.44	2.74102 	-0.269012 	11.2973 	0.0539722 	0.892661 	-0.00350219 	
6.445	2.57361 	-0.253382 	11.276 	0.053132 	0.87612 	-0.0036737 	
6.45	2.6664 	-0.258168 	11.2908 	0.0532491 	0.88558 	-0.00334994 	
6.455	2.68709 	-0.258285 	11.2948 	0.0531998 	0.88775 	-0.0032355 	
6.46	2.7079 	-0.258572 	11.2986 	0.0531622 	0.889908 	-0.00312437 	
6.465	2.72574 	-0.258807 	11.3019 	0.0531293 	0.891756 	-0.00302929 	
6.47	2.74102 	-0.259009 	11.3046 	0.0531012 	0.893336 	-0.00294864 	
6.475	2.75405 	-0.259181 	11.307 	0.0530772 	0.89468 	-0.00287991 	
6.48	2.76521 	-0.259326 	11.309 	0.0530565 	0.895829 	-0.00282131 	
6.485	2.77469 	-0.259451 	11.3107 	0.053039 	0.896799 	-0.00277131 	
6.49	2.78293 	-0.259592 	11.3122 	0.0530265 	0.897638 	-0.00272886 	
6.495	2.78978 	-0.259675 	11.3134 	0.0530133 	0.898334 	-0.00269259 	
6.5	2.46853 	-0.158987 	11.2855 	0.0461441 	0.870391 	-0.00675835 	
6.505	2.50513 	-0.165064 	11.292 	0.0464239 	0.873946 	-0.00617839 	
6.51	2.56838 	-0.184657 	11.297 	0.0477962 	0.879417 	-0.00547121 	
6.515	2.60638 	-0.195597 	11.3004 	0.0485421 	0.882743 	-0.0050376 	
6.52	2.63888 	-0.204988 	11.3033 	0.0491817 	0.885583 	-0.00466695 	
6.525	2.66666 	-0.213016 	11.3057 	0.0497279 	0.888006 	-0.00435042 	
6.53	2.69033 	-0.219867 	11.3078 	0.050194 	0.890067 	-0.00408018 	
6.535	2.71058 	-0.225716 	11.3095 	0.0505919 	0.891828 	-0.0038496 	
6.54	2.72781 	-0.230711 	11.311 	0.0509317 	0.893321 	-0.00365276 	
6.545	2.74252 	-0.234978 	11.3123 	0.0512221 	0.894593 	-0.00348479 	
6.55	2.75514 	-0.23862 	11.3133 	0.0514697 	0.895683 	-0.00334136 	
6.555	2.76584 	-0.241732 	11.3142 	0.0516816 	0.8966 	-0.00321903 	
6.56	2.77496 	-0.244388 	11.315 	0.0518625 	0.897378 	-0.00311474 	
6.565	2.78269 	-0.246654 	11.3156 	0.0520169 	0.898034 	-0.00302601 	
6.57	2.79087 	-0.248593 	11.3166 	0.0521479 	0.898791 	-0.00294365 	
6.575	2.79599 	-0.250247 	11.3169 	0.052261 	0.899196 	-0.00288117 	
6.58	2.80067 	-0.251659 	11.3172 	0.0523574 	0.899577 	-0.00282661 	
6.585	2.80412 	-0.252862 	11.3173 	0.0524398 	0.899835 	-0.00278046 	
6.59	2.80767 	-0.253891 	11.3176 	0.05251 	0.900124 	-0.0027408 	
6.595	2.81059 	-0.254768 	11.3178 	0.0525701 	0.900353 	-0.00270708 	
6.6	2.81357 	-0.255507 	11.3181 	0.0526204 	0.90061 	-0.00267922 	
6.605	2.81552 	-0.25615 	11.3182 	0.0526646 	0.900746 	-0.00265473 	
6.61	2.81734 	-0.256702 	11.3182 	0.0527024 	0.900879 	-0.00263395 	
6.615	2.44838 	-0.232267 	11.2046 	0.051159 	0.855016 	-0.00294984 	
6.62	2.09454 	-0.190953 	11.0988 	0.0484144 	0.812394 	-0.00502292 	
6.625	3.11306 	-0.31803 	11.295 	0.0571339 	0.92253 	-0.00650403 	
6.63	1.92437 	-0.155164 	10.9205 	0.0449896 	0.775028 	-0.00563439 	
6.635	2.41464 	-0.235699 	11.0779 	0.0509899 	0.835983 	-0.00527455 	
6.64	2.43817 	-0.230682 	11.1063 	0.0506415 	0.841665 	-0.00484396 	
6.645	2.49665 	-0.235391 	11.1374 	0.0510071 	0.850563 	-0.00450344 	
6.65	2.26283 	-0.232532 	11.0763 	0.0511705 	0.822558 	-0.00440128 	
6.655	2.04108 	-0.132937 	10.8885 	0.0445575 	0.775754 	-0.0131932 	
