0.0	0.333706	-0.17241	0.0336918	-0.369617	-1.57018	0.369649
0.005	0.332479	-0.183034	0.0339483	-2.5918	-1.56823	2.1216
0.01	0.333443	-0.178384	0.0337494	-0.652107	-1.57035	0.38925
0.015	0.333472	-0.178321	0.0337415	-0.648879	-1.56995	0.385544
0.02	0.333487	-0.178296	0.0337472	-0.618568	-1.57024	0.357167
0.025	0.333483	-0.178289	0.0337403	-0.614482	-1.56988	0.35365
0.03	0.333473	-0.178287	0.0337307	-0.614354	-1.56937	0.354012
0.035	0.333524	-0.178303	0.0337479	-0.623053	-1.57023	0.361266
0.04	0.333532	-0.178313	0.0337445	-0.627282	-1.57003	0.365207
0.045	0.333533	-0.178323	0.0337376	-0.628544	-1.56965	0.366273
0.05	0.33353	-0.178335	0.0337279	-0.628558	-1.56912	0.366165
0.055	0.333598	-0.178288	0.0337437	-0.618797	-1.56991	0.357796
0.06	0.333617	-0.17828	0.0337398	-0.616712	-1.56968	0.356212
0.065	0.333629	-0.178276	0.0337326	-0.616539	-1.56927	0.356476
0.07	0.333637	-0.178276	0.0337227	-0.61696	-1.56872	0.357281
0.075	0.3337	-0.178297	0.0337377	-0.620483	-1.56945	0.359249
0.08	0.333724	-0.178308	0.0337335	-0.62252	-1.56919	0.36092
0.085	0.333742	-0.17832	0.0337261	-0.623857	-1.56876	0.362
0.09	0.333757	-0.178333	0.0337161	-0.624607	-1.56818	0.362579
0.095	0.333841	-0.178271	0.0337297	-0.61712	-1.56884	0.357218
0.1	0.333877	-0.178258	0.0337251	-0.615688	-1.56855	0.356531
0.105	0.333907	-0.17825	0.0337174	-0.615206	-1.56809	0.356681
0.11	0.333959	-0.178281	0.033721	-0.617316	-1.56822	0.357192
0.115	0.333991	-0.178294	0.0337138	-0.618393	-1.56777	0.357975
0.12	0.334019	-0.178306	0.033704	-0.619333	-1.5672	0.358716
0.125	0.334045	-0.178319	0.0336923	-0.620071	-1.56651	0.35933
0.13	0.334164	-0.178252	0.0337133	-0.614387	-1.56754	0.355696
0.135	0.334221	-0.178237	0.0337109	-0.613237	-1.56734	0.355282
0.14	0.334271	-0.178227	0.033705	-0.612797	-1.56696	0.355465
0.145	0.334317	-0.178222	0.0336964	-0.612774	-1.56643	0.355975
0.15	0.334376	-0.178262	0.0336958	-0.613373	-1.56631	0.354721
0.155	0.334421	-0.178279	0.0336869	-0.614114	-1.56576	0.355042
0.16	0.334464	-0.178294	0.033676	-0.614913	-1.56509	0.355541
0.165	0.334576	-0.178232	0.0336876	-0.610908	-1.56561	0.353775
0.17	0.334642	-0.178219	0.0336822	-0.610316	-1.56524	0.353922
0.175	0.334702	-0.178211	0.0336741	-0.610133	-1.56472	0.354365
0.18	0.334759	-0.178208	0.0336637	-0.610182	-1.56407	0.354949
0.185	0.334853	-0.178232	0.0336707	-0.608377	-1.56433	0.351653
0.19	0.33492	-0.178243	0.033664	-0.608352	-1.56388	0.351339
0.195	0.334984	-0.178254	0.0336548	-0.608676	-1.56329	0.351466
0.2	0.335086	-0.178205	0.0336567	-0.606244	-1.56328	0.351094
0.205	0.335161	-0.178195	0.0336487	-0.605949	-1.56275	0.351512
0.21	0.335232	-0.178189	0.0336386	-0.605934	-1.5621	0.352101
0.215	0.3353	-0.178187	0.0336268	-0.606079	-1.56136	0.352763
0.22	0.335426	-0.178196	0.0336396	-0.602733	-1.56192	0.348315
0.225	0.335514	-0.178202	0.0336346	-0.602148	-1.56153	0.347571
0.23	0.335597	-0.17821	0.0336269	-0.602054	-1.561	0.347386
0.235	0.335677	-0.178218	0.0336171	-0.602294	-1.56035	0.347588
0.24	0.33579	-0.178161	0.0336156	-0.599609	-1.56015	0.347407
0.245	0.335879	-0.178148	0.0336063	-0.599151	-1.55952	0.347876
0.25	0.335965	-0.178139	0.0335953	-0.598999	-1.5588	0.348499
0.255	0.336087	-0.178159	0.0336001	-0.596812	-1.55892	0.345062
0.26	0.336183	-0.178166	0.0335927	-0.596496	-1.55839	0.344626
0.265	0.336277	-0.178174	0.0335833	-0.596556	-1.55774	0.344626
0.27	0.336368	-0.178183	0.0335722	-0.596866	-1.557	0.344922
0.275	0.33651	-0.178119	0.0335759	-0.592599	-1.55707	0.343204
0.28	0.336618	-0.178103	0.0335682	-0.59165	-1.55652	0.343206
0.285	0.336723	-0.178092	0.0335585	-0.591162	-1.55585	0.343513
0.29	0.336825	-0.178086	0.0335473	-0.590999	-1.55509	0.34402
0.295	0.336957	-0.178113	0.03355	-0.58876	-1.55509	0.340248
0.3	0.337068	-0.178124	0.033542	-0.58841	-1.55449	0.339641
0.305	0.337177	-0.178134	0.0335321	-0.588441	-1.5538	0.339501
0.31	0.337315	-0.178076	0.0335286	-0.585282	-1.55347	0.338961
0.315	0.337433	-0.178063	0.0335189	-0.584588	-1.55279	0.339187
0.32	0.337548	-0.178054	0.0335078	-0.584275	-1.55202	0.339643
0.325	0.337662	-0.17805	0.0334956	-0.584232	-1.55118	0.34025
0.33	0.337775	-0.178048	0.0334825	-0.584375	-1.5503	0.340946
0.335	0.337954	-0.178053	0.0334962	-0.578773	-1.5509	0.334146
0.34	0.33809	-0.178057	0.0334916	-0.577325	-1.55048	0.332519
0.345	0.338223	-0.178063	0.0334846	-0.576525	-1.54993	0.331609
0.35	0.338342	-0.17802	0.0334675	-0.576027	-1.54882	0.33377
0.355	0.338466	-0.178009	0.0334541	-0.575888	-1.54791	0.334586
0.36	0.33859	-0.178003	0.0334403	-0.575963	-1.54697	0.335458
0.365	0.338714	-0.178001	0.0334259	-0.576186	-1.54599	0.336353
0.37	0.338914	-0.177995	0.0334416	-0.569677	-1.54672	0.328941
0.375	0.339067	-0.177995	0.0334375	-0.567914	-1.54631	0.327145
0.38	0.339215	-0.177997	0.033431	-0.566849	-1.54576	0.326088
0.385	0.339336	-0.177965	0.03341	-0.566818	-1.54442	0.328412
0.39	0.33947	-0.177957	0.0333956	-0.566746	-1.54343	0.329229
0.395	0.339605	-0.177953	0.033381	-0.566879	-1.54243	0.330105
0.4	0.339741	-0.177952	0.0333663	-0.567155	-1.5414	0.33101
0.405	0.339878	-0.177954	0.0333514	-0.567529	-1.54037	0.331921
0.41	0.340121	-0.177921	0.0333758	-0.557621	-1.54162	0.32165
0.415	0.340298	-0.177913	0.0333748	-0.554647	-1.54138	0.318786
0.42	0.340469	-0.177909	0.0333709	-0.552621	-1.54098	0.316881
0.425	0.340568	-0.177897	0.0333371	-0.555732	-1.53886	0.322167
0.43	0.340708	-0.177895	0.0333193	-0.556333	-1.53765	0.323631
0.435	0.340851	-0.177895	0.0333021	-0.556955	-1.53647	0.324977
0.44	0.340996	-0.177898	0.0332854	-0.557587	-1.5353	0.326222
0.445	0.341256	-0.177854	0.0333103	-0.547076	-1.53662	0.315681
0.45	0.341445	-0.177842	0.033309	-0.543977	-1.53636	0.312837
0.455	0.341629	-0.177836	0.033305	-0.541836	-1.53593	0.310933
0.46	0.341737	-0.177832	0.0332701	-0.544818	-1.53373	0.31579
0.465	0.341888	-0.177832	0.0332521	-0.54536	-1.53248	0.31713
0.47	0.342042	-0.177834	0.0332348	-0.545953	-1.53127	0.318394
0.475	0.342199	-0.177837	0.0332182	-0.546579	-1.53008	0.31959
0.48	0.342467	-0.177783	0.0332405	-0.535742	-1.53128	0.309208
0.485	0.342668	-0.177768	0.0332384	-0.53253	-1.53097	0.306409
0.49	0.342864	-0.177758	0.0332339	-0.530289	-1.53051	0.30453
0.495	0.34298	-0.177762	0.0331989	-0.533225	-1.52826	0.309036
0.5	0.343143	-0.177764	0.0331808	-0.533735	-1.52699	0.310281
0.505	0.343308	-0.177767	0.0331637	-0.534317	-1.52575	0.311482
0.51	0.343477	-0.177772	0.0331472	-0.534947	-1.52455	0.312639
0.515	0.343752	-0.177707	0.0331663	-0.523695	-1.52561	0.302308
0.52	0.343963	-0.177689	0.0331633	-0.520343	-1.52525	0.299517
0.525	0.344169	-0.177677	0.0331582	-0.517983	-1.52475	0.297639
0.53	0.344372	-0.17767	0.0331515	-0.516415	-1.52414	0.296489
0.535	0.344481	-0.17768	0.0331094	-0.519649	-1.52144	0.301441
0.54	0.344647	-0.177684	0.0330883	-0.520452	-1.51996	0.303049
0.545	0.344818	-0.17769	0.0330687	-0.521245	-1.51856	0.304518
0.55	0.345103	-0.177633	0.0330871	-0.511733	-1.51956	0.295644
0.555	0.345321	-0.177619	0.0330829	-0.509055	-1.51911	0.29348
0.56	0.345536	-0.177609	0.033077	-0.507214	-1.51854	0.292082
0.565	0.345747	-0.177604	0.0330696	-0.506036	-1.51787	0.291291
0.57	0.345877	-0.177596	0.0330305	-0.505965	-1.51538	0.293305
0.575	0.346056	-0.177595	0.0330103	-0.505832	-1.51396	0.294096
0.58	0.346241	-0.177597	0.0329917	-0.505926	-1.5126	0.29496
0.585	0.34643	-0.177601	0.0329743	-0.506192	-1.51131	0.295874
0.59	0.346739	-0.177537	0.0329964	-0.496124	-1.51258	0.286375
0.595	0.346976	-0.17752	0.0329945	-0.493035	-1.51226	0.283765
0.6	0.347208	-0.177509	0.0329905	-0.490862	-1.5118	0.282006
0.605	0.347335	-0.177514	0.0329482	-0.492372	-1.50905	0.285354
0.61	0.347524	-0.177516	0.0329282	-0.49244	-1.5076	0.286267
0.615	0.347719	-0.177519	0.0329098	-0.492694	-1.50624	0.287229
0.62	0.347918	-0.177525	0.0328928	-0.493089	-1.50494	0.288221
0.625	0.348227	-0.17745	0.03291	-0.482064	-1.50599	0.278283
0.63	0.34847	-0.177429	0.0329066	-0.478691	-1.50559	0.275553
0.635	0.34871	-0.177415	0.0329015	-0.47629	-1.50507	0.273698
0.64	0.34885	-0.177429	0.0328619	-0.478335	-1.50241	0.277213
0.645	0.34905	-0.177433	0.0328426	-0.478516	-1.50098	0.278153
0.65	0.349254	-0.177438	0.0328249	-0.478863	-1.49963	0.279139
0.655	0.349463	-0.177446	0.0328085	-0.479336	-1.49834	0.280153
0.66	0.34977	-0.17736	0.0328204	-0.467486	-1.49915	0.269884
0.665	0.35002	-0.177336	0.0328155	-0.463857	-1.49868	0.267054
0.67	0.350265	-0.177319	0.0328092	-0.46125	-1.49809	0.265117
0.675	0.350508	-0.177309	0.0328019	-0.459458	-1.49742	0.263891
0.68	0.350637	-0.177331	0.0327562	-0.462132	-1.49433	0.268077
0.685	0.350837	-0.17734	0.0327341	-0.462711	-1.49269	0.269438
0.69	0.351044	-0.177349	0.0327142	-0.463357	-1.49118	0.270739
0.695	0.351363	-0.177273	0.0327276	-0.45325	-1.49205	0.26187
0.7	0.351619	-0.177253	0.0327222	-0.450292	-1.49152	0.259629
0.705	0.351871	-0.177241	0.0327156	-0.448209	-1.49089	0.25815
0.71	0.352121	-0.177234	0.0327081	-0.44682	-1.49019	0.257274
0.715	0.352263	-0.177234	0.0326635	-0.446287	-1.48724	0.258717
0.72	0.352473	-0.177236	0.0326419	-0.445935	-1.48564	0.259291
0.725	0.352689	-0.17724	0.0326225	-0.445868	-1.48417	0.259995
0.73	0.353005	-0.177182	0.032633	-0.438324	-1.48479	0.253355
0.735	0.353265	-0.177167	0.0326268	-0.436015	-1.48419	0.251685
0.74	0.353523	-0.177159	0.0326196	-0.43444	-1.48351	0.25065
0.745	0.353701	-0.177148	0.0325851	-0.432486	-1.48119	0.250471
0.75	0.353928	-0.177146	0.0325672	-0.431601	-1.47983	0.250451
0.755	0.354159	-0.177148	0.0325508	-0.431131	-1.47854	0.250702
0.76	0.354394	-0.177152	0.0325357	-0.430983	-1.4773	0.25116
0.765	0.354633	-0.177159	0.0325215	-0.431085	-1.47612	0.251775
0.77	0.354937	-0.177061	0.0325226	-0.419117	-1.47638	0.241959
0.775	0.355203	-0.177034	0.032515	-0.415315	-1.47576	0.239146
0.78	0.355467	-0.177015	0.0325069	-0.41256	-1.47507	0.237212
0.785	0.355729	-0.177004	0.0324983	-0.410637	-1.47431	0.235974
0.79	0.355884	-0.177034	0.0324566	-0.41321	-1.47132	0.239697
0.795	0.356106	-0.177046	0.0324358	-0.413732	-1.4697	0.240912
0.8	0.356336	-0.177059	0.0324172	-0.41435	-1.4682	0.242112
0.805	0.356659	-0.176968	0.0324227	-0.403732	-1.46871	0.233278
0.81	0.356931	-0.176946	0.0324152	-0.400578	-1.46808	0.231006
0.815	0.3572	-0.176931	0.0324072	-0.398329	-1.46737	0.229492
0.82	0.357468	-0.176924	0.0323988	-0.3968	-1.46661	0.228577
0.825	0.357629	-0.176929	0.0323566	-0.396235	-1.46368	0.229699
0.83	0.357857	-0.176933	0.0323358	-0.395829	-1.46208	0.230151
0.835	0.358093	-0.176941	0.0323172	-0.395726	-1.46061	0.230762
0.84	0.358415	-0.176871	0.0323218	-0.387756	-1.46097	0.224145
0.845	0.35869	-0.176855	0.032314	-0.385276	-1.46029	0.22244
0.85	0.358963	-0.176846	0.0323059	-0.383557	-1.45955	0.221369
0.855	0.359234	-0.176842	0.0322974	-0.382441	-1.45877	0.220798
0.86	0.359401	-0.176822	0.032255	-0.379122	-1.45591	0.21966
0.865	0.359634	-0.17682	0.0322342	-0.377916	-1.45434	0.219463
0.87	0.359874	-0.176822	0.0322156	-0.377191	-1.45288	0.219571
0.875	0.36012	-0.176828	0.0321989	-0.376841	-1.45153	0.219914
0.88	0.360461	-0.176752	0.0322071	-0.368496	-1.45218	0.212867
0.885	0.360748	-0.176733	0.0322014	-0.365785	-1.45164	0.210902
0.89	0.361031	-0.176722	0.0321949	-0.363879	-1.45103	0.20962
0.895	0.361199	-0.176722	0.0321536	-0.362566	-1.44811	0.210071
0.9	0.361437	-0.176724	0.0321339	-0.361776	-1.44658	0.210169
0.905	0.361683	-0.17673	0.0321163	-0.361377	-1.44516	0.210506
0.91	0.361933	-0.176739	0.0321004	-0.361284	-1.44383	0.211026
0.915	0.362261	-0.176646	0.0321022	-0.351328	-1.44418	0.202914
0.92	0.362545	-0.176622	0.0320945	-0.348143	-1.44355	0.200641
0.925	0.362827	-0.176608	0.0320865	-0.34586	-1.44286	0.199114
0.93	0.363011	-0.176621	0.0320506	-0.345873	-1.44019	0.200429
0.935	0.363256	-0.176626	0.0320323	-0.345411	-1.43873	0.200736
0.94	0.363506	-0.176636	0.0320159	-0.34527	-1.43737	0.201235
0.945	0.363762	-0.176648	0.0320009	-0.34538	-1.43609	0.201883
0.95	0.364075	-0.176539	0.0319967	-0.334076	-1.43613	0.19292
0.955	0.364356	-0.176511	0.0319873	-0.330492	-1.43541	0.190395
0.96	0.364637	-0.176493	0.0319779	-0.327892	-1.43465	0.188669
0.965	0.364916	-0.176484	0.0319685	-0.326075	-1.43386	0.187576
0.97	0.365086	-0.176508	0.0319296	-0.326954	-1.4309	0.189652
0.975	0.365326	-0.17652	0.0319097	-0.326945	-1.42929	0.190361
0.98	0.365573	-0.176534	0.0318921	-0.327157	-1.42782	0.191172
0.985	0.365898	-0.17644	0.0318917	-0.317632	-1.42806	0.183562
0.99	0.366182	-0.176419	0.0318827	-0.314704	-1.42735	0.181563
0.995	0.366464	-0.176407	0.0318736	-0.31262	-1.42659	0.180247
1.0	0.366744	-0.176402	0.0318646	-0.311208	-1.42581	0.179473
1.005	0.366914	-0.176397	0.0318245	-0.309266	-1.42288	0.179277
1.01	0.367153	-0.176401	0.0318044	-0.308426	-1.42129	0.179318
1.015	0.367401	-0.176409	0.0317866	-0.307986	-1.41984	0.179607
1.02	0.367654	-0.17642	0.0317706	-0.30786	-1.41849	0.180088
1.025	0.367995	-0.176316	0.0317737	-0.297758	-1.41904	0.17192
1.03	0.368287	-0.17629	0.0317666	-0.294495	-1.41849	0.169594
1.035	0.368575	-0.176275	0.031759	-0.292142	-1.41786	0.168015
1.04	0.368745	-0.176294	0.0317211	-0.292333	-1.41493	0.16946
1.045	0.368988	-0.176303	0.0317023	-0.291905	-1.41341	0.169786
1.05	0.369237	-0.176315	0.0316855	-0.29179	-1.41201	0.170297
1.055	0.369548	-0.176234	0.0316813	-0.2838	-1.41194	0.164082
1.06	0.369827	-0.176217	0.0316713	-0.281292	-1.41115	0.162462
1.065	0.370105	-0.176209	0.0316614	-0.27954	-1.41035	0.161441
1.07	0.370383	-0.176208	0.0316517	-0.278385	-1.40952	0.160895
1.075	0.370564	-0.176185	0.0316161	-0.274862	-1.40691	0.159263
1.08	0.370807	-0.176184	0.0315974	-0.273562	-1.40543	0.158884
1.085	0.371056	-0.176189	0.0315806	-0.27276	-1.40407	0.158841
1.09	0.37131	-0.176198	0.0315654	-0.272351	-1.4028	0.159061
1.095	0.37163	-0.176112	0.0315638	-0.264194	-1.40295	0.152638
1.1	0.371913	-0.176093	0.0315553	-0.261517	-1.4023	0.150833
1.105	0.372194	-0.176084	0.0315465	-0.259627	-1.4016	0.149661
1.11	0.372474	-0.176082	0.0315377	-0.258363	-1.40086	0.148994
1.115	0.372623	-0.176069	0.0314961	-0.255769	-1.3977	0.148308
1.12	0.372855	-0.176073	0.0314756	-0.25475	-1.39606	0.148211
1.125	0.373094	-0.176081	0.0314573	-0.254168	-1.39457	0.148386
1.13	0.373428	-0.176015	0.03146	-0.247822	-1.39499	0.143278
1.135	0.37371	-0.176002	0.0314519	-0.245719	-1.39436	0.141914
1.14	0.373989	-0.175999	0.0314436	-0.244282	-1.39368	0.14109
1.145	0.37417	-0.175978	0.0314108	-0.241171	-1.39117	0.139716
1.15	0.374411	-0.175978	0.0313935	-0.239913	-1.38979	0.139323
1.155	0.374658	-0.175983	0.0313778	-0.239144	-1.38852	0.139266
1.16	0.374909	-0.175994	0.0313635	-0.23876	-1.38732	0.139473
1.165	0.375205	-0.175908	0.0313571	-0.230801	-1.38713	0.133367
1.17	0.375477	-0.17589	0.0313471	-0.228201	-1.38639	0.131665
1.175	0.375747	-0.175881	0.0313373	-0.22637	-1.38562	0.130573
1.18	0.376017	-0.17588	0.0313275	-0.22515	-1.38484	0.129963
1.185	0.376183	-0.175866	0.0312936	-0.222553	-1.38217	0.129042
1.19	0.376415	-0.175869	0.0312753	-0.221547	-1.3807	0.128876
1.195	0.376653	-0.175878	0.0312589	-0.220975	-1.37935	0.128996
1.2	0.376896	-0.175891	0.031244	-0.220746	-1.37811	0.12934
1.205	0.377213	-0.17579	0.0312434	-0.211876	-1.37844	0.12233
1.21	0.377488	-0.175768	0.0312353	-0.209001	-1.37787	0.120347
1.215	0.37776	-0.175756	0.0312268	-0.206948	-1.37725	0.119027
1.22	0.377925	-0.175769	0.031195	-0.206488	-1.37462	0.119743
1.225	0.378155	-0.175778	0.031178	-0.205935	-1.37322	0.119896
1.23	0.378391	-0.175792	0.0311625	-0.205722	-1.37193	0.120265
1.235	0.378679	-0.175713	0.0311567	-0.19862	-1.37177	0.114844
1.24	0.378939	-0.175699	0.0311465	-0.196378	-1.37101	0.113433
1.245	0.379198	-0.175694	0.0311364	-0.194829	-1.37024	0.112566
1.25	0.379456	-0.175696	0.0311264	-0.19383	-1.36946	0.112131
1.255	0.379626	-0.175666	0.0310969	-0.190153	-1.36711	0.110214
1.26	0.379852	-0.175665	0.0310801	-0.188846	-1.36576	0.109757
1.265	0.380082	-0.175671	0.0310648	-0.188035	-1.36452	0.109645
1.27	0.380317	-0.175682	0.0310507	-0.187618	-1.36336	0.109803
1.275	0.38061	-0.1756	0.0310474	-0.180469	-1.36342	0.104264
1.28	0.380869	-0.175584	0.0310386	-0.178134	-1.3628	0.102729
1.285	0.381126	-0.175578	0.0310295	-0.176508	-1.36213	0.101761
1.29	0.38138	-0.17558	0.0310203	-0.175447	-1.36144	0.101243
1.295	0.381519	-0.175559	0.0309869	-0.172589	-1.35865	0.100125
1.3	0.381729	-0.175562	0.0309689	-0.171543	-1.35718	0.0999148
1.305	0.381946	-0.175571	0.0309527	-0.170938	-1.35585	0.0999945
1.31	0.382168	-0.175585	0.0309378	-0.170682	-1.35462	0.100302
1.315	0.382487	-0.175491	0.0309414	-0.162824	-1.35533	0.0939689
1.32	0.382748	-0.175471	0.0309347	-0.160285	-1.35492	0.0921957
1.325	0.383005	-0.175463	0.0309273	-0.158495	-1.35443	0.0910335
1.33	0.383137	-0.17547	0.0308954	-0.157695	-1.35165	0.0915075
1.335	0.383344	-0.175479	0.0308786	-0.157113	-1.35026	0.0916232
1.34	0.383556	-0.175492	0.0308633	-0.156875	-1.34899	0.0919587
1.345	0.383837	-0.175419	0.0308609	-0.150533	-1.34912	0.0870306
1.35	0.38408	-0.175407	0.0308518	-0.148542	-1.34849	0.0857681
1.355	0.38432	-0.175404	0.0308426	-0.147188	-1.34782	0.0850116
1.36	0.384558	-0.175409	0.0308333	-0.146341	-1.34714	0.0846573
1.365	0.3847	-0.175375	0.0308054	-0.142698	-1.34476	0.0827571
1.37	0.384901	-0.175374	0.0307894	-0.14145	-1.34345	0.0823251
1.375	0.385106	-0.17538	0.0307746	-0.140685	-1.34225	0.082227
1.38	0.385316	-0.175391	0.0307609	-0.140302	-1.34113	0.0823916
1.385	0.385601	-0.175316	0.0307614	-0.13399	-1.34154	0.0773807
1.39	0.385841	-0.175303	0.0307539	-0.131954	-1.34106	0.0760212
1.395	0.386077	-0.1753	0.0307459	-0.130562	-1.34052	0.0751845
1.4	0.386309	-0.175304	0.0307375	-0.129684	-1.33994	0.0747646
1.405	0.386413	-0.175278	0.0307056	-0.126767	-1.33708	0.0736146
1.41	0.386595	-0.175281	0.0306884	-0.125762	-1.33563	0.0734187
1.415	0.386784	-0.175289	0.0306727	-0.125187	-1.33432	0.0735049
1.42	0.387075	-0.175237	0.030676	-0.120544	-1.33499	0.0696895
1.425	0.387306	-0.175231	0.0306688	-0.119028	-1.33454	0.0687216
1.43	0.387533	-0.175233	0.0306611	-0.118049	-1.33403	0.0681943
1.435	0.387665	-0.175205	0.0306366	-0.115061	-1.33185	0.066734
1.44	0.387852	-0.175206	0.0306223	-0.113994	-1.33067	0.0663886
1.445	0.388043	-0.175213	0.0306089	-0.113371	-1.32958	0.0663557
1.45	0.388236	-0.175226	0.0305962	-0.1131	-1.32856	0.0665692
1.455	0.38843	-0.175243	0.0305842	-0.113108	-1.3276	0.0669769
1.46	0.388689	-0.175131	0.0305839	-0.104548	-1.32797	0.0602243
1.465	0.388907	-0.175106	0.0305768	-0.10185	-1.32754	0.058328
1.47	0.389121	-0.175094	0.0305691	-0.0999287	-1.32704	0.0570599
1.475	0.389331	-0.17509	0.0305609	-0.0986283	-1.3265	0.0562934
1.48	0.389426	-0.175117	0.0305332	-0.099392	-1.32386	0.0579152
1.485	0.389589	-0.175136	0.0305175	-0.099524	-1.32252	0.0585582
1.49	0.389758	-0.175157	0.0305032	-0.0998498	-1.32129	0.059304
1.495	0.390025	-0.175061	0.0305063	-0.0925217	-1.32201	0.0533914
1.5	0.390233	-0.175044	0.0304996	-0.0903702	-1.32161	0.0519082
1.505	0.390437	-0.175038	0.0304922	-0.0888834	-1.32115	0.0509668
1.51	0.390636	-0.175039	0.0304844	-0.0879275	-1.32064	0.0504579
1.515	0.390727	-0.175036	0.0304589	-0.0867983	-1.31818	0.0505233
1.52	0.390882	-0.175045	0.0304442	-0.0863881	-1.31692	0.0507118
1.525	0.391041	-0.175059	0.0304306	-0.0862844	-1.31577	0.0510975
1.53	0.391293	-0.174993	0.0304332	-0.0809693	-1.31641	0.0467758
1.535	0.391489	-0.174984	0.0304266	-0.079378	-1.31601	0.0457261
1.54	0.39168	-0.174984	0.0304193	-0.078337	-1.31556	0.0451283
1.545	0.391867	-0.17499	0.0304115	-0.0777351	-1.31505	0.0448909
1.55	0.391955	-0.17496	0.0303888	-0.0749574	-1.31283	0.0435842
1.555	0.392101	-0.174961	0.0303753	-0.0740925	-1.31165	0.0433859
1.56	0.39225	-0.174969	0.0303625	-0.0736283	-1.31057	0.0434644
1.565	0.392402	-0.174982	0.0303505	-0.0734815	-1.30956	0.0437612
1.57	0.392661	-0.174914	0.0303565	-0.0681559	-1.31059	0.0392797
1.575	0.392852	-0.174904	0.0303516	-0.0665407	-1.31039	0.0381353
1.58	0.393036	-0.174902	0.0303458	-0.0654793	-1.31009	0.0374594
1.585	0.393214	-0.174907	0.0303393	-0.0648608	-1.30971	0.0371583
1.59	0.393256	-0.174887	0.0303126	-0.0628718	-1.30693	0.0366731
1.595	0.393377	-0.174892	0.0302981	-0.0622764	-1.3056	0.0367378
1.6	0.393504	-0.174901	0.0302846	-0.0620245	-1.3044	0.0370224
1.605	0.393762	-0.174855	0.0302922	-0.0581239	-1.30564	0.0335635
1.61	0.39394	-0.174851	0.0302875	-0.0569765	-1.30546	0.0327759
1.615	0.394111	-0.174855	0.0302818	-0.0562877	-1.30517	0.0323831
1.62	0.394275	-0.174864	0.0302754	-0.0559654	-1.3048	0.0323058
1.625	0.394318	-0.174822	0.0302524	-0.0526574	-1.30233	0.030679
1.63	0.394431	-0.174819	0.0302393	-0.0517028	-1.30112	0.0304207
1.635	0.394548	-0.174823	0.030227	-0.051166	-1.30002	0.0304489
1.64	0.394784	-0.1748	0.030233	-0.0487772	-1.30111	0.0282113
1.645	0.394946	-0.174802	0.0302282	-0.0480653	-1.3009	0.027765
1.65	0.395102	-0.17481	0.0302225	-0.0477235	-1.3006	0.0276432
1.655	0.395251	-0.174823	0.0302161	-0.0476772	-1.30023	0.0277804
1.66	0.395297	-0.174762	0.030197	-0.0432763	-1.2981	0.0251788
1.665	0.395401	-0.174753	0.0301853	-0.0420333	-1.29701	0.0246515
1.67	0.395508	-0.174752	0.0301743	-0.0412676	-1.296	0.0244654
1.675	0.395617	-0.174758	0.0301637	-0.0408804	-1.29506	0.0245489
1.68	0.39586	-0.174741	0.0301731	-0.0389326	-1.2966	0.0224681
1.685	0.396017	-0.174746	0.0301701	-0.038428	-1.29661	0.0220933
1.69	0.396165	-0.174756	0.030166	-0.0382513	-1.29649	0.0220272
1.695	0.39619	-0.174715	0.0301464	-0.0352223	-1.29425	0.0205477
1.7	0.396282	-0.174712	0.0301354	-0.0344151	-1.29322	0.0203403
1.705	0.396376	-0.174716	0.0301251	-0.0339951	-1.29226	0.0204066
1.71	0.39647	-0.174725	0.0301151	-0.0338823	-1.29135	0.0206894
1.715	0.396697	-0.174689	0.0301247	-0.0308172	-1.29289	0.0177231
1.72	0.396839	-0.174688	0.0301222	-0.0300116	-1.29292	0.017102
1.725	0.396971	-0.174692	0.0301184	-0.029594	-1.29281	0.016838
1.73	0.396991	-0.174672	0.0301005	-0.0279384	-1.29075	0.0163662
1.735	0.397071	-0.174675	0.0300904	-0.0275291	-1.28979	0.0164411
1.74	0.397152	-0.174683	0.0300808	-0.0274252	-1.28889	0.0167304
1.745	0.397234	-0.174694	0.0300715	-0.0275635	-1.28803	0.0171892
1.75	0.397445	-0.174642	0.0300816	-0.0235971	-1.28958	0.0135029
1.755	0.397571	-0.174636	0.0300797	-0.022559	-1.28964	0.0126861
1.76	0.397688	-0.174636	0.0300765	-0.0219551	-1.28955	0.0122648
1.765	0.397796	-0.174642	0.0300723	-0.0216991	-1.28934	0.0121604
1.77	0.397784	-0.174628	0.0300531	-0.020587	-1.28704	0.0122139
1.775	0.397838	-0.174633	0.0300426	-0.0204245	-1.28596	0.0125274
1.78	0.397895	-0.174643	0.0300327	-0.0205155	-1.28497	0.0130044
1.785	0.398095	-0.174608	0.0300431	-0.0177023	-1.2866	0.0101767
1.79	0.398204	-0.174607	0.0300411	-0.0170578	-1.28664	0.00967166
1.795	0.398303	-0.174611	0.030038	-0.0167682	-1.28654	0.0094986
1.8	0.398394	-0.17462	0.030034	-0.0167624	-1.28632	0.00959121
1.805	0.398477	-0.174632	0.0300293	-0.0169831	-1.28602	0.00989579
1.81	0.398463	-0.174581	0.0300143	-0.0137404	-1.28405	0.00815801
1.815	0.398502	-0.174574	0.0300052	-0.0129957	-1.28305	0.00798525
1.82	0.398542	-0.174574	0.0299965	-0.0126241	-1.28212	0.00807602
1.825	0.398728	-0.174578	0.0300066	-0.0121222	-1.28382	0.00701308
1.83	0.398821	-0.174586	0.030005	-0.0121356	-1.28391	0.00699815
1.835	0.398903	-0.174598	0.0300024	-0.0123715	-1.28385	0.00721609
1.84	0.398976	-0.174612	0.0299989	-0.012785	-1.28367	0.00761996
1.845	0.398961	-0.17455	0.0299869	-0.00897787	-1.28199	0.00532629
1.85	0.398991	-0.17454	0.0299795	-0.00810148	-1.28115	0.00499117
1.855	0.399021	-0.174537	0.0299722	-0.00762547	-1.28034	0.00495257
1.86	0.399175	-0.174554	0.0299802	-0.00803266	-1.28178	0.00469469
1.865	0.399248	-0.174566	0.0299785	-0.00833258	-1.28182	0.00491998
1.87	0.39931	-0.174579	0.0299759	-0.00879707	-1.28172	0.0053292
1.875	0.399364	-0.174595	0.0299724	-0.0093925	-1.28151	0.00588488
1.88	0.399361	-0.174526	0.029965	-0.00516127	-1.28035	0.00305593
1.885	0.399383	-0.174513	0.0299593	-0.00419817	-1.27968	0.00258341
1.89	0.399403	-0.174507	0.0299535	-0.00365327	-1.27901	0.00243507
1.895	0.399524	-0.174535	0.0299595	-0.00483626	-1.28017	0.0028868
1.9	0.399577	-0.17455	0.0299577	-0.00538757	-1.28016	0.0033251
1.905	0.39962	-0.174565	0.0299551	-0.00605255	-1.28003	0.00390387
1.91	0.399654	-0.174582	0.0299519	-0.00680749	-1.27979	0.00459405
1.915	0.399682	-0.174599	0.0299481	-0.00763324	-1.27947	0.00537224
1.92	0.399695	-0.174497	0.029947	-0.00151009	-1.27899	0.000793769
1.925	0.399709	-0.174473	0.0299436	4.31521e-05	-1.27852	-0.000221454
1.93	0.399718	-0.174458	0.0299398	0.00105836	-1.27801	-0.000802453
1.935	0.399802	-0.174526	0.0299427	-0.00257514	-1.27888	0.00167574
1.94	0.399832	-0.17455	0.0299407	-0.00383062	-1.27882	0.00268062
1.945	0.399853	-0.174573	0.0299381	-0.00505769	-1.27865	0.00371127
1.95	0.399866	-0.174596	0.0299349	-0.00626054	-1.27838	0.00476109
1.955	0.399883	-0.174487	0.0299372	0.000186497	-1.27828	-0.000226126
1.96	0.399887	-0.174462	0.0299354	0.0017235	-1.27797	-0.00129307
1.965	0.399885	-0.174445	0.0299329	0.00272621	-1.27759	-0.00191607
1.97	0.399938	-0.174518	0.0299343	-0.00129515	-1.27821	0.000961633
1.975	0.399948	-0.174543	0.0299324	-0.00269238	-1.27811	0.00209284
1.98	0.399949	-0.174566	0.02993	-0.00403221	-1.27791	0.00322381
1.985	0.399942	-0.174589	0.029927	-0.00532456	-1.27761	0.00435305
1.99	0.399969	-0.174482	0.0299331	0.000958172	-1.27801	-0.000709935
1.995	0.399965	-0.174458	0.0299328	0.00240795	-1.27786	-0.00177879
2.0	0.399953	-0.174441	0.0299317	0.00334152	-1.27762	-0.00240404
2.005	0.399934	-0.174431	0.0299298	0.00386224	-1.2773	-0.00267457
2.01	0.399978	-0.174525	0.0299303	-0.00150586	-1.27805	0.00118753
2.015	0.39998	-0.17456	0.0299251	-0.0035546	-1.27802	0.00279547
2.02	0.399976	-0.174592	0.0299176	-0.00541541	-1.27787	0.00430766
2.025	0.39997	-0.174488	0.0299127	0.000668065	-1.2777	-0.000455426
2.03	0.399959	-0.174467	0.0299025	0.00184322	-1.2774	-0.0012797
2.035	0.399946	-0.174454	0.0298899	0.00255748	-1.27704	-0.00170964
2.04	0.399931	-0.174447	0.0298752	0.00290374	-1.27662	-0.00182488
2.045	0.39998	-0.174521	0.0298634	-0.00122238	-1.27728	0.00093646
2.05	0.399987	-0.17455	0.0298464	-0.00288934	-1.27718	0.00220596
2.055	0.399988	-0.174576	0.029827	-0.0044441	-1.27698	0.00344674
2.06	0.399968	-0.174491	0.0298072	0.000486422	-1.2764	-0.00029451
2.065	0.399957	-0.174475	0.0297843	0.00136089	-1.27594	-0.000852359
2.07	0.399945	-0.174465	0.0297592	0.00183619	-1.27544	-0.00107071
2.075	0.399932	-0.174462	0.0297323	0.00199336	-1.27492	-0.00101872
2.08	0.39992	-0.174462	0.0297034	0.00189726	-1.27437	-0.000751726
2.085	0.399986	-0.17452	0.0296802	-0.00113133	-1.27517	0.000767823
2.09	0.400003	-0.174546	0.0296504	-0.00256281	-1.27508	0.00172917
2.095	0.400014	-0.17457	0.0296184	-0.00392805	-1.27488	0.0027223
2.1	0.399964	-0.174491	0.029581	0.000414155	-1.2736	-0.000176886
2.105	0.399948	-0.174477	0.0295438	0.00114909	-1.2729	-0.000525614
2.11	0.399934	-0.174469	0.029505	0.00151565	-1.27221	-0.000579564
2.115	0.399922	-0.174466	0.0294645	0.00158919	-1.27153	-0.000399419
2.12	0.399985	-0.174515	0.0294294	-0.000857195	-1.27213	0.000540347
2.125	0.400003	-0.174537	0.0293883	-0.00201701	-1.27192	0.00126024
2.13	0.400016	-0.174557	0.0293452	-0.00316232	-1.27163	0.00205758
2.135	0.399964	-0.174494	0.029296	0.000256385	-1.27017	-4.44193e-05
2.14	0.39995	-0.174484	0.0292477	0.000746366	-1.26937	-0.000184544
2.145	0.399939	-0.174479	0.0291981	0.000920732	-1.26861	-7.53688e-05
2.15	0.399931	-0.174479	0.0291472	0.000844298	-1.26787	0.000231518
2.155	0.399926	-0.174483	0.0290949	0.000568702	-1.26715	0.000695077
2.16	0.399988	-0.174513	0.0290478	-0.000684886	-1.26757	0.000282719
2.165	0.400009	-0.17453	0.0289951	-0.0015399	-1.26728	0.000617739
2.17	0.400027	-0.174548	0.0289407	-0.0024384	-1.26693	0.00110418
2.175	0.399962	-0.174496	0.0288781	0.000141533	-1.26511	0.000119833
2.18	0.399947	-0.174488	0.0288182	0.000429094	-1.26416	0.000258444
2.185	0.399938	-0.174486	0.0287574	0.000447089	-1.26327	0.000585025
2.19	0.399932	-0.174488	0.0286955	0.000251041	-1.26244	0.00106034
2.195	0.399984	-0.17451	0.0286378	-0.000478723	-1.26258	0.000128648
2.2	0.400004	-0.174523	0.0285757	-0.00111431	-1.26215	0.000278266
2.205	0.400022	-0.174537	0.0285122	-0.00183368	-1.26168	0.000612763
2.21	0.399963	-0.174498	0.0284413	2.30992e-05	-1.25987	0.000209991
2.215	0.399953	-0.174494	0.028373	0.000124579	-1.25889	0.000493992
2.22	0.399947	-0.174494	0.028304	-1.51036e-06	-1.25797	0.000932121
2.225	0.399946	-0.174498	0.0282341	-0.000308214	-1.25712	0.0014921
2.23	0.399948	-0.174505	0.0281635	-0.000758168	-1.25632	0.00214833
2.235	0.399983	-0.174506	0.0280952	-0.000236263	-1.25601	-0.000206739
2.24	0.400001	-0.174514	0.028024	-0.000512931	-1.25544	-0.000503067
2.245	0.400019	-0.174524	0.0279517	-0.000941785	-1.25486	-0.000528747
2.25	0.399964	-0.1745	0.0278726	-0.000129192	-1.25304	0.000415977
2.255	0.399957	-0.174501	0.0277963	-0.00028451	-1.25201	0.00103979
2.26	0.399955	-0.174504	0.0277196	-0.00060912	-1.25107	0.00174284
2.265	0.399957	-0.174511	0.0276423	-0.00106813	-1.25019	0.00250827
2.27	0.399979	-0.174504	0.0275665	-0.000104593	-1.24957	-0.000280109
2.275	0.399993	-0.174508	0.0274888	-0.000222681	-1.24886	-0.000696435
2.28	0.400009	-0.174516	0.0274104	-0.000520706	-1.24818	-0.000822098
2.285	0.399966	-0.174502	0.0273266	-0.000205393	-1.2465	0.000460645
2.29	0.399963	-0.174505	0.0272452	-0.000483685	-1.24548	0.00116179
2.295	0.399965	-0.174511	0.0271635	-0.000901884	-1.24455	0.00192196
2.3	0.399972	-0.174519	0.0270815	-0.00143112	-1.24368	0.00272847
2.305	0.399975	-0.174502	0.0269996	1.5678e-06	-1.24268	-0.00034645
2.31	0.399985	-0.174503	0.026917	3.02134e-05	-1.24184	-0.00085491
2.315	0.399998	-0.174508	0.0268341	-0.00014634	-1.24105	-0.00105838
2.32	0.400014	-0.174516	0.0267507	-0.000485307	-1.2403	-0.00101956
2.325	0.399964	-0.174502	0.0266623	-0.000245815	-1.23845	0.000671042
2.33	0.399958	-0.174505	0.0265766	-0.000555191	-1.23736	0.00156518
2.335	0.399959	-0.174511	0.026491	-0.000991626	-1.23636	0.00247308
2.34	0.399976	-0.174503	0.0264068	-0.000111007	-1.23556	-0.000159766
2.345	0.399989	-0.174507	0.0263217	-0.000236913	-1.23475	-0.000483759
2.35	0.400005	-0.174514	0.0262363	-0.000531552	-1.23398	-0.000545202
2.355	0.400023	-0.174523	0.0261509	-0.000959675	-1.23325	-0.000398064
2.36	0.399961	-0.1745	0.0260603	-0.000105612	-1.23116	0.000481589
2.365	0.399953	-0.1745	0.0259729	-0.000224291	-1.22998	0.00112205
2.37	0.399952	-0.174504	0.0258858	-0.000504903	-1.22893	0.00182373
2.375	0.399956	-0.17451	0.025799	-0.000914231	-1.22797	0.00257357
2.38	0.39998	-0.174504	0.025714	-0.00011854	-1.22727	-0.000335319
2.385	0.399997	-0.174509	0.0256281	-0.000258283	-1.22652	-0.00082038
2.39	0.400016	-0.174517	0.0255423	-0.000559468	-1.2258	-0.00101518
2.395	0.399965	-0.174502	0.0254527	-0.000175484	-1.2239	0.000474754
2.4	0.399961	-0.174505	0.0253657	-0.000409192	-1.2228	0.00120369
2.405	0.399963	-0.17451	0.0252792	-0.000777345	-1.22181	0.0019717
2.41	0.39997	-0.174518	0.0251932	-0.00125238	-1.2209	0.00277034
2.415	0.399976	-0.174502	0.0251083	-1.94702e-05	-1.21991	-0.000385413
2.42	0.399987	-0.174504	0.0250233	-2.20988e-05	-1.21906	-0.000945886
2.425	0.400002	-0.174509	0.0249387	-0.000209672	-1.21828	-0.00120494
2.43	0.399968	-0.174504	0.0248519	-0.000235168	-1.21671	0.00050363
2.435	0.399968	-0.174509	0.0247672	-0.000568091	-1.21571	0.00128152
2.44	0.399973	-0.174516	0.0246832	-0.00101166	-1.21479	0.00208479
2.445	0.399981	-0.174525	0.0245998	-0.00154315	-1.21395	0.0029078
2.45	0.399972	-0.1745	0.0245171	6.64726e-05	-1.21273	-0.000429306
2.455	0.399979	-0.174499	0.024435	0.000182685	-1.21183	-0.00105054
2.46	0.399988	-0.174502	0.0243535	9.3912e-05	-1.211	-0.00136193
2.465	0.4	-0.174508	0.0242726	-0.000157146	-1.21022	-0.00142714
2.47	0.399967	-0.174505	0.0241904	-0.000302884	-1.20873	0.000750222
2.475	0.399965	-0.174511	0.0241101	-0.000692704	-1.20776	0.00175526
2.48	0.399968	-0.174519	0.0240308	-0.00117648	-1.20687	0.00273492
2.485	0.399974	-0.174502	0.0239533	-5.05189e-05	-1.20596	-0.000234384
2.49	0.399982	-0.174504	0.023876	-8.1362e-05	-1.20516	-0.000677122
2.495	0.399993	-0.174509	0.0237995	-0.000283078	-1.20442	-0.000850424
2.5	0.400005	-0.174516	0.0237239	-0.000620148	-1.20371	-0.000809484
2.505	0.399965	-0.174502	0.0236475	-0.000166274	-1.20216	0.000561804
2.51	0.39996	-0.174505	0.0235731	-0.000370894	-1.20119	0.00131542
2.515	0.399959	-0.174511	0.0234998	-0.000704299	-1.20031	0.00209171
2.52	0.399975	-0.174503	0.0234286	-0.000132517	-1.19967	-0.00011976
2.525	0.399985	-0.174508	0.0233578	-0.000300013	-1.19897	-0.000372289
2.53	0.399995	-0.174515	0.023288	-0.000606901	-1.1983	-0.000397565
2.535	0.400006	-0.174524	0.0232192	-0.00102424	-1.19765	-0.000242051
2.54	0.400017	-0.174534	0.0231515	-0.00152903	-1.19703	5.7223e-05
2.545	0.39996	-0.174497	0.0230839	0.00010181	-1.19527	0.000384964
2.55	0.399946	-0.174493	0.0230181	0.000258612	-1.19426	0.000856799
2.555	0.399938	-0.174492	0.0229535	0.000216607	-1.19335	0.00140536
2.56	0.399979	-0.174507	0.0228915	-0.000298544	-1.19326	-6.34416e-06
2.565	0.399993	-0.174517	0.02283	-0.000742216	-1.19275	-6.21601e-05
2.57	0.400005	-0.174529	0.0227696	-0.00126612	-1.19224	6.60578e-05
2.575	0.400016	-0.174541	0.0227104	-0.00185345	-1.19172	0.000340809
2.58	0.39996	-0.174496	0.0226523	0.000179957	-1.19008	0.000239262
2.585	0.399946	-0.174489	0.0225957	0.000452659	-1.18916	0.000547676
2.59	0.399935	-0.174487	0.0225404	0.000505007	-1.18831	0.000963876
2.595	0.399979	-0.174508	0.0224875	-0.000346694	-1.1884	7.87639e-05
2.6	0.399991	-0.17452	0.0224353	-0.00087225	-1.18797	0.000158904
2.605	0.400001	-0.174532	0.0223845	-0.00145896	-1.18753	0.000393198
2.61	0.400008	-0.174546	0.0223351	-0.00209394	-1.18707	0.000750224
2.615	0.40004	-0.17452	0.022475	-0.000572289	-1.18614	0.00062768
2.62	0.400009	-0.174506	0.0222676	-0.000973209	-1.18575	0.0012859
2.625	0.400017	-0.174533	0.0222459	-0.00154931	-1.18543	0.00195922
2.63	0.400038	-0.174536	0.0222387	-0.0023088	-1.18517	0.00258634
2.635	0.400064	-0.174568	0.0221838	-0.00343794	-1.18502	0.00350502
2.64	0.400008	-0.174509	0.0221595	-4.89556e-05	-1.18331	-0.000203883
2.645	0.399997	-0.174502	0.022122	0.000327564	-1.18284	-0.000741021
2.65	0.400003	-0.174491	0.0220852	0.000471923	-1.18252	-0.00100636
2.655	0.400003	-0.174491	0.0220852	0.000494727	-1.18233	-0.00112415
2.66	0.400027	-0.174485	0.0220449	0.000282021	-1.18237	-0.000924376
2.665	0.400032	-0.174474	0.0220253	-0.000148907	-1.18244	-0.00072362
2.67	0.400039	-0.174447	0.0220031	-0.000828499	-1.18262	-0.000245333
2.675	0.400037	-0.174431	0.0219816	-0.00166805	-1.18287	0.000352105
2.68	0.400025	-0.174418	0.0219692	-0.00202777	-1.18313	0.000666028
2.685	0.400012	-0.174403	0.0219603	-0.00221413	-1.18344	0.000896953
2.69	0.399996	-0.174393	0.0219534	-0.00233768	-1.18378	0.00106719
2.695	0.399978	-0.174386	0.021948	-0.00242985	-1.18416	0.00119646
2.7	0.399959	-0.174382	0.0219437	-0.0025002	-1.18456	0.00129236
2.705	0.399939	-0.174379	0.0219405	-0.0025538	-1.18498	0.0013592
2.71	0.399918	-0.174377	0.0219382	-0.0025954	-1.18542	0.00140312
2.715	0.399896	-0.174376	0.0219367	-0.00262854	-1.18587	0.00143123
2.72	0.399874	-0.174375	0.0219359	-0.0026559	-1.18633	0.00145012
2.725	0.399852	-0.174375	0.0219356	-0.002679	-1.1868	0.00146384
2.73	0.39983	-0.174376	0.0219358	-0.00269912	-1.18728	0.00147453
2.735	0.399808	-0.174376	0.0219364	-0.00271732	-1.18776	0.00148324
2.74	0.399786	-0.174377	0.0219366	-0.00277092	-1.18825	0.00149181
2.745	0.399764	-0.174378	0.0219365	-0.00285113	-1.18875	0.00149855
2.75	0.399743	-0.174379	0.0219361	-0.00295382	-1.18925	0.00150561
2.755	0.399721	-0.17438	0.0219355	-0.00307655	-1.18976	0.0015147
2.76	0.399701	-0.174381	0.0219347	-0.00321757	-1.19027	0.00152716
2.765	0.39968	-0.174381	0.0219338	-0.00337317	-1.19079	0.00154311
2.77	0.399659	-0.174382	0.0219329	-0.0035352	-1.19131	0.00155962
2.775	0.399638	-0.174382	0.021932	-0.00370472	-1.19183	0.00157904
2.78	0.399618	-0.174383	0.0219311	-0.00388117	-1.19235	0.00160146
2.785	0.399597	-0.174383	0.0219301	-0.00406401	-1.19287	0.00162706
2.79	0.399576	-0.174384	0.0219291	-0.00425274	-1.19339	0.00165592
2.795	0.399556	-0.174384	0.0219281	-0.00444704	-1.19391	0.00168816
2.8	0.399535	-0.174385	0.021927	-0.00464662	-1.19443	0.00172388
2.805	0.399515	-0.174385	0.0219259	-0.00485122	-1.19496	0.00176319
2.81	0.399494	-0.174386	0.0219247	-0.00506066	-1.19548	0.00180614
2.815	0.399474	-0.174386	0.0219235	-0.0052747	-1.19601	0.00185275
2.82	0.399453	-0.174386	0.0219223	-0.00549315	-1.19653	0.00190307
2.825	0.399433	-0.174387	0.021921	-0.00571583	-1.19706	0.00195707
2.83	0.399411	-0.174393	0.0219153	-0.00572313	-1.19759	0.0018458
2.835	0.39939	-0.174405	0.0219039	-0.00533556	-1.19816	0.00143184
2.84	0.399374	-0.174411	0.0218982	-0.00495387	-1.19876	0.00104186
2.845	0.399362	-0.174412	0.0218918	-0.00486403	-1.19937	0.000904823
2.85	0.399349	-0.174412	0.0218834	-0.00496735	-1.19998	0.000930692
2.855	0.399335	-0.174416	0.0218724	-0.00500754	-1.2006	0.000904988
2.86	0.399317	-0.174429	0.0218577	-0.00459128	-1.20121	0.000508191
2.865	0.399292	-0.174454	0.0218457	-0.00373109	-1.20177	-0.00017752
2.87	0.399268	-0.174482	0.0218301	-0.00260828	-1.20235	-0.00108137
2.875	0.399252	-0.174512	0.0218283	-0.00132665	-1.20298	-0.00213497
2.88	0.39924	-0.174531	0.0218203	-0.00065778	-1.2036	-0.00267877
2.885	0.399229	-0.174548	0.0218137	-0.000481413	-1.20423	-0.00284232
2.89	0.399208	-0.174566	0.0217859	-0.000878943	-1.20478	-0.00250994
2.895	0.399187	-0.174582	0.0217582	-0.000640031	-1.20539	-0.00273709
2.9	0.399167	-0.174601	0.0217347	0.000107666	-1.20601	-0.00338478
2.905	0.399149	-0.174617	0.0217128	0.000812797	-1.20664	-0.00398891
2.91	0.399118	-0.174634	0.0217003	0.00147475	-1.20717	-0.00466191
2.915	0.399095	-0.174642	0.021691	0.00192317	-1.20774	-0.00511847
2.92	0.399067	-0.174651	0.0216829	0.00222611	-1.20828	-0.00546044
2.925	0.399039	-0.174656	0.0216755	0.00241403	-1.20881	-0.00567281
2.93	0.399014	-0.174652	0.0216705	0.0022892	-1.20934	-0.00560815
2.935	0.398989	-0.174644	0.0216655	0.00195662	-1.20987	-0.00535318
2.94	0.398961	-0.174638	0.0216588	0.00171533	-1.21039	-0.00516921
2.945	0.398935	-0.174631	0.0216518	0.00152329	-1.21092	-0.00500961
2.95	0.398908	-0.174625	0.0216447	0.00137055	-1.21145	-0.00487749
2.955	0.398881	-0.174621	0.0216377	0.00125334	-1.21198	-0.00477325
2.96	0.398856	-0.17461	0.0216315	0.000946352	-1.21252	-0.00450096
2.965	0.398832	-0.174597	0.0216255	0.00051894	-1.21305	-0.0041317
2.97	0.398808	-0.174584	0.0216193	1.04731e-05	-1.21359	-0.00369411
2.975	0.398784	-0.174569	0.0216134	-0.000532219	-1.21413	-0.00323139
2.98	0.398762	-0.174554	0.0216064	-0.0011113	-1.21467	-0.00273502
2.985	0.39874	-0.174541	0.0216019	-0.00169742	-1.21522	-0.00224481
2.99	0.398718	-0.174529	0.0215985	-0.00225827	-1.21575	-0.00178792
2.995	0.398695	-0.174517	0.0215953	-0.0028109	-1.21628	-0.00134016
3.0	0.398672	-0.174504	0.0215918	-0.00336497	-1.21681	-0.000893531
3.005	0.398649	-0.174497	0.02159	-0.00389226	-1.21734	-0.000459711
3.01	0.398625	-0.174489	0.0215883	-0.00439135	-1.21787	-5.06912e-05
3.015	0.398601	-0.174482	0.0215864	-0.00488117	-1.21839	0.000349413
3.02	0.398577	-0.174475	0.0215842	-0.00536519	-1.21891	0.000744891
3.025	0.398552	-0.174468	0.0215817	-0.0058464	-1.21943	0.0011398
3.03	0.398527	-0.17446	0.021579	-0.00632314	-1.21995	0.00153416
3.035	0.398503	-0.174455	0.0215761	-0.00671737	-1.22049	0.00184087
3.04	0.398479	-0.174447	0.0215724	-0.00707102	-1.22102	0.00210998
3.045	0.398455	-0.174438	0.021568	-0.00752357	-1.22156	0.00244063
3.05	0.39843	-0.174432	0.0215637	-0.00791668	-1.2221	0.00268144
3.055	0.398404	-0.174424	0.0215592	-0.00822869	-1.22263	0.00283736
3.06	0.398378	-0.174417	0.0215543	-0.00853041	-1.22317	0.00299047
3.065	0.398352	-0.174411	0.0215495	-0.00881307	-1.22371	0.0031478
3.07	0.398326	-0.174404	0.0215442	-0.00921463	-1.22424	0.00339473
3.075	0.398299	-0.174399	0.0215396	-0.00950563	-1.22478	0.00356782
3.08	0.398272	-0.174397	0.0215347	-0.00970473	-1.22532	0.00367364
3.085	0.398243	-0.1744	0.0215291	-0.00967243	-1.22587	0.00357853
3.09	0.398214	-0.1744	0.0215232	-0.0096511	-1.22641	0.003502
3.095	0.398185	-0.174401	0.0215166	-0.00967174	-1.22696	0.00343456
3.1	0.398155	-0.1744	0.0215102	-0.0097427	-1.22751	0.00341308
3.105	0.398126	-0.1744	0.0215015	-0.00982855	-1.22807	0.00336773
3.11	0.398097	-0.174398	0.0214928	-0.00993813	-1.22863	0.00332485
3.115	0.398068	-0.174394	0.0214833	-0.0101119	-1.22919	0.00333513
3.12	0.398039	-0.174386	0.0214731	-0.0104158	-1.22975	0.00347025
3.125	0.398009	-0.174378	0.0214622	-0.0107681	-1.23031	0.0036492
3.13	0.39798	-0.17437	0.0214512	-0.0111313	-1.23087	0.00383938
3.135	0.39795	-0.174361	0.0214404	-0.0114891	-1.23143	0.00402523
3.14	0.397918	-0.174359	0.0214302	-0.0115817	-1.23199	0.00404319
3.145	0.397887	-0.174357	0.0214206	-0.0115718	-1.23255	0.00401035
3.15	0.397856	-0.174358	0.021412	-0.0115022	-1.23311	0.00393749
3.155	0.397824	-0.17436	0.021404	-0.0113971	-1.23368	0.00383356
3.16	0.397793	-0.174361	0.0213964	-0.011291	-1.23424	0.00372591
3.165	0.397762	-0.174362	0.021389	-0.0112709	-1.2348	0.0036786
3.17	0.397731	-0.174362	0.0213827	-0.0113573	-1.23536	0.00373387
3.175	0.397701	-0.174363	0.0213767	-0.0114235	-1.23592	0.00372848
3.18	0.397671	-0.174361	0.0213699	-0.0115348	-1.23648	0.00374171
3.185	0.39764	-0.174362	0.0213639	-0.0115572	-1.23704	0.00370894
3.19	0.39761	-0.174359	0.0213572	-0.0116315	-1.23761	0.00371043
3.195	0.39758	-0.174357	0.0213502	-0.0117338	-1.23817	0.00372958
3.2	0.397549	-0.174354	0.0213438	-0.0118907	-1.23873	0.00381292
3.205	0.397519	-0.174352	0.0213378	-0.0119834	-1.23929	0.00388061
3.21	0.397488	-0.17435	0.0213317	-0.0120708	-1.23984	0.00395417
3.215	0.397458	-0.174345	0.0213255	-0.0122332	-1.24039	0.00411383
3.22	0.397427	-0.17434	0.0213194	-0.0124432	-1.24094	0.00432844
3.225	0.397396	-0.174337	0.0213122	-0.0125592	-1.24149	0.00445361
3.23	0.397366	-0.174333	0.0213049	-0.0126512	-1.24205	0.00455479
3.235	0.397335	-0.17433	0.0212979	-0.0127373	-1.2426	0.00463863
3.24	0.397304	-0.174331	0.0212914	-0.012686	-1.24316	0.00461791
3.245	0.397274	-0.174332	0.0212851	-0.0125841	-1.24372	0.00455361
3.25	0.397243	-0.174332	0.021279	-0.0125218	-1.24427	0.00451641
3.255	0.397212	-0.174333	0.0212729	-0.0124732	-1.24483	0.0044858
3.26	0.397181	-0.174334	0.0212671	-0.0124279	-1.24539	0.00445615
3.265	0.397151	-0.174335	0.0212615	-0.0124052	-1.24594	0.00444171
3.27	0.39712	-0.174336	0.0212559	-0.0124083	-1.24649	0.00444638
3.275	0.397089	-0.174336	0.0212504	-0.0124332	-1.24705	0.00446886
3.28	0.397058	-0.174336	0.021245	-0.0124631	-1.2476	0.00449589
3.285	0.397027	-0.174337	0.0212395	-0.0124939	-1.24815	0.00452425
3.29	0.396996	-0.174337	0.021234	-0.0125365	-1.24871	0.00455843
3.295	0.396966	-0.174337	0.0212284	-0.012582	-1.24926	0.00459318
3.3	0.396935	-0.174337	0.0212228	-0.0126284	-1.24982	0.0046279
3.305	0.396904	-0.174337	0.0212171	-0.0126808	-1.25037	0.00465954
3.31	0.396872	-0.174342	0.0212104	-0.0126038	-1.25093	0.00457422
3.315	0.39684	-0.174345	0.0212028	-0.0125452	-1.25148	0.00449555
3.32	0.396808	-0.174352	0.0211962	-0.0122337	-1.25206	0.00420362
3.325	0.396777	-0.174357	0.0211887	-0.0119675	-1.25263	0.0039048
3.33	0.396744	-0.174368	0.0211803	-0.0115315	-1.2532	0.00346145
3.335	0.396711	-0.174383	0.0211708	-0.010953	-1.25378	0.00289482
3.34	0.396678	-0.174396	0.0211614	-0.0104161	-1.25436	0.00236056
3.345	0.396644	-0.174409	0.021152	-0.00992145	-1.25494	0.00185649
3.35	0.39661	-0.17442	0.0211425	-0.00948289	-1.25552	0.00139788
3.355	0.396576	-0.174431	0.021133	-0.00909793	-1.2561	0.000987129
3.36	0.396542	-0.174439	0.0211234	-0.00881071	-1.25668	0.000658558
3.365	0.396507	-0.174455	0.0211125	-0.00826631	-1.25727	0.000130201
3.37	0.396473	-0.174461	0.0211038	-0.00803055	-1.25785	-0.000117101
3.375	0.396439	-0.174467	0.0210956	-0.00788035	-1.25842	-0.00028483
3.38	0.396405	-0.17447	0.0210877	-0.00777616	-1.259	-0.000403536
3.385	0.396372	-0.174472	0.0210803	-0.00774169	-1.25957	-0.000458127
3.39	0.396339	-0.174471	0.0210725	-0.00777766	-1.26013	-0.000448225
3.395	0.396306	-0.17447	0.0210651	-0.00780022	-1.26071	-0.000462304
3.4	0.396274	-0.174469	0.0210578	-0.00782052	-1.26128	-0.000487111
3.405	0.396241	-0.174468	0.0210506	-0.00784115	-1.26185	-0.000520861
3.41	0.396209	-0.174468	0.0210433	-0.00782192	-1.26243	-0.000587593
3.415	0.396177	-0.174467	0.0210343	-0.0078511	-1.26299	-0.000600823
3.42	0.396144	-0.174468	0.0210265	-0.00782525	-1.26357	-0.000664531
3.425	0.396112	-0.174469	0.0210189	-0.00778583	-1.26414	-0.000746325
3.43	0.39608	-0.174468	0.0210113	-0.00777019	-1.26472	-0.000825341
3.435	0.396048	-0.174468	0.0210039	-0.00778703	-1.26529	-0.000889387
3.44	0.396016	-0.174468	0.0209967	-0.00777306	-1.26586	-0.000928455
3.445	0.395983	-0.174468	0.0209895	-0.00776329	-1.26642	-0.000954542
3.45	0.39595	-0.174468	0.0209822	-0.00777736	-1.26699	-0.000949718
3.455	0.395917	-0.174468	0.0209748	-0.00779624	-1.26756	-0.000935406
3.46	0.395885	-0.174467	0.0209674	-0.00784525	-1.26813	-0.000892575
3.465	0.395851	-0.174467	0.0209599	-0.00787977	-1.2687	-0.000861055
3.47	0.395819	-0.174463	0.020952	-0.00802294	-1.26926	-0.000743555
3.475	0.395786	-0.174459	0.0209436	-0.00823021	-1.26983	-0.000578726
3.48	0.395753	-0.174455	0.0209353	-0.008455	-1.27039	-0.000400587
3.485	0.39572	-0.17445	0.0209269	-0.00869224	-1.27096	-0.000193881
3.49	0.395687	-0.174445	0.0209188	-0.00889907	-1.27152	2.01063e-05
3.495	0.395654	-0.174441	0.0209107	-0.00908891	-1.27209	0.000232821
3.5	0.395621	-0.174436	0.0209023	-0.00927122	-1.27265	0.000469315
3.505	0.395589	-0.174433	0.0208957	-0.00940627	-1.27321	0.00061024
3.51	0.395558	-0.174429	0.0208896	-0.00955017	-1.27378	0.000755539
3.515	0.395526	-0.174426	0.0208835	-0.00966981	-1.27434	0.000880457
3.52	0.395496	-0.174424	0.0208774	-0.00974922	-1.27491	0.00097492
3.525	0.395465	-0.17442	0.0208711	-0.00987696	-1.27546	0.00112852
3.53	0.395433	-0.174418	0.0208633	-0.00995909	-1.27602	0.00129652
3.535	0.395401	-0.174417	0.0208552	-0.00997262	-1.27658	0.00136585
3.54	0.39537	-0.174412	0.0208483	-0.0101348	-1.27714	0.00158111
3.545	0.395339	-0.174405	0.0208417	-0.0103941	-1.2777	0.0018848
3.55	0.395307	-0.174398	0.0208348	-0.0107176	-1.27825	0.00226129
3.555	0.395275	-0.174394	0.020828	-0.0109002	-1.27882	0.00245942
3.56	0.395243	-0.174392	0.0208211	-0.0109554	-1.27939	0.00253524
3.565	0.395211	-0.174391	0.0208143	-0.0109527	-1.27996	0.00253941
3.57	0.395179	-0.174391	0.0208074	-0.0109068	-1.28053	0.00249198
3.575	0.395146	-0.174394	0.0207989	-0.0107613	-1.28111	0.0023479
3.58	0.395113	-0.174396	0.02079	-0.0106422	-1.28168	0.00223285
3.585	0.39508	-0.174396	0.020781	-0.0106082	-1.28225	0.00220321
3.59	0.395046	-0.174398	0.0207728	-0.0105632	-1.28283	0.0021527
3.595	0.395013	-0.174396	0.0207647	-0.0105866	-1.2834	0.00217898
3.6	0.39498	-0.174396	0.0207566	-0.0105951	-1.28398	0.00218402
3.605	0.394947	-0.174392	0.020748	-0.0107019	-1.28455	0.00229404
3.61	0.394913	-0.174391	0.0207387	-0.0106734	-1.28513	0.00228434
3.615	0.394881	-0.174387	0.0207308	-0.0107437	-1.28571	0.00238126
3.62	0.394849	-0.174383	0.0207236	-0.0108506	-1.28628	0.00250939
3.625	0.394816	-0.17438	0.0207167	-0.0109709	-1.28685	0.00265007
3.63	0.394785	-0.174376	0.0207101	-0.0110979	-1.28742	0.00279617
3.635	0.394753	-0.174373	0.0207037	-0.0112306	-1.28798	0.00294604
3.64	0.394722	-0.174369	0.0206974	-0.0113748	-1.28855	0.00310034
3.645	0.39469	-0.174363	0.02069	-0.011659	-1.2891	0.00339279
3.65	0.394659	-0.174363	0.020684	-0.0118725	-1.28967	0.00360299
3.655	0.394661	-0.174367	0.0207092	-0.0119804	-1.29009	0.00369803
3.66	0.394654	-0.174384	0.020732	-0.0120571	-1.29051	0.00373066
3.665	0.39465	-0.174389	0.0207496	-0.0121142	-1.29093	0.00374195
3.67	0.394642	-0.174392	0.0207633	-0.0122118	-1.29135	0.00377608
3.675	0.394632	-0.174394	0.0207737	-0.0123002	-1.29178	0.00381737
3.68	0.394619	-0.174396	0.0207812	-0.0123745	-1.29221	0.00387212
3.685	0.394603	-0.174398	0.0207858	-0.0124122	-1.29265	0.00390095
3.69	0.394584	-0.1744	0.0207883	-0.012368	-1.29311	0.0038529
3.695	0.394564	-0.174401	0.0207887	-0.0124034	-1.29358	0.00386676
3.7	0.394541	-0.174401	0.0207873	-0.0124764	-1.29405	0.00391102
3.705	0.394517	-0.174403	0.0207847	-0.012439	-1.29455	0.00386343
3.71	0.394491	-0.174405	0.020781	-0.0123711	-1.29505	0.00379145
3.715	0.394464	-0.174405	0.0207759	-0.0123789	-1.29557	0.00377633
3.72	0.394435	-0.174407	0.0207698	-0.0124024	-1.29609	0.00377104
3.725	0.394405	-0.174408	0.0207629	-0.0124094	-1.29663	0.00375294
3.73	0.394374	-0.174409	0.0207554	-0.0123887	-1.29717	0.00371266
3.735	0.394342	-0.174411	0.0207473	-0.0123363	-1.29772	0.00364648
3.74	0.39431	-0.174414	0.0207387	-0.0122469	-1.29828	0.00355191
3.745	0.394276	-0.174414	0.0207294	-0.0122298	-1.29885	0.00353146
3.75	0.394242	-0.174416	0.0207196	-0.0122134	-1.29942	0.00350829
3.755	0.394208	-0.174416	0.02071	-0.0122538	-1.29999	0.00354142
3.76	0.394173	-0.174416	0.0207003	-0.012309	-1.30056	0.00358783
3.765	0.394138	-0.174416	0.0206905	-0.0123689	-1.30114	0.00363934
3.77	0.394103	-0.174416	0.0206806	-0.0124294	-1.30172	0.00369219
3.775	0.394068	-0.174414	0.02067	-0.0126059	-1.3023	0.00383188
3.78	0.394033	-0.174412	0.0206589	-0.0127929	-1.30289	0.00397624
3.785	0.393998	-0.17441	0.0206486	-0.0129786	-1.30347	0.00413531
3.79	0.393963	-0.174409	0.0206379	-0.0130564	-1.30406	0.00416784
3.795	0.393927	-0.174408	0.0206268	-0.0131199	-1.30465	0.00418351
3.8	0.393892	-0.174407	0.0206154	-0.0131762	-1.30524	0.00418711
3.805	0.393856	-0.174405	0.0206044	-0.0132116	-1.30584	0.00420009
3.81	0.393822	-0.174403	0.0205941	-0.0133672	-1.30642	0.00434504
3.815	0.393787	-0.174403	0.0205839	-0.0134962	-1.30701	0.00446223
3.82	0.393751	-0.174401	0.0205736	-0.0135963	-1.30759	0.00455619
3.825	0.393718	-0.1744	0.020565	-0.0136835	-1.30818	0.00462334
3.83	0.393686	-0.174399	0.0205579	-0.013753	-1.30876	0.00466961
3.835	0.393655	-0.174399	0.0205521	-0.0138107	-1.30933	0.00470384
3.84	0.393626	-0.1744	0.0205474	-0.0138651	-1.30989	0.00473674
3.845	0.393598	-0.1744	0.0205437	-0.0139188	-1.31044	0.00477203
3.85	0.393571	-0.174401	0.0205409	-0.0139728	-1.31099	0.0048117
3.855	0.393545	-0.174402	0.0205388	-0.0140276	-1.31152	0.00485707
3.86	0.393518	-0.174403	0.0205353	-0.0141056	-1.31206	0.00490319
3.865	0.39349	-0.174403	0.0205307	-0.0141937	-1.31259	0.00495582
3.87	0.393461	-0.174402	0.0205253	-0.0142411	-1.31313	0.00498545
3.875	0.393432	-0.174402	0.0205192	-0.0142771	-1.31368	0.00500635
3.88	0.393401	-0.174397	0.0205111	-0.0144081	-1.31422	0.00513116
3.885	0.393372	-0.174393	0.0205047	-0.0144927	-1.31477	0.00523691
3.89	0.393377	-0.174394	0.0205308	-0.0145119	-1.31517	0.00525692
3.895	0.393372	-0.174407	0.0205527	-0.0145055	-1.31557	0.00521998
3.9	0.393369	-0.174408	0.0205699	-0.0144863	-1.31597	0.00520335
3.905	0.393362	-0.174409	0.020583	-0.0144604	-1.31638	0.00519195
3.91	0.393353	-0.174407	0.0205921	-0.0145205	-1.31679	0.0052452
3.915	0.393339	-0.174407	0.0205984	-0.0145376	-1.31722	0.00525979
3.92	0.393324	-0.174406	0.020602	-0.0145743	-1.31765	0.00530453
3.925	0.393305	-0.174406	0.0206039	-0.0145612	-1.31811	0.00529532
3.93	0.393284	-0.174405	0.0206035	-0.0145583	-1.31857	0.00529596
3.935	0.393262	-0.174405	0.0206015	-0.0145578	-1.31905	0.00529772
3.94	0.393237	-0.174405	0.0205979	-0.0145574	-1.31954	0.00529961
3.945	0.39321	-0.174405	0.0205932	-0.0145563	-1.32005	0.0053013
3.95	0.393182	-0.174405	0.0205873	-0.0145544	-1.32056	0.00530272
3.955	0.393153	-0.174404	0.0205805	-0.0145514	-1.32109	0.00530371
3.96	0.393122	-0.174404	0.0205729	-0.0145472	-1.32163	0.00530416
3.965	0.393091	-0.174402	0.0205642	-0.0146565	-1.32217	0.00540865
3.97	0.393058	-0.174401	0.0205549	-0.0147995	-1.32273	0.00554669
3.975	0.393025	-0.1744	0.0205447	-0.0148971	-1.32329	0.00565643
3.98	0.39299	-0.1744	0.0205339	-0.0148767	-1.32386	0.0056459
3.985	0.392955	-0.174398	0.020523	-0.0149142	-1.32443	0.00568855
3.99	0.39292	-0.174397	0.0205118	-0.0149549	-1.32502	0.00573124
3.995	0.392884	-0.174396	0.0205002	-0.0149967	-1.3256	0.00577529
4.0	0.392847	-0.174395	0.0204884	-0.0150387	-1.3262	0.00581951
4.005	0.39281	-0.174393	0.0204762	-0.0151413	-1.32679	0.00592008
4.01	0.392774	-0.174392	0.0204646	-0.0152546	-1.32739	0.00598845
4.015	0.392738	-0.17439	0.020453	-0.0153259	-1.32799	0.00605203
4.02	0.392714	-0.17439	0.0204516	-0.0152994	-1.32853	0.00598835
4.025	0.392687	-0.174395	0.0204492	-0.0152931	-1.32907	0.00598564
4.03	0.39266	-0.174396	0.0204456	-0.0152934	-1.32961	0.00601221
4.035	0.392634	-0.174396	0.0204423	-0.015336	-1.33015	0.00608546
4.04	0.392608	-0.174397	0.0204392	-0.0153892	-1.33068	0.00616835
4.045	0.392582	-0.174397	0.0204357	-0.0154365	-1.33122	0.00623843
4.05	0.392555	-0.174397	0.0204319	-0.0154805	-1.33175	0.00630668
4.055	0.392529	-0.174398	0.0204277	-0.0155233	-1.33229	0.00637475
4.06	0.392501	-0.174398	0.0204234	-0.0155661	-1.33283	0.0064429
4.065	0.392473	-0.174398	0.0204178	-0.0156029	-1.33337	0.00648351
4.07	0.392443	-0.174397	0.0204112	-0.0156386	-1.33391	0.00651938
4.075	0.392412	-0.174397	0.0204036	-0.0156741	-1.33447	0.00655382
4.08	0.392383	-0.174396	0.0203984	-0.0156591	-1.33503	0.00657164
4.085	0.392357	-0.174396	0.0203954	-0.0156933	-1.33557	0.00664434
4.09	0.39233	-0.174396	0.0203918	-0.0157425	-1.33612	0.00668082
4.095	0.392303	-0.174393	0.020388	-0.0159411	-1.33666	0.00686113
4.1	0.392276	-0.174391	0.0203838	-0.0162008	-1.3372	0.00710544
4.105	0.392249	-0.174388	0.0203792	-0.0164672	-1.33774	0.00736172
4.11	0.392222	-0.174387	0.0203748	-0.0165915	-1.33828	0.00750804
4.115	0.392194	-0.174388	0.0203696	-0.0165828	-1.33882	0.00754863
4.12	0.392166	-0.174388	0.0203638	-0.0165383	-1.33937	0.00755869
4.125	0.392138	-0.174388	0.0203577	-0.0165164	-1.33992	0.00758647
4.13	0.392108	-0.174388	0.0203503	-0.0165954	-1.34047	0.00768141
4.135	0.392079	-0.174388	0.0203431	-0.0166852	-1.34102	0.00778822
4.14	0.39205	-0.174388	0.0203365	-0.0167617	-1.34157	0.00788762
4.145	0.39202	-0.17439	0.0203297	-0.0167334	-1.34214	0.00790371
4.15	0.391991	-0.174392	0.0203223	-0.0166861	-1.3427	0.00791137
4.155	0.391961	-0.174393	0.0203145	-0.0166449	-1.34327	0.00792575
4.16	0.39193	-0.174394	0.0203063	-0.0166056	-1.34384	0.00794216
4.165	0.391898	-0.174392	0.0202968	-0.0167037	-1.3444	0.00805959
4.17	0.391865	-0.174389	0.0202863	-0.0168851	-1.34497	0.00824272
4.175	0.391832	-0.174387	0.0202752	-0.0169892	-1.34555	0.00838707
4.18	0.391798	-0.174386	0.0202642	-0.016985	-1.34614	0.00843022
4.185	0.391765	-0.174386	0.020253	-0.0169518	-1.34673	0.00844662
4.19	0.39173	-0.174385	0.0202416	-0.0169111	-1.34733	0.00845473
4.195	0.391696	-0.174385	0.0202304	-0.0168789	-1.34792	0.00847103
4.2	0.391662	-0.174386	0.0202189	-0.0168383	-1.34852	0.00847937
4.205	0.391627	-0.174386	0.0202071	-0.0167947	-1.34912	0.00848572
4.21	0.391591	-0.174387	0.0201951	-0.0167495	-1.34973	0.00849069
4.215	0.391559	-0.174388	0.0201862	-0.0166493	-1.35033	0.00839614
4.22	0.391529	-0.17439	0.0201804	-0.0165155	-1.35091	0.00823157
4.225	0.3915	-0.174392	0.0201741	-0.0163894	-1.35147	0.00806689
4.23	0.391471	-0.174394	0.0201673	-0.0163004	-1.35202	0.00793687
4.235	0.391441	-0.174394	0.0201603	-0.0162306	-1.35258	0.00782704
4.24	0.391412	-0.174394	0.0201531	-0.0161747	-1.35314	0.00773132
4.245	0.391382	-0.174394	0.0201453	-0.0161582	-1.3537	0.00769727
4.25	0.391351	-0.174394	0.0201375	-0.0161492	-1.35427	0.00765043
4.255	0.391319	-0.174394	0.0201274	-0.0160755	-1.35483	0.0075485
4.26	0.391288	-0.174394	0.0201175	-0.0159337	-1.3554	0.00737619
4.265	0.391255	-0.174394	0.0201058	-0.0158308	-1.35598	0.00725412
4.27	0.391222	-0.174395	0.0200938	-0.0156598	-1.35656	0.00705687
4.275	0.391193	-0.174395	0.0200874	-0.0155594	-1.35713	0.00692022
4.28	0.391171	-0.174397	0.0200885	-0.0155544	-1.35766	0.00686864
4.285	0.391146	-0.174402	0.0200867	-0.0154124	-1.35819	0.00668741
4.29	0.391124	-0.1744	0.0200855	-0.0152946	-1.35872	0.00654907
4.295	0.391099	-0.174397	0.0200816	-0.0152224	-1.35925	0.00646332
4.3	0.391076	-0.174391	0.0200784	-0.0152094	-1.35978	0.00644247
4.305	0.39105	-0.174383	0.0200726	-0.0151893	-1.36032	0.00641481
4.31	0.391025	-0.174372	0.020067	-0.0152386	-1.36087	0.0064556
4.315	0.391001	-0.174361	0.0200645	-0.0152734	-1.36143	0.00647912
4.32	0.390976	-0.174348	0.0200608	-0.0156047	-1.36198	0.00676638
4.325	0.390949	-0.17434	0.0200564	-0.0157095	-1.36255	0.00690143
4.33	0.390921	-0.174333	0.0200509	-0.0157021	-1.36312	0.00694352
4.335	0.390892	-0.174326	0.0200442	-0.0156808	-1.36369	0.00696002
4.34	0.390865	-0.17432	0.0200373	-0.0157374	-1.36421	0.00705246
4.345	0.390875	-0.174322	0.0200676	-0.0157719	-1.36454	0.00708119
4.35	0.390875	-0.174337	0.0200936	-0.0157895	-1.3649	0.00705948
4.355	0.390876	-0.174339	0.0201141	-0.0157808	-1.36526	0.0070546
4.36	0.390873	-0.174337	0.0201293	-0.0158828	-1.36564	0.00716038
4.365	0.390865	-0.174336	0.0201403	-0.0159349	-1.36602	0.00721841
4.37	0.390855	-0.174334	0.0201474	-0.0159672	-1.36643	0.00725707
4.375	0.39084	-0.174332	0.0201513	-0.0159844	-1.36685	0.0072835
4.38	0.390822	-0.17433	0.0201524	-0.0159891	-1.36729	0.00729398
4.385	0.390802	-0.174328	0.020151	-0.015999	-1.36776	0.00732235
4.39	0.390779	-0.174325	0.0201473	-0.0160802	-1.36823	0.00742679
4.395	0.390753	-0.174322	0.0201417	-0.0161754	-1.36873	0.00754337
4.4	0.390725	-0.174319	0.0201345	-0.0162218	-1.36924	0.00761215
4.405	0.390695	-0.174317	0.020126	-0.0162572	-1.36977	0.00767172
4.41	0.390664	-0.174315	0.0201163	-0.016273	-1.37031	0.00770337
4.415	0.390631	-0.174312	0.0201051	-0.0163868	-1.37086	0.00783827
4.42	0.390596	-0.17431	0.0200932	-0.0164628	-1.37143	0.0079329
4.425	0.390561	-0.174307	0.0200805	-0.0165057	-1.37201	0.0079842
4.43	0.390525	-0.174305	0.0200673	-0.0165345	-1.37259	0.00802137
4.435	0.390487	-0.174304	0.0200536	-0.0165418	-1.37319	0.00803538
4.44	0.390449	-0.174302	0.0200394	-0.0165437	-1.3738	0.00804361
4.445	0.390411	-0.174301	0.0200249	-0.0165317	-1.37441	0.0080344
4.45	0.390371	-0.174298	0.0200096	-0.0166035	-1.37502	0.00813611
4.455	0.390332	-0.174299	0.0199953	-0.0164032	-1.37564	0.007938
4.46	0.390293	-0.174296	0.0199803	-0.0164394	-1.37627	0.00797181
4.465	0.390253	-0.174298	0.019966	-0.0163308	-1.3769	0.00785526
4.47	0.390214	-0.174297	0.0199513	-0.0163176	-1.37752	0.00783661
4.475	0.390175	-0.174297	0.0199375	-0.0163008	-1.37815	0.00781543
4.48	0.390137	-0.174297	0.0199248	-0.0162824	-1.37877	0.00779679
4.485	0.3901	-0.174298	0.0199131	-0.0162618	-1.37939	0.00777537
4.49	0.390064	-0.174299	0.0199024	-0.0162408	-1.38	0.0077553
4.495	0.390028	-0.1743	0.0198926	-0.0162165	-1.38061	0.00772957
4.5	0.389992	-0.174302	0.0198825	-0.0160959	-1.38123	0.00760322
4.505	0.389956	-0.174305	0.0198712	-0.0158359	-1.38183	0.00732944
4.51	0.38992	-0.174308	0.0198599	-0.0155375	-1.38244	0.00701883
4.515	0.389884	-0.174312	0.0198487	-0.0152225	-1.38305	0.00669349
4.52	0.389897	-0.174315	0.0198816	-0.0151296	-1.3834	0.00658537
4.525	0.389896	-0.174337	0.01991	-0.0150528	-1.38376	0.00643733
4.53	0.389899	-0.174343	0.0199325	-0.0150072	-1.38415	0.00636103
4.535	0.3899	-0.174345	0.0199529	-0.0150214	-1.38451	0.00635433
4.54	0.389897	-0.174347	0.0199683	-0.015022	-1.38488	0.00634314
4.545	0.38989	-0.174347	0.0199789	-0.0150426	-1.38527	0.00635618
4.55	0.389878	-0.174347	0.0199856	-0.0150465	-1.38568	0.00635341
4.555	0.389863	-0.174347	0.0199887	-0.015063	-1.3861	0.00636993
4.56	0.389845	-0.174346	0.0199888	-0.0150829	-1.38655	0.00639173
4.565	0.389823	-0.174345	0.0199862	-0.0151	-1.38702	0.0064093
4.57	0.389799	-0.174344	0.0199814	-0.0151166	-1.3875	0.00642619
4.575	0.389772	-0.174343	0.0199745	-0.0151339	-1.38801	0.00644409
4.58	0.389743	-0.174342	0.019966	-0.015124	-1.38853	0.0064372
4.585	0.389712	-0.17434	0.019956	-0.0151617	-1.38907	0.00646846
4.59	0.389679	-0.174339	0.0199446	-0.0152125	-1.38963	0.0065092
4.595	0.389645	-0.174338	0.0199323	-0.0152068	-1.3902	0.00650417
4.6	0.389609	-0.174337	0.0199189	-0.0150994	-1.39078	0.00640098
4.605	0.389573	-0.174335	0.0199048	-0.0150763	-1.39137	0.00638309
4.61	0.389535	-0.174335	0.0198896	-0.0149502	-1.39198	0.0062549
4.615	0.389496	-0.174334	0.0198738	-0.0148698	-1.39258	0.00618324
4.62	0.389457	-0.174333	0.0198581	-0.0148124	-1.3932	0.00612994
4.625	0.38942	-0.174333	0.0198454	-0.0147628	-1.39381	0.00606555
4.63	0.38939	-0.174334	0.0198397	-0.0147016	-1.3944	0.00597603
4.635	0.389359	-0.174337	0.0198342	-0.0146557	-1.39498	0.00590665
4.64	0.389328	-0.174339	0.0198277	-0.0146047	-1.39556	0.00583942
4.645	0.389297	-0.17434	0.0198203	-0.0145445	-1.39614	0.00576451
4.65	0.389265	-0.174341	0.019812	-0.0144748	-1.39673	0.00568048
4.655	0.389232	-0.174342	0.0198031	-0.0143909	-1.39732	0.0055829
4.66	0.389198	-0.174344	0.0197934	-0.0142906	-1.3979	0.00547034
4.665	0.389165	-0.174345	0.0197835	-0.0141617	-1.3985	0.00534015
4.67	0.389131	-0.174347	0.0197736	-0.0140195	-1.39909	0.00519837
4.675	0.389097	-0.174349	0.0197637	-0.0138714	-1.39969	0.00505267
4.68	0.389066	-0.174352	0.0197585	-0.0135283	-1.4003	0.00467901
4.685	0.389036	-0.174355	0.0197528	-0.0132349	-1.40088	0.00436215
4.69	0.389005	-0.174358	0.0197464	-0.0130066	-1.40147	0.00411723
4.695	0.388974	-0.174361	0.0197391	-0.0127874	-1.40206	0.00388612
4.7	0.388941	-0.174361	0.0197298	-0.0127938	-1.40264	0.00387532
4.705	0.388909	-0.174361	0.0197206	-0.0128599	-1.40321	0.00391746
4.71	0.388878	-0.174361	0.0197134	-0.0129405	-1.40378	0.00397177
4.715	0.388849	-0.174362	0.0197076	-0.0130214	-1.40433	0.00402617
4.72	0.388819	-0.174362	0.0197003	-0.0131013	-1.4049	0.00408456
4.725	0.388788	-0.174361	0.0196916	-0.0131831	-1.40546	0.00414911
4.73	0.388756	-0.17436	0.019682	-0.0132659	-1.40603	0.00421464
4.735	0.388722	-0.174358	0.0196714	-0.0133491	-1.40661	0.00427916
4.74	0.388692	-0.174356	0.0196631	-0.013436	-1.40718	0.00434406
4.745	0.388662	-0.174356	0.0196565	-0.013518	-1.40773	0.00440314
4.75	0.388634	-0.174356	0.019651	-0.0135896	-1.40828	0.00445284
4.755	0.388605	-0.174356	0.019644	-0.0136673	-1.40884	0.00451383
4.76	0.388574	-0.174354	0.0196357	-0.013748	-1.4094	0.00458508
4.765	0.388543	-0.174353	0.0196263	-0.0138284	-1.40997	0.00465566
4.77	0.38851	-0.174351	0.0196158	-0.0138515	-1.41054	0.00467581
4.775	0.38848	-0.17435	0.0196079	-0.0139146	-1.41111	0.00472722
4.78	0.388454	-0.17435	0.0196041	-0.0139909	-1.41165	0.00477947
4.785	0.388426	-0.174351	0.0195988	-0.0140357	-1.41217	0.00480522
4.79	0.388397	-0.174352	0.0195915	-0.0140935	-1.41271	0.0048497
4.795	0.388367	-0.174352	0.0195825	-0.0141636	-1.41326	0.00491251
4.8	0.388335	-0.174351	0.0195724	-0.0142362	-1.41381	0.00497821
4.805	0.388303	-0.17435	0.0195615	-0.0143088	-1.41437	0.00504305
4.81	0.388273	-0.17435	0.0195534	-0.0144461	-1.41491	0.00516226
4.815	0.388244	-0.17435	0.0195462	-0.0146055	-1.41543	0.0052944
4.82	0.388217	-0.17435	0.0195394	-0.0147679	-1.41594	0.00542829
4.825	0.38819	-0.174351	0.019533	-0.0149285	-1.41643	0.00556015
4.83	0.388161	-0.174351	0.0195251	-0.0150737	-1.41695	0.00568867
4.835	0.388132	-0.174351	0.0195162	-0.0152129	-1.41748	0.00581794
4.84	0.3881	-0.174351	0.0195062	-0.0152497	-1.41803	0.00584813
4.845	0.388068	-0.174351	0.0194953	-0.0152627	-1.41859	0.0058531
4.85	0.388035	-0.174351	0.0194838	-0.0152465	-1.41916	0.00582788
4.855	0.388002	-0.174351	0.0194733	-0.0152084	-1.41974	0.00578416
4.86	0.387969	-0.174352	0.0194634	-0.0151548	-1.42032	0.00572489
4.865	0.387936	-0.174353	0.0194541	-0.0150875	-1.4209	0.00565102
4.87	0.387901	-0.174359	0.0194413	-0.0146431	-1.42149	0.00515199
4.875	0.387866	-0.174364	0.0194271	-0.014079	-1.42208	0.00453085
4.88	0.387831	-0.174369	0.0194142	-0.0136335	-1.42267	0.00406048
4.885	0.387795	-0.174374	0.0194018	-0.0132339	-1.42327	0.0036437
4.89	0.387759	-0.174379	0.01939	-0.0128553	-1.42388	0.00325228
4.895	0.387724	-0.174384	0.0193787	-0.0124674	-1.42448	0.00285411
4.9	0.387688	-0.174389	0.019367	-0.0119804	-1.42509	0.00235835
4.905	0.387651	-0.174394	0.0193549	-0.0114399	-1.42571	0.0018113
4.91	0.387614	-0.174399	0.0193424	-0.0108599	-1.42633	0.00122507
4.915	0.387577	-0.174404	0.0193295	-0.0102595	-1.42696	0.000618759
4.92	0.387539	-0.174409	0.0193163	-0.00985078	-1.42758	0.000220623
4.925	0.387502	-0.174414	0.0193033	-0.00947478	-1.42821	-0.000142809
4.93	0.387465	-0.17442	0.0192907	-0.00909266	-1.42883	-0.000511666
4.935	0.387427	-0.174425	0.0192782	-0.00869491	-1.42945	-0.000897212
4.94	0.387402	-0.17443	0.0192756	-0.00839373	-1.43002	-0.00115969
4.945	0.387373	-0.17444	0.0192728	-0.00803332	-1.43058	-0.00151237
4.95	0.387345	-0.174443	0.0192667	-0.00785019	-1.43114	-0.00168723
4.955	0.387314	-0.174446	0.0192578	-0.00770066	-1.43171	-0.0018298
4.96	0.387281	-0.174447	0.0192467	-0.00755552	-1.43229	-0.00196497
4.965	0.387246	-0.174448	0.0192336	-0.00740703	-1.43287	-0.00210169
4.97	0.387241	-0.174451	0.0192493	-0.00735185	-1.43331	-0.00214983
4.975	0.387228	-0.174463	0.0192611	-0.00734094	-1.43376	-0.00218601
4.98	0.387215	-0.174467	0.0192683	-0.0072484	-1.43422	-0.0022852
4.985	0.387221	-0.17447	0.0192939	-0.00729957	-1.43456	-0.00224656
4.99	0.38722	-0.174481	0.019314	-0.00730697	-1.43491	-0.00226317
4.995	0.387215	-0.174488	0.0193263	-0.00705877	-1.43528	-0.0025231
5.0	0.387208	-0.174492	0.0193343	-0.00699161	-1.43567	-0.00262059
5.005	0.387195	-0.174496	0.0193381	-0.00700633	-1.43608	-0.002634
5.01	0.387177	-0.174502	0.0193374	-0.00666832	-1.43651	-0.00304144
5.015	0.387156	-0.174507	0.0193331	-0.00613695	-1.43697	-0.00364479
5.02	0.387135	-0.17451	0.0193294	-0.00594356	-1.43743	-0.00385984
5.025	0.387131	-0.174517	0.0193446	-0.0058059	-1.43781	-0.00401383
5.03	0.387119	-0.174534	0.019352	-0.00513276	-1.43821	-0.00475182
5.035	0.387104	-0.17455	0.019352	-0.00390342	-1.43863	-0.00607193
5.04	0.387086	-0.174563	0.0193485	-0.00265109	-1.43908	-0.00740079
5.045	0.387064	-0.174575	0.0193417	-0.00158012	-1.43955	-0.00850144
5.05	0.387038	-0.174587	0.0193322	-0.000528937	-1.44004	-0.00955868
5.055	0.387009	-0.174597	0.0193202	0.000473235	-1.44055	-0.010557
5.06	0.386978	-0.174606	0.019306	0.0014372	-1.44108	-0.0115104
5.065	0.38695	-0.174612	0.0192964	0.0020432	-1.44162	-0.0121079
5.07	0.386928	-0.174618	0.0192956	0.00234786	-1.44212	-0.012412
5.075	0.386903	-0.174629	0.0192905	0.00305882	-1.44261	-0.0131344
5.08	0.386877	-0.174639	0.0192829	0.00411695	-1.44313	-0.0141967
5.085	0.386848	-0.174648	0.0192726	0.00530434	-1.44366	-0.0153761
5.09	0.386818	-0.174654	0.0192616	0.00589987	-1.4442	-0.0159673
5.095	0.386784	-0.174661	0.0192462	0.00653005	-1.44475	-0.0166264
5.1	0.386748	-0.174668	0.0192288	0.00733015	-1.44532	-0.0174395
5.105	0.386711	-0.174671	0.0192122	0.00773125	-1.44591	-0.0178313
5.11	0.386673	-0.174676	0.0191949	0.00826638	-1.4465	-0.0183512
5.115	0.386634	-0.17468	0.0191769	0.00898535	-1.44711	-0.0190612
5.12	0.386592	-0.174693	0.0191514	0.0108439	-1.44773	-0.0209425
5.125	0.38655	-0.174705	0.019128	0.0126912	-1.44836	-0.0227999
5.13	0.386508	-0.174713	0.0191053	0.0140648	-1.44899	-0.0241732
5.135	0.386467	-0.174721	0.0190836	0.0149728	-1.4496	-0.0250747
5.14	0.386436	-0.174725	0.0190762	0.0150813	-1.45017	-0.0251766
5.145	0.386422	-0.174734	0.0190873	0.0150251	-1.45064	-0.0251306
5.15	0.386392	-0.174745	0.0190773	0.0151494	-1.45106	-0.0252646
5.155	0.38636	-0.174748	0.0190626	0.0151189	-1.45149	-0.0252267
5.16	0.386332	-0.174751	0.0190532	0.0150138	-1.45191	-0.0251187
5.165	0.386307	-0.174756	0.0190459	0.0148907	-1.4523	-0.0249986
5.17	0.386288	-0.174762	0.0190456	0.0145566	-1.45266	-0.0246714
5.175	0.386269	-0.174767	0.0190454	0.0141488	-1.45302	-0.0242733
5.18	0.386248	-0.174771	0.0190426	0.0137032	-1.45339	-0.023831
5.185	0.386228	-0.174773	0.0190398	0.0132416	-1.45377	-0.0233691
5.19	0.386209	-0.174775	0.0190379	0.0127763	-1.45415	-0.0229036
5.195	0.386188	-0.174777	0.0190352	0.012299	-1.45453	-0.022426
5.2	0.386168	-0.174779	0.0190325	0.0118185	-1.45491	-0.0219437
5.205	0.386148	-0.174781	0.01903	0.011334	-1.45529	-0.0214574
5.21	0.386127	-0.174782	0.0190273	0.0108445	-1.45568	-0.0209659
5.215	0.386107	-0.174784	0.0190245	0.0103514	-1.45607	-0.0204704
5.22	0.386086	-0.174786	0.0190224	0.00999796	-1.45645	-0.0201141
5.225	0.386065	-0.174788	0.0190191	0.00967264	-1.45684	-0.0197843
5.23	0.386045	-0.17479	0.019017	0.00936365	-1.45723	-0.0194703
5.235	0.386024	-0.174792	0.0190149	0.00905404	-1.45761	-0.0191572
5.24	0.386004	-0.174794	0.0190132	0.00875581	-1.45799	-0.018854
5.245	0.385984	-0.174796	0.0190106	0.00845212	-1.45837	-0.0185445
5.25	0.385963	-0.174798	0.0190084	0.00814796	-1.45876	-0.0182337
5.255	0.385943	-0.1748	0.0190061	0.00784039	-1.45915	-0.0179199
5.26	0.385922	-0.174802	0.0190033	0.00752974	-1.45953	-0.0176022
5.265	0.385898	-0.174803	0.0189979	0.00724951	-1.45994	-0.0173141
5.27	0.385877	-0.174804	0.0189955	0.00699943	-1.46033	-0.0170564
5.275	0.385859	-0.174807	0.0189962	0.00676011	-1.46071	-0.016815
5.28	0.385837	-0.17481	0.0189918	0.00649496	-1.4611	-0.016546
5.285	0.385815	-0.174811	0.0189884	0.00624046	-1.46149	-0.0162838
5.29	0.385797	-0.174813	0.0189878	0.00599825	-1.46187	-0.0160372
5.295	0.385777	-0.174815	0.0189867	0.00574379	-1.46225	-0.0157798
5.3	0.385755	-0.174817	0.0189829	0.00547293	-1.46264	-0.0155027
5.305	0.385734	-0.174818	0.01898	0.00520389	-1.46303	-0.0152268
5.31	0.385714	-0.17482	0.0189789	0.00494388	-1.46342	-0.0149622
5.315	0.385694	-0.174823	0.0189768	0.00467341	-1.4638	-0.0146875
5.32	0.385673	-0.174824	0.0189738	0.00439511	-1.4642	-0.0144027
5.325	0.385652	-0.174826	0.0189718	0.00411802	-1.46459	-0.0141194
5.33	0.385655	-0.174831	0.0189928	0.00399428	-1.46488	-0.01401
5.335	0.385644	-0.174853	0.0189997	0.00526171	-1.46521	-0.0153266
5.34	0.38563	-0.174864	0.0190005	0.0066391	-1.46557	-0.0167337
5.345	0.385608	-0.174881	0.0189867	0.00873029	-1.46597	-0.0188768
5.35	0.385583	-0.174884	0.0189764	0.0109012	-1.46643	-0.0210551
5.355	0.385552	-0.174879	0.0189641	0.0114488	-1.46692	-0.021573
5.36	0.385516	-0.174877	0.0189479	0.0118362	-1.46743	-0.0219251
5.365	0.385474	-0.174876	0.018926	0.0125377	-1.46798	-0.0225913
5.37	0.385448	-0.174875	0.0189184	0.0131427	-1.46846	-0.0231648
5.375	0.385429	-0.174882	0.0189209	0.0136406	-1.46888	-0.0236558
5.38	0.385404	-0.174889	0.0189163	0.0142364	-1.46931	-0.0242449
5.385	0.38538	-0.174892	0.0189095	0.0147881	-1.46975	-0.0247775
5.39	0.385355	-0.174896	0.0189037	0.0153213	-1.47018	-0.0252939
5.395	0.385334	-0.174901	0.0189003	0.0158285	-1.4706	-0.0257881
5.4	0.385312	-0.174906	0.0188966	0.0163377	-1.47102	-0.0262868
5.405	0.385283	-0.174917	0.0188834	0.0173442	-1.47145	-0.0273082
5.41	0.385263	-0.174923	0.0188794	0.017808	-1.47186	-0.0277715
5.415	0.385243	-0.174932	0.0188784	0.0180061	-1.47224	-0.0279808
5.42	0.385217	-0.174941	0.018871	0.0177158	-1.47264	-0.0277078
5.425	0.385184	-0.17495	0.0188556	0.0181188	-1.47309	-0.0281332
5.43	0.38518	-0.174958	0.0188683	0.0182336	-1.47341	-0.0282621
5.435	0.385162	-0.174984	0.0188685	0.0195584	-1.47378	-0.0296472
5.44	0.38514	-0.175011	0.0188533	0.0225864	-1.47417	-0.0327481
5.445	0.385109	-0.175044	0.0188254	0.0270688	-1.47461	-0.0372912
5.45	0.385093	-0.175059	0.0188135	0.0281803	-1.47486	-0.0384295
5.455	0.385071	-0.175083	0.0188098	0.0287067	-1.47512	-0.0390301
5.46	0.385053	-0.175093	0.018808	0.0282764	-1.47538	-0.0386294
5.465	0.385036	-0.1751	0.0188078	0.0273974	-1.47564	-0.0378011
5.47	0.385017	-0.175102	0.0188065	0.0264804	-1.47592	-0.0369317
5.475	0.384998	-0.175102	0.0188049	0.0256623	-1.47621	-0.0361683
5.48	0.384978	-0.175101	0.0188043	0.024783	-1.47652	-0.0353622
5.485	0.384961	-0.175097	0.0188064	0.0235308	-1.47682	-0.0341615
5.49	0.384945	-0.175095	0.0188105	0.0221939	-1.47712	-0.0328742
5.495	0.38493	-0.175092	0.0188159	0.020847	-1.47742	-0.0315736
5.5	0.384916	-0.175088	0.0188217	0.0195163	-1.47773	-0.0302973
5.505	0.384902	-0.175083	0.0188278	0.0181515	-1.47804	-0.0289882
5.51	0.3849	-0.175086	0.0188362	0.0178315	-1.47819	-0.0286906
5.515	0.384899	-0.175095	0.0188471	0.0177651	-1.47831	-0.0286521
5.52	0.384902	-0.175102	0.0188627	0.0175651	-1.47846	-0.0284839
5.525	0.384908	-0.175108	0.0188799	0.0174941	-1.47859	-0.0284336
5.53	0.384916	-0.175115	0.0189038	0.0175144	-1.47878	-0.0284781
5.535	0.384921	-0.175116	0.0189245	0.0173297	-1.479	-0.0282925
5.54	0.384917	-0.175115	0.0189344	0.0172904	-1.47927	-0.0282423
5.545	0.384905	-0.175112	0.0189344	0.0173169	-1.47959	-0.0282268
5.55	0.384885	-0.175107	0.0189257	0.0174261	-1.47996	-0.0283136
5.555	0.384868	-0.175095	0.0189221	0.016543	-1.48033	-0.0273669
5.56	0.384849	-0.175083	0.0189192	0.0147395	-1.4807	-0.0255001
5.565	0.384829	-0.175069	0.0189175	0.0126926	-1.48107	-0.0233727
5.57	0.384811	-0.175051	0.018916	0.0103708	-1.48144	-0.0209634
5.575	0.384792	-0.175033	0.0189149	0.00783405	-1.48182	-0.0183371
5.58	0.384773	-0.175013	0.0189138	0.00507353	-1.4822	-0.015495
5.585	0.384753	-0.174992	0.0189115	0.00212311	-1.48259	-0.0124709
5.59	0.384733	-0.17497	0.0189087	-0.00101074	-1.48299	-0.00927754
5.595	0.384713	-0.174951	0.0189083	-0.00417011	-1.4834	-0.00607964
5.6	0.384692	-0.174934	0.0189103	-0.00717986	-1.4838	-0.00304989
5.605	0.384675	-0.174918	0.0189134	-0.0101059	-1.48418	-0.000105698
5.61	0.384656	-0.174903	0.0189167	-0.0129092	-1.48456	0.00270577
5.615	0.384639	-0.174888	0.0189205	-0.0158677	-1.48492	0.00566803
5.62	0.38462	-0.174872	0.0189227	-0.0188643	-1.48529	0.00870447
5.625	0.384602	-0.174856	0.0189252	-0.0216219	-1.48566	0.011514
5.63	0.384585	-0.174836	0.018929	-0.0247683	-1.48601	0.0147011
5.635	0.384568	-0.174818	0.0189354	-0.0274119	-1.48639	0.0173514
5.64	0.384555	-0.174792	0.0189413	-0.0307026	-1.48675	0.0206606
5.645	0.384541	-0.174774	0.0189497	-0.0331297	-1.48712	0.023081
5.65	0.38453	-0.174751	0.0189573	-0.0360622	-1.48748	0.0260411
5.655	0.384517	-0.174731	0.0189632	-0.0395672	-1.48781	0.0295671
5.66	0.384505	-0.174712	0.018969	-0.0433477	-1.48813	0.0333533
5.665	0.384486	-0.174699	0.0189665	-0.0464395	-1.48847	0.0364444
5.67	0.384468	-0.174681	0.0189652	-0.0498838	-1.48881	0.0398954
5.675	0.38445	-0.174665	0.0189644	-0.0535832	-1.48916	0.0436073
5.68	0.38443	-0.174648	0.0189629	-0.0573971	-1.48952	0.0474655
5.685	0.38441	-0.174633	0.0189611	-0.0612241	-1.4899	0.0513707
5.69	0.38439	-0.174616	0.0189599	-0.0653547	-1.49026	0.0556468
5.695	0.38437	-0.174598	0.0189578	-0.0694703	-1.49061	0.059928
5.7	0.384374	-0.174587	0.0189895	-0.0731308	-1.49101	0.0637056
5.705	0.384388	-0.174589	0.0190337	-0.0745341	-1.49141	0.065121
5.71	0.384397	-0.174587	0.0190657	-0.0755437	-1.49178	0.0661235
5.715	0.384398	-0.174582	0.0190859	-0.0766534	-1.49212	0.0672402
5.72	0.384392	-0.174578	0.0190982	-0.0775327	-1.49247	0.0681111
5.725	0.384399	-0.174578	0.0191284	-0.0781567	-1.49286	0.0687366
5.73	0.384414	-0.17458	0.019165	-0.0788033	-1.49316	0.0693722
5.735	0.38442	-0.174583	0.0191901	-0.0796888	-1.49345	0.0702524
5.74	0.384431	-0.174585	0.0192167	-0.0800453	-1.49365	0.0706037
5.745	0.384434	-0.174589	0.0192348	-0.0803289	-1.49387	0.0708757
5.75	0.384428	-0.174591	0.0192425	-0.0805097	-1.49414	0.0710668
5.755	0.384414	-0.174591	0.0192414	-0.0806437	-1.49445	0.0712293
5.76	0.384393	-0.17459	0.0192333	-0.0808381	-1.49481	0.0714595
5.765	0.384369	-0.174588	0.0192235	-0.0812263	-1.4952	0.0718722
5.77	0.384349	-0.174587	0.0192188	-0.0817272	-1.49557	0.0723723
5.775	0.38433	-0.174589	0.0192169	-0.0822391	-1.49593	0.072872
5.78	0.384312	-0.174591	0.0192151	-0.0827547	-1.49629	0.0733738
5.785	0.384293	-0.174592	0.0192125	-0.08328	-1.49665	0.0738862
5.79	0.384273	-0.174593	0.0192094	-0.0838159	-1.49702	0.0744097
5.795	0.384253	-0.174594	0.0192062	-0.0843604	-1.49738	0.0749415
5.8	0.384233	-0.174596	0.0192029	-0.0849103	-1.49775	0.075479
5.805	0.384214	-0.174597	0.0192001	-0.0854553	-1.49811	0.0760115
5.81	0.384195	-0.174599	0.0191972	-0.0860005	-1.49848	0.0765437
5.815	0.384175	-0.174601	0.019194	-0.0865483	-1.49884	0.0770785
5.82	0.38415	-0.174601	0.0191851	-0.0872174	-1.49922	0.0777381
5.825	0.384132	-0.174601	0.0191833	-0.0878093	-1.49958	0.0783205
5.83	0.384109	-0.174603	0.019177	-0.0884964	-1.49995	0.0789925
5.835	0.384087	-0.174603	0.0191712	-0.0892353	-1.50033	0.0797209
5.84	0.384066	-0.174604	0.0191676	-0.0899736	-1.50071	0.0804467
5.845	0.384047	-0.174606	0.019165	-0.0907061	-1.50108	0.081165
5.85	0.384026	-0.174607	0.0191616	-0.0914701	-1.50146	0.0819068
5.855	0.384006	-0.174608	0.0191577	-0.0922561	-1.50183	0.0826691
5.86	0.383985	-0.174608	0.019154	-0.0930555	-1.50221	0.0834443
5.865	0.383964	-0.174609	0.0191503	-0.0938646	-1.50259	0.0842288
5.87	0.383944	-0.17461	0.0191467	-0.0946833	-1.50297	0.0850228
5.875	0.383923	-0.174611	0.019143	-0.0955123	-1.50335	0.0858269
5.88	0.383903	-0.174612	0.0191393	-0.0963517	-1.50373	0.0866415
5.885	0.383882	-0.174613	0.0191355	-0.0972012	-1.50411	0.0874662
5.89	0.383862	-0.174614	0.0191318	-0.0980607	-1.50449	0.0883009
5.895	0.383841	-0.174614	0.019128	-0.0989305	-1.50487	0.0891458
5.9	0.38382	-0.174615	0.0191243	-0.0998104	-1.50525	0.0900009
5.905	0.383803	-0.174618	0.0191163	-0.100318	-1.50547	0.0904884
5.91	0.383789	-0.174626	0.0191144	-0.101054	-1.50566	0.0911769
5.915	0.383783	-0.174636	0.0191168	-0.101327	-1.50577	0.0914154
5.92	0.383779	-0.174647	0.0191226	-0.1015	-1.50587	0.0915565
5.925	0.383778	-0.174656	0.0191313	-0.101695	-1.50597	0.0917236
5.93	0.383784	-0.174662	0.0191496	-0.101771	-1.50613	0.0917818
5.935	0.383787	-0.174663	0.0191632	-0.102226	-1.50625	0.0922164
5.94	0.383782	-0.174665	0.0191703	-0.102725	-1.50644	0.0926974
5.945	0.383772	-0.174664	0.0191716	-0.10336	-1.50668	0.0933202
5.95	0.383757	-0.174661	0.0191682	-0.104149	-1.50697	0.0940941
5.955	0.383736	-0.174659	0.0191604	-0.105087	-1.5073	0.0950133
5.96	0.383725	-0.174656	0.0191596	-0.106068	-1.50752	0.0959657
5.965	0.383715	-0.174661	0.0191638	-0.10701	-1.50771	0.0968605
5.97	0.383708	-0.174659	0.0191676	-0.108695	-1.5079	0.098512
5.975	0.3837	-0.174653	0.0191701	-0.111234	-1.50809	0.101018
5.98	0.383694	-0.174651	0.0191775	-0.112597	-1.50829	0.102347
5.985	0.383685	-0.174649	0.0191796	-0.113383	-1.50851	0.10312
5.99	0.383672	-0.174647	0.0191769	-0.114076	-1.50876	0.103806
5.995	0.383664	-0.174644	0.0191794	-0.114986	-1.50896	0.104694
6.0	0.383656	-0.174643	0.0191843	-0.116431	-1.50917	0.1061
6.005	0.383648	-0.174641	0.0191912	-0.118092	-1.50939	0.107718
6.01	0.383635	-0.174641	0.0191901	-0.119059	-1.50965	0.108642
6.015	0.383625	-0.174635	0.0191933	-0.120933	-1.50987	0.110482
6.02	0.383616	-0.174633	0.0191993	-0.122941	-1.5101	0.112439
6.025	0.38361	-0.174627	0.0192126	-0.124978	-1.5104	0.114466
6.03	0.383599	-0.174622	0.0192183	-0.125843	-1.51074	0.115321
6.035	0.383582	-0.174614	0.0192175	-0.12683	-1.51111	0.116318
6.04	0.383559	-0.174607	0.0192109	-0.127946	-1.51153	0.117446
6.045	0.383539	-0.174591	0.0192078	-0.129901	-1.51193	0.119408
6.05	0.383528	-0.174584	0.0192104	-0.130974	-1.51217	0.120461
6.055	0.383515	-0.17458	0.0192132	-0.132406	-1.51244	0.121873
6.06	0.383502	-0.174572	0.0192156	-0.133848	-1.51275	0.123309
6.065	0.383489	-0.174564	0.0192187	-0.13535	-1.51307	0.124808
6.07	0.383475	-0.174554	0.0192215	-0.138023	-1.51338	0.127497
6.075	0.383459	-0.174546	0.0192248	-0.140508	-1.51371	0.129982
6.08	0.383445	-0.174537	0.0192297	-0.143139	-1.51404	0.132642
6.085	0.383437	-0.174527	0.019244	-0.145037	-1.51443	0.134569
6.09	0.383422	-0.174515	0.0192481	-0.14733	-1.51483	0.136885
6.095	0.383401	-0.174502	0.0192433	-0.14958	-1.51526	0.139159
6.1	0.383372	-0.174489	0.0192303	-0.152444	-1.51572	0.142067
6.105	0.383349	-0.17447	0.0192279	-0.15688	-1.51616	0.146575
6.11	0.383326	-0.174454	0.0192296	-0.161818	-1.51658	0.151528
6.115	0.383314	-0.174445	0.0192344	-0.164883	-1.51686	0.154573
6.12	0.383299	-0.17444	0.0192384	-0.167789	-1.51714	0.157447
6.125	0.383285	-0.174432	0.0192427	-0.170785	-1.51745	0.160429
6.13	0.383275	-0.174421	0.0192552	-0.173432	-1.51782	0.163079
6.135	0.383259	-0.174411	0.0192588	-0.175455	-1.51823	0.165118
6.14	0.383238	-0.174386	0.0192476	-0.180357	-1.5186	0.170062
6.145	0.383235	-0.17436	0.0192768	-0.184556	-1.5191	0.174252
6.15	0.383233	-0.174337	0.0192999	-0.186735	-1.51959	0.17645
6.155	0.383229	-0.174316	0.0193191	-0.189628	-1.52006	0.179397
6.16	0.383216	-0.174297	0.0193275	-0.193795	-1.5205	0.1836
6.165	0.383201	-0.174286	0.0193338	-0.196397	-1.52096	0.186235
6.17	0.383202	-0.174278	0.0193591	-0.198526	-1.52142	0.188397
6.175	0.383194	-0.174276	0.0193738	-0.200164	-1.52188	0.190063
6.18	0.38318	-0.174273	0.019379	-0.2013	-1.52233	0.191222
6.185	0.383158	-0.174268	0.0193753	-0.203039	-1.52279	0.192988
6.19	0.383129	-0.174263	0.0193637	-0.205137	-1.52327	0.195113
6.195	0.383095	-0.174261	0.0193464	-0.206425	-1.52379	0.196413
6.2	0.383055	-0.174259	0.0193244	-0.20766	-1.52433	0.197666
6.205	0.383011	-0.174258	0.0192979	-0.208933	-1.52491	0.198956
6.21	0.382963	-0.17425	0.0192711	-0.212185	-1.52546	0.202131
6.215	0.382912	-0.174243	0.0192423	-0.215836	-1.52603	0.205687
6.22	0.382887	-0.174241	0.0192282	-0.217392	-1.52631	0.20722
6.225	0.382862	-0.174249	0.0192143	-0.218922	-1.5265	0.208703
6.23	0.38284	-0.174256	0.0192054	-0.22036	-1.52673	0.21012
6.235	0.382838	-0.174261	0.0192154	-0.221359	-1.52691	0.211106
6.24	0.382825	-0.174268	0.0192167	-0.222796	-1.52716	0.212538
6.245	0.382811	-0.17427	0.0192148	-0.224301	-1.52746	0.21407
6.25	0.382811	-0.174272	0.0192282	-0.225492	-1.52768	0.215264
6.255	0.382807	-0.174277	0.0192404	-0.227641	-1.5279	0.217425
6.26	0.382802	-0.17428	0.0192505	-0.229433	-1.52817	0.219281
6.265	0.382797	-0.17428	0.01926	-0.231506	-1.52846	0.221424
6.27	0.382792	-0.17428	0.0192704	-0.233344	-1.52877	0.223304
6.275	0.382786	-0.174282	0.019281	-0.234645	-1.5291	0.224631
6.28	0.382771	-0.174283	0.0192821	-0.235976	-1.52948	0.22597
6.285	0.382749	-0.174283	0.0192743	-0.237553	-1.52989	0.227559
6.29	0.382724	-0.174282	0.0192613	-0.240946	-1.53022	0.230964
6.295	0.382694	-0.17429	0.0192455	-0.242871	-1.53062	0.232949
6.3	0.382671	-0.174295	0.019237	-0.244798	-1.53098	0.234901
6.305	0.382653	-0.174303	0.0192344	-0.246589	-1.53132	0.236698
6.31	0.382639	-0.174312	0.0192363	-0.248169	-1.53164	0.23828
6.315	0.382618	-0.174319	0.0192312	-0.250805	-1.53198	0.240943
6.32	0.382594	-0.174324	0.0192212	-0.253895	-1.53236	0.244126
6.325	0.382567	-0.174329	0.0192077	-0.257167	-1.53277	0.247528
6.33	0.382541	-0.17433	0.0191948	-0.261755	-1.53308	0.252176
6.335	0.382504	-0.174339	0.0191733	-0.264407	-1.53349	0.254816
6.34	0.382474	-0.174337	0.0191571	-0.268272	-1.53389	0.258717
6.345	0.382442	-0.174341	0.0191427	-0.272272	-1.5343	0.26276
6.35	0.382413	-0.174342	0.0191306	-0.276548	-1.53472	0.26709
6.355	0.382385	-0.174341	0.0191188	-0.28163	-1.53513	0.272223
6.36	0.382357	-0.174339	0.0191075	-0.287509	-1.53553	0.27815
6.365	0.382334	-0.174331	0.0191006	-0.294457	-1.53588	0.28511
6.37	0.382344	-0.174343	0.019143	-0.301418	-1.53628	0.292019
6.375	0.382347	-0.174359	0.019175	-0.305566	-1.53668	0.296114
6.38	0.382346	-0.174369	0.0191952	-0.308797	-1.53708	0.299342
6.385	0.382337	-0.174377	0.0192057	-0.312388	-1.53747	0.302924
6.39	0.382323	-0.174385	0.0192101	-0.315485	-1.53786	0.30602
6.395	0.382302	-0.174391	0.0192069	-0.319069	-1.53827	0.309589
6.4	0.382273	-0.174397	0.0191946	-0.322329	-1.53872	0.312839
6.405	0.382238	-0.174403	0.0191758	-0.326028	-1.5392	0.316531
6.41	0.382198	-0.174406	0.0191526	-0.331025	-1.5397	0.32152
6.415	0.382151	-0.174408	0.0191228	-0.338024	-1.54022	0.32855
6.42	0.382099	-0.17441	0.0190878	-0.34537	-1.54078	0.335918
6.425	0.382042	-0.174409	0.0190489	-0.353995	-1.54136	0.344559
6.43	0.381987	-0.174406	0.0190149	-0.36389	-1.54192	0.354446
6.435	0.381962	-0.174409	0.018994	-0.367171	-1.54207	0.357713
6.44	0.381923	-0.174425	0.0189705	-0.371037	-1.54234	0.361507
6.445	0.381884	-0.174426	0.0189446	-0.376078	-1.54268	0.366478
6.45	0.381841	-0.174427	0.0189159	-0.381264	-1.54308	0.371595
6.455	0.381797	-0.174423	0.0188883	-0.387824	-1.54351	0.378073
6.46	0.381751	-0.174419	0.0188594	-0.394731	-1.54398	0.384908
6.465	0.381701	-0.174418	0.0188271	-0.402951	-1.54449	0.393107
6.47	0.381648	-0.174414	0.0187925	-0.412727	-1.54504	0.402885
6.475	0.381611	-0.174415	0.0187753	-0.420949	-1.54554	0.411105
6.48	0.381603	-0.174421	0.0187882	-0.427434	-1.5459	0.417564
6.485	0.381593	-0.174435	0.0188052	-0.434392	-1.5463	0.424478
6.49	0.381579	-0.174438	0.0188127	-0.442276	-1.54668	0.432362
6.495	0.381559	-0.174438	0.0188113	-0.450802	-1.54708	0.440899
6.5	0.381523	-0.174434	0.0187789	-0.45669	-1.54734	0.446811
6.505	0.381476	-0.174428	0.0187325	-0.462797	-1.5476	0.452946
6.51	0.381436	-0.174422	0.0186924	-0.468409	-1.54783	0.45856
6.515	0.381416	-0.174423	0.0186728	-0.471443	-1.54795	0.461583
6.52	0.381408	-0.174429	0.0186664	-0.472239	-1.54799	0.462359
6.525	0.381397	-0.174435	0.0186554	-0.47264	-1.54802	0.462744
6.53	0.381377	-0.174434	0.0186328	-0.474371	-1.54808	0.464468
6.535	0.381352	-0.174431	0.0186038	-0.476204	-1.54818	0.46629
6.54	0.381325	-0.17443	0.0185733	-0.477709	-1.5483	0.467802
6.545	0.381292	-0.174427	0.0185376	-0.479434	-1.54845	0.469515
6.55	0.381261	-0.174421	0.0185007	-0.481452	-1.54853	0.471533
6.555	0.38123	-0.174414	0.0184662	-0.486729	-1.54855	0.476848
6.56	0.381199	-0.174407	0.0184332	-0.492288	-1.54857	0.482454
6.565	0.381171	-0.174396	0.0184026	-0.498242	-1.54858	0.488464
6.57	0.381154	-0.174394	0.0183747	-0.497	-1.54846	0.487241
6.575	0.381137	-0.174397	0.0183485	-0.495024	-1.54836	0.485261
6.58	0.381123	-0.174397	0.0183241	-0.492957	-1.54827	0.483194
6.585	0.38111	-0.174398	0.0183015	-0.490945	-1.54819	0.481182
6.59	0.381098	-0.174398	0.0182804	-0.489009	-1.54811	0.479245
6.595	0.381082	-0.174398	0.0182578	-0.488461	-1.54809	0.478695
6.6	0.381069	-0.174396	0.0182371	-0.487468	-1.54805	0.477706
6.605	0.381058	-0.174396	0.0182181	-0.485881	-1.54799	0.476117
6.61	0.381048	-0.174397	0.0182002	-0.484194	-1.54792	0.474428
6.615	0.381039	-0.174397	0.0181831	-0.482819	-1.54785	0.473053
6.62	0.381025	-0.174394	0.018163	-0.483194	-1.5478	0.473423
6.625	0.381012	-0.174391	0.0181446	-0.484074	-1.54776	0.474288
6.63	0.380996	-0.174387	0.0181231	-0.485155	-1.54773	0.475351
6.635	0.380978	-0.174381	0.0181013	-0.487158	-1.5477	0.477347
6.64	0.380961	-0.174373	0.0180793	-0.490406	-1.54766	0.480592
6.645	0.380945	-0.174364	0.0180599	-0.494087	-1.54763	0.484288
6.65	0.380927	-0.174353	0.0180383	-0.498525	-1.5476	0.488749
6.655	0.380908	-0.174342	0.0180158	-0.503451	-1.54757	0.493706
6.66	0.380886	-0.174331	0.0179887	-0.507322	-1.5476	0.497596
6.665	0.380867	-0.17432	0.0179673	-0.511743	-1.54761	0.502053
6.67	0.380849	-0.174311	0.0179463	-0.515357	-1.54761	0.505701
6.675	0.380829	-0.174304	0.0179257	-0.518511	-1.54762	0.508874
6.68	0.380814	-0.174299	0.017907	-0.519794	-1.54765	0.510199
6.685	0.380797	-0.174297	0.0178872	-0.520114	-1.54769	0.510535
6.69	0.380779	-0.174294	0.0178666	-0.520693	-1.54773	0.511128
6.695	0.380762	-0.174291	0.0178451	-0.521158	-1.54775	0.51161
6.7	0.380747	-0.174288	0.017826	-0.521906	-1.54775	0.512373
6.705	0.380731	-0.174286	0.0178067	-0.522738	-1.54774	0.513209
6.71	0.380715	-0.174283	0.0177872	-0.523752	-1.54774	0.514233
6.715	0.380703	-0.174282	0.0177682	-0.522788	-1.54768	0.513274
6.72	0.38069	-0.174286	0.0177489	-0.520445	-1.54767	0.51093
6.725	0.380669	-0.174291	0.017721	-0.517421	-1.54774	0.507912
6.73	0.380644	-0.174292	0.0176876	-0.515812	-1.54783	0.506309
6.735	0.380619	-0.174295	0.0176541	-0.514572	-1.54792	0.505127
6.74	0.380598	-0.1743	0.0176259	-0.512691	-1.54795	0.503254
6.745	0.380573	-0.174308	0.0175948	-0.510785	-1.54803	0.501359
6.75	0.380549	-0.174312	0.0175646	-0.5096	-1.5481	0.500219
6.755	0.380535	-0.174317	0.017546	-0.508308	-1.54813	0.498948
6.76	0.380524	-0.174323	0.0175289	-0.506641	-1.54808	0.497275
6.765	0.380514	-0.174328	0.0175127	-0.504917	-1.54802	0.495539
6.77	0.380505	-0.174332	0.0174971	-0.503207	-1.54796	0.49382
6.775	0.380497	-0.174335	0.017482	-0.501529	-1.5479	0.492134
6.78	0.380489	-0.174338	0.0174672	-0.499873	-1.54783	0.490472
6.785	0.380482	-0.174341	0.0174529	-0.498251	-1.54777	0.488844
6.79	0.380475	-0.174343	0.0174388	-0.496655	-1.54771	0.487242
6.795	0.380468	-0.174345	0.017425	-0.495082	-1.54765	0.485664
6.8	0.380461	-0.174347	0.0174114	-0.49353	-1.54759	0.484107
6.805	0.380454	-0.174349	0.017398	-0.491995	-1.54753	0.482567
6.81	0.380447	-0.174351	0.0173847	-0.490477	-1.54747	0.481045
6.815	0.380441	-0.174353	0.0173716	-0.488974	-1.54741	0.479537
6.82	0.380434	-0.174355	0.0173586	-0.487485	-1.54735	0.478043
6.825	0.380428	-0.174356	0.0173462	-0.486264	-1.5473	0.476816
6.83	0.380422	-0.174358	0.0173339	-0.484884	-1.54724	0.47543
6.835	0.380416	-0.17436	0.0173216	-0.483467	-1.54718	0.47401
6.84	0.38041	-0.174361	0.0173093	-0.482047	-1.54712	0.472586
6.845	0.380404	-0.174363	0.017297	-0.480631	-1.54706	0.471165
6.85	0.380398	-0.174365	0.0172847	-0.47922	-1.547	0.469751
6.855	0.380391	-0.174366	0.0172717	-0.478262	-1.54697	0.46879
6.86	0.380385	-0.174367	0.017259	-0.476966	-1.54691	0.467492
6.865	0.380379	-0.174369	0.0172464	-0.475591	-1.54685	0.466112
6.87	0.380372	-0.174371	0.0172339	-0.474201	-1.54679	0.464719
6.875	0.380366	-0.174372	0.0172214	-0.472814	-1.54673	0.463328
6.88	0.38036	-0.174374	0.0172089	-0.471435	-1.54668	0.461945
6.885	0.380354	-0.174375	0.0171964	-0.470062	-1.54662	0.460568
6.89	0.380348	-0.174377	0.0171839	-0.468695	-1.54656	0.459197
6.895	0.380342	-0.174379	0.0171714	-0.467335	-1.5465	0.457833
6.9	0.380336	-0.17438	0.0171589	-0.465982	-1.54644	0.456476
6.905	0.38033	-0.174382	0.0171465	-0.464635	-1.54638	0.455126
6.91	0.380324	-0.174383	0.017134	-0.463296	-1.54632	0.453782
6.915	0.380317	-0.174385	0.0171215	-0.461963	-1.54626	0.452445
6.92	0.380311	-0.174386	0.017109	-0.460636	-1.5462	0.451115
6.925	0.380305	-0.174388	0.0170966	-0.459317	-1.54614	0.449792
6.93	0.380299	-0.17439	0.0170841	-0.458003	-1.54608	0.448475
6.935	0.380293	-0.174391	0.0170716	-0.456695	-1.54602	0.447163
6.94	0.380287	-0.174393	0.0170591	-0.455393	-1.54596	0.445857
6.945	0.380281	-0.174394	0.0170466	-0.454097	-1.5459	0.444557
6.95	0.380275	-0.174396	0.0170341	-0.452808	-1.54584	0.443264
6.955	0.380268	-0.174397	0.0170216	-0.451524	-1.54578	0.441976
6.96	0.380262	-0.174399	0.0170091	-0.450246	-1.54572	0.440694
6.965	0.380256	-0.174401	0.0169966	-0.448973	-1.54566	0.439418
6.97	0.38025	-0.174402	0.0169841	-0.447707	-1.5456	0.438148
6.975	0.380244	-0.174404	0.0169716	-0.446447	-1.54554	0.436884
6.98	0.380238	-0.174405	0.0169591	-0.445192	-1.54548	0.435625
6.985	0.380232	-0.174407	0.0169465	-0.443943	-1.54542	0.434372
6.99	0.380225	-0.174408	0.016934	-0.442699	-1.54536	0.433125
6.995	0.380219	-0.17441	0.0169215	-0.441461	-1.5453	0.431883
7.0	0.380213	-0.174412	0.0169089	-0.440229	-1.54524	0.430647
7.005	0.380207	-0.174413	0.0168964	-0.439003	-1.54518	0.429417
7.01	0.380201	-0.174415	0.0168838	-0.437781	-1.54512	0.428192
7.015	0.380195	-0.174416	0.0168712	-0.436566	-1.54506	0.426972
7.02	0.380188	-0.174418	0.0168587	-0.435356	-1.545	0.425758
7.025	0.380182	-0.17442	0.0168461	-0.434151	-1.54494	0.42455
7.03	0.380176	-0.174421	0.0168335	-0.432951	-1.54488	0.423346
7.035	0.38017	-0.174423	0.0168209	-0.431757	-1.54482	0.422148
7.04	0.380163	-0.174424	0.0168083	-0.430568	-1.54475	0.420956
7.045	0.380157	-0.174426	0.0167957	-0.429385	-1.54469	0.419769
7.05	0.380151	-0.174427	0.0167831	-0.428207	-1.54463	0.418586
7.055	0.380145	-0.174429	0.0167705	-0.427034	-1.54457	0.41741
7.06	0.380139	-0.174431	0.016758	-0.425878	-1.54451	0.41625
7.065	0.380132	-0.174432	0.0167456	-0.424722	-1.54445	0.41509
7.07	0.380125	-0.174434	0.0167323	-0.423597	-1.54439	0.413962
7.075	0.380118	-0.174435	0.0167188	-0.422466	-1.54433	0.412828
7.08	0.380111	-0.174437	0.0167053	-0.4213	-1.54427	0.411658
7.085	0.380104	-0.174438	0.0166919	-0.420137	-1.54421	0.410491
7.09	0.380098	-0.17444	0.0166786	-0.418977	-1.54415	0.409328
7.095	0.38009	-0.174442	0.0166648	-0.417833	-1.54409	0.408179
7.1	0.380083	-0.174443	0.0166515	-0.416702	-1.54402	0.407045
7.105	0.380077	-0.174445	0.0166382	-0.415563	-1.54396	0.405901
7.11	0.38007	-0.174446	0.016625	-0.41443	-1.5439	0.404764
7.115	0.380063	-0.174448	0.0166119	-0.413303	-1.54384	0.403633
7.12	0.380056	-0.17445	0.0165982	-0.412212	-1.54378	0.402539
7.125	0.380046	-0.174451	0.0165826	-0.41155	-1.54373	0.401874
7.13	0.380039	-0.174452	0.0165688	-0.410548	-1.54368	0.40087
7.135	0.380028	-0.174453	0.0165523	-0.410088	-1.54364	0.400406
7.14	0.380016	-0.174457	0.0165366	-0.409717	-1.54364	0.400026
7.145	0.380005	-0.17446	0.0165223	-0.409858	-1.54362	0.400157
7.15	0.379996	-0.174465	0.016508	-0.409009	-1.54357	0.399295
7.155	0.379985	-0.17447	0.0164924	-0.408163	-1.54352	0.398438
7.16	0.379976	-0.174474	0.016477	-0.407078	-1.54346	0.397344
7.165	0.379967	-0.174479	0.0164618	-0.405924	-1.5434	0.396179
7.17	0.379959	-0.174483	0.016447	-0.404767	-1.54333	0.395012
7.175	0.379951	-0.174486	0.0164325	-0.403623	-1.54327	0.393858
7.18	0.379943	-0.17449	0.0164183	-0.402493	-1.5432	0.39272
7.185	0.379935	-0.174493	0.0164042	-0.401378	-1.54314	0.391597
7.19	0.379927	-0.174495	0.0163903	-0.400275	-1.54307	0.390487
7.195	0.37992	-0.174498	0.0163761	-0.399165	-1.54301	0.389371
