0	0.333706 	-0.17241 	0.0336918 	-0.369617 	-1.57018 	0.369649 	
0.005	0.332479 	-0.183034 	0.0339483 	-2.5918 	-1.56823 	2.1216 	
0.01	0.333443 	-0.178384 	0.0337494 	-0.652107 	-1.57035 	0.38925 	
0.015	0.333472 	-0.178321 	0.0337415 	-0.648879 	-1.56995 	0.385544 	
0.02	0.333487 	-0.178296 	0.0337472 	-0.618568 	-1.57024 	0.357167 	
0.025	0.333483 	-0.178289 	0.0337403 	-0.614482 	-1.56988 	0.35365 	
0.03	0.333473 	-0.178287 	0.0337307 	-0.614354 	-1.56937 	0.354012 	
0.035	0.333524 	-0.178303 	0.0337479 	-0.623053 	-1.57023 	0.361266 	
0.04	0.333532 	-0.178313 	0.0337445 	-0.627282 	-1.57003 	0.365207 	
0.045	0.333533 	-0.178323 	0.0337376 	-0.628544 	-1.56965 	0.366273 	
0.05	0.33353 	-0.178335 	0.0337279 	-0.628558 	-1.56912 	0.366165 	
0.055	0.333598 	-0.178288 	0.0337437 	-0.618797 	-1.56991 	0.357796 	
0.06	0.333617 	-0.17828 	0.0337398 	-0.616712 	-1.56968 	0.356212 	
0.065	0.333629 	-0.178276 	0.0337326 	-0.616539 	-1.56927 	0.356476 	
0.07	0.333637 	-0.178276 	0.0337227 	-0.61696 	-1.56872 	0.357281 	
0.075	0.3337 	-0.178297 	0.0337377 	-0.620483 	-1.56945 	0.359249 	
0.08	0.333724 	-0.178308 	0.0337335 	-0.62252 	-1.56919 	0.36092 	
0.085	0.333742 	-0.17832 	0.0337261 	-0.623857 	-1.56876 	0.362 	
0.09	0.333757 	-0.178333 	0.0337161 	-0.624607 	-1.56818 	0.362579 	
0.095	0.333841 	-0.178271 	0.0337297 	-0.61712 	-1.56884 	0.357218 	
0.1	0.333877 	-0.178258 	0.0337251 	-0.615688 	-1.56855 	0.356531 	
0.105	0.333907 	-0.17825 	0.0337174 	-0.615206 	-1.56809 	0.356681 	
0.11	0.333959 	-0.178281 	0.033721 	-0.617316 	-1.56822 	0.357192 	
0.115	0.333991 	-0.178294 	0.0337138 	-0.618393 	-1.56777 	0.357975 	
0.12	0.334019 	-0.178306 	0.033704 	-0.619333 	-1.5672 	0.358716 	
0.125	0.334045 	-0.178319 	0.0336923 	-0.620071 	-1.56651 	0.35933 	
0.13	0.334164 	-0.178252 	0.0337133 	-0.614387 	-1.56754 	0.355696 	
0.135	0.334221 	-0.178237 	0.0337109 	-0.613237 	-1.56734 	0.355282 	
0.14	0.334271 	-0.178227 	0.033705 	-0.612797 	-1.56696 	0.355465 	
0.145	0.334317 	-0.178222 	0.0336964 	-0.612774 	-1.56643 	0.355975 	
0.15	0.334376 	-0.178262 	0.0336958 	-0.613373 	-1.56631 	0.354721 	
0.155	0.334421 	-0.178279 	0.0336869 	-0.614114 	-1.56576 	0.355042 	
0.16	0.334464 	-0.178294 	0.033676 	-0.614913 	-1.56509 	0.355541 	
0.165	0.334576 	-0.178232 	0.0336876 	-0.610908 	-1.56561 	0.353775 	
0.17	0.334642 	-0.178219 	0.0336822 	-0.610316 	-1.56524 	0.353922 	
0.175	0.334702 	-0.178211 	0.0336741 	-0.610133 	-1.56472 	0.354365 	
0.18	0.334759 	-0.178208 	0.0336637 	-0.610182 	-1.56407 	0.354949 	
0.185	0.334853 	-0.178232 	0.0336707 	-0.608377 	-1.56433 	0.351653 	
0.19	0.33492 	-0.178243 	0.033664 	-0.608352 	-1.56388 	0.351339 	
0.195	0.334984 	-0.178254 	0.0336548 	-0.608676 	-1.56329 	0.351466 	
0.2	0.335086 	-0.178205 	0.0336567 	-0.606244 	-1.56328 	0.351094 	
0.205	0.335161 	-0.178195 	0.0336487 	-0.605949 	-1.56275 	0.351512 	
0.21	0.335232 	-0.178189 	0.0336386 	-0.605934 	-1.5621 	0.352101 	
0.215	0.3353 	-0.178187 	0.0336268 	-0.606079 	-1.56136 	0.352763 	
0.22	0.335426 	-0.178196 	0.0336396 	-0.602733 	-1.56192 	0.348315 	
0.225	0.335514 	-0.178202 	0.0336346 	-0.602148 	-1.56153 	0.347571 	
0.23	0.335597 	-0.17821 	0.0336269 	-0.602054 	-1.561 	0.347386 	
0.235	0.335677 	-0.178218 	0.0336171 	-0.602294 	-1.56035 	0.347588 	
0.24	0.33579 	-0.178161 	0.0336156 	-0.599609 	-1.56015 	0.347407 	
0.245	0.335879 	-0.178148 	0.0336063 	-0.599151 	-1.55952 	0.347876 	
0.25	0.335965 	-0.178139 	0.0335953 	-0.598999 	-1.5588 	0.348499 	
0.255	0.336087 	-0.178159 	0.0336001 	-0.596812 	-1.55892 	0.345062 	
0.26	0.336183 	-0.178166 	0.0335927 	-0.596496 	-1.55839 	0.344626 	
0.265	0.336277 	-0.178174 	0.0335833 	-0.596556 	-1.55774 	0.344626 	
0.27	0.336368 	-0.178183 	0.0335722 	-0.596866 	-1.557 	0.344922 	
0.275	0.33651 	-0.178119 	0.0335759 	-0.592599 	-1.55707 	0.343204 	
0.28	0.336618 	-0.178103 	0.0335682 	-0.59165 	-1.55652 	0.343206 	
0.285	0.336723 	-0.178092 	0.0335585 	-0.591162 	-1.55585 	0.343513 	
0.29	0.336825 	-0.178086 	0.0335473 	-0.590999 	-1.55509 	0.34402 	
0.295	0.336957 	-0.178113 	0.03355 	-0.58876 	-1.55509 	0.340248 	
0.3	0.337068 	-0.178124 	0.033542 	-0.58841 	-1.55449 	0.339641 	
0.305	0.337177 	-0.178134 	0.0335321 	-0.588441 	-1.5538 	0.339501 	
0.31	0.337315 	-0.178076 	0.0335286 	-0.585282 	-1.55347 	0.338961 	
0.315	0.337433 	-0.178063 	0.0335189 	-0.584588 	-1.55279 	0.339187 	
0.32	0.337548 	-0.178054 	0.0335078 	-0.584275 	-1.55202 	0.339643 	
0.325	0.337662 	-0.17805 	0.0334956 	-0.584232 	-1.55118 	0.34025 	
0.33	0.337775 	-0.178048 	0.0334825 	-0.584375 	-1.5503 	0.340946 	
0.335	0.337954 	-0.178053 	0.0334962 	-0.578773 	-1.5509 	0.334146 	
0.34	0.33809 	-0.178057 	0.0334916 	-0.577325 	-1.55048 	0.332519 	
0.345	0.338223 	-0.178063 	0.0334846 	-0.576525 	-1.54993 	0.331609 	
0.35	0.338342 	-0.17802 	0.0334675 	-0.576027 	-1.54882 	0.33377 	
0.355	0.338466 	-0.178009 	0.0334541 	-0.575888 	-1.54791 	0.334586 	
0.36	0.33859 	-0.178003 	0.0334403 	-0.575963 	-1.54697 	0.335458 	
0.365	0.338714 	-0.178001 	0.0334259 	-0.576186 	-1.54599 	0.336353 	
0.37	0.338914 	-0.177995 	0.0334416 	-0.569677 	-1.54672 	0.328941 	
0.375	0.339067 	-0.177995 	0.0334375 	-0.567914 	-1.54631 	0.327145 	
0.38	0.339215 	-0.177997 	0.033431 	-0.566849 	-1.54576 	0.326088 	
0.385	0.339336 	-0.177965 	0.03341 	-0.566818 	-1.54442 	0.328412 	
0.39	0.33947 	-0.177957 	0.0333956 	-0.566746 	-1.54343 	0.329229 	
0.395	0.339605 	-0.177953 	0.033381 	-0.566879 	-1.54243 	0.330105 	
0.4	0.339741 	-0.177952 	0.0333663 	-0.567155 	-1.5414 	0.33101 	
0.405	0.339878 	-0.177954 	0.0333514 	-0.567529 	-1.54037 	0.331921 	
0.41	0.340121 	-0.177921 	0.0333758 	-0.557621 	-1.54162 	0.32165 	
0.415	0.340298 	-0.177913 	0.0333748 	-0.554647 	-1.54138 	0.318786 	
0.42	0.340469 	-0.177909 	0.0333709 	-0.552621 	-1.54098 	0.316881 	
0.425	0.340568 	-0.177897 	0.0333371 	-0.555732 	-1.53886 	0.322167 	
0.43	0.340708 	-0.177895 	0.0333193 	-0.556333 	-1.53765 	0.323631 	
0.435	0.340851 	-0.177895 	0.0333021 	-0.556955 	-1.53647 	0.324977 	
0.44	0.340996 	-0.177898 	0.0332854 	-0.557587 	-1.5353 	0.326222 	
0.445	0.341256 	-0.177854 	0.0333103 	-0.547076 	-1.53662 	0.315681 	
0.45	0.341445 	-0.177842 	0.033309 	-0.543977 	-1.53636 	0.312837 	
0.455	0.341629 	-0.177836 	0.033305 	-0.541836 	-1.53593 	0.310933 	
0.46	0.341737 	-0.177832 	0.0332701 	-0.544818 	-1.53373 	0.31579 	
0.465	0.341888 	-0.177832 	0.0332521 	-0.54536 	-1.53248 	0.31713 	
0.47	0.342042 	-0.177834 	0.0332348 	-0.545953 	-1.53127 	0.318394 	
0.475	0.342199 	-0.177837 	0.0332182 	-0.546579 	-1.53008 	0.31959 	
0.48	0.342467 	-0.177783 	0.0332405 	-0.535742 	-1.53128 	0.309208 	
0.485	0.342668 	-0.177768 	0.0332384 	-0.53253 	-1.53097 	0.306409 	
0.49	0.342864 	-0.177758 	0.0332339 	-0.530289 	-1.53051 	0.30453 	
0.495	0.34298 	-0.177762 	0.0331989 	-0.533225 	-1.52826 	0.309036 	
0.5	0.343143 	-0.177764 	0.0331808 	-0.533735 	-1.52699 	0.310281 	
0.505	0.343308 	-0.177767 	0.0331637 	-0.534317 	-1.52575 	0.311482 	
0.51	0.343477 	-0.177772 	0.0331472 	-0.534947 	-1.52455 	0.312639 	
0.515	0.343752 	-0.177707 	0.0331663 	-0.523695 	-1.52561 	0.302308 	
0.52	0.343963 	-0.177689 	0.0331633 	-0.520343 	-1.52525 	0.299517 	
0.525	0.344169 	-0.177677 	0.0331582 	-0.517983 	-1.52475 	0.297639 	
0.53	0.344372 	-0.17767 	0.0331515 	-0.516415 	-1.52414 	0.296489 	
0.535	0.344481 	-0.17768 	0.0331094 	-0.519649 	-1.52144 	0.301441 	
0.54	0.344647 	-0.177684 	0.0330883 	-0.520452 	-1.51996 	0.303049 	
0.545	0.344818 	-0.17769 	0.0330687 	-0.521245 	-1.51856 	0.304518 	
0.55	0.345103 	-0.177633 	0.0330871 	-0.511733 	-1.51956 	0.295644 	
0.555	0.345321 	-0.177619 	0.0330829 	-0.509055 	-1.51911 	0.29348 	
0.56	0.345536 	-0.177609 	0.033077 	-0.507214 	-1.51854 	0.292082 	
0.565	0.345747 	-0.177604 	0.0330696 	-0.506036 	-1.51787 	0.291291 	
0.57	0.345877 	-0.177596 	0.0330305 	-0.505965 	-1.51538 	0.293305 	
0.575	0.346056 	-0.177595 	0.0330103 	-0.505832 	-1.51396 	0.294096 	
0.58	0.346241 	-0.177597 	0.0329917 	-0.505926 	-1.5126 	0.29496 	
0.585	0.34643 	-0.177601 	0.0329743 	-0.506192 	-1.51131 	0.295874 	
0.59	0.346739 	-0.177537 	0.0329964 	-0.496124 	-1.51258 	0.286375 	
0.595	0.346976 	-0.17752 	0.0329945 	-0.493035 	-1.51226 	0.283765 	
0.6	0.347208 	-0.177509 	0.0329905 	-0.490862 	-1.5118 	0.282006 	
0.605	0.347335 	-0.177514 	0.0329482 	-0.492372 	-1.50905 	0.285354 	
0.61	0.347524 	-0.177516 	0.0329282 	-0.49244 	-1.5076 	0.286267 	
0.615	0.347719 	-0.177519 	0.0329098 	-0.492694 	-1.50624 	0.287229 	
0.62	0.347918 	-0.177525 	0.0328928 	-0.493089 	-1.50494 	0.288221 	
0.625	0.348227 	-0.17745 	0.03291 	-0.482064 	-1.50599 	0.278283 	
0.63	0.34847 	-0.177429 	0.0329066 	-0.478691 	-1.50559 	0.275553 	
0.635	0.34871 	-0.177415 	0.0329015 	-0.47629 	-1.50507 	0.273698 	
0.64	0.34885 	-0.177429 	0.0328619 	-0.478335 	-1.50241 	0.277213 	
0.645	0.34905 	-0.177433 	0.0328426 	-0.478516 	-1.50098 	0.278153 	
0.65	0.349254 	-0.177438 	0.0328249 	-0.478863 	-1.49963 	0.279139 	
0.655	0.349463 	-0.177446 	0.0328085 	-0.479336 	-1.49834 	0.280153 	
0.66	0.34977 	-0.17736 	0.0328204 	-0.467486 	-1.49915 	0.269884 	
0.665	0.35002 	-0.177336 	0.0328155 	-0.463857 	-1.49868 	0.267054 	
0.67	0.350265 	-0.177319 	0.0328092 	-0.46125 	-1.49809 	0.265117 	
0.675	0.350508 	-0.177309 	0.0328019 	-0.459458 	-1.49742 	0.263891 	
0.68	0.350637 	-0.177331 	0.0327562 	-0.462132 	-1.49433 	0.268077 	
0.685	0.350837 	-0.17734 	0.0327341 	-0.462711 	-1.49269 	0.269438 	
0.69	0.351044 	-0.177349 	0.0327142 	-0.463357 	-1.49118 	0.270739 	
0.695	0.351363 	-0.177273 	0.0327276 	-0.45325 	-1.49205 	0.26187 	
0.7	0.351619 	-0.177253 	0.0327222 	-0.450292 	-1.49152 	0.259629 	
0.705	0.351871 	-0.177241 	0.0327156 	-0.448209 	-1.49089 	0.25815 	
0.71	0.352121 	-0.177234 	0.0327081 	-0.44682 	-1.49019 	0.257274 	
0.715	0.352263 	-0.177234 	0.0326635 	-0.446287 	-1.48724 	0.258717 	
0.72	0.352473 	-0.177236 	0.0326419 	-0.445935 	-1.48564 	0.259291 	
0.725	0.352689 	-0.17724 	0.0326225 	-0.445868 	-1.48417 	0.259995 	
0.73	0.353005 	-0.177182 	0.032633 	-0.438324 	-1.48479 	0.253355 	
0.735	0.353265 	-0.177167 	0.0326268 	-0.436015 	-1.48419 	0.251685 	
0.74	0.353523 	-0.177159 	0.0326196 	-0.43444 	-1.48351 	0.25065 	
0.745	0.353701 	-0.177148 	0.0325851 	-0.432486 	-1.48119 	0.250471 	
0.75	0.353928 	-0.177146 	0.0325672 	-0.431601 	-1.47983 	0.250451 	
0.755	0.354159 	-0.177148 	0.0325508 	-0.431131 	-1.47854 	0.250702 	
0.76	0.354394 	-0.177152 	0.0325357 	-0.430983 	-1.4773 	0.25116 	
0.765	0.354633 	-0.177159 	0.0325215 	-0.431085 	-1.47612 	0.251775 	
0.77	0.354937 	-0.177061 	0.0325226 	-0.419117 	-1.47638 	0.241959 	
0.775	0.355203 	-0.177034 	0.032515 	-0.415315 	-1.47576 	0.239146 	
0.78	0.355467 	-0.177015 	0.0325069 	-0.41256 	-1.47507 	0.237212 	
0.785	0.355729 	-0.177004 	0.0324983 	-0.410637 	-1.47431 	0.235974 	
0.79	0.355884 	-0.177034 	0.0324566 	-0.41321 	-1.47132 	0.239697 	
0.795	0.356106 	-0.177046 	0.0324358 	-0.413732 	-1.4697 	0.240912 	
0.8	0.356336 	-0.177059 	0.0324172 	-0.41435 	-1.4682 	0.242112 	
0.805	0.356659 	-0.176968 	0.0324227 	-0.403732 	-1.46871 	0.233278 	
0.81	0.356931 	-0.176946 	0.0324152 	-0.400578 	-1.46808 	0.231006 	
0.815	0.3572 	-0.176931 	0.0324072 	-0.398329 	-1.46737 	0.229492 	
0.82	0.357468 	-0.176924 	0.0323988 	-0.3968 	-1.46661 	0.228577 	
0.825	0.357629 	-0.176929 	0.0323566 	-0.396235 	-1.46368 	0.229699 	
0.83	0.357857 	-0.176933 	0.0323358 	-0.395829 	-1.46208 	0.230151 	
0.835	0.358093 	-0.176941 	0.0323172 	-0.395726 	-1.46061 	0.230762 	
0.84	0.358415 	-0.176871 	0.0323218 	-0.387756 	-1.46097 	0.224145 	
0.845	0.35869 	-0.176855 	0.032314 	-0.385276 	-1.46029 	0.22244 	
0.85	0.358963 	-0.176846 	0.0323059 	-0.383557 	-1.45955 	0.221369 	
0.855	0.359234 	-0.176842 	0.0322974 	-0.382441 	-1.45877 	0.220798 	
0.86	0.359401 	-0.176822 	0.032255 	-0.379122 	-1.45591 	0.21966 	
0.865	0.359634 	-0.17682 	0.0322342 	-0.377916 	-1.45434 	0.219463 	
0.87	0.359874 	-0.176822 	0.0322156 	-0.377191 	-1.45288 	0.219571 	
0.875	0.36012 	-0.176828 	0.0321989 	-0.376841 	-1.45153 	0.219914 	
0.88	0.360461 	-0.176752 	0.0322071 	-0.368496 	-1.45218 	0.212867 	
0.885	0.360748 	-0.176733 	0.0322014 	-0.365785 	-1.45164 	0.210902 	
0.89	0.361031 	-0.176722 	0.0321949 	-0.363879 	-1.45103 	0.20962 	
0.895	0.361199 	-0.176722 	0.0321536 	-0.362566 	-1.44811 	0.210071 	
0.9	0.361437 	-0.176724 	0.0321339 	-0.361776 	-1.44658 	0.210169 	
0.905	0.361683 	-0.17673 	0.0321163 	-0.361377 	-1.44516 	0.210506 	
0.91	0.361933 	-0.176739 	0.0321004 	-0.361284 	-1.44383 	0.211026 	
0.915	0.362261 	-0.176646 	0.0321022 	-0.351328 	-1.44418 	0.202914 	
0.92	0.362545 	-0.176622 	0.0320945 	-0.348143 	-1.44355 	0.200641 	
0.925	0.362827 	-0.176608 	0.0320865 	-0.34586 	-1.44286 	0.199114 	
0.93	0.363011 	-0.176621 	0.0320506 	-0.345873 	-1.44019 	0.200429 	
0.935	0.363256 	-0.176626 	0.0320323 	-0.345411 	-1.43873 	0.200736 	
0.94	0.363506 	-0.176636 	0.0320159 	-0.34527 	-1.43737 	0.201235 	
0.945	0.363762 	-0.176648 	0.0320009 	-0.34538 	-1.43609 	0.201883 	
0.95	0.364075 	-0.176539 	0.0319967 	-0.334076 	-1.43613 	0.19292 	
0.955	0.364356 	-0.176511 	0.0319873 	-0.330492 	-1.43541 	0.190395 	
0.96	0.364637 	-0.176493 	0.0319779 	-0.327892 	-1.43465 	0.188669 	
0.965	0.364916 	-0.176484 	0.0319685 	-0.326075 	-1.43386 	0.187576 	
0.97	0.365086 	-0.176508 	0.0319296 	-0.326954 	-1.4309 	0.189652 	
0.975	0.365326 	-0.17652 	0.0319097 	-0.326945 	-1.42929 	0.190361 	
0.98	0.365573 	-0.176534 	0.0318921 	-0.327157 	-1.42782 	0.191172 	
0.985	0.365898 	-0.17644 	0.0318917 	-0.317632 	-1.42806 	0.183562 	
0.99	0.366182 	-0.176419 	0.0318827 	-0.314704 	-1.42735 	0.181563 	
0.995	0.366464 	-0.176407 	0.0318736 	-0.31262 	-1.42659 	0.180247 	
1	0.366744 	-0.176402 	0.0318646 	-0.311208 	-1.42581 	0.179473 	
1.005	0.366914 	-0.176397 	0.0318245 	-0.309266 	-1.42288 	0.179277 	
1.01	0.367153 	-0.176401 	0.0318044 	-0.308426 	-1.42129 	0.179318 	
1.015	0.367401 	-0.176409 	0.0317866 	-0.307986 	-1.41984 	0.179607 	
1.02	0.367654 	-0.17642 	0.0317706 	-0.30786 	-1.41849 	0.180088 	
1.025	0.367995 	-0.176316 	0.0317737 	-0.297758 	-1.41904 	0.17192 	
1.03	0.368287 	-0.17629 	0.0317666 	-0.294495 	-1.41849 	0.169594 	
1.035	0.368575 	-0.176275 	0.031759 	-0.292142 	-1.41786 	0.168015 	
1.04	0.368745 	-0.176294 	0.0317211 	-0.292333 	-1.41493 	0.16946 	
1.045	0.368988 	-0.176303 	0.0317023 	-0.291905 	-1.41341 	0.169786 	
1.05	0.369237 	-0.176315 	0.0316855 	-0.29179 	-1.41201 	0.170297 	
1.055	0.369548 	-0.176234 	0.0316813 	-0.2838 	-1.41194 	0.164082 	
1.06	0.369827 	-0.176217 	0.0316713 	-0.281292 	-1.41115 	0.162462 	
1.065	0.370105 	-0.176209 	0.0316614 	-0.27954 	-1.41035 	0.161441 	
1.07	0.370383 	-0.176208 	0.0316517 	-0.278385 	-1.40952 	0.160895 	
1.075	0.370564 	-0.176185 	0.0316161 	-0.274862 	-1.40691 	0.159263 	
1.08	0.370807 	-0.176184 	0.0315974 	-0.273562 	-1.40543 	0.158884 	
1.085	0.371056 	-0.176189 	0.0315806 	-0.27276 	-1.40407 	0.158841 	
1.09	0.37131 	-0.176198 	0.0315654 	-0.272351 	-1.4028 	0.159061 	
1.095	0.37163 	-0.176112 	0.0315638 	-0.264194 	-1.40295 	0.152638 	
1.1	0.371913 	-0.176093 	0.0315553 	-0.261517 	-1.4023 	0.150833 	
1.105	0.372194 	-0.176084 	0.0315465 	-0.259627 	-1.4016 	0.149661 	
1.11	0.372474 	-0.176082 	0.0315377 	-0.258363 	-1.40086 	0.148994 	
1.115	0.372623 	-0.176069 	0.0314961 	-0.255769 	-1.3977 	0.148308 	
1.12	0.372855 	-0.176073 	0.0314756 	-0.25475 	-1.39606 	0.148211 	
1.125	0.373094 	-0.176081 	0.0314573 	-0.254168 	-1.39457 	0.148386 	
1.13	0.373428 	-0.176015 	0.03146 	-0.247822 	-1.39499 	0.143278 	
1.135	0.37371 	-0.176002 	0.0314519 	-0.245719 	-1.39436 	0.141914 	
1.14	0.373989 	-0.175999 	0.0314436 	-0.244282 	-1.39368 	0.14109 	
1.145	0.37417 	-0.175978 	0.0314108 	-0.241171 	-1.39117 	0.139716 	
1.15	0.374411 	-0.175978 	0.0313935 	-0.239913 	-1.38979 	0.139323 	
1.155	0.374658 	-0.175983 	0.0313778 	-0.239144 	-1.38852 	0.139266 	
1.16	0.374909 	-0.175994 	0.0313635 	-0.23876 	-1.38732 	0.139473 	
1.165	0.375205 	-0.175908 	0.0313571 	-0.230801 	-1.38713 	0.133367 	
1.17	0.375477 	-0.17589 	0.0313471 	-0.228201 	-1.38639 	0.131665 	
1.175	0.375747 	-0.175881 	0.0313373 	-0.22637 	-1.38562 	0.130573 	
1.18	0.376017 	-0.17588 	0.0313275 	-0.22515 	-1.38484 	0.129963 	
1.185	0.376183 	-0.175866 	0.0312936 	-0.222553 	-1.38217 	0.129042 	
1.19	0.376415 	-0.175869 	0.0312753 	-0.221547 	-1.3807 	0.128876 	
1.195	0.376653 	-0.175878 	0.0312589 	-0.220975 	-1.37935 	0.128996 	
1.2	0.376896 	-0.175891 	0.031244 	-0.220746 	-1.37811 	0.12934 	
1.205	0.377213 	-0.17579 	0.0312434 	-0.211876 	-1.37844 	0.12233 	
1.21	0.377488 	-0.175768 	0.0312353 	-0.209001 	-1.37787 	0.120347 	
1.215	0.37776 	-0.175756 	0.0312268 	-0.206948 	-1.37725 	0.119027 	
1.22	0.377925 	-0.175769 	0.031195 	-0.206488 	-1.37462 	0.119743 	
1.225	0.378155 	-0.175778 	0.031178 	-0.205935 	-1.37322 	0.119896 	
1.23	0.378391 	-0.175792 	0.0311625 	-0.205722 	-1.37193 	0.120265 	
1.235	0.378679 	-0.175713 	0.0311567 	-0.19862 	-1.37177 	0.114844 	
1.24	0.378939 	-0.175699 	0.0311465 	-0.196378 	-1.37101 	0.113433 	
1.245	0.379198 	-0.175694 	0.0311364 	-0.194829 	-1.37024 	0.112566 	
1.25	0.379456 	-0.175696 	0.0311264 	-0.19383 	-1.36946 	0.112131 	
1.255	0.379626 	-0.175666 	0.0310969 	-0.190153 	-1.36711 	0.110214 	
1.26	0.379852 	-0.175665 	0.0310801 	-0.188846 	-1.36576 	0.109757 	
1.265	0.380082 	-0.175671 	0.0310648 	-0.188035 	-1.36452 	0.109645 	
1.27	0.380317 	-0.175682 	0.0310507 	-0.187618 	-1.36336 	0.109803 	
1.275	0.38061 	-0.1756 	0.0310474 	-0.180469 	-1.36342 	0.104264 	
1.28	0.380869 	-0.175584 	0.0310386 	-0.178134 	-1.3628 	0.102729 	
1.285	0.381126 	-0.175578 	0.0310295 	-0.176508 	-1.36213 	0.101761 	
1.29	0.38138 	-0.17558 	0.0310203 	-0.175447 	-1.36144 	0.101243 	
1.295	0.381519 	-0.175559 	0.0309869 	-0.172589 	-1.35865 	0.100125 	
1.3	0.381729 	-0.175562 	0.0309689 	-0.171543 	-1.35718 	0.0999148 	
1.305	0.381946 	-0.175571 	0.0309527 	-0.170938 	-1.35585 	0.0999945 	
1.31	0.382168 	-0.175585 	0.0309378 	-0.170682 	-1.35462 	0.100302 	
1.315	0.382487 	-0.175491 	0.0309414 	-0.162824 	-1.35533 	0.0939689 	
1.32	0.382748 	-0.175471 	0.0309347 	-0.160285 	-1.35492 	0.0921957 	
1.325	0.383005 	-0.175463 	0.0309273 	-0.158495 	-1.35443 	0.0910335 	
1.33	0.383137 	-0.17547 	0.0308954 	-0.157695 	-1.35165 	0.0915075 	
1.335	0.383344 	-0.175479 	0.0308786 	-0.157113 	-1.35026 	0.0916232 	
1.34	0.383556 	-0.175492 	0.0308633 	-0.156875 	-1.34899 	0.0919587 	
1.345	0.383837 	-0.175419 	0.0308609 	-0.150533 	-1.34912 	0.0870306 	
1.35	0.38408 	-0.175407 	0.0308518 	-0.148542 	-1.34849 	0.0857681 	
1.355	0.38432 	-0.175404 	0.0308426 	-0.147188 	-1.34782 	0.0850116 	
1.36	0.384558 	-0.175409 	0.0308333 	-0.146341 	-1.34714 	0.0846573 	
1.365	0.3847 	-0.175375 	0.0308054 	-0.142698 	-1.34476 	0.0827571 	
1.37	0.384901 	-0.175374 	0.0307894 	-0.14145 	-1.34345 	0.0823251 	
1.375	0.385106 	-0.17538 	0.0307746 	-0.140685 	-1.34225 	0.082227 	
1.38	0.385316 	-0.175391 	0.0307609 	-0.140302 	-1.34113 	0.0823916 	
1.385	0.385601 	-0.175316 	0.0307614 	-0.13399 	-1.34154 	0.0773807 	
1.39	0.385841 	-0.175303 	0.0307539 	-0.131954 	-1.34106 	0.0760212 	
1.395	0.386077 	-0.1753 	0.0307459 	-0.130562 	-1.34052 	0.0751845 	
1.4	0.386309 	-0.175304 	0.0307375 	-0.129684 	-1.33994 	0.0747646 	
1.405	0.386413 	-0.175278 	0.0307056 	-0.126767 	-1.33708 	0.0736146 	
1.41	0.386595 	-0.175281 	0.0306884 	-0.125762 	-1.33563 	0.0734187 	
1.415	0.386784 	-0.175289 	0.0306727 	-0.125187 	-1.33432 	0.0735049 	
1.42	0.387075 	-0.175237 	0.030676 	-0.120544 	-1.33499 	0.0696895 	
1.425	0.387306 	-0.175231 	0.0306688 	-0.119028 	-1.33454 	0.0687216 	
1.43	0.387533 	-0.175233 	0.0306611 	-0.118049 	-1.33403 	0.0681943 	
1.435	0.387665 	-0.175205 	0.0306366 	-0.115061 	-1.33185 	0.066734 	
1.44	0.387852 	-0.175206 	0.0306223 	-0.113994 	-1.33067 	0.0663886 	
1.445	0.388043 	-0.175213 	0.0306089 	-0.113371 	-1.32958 	0.0663557 	
1.45	0.388236 	-0.175226 	0.0305962 	-0.1131 	-1.32856 	0.0665692 	
1.455	0.38843 	-0.175243 	0.0305842 	-0.113108 	-1.3276 	0.0669769 	
1.46	0.388689 	-0.175131 	0.0305839 	-0.104548 	-1.32797 	0.0602243 	
1.465	0.388907 	-0.175106 	0.0305768 	-0.10185 	-1.32754 	0.058328 	
1.47	0.389121 	-0.175094 	0.0305691 	-0.0999287 	-1.32704 	0.0570599 	
1.475	0.389331 	-0.17509 	0.0305609 	-0.0986283 	-1.3265 	0.0562934 	
1.48	0.389426 	-0.175117 	0.0305332 	-0.099392 	-1.32386 	0.0579152 	
1.485	0.389589 	-0.175136 	0.0305175 	-0.099524 	-1.32252 	0.0585582 	
1.49	0.389758 	-0.175157 	0.0305032 	-0.0998498 	-1.32129 	0.059304 	
1.495	0.390025 	-0.175061 	0.0305063 	-0.0925217 	-1.32201 	0.0533914 	
1.5	0.390233 	-0.175044 	0.0304996 	-0.0903702 	-1.32161 	0.0519082 	
1.505	0.390437 	-0.175038 	0.0304922 	-0.0888834 	-1.32115 	0.0509668 	
1.51	0.390636 	-0.175039 	0.0304844 	-0.0879275 	-1.32064 	0.0504579 	
1.515	0.390727 	-0.175036 	0.0304589 	-0.0867983 	-1.31818 	0.0505233 	
1.52	0.390882 	-0.175045 	0.0304442 	-0.0863881 	-1.31692 	0.0507118 	
1.525	0.391041 	-0.175059 	0.0304306 	-0.0862844 	-1.31577 	0.0510975 	
1.53	0.391293 	-0.174993 	0.0304332 	-0.0809693 	-1.31641 	0.0467758 	
1.535	0.391489 	-0.174984 	0.0304266 	-0.079378 	-1.31601 	0.0457261 	
1.54	0.39168 	-0.174984 	0.0304193 	-0.078337 	-1.31556 	0.0451283 	
1.545	0.391867 	-0.17499 	0.0304115 	-0.0777351 	-1.31505 	0.0448909 	
1.55	0.391955 	-0.17496 	0.0303888 	-0.0749574 	-1.31283 	0.0435842 	
1.555	0.392101 	-0.174961 	0.0303753 	-0.0740925 	-1.31165 	0.0433859 	
1.56	0.39225 	-0.174969 	0.0303625 	-0.0736283 	-1.31057 	0.0434644 	
1.565	0.392402 	-0.174982 	0.0303505 	-0.0734815 	-1.30956 	0.0437612 	
1.57	0.392661 	-0.174914 	0.0303565 	-0.0681559 	-1.31059 	0.0392797 	
1.575	0.392852 	-0.174904 	0.0303516 	-0.0665407 	-1.31039 	0.0381353 	
1.58	0.393036 	-0.174902 	0.0303458 	-0.0654793 	-1.31009 	0.0374594 	
1.585	0.393214 	-0.174907 	0.0303393 	-0.0648608 	-1.30971 	0.0371583 	
1.59	0.393256 	-0.174887 	0.0303126 	-0.0628718 	-1.30693 	0.0366731 	
1.595	0.393377 	-0.174892 	0.0302981 	-0.0622764 	-1.3056 	0.0367378 	
1.6	0.393504 	-0.174901 	0.0302846 	-0.0620245 	-1.3044 	0.0370224 	
1.605	0.393762 	-0.174855 	0.0302922 	-0.0581239 	-1.30564 	0.0335635 	
1.61	0.39394 	-0.174851 	0.0302875 	-0.0569765 	-1.30546 	0.0327759 	
1.615	0.394111 	-0.174855 	0.0302818 	-0.0562877 	-1.30517 	0.0323831 	
1.62	0.394275 	-0.174864 	0.0302754 	-0.0559654 	-1.3048 	0.0323058 	
1.625	0.394318 	-0.174822 	0.0302524 	-0.0526574 	-1.30233 	0.030679 	
1.63	0.394431 	-0.174819 	0.0302393 	-0.0517028 	-1.30112 	0.0304207 	
1.635	0.394548 	-0.174823 	0.030227 	-0.051166 	-1.30002 	0.0304489 	
1.64	0.394784 	-0.1748 	0.030233 	-0.0487772 	-1.30111 	0.0282113 	
1.645	0.394946 	-0.174802 	0.0302282 	-0.0480653 	-1.3009 	0.027765 	
1.65	0.395102 	-0.17481 	0.0302225 	-0.0477235 	-1.3006 	0.0276432 	
1.655	0.395251 	-0.174823 	0.0302161 	-0.0476772 	-1.30023 	0.0277804 	
1.66	0.395297 	-0.174762 	0.030197 	-0.0432763 	-1.2981 	0.0251788 	
1.665	0.395401 	-0.174753 	0.0301853 	-0.0420333 	-1.29701 	0.0246515 	
1.67	0.395508 	-0.174752 	0.0301743 	-0.0412676 	-1.296 	0.0244654 	
1.675	0.395617 	-0.174758 	0.0301637 	-0.0408804 	-1.29506 	0.0245489 	
1.68	0.39586 	-0.174741 	0.0301731 	-0.0389326 	-1.2966 	0.0224681 	
1.685	0.396017 	-0.174746 	0.0301701 	-0.038428 	-1.29661 	0.0220933 	
1.69	0.396165 	-0.174756 	0.030166 	-0.0382513 	-1.29649 	0.0220272 	
1.695	0.39619 	-0.174715 	0.0301464 	-0.0352223 	-1.29425 	0.0205477 	
1.7	0.396282 	-0.174712 	0.0301354 	-0.0344151 	-1.29322 	0.0203403 	
1.705	0.396376 	-0.174716 	0.0301251 	-0.0339951 	-1.29226 	0.0204066 	
1.71	0.39647 	-0.174725 	0.0301151 	-0.0338823 	-1.29135 	0.0206894 	
1.715	0.396697 	-0.174689 	0.0301247 	-0.0308172 	-1.29289 	0.0177231 	
1.72	0.396839 	-0.174688 	0.0301222 	-0.0300116 	-1.29292 	0.017102 	
1.725	0.396971 	-0.174692 	0.0301184 	-0.029594 	-1.29281 	0.016838 	
1.73	0.396991 	-0.174672 	0.0301005 	-0.0279384 	-1.29075 	0.0163662 	
1.735	0.397071 	-0.174675 	0.0300904 	-0.0275291 	-1.28979 	0.0164411 	
1.74	0.397152 	-0.174683 	0.0300808 	-0.0274252 	-1.28889 	0.0167304 	
1.745	0.397234 	-0.174694 	0.0300715 	-0.0275635 	-1.28803 	0.0171892 	
1.75	0.397445 	-0.174642 	0.0300816 	-0.0235971 	-1.28958 	0.0135029 	
1.755	0.397571 	-0.174636 	0.0300797 	-0.022559 	-1.28964 	0.0126861 	
1.76	0.397688 	-0.174636 	0.0300765 	-0.0219551 	-1.28955 	0.0122648 	
1.765	0.397796 	-0.174642 	0.0300723 	-0.0216991 	-1.28934 	0.0121604 	
1.77	0.397784 	-0.174628 	0.0300531 	-0.020587 	-1.28704 	0.0122139 	
1.775	0.397838 	-0.174633 	0.0300426 	-0.0204245 	-1.28596 	0.0125274 	
1.78	0.397895 	-0.174643 	0.0300327 	-0.0205155 	-1.28497 	0.0130044 	
1.785	0.398095 	-0.174608 	0.0300431 	-0.0177023 	-1.2866 	0.0101767 	
1.79	0.398204 	-0.174607 	0.0300411 	-0.0170578 	-1.28664 	0.00967166 	
1.795	0.398303 	-0.174611 	0.030038 	-0.0167682 	-1.28654 	0.0094986 	
1.8	0.398394 	-0.17462 	0.030034 	-0.0167624 	-1.28632 	0.00959121 	
1.805	0.398477 	-0.174632 	0.0300293 	-0.0169831 	-1.28602 	0.00989579 	
1.81	0.398463 	-0.174581 	0.0300143 	-0.0137404 	-1.28405 	0.00815801 	
1.815	0.398502 	-0.174574 	0.0300052 	-0.0129957 	-1.28305 	0.00798525 	
1.82	0.398542 	-0.174574 	0.0299965 	-0.0126241 	-1.28212 	0.00807602 	
1.825	0.398728 	-0.174578 	0.0300066 	-0.0121222 	-1.28382 	0.00701308 	
1.83	0.398821 	-0.174586 	0.030005 	-0.0121356 	-1.28391 	0.00699815 	
1.835	0.398903 	-0.174598 	0.0300024 	-0.0123715 	-1.28385 	0.00721609 	
1.84	0.398976 	-0.174612 	0.0299989 	-0.012785 	-1.28367 	0.00761996 	
1.845	0.398961 	-0.17455 	0.0299869 	-0.00897787 	-1.28199 	0.00532629 	
1.85	0.398991 	-0.17454 	0.0299795 	-0.00810148 	-1.28115 	0.00499117 	
1.855	0.399021 	-0.174537 	0.0299722 	-0.00762547 	-1.28034 	0.00495257 	
1.86	0.399175 	-0.174554 	0.0299802 	-0.00803266 	-1.28178 	0.00469469 	
1.865	0.399248 	-0.174566 	0.0299785 	-0.00833258 	-1.28182 	0.00491998 	
1.87	0.39931 	-0.174579 	0.0299759 	-0.00879707 	-1.28172 	0.0053292 	
1.875	0.399364 	-0.174595 	0.0299724 	-0.0093925 	-1.28151 	0.00588488 	
1.88	0.399361 	-0.174526 	0.029965 	-0.00516127 	-1.28035 	0.00305593 	
1.885	0.399383 	-0.174513 	0.0299593 	-0.00419817 	-1.27968 	0.00258341 	
1.89	0.399403 	-0.174507 	0.0299535 	-0.00365327 	-1.27901 	0.00243507 	
1.895	0.399524 	-0.174535 	0.0299595 	-0.00483626 	-1.28017 	0.0028868 	
1.9	0.399577 	-0.17455 	0.0299577 	-0.00538757 	-1.28016 	0.0033251 	
1.905	0.39962 	-0.174565 	0.0299551 	-0.00605255 	-1.28003 	0.00390387 	
1.91	0.399654 	-0.174582 	0.0299519 	-0.00680749 	-1.27979 	0.00459405 	
1.915	0.399682 	-0.174599 	0.0299481 	-0.00763324 	-1.27947 	0.00537224 	
1.92	0.399695 	-0.174497 	0.029947 	-0.00151009 	-1.27899 	0.000793769 	
1.925	0.399709 	-0.174473 	0.0299436 	4.31521e-05 	-1.27852 	-0.000221454 	
1.93	0.399718 	-0.174458 	0.0299398 	0.00105836 	-1.27801 	-0.000802453 	
1.935	0.399802 	-0.174526 	0.0299427 	-0.00257514 	-1.27888 	0.00167574 	
1.94	0.399832 	-0.17455 	0.0299407 	-0.00383062 	-1.27882 	0.00268062 	
1.945	0.399853 	-0.174573 	0.0299381 	-0.00505769 	-1.27865 	0.00371127 	
1.95	0.399866 	-0.174596 	0.0299349 	-0.00626054 	-1.27838 	0.00476109 	
1.955	0.399883 	-0.174487 	0.0299372 	0.000186497 	-1.27828 	-0.000226126 	
1.96	0.399887 	-0.174462 	0.0299354 	0.0017235 	-1.27797 	-0.00129307 	
1.965	0.399885 	-0.174445 	0.0299329 	0.00272621 	-1.27759 	-0.00191607 	
1.97	0.399938 	-0.174518 	0.0299343 	-0.00129515 	-1.27821 	0.000961633 	
1.975	0.399948 	-0.174543 	0.0299324 	-0.00269238 	-1.27811 	0.00209284 	
1.98	0.399949 	-0.174566 	0.02993 	-0.00403221 	-1.27791 	0.00322381 	
1.985	0.399942 	-0.174589 	0.029927 	-0.00532456 	-1.27761 	0.00435305 	
1.99	0.399969 	-0.174482 	0.0299331 	0.000958172 	-1.27801 	-0.000709935 	
1.995	0.399965 	-0.174458 	0.0299328 	0.00240795 	-1.27786 	-0.00177879 	
2	0.399953 	-0.174441 	0.0299317 	0.00334152 	-1.27762 	-0.00240404 	
2.005	0.399934 	-0.174431 	0.0299298 	0.00386224 	-1.2773 	-0.00267457 	
2.01	0.399978 	-0.174525 	0.0299303 	-0.00150586 	-1.27805 	0.00118753 	
2.015	0.39998 	-0.17456 	0.0299251 	-0.0035546 	-1.27802 	0.00279547 	
2.02	0.399976 	-0.174592 	0.0299176 	-0.00541541 	-1.27787 	0.00430766 	
2.025	0.39997 	-0.174488 	0.0299127 	0.000668065 	-1.2777 	-0.000455426 	
2.03	0.399959 	-0.174467 	0.0299025 	0.00184322 	-1.2774 	-0.0012797 	
2.035	0.399946 	-0.174454 	0.0298899 	0.00255748 	-1.27704 	-0.00170964 	
2.04	0.399931 	-0.174447 	0.0298752 	0.00290374 	-1.27662 	-0.00182488 	
2.045	0.39998 	-0.174521 	0.0298634 	-0.00122238 	-1.27728 	0.00093646 	
2.05	0.399987 	-0.17455 	0.0298464 	-0.00288934 	-1.27718 	0.00220596 	
2.055	0.399988 	-0.174576 	0.029827 	-0.0044441 	-1.27698 	0.00344674 	
2.06	0.399968 	-0.174491 	0.0298072 	0.000486422 	-1.2764 	-0.00029451 	
2.065	0.399957 	-0.174475 	0.0297843 	0.00136089 	-1.27594 	-0.000852359 	
2.07	0.399945 	-0.174465 	0.0297592 	0.00183619 	-1.27544 	-0.00107071 	
2.075	0.399932 	-0.174462 	0.0297323 	0.00199336 	-1.27492 	-0.00101872 	
2.08	0.39992 	-0.174462 	0.0297034 	0.00189726 	-1.27437 	-0.000751726 	
2.085	0.399986 	-0.17452 	0.0296802 	-0.00113133 	-1.27517 	0.000767823 	
2.09	0.400003 	-0.174546 	0.0296504 	-0.00256281 	-1.27508 	0.00172917 	
2.095	0.400014 	-0.17457 	0.0296184 	-0.00392805 	-1.27488 	0.0027223 	
2.1	0.399964 	-0.174491 	0.029581 	0.000414155 	-1.2736 	-0.000176886 	
2.105	0.399948 	-0.174477 	0.0295438 	0.00114909 	-1.2729 	-0.000525614 	
2.11	0.399934 	-0.174469 	0.029505 	0.00151565 	-1.27221 	-0.000579564 	
2.115	0.399922 	-0.174466 	0.0294645 	0.00158919 	-1.27153 	-0.000399419 	
2.12	0.399985 	-0.174515 	0.0294294 	-0.000857195 	-1.27213 	0.000540347 	
2.125	0.400003 	-0.174537 	0.0293883 	-0.00201701 	-1.27192 	0.00126024 	
2.13	0.400016 	-0.174557 	0.0293452 	-0.00316232 	-1.27163 	0.00205758 	
2.135	0.399964 	-0.174494 	0.029296 	0.000256385 	-1.27017 	-4.44193e-05 	
2.14	0.39995 	-0.174484 	0.0292477 	0.000746366 	-1.26937 	-0.000184544 	
2.145	0.399939 	-0.174479 	0.0291981 	0.000920732 	-1.26861 	-7.53688e-05 	
2.15	0.399931 	-0.174479 	0.0291472 	0.000844298 	-1.26787 	0.000231518 	
2.155	0.399926 	-0.174483 	0.0290949 	0.000568702 	-1.26715 	0.000695077 	
2.16	0.399988 	-0.174513 	0.0290478 	-0.000684886 	-1.26757 	0.000282719 	
2.165	0.400009 	-0.17453 	0.0289951 	-0.0015399 	-1.26728 	0.000617739 	
2.17	0.400027 	-0.174548 	0.0289407 	-0.0024384 	-1.26693 	0.00110418 	
2.175	0.399962 	-0.174496 	0.0288781 	0.000141533 	-1.26511 	0.000119833 	
2.18	0.399947 	-0.174488 	0.0288182 	0.000429094 	-1.26416 	0.000258444 	
2.185	0.399938 	-0.174486 	0.0287574 	0.000447089 	-1.26327 	0.000585025 	
2.19	0.399932 	-0.174488 	0.0286955 	0.000251041 	-1.26244 	0.00106034 	
2.195	0.399984 	-0.17451 	0.0286378 	-0.000478723 	-1.26258 	0.000128648 	
2.2	0.400004 	-0.174523 	0.0285757 	-0.00111431 	-1.26215 	0.000278266 	
2.205	0.400022 	-0.174537 	0.0285122 	-0.00183368 	-1.26168 	0.000612763 	
2.21	0.399963 	-0.174498 	0.0284413 	2.30992e-05 	-1.25987 	0.000209991 	
2.215	0.399953 	-0.174494 	0.028373 	0.000124579 	-1.25889 	0.000493992 	
2.22	0.399947 	-0.174494 	0.028304 	-1.51036e-06 	-1.25797 	0.000932121 	
2.225	0.399946 	-0.174498 	0.0282341 	-0.000308214 	-1.25712 	0.0014921 	
2.23	0.399948 	-0.174505 	0.0281635 	-0.000758168 	-1.25632 	0.00214833 	
2.235	0.399983 	-0.174506 	0.0280952 	-0.000236263 	-1.25601 	-0.000206739 	
2.24	0.400001 	-0.174514 	0.028024 	-0.000512931 	-1.25544 	-0.000503067 	
2.245	0.400019 	-0.174524 	0.0279517 	-0.000941785 	-1.25486 	-0.000528747 	
2.25	0.399964 	-0.1745 	0.0278726 	-0.000129192 	-1.25304 	0.000415977 	
2.255	0.399957 	-0.174501 	0.0277963 	-0.00028451 	-1.25201 	0.00103979 	
2.26	0.399955 	-0.174504 	0.0277196 	-0.00060912 	-1.25107 	0.00174284 	
2.265	0.399957 	-0.174511 	0.0276423 	-0.00106813 	-1.25019 	0.00250827 	
2.27	0.399979 	-0.174504 	0.0275665 	-0.000104593 	-1.24957 	-0.000280109 	
2.275	0.399993 	-0.174508 	0.0274888 	-0.000222681 	-1.24886 	-0.000696435 	
2.28	0.400009 	-0.174516 	0.0274104 	-0.000520706 	-1.24818 	-0.000822098 	
2.285	0.399966 	-0.174502 	0.0273266 	-0.000205393 	-1.2465 	0.000460645 	
2.29	0.399963 	-0.174505 	0.0272452 	-0.000483685 	-1.24548 	0.00116179 	
2.295	0.399965 	-0.174511 	0.0271635 	-0.000901884 	-1.24455 	0.00192196 	
2.3	0.399972 	-0.174519 	0.0270815 	-0.00143112 	-1.24368 	0.00272847 	
2.305	0.399975 	-0.174502 	0.0269996 	1.5678e-06 	-1.24268 	-0.00034645 	
2.31	0.399985 	-0.174503 	0.026917 	3.02134e-05 	-1.24184 	-0.00085491 	
2.315	0.399998 	-0.174508 	0.0268341 	-0.00014634 	-1.24105 	-0.00105838 	
2.32	0.400014 	-0.174516 	0.0267507 	-0.000485307 	-1.2403 	-0.00101956 	
2.325	0.399964 	-0.174502 	0.0266623 	-0.000245815 	-1.23845 	0.000671042 	
2.33	0.399958 	-0.174505 	0.0265766 	-0.000555191 	-1.23736 	0.00156518 	
2.335	0.399959 	-0.174511 	0.026491 	-0.000991626 	-1.23636 	0.00247308 	
2.34	0.399976 	-0.174503 	0.0264068 	-0.000111007 	-1.23556 	-0.000159766 	
2.345	0.399989 	-0.174507 	0.0263217 	-0.000236913 	-1.23475 	-0.000483759 	
2.35	0.400005 	-0.174514 	0.0262363 	-0.000531552 	-1.23398 	-0.000545202 	
2.355	0.400023 	-0.174523 	0.0261509 	-0.000959675 	-1.23325 	-0.000398064 	
2.36	0.399961 	-0.1745 	0.0260603 	-0.000105612 	-1.23116 	0.000481589 	
2.365	0.399953 	-0.1745 	0.0259729 	-0.000224291 	-1.22998 	0.00112205 	
2.37	0.399952 	-0.174504 	0.0258858 	-0.000504903 	-1.22893 	0.00182373 	
2.375	0.399956 	-0.17451 	0.025799 	-0.000914231 	-1.22797 	0.00257357 	
2.38	0.39998 	-0.174504 	0.025714 	-0.00011854 	-1.22727 	-0.000335319 	
2.385	0.399997 	-0.174509 	0.0256281 	-0.000258283 	-1.22652 	-0.00082038 	
2.39	0.400016 	-0.174517 	0.0255423 	-0.000559468 	-1.2258 	-0.00101518 	
2.395	0.399965 	-0.174502 	0.0254527 	-0.000175484 	-1.2239 	0.000474754 	
2.4	0.399961 	-0.174505 	0.0253657 	-0.000409192 	-1.2228 	0.00120369 	
2.405	0.399963 	-0.17451 	0.0252792 	-0.000777345 	-1.22181 	0.0019717 	
2.41	0.39997 	-0.174518 	0.0251932 	-0.00125238 	-1.2209 	0.00277034 	
2.415	0.399976 	-0.174502 	0.0251083 	-1.94702e-05 	-1.21991 	-0.000385413 	
2.42	0.399987 	-0.174504 	0.0250233 	-2.20988e-05 	-1.21906 	-0.000945886 	
2.425	0.400002 	-0.174509 	0.0249387 	-0.000209672 	-1.21828 	-0.00120494 	
2.43	0.399968 	-0.174504 	0.0248519 	-0.000235168 	-1.21671 	0.00050363 	
2.435	0.399968 	-0.174509 	0.0247672 	-0.000568091 	-1.21571 	0.00128152 	
2.44	0.399973 	-0.174516 	0.0246832 	-0.00101166 	-1.21479 	0.00208479 	
2.445	0.399981 	-0.174525 	0.0245998 	-0.00154315 	-1.21395 	0.0029078 	
2.45	0.399972 	-0.1745 	0.0245171 	6.64726e-05 	-1.21273 	-0.000429306 	
2.455	0.399979 	-0.174499 	0.024435 	0.000182685 	-1.21183 	-0.00105054 	
2.46	0.399988 	-0.174502 	0.0243535 	9.3912e-05 	-1.211 	-0.00136193 	
2.465	0.4 	-0.174508 	0.0242726 	-0.000157146 	-1.21022 	-0.00142714 	
2.47	0.399967 	-0.174505 	0.0241904 	-0.000302884 	-1.20873 	0.000750222 	
2.475	0.399965 	-0.174511 	0.0241101 	-0.000692704 	-1.20776 	0.00175526 	
2.48	0.399968 	-0.174519 	0.0240308 	-0.00117648 	-1.20687 	0.00273492 	
2.485	0.399974 	-0.174502 	0.0239533 	-5.05189e-05 	-1.20596 	-0.000234384 	
2.49	0.399982 	-0.174504 	0.023876 	-8.1362e-05 	-1.20516 	-0.000677122 	
2.495	0.399993 	-0.174509 	0.0237995 	-0.000283078 	-1.20442 	-0.000850424 	
2.5	0.400005 	-0.174516 	0.0237239 	-0.000620148 	-1.20371 	-0.000809484 	
2.505	0.399965 	-0.174502 	0.0236475 	-0.000166274 	-1.20216 	0.000561804 	
2.51	0.39996 	-0.174505 	0.0235731 	-0.000370894 	-1.20119 	0.00131542 	
2.515	0.399959 	-0.174511 	0.0234998 	-0.000704299 	-1.20031 	0.00209171 	
2.52	0.399975 	-0.174503 	0.0234286 	-0.000132517 	-1.19967 	-0.00011976 	
2.525	0.399985 	-0.174508 	0.0233578 	-0.000300013 	-1.19897 	-0.000372289 	
2.53	0.399995 	-0.174515 	0.023288 	-0.000606901 	-1.1983 	-0.000397565 	
2.535	0.400006 	-0.174524 	0.0232192 	-0.00102424 	-1.19765 	-0.000242051 	
2.54	0.400017 	-0.174534 	0.0231515 	-0.00152903 	-1.19703 	5.7223e-05 	
2.545	0.39996 	-0.174497 	0.0230839 	0.00010181 	-1.19527 	0.000384964 	
2.55	0.399946 	-0.174493 	0.0230181 	0.000258612 	-1.19426 	0.000856799 	
2.555	0.399938 	-0.174492 	0.0229535 	0.000216607 	-1.19335 	0.00140536 	
2.56	0.399979 	-0.174507 	0.0228915 	-0.000298544 	-1.19326 	-6.34416e-06 	
2.565	0.399993 	-0.174517 	0.02283 	-0.000742216 	-1.19275 	-6.21601e-05 	
2.57	0.400005 	-0.174529 	0.0227696 	-0.00126612 	-1.19224 	6.60578e-05 	
2.575	0.400016 	-0.174541 	0.0227104 	-0.00185345 	-1.19172 	0.000340809 	
2.58	0.39996 	-0.174496 	0.0226523 	0.000179957 	-1.19008 	0.000239262 	
2.585	0.399946 	-0.174489 	0.0225957 	0.000452659 	-1.18916 	0.000547676 	
2.59	0.399935 	-0.174487 	0.0225404 	0.000505007 	-1.18831 	0.000963876 	
2.595	0.399979 	-0.174508 	0.0224875 	-0.000346694 	-1.1884 	7.87639e-05 	
2.6	0.399991 	-0.17452 	0.0224353 	-0.00087225 	-1.18797 	0.000158904 	
2.605	0.400001 	-0.174532 	0.0223845 	-0.00145896 	-1.18753 	0.000393198 	
2.61	0.400008 	-0.174546 	0.0223351 	-0.00209394 	-1.18707 	0.000750224 	
2.615	0.40004 	-0.17452 	0.022475 	-0.000572289 	-1.18614 	0.00062768 	
2.62	0.400009 	-0.174506 	0.0222676 	-0.000973209 	-1.18575 	0.0012859 	
2.625	0.400017 	-0.174533 	0.0222459 	-0.00154931 	-1.18543 	0.00195922 	
2.63	0.400038 	-0.174536 	0.0222387 	-0.0023088 	-1.18517 	0.00258634 	
2.635	0.400064 	-0.174568 	0.0221838 	-0.00343794 	-1.18502 	0.00350502 	
2.64	0.400008 	-0.174509 	0.0221595 	-4.89556e-05 	-1.18331 	-0.000203883 	
2.645	0.399997 	-0.174502 	0.022122 	0.000327564 	-1.18284 	-0.000741021 	
2.65	0.400003 	-0.174491 	0.0220852 	0.000471923 	-1.18252 	-0.00100636 	
2.655	0.398512 	-0.1765 	0.0777471 	0.000494727 	-1.18233 	-0.00112415 	
2.66	0.398536 	-0.176494 	0.0777068 	0.000282021 	-1.18237 	-0.000924376 	
2.665	0.398541 	-0.176483 	0.0776872 	-0.000148907 	-1.18244 	-0.00072362 	
2.67	0.398548 	-0.176456 	0.077665 	-0.000828499 	-1.18262 	-0.000245333 	
2.675	0.398546 	-0.17644 	0.0776435 	-0.00166805 	-1.18287 	0.000352105 	
2.68	0.398534 	-0.176427 	0.0776311 	-0.00202777 	-1.18313 	0.000666028 	
2.685	0.398521 	-0.176412 	0.0776222 	-0.00221413 	-1.18344 	0.000896953 	
2.69	0.398505 	-0.176402 	0.0776153 	-0.00233768 	-1.18378 	0.00106719 	
2.695	0.398487 	-0.176395 	0.0776099 	-0.00242985 	-1.18416 	0.00119646 	
2.7	0.398468 	-0.176391 	0.0776056 	-0.0025002 	-1.18456 	0.00129236 	
2.705	0.398448 	-0.176388 	0.0776024 	-0.0025538 	-1.18498 	0.0013592 	
2.71	0.398427 	-0.176386 	0.0776001 	-0.0025954 	-1.18542 	0.00140312 	
2.715	0.398405 	-0.176385 	0.0775986 	-0.00262854 	-1.18587 	0.00143123 	
2.72	0.398383 	-0.176384 	0.0775978 	-0.0026559 	-1.18633 	0.00145012 	
2.725	0.398361 	-0.176384 	0.0775975 	-0.002679 	-1.1868 	0.00146384 	
2.73	0.398339 	-0.176385 	0.0775977 	-0.00269912 	-1.18728 	0.00147453 	
2.735	0.398317 	-0.176385 	0.0775983 	-0.00271732 	-1.18776 	0.00148324 	
2.74	0.398295 	-0.176386 	0.0775985 	-0.00277092 	-1.18825 	0.00149181 	
2.745	0.398273 	-0.176387 	0.0775984 	-0.00285113 	-1.18875 	0.00149855 	
2.75	0.398252 	-0.176388 	0.077598 	-0.00295382 	-1.18925 	0.00150561 	
2.755	0.39823 	-0.176389 	0.0775974 	-0.00307655 	-1.18976 	0.0015147 	
2.76	0.39821 	-0.17639 	0.0775966 	-0.00321757 	-1.19027 	0.00152716 	
2.765	0.398189 	-0.17639 	0.0775957 	-0.00337317 	-1.19079 	0.00154311 	
2.77	0.398168 	-0.176391 	0.0775948 	-0.0035352 	-1.19131 	0.00155962 	
2.775	0.398147 	-0.176391 	0.0775939 	-0.00370472 	-1.19183 	0.00157904 	
2.78	0.398127 	-0.176392 	0.077593 	-0.00388117 	-1.19235 	0.00160146 	
2.785	0.398106 	-0.176392 	0.077592 	-0.00406401 	-1.19287 	0.00162706 	
2.79	0.398085 	-0.176393 	0.077591 	-0.00425274 	-1.19339 	0.00165592 	
2.795	0.398065 	-0.176393 	0.07759 	-0.00444704 	-1.19391 	0.00168816 	
2.8	0.398044 	-0.176394 	0.0775889 	-0.00464662 	-1.19443 	0.00172388 	
2.805	0.398024 	-0.176394 	0.0775878 	-0.00485122 	-1.19496 	0.00176319 	
2.81	0.398003 	-0.176395 	0.0775866 	-0.00506066 	-1.19548 	0.00180614 	
2.815	0.397983 	-0.176395 	0.0775854 	-0.0052747 	-1.19601 	0.00185275 	
2.82	0.397962 	-0.176395 	0.0775842 	-0.00549315 	-1.19653 	0.00190307 	
2.825	0.397942 	-0.176396 	0.0775829 	-0.00571583 	-1.19706 	0.00195707 	
2.83	0.39792 	-0.176402 	0.0775772 	-0.00572313 	-1.19759 	0.0018458 	
2.835	0.397899 	-0.176414 	0.0775658 	-0.00533556 	-1.19816 	0.00143184 	
2.84	0.397883 	-0.17642 	0.0775601 	-0.00495387 	-1.19876 	0.00104186 	
2.845	0.397871 	-0.176421 	0.0775537 	-0.00486403 	-1.19937 	0.000904823 	
2.85	0.397858 	-0.176421 	0.0775453 	-0.00496735 	-1.19998 	0.000930692 	
2.855	0.397844 	-0.176425 	0.0775343 	-0.00500754 	-1.2006 	0.000904988 	
2.86	0.397826 	-0.176438 	0.0775196 	-0.00459128 	-1.20121 	0.000508191 	
2.865	0.397801 	-0.176463 	0.0775076 	-0.00373109 	-1.20177 	-0.00017752 	
2.87	0.397777 	-0.176491 	0.077492 	-0.00260828 	-1.20235 	-0.00108137 	
2.875	0.397761 	-0.176521 	0.0774902 	-0.00132665 	-1.20298 	-0.00213497 	
2.88	0.397749 	-0.17654 	0.0774822 	-0.00065778 	-1.2036 	-0.00267877 	
2.885	0.397738 	-0.176557 	0.0774756 	-0.000481413 	-1.20423 	-0.00284232 	
2.89	0.397717 	-0.176575 	0.0774478 	-0.000878943 	-1.20478 	-0.00250994 	
2.895	0.397696 	-0.176591 	0.0774201 	-0.000640031 	-1.20539 	-0.00273709 	
2.9	0.397676 	-0.17661 	0.0773966 	0.000107666 	-1.20601 	-0.00338478 	
2.905	0.397658 	-0.176626 	0.0773747 	0.000812797 	-1.20664 	-0.00398891 	
2.91	0.397627 	-0.176643 	0.0773622 	0.00147475 	-1.20717 	-0.00466191 	
2.915	0.397604 	-0.176651 	0.0773529 	0.00192317 	-1.20774 	-0.00511847 	
2.92	0.397576 	-0.17666 	0.0773448 	0.00222611 	-1.20828 	-0.00546044 	
2.925	0.397548 	-0.176665 	0.0773374 	0.00241403 	-1.20881 	-0.00567281 	
2.93	0.397523 	-0.176661 	0.0773324 	0.0022892 	-1.20934 	-0.00560815 	
2.935	0.397498 	-0.176653 	0.0773274 	0.00195662 	-1.20987 	-0.00535318 	
2.94	0.39747 	-0.176647 	0.0773207 	0.00171533 	-1.21039 	-0.00516921 	
2.945	0.397444 	-0.17664 	0.0773137 	0.00152329 	-1.21092 	-0.00500961 	
2.95	0.397417 	-0.176634 	0.0773066 	0.00137055 	-1.21145 	-0.00487749 	
2.955	0.39739 	-0.17663 	0.0772996 	0.00125334 	-1.21198 	-0.00477325 	
2.96	0.397365 	-0.176619 	0.0772934 	0.000946352 	-1.21252 	-0.00450096 	
2.965	0.397341 	-0.176606 	0.0772874 	0.00051894 	-1.21305 	-0.0041317 	
2.97	0.397317 	-0.176593 	0.0772812 	1.04731e-05 	-1.21359 	-0.00369411 	
2.975	0.397293 	-0.176578 	0.0772753 	-0.000532219 	-1.21413 	-0.00323139 	
2.98	0.397271 	-0.176563 	0.0772683 	-0.0011113 	-1.21467 	-0.00273502 	
2.985	0.397249 	-0.17655 	0.0772638 	-0.00169742 	-1.21522 	-0.00224481 	
2.99	0.397227 	-0.176538 	0.0772604 	-0.00225827 	-1.21575 	-0.00178792 	
2.995	0.397204 	-0.176526 	0.0772572 	-0.0028109 	-1.21628 	-0.00134016 	
3	0.397181 	-0.176513 	0.0772537 	-0.00336497 	-1.21681 	-0.000893531 	
3.005	0.397158 	-0.176506 	0.0772519 	-0.00389226 	-1.21734 	-0.000459711 	
3.01	0.397134 	-0.176498 	0.0772502 	-0.00439135 	-1.21787 	-5.06912e-05 	
3.015	0.39711 	-0.176491 	0.0772483 	-0.00488117 	-1.21839 	0.000349413 	
3.02	0.397086 	-0.176484 	0.0772461 	-0.00536519 	-1.21891 	0.000744891 	
3.025	0.397061 	-0.176477 	0.0772436 	-0.0058464 	-1.21943 	0.0011398 	
3.03	0.397036 	-0.176469 	0.0772409 	-0.00632314 	-1.21995 	0.00153416 	
3.035	0.397012 	-0.176464 	0.077238 	-0.00671737 	-1.22049 	0.00184087 	
3.04	0.396988 	-0.176456 	0.0772343 	-0.00707102 	-1.22102 	0.00210998 	
3.045	0.396964 	-0.176447 	0.0772299 	-0.00752357 	-1.22156 	0.00244063 	
3.05	0.396939 	-0.176441 	0.0772256 	-0.00791668 	-1.2221 	0.00268144 	
3.055	0.396913 	-0.176433 	0.0772211 	-0.00822869 	-1.22263 	0.00283736 	
3.06	0.396887 	-0.176426 	0.0772162 	-0.00853041 	-1.22317 	0.00299047 	
3.065	0.396861 	-0.17642 	0.0772114 	-0.00881307 	-1.22371 	0.0031478 	
3.07	0.396835 	-0.176413 	0.0772061 	-0.00921463 	-1.22424 	0.00339473 	
3.075	0.396808 	-0.176408 	0.0772015 	-0.00950563 	-1.22478 	0.00356782 	
3.08	0.396781 	-0.176406 	0.0771966 	-0.00970473 	-1.22532 	0.00367364 	
3.085	0.396752 	-0.176409 	0.077191 	-0.00967243 	-1.22587 	0.00357853 	
3.09	0.396723 	-0.176409 	0.0771851 	-0.0096511 	-1.22641 	0.003502 	
3.095	0.396694 	-0.17641 	0.0771785 	-0.00967174 	-1.22696 	0.00343456 	
3.1	0.396664 	-0.176409 	0.0771721 	-0.0097427 	-1.22751 	0.00341308 	
3.105	0.396635 	-0.176409 	0.0771634 	-0.00982855 	-1.22807 	0.00336773 	
3.11	0.396606 	-0.176407 	0.0771547 	-0.00993813 	-1.22863 	0.00332485 	
3.115	0.396577 	-0.176403 	0.0771452 	-0.0101119 	-1.22919 	0.00333513 	
3.12	0.396548 	-0.176395 	0.077135 	-0.0104158 	-1.22975 	0.00347025 	
3.125	0.396518 	-0.176387 	0.0771241 	-0.0107681 	-1.23031 	0.0036492 	
3.13	0.396489 	-0.176379 	0.0771131 	-0.0111313 	-1.23087 	0.00383938 	
3.135	0.396459 	-0.17637 	0.0771023 	-0.0114891 	-1.23143 	0.00402523 	
3.14	0.396427 	-0.176368 	0.0770921 	-0.0115817 	-1.23199 	0.00404319 	
3.145	0.396396 	-0.176366 	0.0770825 	-0.0115718 	-1.23255 	0.00401035 	
3.15	0.396365 	-0.176367 	0.0770739 	-0.0115022 	-1.23311 	0.00393749 	
3.155	0.396333 	-0.176369 	0.0770659 	-0.0113971 	-1.23368 	0.00383356 	
3.16	0.396302 	-0.17637 	0.0770583 	-0.011291 	-1.23424 	0.00372591 	
3.165	0.396271 	-0.176371 	0.0770509 	-0.0112709 	-1.2348 	0.0036786 	
3.17	0.39624 	-0.176371 	0.0770446 	-0.0113573 	-1.23536 	0.00373387 	
3.175	0.39621 	-0.176372 	0.0770386 	-0.0114235 	-1.23592 	0.00372848 	
3.18	0.39618 	-0.17637 	0.0770318 	-0.0115348 	-1.23648 	0.00374171 	
3.185	0.396149 	-0.176371 	0.0770258 	-0.0115572 	-1.23704 	0.00370894 	
3.19	0.396119 	-0.176368 	0.0770191 	-0.0116315 	-1.23761 	0.00371043 	
3.195	0.396089 	-0.176366 	0.0770121 	-0.0117338 	-1.23817 	0.00372958 	
3.2	0.396058 	-0.176363 	0.0770057 	-0.0118907 	-1.23873 	0.00381292 	
3.205	0.396028 	-0.176361 	0.0769997 	-0.0119834 	-1.23929 	0.00388061 	
3.21	0.395997 	-0.176359 	0.0769936 	-0.0120708 	-1.23984 	0.00395417 	
3.215	0.395967 	-0.176354 	0.0769874 	-0.0122332 	-1.24039 	0.00411383 	
3.22	0.395936 	-0.176349 	0.0769813 	-0.0124432 	-1.24094 	0.00432844 	
3.225	0.395905 	-0.176346 	0.0769741 	-0.0125592 	-1.24149 	0.00445361 	
3.23	0.395875 	-0.176342 	0.0769668 	-0.0126512 	-1.24205 	0.00455479 	
3.235	0.395844 	-0.176339 	0.0769598 	-0.0127373 	-1.2426 	0.00463863 	
3.24	0.395813 	-0.17634 	0.0769533 	-0.012686 	-1.24316 	0.00461791 	
3.245	0.395783 	-0.176341 	0.076947 	-0.0125841 	-1.24372 	0.00455361 	
3.25	0.395752 	-0.176341 	0.0769409 	-0.0125218 	-1.24427 	0.00451641 	
3.255	0.395721 	-0.176342 	0.0769348 	-0.0124732 	-1.24483 	0.0044858 	
3.26	0.39569 	-0.176343 	0.076929 	-0.0124279 	-1.24539 	0.00445615 	
3.265	0.39566 	-0.176344 	0.0769234 	-0.0124052 	-1.24594 	0.00444171 	
3.27	0.395629 	-0.176345 	0.0769178 	-0.0124083 	-1.24649 	0.00444638 	
3.275	0.395598 	-0.176345 	0.0769123 	-0.0124332 	-1.24705 	0.00446886 	
3.28	0.395567 	-0.176345 	0.0769069 	-0.0124631 	-1.2476 	0.00449589 	
3.285	0.395536 	-0.176346 	0.0769014 	-0.0124939 	-1.24815 	0.00452425 	
3.29	0.395505 	-0.176346 	0.0768959 	-0.0125365 	-1.24871 	0.00455843 	
3.295	0.395475 	-0.176346 	0.0768903 	-0.012582 	-1.24926 	0.00459318 	
3.3	0.395444 	-0.176346 	0.0768847 	-0.0126284 	-1.24982 	0.0046279 	
3.305	0.395413 	-0.176346 	0.076879 	-0.0126808 	-1.25037 	0.00465954 	
3.31	0.395381 	-0.176351 	0.0768723 	-0.0126038 	-1.25093 	0.00457422 	
3.315	0.395349 	-0.176354 	0.0768647 	-0.0125452 	-1.25148 	0.00449555 	
3.32	0.395317 	-0.176361 	0.0768581 	-0.0122337 	-1.25206 	0.00420362 	
3.325	0.395286 	-0.176366 	0.0768506 	-0.0119675 	-1.25263 	0.0039048 	
3.33	0.395253 	-0.176377 	0.0768422 	-0.0115315 	-1.2532 	0.00346145 	
3.335	0.39522 	-0.176392 	0.0768327 	-0.010953 	-1.25378 	0.00289482 	
3.34	0.395187 	-0.176405 	0.0768233 	-0.0104161 	-1.25436 	0.00236056 	
3.345	0.395153 	-0.176418 	0.0768139 	-0.00992164 	-1.25494 	0.0018566 	
3.35	0.395119 	-0.176429 	0.0768044 	-0.00948316 	-1.25552 	0.00139801 	
3.355	0.395085 	-0.17644 	0.0767949 	-0.00909822 	-1.2561 	0.000987239 	
3.36	0.395051 	-0.176448 	0.0767853 	-0.00881099 	-1.25668 	0.000658623 	
3.365	0.395016 	-0.176464 	0.0767744 	-0.00826657 	-1.25727 	0.000130238 	
3.37	0.394982 	-0.17647 	0.0767657 	-0.00803079 	-1.25785 	-0.000117097 	
3.375	0.394948 	-0.176476 	0.0767575 	-0.00788056 	-1.25842 	-0.000284851 	
3.38	0.394914 	-0.176479 	0.0767496 	-0.00777637 	-1.259 	-0.000403555 	
3.385	0.394881 	-0.176481 	0.0767422 	-0.00774191 	-1.25957 	-0.00045814 	
3.39	0.394848 	-0.17648 	0.0767344 	-0.0077779 	-1.26013 	-0.000448215 	
3.395	0.394815 	-0.176479 	0.076727 	-0.00780046 	-1.26071 	-0.00046228 	
3.4	0.394783 	-0.176478 	0.0767197 	-0.00782076 	-1.26128 	-0.000487073 	
3.405	0.39475 	-0.176477 	0.0767125 	-0.0078414 	-1.26185 	-0.000520809 	
3.41	0.394718 	-0.176477 	0.0767052 	-0.00782216 	-1.26243 	-0.000587526 	
3.415	0.394686 	-0.176476 	0.0766962 	-0.00785134 	-1.26299 	-0.000600752 	
3.42	0.394653 	-0.176477 	0.0766884 	-0.00782548 	-1.26357 	-0.000664453 	
3.425	0.394621 	-0.176478 	0.0766808 	-0.00778606 	-1.26414 	-0.000746239 	
3.43	0.394589 	-0.176478 	0.0766732 	-0.00777042 	-1.26472 	-0.000825246 	
3.435	0.394557 	-0.176477 	0.0766658 	-0.00778726 	-1.26529 	-0.000889286 	
3.44	0.394525 	-0.176477 	0.0766586 	-0.00777329 	-1.26586 	-0.000928357 	
3.445	0.394492 	-0.176477 	0.0766514 	-0.00776351 	-1.26642 	-0.000954444 	
3.45	0.394459 	-0.176477 	0.0766441 	-0.00777758 	-1.26699 	-0.000949619 	
3.455	0.394426 	-0.176477 	0.0766367 	-0.00779647 	-1.26756 	-0.000935306 	
3.46	0.394394 	-0.176476 	0.0766293 	-0.00784547 	-1.26813 	-0.000892477 	
3.465	0.39436 	-0.176476 	0.0766218 	-0.00787999 	-1.2687 	-0.000860956 	
3.47	0.394328 	-0.176472 	0.0766139 	-0.00802315 	-1.26926 	-0.000743462 	
3.475	0.394295 	-0.176468 	0.0766055 	-0.00823043 	-1.26983 	-0.000578631 	
3.48	0.394262 	-0.176464 	0.0765972 	-0.0084552 	-1.27039 	-0.000400502 	
3.485	0.394229 	-0.176459 	0.0765888 	-0.00869244 	-1.27096 	-0.0001938 	
3.49	0.394196 	-0.176454 	0.0765807 	-0.00889928 	-1.27152 	2.01947e-05 	
3.495	0.394163 	-0.17645 	0.0765726 	-0.00908911 	-1.27209 	0.000232909 	
3.5	0.39413 	-0.176445 	0.0765642 	-0.00927143 	-1.27265 	0.000469412 	
3.505	0.394098 	-0.176442 	0.0765576 	-0.00940544 	-1.27321 	0.000609565 	
3.51	0.394067 	-0.176438 	0.0765515 	-0.00954946 	-1.27378 	0.000755026 	
3.515	0.394035 	-0.176435 	0.0765454 	-0.00966913 	-1.27434 	0.000879982 	
3.52	0.394005 	-0.176433 	0.0765393 	-0.00974855 	-1.27491 	0.000974468 	
3.525	0.393974 	-0.176429 	0.076533 	-0.00987623 	-1.27546 	0.00112802 	
3.53	0.393942 	-0.176427 	0.0765252 	-0.00995836 	-1.27602 	0.00129603 	
3.535	0.39391 	-0.176426 	0.0765171 	-0.00997191 	-1.27658 	0.00136538 	
3.54	0.393879 	-0.176421 	0.0765102 	-0.0101341 	-1.27714 	0.00158066 	
3.545	0.393848 	-0.176414 	0.0765036 	-0.0103934 	-1.2777 	0.00188437 	
3.55	0.393816 	-0.176407 	0.0764966 	-0.010717 	-1.27825 	0.00226089 	
3.555	0.393784 	-0.176403 	0.0764899 	-0.0108996 	-1.27882 	0.00245906 	
3.56	0.393752 	-0.176401 	0.076483 	-0.0109548 	-1.27939 	0.00253492 	
3.565	0.39372 	-0.1764 	0.0764762 	-0.0109522 	-1.27996 	0.00253919 	
3.57	0.393688 	-0.1764 	0.0764693 	-0.0109063 	-1.28053 	0.0024918 	
3.575	0.393655 	-0.176403 	0.0764608 	-0.0107608 	-1.28111 	0.00234768 	
3.58	0.393622 	-0.176405 	0.0764519 	-0.0106417 	-1.28168 	0.00223262 	
3.585	0.393589 	-0.176405 	0.0764428 	-0.0106078 	-1.28226 	0.00220301 	
3.59	0.393555 	-0.176407 	0.0764347 	-0.0105628 	-1.28283 	0.0021525 	
3.595	0.393522 	-0.176405 	0.0764266 	-0.0105856 	-1.2834 	0.00217829 	
3.6	0.393489 	-0.176405 	0.0764185 	-0.0105939 	-1.28398 	0.00218302 	
3.605	0.393456 	-0.176401 	0.0764099 	-0.0107004 	-1.28455 	0.0022928 	
3.61	0.393422 	-0.1764 	0.0764006 	-0.0106718 	-1.28513 	0.00228303 	
3.615	0.39339 	-0.176396 	0.0763927 	-0.0107421 	-1.28571 	0.00237992 	
3.62	0.393357 	-0.176392 	0.0763854 	-0.010849 	-1.28628 	0.00250804 	
3.625	0.393325 	-0.176389 	0.0763786 	-0.0109693 	-1.28685 	0.00264872 	
3.63	0.393294 	-0.176385 	0.076372 	-0.0110963 	-1.28742 	0.00279482 	
3.635	0.393262 	-0.176382 	0.0763656 	-0.011229 	-1.28798 	0.0029447 	
3.64	0.393231 	-0.176378 	0.0763593 	-0.0113732 	-1.28855 	0.00309898 	
3.645	0.393199 	-0.176372 	0.0763519 	-0.0116574 	-1.28911 	0.0033914 	
3.65	0.393168 	-0.176372 	0.0763459 	-0.0118709 	-1.28967 	0.0036016 	
3.655	0.393169 	-0.176376 	0.0763711 	-0.0119787 	-1.29009 	0.00369661 	
3.66	0.393163 	-0.176393 	0.0763939 	-0.0120554 	-1.29051 	0.00372922 	
3.665	0.393159 	-0.176398 	0.0764116 	-0.0121125 	-1.29093 	0.0037405 	
3.67	0.393151 	-0.176401 	0.0764252 	-0.01221 	-1.29135 	0.00377461 	
3.675	0.393141 	-0.176403 	0.0764356 	-0.0122984 	-1.29178 	0.00381589 	
3.68	0.393128 	-0.176405 	0.0764431 	-0.0123727 	-1.29221 	0.00387063 	
3.685	0.393112 	-0.176407 	0.0764477 	-0.0124104 	-1.29265 	0.00389946 	
3.69	0.393093 	-0.176409 	0.0764502 	-0.0123662 	-1.29311 	0.00385141 	
3.695	0.393073 	-0.17641 	0.0764506 	-0.0124017 	-1.29358 	0.00386533 	
3.7	0.39305 	-0.17641 	0.0764492 	-0.0124748 	-1.29406 	0.00390968 	
3.705	0.393026 	-0.176412 	0.0764466 	-0.0124374 	-1.29455 	0.00386213 	
3.71	0.393 	-0.176414 	0.0764429 	-0.0123695 	-1.29506 	0.00379018 	
3.715	0.392973 	-0.176414 	0.0764378 	-0.0123774 	-1.29557 	0.00377517 	
3.72	0.392944 	-0.176416 	0.0764318 	-0.0124012 	-1.29609 	0.00377003 	
3.725	0.392914 	-0.176417 	0.0764249 	-0.0124083 	-1.29663 	0.00375209 	
3.73	0.392883 	-0.176418 	0.0764173 	-0.0123878 	-1.29717 	0.00371194 	
3.735	0.392851 	-0.17642 	0.0764092 	-0.0123356 	-1.29773 	0.00364591 	
3.74	0.392819 	-0.176422 	0.0764007 	-0.0122516 	-1.29828 	0.00355316 	
3.745	0.392785 	-0.176423 	0.0763914 	-0.0122357 	-1.29885 	0.00353292 	
3.75	0.392751 	-0.176425 	0.0763816 	-0.0122196 	-1.29942 	0.00350992 	
3.755	0.392717 	-0.176425 	0.0763719 	-0.0122602 	-1.29999 	0.00354312 	
3.76	0.392682 	-0.176425 	0.0763623 	-0.0123154 	-1.30056 	0.00358957 	
3.765	0.392647 	-0.176425 	0.0763524 	-0.0123752 	-1.30114 	0.0036411 	
3.77	0.392612 	-0.176425 	0.0763425 	-0.0124361 	-1.30172 	0.00369417 	
3.775	0.392577 	-0.176423 	0.0763319 	-0.0126119 	-1.3023 	0.00383334 	
3.78	0.392542 	-0.176421 	0.0763209 	-0.0127986 	-1.30289 	0.00397745 	
3.785	0.392507 	-0.176419 	0.0763105 	-0.0129845 	-1.30347 	0.00413712 	
3.79	0.392472 	-0.176418 	0.0762999 	-0.013103 	-1.30406 	0.00421664 	
3.795	0.392437 	-0.176417 	0.0762888 	-0.0131681 	-1.30465 	0.00423363 	
3.8	0.392401 	-0.176415 	0.0762775 	-0.0132244 	-1.30524 	0.00423798 	
3.805	0.392365 	-0.176416 	0.076266 	-0.0132576 	-1.30584 	0.00423116 	
3.81	0.39233 	-0.176414 	0.0762552 	-0.013413 	-1.30642 	0.00437003 	
3.815	0.392294 	-0.176415 	0.0762446 	-0.0135344 	-1.307 	0.00447521 	
3.82	0.392258 	-0.176415 	0.076234 	-0.0136225 	-1.30759 	0.00455448 	
3.825	0.392225 	-0.176415 	0.0762251 	-0.0136948 	-1.30818 	0.00460284 	
3.83	0.392192 	-0.176416 	0.0762176 	-0.0137516 	-1.30875 	0.00462962 	
3.835	0.392161 	-0.176416 	0.0762113 	-0.013804 	-1.30932 	0.00465195 	
3.84	0.392131 	-0.176417 	0.0762061 	-0.013855 	-1.30989 	0.00467427 	
3.845	0.392102 	-0.176419 	0.0762019 	-0.0139059 	-1.31044 	0.00469912 	
3.85	0.392075 	-0.17642 	0.0761986 	-0.0139572 	-1.31099 	0.00472821 	
3.855	0.392048 	-0.176421 	0.0761961 	-0.0140092 	-1.31152 	0.00476276 	
3.86	0.392023 	-0.176422 	0.0761943 	-0.0140624 	-1.31205 	0.00480382 	
3.865	0.391998 	-0.176424 	0.0761931 	-0.0141169 	-1.31258 	0.00485223 	
3.87	0.391972 	-0.176425 	0.0761906 	-0.014162 	-1.31311 	0.00488378 	
3.875	0.391944 	-0.176425 	0.0761868 	-0.0141939 	-1.31364 	0.00490968 	
3.88	0.391916 	-0.176426 	0.0761819 	-0.0142231 	-1.31417 	0.00493454 	
3.885	0.391887 	-0.176426 	0.0761761 	-0.0142515 	-1.31471 	0.00495921 	
3.89	0.391856 	-0.176426 	0.0761694 	-0.01428 	-1.31526 	0.00498149 	
3.895	0.391825 	-0.176426 	0.0761615 	-0.01424 	-1.31581 	0.00493095 	
3.9	0.391792 	-0.176427 	0.0761526 	-0.014179 	-1.31637 	0.00486374 	
3.905	0.391796 	-0.176431 	0.0761777 	-0.0141703 	-1.31677 	0.00484221 	
3.91	0.391789 	-0.176448 	0.0761989 	-0.0141269 	-1.31718 	0.00475463 	
3.915	0.391784 	-0.176452 	0.0762155 	-0.0141334 	-1.31758 	0.00475154 	
3.92	0.391777 	-0.176455 	0.0762278 	-0.0141274 	-1.318 	0.00474169 	
3.925	0.391766 	-0.176456 	0.0762364 	-0.0141414 	-1.31842 	0.00475375 	
3.93	0.391752 	-0.176457 	0.0762416 	-0.0141877 	-1.31885 	0.00478794 	
3.935	0.391734 	-0.176458 	0.0762445 	-0.0141998 	-1.3193 	0.00479365 	
3.94	0.391715 	-0.176458 	0.0762453 	-0.01422 	-1.31976 	0.00480867 	
3.945	0.391693 	-0.176457 	0.076244 	-0.0143224 	-1.32023 	0.00490208 	
3.95	0.391669 	-0.176456 	0.076241 	-0.0144597 	-1.32071 	0.00502782 	
3.955	0.391644 	-0.176455 	0.0762365 	-0.0146036 	-1.32121 	0.00516091 	
3.96	0.391616 	-0.176453 	0.0762309 	-0.0147387 	-1.32171 	0.00528659 	
3.965	0.391588 	-0.176452 	0.0762241 	-0.0148592 	-1.32224 	0.00539979 	
3.97	0.391558 	-0.176451 	0.0762165 	-0.0149611 	-1.32277 	0.00549675 	
3.975	0.391526 	-0.176449 	0.0762081 	-0.0150414 	-1.32331 	0.00557455 	
3.98	0.391494 	-0.17645 	0.0761987 	-0.0150194 	-1.32387 	0.00555111 	
3.985	0.39146 	-0.17645 	0.0761885 	-0.0149711 	-1.32443 	0.0055057 	
3.99	0.391426 	-0.176449 	0.076178 	-0.0149808 	-1.325 	0.00551748 	
3.995	0.391391 	-0.176449 	0.076167 	-0.0150051 	-1.32557 	0.00554255 	
4	0.391356 	-0.176448 	0.0761555 	-0.0150404 	-1.32616 	0.00557836 	
4.005	0.391319 	-0.176448 	0.0761438 	-0.0150726 	-1.32674 	0.00561139 	
4.01	0.391283 	-0.176447 	0.0761317 	-0.015082 	-1.32734 	0.00562284 	
4.015	0.391247 	-0.176446 	0.07612 	-0.01513 	-1.32793 	0.00562795 	
4.02	0.391213 	-0.176446 	0.0761103 	-0.0151719 	-1.32852 	0.00567104 	
4.025	0.39118 	-0.176447 	0.0761023 	-0.0152133 	-1.32909 	0.00572198 	
4.03	0.391149 	-0.176449 	0.0760939 	-0.0152077 	-1.32966 	0.00574135 	
4.035	0.391118 	-0.17645 	0.0760868 	-0.0152085 	-1.33023 	0.00576205 	
4.04	0.391088 	-0.176452 	0.0760811 	-0.0152271 	-1.33079 	0.00579556 	
4.045	0.39106 	-0.176453 	0.0760764 	-0.0152561 	-1.33134 	0.00583719 	
4.05	0.391032 	-0.176455 	0.0760709 	-0.0152684 	-1.33187 	0.00587945 	
4.055	0.391008 	-0.176457 	0.0760677 	-0.0153251 	-1.33237 	0.00595456 	
4.06	0.390991 	-0.176462 	0.0760733 	-0.0153961 	-1.33283 	0.00603944 	
4.065	0.390972 	-0.176469 	0.0760773 	-0.0154029 	-1.3333 	0.00605777 	
4.07	0.390953 	-0.176472 	0.0760791 	-0.0153797 	-1.33378 	0.00605732 	
4.075	0.390932 	-0.176475 	0.0760793 	-0.0153251 	-1.33427 	0.0060346 	
4.08	0.390909 	-0.176477 	0.0760777 	-0.0153084 	-1.33476 	0.00602421 	
4.085	0.390884 	-0.176478 	0.0760745 	-0.0153256 	-1.33526 	0.00603935 	
4.09	0.390858 	-0.176478 	0.0760699 	-0.0153519 	-1.33577 	0.00606165 	
4.095	0.390829 	-0.176479 	0.0760639 	-0.0153719 	-1.3363 	0.00608048 	
4.1	0.3908 	-0.176479 	0.0760567 	-0.0153907 	-1.33683 	0.00609923 	
4.105	0.390769 	-0.176479 	0.0760485 	-0.0154092 	-1.33737 	0.00611829 	
4.11	0.390738 	-0.176479 	0.0760404 	-0.0154237 	-1.33793 	0.00612637 	
4.115	0.390707 	-0.176479 	0.0760325 	-0.0154327 	-1.33848 	0.00611819 	
4.12	0.390676 	-0.17648 	0.0760248 	-0.0154366 	-1.33904 	0.00609696 	
4.125	0.390646 	-0.176479 	0.0760177 	-0.0155175 	-1.3396 	0.00617303 	
4.13	0.390616 	-0.176477 	0.0760111 	-0.0156484 	-1.34016 	0.00630471 	
4.135	0.390585 	-0.176475 	0.0760048 	-0.0157988 	-1.34072 	0.00645838 	
4.14	0.390556 	-0.176473 	0.0759987 	-0.0159561 	-1.34128 	0.00662049 	
4.145	0.390526 	-0.176471 	0.0759927 	-0.0161162 	-1.34184 	0.00678623 	
4.15	0.390496 	-0.176468 	0.0759868 	-0.0162779 	-1.3424 	0.00695424 	
4.155	0.390467 	-0.176466 	0.075981 	-0.0164411 	-1.34296 	0.00712401 	
4.16	0.390437 	-0.176466 	0.0759738 	-0.0164488 	-1.34353 	0.00719243 	
4.165	0.390406 	-0.176466 	0.0759657 	-0.0164172 	-1.3441 	0.00723806 	
4.17	0.390376 	-0.176467 	0.0759571 	-0.0163752 	-1.34467 	0.00727691 	
4.175	0.390344 	-0.176464 	0.0759472 	-0.0165005 	-1.34525 	0.00743183 	
4.18	0.390311 	-0.176459 	0.0759362 	-0.0167167 	-1.34582 	0.00765303 	
4.185	0.390277 	-0.176453 	0.0759244 	-0.0169694 	-1.34639 	0.00790306 	
4.19	0.390242 	-0.176448 	0.0759121 	-0.0171464 	-1.34698 	0.00811206 	
4.195	0.390208 	-0.176446 	0.075901 	-0.0171647 	-1.34758 	0.00817809 	
4.2	0.390175 	-0.176444 	0.0758906 	-0.0171587 	-1.34817 	0.00821632 	
4.205	0.390142 	-0.176443 	0.0758798 	-0.0171246 	-1.34877 	0.0082324 	
4.21	0.390107 	-0.176442 	0.0758686 	-0.0170826 	-1.34937 	0.00824263 	
4.215	0.390073 	-0.176442 	0.0758572 	-0.017038 	-1.34997 	0.00825021 	
4.22	0.39004 	-0.176443 	0.0758472 	-0.0169118 	-1.35056 	0.00810774 	
4.225	0.39001 	-0.176444 	0.0758403 	-0.0167695 	-1.35112 	0.00793074 	
4.23	0.389983 	-0.176446 	0.075836 	-0.0166464 	-1.35169 	0.00776658 	
4.235	0.389955 	-0.176448 	0.0758311 	-0.0165526 	-1.35225 	0.00763201 	
4.24	0.389926 	-0.176449 	0.0758256 	-0.0164717 	-1.3528 	0.00751155 	
4.245	0.389898 	-0.17645 	0.0758197 	-0.0164004 	-1.35336 	0.00740064 	
4.25	0.389869 	-0.17645 	0.0758131 	-0.0163824 	-1.35392 	0.00736163 	
4.255	0.389839 	-0.17645 	0.0758057 	-0.0163696 	-1.35449 	0.007343 	
4.26	0.389807 	-0.176454 	0.075796 	-0.0163148 	-1.35505 	0.00724894 	
4.265	0.389774 	-0.176458 	0.0757847 	-0.0160996 	-1.35562 	0.00700147 	
4.27	0.389741 	-0.176462 	0.0757726 	-0.0158614 	-1.35619 	0.00673267 	
4.275	0.389707 	-0.176464 	0.0757593 	-0.0157496 	-1.35677 	0.00659589 	
4.28	0.389676 	-0.176465 	0.0757511 	-0.0157963 	-1.35734 	0.00659638 	
4.285	0.389653 	-0.176468 	0.0757519 	-0.0158738 	-1.35787 	0.00662309 	
4.29	0.389634 	-0.176474 	0.0757549 	-0.0159493 	-1.35834 	0.00662523 	
4.295	0.389613 	-0.176478 	0.0757553 	-0.0160547 	-1.35882 	0.00667991 	
4.3	0.389591 	-0.176479 	0.0757535 	-0.0161771 	-1.3593 	0.006767 	
4.305	0.389568 	-0.176479 	0.0757498 	-0.0163103 	-1.3598 	0.00686925 	
4.31	0.389542 	-0.176478 	0.0757446 	-0.0164446 	-1.36031 	0.00697303 	
4.315	0.389516 	-0.176477 	0.0757384 	-0.0165779 	-1.36083 	0.00707492 	
4.32	0.389493 	-0.176476 	0.0757354 	-0.0166981 	-1.36134 	0.00715062 	
4.325	0.389471 	-0.176476 	0.0757348 	-0.0168188 	-1.36185 	0.00722808 	
4.33	0.389447 	-0.176477 	0.0757324 	-0.016939 	-1.36236 	0.00731219 	
4.335	0.389422 	-0.176476 	0.0757284 	-0.0170567 	-1.36288 	0.00739747 	
4.34	0.389396 	-0.176475 	0.075723 	-0.017173 	-1.36341 	0.00748032 	
4.345	0.389374 	-0.176474 	0.0757209 	-0.0172631 	-1.36392 	0.00751019 	
4.35	0.389356 	-0.176476 	0.075727 	-0.0173232 	-1.36444 	0.00751605 	
4.355	0.389354 	-0.176481 	0.0757469 	-0.0172482 	-1.36486 	0.00741548 	
4.36	0.389347 	-0.176489 	0.0757633 	-0.0172623 	-1.36529 	0.00740127 	
4.365	0.389338 	-0.176491 	0.0757754 	-0.0172491 	-1.36572 	0.00738143 	
4.37	0.389326 	-0.176492 	0.0757837 	-0.0172726 	-1.36615 	0.00740251 	
4.375	0.389311 	-0.176493 	0.0757887 	-0.0173062 	-1.36659 	0.00743559 	
4.38	0.389294 	-0.176492 	0.0757907 	-0.0173439 	-1.36705 	0.00747396 	
4.385	0.389273 	-0.176492 	0.07579 	-0.0173867 	-1.36752 	0.00751473 	
4.39	0.38925 	-0.176492 	0.0757872 	-0.0173934 	-1.36801 	0.00752491 	
4.395	0.389224 	-0.176491 	0.0757823 	-0.0173929 	-1.36851 	0.00753072 	
4.4	0.389196 	-0.17649 	0.0757758 	-0.0173921 	-1.36903 	0.00753776 	
4.405	0.389167 	-0.17649 	0.0757677 	-0.0173921 	-1.36956 	0.00754688 	
4.41	0.389136 	-0.176489 	0.0757587 	-0.0174048 	-1.3701 	0.00756173 	
4.415	0.389103 	-0.176488 	0.0757486 	-0.01742 	-1.37066 	0.00757733 	
4.42	0.38907 	-0.176487 	0.0757375 	-0.0174611 	-1.37122 	0.00760839 	
4.425	0.389035 	-0.176486 	0.0757257 	-0.0174792 	-1.3718 	0.00762346 	
4.43	0.388999 	-0.176485 	0.0757131 	-0.0174707 	-1.37239 	0.00761599 	
4.435	0.388962 	-0.176484 	0.0756997 	-0.0174466 	-1.37298 	0.00759423 	
4.44	0.388924 	-0.176483 	0.0756859 	-0.0174223 	-1.37358 	0.00757238 	
4.445	0.388886 	-0.176482 	0.0756716 	-0.0174674 	-1.37419 	0.00761683 	
4.45	0.388847 	-0.17648 	0.0756569 	-0.0175342 	-1.3748 	0.00768144 	
4.455	0.388808 	-0.176479 	0.0756421 	-0.0175648 	-1.37542 	0.00771128 	
4.46	0.388768 	-0.176477 	0.0756271 	-0.0175843 	-1.37605 	0.00773111 	
4.465	0.388728 	-0.176476 	0.0756118 	-0.0176332 	-1.37667 	0.00777101 	
4.47	0.388688 	-0.176474 	0.0755964 	-0.0176863 	-1.3773 	0.00783096 	
4.475	0.388648 	-0.176472 	0.0755809 	-0.0177891 	-1.37794 	0.00794713 	
4.48	0.388607 	-0.17647 	0.0755654 	-0.0179349 	-1.37857 	0.0081105 	
4.485	0.388571 	-0.176468 	0.075554 	-0.0180856 	-1.37918 	0.00827186 	
4.49	0.388555 	-0.17647 	0.0755637 	-0.0182426 	-1.37973 	0.00841727 	
4.495	0.388534 	-0.176476 	0.0755711 	-0.0183724 	-1.38028 	0.00853171 	
4.5	0.388514 	-0.176477 	0.0755753 	-0.0184629 	-1.38081 	0.00862429 	
4.505	0.388493 	-0.176478 	0.0755772 	-0.0185059 	-1.38135 	0.0086657 	
4.51	0.38847 	-0.176478 	0.0755765 	-0.0185413 	-1.38187 	0.00868999 	
4.515	0.388444 	-0.176477 	0.0755733 	-0.0185735 	-1.38241 	0.00871223 	
4.52	0.388417 	-0.176477 	0.0755682 	-0.0186044 	-1.38295 	0.00873695 	
4.525	0.388388 	-0.176476 	0.0755612 	-0.0186346 	-1.38349 	0.00876422 	
4.53	0.388357 	-0.176475 	0.0755528 	-0.0186645 	-1.38404 	0.00879384 	
4.535	0.388326 	-0.176474 	0.0755434 	-0.0186991 	-1.38461 	0.00883088 	
4.54	0.388293 	-0.176473 	0.0755334 	-0.018751 	-1.38517 	0.00888438 	
4.545	0.38826 	-0.176472 	0.0755229 	-0.0188248 	-1.38575 	0.00895799 	
4.55	0.388226 	-0.17647 	0.075512 	-0.0189215 	-1.38633 	0.00905225 	
4.555	0.38819 	-0.176467 	0.0754999 	-0.019166 	-1.38691 	0.00932227 	
4.56	0.388155 	-0.176468 	0.0754883 	-0.0193508 	-1.3875 	0.00951707 	
4.565	0.388119 	-0.176468 	0.0754768 	-0.0194683 	-1.38809 	0.00963748 	
4.57	0.388083 	-0.176468 	0.075465 	-0.0195555 	-1.38869 	0.00972561 	
4.575	0.388045 	-0.176469 	0.0754523 	-0.019554 	-1.3893 	0.00971982 	
4.58	0.388008 	-0.176469 	0.0754393 	-0.0195979 	-1.38991 	0.00976476 	
4.585	0.38797 	-0.17647 	0.0754259 	-0.019565 	-1.39052 	0.00972603 	
4.59	0.387933 	-0.17647 	0.0754123 	-0.0194891 	-1.39114 	0.00959441 	
4.595	0.387896 	-0.17647 	0.0753989 	-0.0194633 	-1.39175 	0.00948454 	
4.6	0.387859 	-0.17647 	0.0753855 	-0.0194294 	-1.39237 	0.00935691 	
4.605	0.387823 	-0.17647 	0.0753719 	-0.0193775 	-1.39299 	0.00920539 	
4.61	0.387788 	-0.17647 	0.0753598 	-0.0193082 	-1.3936 	0.00904239 	
4.615	0.387754 	-0.176471 	0.0753493 	-0.0192537 	-1.3942 	0.00889538 	
4.62	0.387732 	-0.176472 	0.0753539 	-0.0192213 	-1.3948 	0.00875381 	
4.625	0.38771 	-0.176474 	0.0753582 	-0.0191527 	-1.39539 	0.00859455 	
4.63	0.387689 	-0.176474 	0.0753606 	-0.0191191 	-1.39595 	0.0084777 	
4.635	0.387704 	-0.176478 	0.0753986 	-0.0190719 	-1.39633 	0.00839827 	
4.64	0.38771 	-0.176493 	0.0754317 	-0.019008 	-1.39671 	0.00826714 	
4.645	0.387716 	-0.176496 	0.0754579 	-0.01902 	-1.39708 	0.00827174 	
4.65	0.387717 	-0.176498 	0.0754781 	-0.0190398 	-1.39743 	0.00828506 	
4.655	0.387714 	-0.176499 	0.0754928 	-0.0190633 	-1.39779 	0.00830811 	
4.66	0.387707 	-0.176498 	0.0755025 	-0.0191406 	-1.39817 	0.008401 	
4.665	0.387695 	-0.176499 	0.0755078 	-0.0191117 	-1.39857 	0.00837596 	
4.67	0.38768 	-0.176498 	0.0755093 	-0.0191268 	-1.39898 	0.00840543 	
4.675	0.387661 	-0.176497 	0.0755075 	-0.0191297 	-1.39942 	0.00841602 	
4.68	0.387638 	-0.176496 	0.075503 	-0.0191396 	-1.39987 	0.00844364 	
4.685	0.387613 	-0.176494 	0.0754963 	-0.019185 	-1.40035 	0.00850646 	
4.69	0.387586 	-0.176492 	0.0754878 	-0.0192882 	-1.40085 	0.00863644 	
4.695	0.387556 	-0.176489 	0.0754777 	-0.019432 	-1.40136 	0.00880723 	
4.7	0.387525 	-0.176488 	0.0754661 	-0.0194189 	-1.4019 	0.00881184 	
4.705	0.387492 	-0.176486 	0.0754536 	-0.0193754 	-1.40245 	0.00878563 	
4.71	0.387457 	-0.176485 	0.0754402 	-0.0193392 	-1.40301 	0.00876604 	
4.715	0.387421 	-0.176484 	0.0754263 	-0.0192577 	-1.40359 	0.00869497 	
4.72	0.387385 	-0.176483 	0.0754116 	-0.0191933 	-1.40418 	0.00863783 	
4.725	0.387347 	-0.176479 	0.0753959 	-0.0193124 	-1.40478 	0.00878926 	
4.73	0.387308 	-0.176477 	0.0753804 	-0.019342 	-1.40539 	0.0088286 	
4.735	0.387269 	-0.176474 	0.0753644 	-0.0194178 	-1.40601 	0.00890918 	
4.74	0.387229 	-0.176471 	0.0753481 	-0.0195366 	-1.40663 	0.00905119 	
4.745	0.387188 	-0.17647 	0.0753309 	-0.0194109 	-1.40726 	0.00891876 	
4.75	0.387148 	-0.176468 	0.0753129 	-0.0193572 	-1.40789 	0.00885438 	
4.755	0.387106 	-0.176467 	0.0752941 	-0.0192738 	-1.40853 	0.00875071 	
4.76	0.387064 	-0.176467 	0.0752751 	-0.0190468 	-1.40918 	0.00851663 	
4.765	0.387022 	-0.176466 	0.075256 	-0.0188809 	-1.40983 	0.00834125 	
4.77	0.38698 	-0.176465 	0.075237 	-0.0188906 	-1.41049 	0.00834462 	
4.775	0.386937 	-0.176463 	0.0752178 	-0.0189079 	-1.41114 	0.00836479 	
4.78	0.386893 	-0.176461 	0.0751982 	-0.01894 	-1.41181 	0.00839071 	
4.785	0.386849 	-0.176459 	0.0751783 	-0.0189751 	-1.41247 	0.00841998 	
4.79	0.386804 	-0.176457 	0.0751581 	-0.0190119 	-1.41314 	0.00845122 	
4.795	0.386759 	-0.176454 	0.0751376 	-0.0190501 	-1.41381 	0.00848396 	
4.8	0.386721 	-0.176452 	0.0751218 	-0.0190497 	-1.41444 	0.0084176 	
4.805	0.386718 	-0.176457 	0.0751408 	-0.019065 	-1.41487 	0.00838837 	
4.81	0.386706 	-0.176472 	0.075156 	-0.0190562 	-1.41532 	0.00832117 	
4.815	0.386695 	-0.176475 	0.0751666 	-0.0190626 	-1.41577 	0.00830911 	
4.82	0.386681 	-0.176477 	0.0751729 	-0.0190688 	-1.41623 	0.00830273 	
4.825	0.386664 	-0.176477 	0.0751754 	-0.0190861 	-1.41669 	0.00830603 	
4.83	0.386644 	-0.176477 	0.0751746 	-0.0191037 	-1.41718 	0.00831241 	
4.835	0.386621 	-0.176476 	0.0751711 	-0.0190542 	-1.41767 	0.00825277 	
4.84	0.386596 	-0.176476 	0.0751652 	-0.0190031 	-1.41819 	0.00819587 	
4.845	0.386568 	-0.176474 	0.0751575 	-0.0189901 	-1.41871 	0.00817753 	
4.85	0.386537 	-0.176474 	0.0751475 	-0.0189074 	-1.41926 	0.00809502 	
4.855	0.386505 	-0.176473 	0.0751355 	-0.0188013 	-1.41982 	0.00799162 	
4.86	0.386471 	-0.176472 	0.0751224 	-0.0187562 	-1.4204 	0.00794977 	
4.865	0.386435 	-0.176471 	0.075108 	-0.0187268 	-1.42099 	0.00792311 	
4.87	0.386397 	-0.17647 	0.0750925 	-0.0187004 	-1.42159 	0.00789979 	
4.875	0.386359 	-0.176469 	0.0750762 	-0.0186741 	-1.4222 	0.00787672 	
4.88	0.386319 	-0.176467 	0.075059 	-0.0186472 	-1.42282 	0.00785314 	
4.885	0.386278 	-0.176466 	0.0750409 	-0.0186485 	-1.42346 	0.00786048 	
4.89	0.386237 	-0.176464 	0.0750221 	-0.0186579 	-1.4241 	0.00787688 	
4.895	0.386194 	-0.176463 	0.0750027 	-0.0186715 	-1.42475 	0.00789849 	
4.9	0.386152 	-0.176462 	0.0749831 	-0.0186748 	-1.4254 	0.00797496 	
4.905	0.386136 	-0.176463 	0.0749898 	-0.0187042 	-1.42592 	0.00801201 	
4.91	0.386114 	-0.176473 	0.0749938 	-0.0187034 	-1.42645 	0.00798519 	
4.915	0.386092 	-0.176474 	0.0749944 	-0.0187153 	-1.42698 	0.00799376 	
4.92	0.386068 	-0.176475 	0.0749919 	-0.0187298 	-1.42751 	0.00800889 	
4.925	0.386042 	-0.176474 	0.0749866 	-0.0187444 	-1.42805 	0.00802614 	
4.93	0.386013 	-0.176474 	0.0749788 	-0.0187586 	-1.4286 	0.00804418 	
4.935	0.385982 	-0.176473 	0.0749688 	-0.0187724 	-1.42917 	0.00806257 	
4.94	0.385949 	-0.176471 	0.0749569 	-0.0188233 	-1.42974 	0.00812779 	
4.945	0.385914 	-0.17647 	0.0749434 	-0.0188461 	-1.43033 	0.00815836 	
4.95	0.385878 	-0.176469 	0.0749286 	-0.0188618 	-1.43092 	0.0081809 	
4.955	0.38584 	-0.176467 	0.0749124 	-0.0188757 	-1.43154 	0.00820153 	
4.96	0.385827 	-0.176468 	0.0749217 	-0.0188521 	-1.43204 	0.00817823 	
4.965	0.385808 	-0.176476 	0.0749278 	-0.0188653 	-1.43255 	0.00817322 	
4.97	0.385799 	-0.176478 	0.074943 	-0.0190678 	-1.43307 	0.00836475 	
4.975	0.385805 	-0.176482 	0.0749731 	-0.0192516 	-1.4335 	0.0085289 	
4.98	0.385805 	-0.176489 	0.0749964 	-0.0193408 	-1.43391 	0.00852803 	
4.985	0.385805 	-0.176492 	0.0750145 	-0.0193927 	-1.43427 	0.00856976 	
4.99	0.385801 	-0.176496 	0.0750274 	-0.0194935 	-1.43464 	0.00868787 	
4.995	0.385797 	-0.176498 	0.0750408 	-0.0195545 	-1.43501 	0.008753 	
5	0.38579 	-0.176502 	0.0750533 	-0.0194118 	-1.4354 	0.0085862 	
5.005	0.38578 	-0.176506 	0.0750603 	-0.0190049 	-1.4358 	0.00813721 	
5.01	0.385766 	-0.176509 	0.0750636 	-0.0185734 	-1.43622 	0.00766711 	
5.015	0.385749 	-0.176512 	0.0750641 	-0.0182492 	-1.43666 	0.00731474 	
5.02	0.385729 	-0.176513 	0.0750626 	-0.0182494 	-1.43711 	0.00730926 	
5.025	0.385706 	-0.176514 	0.0750585 	-0.018239 	-1.43758 	0.00728959 	
5.03	0.385679 	-0.176518 	0.0750513 	-0.0179236 	-1.43808 	0.00698731 	
5.035	0.385651 	-0.17652 	0.0750422 	-0.0177131 	-1.4386 	0.00680282 	
5.04	0.38562 	-0.176521 	0.0750314 	-0.0175677 	-1.43913 	0.00668458 	
5.045	0.385588 	-0.176523 	0.0750186 	-0.0173994 	-1.43968 	0.00654912 	
5.05	0.385552 	-0.176524 	0.0750044 	-0.0172492 	-1.44025 	0.00637732 	
5.055	0.385515 	-0.176526 	0.0749864 	-0.0169984 	-1.44082 	0.00613295 	
5.06	0.385476 	-0.176531 	0.0749669 	-0.0162416 	-1.44142 	0.00536506 	
5.065	0.385437 	-0.176536 	0.074946 	-0.0153347 	-1.44204 	0.00448138 	
5.07	0.385395 	-0.176541 	0.0749244 	-0.014461 	-1.44267 	0.00363777 	
5.075	0.385354 	-0.176541 	0.0749047 	-0.0140898 	-1.4433 	0.00330546 	
5.08	0.385311 	-0.176542 	0.0748845 	-0.01381 	-1.44395 	0.00304655 	
5.085	0.385267 	-0.176541 	0.0748635 	-0.0136051 	-1.44461 	0.00286323 	
5.09	0.385221 	-0.176548 	0.0748371 	-0.0129236 	-1.44527 	0.00219231 	
5.095	0.385175 	-0.176548 	0.0748132 	-0.0127983 	-1.44593 	0.00210138 	
5.1	0.385174 	-0.176554 	0.0748377 	-0.0126933 	-1.44643 	0.00196185 	
5.105	0.385162 	-0.176571 	0.0748423 	-0.0117264 	-1.44689 	0.00090207 	
5.11	0.38515 	-0.176576 	0.0748451 	-0.0108894 	-1.44734 	6.3891e-05 	
5.115	0.385135 	-0.176573 	0.0748456 	-0.0106455 	-1.44778 	-0.000156909 	
5.12	0.385116 	-0.176571 	0.0748414 	-0.0103242 	-1.44824 	-0.000460756 	
5.125	0.385094 	-0.176568 	0.0748335 	-0.00995302 	-1.44871 	-0.000811666 	
5.13	0.385069 	-0.176566 	0.0748227 	-0.00938013 	-1.44921 	-0.00136193 	
5.135	0.385041 	-0.176563 	0.0748095 	-0.00889653 	-1.44972 	-0.00182096 	
5.14	0.38501 	-0.176562 	0.0747941 	-0.00832494 	-1.45025 	-0.0023763 	
5.145	0.384976 	-0.176561 	0.074777 	-0.0076803 	-1.45081 	-0.00300579 	
5.15	0.38494 	-0.17656 	0.0747584 	-0.00700721 	-1.45138 	-0.00368829 	
5.155	0.384902 	-0.176559 	0.074739 	-0.00652734 	-1.45196 	-0.00414766 	
5.16	0.384863 	-0.176555 	0.074719 	-0.0063898 	-1.45257 	-0.00426531 	
5.165	0.384821 	-0.176552 	0.074698 	-0.00626846 	-1.45318 	-0.0044031 	
5.17	0.38478 	-0.176548 	0.0746765 	-0.00615664 	-1.45381 	-0.0045191 	
5.175	0.384735 	-0.176549 	0.0746531 	-0.00554735 	-1.45446 	-0.00515033 	
5.18	0.38469 	-0.176557 	0.074624 	-0.00403644 	-1.45511 	-0.00669728 	
5.185	0.384653 	-0.176557 	0.0746072 	-0.00353029 	-1.45578 	-0.00719758 	
5.19	0.384643 	-0.176564 	0.0746228 	-0.00357283 	-1.45631 	-0.00717381 	
5.195	0.384626 	-0.176581 	0.0746331 	-0.00302882 	-1.45684 	-0.00775622 	
5.2	0.38461 	-0.176584 	0.0746392 	-0.00270031 	-1.45736 	-0.00810309 	
5.205	0.384591 	-0.176585 	0.0746423 	-0.00255153 	-1.45786 	-0.00832974 	
5.21	0.384569 	-0.176584 	0.0746426 	-0.00240326 	-1.45834 	-0.0085869 	
5.215	0.384546 	-0.176583 	0.07464 	-0.00216029 	-1.45884 	-0.00890504 	
5.22	0.384521 	-0.176583 	0.0746348 	-0.00189985 	-1.45934 	-0.00925276 	
5.225	0.384493 	-0.176582 	0.0746273 	-0.00160769 	-1.45984 	-0.00963946 	
5.23	0.384463 	-0.176582 	0.0746178 	-0.00128023 	-1.46035 	-0.0100622 	
5.235	0.384432 	-0.176583 	0.0746066 	-0.000923007 	-1.46088 	-0.0105157 	
5.24	0.384399 	-0.176583 	0.074594 	-0.000538034 	-1.46141 	-0.0109975 	
5.245	0.384368 	-0.176582 	0.0745814 	-0.000491257 	-1.46191 	-0.011118 	
5.25	0.384375 	-0.176587 	0.0746089 	-0.000558077 	-1.46225 	-0.0110925 	
5.255	0.384373 	-0.176603 	0.0746318 	-0.000351254 	-1.46261 	-0.0113917 	
5.26	0.384371 	-0.176609 	0.0746484 	0.000115401 	-1.46298 	-0.011876 	
5.265	0.384366 	-0.176611 	0.074659 	0.000421506 	-1.46337 	-0.0121732 	
5.27	0.384354 	-0.176619 	0.0746624 	0.00147201 	-1.46379 	-0.0131962 	
5.275	0.384339 	-0.176629 	0.0746608 	0.00302627 	-1.46423 	-0.0147001 	
5.28	0.384319 	-0.17664 	0.0746537 	0.00489763 	-1.46469 	-0.0165239 	
5.285	0.384294 	-0.176652 	0.0746424 	0.00696628 	-1.46518 	-0.0185526 	
5.29	0.384267 	-0.176657 	0.0746306 	0.00823265 	-1.4657 	-0.0197886 	
5.295	0.384234 	-0.176669 	0.074614 	0.0101508 	-1.46623 	-0.0216876 	
5.3	0.384199 	-0.176683 	0.0745938 	0.0126515 	-1.4668 	-0.0241679 	
5.305	0.384162 	-0.176701 	0.0745704 	0.0156817 	-1.46738 	-0.027184 	
5.31	0.384122 	-0.176718 	0.0745472 	0.0186929 	-1.46799 	-0.0301867 	
5.315	0.38408 	-0.176735 	0.0745228 	0.0216786 	-1.46862 	-0.0331752 	
5.32	0.384037 	-0.176743 	0.0744989 	0.0236173 	-1.46926 	-0.0350978 	
5.325	0.383991 	-0.176749 	0.0744742 	0.0248497 	-1.46991 	-0.0363171 	
5.33	0.383944 	-0.176752 	0.0744487 	0.0257363 	-1.47057 	-0.0371945 	
5.335	0.383896 	-0.176753 	0.0744229 	0.026193 	-1.47124 	-0.0376266 	
5.34	0.383847 	-0.17675 	0.0743982 	0.0266068 	-1.47188 	-0.0381734 	
5.345	0.383809 	-0.176742 	0.0743857 	0.0254548 	-1.47248 	-0.0370308 	
5.35	0.383818 	-0.176756 	0.0744246 	0.0245707 	-1.4729 	-0.036173 	
5.355	0.383819 	-0.176782 	0.0744544 	0.0245925 	-1.4733 	-0.0362473 	
5.36	0.38382 	-0.176798 	0.0744756 	0.025193 	-1.4737 	-0.0368638 	
5.365	0.383818 	-0.176807 	0.0744909 	0.0255388 	-1.47409 	-0.0372084 	
5.37	0.383812 	-0.176814 	0.0745017 	0.025963 	-1.47449 	-0.0376397 	
5.375	0.38383 	-0.176821 	0.0745375 	0.0260548 	-1.47478 	-0.0377435 	
5.38	0.383848 	-0.176835 	0.0745763 	0.026089 	-1.47503 	-0.0378066 	
5.385	0.383861 	-0.176845 	0.0746068 	0.0264209 	-1.47529 	-0.0381567 	
5.39	0.38387 	-0.176849 	0.0746298 	0.0267777 	-1.47556 	-0.0385183 	
5.395	0.383872 	-0.17685 	0.0746459 	0.027147 	-1.47586 	-0.0388964 	
5.4	0.383869 	-0.176849 	0.0746562 	0.0271983 	-1.47617 	-0.0389414 	
5.405	0.383861 	-0.176846 	0.0746606 	0.0270407 	-1.47652 	-0.0387846 	
5.41	0.383847 	-0.176841 	0.0746596 	0.0265967 	-1.47691 	-0.0383391 	
5.415	0.383832 	-0.176836 	0.0746598 	0.0266724 	-1.47728 	-0.0384642 	
5.42	0.383816 	-0.17683 	0.0746613 	0.0262087 	-1.47769 	-0.0380475 	
5.425	0.383796 	-0.176825 	0.0746576 	0.025704 	-1.47814 	-0.0375935 	
5.43	0.383772 	-0.176819 	0.0746499 	0.0252023 	-1.47861 	-0.0371427 	
5.435	0.383745 	-0.176812 	0.0746388 	0.0247445 	-1.47911 	-0.0367371 	
5.44	0.383713 	-0.176807 	0.074627 	0.0249498 	-1.47962 	-0.0370454 	
5.445	0.383681 	-0.176799 	0.0746153 	0.0251383 	-1.48014 	-0.0373424 	
5.45	0.383647 	-0.176791 	0.0746034 	0.0251891 	-1.48067 	-0.0375098 	
5.455	0.383631 	-0.176786 	0.0746101 	0.0252569 	-1.48115 	-0.0376562 	
5.46	0.383611 	-0.176785 	0.0746148 	0.025299 	-1.48164 	-0.0377994 	
5.465	0.383597 	-0.176781 	0.0746253 	0.0255715 	-1.48214 	-0.0381593 	
5.47	0.383582 	-0.176777 	0.0746325 	0.025959 	-1.48264 	-0.0386089 	
5.475	0.383565 	-0.176774 	0.0746364 	0.0264371 	-1.48313 	-0.039144 	
5.48	0.383545 	-0.17677 	0.0746366 	0.027022 	-1.48362 	-0.0398099 	
5.485	0.383522 	-0.176765 	0.0746337 	0.0277317 	-1.4841 	-0.0406697 	
5.49	0.383498 	-0.176761 	0.074629 	0.0285484 	-1.4846 	-0.0415616 	
5.495	0.383472 	-0.176757 	0.0746216 	0.0293784 	-1.48511 	-0.0424339 	
5.5	0.383444 	-0.176754 	0.0746128 	0.0302154 	-1.48564 	-0.0433097 	
5.505	0.383416 	-0.176751 	0.0746029 	0.0310617 	-1.48617 	-0.0442017 	
5.51	0.383386 	-0.176748 	0.074592 	0.0319264 	-1.4867 	-0.0451212 	
5.515	0.383367 	-0.176735 	0.074597 	0.0317748 	-1.48721 	-0.0450572 	
5.52	0.383348 	-0.176731 	0.0746031 	0.032411 	-1.48772 	-0.0458083 	
5.525	0.383329 	-0.176722 	0.0746035 	0.0327499 	-1.48824 	-0.0461543 	
5.53	0.383307 	-0.176716 	0.0746009 	0.033168 	-1.48876 	-0.0465695 	
5.535	0.383282 	-0.176711 	0.0745947 	0.0337528 	-1.48929 	-0.0471544 	
5.54	0.383262 	-0.176708 	0.0745933 	0.0344211 	-1.48978 	-0.0478716 	
5.545	0.383245 	-0.176707 	0.0745968 	0.0350675 	-1.49024 	-0.0485811 	
5.55	0.383225 	-0.176709 	0.0745958 	0.0360616 	-1.49072 	-0.0496163 	
5.555	0.383204 	-0.176711 	0.0745922 	0.0372259 	-1.49119 	-0.0508223 	
5.56	0.38318 	-0.176714 	0.0745849 	0.0385091 	-1.49167 	-0.0521778 	
5.565	0.383154 	-0.176718 	0.0745761 	0.0399168 	-1.49216 	-0.0536403 	
5.57	0.383127 	-0.176722 	0.0745664 	0.0414075 	-1.49267 	-0.0551808 	
5.575	0.383172 	-0.176725 	0.0746587 	0.0421432 	-1.49335 	-0.0559683 	
5.58	0.383228 	-0.176732 	0.074757 	0.0425671 	-1.49383 	-0.0564279 	
5.585	0.383282 	-0.176736 	0.0748423 	0.0427849 	-1.49416 	-0.0566611 	
5.59	0.383331 	-0.176736 	0.0749136 	0.0428995 	-1.49439 	-0.0567799 	
5.595	0.383372 	-0.176734 	0.0749719 	0.0430612 	-1.49456 	-0.0569421 	
5.6	0.383405 	-0.176732 	0.0750186 	0.043379 	-1.49473 	-0.0572569 	
5.605	0.383429 	-0.17673 	0.0750543 	0.0439596 	-1.49492 	-0.0578269 	
5.61	0.383445 	-0.176727 	0.0750812 	0.0443149 	-1.49513 	-0.0581942 	
5.615	0.383454 	-0.176722 	0.0751012 	0.0442643 	-1.49537 	-0.0581282 	
5.62	0.383457 	-0.176717 	0.0751159 	0.0442277 	-1.49565 	-0.0580718 	
5.625	0.383454 	-0.176709 	0.0751252 	0.0438919 	-1.49595 	-0.0577143 	
5.63	0.383447 	-0.176703 	0.0751312 	0.0437934 	-1.4963 	-0.0576053 	
5.635	0.383435 	-0.176694 	0.0751327 	0.0435398 	-1.49668 	-0.0573328 	
5.64	0.383438 	-0.176691 	0.07515 	0.0436967 	-1.49698 	-0.057467 	
5.645	0.383438 	-0.176695 	0.0751672 	0.0441696 	-1.49728 	-0.0579007 	
5.65	0.38345 	-0.176695 	0.0751969 	0.0444353 	-1.49758 	-0.0581615 	
5.655	0.383456 	-0.176696 	0.0752205 	0.0443537 	-1.49789 	-0.0580708 	
5.66	0.383476 	-0.176695 	0.0752542 	0.0443835 	-1.4981 	-0.058097 	
5.665	0.383487 	-0.176698 	0.0752799 	0.044525 	-1.49832 	-0.0582549 	
5.67	0.383495 	-0.176696 	0.0752967 	0.0447269 	-1.49859 	-0.0585008 	
5.675	0.383498 	-0.17669 	0.0753067 	0.0448666 	-1.4989 	-0.0587052 	
5.68	0.383494 	-0.176684 	0.0753138 	0.0448131 	-1.49922 	-0.0587085 	
5.685	0.383485 	-0.176675 	0.0753161 	0.0445527 	-1.49957 	-0.058514 	
5.69	0.38347 	-0.176664 	0.0753138 	0.0442409 	-1.49997 	-0.0582722 	
5.695	0.38345 	-0.176653 	0.0753078 	0.0439619 	-1.5004 	-0.0580576 	
5.7	0.383426 	-0.176642 	0.0752986 	0.0436547 	-1.50087 	-0.057806 	
5.705	0.383399 	-0.176628 	0.0752855 	0.0424712 	-1.50136 	-0.0566607 	
5.71	0.383368 	-0.176614 	0.07527 	0.0411731 	-1.50187 	-0.0553873 	
5.715	0.383349 	-0.176605 	0.0752714 	0.0406449 	-1.5024 	-0.0549032 	
5.72	0.383328 	-0.176596 	0.0752703 	0.0399345 	-1.50294 	-0.0542672 	
5.725	0.383305 	-0.176586 	0.0752662 	0.0391159 	-1.50348 	-0.0535346 	
5.73	0.383279 	-0.176576 	0.0752592 	0.0383903 	-1.50403 	-0.0528812 	
5.735	0.38325 	-0.176567 	0.075249 	0.0377416 	-1.50459 	-0.0522949 	
5.74	0.383219 	-0.176557 	0.0752364 	0.0372432 	-1.50516 	-0.0518544 	
5.745	0.383186 	-0.176546 	0.0752217 	0.0366865 	-1.50575 	-0.051345 	
5.75	0.38315 	-0.176534 	0.0752052 	0.0359921 	-1.50635 	-0.0506865 	
5.755	0.383113 	-0.176522 	0.0751872 	0.0351231 	-1.50696 	-0.0498414 	
5.76	0.3831 	-0.176514 	0.0751941 	0.0345247 	-1.50746 	-0.0493176 	
5.765	0.383082 	-0.176512 	0.0751975 	0.0340368 	-1.50796 	-0.0489171 	
5.77	0.383074 	-0.176507 	0.0752073 	0.0341002 	-1.50837 	-0.0490157 	
5.775	0.383063 	-0.1765 	0.0752108 	0.0332143 	-1.50881 	-0.0481894 	
5.78	0.383047 	-0.176491 	0.0752093 	0.0318161 	-1.50926 	-0.0468154 	
5.785	0.383027 	-0.176481 	0.0752035 	0.030707 	-1.50973 	-0.0457182 	
5.79	0.383004 	-0.17647 	0.0751942 	0.0295651 	-1.51023 	-0.0445814 	
5.795	0.382977 	-0.176455 	0.0751819 	0.0276456 	-1.51075 	-0.0426515 	
5.8	0.382947 	-0.176442 	0.0751667 	0.0258996 	-1.5113 	-0.0408878 	
5.805	0.382916 	-0.176422 	0.0751469 	0.0233488 	-1.51187 	-0.0383716 	
5.81	0.382884 	-0.176398 	0.0751213 	0.0196459 	-1.51246 	-0.0347729 	
5.815	0.382849 	-0.176375 	0.0750953 	0.016798 	-1.5131 	-0.0320426 	
5.82	0.382819 	-0.176357 	0.0750733 	0.0153278 	-1.51357 	-0.0306087 	
5.825	0.382818 	-0.176348 	0.0750892 	0.014013 	-1.51397 	-0.0293385 	
5.83	0.382814 	-0.176343 	0.0750984 	0.0122152 	-1.51442 	-0.0276272 	
5.835	0.382808 	-0.176322 	0.0750986 	0.00819145 	-1.51487 	-0.0236961 	
5.84	0.382797 	-0.176293 	0.0750908 	0.0022098 	-1.51532 	-0.0178297 	
5.845	0.382778 	-0.176271 	0.075088 	0.00041768 	-1.5158 	-0.0160205 	
5.85	0.38276 	-0.176238 	0.0750792 	-0.00267405 	-1.51629 	-0.0128582 	
5.855	0.382735 	-0.176213 	0.0750665 	-0.00621112 	-1.5168 	-0.00926416 	
5.86	0.382706 	-0.176192 	0.0750519 	-0.0085011 	-1.51734 	-0.00691997 	
5.865	0.382677 	-0.176173 	0.0750372 	-0.00957351 	-1.51789 	-0.00579417 	
5.87	0.382645 	-0.176156 	0.075022 	-0.0104308 	-1.51847 	-0.00489493 	
5.875	0.382613 	-0.176138 	0.0750062 	-0.0117597 	-1.51905 	-0.00352802 	
5.88	0.382578 	-0.176126 	0.0749893 	-0.012292 	-1.51965 	-0.00296635 	
5.885	0.382543 	-0.176115 	0.0749722 	-0.01247 	-1.52026 	-0.00275662 	
5.89	0.382508 	-0.176104 	0.0749555 	-0.0127766 	-1.52087 	-0.00242235 	
5.895	0.382471 	-0.176095 	0.0749368 	-0.0122446 	-1.5215 	-0.00292868 	
5.9	0.382434 	-0.176087 	0.0749172 	-0.0112837 	-1.52213 	-0.00386325 	
5.905	0.382396 	-0.176079 	0.0748976 	-0.0107338 	-1.52277 	-0.00438583 	
5.91	0.382358 	-0.176073 	0.0748784 	-0.0100762 	-1.52342 	-0.00501657 	
5.915	0.38232 	-0.176066 	0.0748596 	-0.00931019 	-1.52407 	-0.00575561 	
5.92	0.382329 	-0.176064 	0.0748867 	-0.0090617 	-1.52444 	-0.00599319 	
5.925	0.382326 	-0.176076 	0.0749071 	-0.00853728 	-1.52485 	-0.00655187 	
5.93	0.382324 	-0.176073 	0.0749209 	-0.00856994 	-1.52527 	-0.00652473 	
5.935	0.382317 	-0.176069 	0.0749285 	-0.00873338 	-1.52569 	-0.00635498 	
5.94	0.382307 	-0.176064 	0.0749331 	-0.00835004 	-1.52614 	-0.00672246 	
5.945	0.382293 	-0.176057 	0.074936 	-0.00858431 	-1.52659 	-0.00647596 	
5.95	0.382276 	-0.176054 	0.0749369 	-0.00981577 	-1.52707 	-0.00526096 	
5.955	0.382256 	-0.176048 	0.0749329 	-0.011861 	-1.52756 	-0.00324641 	
5.96	0.382231 	-0.176042 	0.0749251 	-0.0141297 	-1.52807 	-0.00100791 	
5.965	0.382204 	-0.176038 	0.0749173 	-0.0149509 	-1.5286 	-0.000190073 	
5.97	0.382175 	-0.176033 	0.0749084 	-0.0154446 	-1.52916 	0.000313442 	
5.975	0.382145 	-0.176027 	0.0748984 	-0.0159048 	-1.52972 	0.0007841 	
5.98	0.382112 	-0.176022 	0.0748874 	-0.0163852 	-1.5303 	0.00127544 	
5.985	0.382079 	-0.176016 	0.0748756 	-0.0169952 	-1.53089 	0.00189669 	
5.99	0.382044 	-0.176011 	0.0748616 	-0.0167224 	-1.5315 	0.00163479 	
5.995	0.382009 	-0.176004 	0.074846 	-0.0170964 	-1.53211 	0.00202412 	
6	0.381974 	-0.175998 	0.0748298 	-0.0176567 	-1.53273 	0.00259854 	
6.005	0.381937 	-0.175991 	0.0748139 	-0.0181953 	-1.53335 	0.00315124 	
6.01	0.3819 	-0.175985 	0.074798 	-0.0187149 	-1.53398 	0.0036859 	
6.015	0.381863 	-0.175978 	0.0747824 	-0.0192161 	-1.53462 	0.00420214 	
6.02	0.381826 	-0.175972 	0.0747661 	-0.01911 	-1.53526 	0.0041097 	
6.025	0.381788 	-0.175967 	0.0747499 	-0.0188084 	-1.5359 	0.00382228 	
6.03	0.381751 	-0.17596 	0.0747333 	-0.019217 	-1.53654 	0.00424421 	
6.035	0.381713 	-0.175953 	0.0747171 	-0.0197967 	-1.53719 	0.00483512 	
6.04	0.381678 	-0.175947 	0.0747038 	-0.0203864 	-1.53782 	0.00545485 	
6.045	0.381645 	-0.175943 	0.074693 	-0.020892 	-1.53843 	0.0059966 	
6.05	0.381613 	-0.175938 	0.0746843 	-0.0213566 	-1.53903 	0.00650156 	
6.055	0.381583 	-0.175934 	0.0746758 	-0.0218676 	-1.53963 	0.0070389 	
6.06	0.381554 	-0.175929 	0.07467 	-0.0227023 	-1.54021 	0.00792451 	
6.065	0.381527 	-0.175925 	0.0746661 	-0.0236091 	-1.54077 	0.0088888 	
6.07	0.381502 	-0.175921 	0.0746637 	-0.0245413 	-1.54132 	0.00988139 	
6.075	0.381478 	-0.175917 	0.0746626 	-0.0255075 	-1.54186 	0.0109094 	
6.08	0.381458 	-0.175913 	0.0746636 	-0.0265921 	-1.54239 	0.012051 	
6.085	0.381436 	-0.175909 	0.074664 	-0.0279563 	-1.54292 	0.0134411 	
6.09	0.381414 	-0.175904 	0.0746623 	-0.029433 	-1.54345 	0.0149307 	
6.095	0.381389 	-0.175898 	0.0746587 	-0.030807 	-1.54399 	0.0163153 	
6.1	0.381364 	-0.175892 	0.0746539 	-0.0321572 	-1.54453 	0.0176777 	
6.105	0.381338 	-0.175886 	0.0746479 	-0.0335046 	-1.54508 	0.0190359 	
6.11	0.38131 	-0.17588 	0.0746409 	-0.0348401 	-1.54564 	0.0203831 	
6.115	0.381282 	-0.175874 	0.0746333 	-0.0361469 	-1.54621 	0.0217022 	
6.12	0.381252 	-0.175868 	0.0746253 	-0.0374593 	-1.54678 	0.0230278 	
6.125	0.381222 	-0.175862 	0.0746165 	-0.0389381 	-1.54736 	0.0245193 	
6.13	0.381191 	-0.175856 	0.0746071 	-0.0404115 	-1.54795 	0.0260054 	
6.135	0.38116 	-0.175849 	0.0745973 	-0.0418236 	-1.54855 	0.0274305 	
6.14	0.381128 	-0.175844 	0.074587 	-0.0427495 	-1.54914 	0.0283707 	
6.145	0.381068 	-0.175833 	0.0745276 	-0.0454812 	-1.54955 	0.0311273 	
6.15	0.380997 	-0.175824 	0.0744553 	-0.0463522 	-1.54995 	0.0320201 	
6.155	0.380963 	-0.175818 	0.0744121 	-0.0464028 	-1.55004 	0.03209 	
6.16	0.38092 	-0.175825 	0.0743705 	-0.0480033 	-1.55016 	0.0336676 	
6.165	0.380881 	-0.175822 	0.0743306 	-0.0503381 	-1.55031 	0.0360037 	
6.17	0.380855 	-0.17582 	0.0742956 	-0.0506896 	-1.55027 	0.03636 	
6.175	0.380828 	-0.175823 	0.0742634 	-0.0520317 	-1.55026 	0.0376896 	
6.18	0.380799 	-0.175822 	0.0742314 	-0.0533256 	-1.55029 	0.0389822 	
6.185	0.380773 	-0.175819 	0.0742015 	-0.0541185 	-1.55033 	0.0397798 	
6.19	0.380749 	-0.175817 	0.0741765 	-0.0543586 	-1.55037 	0.0400604 	
6.195	0.380725 	-0.175813 	0.0741502 	-0.0556311 	-1.55041 	0.0413527 	
6.2	0.380714 	-0.175812 	0.074136 	-0.0553205 	-1.55041 	0.0410495 	
6.205	0.380706 	-0.175813 	0.0741228 	-0.0550547 	-1.55036 	0.0407824 	
6.21	0.380698 	-0.175814 	0.0741099 	-0.054801 	-1.55029 	0.0405276 	
6.215	0.380692 	-0.175814 	0.0740972 	-0.0545468 	-1.55023 	0.0402745 	
6.22	0.380686 	-0.175813 	0.0740846 	-0.0542903 	-1.55016 	0.0400198 	
6.225	0.38068 	-0.175812 	0.0740718 	-0.0540176 	-1.55009 	0.0397496 	
6.23	0.380674 	-0.175812 	0.0740591 	-0.0537547 	-1.55002 	0.0394887 	
6.235	0.380668 	-0.175811 	0.0740465 	-0.0534942 	-1.54995 	0.0392298 	
6.24	0.380662 	-0.175811 	0.0740339 	-0.0532342 	-1.54988 	0.0389711 	
6.245	0.380656 	-0.175811 	0.0740214 	-0.0529731 	-1.54982 	0.0387111 	
6.25	0.38065 	-0.175811 	0.0740089 	-0.0527135 	-1.54975 	0.0384522 	
6.255	0.380645 	-0.17581 	0.0739965 	-0.0524546 	-1.54968 	0.0381939 	
6.26	0.380639 	-0.17581 	0.0739842 	-0.0521963 	-1.54961 	0.037936 	
6.265	0.380633 	-0.17581 	0.0739718 	-0.0519396 	-1.54955 	0.0376796 	
6.27	0.380627 	-0.175811 	0.0739594 	-0.0517001 	-1.54948 	0.0374402 	
6.275	0.380621 	-0.175811 	0.073947 	-0.051447 	-1.54941 	0.0371871 	
6.28	0.380616 	-0.175811 	0.0739347 	-0.0511924 	-1.54934 	0.0369324 	
6.285	0.38061 	-0.175811 	0.0739224 	-0.050939 	-1.54928 	0.0366788 	
6.29	0.380604 	-0.175811 	0.07391 	-0.0506867 	-1.54921 	0.0364263 	
6.295	0.380599 	-0.175812 	0.0738977 	-0.0504357 	-1.54914 	0.036175 	
6.3	0.380593 	-0.175812 	0.0738854 	-0.0501858 	-1.54907 	0.0359247 	
6.305	0.380587 	-0.175812 	0.0738732 	-0.0499373 	-1.54901 	0.0356758 	
6.31	0.380581 	-0.175812 	0.0738609 	-0.04969 	-1.54894 	0.0354281 	
6.315	0.380576 	-0.175813 	0.0738486 	-0.0494441 	-1.54887 	0.0351816 	
6.32	0.38057 	-0.175813 	0.0738363 	-0.0491997 	-1.5488 	0.0349366 	
6.325	0.380564 	-0.175814 	0.073824 	-0.0489549 	-1.54874 	0.0346913 	
6.33	0.380559 	-0.175814 	0.0738119 	-0.0487095 	-1.54867 	0.0344453 	
6.335	0.380553 	-0.175814 	0.0737997 	-0.0484681 	-1.5486 	0.0342033 	
6.34	0.380547 	-0.175815 	0.0737875 	-0.0482286 	-1.54854 	0.0339632 	
6.345	0.380542 	-0.175815 	0.0737753 	-0.0479909 	-1.54847 	0.0337248 	
6.35	0.380536 	-0.175816 	0.073763 	-0.0477544 	-1.5484 	0.0334876 	
6.355	0.38053 	-0.175816 	0.0737508 	-0.0475191 	-1.54833 	0.0332516 	
6.36	0.380524 	-0.175816 	0.0737385 	-0.0472855 	-1.54827 	0.0330173 	
6.365	0.380519 	-0.175817 	0.0737263 	-0.0470529 	-1.5482 	0.032784 	
6.37	0.380513 	-0.175817 	0.073714 	-0.0468215 	-1.54813 	0.0325518 	
6.375	0.380507 	-0.175818 	0.0737017 	-0.0465913 	-1.54806 	0.0323209 	
6.38	0.380501 	-0.175818 	0.0736894 	-0.0463608 	-1.548 	0.0320896 	
6.385	0.380496 	-0.175819 	0.0736771 	-0.0461328 	-1.54793 	0.0318607 	
6.39	0.38049 	-0.175819 	0.0736648 	-0.0459065 	-1.54786 	0.0316337 	
6.395	0.380484 	-0.175819 	0.0736525 	-0.0456809 	-1.5478 	0.0314073 	
6.4	0.380478 	-0.17582 	0.0736401 	-0.045457 	-1.54773 	0.0311826 	
6.405	0.380473 	-0.17582 	0.0736278 	-0.0452344 	-1.54766 	0.0309593 	
6.41	0.380467 	-0.175821 	0.0736154 	-0.0450131 	-1.54759 	0.0307372 	
6.415	0.380461 	-0.175821 	0.0736031 	-0.044793 	-1.54753 	0.0305163 	
6.42	0.380452 	-0.175823 	0.0735879 	-0.0437565 	-1.54747 	0.029473 	
6.425	0.38044 	-0.175824 	0.0735705 	-0.0422461 	-1.54744 	0.027957 	
6.43	0.380431 	-0.175824 	0.0735536 	-0.0416807 	-1.54737 	0.0273915 	
6.435	0.380422 	-0.175826 	0.0735374 	-0.0413565 	-1.5473 	0.0270614 	
6.44	0.380413 	-0.175828 	0.0735217 	-0.0411035 	-1.54722 	0.0268041 	
6.445	0.380405 	-0.175829 	0.0735064 	-0.0408718 	-1.54715 	0.0265689 	
6.45	0.380397 	-0.175831 	0.0734916 	-0.0406485 	-1.54707 	0.0263427 	
6.455	0.38039 	-0.175832 	0.0734771 	-0.04043 	-1.547 	0.0261217 	
6.46	0.380382 	-0.175833 	0.0734628 	-0.0402151 	-1.54693 	0.0259046 	
6.465	0.380375 	-0.175834 	0.0734488 	-0.0400033 	-1.54686 	0.0256909 	
6.47	0.380368 	-0.175834 	0.073435 	-0.0397943 	-1.54679 	0.02548 	
6.475	0.380361 	-0.175835 	0.0734214 	-0.0395877 	-1.54672 	0.0252717 	
6.48	0.380355 	-0.175836 	0.073408 	-0.0393834 	-1.54665 	0.0250659 	
6.485	0.380347 	-0.175836 	0.0733936 	-0.0392491 	-1.54658 	0.024934 	
6.49	0.380339 	-0.175836 	0.0733794 	-0.0390569 	-1.54651 	0.0247427 	
6.495	0.380332 	-0.175837 	0.0733654 	-0.0388581 	-1.54644 	0.0245426 	
6.5	0.380325 	-0.175838 	0.0733516 	-0.0386595 	-1.54637 	0.0243428 	
6.505	0.380318 	-0.175838 	0.0733379 	-0.038454 	-1.5463 	0.0241363 	
6.51	0.380312 	-0.175839 	0.0733244 	-0.0382565 	-1.54623 	0.0239376 	
6.515	0.380305 	-0.175839 	0.073311 	-0.0380615 	-1.54616 	0.0237416 	
6.52	0.380299 	-0.17584 	0.0732978 	-0.0378688 	-1.54609 	0.0235479 	
6.525	0.380292 	-0.17584 	0.0732846 	-0.0376779 	-1.54602 	0.0233559 	
6.53	0.380286 	-0.175841 	0.0732715 	-0.0374883 	-1.54595 	0.0231653 	
6.535	0.380279 	-0.175841 	0.0732584 	-0.0372999 	-1.54588 	0.0229759 	
6.54	0.380273 	-0.175842 	0.0732454 	-0.0371127 	-1.54581 	0.0227877 	
6.545	0.380267 	-0.175842 	0.0732324 	-0.0369267 	-1.54574 	0.0226008 	
6.55	0.38026 	-0.175843 	0.0732195 	-0.0367419 	-1.54567 	0.0224151 	
6.555	0.380254 	-0.175843 	0.0732066 	-0.0365582 	-1.54561 	0.0222304 	
6.56	0.380248 	-0.175844 	0.0731937 	-0.0363757 	-1.54554 	0.0220469 	
6.565	0.380242 	-0.175844 	0.0731808 	-0.0361941 	-1.54547 	0.0218644 	
6.57	0.380235 	-0.175845 	0.0731679 	-0.0360136 	-1.5454 	0.0216829 	
6.575	0.380229 	-0.175845 	0.0731551 	-0.035834 	-1.54533 	0.0215025 	
6.58	0.380223 	-0.175846 	0.0731422 	-0.0356553 	-1.54526 	0.0213228 	
6.585	0.380217 	-0.175846 	0.0731294 	-0.0354777 	-1.54519 	0.0211443 	
6.59	0.38021 	-0.175847 	0.0731165 	-0.035301 	-1.54512 	0.0209667 	
6.595	0.380204 	-0.175847 	0.0731037 	-0.0351252 	-1.54505 	0.0207899 	
6.6	0.380198 	-0.175848 	0.0730909 	-0.0349349 	-1.54499 	0.0205986 	
6.605	0.380192 	-0.175848 	0.0730782 	-0.0347575 	-1.54492 	0.0204204 	
6.61	0.380186 	-0.175849 	0.0730654 	-0.034584 	-1.54485 	0.0202459 	
6.615	0.380179 	-0.175849 	0.0730526 	-0.0344121 	-1.54478 	0.0200732 	
6.62	0.380173 	-0.17585 	0.0730398 	-0.0342296 	-1.54471 	0.0198897 	
6.625	0.380167 	-0.17585 	0.073027 	-0.0340535 	-1.54464 	0.0197126 	
6.63	0.380161 	-0.175851 	0.0730142 	-0.033912 	-1.54457 	0.0195702 	
6.635	0.380154 	-0.175852 	0.0730012 	-0.0334987 	-1.54451 	0.0191549 	
6.64	0.380148 	-0.175852 	0.0729882 	-0.0330798 	-1.54444 	0.0187353 	
6.645	0.380141 	-0.175853 	0.0729753 	-0.0328059 	-1.54438 	0.0184606 	
6.65	0.380135 	-0.175853 	0.0729624 	-0.0326121 	-1.54431 	0.0182657 	
6.655	0.380117 	-0.175847 	0.0729366 	-0.0351002 	-1.5443 	0.0207704 	
6.66	0.380107 	-0.175843 	0.0729201 	-0.0358195 	-1.54426 	0.0215018 	
6.665	0.3801 	-0.175842 	0.0729066 	-0.0364895 	-1.54421 	0.0221734 	
