0	0.556278 	-0.0521204 	-0.340329 	-0.00155664 	-0.0222476 	-0.00123478 	
0.005	14.8993 	-4.41953 	-6.6183 	-0.136995 	-0.582914 	0.10572 	
0.01	10.7718 	-0.916018 	-4.75276 	-0.0107999 	-0.416223 	0.0715023 	
0.015	9.64685 	-0.846137 	-4.3407 	-0.00998094 	-0.372282 	0.0635577 	
0.02	8.69002 	-0.765047 	-3.98297 	-0.00855877 	-0.334802 	0.0566371 	
0.025	7.86978 	-0.708228 	-3.6822 	-0.0077573 	-0.302775 	0.0508095 	
0.03	7.16894 	-0.660711 	-3.42626 	-0.00710095 	-0.275431 	0.045846 	
0.035	6.57281 	-0.630948 	-3.19926 	-0.00705782 	-0.252049 	0.0414873 	
0.04	6.06153 	-0.599418 	-3.0113 	-0.00670401 	-0.232077 	0.0378614 	
0.045	5.62463 	-0.572034 	-2.85178 	-0.00636865 	-0.215025 	0.0347862 	
0.05	5.25143 	-0.548316 	-2.71632 	-0.00605708 	-0.200472 	0.0321784 	
0.055	4.93598 	-0.520107 	-2.59459 	-0.00558596 	-0.188059 	0.029825 	
0.06	4.66405 	-0.500846 	-2.49478 	-0.00531042 	-0.17745 	0.0278833 	
0.065	4.43157 	-0.484848 	-2.41033 	-0.00508339 	-0.1684 	0.0262362 	
0.07	4.23295 	-0.471516 	-2.33889 	-0.00489401 	-0.160684 	0.0248406 	
0.075	4.06462 	-0.466419 	-2.27318 	-0.00502448 	-0.154064 	0.0235879 	
0.08	3.91965 	-0.458451 	-2.22041 	-0.00494913 	-0.148414 	0.0225768 	
0.085	3.79577 	-0.451348 	-2.17606 	-0.00486091 	-0.143597 	0.0217322 	
0.09	3.69 	-0.44505 	-2.13883 	-0.00476585 	-0.139497 	0.0210284 	
0.095	3.60238 	-0.431585 	-2.103 	-0.00445761 	-0.136019 	0.0203246 	
0.1	3.52552 	-0.424915 	-2.07516 	-0.00433829 	-0.133048 	0.0197683 	
0.105	3.45973 	-0.419642 	-2.05203 	-0.0042463 	-0.130522 	0.0193004 	
0.11	3.40358 	-0.42148 	-2.0306 	-0.00441417 	-0.128334 	0.0188936 	
0.115	3.35541 	-0.419588 	-2.01404 	-0.00440164 	-0.126482 	0.0185799 	
0.12	3.31432 	-0.417765 	-2.00051 	-0.00437235 	-0.124914 	0.0183298 	
0.125	3.27933 	-0.416041 	-1.98955 	-0.00433124 	-0.123591 	0.018133 	
0.13	3.25249 	-0.407423 	-1.97507 	-0.0041203 	-0.122474 	0.0178428 	
0.135	3.22726 	-0.404314 	-1.96584 	-0.00405625 	-0.121518 	0.0176453 	
0.14	3.20555 	-0.402021 	-1.95858 	-0.00400944 	-0.120715 	0.0174833 	
0.145	3.18697 	-0.400345 	-1.95298 	-0.00397371 	-0.120043 	0.0173533 	
0.15	3.17097 	-0.40527 	-1.94723 	-0.00417733 	-0.119442 	0.0172503 	
0.155	3.15736 	-0.405895 	-1.94367 	-0.00419612 	-0.118949 	0.0171927 	
0.16	3.14586 	-0.406167 	-1.94121 	-0.00419152 	-0.118544 	0.0171627 	
0.165	3.13831 	-0.398815 	-1.9356 	-0.00397557 	-0.118225 	0.0170436 	
0.17	3.13022 	-0.396905 	-1.93316 	-0.00392168 	-0.117956 	0.0169808 	
0.175	3.12327 	-0.395598 	-1.93166 	-0.00388208 	-0.117741 	0.0169343 	
0.18	3.11737 	-0.394735 	-1.93096 	-0.00385156 	-0.117575 	0.0169031 	
0.185	3.11269 	-0.398934 	-1.92788 	-0.00403254 	-0.1174 	0.0168509 	
0.19	3.10834 	-0.3998 	-1.92724 	-0.00405448 	-0.117269 	0.0168464 	
0.195	3.10473 	-0.400361 	-1.9273 	-0.00405596 	-0.117173 	0.0168604 	
0.2	3.10319 	-0.394431 	-1.92568 	-0.00386082 	-0.117129 	0.016817 	
0.205	3.1009 	-0.393084 	-1.92582 	-0.00381193 	-0.117099 	0.0168056 	
0.21	3.09899 	-0.392222 	-1.92649 	-0.00377519 	-0.117092 	0.0168035 	
0.215	3.09745 	-0.391712 	-1.9276 	-0.00374614 	-0.117105 	0.0168105 	
0.22	3.09694 	-0.394833 	-1.92484 	-0.00389912 	-0.117077 	0.0167616 	
0.225	3.09579 	-0.395598 	-1.92499 	-0.00392001 	-0.117073 	0.0167679 	
0.23	3.09489 	-0.396148 	-1.92573 	-0.00392381 	-0.117085 	0.0167898 	
0.235	3.09427 	-0.396528 	-1.92694 	-0.00391428 	-0.117114 	0.0168247 	
0.24	3.09538 	-0.389763 	-1.92678 	-0.00368211 	-0.117194 	0.0168014 	
0.245	3.09538 	-0.388211 	-1.92789 	-0.0036244 	-0.117267 	0.0168019 	
0.25	3.09543 	-0.387263 	-1.92936 	-0.00358442 	-0.117349 	0.0168078 	
0.255	3.09562 	-0.391332 	-1.92826 	-0.00375375 	-0.117378 	0.0167858 	
0.26	3.0956 	-0.39226 	-1.9292 	-0.00377469 	-0.11743 	0.0168047 	
0.265	3.09574 	-0.39295 	-1.93058 	-0.00377921 	-0.117493 	0.0168374 	
0.27	3.09604 	-0.393452 	-1.93229 	-0.00377091 	-0.117568 	0.0168811 	
0.275	3.09825 	-0.386491 	-1.93145 	-0.0035453 	-0.117678 	0.0168404 	
0.28	3.09892 	-0.384961 	-1.93245 	-0.00349339 	-0.117777 	0.0168354 	
0.285	3.09953 	-0.384051 	-1.93383 	-0.00345926 	-0.117881 	0.0168365 	
0.29	3.10016 	-0.383588 	-1.93552 	-0.00343663 	-0.117991 	0.0168443 	
0.295	3.10077 	-0.38861 	-1.93493 	-0.00363596 	-0.118048 	0.0168328 	
0.3	3.10125 	-0.389945 	-1.93614 	-0.00366806 	-0.118124 	0.0168605 	
0.305	3.10185 	-0.390912 	-1.93772 	-0.003679 	-0.11821 	0.0169022 	
0.31	3.10396 	-0.383966 	-1.93812 	-0.00343695 	-0.118346 	0.0168864 	
0.315	3.10494 	-0.382576 	-1.93956 	-0.00338425 	-0.118469 	0.0168928 	
0.32	3.10587 	-0.381761 	-1.94128 	-0.00334852 	-0.118594 	0.0169038 	
0.325	3.10681 	-0.38136 	-1.94322 	-0.0033239 	-0.118722 	0.0169201 	
0.33	3.10779 	-0.38125 	-1.94533 	-0.00330616 	-0.118854 	0.016942 	
0.335	3.1094 	-0.384821 	-1.94277 	-0.00348762 	-0.118922 	0.0168877 	
0.34	3.11012 	-0.385893 	-1.94331 	-0.00352296 	-0.119004 	0.0168982 	
0.345	3.11088 	-0.386698 	-1.94435 	-0.00353872 	-0.119092 	0.0169244 	
0.35	3.11259 	-0.380221 	-1.94724 	-0.00327947 	-0.119267 	0.016957 	
0.355	3.11387 	-0.378924 	-1.94946 	-0.00322048 	-0.119419 	0.0169792 	
0.36	3.1151 	-0.378187 	-1.95176 	-0.00317986 	-0.119569 	0.0170024 	
0.365	3.11633 	-0.377851 	-1.95413 	-0.00315166 	-0.119721 	0.017028 	
0.37	3.11824 	-0.38056 	-1.95107 	-0.0033129 	-0.119796 	0.0169553 	
0.375	3.11908 	-0.381368 	-1.95145 	-0.00334428 	-0.119887 	0.0169559 	
0.38	3.11996 	-0.382023 	-1.95236 	-0.00336019 	-0.119985 	0.016972 	
0.385	3.12151 	-0.376682 	-1.95601 	-0.00313201 	-0.120172 	0.0170177 	
0.39	3.12292 	-0.37567 	-1.95847 	-0.00308001 	-0.120335 	0.0170441 	
0.395	3.12428 	-0.375141 	-1.96093 	-0.00304417 	-0.120496 	0.0170712 	
0.4	3.12564 	-0.374956 	-1.9634 	-0.00301914 	-0.120658 	0.0171003 	
0.405	3.12701 	-0.375007 	-1.96587 	-0.00300096 	-0.12082 	0.0171321 	
0.41	3.12988 	-0.375663 	-1.96117 	-0.00312045 	-0.120905 	0.0170131 	
0.415	3.13087 	-0.376064 	-1.96088 	-0.00315187 	-0.120999 	0.0169913 	
0.42	3.13181 	-0.376471 	-1.96122 	-0.00317186 	-0.121098 	0.0169867 	
0.425	3.13302 	-0.372361 	-1.9675 	-0.00295008 	-0.121321 	0.017088 	
0.43	3.13466 	-0.371637 	-1.97077 	-0.0028977 	-0.12151 	0.0171314 	
0.435	3.13624 	-0.371326 	-1.9738 	-0.00286135 	-0.121693 	0.0171714 	
0.44	3.13777 	-0.371304 	-1.97665 	-0.00283585 	-0.121873 	0.0172101 	
0.445	3.14079 	-0.370977 	-1.97159 	-0.00292938 	-0.121964 	0.0170709 	
0.45	3.14183 	-0.371126 	-1.9712 	-0.00295629 	-0.122068 	0.0170395 	
0.455	3.14282 	-0.371389 	-1.97146 	-0.00297599 	-0.122176 	0.0170254 	
0.46	3.14395 	-0.36834 	-1.97803 	-0.00278934 	-0.122406 	0.0171297 	
0.465	3.14565 	-0.367889 	-1.98134 	-0.00274625 	-0.122601 	0.0171728 	
0.47	3.14728 	-0.367781 	-1.98439 	-0.00271687 	-0.122791 	0.0172127 	
0.475	3.14887 	-0.367907 	-1.98723 	-0.00269658 	-0.122978 	0.0172516 	
0.48	3.15197 	-0.366219 	-1.98241 	-0.00274175 	-0.123083 	0.017103 	
0.485	3.15311 	-0.366076 	-1.98208 	-0.00276152 	-0.123199 	0.0170646 	
0.49	3.15421 	-0.366165 	-1.98234 	-0.00277891 	-0.123321 	0.0170434 	
0.495	3.15532 	-0.364171 	-1.98906 	-0.00262949 	-0.123556 	0.017149 	
0.5	3.1571 	-0.363981 	-1.99241 	-0.00259587 	-0.123759 	0.0171917 	
0.505	3.15879 	-0.364066 	-1.99547 	-0.00257364 	-0.123956 	0.0172316 	
0.51	3.16045 	-0.364336 	-1.99829 	-0.00255873 	-0.124149 	0.0172708 	
0.515	3.16364 	-0.361335 	-1.99384 	-0.00255652 	-0.12427 	0.0171134 	
0.52	3.1649 	-0.36091 	-1.9936 	-0.00256921 	-0.124401 	0.0170687 	
0.525	3.1661 	-0.360831 	-1.99391 	-0.00258421 	-0.124536 	0.0170409 	
0.53	3.16732 	-0.360988 	-1.99469 	-0.00259876 	-0.124676 	0.017028 	
0.535	3.16898 	-0.358954 	-2.00339 	-0.00242616 	-0.124965 	0.0171682 	
0.54	3.17114 	-0.358818 	-2.00759 	-0.00238597 	-0.125202 	0.017225 	
0.545	3.1731 	-0.35897 	-2.01121 	-0.00236051 	-0.125425 	0.0172737 	
0.55	3.17605 	-0.356989 	-2.00656 	-0.00239712 	-0.125547 	0.017116 	
0.555	3.17728 	-0.356823 	-2.00643 	-0.00241694 	-0.125687 	0.0170748 	
0.56	3.17851 	-0.356936 	-2.00682 	-0.00243681 	-0.12583 	0.0170503 	
0.565	3.17979 	-0.357233 	-2.00764 	-0.00245469 	-0.125977 	0.0170404 	
0.57	3.18168 	-0.353827 	-2.01564 	-0.00225421 	-0.126277 	0.0171391 	
0.575	3.18386 	-0.353398 	-2.01953 	-0.00221347 	-0.12652 	0.0171776 	
0.58	3.18584 	-0.353372 	-2.0229 	-0.00219031 	-0.126749 	0.0172105 	
0.585	3.1877 	-0.353622 	-2.02587 	-0.00217889 	-0.126968 	0.0172408 	
0.59	3.19102 	-0.351608 	-2.02037 	-0.00223189 	-0.127088 	0.0170589 	
0.595	3.1923 	-0.351475 	-2.01969 	-0.00226282 	-0.127223 	0.0170029 	
0.6	3.19355 	-0.351627 	-2.01964 	-0.0022922 	-0.127362 	0.0169662 	
0.605	3.19501 	-0.349331 	-2.0284 	-0.00211625 	-0.12766 	0.0170846 	
0.61	3.19716 	-0.34919 	-2.03231 	-0.00208487 	-0.127903 	0.0171233 	
0.615	3.19912 	-0.349374 	-2.03566 	-0.00206857 	-0.128133 	0.0171568 	
0.62	3.20096 	-0.349778 	-2.0386 	-0.00206213 	-0.128353 	0.0171879 	
0.625	3.20426 	-0.346228 	-2.03382 	-0.00205776 	-0.128491 	0.0169939 	
0.63	3.20562 	-0.345758 	-2.03335 	-0.00207883 	-0.12864 	0.0169309 	
0.635	3.20694 	-0.345702 	-2.03344 	-0.00210395 	-0.128792 	0.0168869 	
0.64	3.20832 	-0.344628 	-2.04175 	-0.00197684 	-0.129083 	0.0170012 	
0.645	3.21044 	-0.344781 	-2.04551 	-0.0019578 	-0.129326 	0.0170373 	
0.65	3.21239 	-0.345183 	-2.04874 	-0.00195067 	-0.129556 	0.0170693 	
0.655	3.21424 	-0.345745 	-2.05157 	-0.00195099 	-0.129777 	0.0170999 	
0.66	3.21756 	-0.34073 	-2.04768 	-0.00189067 	-0.129936 	0.016895 	
0.665	3.21904 	-0.339943 	-2.04748 	-0.00190259 	-0.130101 	0.0168254 	
0.67	3.22047 	-0.339695 	-2.04773 	-0.00192386 	-0.130268 	0.0167746 	
0.675	3.2219 	-0.339822 	-2.04837 	-0.00194954 	-0.130437 	0.0167406 	
0.68	3.22385 	-0.339032 	-2.05883 	-0.00180829 	-0.13078 	0.0168923 	
0.685	3.22633 	-0.339363 	-2.06349 	-0.00178557 	-0.131053 	0.0169446 	
0.69	3.2285 	-0.339914 	-2.06731 	-0.00177696 	-0.131307 	0.0169874 	
0.695	3.23163 	-0.33606 	-2.06274 	-0.00176426 	-0.13146 	0.0167819 	
0.7	3.23303 	-0.335597 	-2.0625 	-0.00178623 	-0.131628 	0.0167162 	
0.705	3.23442 	-0.335582 	-2.06271 	-0.00181423 	-0.131798 	0.0166692 	
0.71	3.23583 	-0.335875 	-2.0633 	-0.00184431 	-0.131969 	0.0166386 	
0.715	3.23796 	-0.333283 	-2.07341 	-0.00166154 	-0.132327 	0.0167396 	
0.72	3.24044 	-0.333206 	-2.07787 	-0.00163535 	-0.132607 	0.0167703 	
0.725	3.24259 	-0.333497 	-2.08149 	-0.0016272 	-0.132866 	0.0167946 	
0.73	3.24537 	-0.331146 	-2.0774 	-0.00165396 	-0.13302 	0.0166184 	
0.735	3.24675 	-0.331033 	-2.07729 	-0.0016846 	-0.133192 	0.0165603 	
0.74	3.24816 	-0.331273 	-2.0776 	-0.00171825 	-0.133365 	0.0165199 	
0.745	3.24985 	-0.32877 	-2.08488 	-0.00157884 	-0.13367 	0.0165568 	
0.75	3.25198 	-0.328703 	-2.08818 	-0.00156908 	-0.133923 	0.0165608 	
0.755	3.25392 	-0.329004 	-2.09099 	-0.00157351 	-0.134162 	0.016566 	
0.76	3.25576 	-0.329555 	-2.09343 	-0.00158678 	-0.13439 	0.0165738 	
0.765	3.25754 	-0.330264 	-2.09562 	-0.00160495 	-0.134611 	0.016585 	
0.77	3.26077 	-0.323607 	-2.09369 	-0.00147937 	-0.134811 	0.0163565 	
0.775	3.26247 	-0.322499 	-2.09393 	-0.00148559 	-0.135004 	0.0162705 	
0.78	3.26408 	-0.322086 	-2.09444 	-0.00150779 	-0.135197 	0.0162048 	
0.785	3.26566 	-0.322167 	-2.09519 	-0.00153915 	-0.135388 	0.0161566 	
0.79	3.26751 	-0.322711 	-2.10528 	-0.00145612 	-0.135732 	0.0162934 	
0.795	3.26995 	-0.323478 	-2.10974 	-0.00145554 	-0.136011 	0.0163349 	
0.8	3.27207 	-0.324378 	-2.11332 	-0.00146543 	-0.136268 	0.0163692 	
0.805	3.27524 	-0.318796 	-2.10998 	-0.00139298 	-0.136455 	0.016132 	
0.81	3.2768 	-0.31804 	-2.11001 	-0.00141137 	-0.136646 	0.0160502 	
0.815	3.2783 	-0.317877 	-2.11035 	-0.00144165 	-0.136836 	0.0159884 	
0.82	3.27981 	-0.318131 	-2.11096 	-0.00147817 	-0.137025 	0.015944 	
0.825	3.28182 	-0.316538 	-2.12107 	-0.00134202 	-0.137389 	0.0160237 	
0.83	3.28425 	-0.316802 	-2.12542 	-0.00133515 	-0.137676 	0.0160416 	
0.835	3.28633 	-0.317372 	-2.12887 	-0.00134366 	-0.13794 	0.0160557 	
0.84	3.28915 	-0.313626 	-2.12562 	-0.00132375 	-0.13812 	0.0158529 	
0.845	3.29062 	-0.313287 	-2.12565 	-0.0013535 	-0.13831 	0.0157798 	
0.85	3.29209 	-0.313424 	-2.12599 	-0.0013911 	-0.138499 	0.0157256 	
0.855	3.29358 	-0.313889 	-2.1266 	-0.00143207 	-0.138687 	0.0156879 	
0.86	3.29581 	-0.310258 	-2.13681 	-0.00124511 	-0.139068 	0.0157097 	
0.865	3.29826 	-0.310054 	-2.14111 	-0.00123186 	-0.139361 	0.0157052 	
0.87	3.30033 	-0.310319 	-2.14448 	-0.00123871 	-0.13963 	0.0157005 	
0.875	3.30218 	-0.310906 	-2.1472 	-0.00125861 	-0.13988 	0.0156975 	
0.88	3.30523 	-0.307038 	-2.14288 	-0.00125199 	-0.140045 	0.0154673 	
0.885	3.30665 	-0.306679 	-2.14229 	-0.00129088 	-0.140222 	0.0153792 	
0.89	3.30805 	-0.306815 	-2.14213 	-0.00133643 	-0.140399 	0.0153132 	
0.895	3.30964 	-0.304873 	-2.15212 	-0.00120063 	-0.140756 	0.0153605 	
0.9	3.31187 	-0.305052 	-2.15612 	-0.00120151 	-0.141036 	0.015358 	
0.905	3.3138 	-0.305592 	-2.15927 	-0.00121813 	-0.141294 	0.015356 	
0.91	3.31555 	-0.306374 	-2.16182 	-0.00124454 	-0.141536 	0.0153561 	
0.915	3.31859 	-0.300579 	-2.15898 	-0.00116853 	-0.141725 	0.0150949 	
0.92	3.32009 	-0.299785 	-2.15883 	-0.00119485 	-0.141917 	0.0149947 	
0.925	3.32154 	-0.299638 	-2.15896 	-0.00123428 	-0.142106 	0.0149177 	
0.93	3.32288 	-0.299303 	-2.16759 	-0.00116375 	-0.142435 	0.014972 	
0.935	3.32493 	-0.299845 	-2.17116 	-0.00118014 	-0.142703 	0.0149698 	
0.94	3.32674 	-0.300648 	-2.174 	-0.00120763 	-0.142951 	0.0149692 	
0.945	3.32842 	-0.301615 	-2.17633 	-0.00124142 	-0.143186 	0.0149714 	
0.95	3.3315 	-0.294044 	-2.17504 	-0.00110128 	-0.143401 	0.0146796 	
0.955	3.33313 	-0.29285 	-2.17534 	-0.00111638 	-0.143607 	0.0145677 	
0.96	3.33464 	-0.292444 	-2.17575 	-0.00115041 	-0.143809 	0.0144803 	
0.965	3.3361 	-0.2926 	-2.17631 	-0.00119563 	-0.144008 	0.0144136 	
0.97	3.33765 	-0.292936 	-2.18649 	-0.00113098 	-0.144365 	0.0144998 	
0.975	3.33982 	-0.293784 	-2.1907 	-0.00114996 	-0.144647 	0.0145129 	
0.98	3.34167 	-0.294811 	-2.19396 	-0.00117944 	-0.144906 	0.0145238 	
0.985	3.34461 	-0.288732 	-2.19133 	-0.00109694 	-0.145102 	0.0142475 	
0.99	3.34606 	-0.28796 	-2.19136 	-0.00112494 	-0.1453 	0.0141451 	
0.995	3.34745 	-0.287851 	-2.19158 	-0.00116701 	-0.145495 	0.0140661 	
1	3.34883 	-0.288208 	-2.19198 	-0.00121678 	-0.145688 	0.0140068 	
1.005	3.35051 	-0.286132 	-2.20248 	-0.00109188 	-0.146062 	0.0140215 	
1.01	3.35266 	-0.286393 	-2.20668 	-0.00110183 	-0.14635 	0.0140082 	
1.015	3.35446 	-0.287023 	-2.20987 	-0.00112768 	-0.146612 	0.0139973 	
1.02	3.35604 	-0.2879 	-2.21235 	-0.00116332 	-0.146855 	0.0139899 	
1.025	3.35927 	-0.281339 	-2.20862 	-0.00108276 	-0.147031 	0.0136769 	
1.03	3.36067 	-0.280392 	-2.20799 	-0.00111547 	-0.147213 	0.0135557 	
1.035	3.36198 	-0.28017 	-2.20768 	-0.00116277 	-0.147394 	0.0134614 	
1.04	3.36295 	-0.280174 	-2.21757 	-0.00110232 	-0.147737 	0.0135156 	
1.045	3.36483 	-0.280845 	-2.22135 	-0.00112755 	-0.148008 	0.0135069 	
1.05	3.36644 	-0.281769 	-2.22424 	-0.00116376 	-0.148256 	0.0135007 	
1.055	3.36897 	-0.276478 	-2.22253 	-0.00109536 	-0.148456 	0.013246 	
1.06	3.37031 	-0.275923 	-2.22278 	-0.00112883 	-0.148655 	0.0131481 	
1.065	3.37159 	-0.275982 	-2.22313 	-0.0011752 	-0.148849 	0.0130729 	
1.07	3.37288 	-0.27647 	-2.2236 	-0.00122848 	-0.149039 	0.0130168 	
1.075	3.37439 	-0.273241 	-2.23287 	-0.00109771 	-0.14939 	0.0129609 	
1.08	3.3763 	-0.273232 	-2.23655 	-0.00111201 	-0.149664 	0.0129221 	
1.085	3.37789 	-0.273687 	-2.23933 	-0.00114308 	-0.149914 	0.0128917 	
1.09	3.37931 	-0.274461 	-2.24149 	-0.00118448 	-0.150147 	0.0128692 	
1.095	3.38201 	-0.269031 	-2.23894 	-0.00112322 	-0.150329 	0.0125932 	
1.1	3.38331 	-0.268392 	-2.23868 	-0.00116124 	-0.150513 	0.0124833 	
1.105	3.38456 	-0.268398 	-2.23863 	-0.00121182 	-0.150694 	0.0123988 	
1.11	3.3858 	-0.268855 	-2.2388 	-0.00126893 	-0.150874 	0.0123354 	
1.115	3.38726 	-0.266006 	-2.25081 	-0.00112528 	-0.151264 	0.0123161 	
1.12	3.38927 	-0.266124 	-2.25536 	-0.00113671 	-0.151554 	0.0122883 	
1.125	3.39085 	-0.266677 	-2.2587 	-0.00116611 	-0.151814 	0.0122657 	
1.13	3.39347 	-0.263162 	-2.25447 	-0.00117369 	-0.151969 	0.0120208 	
1.135	3.39455 	-0.262972 	-2.25387 	-0.00122449 	-0.152141 	0.0119233 	
1.14	3.39564 	-0.26329 	-2.25358 	-0.00128278 	-0.152311 	0.0118493 	
1.145	3.39651 	-0.260417 	-2.26206 	-0.00117488 	-0.152629 	0.0117805 	
1.15	3.39808 	-0.260459 	-2.2652 	-0.00119803 	-0.15288 	0.0117319 	
1.155	3.39941 	-0.260957 	-2.26757 	-0.00123593 	-0.153112 	0.0116948 	
1.16	3.40062 	-0.261768 	-2.26942 	-0.00128263 	-0.153328 	0.0116678 	
1.165	3.40297 	-0.255928 	-2.26831 	-0.00119964 	-0.153519 	0.0113851 	
1.17	3.4042 	-0.255206 	-2.26845 	-0.0012341 	-0.153705 	0.0112727 	
1.175	3.40535 	-0.255163 	-2.26867 	-0.00128295 	-0.153887 	0.0111863 	
1.18	3.40649 	-0.255598 	-2.269 	-0.00133974 	-0.154065 	0.0111213 	
1.185	3.40749 	-0.253053 	-2.27852 	-0.00123565 	-0.154401 	0.0110675 	
1.19	3.4091 	-0.253232 	-2.28218 	-0.00125891 	-0.154661 	0.0110278 	
1.195	3.41043 	-0.25383 	-2.2849 	-0.00129683 	-0.154896 	0.0109975 	
1.2	3.41159 	-0.254714 	-2.28696 	-0.00134352 	-0.155115 	0.0109759 	
1.205	3.41447 	-0.248181 	-2.28386 	-0.001265 	-0.155276 	0.010642 	
1.21	3.41564 	-0.247268 	-2.28327 	-0.00130257 	-0.155443 	0.010513 	
1.215	3.41672 	-0.247091 	-2.28293 	-0.00135472 	-0.155609 	0.0104135 	
1.22	3.41704 	-0.246766 	-2.29167 	-0.00131501 	-0.155911 	0.0104172 	
1.225	3.41839 	-0.247374 	-2.29488 	-0.00135181 	-0.156151 	0.0103883 	
1.23	3.41953 	-0.248275 	-2.29729 	-0.00139821 	-0.156372 	0.0103677 	
1.235	3.42174 	-0.242998 	-2.29589 	-0.00133512 	-0.156551 	0.0100914 	
1.24	3.4228 	-0.242456 	-2.29604 	-0.00137397 	-0.156728 	0.00998503 	
1.245	3.4238 	-0.242538 	-2.29626 	-0.00142536 	-0.156902 	0.00990399 	
1.25	3.4248 	-0.243058 	-2.29657 	-0.00148346 	-0.157071 	0.00984384 	
1.255	3.42559 	-0.239513 	-2.30474 	-0.00137474 	-0.157374 	0.00972943 	
1.26	3.42693 	-0.239421 	-2.30786 	-0.00139948 	-0.157612 	0.00966982 	
1.265	3.42804 	-0.239828 	-2.31017 	-0.0014393 	-0.15783 	0.00962483 	
1.27	3.42903 	-0.24058 	-2.31193 	-0.00148816 	-0.158033 	0.00959229 	
1.275	3.43139 	-0.235288 	-2.30965 	-0.00143348 	-0.158191 	0.00930211 	
1.28	3.43243 	-0.234685 	-2.30932 	-0.00147519 	-0.158352 	0.00918807 	
1.285	3.43339 	-0.234721 	-2.30918 	-0.00152879 	-0.158511 	0.0091013 	
1.29	3.43434 	-0.235206 	-2.30923 	-0.00158852 	-0.158667 	0.00903695 	
1.295	3.43486 	-0.232024 	-2.31958 	-0.00147241 	-0.158994 	0.00895405 	
1.3	3.4362 	-0.232033 	-2.32338 	-0.00149442 	-0.15924 	0.00890478 	
1.305	3.43723 	-0.23251 	-2.32615 	-0.00153194 	-0.159462 	0.00886784 	
1.31	3.4381 	-0.233311 	-2.3282 	-0.00157891 	-0.159665 	0.00884157 	
1.315	3.44119 	-0.22764 	-2.32339 	-0.00153907 	-0.159788 	0.0085075 	
1.32	3.44217 	-0.226915 	-2.32218 	-0.0015849 	-0.159924 	0.00838033 	
1.325	3.44305 	-0.226857 	-2.32136 	-0.00164184 	-0.160061 	0.0082832 	
1.33	3.44276 	-0.225816 	-2.33099 	-0.00158316 	-0.160352 	0.00826592 	
1.335	3.44379 	-0.22625 	-2.33431 	-0.0016169 	-0.160576 	0.00823054 	
1.34	3.44461 	-0.227022 	-2.33677 	-0.00166123 	-0.160779 	0.00820552 	
1.345	3.4468 	-0.222374 	-2.33399 	-0.00162741 	-0.160918 	0.00792699 	
1.35	3.4476 	-0.221938 	-2.33365 	-0.00167142 	-0.161066 	0.00782131 	
1.355	3.44835 	-0.222082 	-2.3335 	-0.00172545 	-0.161212 	0.00774185 	
1.36	3.4491 	-0.222631 	-2.33354 	-0.00178437 	-0.161356 	0.00768386 	
1.365	3.44934 	-0.218688 	-2.34197 	-0.00167095 	-0.161634 	0.0075474 	
1.37	3.45033 	-0.218467 	-2.34505 	-0.00169416 	-0.16185 	0.00748198 	
1.375	3.45111 	-0.218771 	-2.34731 	-0.00173243 	-0.162047 	0.00743351 	
1.38	3.45179 	-0.219442 	-2.34902 	-0.00177986 	-0.16223 	0.0073991 	
1.385	3.45429 	-0.214939 	-2.34525 	-0.00175773 	-0.162349 	0.00711396 	
1.39	3.45512 	-0.214492 	-2.34439 	-0.00180473 	-0.162479 	0.00700431 	
1.395	3.45588 	-0.214619 	-2.34386 	-0.00186041 	-0.162609 	0.00692207 	
1.4	3.45662 	-0.215144 	-2.34364 	-0.00191998 	-0.162738 	0.00686227 	
1.405	3.4565 	-0.211384 	-2.35456 	-0.00179212 	-0.163043 	0.00675656 	
1.41	3.45747 	-0.21121 	-2.35845 	-0.00181013 	-0.163267 	0.00670176 	
1.415	3.45815 	-0.211542 	-2.36125 	-0.00184411 	-0.163468 	0.00666161 	
1.42	3.46071 	-0.209103 	-2.35597 	-0.00188378 	-0.163564 	0.00643256 	
1.425	3.46136 	-0.209109 	-2.35487 	-0.00193979 	-0.163681 	0.00634252 	
1.43	3.46198 	-0.209542 	-2.35419 	-0.00199972 	-0.163798 	0.00627657 	
1.435	3.46159 	-0.206161 	-2.36146 	-0.00190797 	-0.164031 	0.00615047 	
1.44	3.46225 	-0.206026 	-2.36395 	-0.00193494 	-0.164216 	0.00608761 	
1.445	3.46279 	-0.206373 	-2.36583 	-0.00197434 	-0.164387 	0.00604233 	
1.45	3.46328 	-0.207055 	-2.36729 	-0.00202102 	-0.164547 	0.00601146 	
1.455	3.46376 	-0.207961 	-2.36848 	-0.00207118 	-0.164699 	0.00599247 	
1.46	3.46645 	-0.200534 	-2.3657 	-0.00197222 	-0.164811 	0.0056056 	
1.465	3.46729 	-0.199313 	-2.36503 	-0.00200142 	-0.16493 	0.00546545 	
1.47	3.46797 	-0.19888 	-2.36457 	-0.00204601 	-0.165049 	0.00535906 	
1.475	3.46858 	-0.199011 	-2.36437 	-0.00209935 	-0.165168 	0.00528013 	
1.48	3.46772 	-0.199356 	-2.3737 	-0.00207716 	-0.165418 	0.00531583 	
1.485	3.46829 	-0.200178 	-2.37712 	-0.00211374 	-0.165609 	0.00530804 	
1.49	3.46872 	-0.201191 	-2.37967 	-0.00215656 	-0.165782 	0.00530652 	
1.495	3.47159 	-0.19532 	-2.37503 	-0.00210816 	-0.165873 	0.0049591 	
1.5	3.47225 	-0.19454 	-2.37407 	-0.00214543 	-0.16598 	0.00484014 	
1.505	3.47281 	-0.194401 	-2.37344 	-0.00219331 	-0.166088 	0.00475115 	
1.51	3.47331 	-0.194716 	-2.37313 	-0.00224659 	-0.166197 	0.00468658 	
1.515	3.47243 	-0.192935 	-2.38175 	-0.00218263 	-0.16643 	0.00463516 	
1.52	3.47287 	-0.193184 	-2.38486 	-0.00221003 	-0.166609 	0.00460094 	
1.525	3.47319 	-0.193782 	-2.38718 	-0.00224707 	-0.166771 	0.00457894 	
1.53	3.47572 	-0.19009 	-2.38255 	-0.00224675 	-0.166854 	0.0043144 	
1.535	3.47628 	-0.189781 	-2.38162 	-0.00229065 	-0.166953 	0.00421991 	
1.54	3.47676 	-0.18996 	-2.38107 	-0.00234067 	-0.167052 	0.00415107 	
1.545	3.4772 	-0.190478 	-2.38085 	-0.002393 	-0.167153 	0.00410315 	
1.55	3.47643 	-0.186837 	-2.38868 	-0.00229342 	-0.167366 	0.00397305 	
1.555	3.4768 	-0.186595 	-2.39152 	-0.00231233 	-0.167532 	0.00391662 	
1.56	3.47704 	-0.186832 	-2.39366 	-0.00234379 	-0.167684 	0.0038775 	
1.565	3.47724 	-0.187406 	-2.39532 	-0.00238286 	-0.167826 	0.00385243 	
1.57	3.48046 	-0.18397 	-2.38951 	-0.00239677 	-0.167891 	0.00358541 	
1.575	3.48115 	-0.183693 	-2.38803 	-0.00244303 	-0.167971 	0.00349044 	
1.58	3.48168 	-0.183873 	-2.38708 	-0.00249354 	-0.168053 	0.00342153 	
1.585	3.48213 	-0.184371 	-2.3866 	-0.00254499 	-0.168136 	0.00337393 	
1.59	3.48076 	-0.180881 	-2.39721 	-0.00242675 	-0.168373 	0.00328169 	
1.595	3.48101 	-0.180667 	-2.40094 	-0.00243808 	-0.168546 	0.00323885 	
1.6	3.48109 	-0.180912 	-2.4037 	-0.00246307 	-0.1687 	0.00321042 	
1.605	3.48437 	-0.179336 	-2.39672 	-0.00252704 	-0.168747 	0.00300228 	
1.61	3.48488 	-0.179457 	-2.39514 	-0.00257872 	-0.168816 	0.00292838 	
1.615	3.48527 	-0.179901 	-2.39415 	-0.00263068 	-0.168887 	0.00287689 	
1.62	3.48559 	-0.180562 	-2.39365 	-0.00268088 	-0.16896 	0.00284373 	
1.625	3.48422 	-0.175627 	-2.40289 	-0.00253949 	-0.169166 	0.00268362 	
1.63	3.48431 	-0.175017 	-2.40611 	-0.00254476 	-0.169319 	0.00262208 	
1.635	3.48427 	-0.174968 	-2.40852 	-0.00256542 	-0.169458 	0.00257946 	
1.64	3.48717 	-0.174992 	-2.40211 	-0.00265836 	-0.169502 	0.00244155 	
1.645	3.48758 	-0.175458 	-2.40073 	-0.00271249 	-0.169565 	0.00238924 	
1.65	3.48789 	-0.176128 	-2.39993 	-0.00276383 	-0.16963 	0.00235564 	
1.655	3.48814 	-0.176928 	-2.3996 	-0.00281137 	-0.169698 	0.00233728 	
1.66	3.48694 	-0.170834 	-2.40744 	-0.00265312 	-0.169874 	0.00212006 	
1.665	3.48696 	-0.169902 	-2.41023 	-0.00265299 	-0.17001 	0.002044 	
1.67	3.48686 	-0.169608 	-2.41235 	-0.00266956 	-0.170135 	0.00199045 	
1.675	3.48673 	-0.169775 	-2.41402 	-0.00269701 	-0.170253 	0.00195487 	
1.68	3.49062 	-0.170743 	-2.40645 	-0.00282086 	-0.170288 	0.0018394 	
1.685	3.49129 	-0.1715 	-2.40454 	-0.00288159 	-0.170334 	0.00179923 	
1.69	3.49172 	-0.17234 	-2.40335 	-0.00293488 	-0.170381 	0.001776 	
1.695	3.48973 	-0.167479 	-2.41134 	-0.00279455 	-0.170537 	0.00162398 	
1.7	3.48955 	-0.166876 	-2.41398 	-0.0027965 	-0.170655 	0.00157028 	
1.705	3.48931 	-0.166793 	-2.41606 	-0.00281201 	-0.170766 	0.00153483 	
1.71	3.48907 	-0.167081 	-2.41774 	-0.00283625 	-0.170871 	0.001514 	
1.715	3.493 	-0.166571 	-2.41053 	-0.00292162 	-0.170903 	0.00134802 	
1.72	3.49363 	-0.166918 	-2.40877 	-0.00297096 	-0.170944 	0.00129503 	
1.725	3.49399 	-0.167453 	-2.40768 	-0.00301629 	-0.170986 	0.00126148 	
1.73	3.49187 	-0.164276 	-2.41475 	-0.00291615 	-0.171117 	0.0011736 	
1.735	3.49156 	-0.164027 	-2.41716 	-0.00292259 	-0.17122 	0.00114002 	
1.74	3.49123 	-0.164175 	-2.41913 	-0.00293906 	-0.171318 	0.00112092 	
1.745	3.49093 	-0.164604 	-2.42079 	-0.00296176 	-0.171412 	0.00111347 	
1.75	3.49496 	-0.162887 	-2.4139 	-0.00301601 	-0.171441 	0.000905339 	
1.755	3.49559 	-0.162908 	-2.41226 	-0.00305621 	-0.171477 	0.000842139 	
1.76	3.49592 	-0.163198 	-2.41126 	-0.00309495 	-0.171514 	0.000800451 	
1.765	3.49608 	-0.163673 	-2.41081 	-0.00313104 	-0.171553 	0.00077636 	
1.77	3.49374 	-0.160673 	-2.4193 	-0.00302231 	-0.171697 	0.000715941 	
1.775	3.49329 	-0.160438 	-2.42243 	-0.00302127 	-0.171804 	0.000695509 	
1.78	3.49281 	-0.160582 	-2.4249 	-0.00303127 	-0.171904 	0.000686744 	
1.785	3.49679 	-0.160315 	-2.41754 	-0.00311934 	-0.171922 	0.000532092 	
1.79	3.49726 	-0.160634 	-2.41599 	-0.00316132 	-0.171952 	0.000488273 	
1.795	3.49746 	-0.161116 	-2.4151 	-0.00319908 	-0.171983 	0.000462628 	
1.8	3.4975 	-0.161706 	-2.41475 	-0.0032324 	-0.172016 	0.000451789 	
1.805	3.49744 	-0.162364 	-2.41485 	-0.00326133 	-0.172052 	0.000452919 	
1.81	3.49551 	-0.156974 	-2.42223 	-0.00310924 	-0.172177 	0.000283589 	
1.815	3.495 	-0.156074 	-2.42509 	-0.0030958 	-0.172273 	0.000233662 	
1.82	3.49444 	-0.15573 	-2.42738 	-0.00309752 	-0.172363 	0.000201969 	
1.825	3.49851 	-0.158356 	-2.4199 	-0.00324903 	-0.172376 	0.000161388 	
1.83	3.49898 	-0.159315 	-2.41837 	-0.00329961 	-0.172398 	0.000151963 	
1.835	3.49916 	-0.16022 	-2.41754 	-0.00333967 	-0.172419 	0.000154818 	
1.84	3.49916 	-0.161074 	-2.41727 	-0.00337101 	-0.172443 	0.00016758 	
1.845	3.49723 	-0.155122 	-2.4233 	-0.00321101 	-0.172536 	-2.97625e-05 	
1.85	3.49663 	-0.154077 	-2.42561 	-0.00319429 	-0.172612 	-8.45805e-05 	
1.855	3.49602 	-0.153604 	-2.42753 	-0.00319244 	-0.172685 	-0.000119628 	
1.86	3.49945 	-0.156913 	-2.42121 	-0.00334515 	-0.172695 	-0.000112634 	
1.865	3.49978 	-0.158002 	-2.42007 	-0.00339157 	-0.172713 	-0.000105716 	
1.87	3.49984 	-0.158979 	-2.41956 	-0.00342668 	-0.172732 	-8.93238e-05 	
1.875	3.49974 	-0.159862 	-2.41957 	-0.0034527 	-0.172753 	-6.53907e-05 	
1.88	3.49839 	-0.153836 	-2.42356 	-0.00330347 	-0.172818 	-0.000283836 	
1.885	3.49782 	-0.152731 	-2.42528 	-0.00328597 	-0.172874 	-0.000341101 	
1.89	3.49723 	-0.15219 	-2.42683 	-0.00328218 	-0.172932 	-0.000377628 	
1.895	3.50004 	-0.155981 	-2.42178 	-0.00343089 	-0.172941 	-0.000329412 	
1.9	3.50025 	-0.157161 	-2.42105 	-0.00347253 	-0.172957 	-0.000307953 	
1.905	3.50021 	-0.158183 	-2.42089 	-0.00350241 	-0.172973 	-0.000279563 	
1.91	3.50003 	-0.159079 	-2.42118 	-0.00352308 	-0.172993 	-0.000245763 	
1.915	3.49974 	-0.159874 	-2.42182 	-0.00353656 	-0.173015 	-0.000207799 	
1.92	3.49961 	-0.152207 	-2.42357 	-0.00337 	-0.173055 	-0.00052219 	
1.925	3.4992 	-0.15056 	-2.4247 	-0.00334472 	-0.173095 	-0.000607893 	
1.93	3.49867 	-0.149611 	-2.42582 	-0.00333576 	-0.173138 	-0.00066673 	
1.935	3.50079 	-0.155971 	-2.42212 	-0.00352624 	-0.173142 	-0.000494666 	
1.94	3.50086 	-0.157732 	-2.42184 	-0.00357182 	-0.173153 	-0.000435968 	
1.945	3.50071 	-0.15914 	-2.42204 	-0.00360103 	-0.173166 	-0.000376969 	
1.95	3.50042 	-0.160278 	-2.42264 	-0.00361796 	-0.173181 	-0.000318087 	
1.955	3.50083 	-0.152474 	-2.42305 	-0.00345438 	-0.173205 	-0.000645425 	
1.96	3.50048 	-0.150843 	-2.42373 	-0.00342813 	-0.173231 	-0.00072725 	
1.965	3.49996 	-0.149875 	-2.42454 	-0.00341668 	-0.173261 	-0.000782724 	
1.97	3.50146 	-0.156226 	-2.42194 	-0.00359266 	-0.173262 	-0.000588319 	
1.975	3.50135 	-0.157949 	-2.42198 	-0.00363097 	-0.173269 	-0.000520424 	
1.98	3.50106 	-0.15931 	-2.42246 	-0.00365356 	-0.173278 	-0.000453905 	
1.985	3.50063 	-0.160396 	-2.42327 	-0.00366452 	-0.17329 	-0.000388886 	
1.99	3.50192 	-0.153271 	-2.42203 	-0.00352712 	-0.173301 	-0.000705267 	
1.995	3.50169 	-0.151769 	-2.42225 	-0.00350298 	-0.173314 	-0.000780011 	
2	3.50122 	-0.150862 	-2.42273 	-0.00349103 	-0.17333 	-0.000829593 	
2.005	3.50061 	-0.1504 	-2.42346 	-0.00348725 	-0.173349 	-0.000858937 	
2.01	3.50249 	-0.158417 	-2.42093 	-0.00369862 	-0.173338 	-0.000598996 	
2.015	3.50247 	-0.16072 	-2.42107 	-0.00374269 	-0.173332 	-0.000497321 	
2.02	3.5022 	-0.162448 	-2.42163 	-0.00376505 	-0.173331 	-0.000402702 	
2.025	3.50211 	-0.154845 	-2.42237 	-0.0035985 	-0.173345 	-0.000705704 	
2.03	3.50159 	-0.153362 	-2.42321 	-0.00356618 	-0.173362 	-0.000764306 	
2.035	3.50098 	-0.15244 	-2.42422 	-0.00354612 	-0.173383 	-0.000800627 	
2.04	3.50032 	-0.15194 	-2.42539 	-0.00353464 	-0.173408 	-0.000819221 	
2.045	3.502 	-0.158682 	-2.42301 	-0.00372462 	-0.173404 	-0.000615444 	
2.05	3.50197 	-0.160567 	-2.42334 	-0.00376016 	-0.173407 	-0.000529405 	
2.055	3.50177 	-0.161979 	-2.42408 	-0.00377646 	-0.173414 	-0.000447408 	
2.06	3.50107 	-0.155345 	-2.42627 	-0.00361975 	-0.173445 	-0.000692358 	
2.065	3.50054 	-0.154029 	-2.42773 	-0.00358572 	-0.173477 	-0.000734754 	
2.07	3.49999 	-0.153213 	-2.42924 	-0.00356299 	-0.173513 	-0.000757944 	
2.075	3.49945 	-0.152777 	-2.43079 	-0.00354837 	-0.173552 	-0.000765983 	
2.08	3.49894 	-0.152626 	-2.4324 	-0.00353946 	-0.173595 	-0.000762085 	
2.085	3.50122 	-0.15913 	-2.42942 	-0.0037539 	-0.173603 	-0.000608386 	
2.09	3.50149 	-0.160989 	-2.42966 	-0.00379464 	-0.173617 	-0.000529995 	
2.095	3.50157 	-0.162346 	-2.43035 	-0.00381289 	-0.173634 	-0.000453317 	
2.1	3.50006 	-0.155119 	-2.43525 	-0.003609 	-0.173699 	-0.00066963 	
2.105	3.49956 	-0.153627 	-2.43763 	-0.00356245 	-0.173756 	-0.000705099 	
2.11	3.4991 	-0.152691 	-2.4398 	-0.00353087 	-0.173816 	-0.00072313 	
2.115	3.49868 	-0.152176 	-2.44183 	-0.00351029 	-0.173876 	-0.000727483 	
2.12	3.50064 	-0.158353 	-2.43919 	-0.0037275 	-0.173896 	-0.00059789 	
2.125	3.50092 	-0.159983 	-2.43964 	-0.00376537 	-0.173925 	-0.000530266 	
2.13	3.50109 	-0.161173 	-2.44048 	-0.00378196 	-0.173956 	-0.000462214 	
2.135	3.49961 	-0.154823 	-2.44599 	-0.00359065 	-0.174042 	-0.000632506 	
2.14	3.49927 	-0.153531 	-2.44865 	-0.0035456 	-0.174116 	-0.000654791 	
2.145	3.49898 	-0.152734 	-2.45102 	-0.00351431 	-0.174189 	-0.000662332 	
2.15	3.49873 	-0.152314 	-2.45319 	-0.00349321 	-0.174262 	-0.000658362 	
2.155	3.49855 	-0.152176 	-2.45522 	-0.00347955 	-0.174336 	-0.000645383 	
2.16	3.50038 	-0.158121 	-2.45303 	-0.00372644 	-0.174373 	-0.000570449 	
2.165	3.5008 	-0.159726 	-2.45358 	-0.00377192 	-0.174416 	-0.000513155 	
2.17	3.50114 	-0.160856 	-2.4545 	-0.00379202 	-0.174461 	-0.000452273 	
2.175	3.49955 	-0.153986 	-2.46153 	-0.00354692 	-0.17458 	-0.000580793 	
2.18	3.49936 	-0.152564 	-2.46472 	-0.00348903 	-0.174675 	-0.000593304 	
2.185	3.4992 	-0.151692 	-2.46745 	-0.00344935 	-0.174767 	-0.000594074 	
2.19	3.49909 	-0.151235 	-2.46985 	-0.00342321 	-0.174856 	-0.000585595 	
2.195	3.50049 	-0.156895 	-2.46843 	-0.00367506 	-0.174906 	-0.000535737 	
2.2	3.50086 	-0.158301 	-2.46928 	-0.00371814 	-0.174963 	-0.000488287 	
2.205	3.50121 	-0.159287 	-2.4704 	-0.00373687 	-0.175021 	-0.000435153 	
2.21	3.49987 	-0.153255 	-2.47725 	-0.00350764 	-0.175151 	-0.000526827 	
2.215	3.49982 	-0.152029 	-2.48044 	-0.00345253 	-0.175256 	-0.000528952 	
2.22	3.4998 	-0.151294 	-2.48315 	-0.00341423 	-0.175356 	-0.000521465 	
2.225	3.49983 	-0.150931 	-2.48553 	-0.00338847 	-0.175452 	-0.000506413 	
2.23	3.49992 	-0.150847 	-2.48768 	-0.00337189 	-0.175546 	-0.000485372 	
2.235	3.50072 	-0.156254 	-2.48788 	-0.00365858 	-0.175621 	-0.000497998 	
2.24	3.50109 	-0.157611 	-2.48914 	-0.00371071 	-0.175695 	-0.000464386 	
2.245	3.50148 	-0.158509 	-2.49051 	-0.0037334 	-0.175767 	-0.000420581 	
2.25	3.50044 	-0.152014 	-2.49729 	-0.00344216 	-0.175915 	-0.000456539 	
2.255	3.50052 	-0.150685 	-2.50053 	-0.00337277 	-0.176031 	-0.000445524 	
2.26	3.50063 	-0.149906 	-2.50326 	-0.00332555 	-0.17614 	-0.000429048 	
2.265	3.50079 	-0.149539 	-2.50563 	-0.00329478 	-0.176244 	-0.000408041 	
2.27	3.50119 	-0.154696 	-2.50695 	-0.00358828 	-0.176334 	-0.000446848 	
2.275	3.50151 	-0.15588 	-2.50858 	-0.00363814 	-0.17642 	-0.000422061 	
2.28	3.50187 	-0.156654 	-2.51018 	-0.00365951 	-0.176503 	-0.000385073 	
2.285	3.50111 	-0.150961 	-2.51619 	-0.00338812 	-0.17665 	-0.000393916 	
2.29	3.50127 	-0.14982 	-2.51921 	-0.00332268 	-0.176768 	-0.000375246 	
2.295	3.50147 	-0.149171 	-2.52176 	-0.00327767 	-0.176879 	-0.000352516 	
2.3	3.50171 	-0.148892 	-2.524 	-0.00324781 	-0.176984 	-0.000326377 	
2.305	3.50164 	-0.153159 	-2.52689 	-0.00351817 	-0.177093 	-0.000393852 	
2.31	3.50191 	-0.154111 	-2.52895 	-0.00356255 	-0.177192 	-0.000377436 	
2.315	3.50223 	-0.154717 	-2.53081 	-0.00358035 	-0.177286 	-0.000346963 	
2.32	3.5026 	-0.155083 	-2.53255 	-0.0035794 	-0.177377 	-0.000306648 	
2.325	3.50185 	-0.148439 	-2.53931 	-0.0032578 	-0.177549 	-0.000312298 	
2.33	3.50204 	-0.146974 	-2.54258 	-0.00317607 	-0.177681 	-0.000294446 	
2.335	3.50223 	-0.146144 	-2.54525 	-0.00312262 	-0.177803 	-0.000274117 	
2.34	3.50247 	-0.151202 	-2.54706 	-0.00341332 	-0.177903 	-0.000313866 	
2.345	3.50276 	-0.152245 	-2.54884 	-0.00345729 	-0.178 	-0.000291254 	
2.35	3.50311 	-0.152943 	-2.55048 	-0.00347602 	-0.178093 	-0.000256773 	
2.355	3.50352 	-0.153398 	-2.55205 	-0.00347688 	-0.178183 	-0.000214021 	
2.36	3.50243 	-0.147032 	-2.5599 	-0.00319368 	-0.178365 	-0.00025616 	
2.365	3.50255 	-0.145624 	-2.56341 	-0.00312136 	-0.178502 	-0.000247615 	
2.37	3.50268 	-0.144807 	-2.5662 	-0.00307334 	-0.178627 	-0.000233403 	
2.375	3.50283 	-0.144433 	-2.5685 	-0.00304324 	-0.178743 	-0.000214444 	
2.38	3.50325 	-0.150597 	-2.56975 	-0.00338846 	-0.178846 	-0.000247262 	
2.385	3.50359 	-0.152018 	-2.5712 	-0.00344951 	-0.178941 	-0.00021962 	
2.39	3.50397 	-0.152932 	-2.57259 	-0.00347671 	-0.17903 	-0.000179692 	
2.395	3.50299 	-0.146258 	-2.57931 	-0.00315609 	-0.179195 	-0.000193527 	
2.4	3.5031 	-0.144908 	-2.58239 	-0.00308049 	-0.179323 	-0.000176591 	
2.405	3.50324 	-0.144124 	-2.58488 	-0.00302922 	-0.179441 	-0.000155694 	
2.41	3.50342 	-0.143765 	-2.58697 	-0.00299595 	-0.179551 	-0.000131377 	
2.415	3.50333 	-0.148988 	-2.58956 	-0.00331532 	-0.179663 	-0.000192845 	
2.42	3.50356 	-0.150139 	-2.59136 	-0.0033688 	-0.179762 	-0.000173743 	
2.425	3.50383 	-0.150859 	-2.59295 	-0.00339094 	-0.179855 	-0.000140615 	
2.43	3.50319 	-0.145057 	-2.59808 	-0.00309493 	-0.180001 	-0.000129956 	
2.435	3.50331 	-0.14389 	-2.60067 	-0.00302328 	-0.180119 	-0.000106184 	
2.44	3.50347 	-0.143232 	-2.60282 	-0.00297406 	-0.180228 	-7.96022e-05 	
2.445	3.50368 	-0.142956 	-2.6047 	-0.00294146 	-0.180332 	-5.05337e-05 	
2.45	3.50321 	-0.147269 	-2.60833 	-0.00323464 	-0.180451 	-0.000138273 	
2.455	3.50334 	-0.148187 	-2.61039 	-0.00328203 	-0.180553 	-0.000127222 	
2.46	3.50351 	-0.148744 	-2.61214 	-0.00330036 	-0.180647 	-0.000100578 	
2.465	3.50374 	-0.149053 	-2.61369 	-0.00329826 	-0.180736 	-6.29865e-05 	
2.47	3.50319 	-0.142305 	-2.61858 	-0.00294869 	-0.180888 	-4.70964e-05 	
2.475	3.5033 	-0.140834 	-2.62107 	-0.00286019 	-0.181006 	-2.33726e-05 	
2.48	3.50342 	-0.140021 	-2.62315 	-0.00280264 	-0.181114 	1.34364e-06 	
2.485	3.50328 	-0.145142 	-2.62534 	-0.00311801 	-0.181212 	-5.96022e-05 	
2.49	3.50342 	-0.14617 	-2.62698 	-0.00316554 	-0.181303 	-4.24341e-05 	
2.495	3.50359 	-0.146839 	-2.62844 	-0.00318557 	-0.181387 	-1.20802e-05 	
2.5	3.50381 	-0.147256 	-2.6298 	-0.0031861 	-0.181469 	2.75627e-05 	
2.505	3.50298 	-0.14081 	-2.63496 	-0.00287878 	-0.181611 	3.85936e-06 	
2.51	3.50298 	-0.139415 	-2.63746 	-0.00280135 	-0.181723 	1.68093e-05 	
2.515	3.50299 	-0.138632 	-2.63952 	-0.0027506 	-0.181825 	3.41034e-05 	
2.52	3.50319 	-0.143473 	-2.6406 	-0.00302708 	-0.181908 	6.96523e-06 	
2.525	3.50332 	-0.144484 	-2.64188 	-0.00306806 	-0.181988 	3.09157e-05 	
2.53	3.5035 	-0.145169 	-2.64311 	-0.00308479 	-0.182064 	6.55154e-05 	
2.535	3.5037 	-0.145625 	-2.64433 	-0.0030843 	-0.182138 	0.000107628 	
2.54	3.50392 	-0.145925 	-2.64556 	-0.00307184 	-0.18221 	0.000154927 	
2.545	3.50266 	-0.138321 	-2.65187 	-0.00276295 	-0.182359 	5.03763e-05 	
2.55	3.5025 	-0.136555 	-2.65466 	-0.00268382 	-0.182471 	3.83709e-05 	
2.555	3.50233 	-0.135516 	-2.65689 	-0.00263344 	-0.182573 	3.61217e-05 	
2.56	3.5034 	-0.142113 	-2.65571 	-0.00294819 	-0.182631 	8.01374e-05 	
2.565	3.50363 	-0.143568 	-2.65634 	-0.00299863 	-0.182694 	0.000121479 	
2.57	3.50386 	-0.144578 	-2.65711 	-0.00302146 	-0.182755 	0.00016948 	
2.575	3.50407 	-0.145266 	-2.65803 	-0.00302454 	-0.182814 	0.000221978 	
2.58	3.50267 	-0.137399 	-2.6638 	-0.00272213 	-0.182942 	8.78368e-05 	
2.585	3.50241 	-0.135649 	-2.66631 	-0.00264853 	-0.18304 	6.86108e-05 	
2.59	3.50214 	-0.134601 	-2.66835 	-0.00260108 	-0.18313 	6.14195e-05 	
2.595	3.50342 	-0.140831 	-2.66666 	-0.00288008 	-0.183176 	0.000127497 	
2.6	3.50364 	-0.142221 	-2.6671 	-0.00292324 	-0.183228 	0.000172971 	
2.605	3.50381 	-0.143206 	-2.66775 	-0.00294197 	-0.183279 	0.000223484 	
2.61	3.50395 	-0.143898 	-2.66858 	-0.00294322 	-0.18333 	0.000277349 	
2.615	3.50275 	-0.138039 	-2.67059 	-0.00271682 	-0.183392 	0.000179815 	
2.62	3.50302 	-0.137573 	-2.67112 	-0.00267514 	-0.183447 	0.000205245 	
2.625	-1.78001 	2.66301 	9.57783 	-0.189994 	0.294366 	-0.0573442 	
2.63	-0.805226 	2.26023 	7.96488 	-0.171394 	0.22533 	-0.0368214 	
2.635	-0.82159 	2.29593 	8.3906 	-0.1832 	0.238966 	-0.0272527 	
2.64	-0.774089 	2.37589 	8.77783 	-0.193285 	0.249443 	-0.0211471 	
2.645	-1.08452 	2.07638 	9.43333 	-0.169387 	0.27633 	0.0113946 	
2.65	-1.19486 	2.05018 	9.90844 	-0.165594 	0.29261 	0.0141865 	
2.655	-1.26931 	1.86524 	10.2806 	-0.147829 	0.305754 	0.0146243 	
2.66	-0.838828 	1.59963 	11.3039 	-0.116513 	0.3257 	0.00669296 	
2.665	-0.915656 	1.53904 	11.1727 	-0.108936 	0.324301 	-0.00410482 	
2.67	-0.616889 	1.56934 	10.8918 	-0.118173 	0.31011 	0.00209463 	
2.675	-0.308953 	1.44729 	10.584 	-0.108519 	0.294206 	0.00195474 	
2.68	-0.432187 	1.14095 	10.7676 	-0.078098 	0.302537 	0.00426333 	
2.685	-0.517585 	1.00505 	10.9026 	-0.0630047 	0.30868 	-0.000700631 	
2.69	-0.584198 	0.880134 	11.0097 	-0.0495848 	0.313535 	-0.00363948 	
2.695	-0.644522 	0.779011 	11.1044 	-0.0386065 	0.317863 	-0.00614247 	
2.7	-0.702855 	0.703833 	11.1924 	-0.0301955 	0.321934 	-0.00826068 	
2.705	-0.759927 	0.651024 	11.2751 	-0.024065 	0.325809 	-0.00980109 	
2.71	-0.81289 	0.612913 	11.35 	-0.0196239 	0.329341 	-0.0103622 	
2.715	-0.860259 	0.584606 	11.4161 	-0.0165686 	0.332473 	-0.00954192 	
2.72	-0.904001 	0.564825 	11.4753 	-0.0146392 	0.33531 	-0.00786176 	
2.725	-0.942231 	0.548409 	11.526 	-0.0130854 	0.337742 	-0.00622801 	
2.73	-0.975573 	0.534717 	11.5691 	-0.0117961 	0.339818 	-0.00479965 	
2.735	-1.00508 	0.523874 	11.6061 	-0.0107885 	0.341607 	-0.00351049 	
2.74	-1.01884 	0.542658 	11.6235 	-0.0113324 	0.34235 	-0.00786866 	
2.745	-1.03655 	0.561578 	11.6444 	-0.012151 	0.343312 	-0.0108602 	
2.75	-1.05245 	0.58009 	11.6623 	-0.0130042 	0.344144 	-0.0135887 	
2.755	-1.06639 	0.596877 	11.6772 	-0.0137754 	0.34484 	-0.0160544 	
2.76	-1.07848 	0.611484 	11.6892 	-0.014419 	0.345409 	-0.0182806 	
2.765	-1.0882 	0.624511 	11.698 	-0.0149807 	0.345831 	-0.020336 	
2.77	-1.10903 	0.618688 	11.717 	-0.0140904 	0.346769 	-0.0203886 	
2.775	-1.12556 	0.61723 	11.7313 	-0.0135829 	0.347482 	-0.020774 	
2.78	-1.14099 	0.616706 	11.7441 	-0.0131947 	0.34813 	-0.0211123 	
2.785	-1.1555 	0.616967 	11.7556 	-0.012905 	0.348723 	-0.0214124 	
2.79	-1.16913 	0.617905 	11.7661 	-0.0127034 	0.349265 	-0.0216765 	
2.795	-1.18195 	0.619365 	11.7755 	-0.0125732 	0.349761 	-0.021908 	
2.8	-1.19399 	0.621227 	11.7839 	-0.0125028 	0.350213 	-0.0221082 	
2.805	-1.2053 	0.623365 	11.7914 	-0.0124789 	0.350623 	-0.0222793 	
2.81	-1.21592 	0.625652 	11.7982 	-0.0124867 	0.350996 	-0.0224244 	
2.815	-1.22585 	0.628057 	11.804 	-0.0125253 	0.351331 	-0.0225429 	
2.82	-1.2352 	0.630492 	11.8092 	-0.0125833 	0.351635 	-0.0226381 	
2.825	-1.24395 	0.632973 	11.8137 	-0.0126647 	0.351905 	-0.022709 	
2.83	-0.925769 	0.146557 	11.3946 	0.0382568 	0.330928 	-0.0239388 	
2.835	-0.674383 	-0.143633 	11.0892 	0.0657105 	0.315589 	-0.0221288 	
2.84	-0.888175 	0.570704 	11.8201 	-0.0134862 	0.34354 	-0.00926361 	
2.845	-0.780658 	0.864018 	11.5179 	-0.0456553 	0.332528 	-0.00506256 	
2.85	-0.72837 	0.748076 	11.4252 	-0.0310689 	0.328047 	-0.00724879 	
2.855	-0.628017 	0.200694 	11.186 	0.0314494 	0.317275 	-0.0161617 	
2.86	-0.544204 	-0.211099 	11.0222 	0.0721556 	0.310005 	-0.0186173 	
2.865	-0.461982 	-0.580895 	10.8766 	0.106111 	0.30336 	-0.0193878 	
2.87	-0.397758 	-0.889297 	10.7539 	0.135295 	0.297789 	-0.020529 	
2.875	-0.863779 	0.0965458 	12.2523 	0.0286792 	0.35353 	-0.00410254 	
2.88	-0.715653 	0.420364 	11.7273 	-0.00673441 	0.334851 	-0.00064617 	
2.885	-0.676862 	0.763634 	11.576 	-0.0424908 	0.329647 	0.00273512 	
2.89	-0.444338 	0.715927 	10.6703 	-0.0623803 	0.299953 	0.0163582 	
2.895	-0.43567 	0.142812 	10.7141 	0.0108688 	0.299108 	0.00238642 	
2.9	-0.391874 	-0.256778 	10.6233 	0.054441 	0.294818 	-0.00280515 	
2.905	-0.166502 	-0.309889 	10.3865 	0.0612331 	0.282023 	-0.00542934 	
2.91	0.140718 	-0.241805 	10.0481 	0.0508083 	0.264682 	-0.00445461 	
2.915	-1.41897 	0.262789 	11.6126 	0.018419 	0.338549 	-0.0094837 	
2.92	-1.27693 	0.411441 	11.4681 	-0.00349973 	0.328149 	0.00732556 	
2.925	-1.37318 	0.541704 	11.553 	-0.0183288 	0.329129 	0.0158166 	
2.93	-1.42553 	0.874986 	11.6557 	-0.051294 	0.339455 	0.0189922 	
2.935	-1.45126 	1.08503 	11.7085 	-0.0725242 	0.344663 	0.0227238 	
2.94	-1.47634 	0.895998 	11.682 	-0.0527195 	0.336649 	0.0184811 	
2.945	-1.49863 	0.811454 	11.6743 	-0.0436675 	0.332345 	0.016125 	
2.95	-1.51823 	0.741301 	11.6675 	-0.0361266 	0.328675 	0.0140459 	
2.955	-1.53562 	0.683396 	11.6617 	-0.0298894 	0.325556 	0.0122673 	
2.96	-1.53441 	1.02003 	11.7146 	-0.063993 	0.334907 	0.0172658 	
2.965	-1.60381 	1.17981 	11.8139 	-0.0794396 	0.343048 	0.0187279 	
2.97	-1.53584 	1.06682 	11.7687 	-0.0668562 	0.34196 	0.0125808 	
2.975	-1.49936 	1.01886 	11.7509 	-0.0610916 	0.342419 	0.00875784 	
2.98	-1.43241 	0.986548 	11.7008 	-0.057403 	0.341487 	0.00632995 	
2.985	-1.87398 	0.802821 	12.1512 	-0.0338386 	0.361258 	-0.00457541 	
2.99	-1.69991 	0.82329 	11.9871 	-0.0367756 	0.355055 	-0.00388624 	
2.995	-1.64037 	0.806357 	11.934 	-0.0349463 	0.353379 	-0.00500006 	
3	-1.58995 	0.790531 	11.8884 	-0.0332746 	0.351934 	-0.00580131 	
3.005	-1.86022 	0.506312 	12.1381 	-0.00138094 	0.359048 	-0.00685492 	
3.01	-1.74889 	0.575939 	12.0141 	-0.00991515 	0.353418 	-0.00536274 	
3.015	-1.73834 	0.593527 	11.9834 	-0.0132234 	0.351127 	0.000113085 	
3.02	-1.74049 	0.615327 	11.9649 	-0.0170748 	0.349423 	0.00651484 	
3.025	-1.74562 	0.636674 	11.9503 	-0.0206974 	0.347947 	0.0123241 	
3.03	-1.74445 	0.651876 	11.933 	-0.0232651 	0.34654 	0.0162842 	
3.035	-1.69809 	0.677338 	11.8962 	-0.0242798 	0.345899 	0.00966893 	
3.04	-1.58709 	0.852311 	11.7871 	-0.0424377 	0.342878 	0.00597069 	
3.045	-1.59312 	0.896716 	11.7867 	-0.0447562 	0.342436 	-0.000396275 	
3.05	-1.62871 	0.677549 	11.7715 	-0.0181291 	0.338568 	-0.014594 	
3.055	-1.65179 	0.753357 	11.7488 	-0.0264948 	0.333141 	-0.0125652 	
3.06	-1.63147 	0.745922 	11.7309 	-0.0256843 	0.332959 	-0.013296 	
3.065	-1.56467 	0.676521 	11.6686 	-0.0211662 	0.329564 	-0.00401329 	
3.07	-1.57022 	0.690058 	11.6718 	-0.0222874 	0.330094 	-0.00546764 	
3.075	-1.57168 	0.729176 	11.6766 	-0.0272334 	0.33081 	-0.00290117 	
3.08	-1.54421 	0.38513 	11.5878 	0.00827525 	0.323899 	-0.00928872 	
3.085	-1.56778 	0.329954 	11.5529 	0.0129749 	0.317253 	-0.00715089 	
3.09	-1.59995 	0.389914 	11.5639 	0.00706745 	0.31589 	-0.00731555 	
3.095	-1.63058 	0.497346 	11.5733 	-0.00297833 	0.314592 	-0.00946342 	
3.1	-1.66774 	0.575609 	11.5943 	-0.0119255 	0.314694 	-0.00441497 	
3.105	-1.67562 	0.488672 	11.5878 	0.000616506 	0.314809 	-0.0176873 	
3.11	-1.72706 	0.699216 	11.6131 	-0.0214618 	0.313673 	-0.0127567 	
3.115	-1.73159 	0.749967 	11.609 	-0.0259245 	0.312847 	-0.0150282 	
3.12	-1.77802 	0.904902 	11.6304 	-0.0417418 	0.312098 	-0.0123392 	
3.125	-1.75958 	0.858283 	11.6091 	-0.0363683 	0.310932 	-0.0155959 	
3.13	-1.75485 	0.850564 	11.5973 	-0.0351495 	0.31 	-0.0173902 	
3.135	-1.7512 	0.84369 	11.5865 	-0.0340825 	0.309159 	-0.0189019 	
3.14	-1.64701 	0.490421 	11.4379 	-0.00053561 	0.300595 	-0.017532 	
3.145	-1.60855 	0.494456 	11.4434 	-0.00168212 	0.304701 	-0.0138866 	
3.15	-1.64024 	0.527106 	11.4775 	-0.00528646 	0.306857 	-0.0124332 	
3.155	-1.651 	0.53387 	11.4969 	-0.00616163 	0.309 	-0.0116554 	
3.16	-1.65828 	0.540779 	11.5107 	-0.0072069 	0.310642 	-0.0103606 	
3.165	-1.637 	0.510227 	11.5159 	-0.00454207 	0.313717 	-0.0094072 	
3.17	-1.70194 	0.45806 	11.6182 	0.000587705 	0.314608 	-0.00767439 	
3.175	-1.66338 	0.502975 	11.5902 	-0.00387964 	0.317338 	-0.00805767 	
3.18	-1.69787 	0.597049 	11.5809 	-0.0124108 	0.314122 	-0.0107713 	
3.185	-1.65988 	0.555426 	11.5645 	-0.00914318 	0.316293 	-0.00790716 	
3.19	-1.69702 	0.655317 	11.5599 	-0.0180783 	0.313387 	-0.0113029 	
3.195	-1.70082 	0.619486 	11.549 	-0.0148612 	0.312546 	-0.0101875 	
3.2	-1.67269 	0.646567 	11.5471 	-0.0179843 	0.315716 	-0.00906058 	
3.205	-1.68252 	0.640783 	11.5554 	-0.0181366 	0.316672 	-0.00600679 	
3.21	-1.68844 	0.619681 	11.5503 	-0.0162169 	0.316361 	-0.00541002 	
3.215	-1.73401 	0.796966 	11.5987 	-0.03595 	0.320442 	0.00439605 	
3.22	-1.74024 	0.828073 	11.608 	-0.0391745 	0.322033 	0.0057215 	
3.225	-1.71863 	0.753057 	11.5912 	-0.0309408 	0.322183 	0.00172888 	
3.23	-1.70726 	0.712503 	11.5823 	-0.0264689 	0.322598 	-0.000378672 	
3.235	-1.6982 	0.678828 	11.5744 	-0.0227181 	0.322928 	-0.00216313 	
3.24	-1.6692 	0.564738 	11.5288 	-0.0110149 	0.320732 	-0.00509198 	
3.245	-1.67308 	0.574917 	11.5383 	-0.0123387 	0.32203 	-0.00374216 	
3.25	-1.67227 	0.566912 	11.5387 	-0.0118814 	0.322699 	-0.00250143 	
3.255	-1.67175 	0.559445 	11.538 	-0.0113829 	0.3232 	-0.001614 	
3.26	-1.66879 	0.550693 	11.5367 	-0.0107316 	0.323833 	-0.000861994 	
3.265	-1.66655 	0.540242 	11.5345 	-0.0100516 	0.324303 	0.000412637 	
3.27	-1.66495 	0.530913 	11.5322 	-0.0094815 	0.324696 	0.00170513 	
3.275	-1.66389 	0.522528 	11.5297 	-0.00895714 	0.325013 	0.00286007 	
3.28	-1.66331 	0.515498 	11.5271 	-0.00848277 	0.325271 	0.00370945 	
3.285	-1.6632 	0.509531 	11.5245 	-0.00807139 	0.325485 	0.00441126 	
3.29	-1.66524 	0.50463 	11.5207 	-0.00740089 	0.325343 	0.00381518 	
3.295	-1.66699 	0.499894 	11.5173 	-0.00689454 	0.32529 	0.00376455 	
3.3	-1.66867 	0.494877 	11.5139 	-0.00638949 	0.32523 	0.00380941 	
3.305	-1.67251 	0.497201 	11.5114 	-0.00631348 	0.325086 	0.00280716 	
3.31	-1.57131 	0.16894 	11.3698 	0.0248906 	0.317308 	0.00354854 	
3.315	-1.6196 	0.287809 	11.4177 	0.0138109 	0.319287 	0.00252909 	
3.32	-1.82866 	0.52178 	11.6736 	-0.00204111 	0.326434 	-0.0175462 	
3.325	-1.74039 	0.353186 	11.5325 	0.0137235 	0.319632 	-0.018192 	
3.33	-1.63626 	0.0670063 	11.3991 	0.0394658 	0.313683 	-0.0135523 	
3.335	-1.56255 	-0.124706 	11.2958 	0.0575289 	0.308579 	-0.0139725 	
3.34	-1.63902 	0.0223848 	11.3419 	0.0426158 	0.308065 	-0.0110009 	
3.345	-1.67775 	0.0862982 	11.3549 	0.0358345 	0.306918 	-0.00884196 	
3.35	-1.70993 	0.137337 	11.3645 	0.0303823 	0.305917 	-0.00697294 	
3.355	-1.73434 	0.171288 	11.3693 	0.0266434 	0.305015 	-0.00532652 	
3.36	-1.78136 	0.207131 	11.3997 	0.020702 	0.305984 	0.00476532 	
3.365	-1.63409 	-0.0815449 	11.2439 	0.048817 	0.300244 	0.000648673 	
3.37	-1.70815 	0.236478 	11.3464 	0.0169882 	0.308276 	0.00572269 	
3.375	-1.74045 	0.429943 	11.3921 	-0.00202536 	0.312426 	0.00708772 	
3.38	-1.75231 	0.543063 	11.4202 	-0.0129925 	0.315855 	0.00730082 	
3.385	-1.73063 	0.502727 	11.4183 	-0.00852971 	0.317733 	0.0052285 	
3.39	-1.76809 	0.656108 	11.4552 	-0.0239172 	0.32026 	0.00786468 	
3.395	-1.74111 	0.596828 	11.4406 	-0.0169764 	0.320836 	0.00309844 	
3.4	-1.72857 	0.577703 	11.4355 	-0.0143894 	0.321585 	0.000291111 	
3.405	-1.71845 	0.56155 	11.4308 	-0.0121913 	0.322201 	-0.00209375 	
3.41	-1.70772 	0.537604 	11.4198 	-0.0093245 	0.322034 	-0.0043825 	
3.415	-1.72887 	0.54356 	11.4303 	-0.0102521 	0.321852 	-0.00245432 	
3.42	-1.7122 	0.516967 	11.416 	-0.00705589 	0.321873 	-0.00520733 	
3.425	-1.70453 	0.500343 	11.4073 	-0.0050505 	0.321839 	-0.00685124 	
3.43	-1.69812 	0.516036 	11.3987 	-0.00588949 	0.321659 	-0.0096697 	
3.435	-1.70158 	0.546894 	11.4034 	-0.00849564 	0.322413 	-0.0109751 	
3.44	-1.72546 	0.532703 	11.4149 	-0.00828826 	0.322552 	-0.00588814 	
3.445	-1.74123 	0.50255 	11.4215 	-0.00635345 	0.322729 	-0.00162547 	
3.45	-1.75121 	0.50599 	11.42 	-0.00663997 	0.322095 	-0.00171976 	
3.455	-1.76044 	0.504036 	11.4189 	-0.00653173 	0.321637 	-0.00128707 	
3.46	-1.76782 	0.503587 	11.4183 	-0.00656143 	0.321419 	-0.000858592 	
3.465	-1.77488 	0.503025 	11.4172 	-0.00656969 	0.32117 	-0.000497891 	
3.47	-1.81066 	0.732463 	11.4466 	-0.028606 	0.323068 	-0.000880598 	
3.475	-1.81405 	0.657652 	11.4333 	-0.0213191 	0.321252 	-0.000720305 	
3.48	-1.8193 	0.642446 	11.4303 	-0.0198163 	0.32086 	-0.000491147 	
3.485	-1.82904 	0.648815 	11.4367 	-0.0208836 	0.321568 	0.00176786 	
3.49	-1.83578 	0.691956 	11.4568 	-0.0260648 	0.324703 	0.00622144 	
3.495	-1.82584 	0.683199 	11.456 	-0.0254325 	0.326172 	0.00717666 	
3.5	-1.76877 	0.671202 	11.4526 	-0.0249338 	0.331156 	0.00889119 	
3.505	-1.73897 	0.641129 	11.4521 	-0.0216229 	0.334096 	0.00737373 	
3.51	-1.71398 	0.627191 	11.4522 	-0.0201883 	0.336898 	0.00704304 	
3.515	-1.6571 	0.565239 	11.4159 	-0.0140852 	0.337911 	0.00711331 	
3.52	-1.63571 	0.55589 	11.4175 	-0.0131097 	0.340548 	0.00678778 	
3.525	-1.65706 	0.604653 	11.4462 	-0.0181928 	0.342862 	0.00773496 	
3.53	-1.73096 	0.682859 	11.4632 	-0.0270749 	0.340631 	0.0142103 	
3.535	-1.74796 	0.615051 	11.4367 	-0.018695 	0.335598 	0.00690013 	
3.54	-1.9678 	0.863031 	11.7173 	-0.0403127 	0.346449 	0.00565456 	
3.545	-1.94508 	0.871252 	11.6441 	-0.0430287 	0.342365 	0.0114001 	
3.55	-1.96028 	0.908167 	11.6315 	-0.0474724 	0.34094 	0.0148228 	
3.555	-1.87273 	0.669531 	11.5419 	-0.0216977 	0.336406 	0.0035398 	
3.56	-1.84635 	0.575213 	11.4999 	-0.011527 	0.333798 	-0.00111342 	
3.565	-1.81705 	0.488224 	11.4582 	-0.00234798 	0.331308 	-0.00468353 	
3.57	-1.81873 	0.490166 	11.442 	-0.00298751 	0.329931 	-0.00358123 	
3.575	-1.82037 	0.474462 	11.419 	-0.00159761 	0.327998 	-0.00389025 	
3.58	-1.81534 	0.448927 	11.3972 	0.000915859 	0.326442 	-0.00465112 	
3.585	-1.8512 	0.545932 	11.4129 	-0.00939 	0.326143 	-0.0007968 	
3.59	-1.83681 	0.510371 	11.3945 	-0.00586748 	0.325553 	-0.00157974 	
3.595	-1.72261 	0.651333 	11.3458 	-0.024504 	0.328617 	0.0130812 	
3.6	-1.75893 	0.585696 	11.347 	-0.0164697 	0.326545 	0.00786916 	
3.605	-1.83243 	0.760841 	11.3891 	-0.0341921 	0.327393 	0.0125259 	
3.61	-1.81804 	0.682795 	11.3728 	-0.0257839 	0.327048 	0.00897759 	
3.615	-1.78493 	0.689814 	11.3911 	-0.0263461 	0.332835 	0.00812433 	
3.62	-1.75848 	0.676058 	11.3938 	-0.0247845 	0.336128 	0.00727992 	
3.625	-1.73526 	0.662063 	11.3943 	-0.0232269 	0.338852 	0.0065956 	
3.63	-1.71416 	0.648437 	11.3926 	-0.0217361 	0.341067 	0.00608855 	
3.635	-1.6958 	0.635033 	11.39 	-0.0203005 	0.342928 	0.00568163 	
3.64	-1.68535 	0.625282 	11.3874 	-0.0192174 	0.344054 	0.00533176 	
3.645	-1.70225 	0.649167 	11.3892 	-0.0216249 	0.343377 	0.0059091 	
3.65	-1.64773 	0.242872 	11.3936 	0.0197924 	0.340208 	-0.00501057 	
3.655	2.42011 	-0.321572 	11.5689 	0.0693659 	0.743478 	-0.02035 	
3.66	1.02217 	-0.0524719 	11.5074 	0.0447953 	0.606951 	-0.0130788 	
3.665	0.524678 	0.141432 	11.4947 	0.0263962 	0.561112 	-0.00934162 	
3.67	0.118577 	0.1784 	11.4921 	0.0223145 	0.524949 	-0.00272088 	
3.675	-0.239036 	0.197582 	11.5087 	0.0181408 	0.495937 	0.00909401 	
3.68	-0.487171 	0.259762 	11.4693 	0.0136494 	0.468172 	0.00559323 	
3.685	-0.719691 	0.295449 	11.4383 	0.0108742 	0.443247 	0.00496807 	
3.69	-0.895248 	0.306108 	11.4095 	0.0104517 	0.423739 	0.0039796 	
3.695	-1.10708 	0.377147 	11.4301 	0.00133712 	0.408802 	0.0153925 	
3.7	-1.24654 	0.39364 	11.4131 	-7.6866e-05 	0.394374 	0.0160239 	
3.705	-1.34634 	0.373204 	11.3834 	0.00257995 	0.38157 	0.0139069 	
3.71	-1.4392 	0.367464 	11.3635 	0.00351622 	0.370836 	0.0130199 	
3.715	-1.51488 	0.372754 	11.3424 	0.00380698 	0.361408 	0.0104084 	
3.72	-1.57875 	0.372656 	11.3224 	0.00443106 	0.353293 	0.00843982 	
3.725	-1.63464 	0.3743 	11.3057 	0.00479048 	0.34637 	0.00679452 	
3.73	-1.68303 	0.376282 	11.291 	0.0050305 	0.340436 	0.00540695 	
3.735	-1.72515 	0.378848 	11.2782 	0.00514144 	0.33535 	0.00422985 	
3.74	-1.76656 	0.36484 	11.2726 	0.00612968 	0.331479 	0.00594847 	
3.745	-1.82994 	0.404362 	11.2746 	0.00214754 	0.326753 	0.00731824 	
3.75	-1.85606 	0.410716 	11.2627 	0.00201186 	0.323218 	0.0055575 	
3.755	-1.86105 	0.427299 	11.263 	0.000663993 	0.323282 	0.0047513 	
3.76	-1.87023 	0.440036 	11.261 	-0.000330965 	0.322678 	0.00402603 	
3.765	-1.87869 	0.451065 	11.2587 	-0.00119064 	0.322122 	0.00340477 	
3.77	-1.88551 	0.46338 	11.2555 	-0.0021707 	0.321581 	0.00272276 	
3.775	-1.88499 	0.460108 	11.2525 	-0.00162909 	0.321661 	0.00205604 	
3.78	-1.92291 	0.491576 	11.2453 	-0.00436239 	0.317826 	0.00137776 	
3.785	-1.82621 	0.49598 	11.2493 	-0.00527681 	0.327679 	0.00252179 	
3.79	-1.87524 	0.48284 	11.2339 	-0.00225025 	0.321683 	-0.00253213 	
3.795	-1.89985 	0.475519 	11.2253 	-0.00183076 	0.31885 	-0.00165256 	
3.8	-1.92059 	0.469226 	11.2171 	-0.00119192 	0.316408 	-0.0017157 	
3.805	-1.92701 	0.326856 	11.1987 	0.0139065 	0.31484 	-0.0119836 	
3.81	-1.83866 	0.389723 	11.2126 	0.00683075 	0.324964 	-0.0070491 	
3.815	-1.87571 	0.40023 	11.2115 	0.00582867 	0.321915 	-0.00618415 	
3.82	-1.88849 	0.412871 	11.211 	0.00454147 	0.321132 	-0.00538297 	
3.825	-1.6855 	0.399134 	11.221 	0.00518949 	0.341245 	-0.00419783 	
3.83	-1.56092 	0.393648 	11.2272 	0.00530157 	0.353842 	-0.00335123 	
3.835	-1.45146 	0.387048 	11.2328 	0.00562086 	0.365019 	-0.0028376 	
3.84	-1.35168 	0.380748 	11.2373 	0.0059215 	0.375116 	-0.0023151 	
3.845	-1.26203 	0.374541 	11.2411 	0.00624401 	0.384164 	-0.00186595 	
3.85	-1.1822 	0.368656 	11.2443 	0.00655901 	0.39221 	-0.00145784 	
3.855	-1.11176 	0.363236 	11.2468 	0.00685792 	0.399302 	-0.00110594 	
3.86	-1.05006 	0.358259 	11.2487 	0.00714152 	0.405513 	-0.00080524 	
3.865	-0.995756 	0.353597 	11.2499 	0.00740505 	0.410937 	-0.000505119 	
3.87	-1.18778 	0.380217 	11.2382 	0.00534286 	0.392502 	-0.000581426 	
3.875	-1.30484 	0.396679 	11.23 	0.00405251 	0.381306 	-0.000586566 	
3.88	-1.40498 	0.410316 	11.2223 	0.00299246 	0.371718 	-0.000599992 	
3.885	-1.49102 	0.422406 	11.2153 	0.00204493 	0.363524 	-0.00060604 	
3.89	-1.5656 	0.434703 	11.2097 	0.00104399 	0.356554 	-0.000579169 	
3.895	-1.64279 	0.427663 	11.191 	0.00192461 	0.347624 	-0.00093591 	
3.9	-1.70183 	0.427472 	11.1785 	0.00209852 	0.34119 	-0.0011804 	
3.905	2.5066 	-0.174994 	11.5007 	0.0540718 	0.767405 	-0.0148795 	
3.91	0.920121 	0.230577 	11.4283 	0.0165124 	0.615005 	-0.00519047 	
3.915	0.490626 	0.220217 	11.3724 	0.0184466 	0.568338 	-0.00555181 	
3.92	0.110377 	0.257568 	11.3351 	0.0153647 	0.528942 	-0.00434718 	
3.925	-0.214163 	0.287012 	11.3023 	0.0130027 	0.495269 	-0.00345173 	
3.93	-0.503015 	0.317121 	11.2794 	0.0102759 	0.466496 	-0.00147616 	
3.935	-0.73076 	0.345343 	11.2596 	0.00808955 	0.44341 	-0.00151197 	
3.94	-0.914169 	0.367308 	11.2441 	0.00642397 	0.425055 	-0.00159419 	
3.945	-1.08529 	0.387947 	11.2308 	0.00463365 	0.408167 	-0.00069138 	
3.95	-1.22816 	0.404172 	11.2177 	0.00336497 	0.39383 	-0.000462979 	
3.955	-1.35027 	0.417606 	11.2057 	0.00233545 	0.381548 	-0.000309198 	
3.96	-1.45571 	0.430532 	11.1957 	0.00130514 	0.371082 	-0.00012889 	
3.965	-1.54498 	0.439929 	11.1852 	0.000608737 	0.362049 	-8.21316e-05 	
3.97	-1.62158 	0.44817 	11.1756 	-1.9332e-06 	0.354307 	-7.31056e-05 	
3.975	-1.6874 	0.455541 	11.1669 	-0.000553887 	0.34767 	-8.39985e-05 	
3.98	-1.74876 	0.450039 	11.1508 	0.000118888 	0.3405 	-0.000369018 	
3.985	-1.80642 	0.448687 	11.1378 	0.00035605 	0.334098 	-0.000479338 	
3.99	-1.84695 	0.457795 	11.1334 	-0.000441897 	0.330365 	-0.000398178 	
3.995	-1.88372 	0.463777 	11.1276 	-0.000938706 	0.326821 	-0.000371157 	
4	-1.91679 	0.470199 	11.1222 	-0.00148098 	0.323666 	-0.000349488 	
4.005	-1.93893 	0.467056 	11.1147 	-0.00109933 	0.321212 	-0.000480061 	
4.01	-1.96074 	0.468943 	11.1097 	-0.00123992 	0.319116 	-0.000477541 	
4.015	-1.91698 	0.473095 	11.1074 	-0.00140616 	0.323124 	-0.00155931 	
4.02	-1.7049 	0.440562 	11.1211 	0.00120038 	0.34443 	-0.00157516 	
4.025	-1.56162 	0.420065 	11.1293 	0.00284891 	0.358792 	-0.00169029 	
4.03	-1.6029 	0.418012 	11.1149 	0.0028824 	0.353511 	-0.000968638 	
4.035	-1.43584 	0.396144 	11.1247 	0.00423486 	0.369716 	0.000275521 	
4.04	-1.3382 	0.385974 	11.1324 	0.00511341 	0.380079 	-0.000212632 	
4.045	-1.25285 	0.375522 	11.138 	0.00597373 	0.388935 	-0.000424548 	
4.05	-1.3659 	0.372543 	11.1219 	0.00801178 	0.377522 	-0.00672412 	
4.055	-1.12977 	0.293517 	11.1404 	0.0156701 	0.40305 	-0.00902914 	
4.06	-0.110914 	0.165616 	11.2313 	0.0261412 	0.507255 	-0.0108536 	
4.065	-0.518564 	0.222147 	11.1859 	0.0209171 	0.464398 	-0.00810482 	
4.07	-0.716635 	0.246308 	11.1614 	0.0185804 	0.443593 	-0.0063182 	
4.075	-0.845525 	0.264867 	11.1483 	0.0160873 	0.430588 	-0.00222396 	
4.08	-1.04187 	0.304077 	11.1377 	0.0129435 	0.411964 	-0.00262157 	
4.085	-1.19313 	0.333071 	11.1274 	0.0105037 	0.397414 	-0.00236335 	
4.09	-1.32264 	0.357569 	11.1179 	0.008442 	0.384957 	-0.0021378 	
4.095	-1.43896 	0.375567 	11.1057 	0.006942 	0.373348 	-0.00190436 	
4.1	-1.53746 	0.391238 	11.0953 	0.00563546 	0.363586 	-0.00171939 	
4.105	-1.62226 	0.40516 	11.086 	0.00446907 	0.355234 	-0.00155389 	
4.11	-1.56485 	0.396965 	11.0837 	0.00524302 	0.360341 	-0.00215718 	
4.115	-1.54266 	0.394444 	11.0802 	0.00550555 	0.362218 	-0.00249556 	
4.12	-1.52441 	0.392312 	11.0767 	0.00572257 	0.363769 	-0.00275121 	
4.125	-1.52795 	0.449322 	11.112 	-0.000312832 	0.368109 	-0.000761186 	
4.13	-1.50922 	0.456035 	11.1139 	-0.00101985 	0.370413 	-0.000225826 	
4.135	-1.49422 	0.462742 	11.1158 	-0.00169721 	0.372397 	0.000167035 	
4.14	-1.48233 	0.46926 	11.1176 	-0.00231049 	0.374108 	0.000376247 	
4.145	-1.47269 	0.475044 	11.1189 	-0.00283887 	0.375566 	0.000504092 	
4.15	-1.46479 	0.479967 	11.1196 	-0.00327402 	0.376798 	0.000576866 	
4.155	-1.45839 	0.484154 	11.1198 	-0.00363497 	0.377835 	0.000616379 	
4.16	-1.50429 	0.461696 	11.0897 	-0.00197535 	0.370173 	0.00220044 	
4.165	-1.53374 	0.44721 	11.0693 	-0.000901387 	0.365297 	0.00314497 	
4.17	-1.55983 	0.435978 	11.0516 	-0.000140707 	0.361095 	0.004156 	
4.175	-1.67403 	0.577654 	11.0629 	-0.0117016 	0.354053 	0.000330299 	
4.18	-1.74863 	0.634303 	11.0598 	-0.0164795 	0.34805 	-0.0001633 	
4.185	-1.81154 	0.670859 	11.0535 	-0.019685 	0.342511 	0.000196008 	
4.19	-1.83613 	0.642217 	11.0366 	-0.0172667 	0.338404 	0.00105913 	
4.195	-1.74878 	0.599845 	11.0388 	-0.0136782 	0.346568 	0.00135618 	
4.2	-1.71839 	0.570643 	11.0412 	-0.0100447 	0.350161 	-0.00278549 	
4.205	-1.75074 	0.54357 	11.0196 	-0.00804376 	0.344642 	-0.000947693 	
4.21	-1.76604 	0.520658 	11.005 	-0.0061469 	0.341671 	-0.000267665 	
4.215	-1.77939 	0.50134 	10.9922 	-0.00454877 	0.339142 	0.000308372 	
4.22	-1.56674 	0.467116 	11.0165 	-0.00122897 	0.361683 	-0.00191048 	
4.225	-1.26787 	0.416833 	11.0469 	0.00326747 	0.392748 	-0.00348019 	
4.23	-1.05543 	0.382437 	11.0699 	0.00638949 	0.41509 	-0.00475289 	
4.235	-1.18977 	0.402125 	11.0544 	0.0049729 	0.401401 	-0.00530525 	
4.24	-1.24135 	0.408895 	11.0476 	0.00458281 	0.396283 	-0.00582607 	
4.245	-1.28527 	0.414442 	11.0412 	0.00427699 	0.391918 	-0.00629977 	
4.25	-1.38407 	0.388264 	11.0161 	0.00525357 	0.380369 	2.6377e-05 	
4.255	-1.45843 	0.395937 	11.0014 	0.00492703 	0.372224 	-0.00109279 	
4.26	-1.29886 	-0.00177826 	10.7329 	0.0412879 	0.354673 	-0.0026331 	
4.265	-1.44403 	0.152662 	10.814 	0.0276279 	0.351717 	-0.00350884 	
4.27	-1.52049 	0.20141 	10.8307 	0.0234614 	0.34723 	-0.00427575 	
4.275	-1.58747 	0.236321 	10.8433 	0.0205956 	0.342991 	-0.00513978 	
4.28	-1.16998 	0.205338 	10.9032 	0.0224905 	0.389014 	-0.00426793 	
4.285	-0.292064 	0.096881 	11.0141 	0.0313601 	0.482183 	-0.00600703 	
4.29	-0.366615 	0.131499 	11.0231 	0.0282643 	0.476872 	-0.00560602 	
4.295	-0.667124 	0.193727 	11.0051 	0.0233399 	0.44761 	-0.00637381 	
4.3	-0.852625 	0.236195 	10.9965 	0.0199409 	0.430009 	-0.0069289 	
4.305	-1.00961 	0.271431 	10.9884 	0.0171037 	0.415099 	-0.00737295 	
4.31	-1.13864 	0.301352 	10.9819 	0.0147017 	0.402938 	-0.00774951 	
4.315	-1.23602 	0.324847 	10.9771 	0.0128016 	0.393889 	-0.00800369 	
4.32	-0.855867 	0.29311 	11.0256 	0.0159302 	0.434404 	-0.0110757 	
4.325	-0.667264 	0.218526 	11.0536 	0.024876 	0.453819 	-0.0225145 	
4.33	-0.933433 	0.278831 	11.0257 	0.0189092 	0.427204 	-0.0182802 	
4.335	-1.07403 	0.307974 	11.0117 	0.0162299 	0.413305 	-0.0170749 	
4.34	-1.18645 	0.331771 	11.0002 	0.0140264 	0.402245 	-0.0160223 	
4.345	-0.826579 	0.309867 	11.0437 	0.0158471 	0.440673 	-0.0173181 	
4.35	0.0845134 	0.164522 	11.143 	0.0272631 	0.535327 	-0.0163529 	
4.355	1.36617 	0.0118701 	11.3114 	0.0392472 	0.671642 	-0.0173861 	
4.36	0.478198 	0.132458 	11.2066 	0.0290769 	0.579672 	-0.014296 	
4.365	0.0289069 	0.257312 	11.2191 	0.01761 	0.542419 	-0.0126568 	
4.37	-0.285309 	0.279205 	11.1597 	0.0159249 	0.507137 	-0.0109573 	
4.375	-0.565191 	0.311897 	11.1198 	0.0131472 	0.477584 	-0.00955757 	
4.38	-0.803844 	0.340123 	11.0853 	0.0106988 	0.452415 	-0.0080792 	
4.385	-1.00804 	0.364162 	11.0552 	0.00867423 	0.430852 	-0.00716975 	
4.39	-1.18529 	0.384295 	11.0294 	0.00677281 	0.412351 	-0.00540345 	
4.395	-1.33531 	0.399811 	11.0056 	0.00536564 	0.396491 	-0.00424228 	
4.4	-1.46274 	0.411304 	10.9839 	0.00436043 	0.382873 	-0.00344087 	
4.405	-1.57156 	0.42046 	10.9644 	0.00357592 	0.371198 	-0.00283056 	
4.41	-1.65759 	0.427636 	10.9492 	0.00306432 	0.36207 	-0.00276935 	
4.415	-1.73309 	0.43463 	10.9356 	0.0025211 	0.354107 	-0.00257485 	
4.42	-1.80292 	0.44444 	10.9202 	0.0017865 	0.346378 	-0.00275962 	
4.425	-1.85528 	0.446735 	10.9098 	0.00163297 	0.340916 	-0.00255968 	
4.43	-1.90134 	0.445413 	10.8941 	0.00182853 	0.335289 	-0.002448 	
4.435	-1.94104 	0.445546 	10.8812 	0.00187451 	0.330613 	-0.00234911 	
4.44	-1.98176 	0.450425 	10.8764 	0.0014286 	0.326951 	-0.00224499 	
4.445	-2.01733 	0.460085 	10.8693 	0.000586783 	0.323473 	-0.00212061 	
4.45	-2.04779 	0.467162 	10.8628 	-2.30985e-05 	0.320509 	-0.00202742 	
4.455	-2.06311 	0.466015 	10.8576 	0.000109812 	0.318995 	-0.00200155 	
4.46	-2.0783 	0.466028 	10.8522 	0.00013166 	0.317491 	-0.00197762 	
4.465	-2.08637 	0.469963 	10.8459 	-0.000154965 	0.316472 	-0.00222782 	
4.47	-2.0805 	0.475441 	10.8459 	-0.000799119 	0.317411 	-0.00172753 	
4.475	-2.10029 	0.485337 	10.8418 	-0.00178487 	0.315678 	-0.00126759 	
4.48	-2.09186 	0.491901 	10.8349 	-0.00198919 	0.315678 	-0.00307515 	
4.485	-1.62675 	0.428385 	10.8873 	0.00302086 	0.36422 	-0.00338519 	
4.49	0.736348 	0.0591983 	11.1739 	0.0337165 	0.610111 	-0.00868531 	
4.495	-0.184758 	0.206702 	11.0641 	0.0213821 	0.515057 	-0.00618869 	
4.5	-0.481303 	0.2552 	11.0279 	0.0172458 	0.484565 	-0.00507301 	
4.505	-0.672993 	0.285623 	11.0076 	0.0147136 	0.465424 	-0.00461225 	
4.51	-0.916252 	0.316279 	10.9695 	0.0123793 	0.439466 	-0.00464332 	
4.515	-1.10787 	0.339981 	10.9418 	0.0104677 	0.419477 	-0.00416602 	
4.52	-1.27196 	0.360307 	10.9168 	0.0088465 	0.402253 	-0.00385094 	
4.525	-1.41245 	0.377619 	10.8948 	0.00746074 	0.387521 	-0.00356846 	
4.53	-1.53267 	0.392384 	10.8754 	0.00627953 	0.374912 	-0.00333731 	
4.535	-1.59083 	0.40928 	10.8704 	0.0048235 	0.369525 	-0.00316794 	
4.54	-1.64899 	0.422433 	10.863 	0.00370943 	0.363872 	-0.0030295 	
4.545	-1.69829 	0.433133 	10.8559 	0.00280921 	0.35905 	-0.00292141 	
4.55	-1.73555 	0.440785 	10.8495 	0.00218278 	0.355377 	-0.00288795 	
4.555	-1.79031 	0.44905 	10.8396 	0.00157729 	0.349643 	-0.00298538 	
4.56	-1.69593 	0.131074 	10.7809 	0.03432 	0.342001 	-0.0192693 	
4.565	-1.75261 	0.24315 	10.7971 	0.0228262 	0.342646 	-0.0133726 	
4.57	-1.79581 	0.275956 	10.7954 	0.0195122 	0.339982 	-0.0116153 	
4.575	-1.84067 	0.303259 	10.7913 	0.0167401 	0.336742 	-0.0101083 	
4.58	-1.87634 	0.326767 	10.7878 	0.0143629 	0.334275 	-0.00883335 	
4.585	-1.83588 	0.324562 	10.7671 	0.015097 	0.335847 	-0.0116795 	
4.59	-1.82043 	0.326801 	10.7543 	0.0150691 	0.336327 	-0.0127271 	
4.595	-1.78298 	0.335748 	10.7548 	0.0141784 	0.340444 	-0.0127375 	
4.6	-1.77918 	0.332411 	10.7362 	0.0148161 	0.339086 	-0.0143036 	
4.605	-1.77198 	0.331685 	10.723 	0.0150939 	0.338691 	-0.0153517 	
4.61	-1.60895 	0.337371 	10.76 	0.0142912 	0.358342 	-0.0152632 	
4.615	-1.50183 	0.340657 	10.7811 	0.0138495 	0.371022 	-0.0154178 	
4.62	0.0926136 	0.261072 	11.0907 	0.0312466 	0.546029 	-0.0661749 	
4.625	-0.347822 	0.294034 	11.0067 	0.0247818 	0.498794 	-0.0494945 	
4.63	-0.583251 	0.325219 	10.9677 	0.0207129 	0.474181 	-0.0428746 	
4.635	3.33693 	-0.140246 	11.5842 	0.0556903 	0.897925 	-0.0420417 	
4.64	1.72636 	0.0716263 	11.3378 	0.0358065 	0.723977 	-0.0273139 	
4.645	1.135 	0.139398 	11.2488 	0.0300064 	0.662183 	-0.0245753 	
4.65	0.632805 	0.186413 	11.1657 	0.0258481 	0.608441 	-0.0214709 	
4.655	0.199793 	0.233924 	11.0977 	0.0214222 	0.562741 	-0.017942 	
4.66	-0.237313 	0.390903 	11.0858 	0.00567614 	0.526998 	-0.00789784 	
4.665	-0.442121 	0.262974 	10.9695 	0.0191489 	0.493422 	-0.0146584 	
4.67	-0.73017 	0.332823 	10.9435 	0.012744 	0.465143 	-0.0123844 	
4.675	-0.959558 	0.363975 	10.9093 	0.0100586 	0.44092 	-0.0114328 	
4.68	-1.15526 	0.389782 	10.8789 	0.00783854 	0.42017 	-0.0108096 	
4.685	-1.35094 	0.475724 	10.899 	-0.00185408 	0.405065 	-0.00176873 	
4.69	-1.48489 	0.474776 	10.8601 	-0.000961505 	0.389041 	-0.00417019 	
4.695	-1.60502 	0.486348 	10.8353 	-0.00171155 	0.375838 	-0.00457896 	
4.7	-1.677 	0.467574 	10.8084 	5.60134e-05 	0.366349 	-0.00470574 	
4.705	-1.74674 	0.461009 	10.7872 	0.000814847 	0.357915 	-0.0047328 	
4.71	-1.80552 	0.453353 	10.7675 	0.00161249 	0.350656 	-0.00480901 	
4.715	-1.88196 	0.462513 	10.7502 	0.000793679 	0.342482 	-0.00441115 	
4.72	-1.94195 	0.466283 	10.7342 	0.000475271 	0.335839 	-0.00416162 	
4.725	-2.04892 	0.566822 	10.762 	-0.00979425 	0.333551 	0.00228067 	
4.73	-2.04926 	0.530018 	10.7396 	-0.00602458 	0.330303 	0.000410123 	
4.735	-2.0881 	0.526465 	10.7225 	-0.00559946 	0.325169 	7.91312e-05 	
4.74	-2.09887 	0.525102 	10.7152 	-0.00555237 	0.323668 	0.000384805 	
4.745	-2.12446 	0.524203 	10.7054 	-0.00547616 	0.320492 	0.000460325 	
4.75	-2.077 	0.423115 	10.6201 	0.00511293 	0.31475 	-0.00713598 	
4.755	-2.12259 	0.461871 	10.6371 	0.00122349 	0.313084 	-0.00499524 	
4.76	-2.1422 	0.471501 	10.6389 	0.000137031 	0.311981 	-0.0040678 	
4.765	-2.1659 	0.46462 	10.6427 	-0.000894139 	0.312152 	-0.00150104 	
4.77	-2.19249 	0.463982 	10.6277 	-0.000352641 	0.30794 	-0.00183442 	
4.775	-2.21512 	0.464131 	10.617 	-0.000257382 	0.304939 	-0.00175329 	
4.78	-2.23552 	0.466058 	10.6074 	-0.000259192 	0.302341 	-0.00196748 	
4.785	-2.25311 	0.467324 	10.5983 	-0.000242679 	0.30007 	-0.00209088 	
4.79	-2.26847 	0.468417 	10.5897 	-0.000230534 	0.298074 	-0.00219526 	
4.795	-2.28194 	0.469369 	10.5815 	-0.000222727 	0.296314 	-0.00228327 	
4.8	-1.81401 	0.398896 	10.6429 	0.00549024 	0.345458 	-0.00289927 	
4.805	1.73114 	-0.0904448 	11.245 	0.0439263 	0.731394 	-0.00527083 	
4.81	0.393798 	0.0947701 	11.0189 	0.029477 	0.586134 	-0.0043946 	
4.815	-0.0182973 	0.161171 	10.9584 	0.0238291 	0.543179 	-0.00237837 	
4.82	-0.358195 	0.190192 	10.9017 	0.0216873 	0.506518 	-0.00156228 	
4.825	-0.642115 	0.232306 	10.845 	0.0185167 	0.474533 	-0.0021503 	
4.83	-0.885893 	0.265894 	10.797 	0.0159843 	0.447287 	-0.0024404 	
4.835	-1.12326 	0.371465 	10.8044 	0.00558469 	0.42617 	0.00370967 	
4.84	-1.30124 	0.3525 	10.7634 	0.00772742 	0.406669 	0.0033004 	
4.845	-1.43868 	0.368772 	10.7303 	0.00678711 	0.39085 	0.00199373 	
4.85	-1.57818 	0.371188 	10.6895 	0.0068818 	0.373919 	0.00142207 	
4.855	-1.69361 	0.374613 	10.6562 	0.00684324 	0.360078 	0.000898624 	
4.86	-1.7843 	0.385155 	10.6346 	0.00612553 	0.349917 	0.000510003 	
4.865	-1.86351 	0.392638 	10.6138 	0.00564944 	0.340864 	0.000165137 	
4.87	-1.93131 	0.398943 	10.5952 	0.00524843 	0.333093 	-0.00012959 	
4.875	-1.98935 	0.40424 	10.5785 	0.00491224 	0.326416 	-0.000382521 	
4.88	-2.03907 	0.408699 	10.5634 	0.00462847 	0.320673 	-0.000598737 	
4.885	-2.09065 	0.41642 	10.5491 	0.0040249 	0.314947 	-0.000665473 	
4.89	-2.13311 	0.422158 	10.5361 	0.00358756 	0.310165 	-0.000748671 	
4.895	-2.16957 	0.42702 	10.5242 	0.00321534 	0.306035 	-0.000817385 	
4.9	-2.14586 	0.4162 	10.5152 	0.00359752 	0.307206 	0.000981416 	
4.905	0.585749 	0.0405547 	10.9977 	0.0335662 	0.605596 	-0.00355134 	
4.91	-0.400537 	0.177734 	10.8218 	0.0227753 	0.498165 	-0.00244021 	
4.915	-0.691189 	0.218485 	10.7683 	0.0196074 	0.466558 	-0.00225872 	
4.92	-0.939472 	0.253136 	10.7217 	0.0169143 	0.439527 	-0.00211321 	
4.925	-1.15168 	0.282754 	10.6812 	0.0146088 	0.416407 	-0.00198495 	
4.93	-1.33303 	0.307972 	10.6458 	0.012645 	0.396624 	-0.00187898 	
4.935	-1.48811 	0.329561 	10.6148 	0.0109595 	0.379691 	-0.00178156 	
4.94	-1.62359 	0.351562 	10.59 	0.00913278 	0.365427 	-0.0013372 	
4.945	-1.73592 	0.365879 	10.5648 	0.00805101 	0.352915 	-0.00139564 	
4.95	-1.83259 	0.378745 	10.543 	0.00705416 	0.342233 	-0.00137332 	
4.955	-1.91529 	0.389659 	10.5234 	0.00620704 	0.333065 	-0.00135449 	
4.96	0.752028 	0.043268 	11.0217 	0.0334776 	0.627326 	-0.0052373 	
4.965	-0.250049 	0.17478 	10.8329 	0.0231362 	0.517047 	-0.00377653 	
4.97	0.798123 	0.0188041 	11.011 	0.0355847 	0.630375 	-0.00538509 	
4.975	2.07143 	-0.180477 	11.2191 	0.0514855 	0.766652 	-0.00722546 	
4.98	1.00947 	-0.0732691 	11.0329 	0.0426174 	0.651901 	-0.00181171 	
4.985	0.525258 	0.0109553 	10.9456 	0.0357726 	0.599269 	-0.00160007 	
4.99	0.139492 	0.0786018 	10.8779 	0.0299312 	0.557284 	0.000496841 	
4.995	0.3127 	0.0592628 	10.9124 	0.0316573 	0.576961 	-0.000551945 	
5	0.228339 	0.0898431 	10.9383 	0.0288428 	0.57279 	-5.74934e-05 	
5.005	-0.19304 	0.112599 	10.8278 	0.0277372 	0.523054 	-0.00237032 	
5.01	-0.454456 	0.0385243 	10.7228 	0.0355385 	0.487896 	-0.00560822 	
5.015	-0.720189 	0.150395 	10.7186 	0.0259035 	0.465198 	-0.00405892 	
5.02	-0.926402 	0.171766 	10.68 	0.0246546 	0.443216 	-0.00501633 	
5.025	-1.10925 	0.212387 	10.657 	0.0214956 	0.42522 	-0.00504992 	
5.03	-1.20987 	0.0835997 	10.5423 	0.0326018 	0.401226 	-0.00457828 	
5.035	-1.39018 	0.187187 	10.5513 	0.0235751 	0.387618 	-0.0033129 	
5.04	-1.52724 	0.237218 	10.5399 	0.0192119 	0.374898 	-0.00240108 	
5.045	-1.6511 	0.258032 	10.5121 	0.0173514 	0.361101 	-0.0015612 	
5.05	-1.71573 	0.208795 	10.4762 	0.0231101 	0.352397 	-0.00593552 	
5.055	-1.8179 	0.247816 	10.4584 	0.0192441 	0.341604 	-0.00393287 	
5.06	-1.89887 	0.253197 	10.4404 	0.0187584 	0.332864 	-0.00224435 	
5.065	-1.97628 	0.247659 	10.404 	0.0189284 	0.321736 	-0.00180396 	
5.07	-2.03933 	0.24339 	10.3746 	0.0190631 	0.312869 	-0.00126004 	
5.075	-2.26883 	0.557727 	10.5499 	-0.00810255 	0.316831 	0.00147128 	
5.08	-2.25353 	0.470815 	10.4729 	-0.000616192 	0.308188 	0.000482887 	
5.085	-2.27514 	0.451998 	10.4425 	0.00089645 	0.302642 	0.000601869 	
5.09	-1.85128 	-0.153973 	10.0067 	0.0509093 	0.281584 	0.00155545 	
5.095	-2.06014 	0.199537 	10.1739 	0.0205878 	0.287803 	0.00265212 	
5.1	2.72278 	-0.358952 	11.2313 	0.0636532 	0.832609 	-0.00169523 	
5.105	2.40774 	-0.476068 	9.43548 	0.0851606 	0.574 	-0.0470315 	
5.11	1.30974 	-0.0688253 	9.92118 	0.0471044 	0.544784 	-0.0291683 	
5.115	0.742513 	0.22956 	10.0087 	0.0212427 	0.50846 	-0.0276563 	
5.12	0.304889 	0.190286 	10.034 	0.0243147 	0.47406 	-0.0232595 	
5.125	-0.0810709 	0.212618 	10.0655 	0.0221231 	0.445223 	-0.0199612 	
5.13	-0.398827 	0.207935 	10.0872 	0.0223066 	0.42097 	-0.0169541 	
5.135	-0.666627 	0.184874 	10.0979 	0.0240836 	0.399568 	-0.0145449 	
5.14	-0.896149 	0.168077 	10.1072 	0.0253218 	0.381394 	-0.0123106 	
5.145	-1.09232 	0.15351 	10.1143 	0.0263473 	0.365851 	-0.0104948 	
5.15	-1.24562 	0.0933669 	10.0995 	0.0319549 	0.351433 	-0.0105064 	
5.155	-1.38908 	0.160553 	10.1474 	0.025836 	0.345696 	-0.00826626 	
5.16	-1.53787 	0.204634 	10.1626 	0.0221037 	0.335024 	-0.00774797 	
5.165	-1.65693 	0.236545 	10.1796 	0.0195683 	0.327453 	-0.00774899 	
5.17	-1.72258 	0.250582 	10.1949 	0.0182024 	0.323944 	-0.00699025 	
5.175	-1.67839 	-0.0157192 	10.0534 	0.0408138 	0.308121 	-0.0067407 	
5.18	-1.47871 	-0.382348 	9.84185 	0.071061 	0.296962 	-0.00598638 	
5.185	-0.776526 	-0.21657 	10.2293 	0.055647 	0.408866 	-0.00420022 	
5.19	1.95395 	-0.860107 	10.7849 	0.109169 	0.708876 	-0.00954903 	
5.195	0.7003 	-0.541136 	10.5756 	0.082685 	0.576553 	-0.00675982 	
5.2	0.202978 	-0.184456 	10.581 	0.0521902 	0.537744 	-0.00535049 	
5.205	-0.0974441 	-0.124448 	10.5895 	0.0489781 	0.515392 	-0.00964193 	
5.21	-0.368241 	-0.0421028 	10.584 	0.0430211 	0.493175 	-0.0116599 	
5.215	-0.568808 	-0.0199148 	10.5375 	0.0410869 	0.470209 	-0.0110128 	
5.22	-0.692721 	-0.0674413 	10.4439 	0.0440125 	0.446178 	-0.00754578 	
5.225	-0.810729 	-0.0880846 	10.3783 	0.0450791 	0.426934 	-0.00530021 	
5.23	-0.917315 	-0.0972564 	10.3287 	0.0454192 	0.411117 	-0.00377365 	
5.235	-1.01494 	-0.0967647 	10.2934 	0.0451787 	0.398284 	-0.00297196 	
5.24	-1.1032 	-0.0907734 	10.2679 	0.044621 	0.387746 	-0.0026409 	
5.245	-1.18077 	-0.0987381 	10.2453 	0.0454863 	0.378754 	-0.00326483 	
5.25	2.8507 	-0.671487 	11.0796 	0.089851 	0.829478 	-0.00577876 	
5.255	1.23075 	-0.288677 	10.9472 	0.0630335 	0.680513 	-0.0159388 	
5.26	0.759129 	-0.287081 	10.778 	0.0619579 	0.616996 	-0.0110459 	
5.265	0.274595 	-0.134622 	10.6985 	0.0495852 	0.565622 	-0.0115213 	
5.27	0.10569 	-0.45598 	10.4143 	0.0767588 	0.512708 	-0.0112233 	
5.275	-0.17173 	-0.464551 	10.321 	0.0769186 	0.476403 	-0.00811371 	
5.28	-0.427323 	-0.480804 	10.2133 	0.0787005 	0.440817 	-0.00889334 	
5.285	-0.639805 	-0.498459 	10.1235 	0.0803261 	0.411176 	-0.00894735 	
5.29	-1.01508 	-0.0761639 	10.2159 	0.0437943 	0.394335 	-0.00642903 	
5.295	-0.984045 	-0.418773 	9.99637 	0.0722938 	0.366288 	-0.00488245 	
5.3	-1.01922 	-0.589703 	9.85991 	0.0862467 	0.344641 	-0.00346778 	
5.305	-1.04877 	-0.736297 	9.74199 	0.0981387 	0.326087 	-0.00218214 	
5.31	-1.24057 	-0.625865 	9.77178 	0.0888909 	0.31404 	-0.00188493 	
5.315	-1.37122 	-0.578642 	9.76982 	0.0848522 	0.302906 	-0.00147751 	
5.32	-1.64241 	-0.163427 	9.91008 	0.0487702 	0.302178 	0.00207256 	
5.325	-1.75551 	-0.107522 	9.94944 	0.0421295 	0.298892 	0.0108429 	
5.33	-1.81553 	-0.109674 	9.94073 	0.0432677 	0.292467 	0.00757201 	
5.335	-1.86612 	-0.0639355 	9.95927 	0.039788 	0.291435 	0.00637567 	
5.34	-1.83625 	0.00139436 	10.0331 	0.0354081 	0.305175 	0.00279939 	
5.345	-1.2754 	-0.102159 	10.3019 	0.0447535 	0.386204 	-0.00143184 	
5.35	5.16129 	-2.21147 	10.3421 	0.212981 	0.925407 	-0.0214997 	
5.355	2.82513 	-1.57488 	10.2026 	0.162799 	0.712912 	-0.0142028 	
5.36	2.05284 	-1.25052 	10.2189 	0.136182 	0.651343 	-0.0105445 	
5.365	1.34983 	-0.755245 	10.3073 	0.0948832 	0.606908 	-0.00793739 	
5.37	0.925857 	-0.661073 	10.2865 	0.0877885 	0.568775 	-0.00637446 	
5.375	3.37997 	-0.976711 	10.8683 	0.112208 	0.85119 	-0.00851205 	
5.38	2.92876 	-0.809693 	10.8668 	0.0987203 	0.813594 	-0.00684795 	
5.385	1.93882 	-0.569169 	10.7378 	0.079618 	0.714692 	-0.00543257 	
5.39	1.2861 	-0.376541 	10.6798 	0.0640811 	0.653347 	-0.00382597 	
5.395	0.737541 	-0.231538 	10.6278 	0.0523869 	0.601676 	-0.00128002 	
5.4	0.272054 	-0.123526 	10.568 	0.0440001 	0.555252 	-0.00103958 	
5.405	-0.108316 	-0.0717157 	10.4846 	0.040043 	0.511852 	-0.000488383 	
5.41	-0.511119 	0.143596 	10.4575 	0.0222426 	0.476038 	-0.000418386 	
5.415	-0.612101 	0.302294 	10.6564 	0.00966174 	0.492829 	-0.000463255 	
5.42	-1.23445 	0.0309902 	11.1331 	0.0493453 	0.520317 	-0.0380993 	
5.425	-1.34063 	0.130077 	10.8606 	0.0360773 	0.470234 	-0.0266321 	
5.43	-1.49645 	0.164872 	10.7478 	0.0321399 	0.44113 	-0.0240211 	
5.435	-1.62957 	0.194945 	10.6506 	0.0287438 	0.416233 	-0.0217988 	
5.44	-1.6863 	0.230816 	10.6184 	0.0256683 	0.408078 	-0.0220678 	
5.445	-1.70666 	0.353925 	10.6439 	0.0153582 	0.411337 	-0.0224838 	
5.45	-1.72385 	0.368024 	10.6243 	0.0140026 	0.407551 	-0.022334 	
5.455	0.195633 	0.0865883 	10.9984 	0.0340479 	0.615611 	-0.0188249 	
5.46	-0.490778 	0.21935 	10.8603 	0.0241015 	0.541248 	-0.0202564 	
5.465	0.388563 	0.131883 	10.9268 	0.0233867 	0.613988 	0.00252317 	
5.47	-0.106634 	0.134569 	10.7755 	0.025133 	0.554646 	-0.00261803 	
5.475	-0.340664 	0.169921 	10.7247 	0.0230273 	0.529594 	-0.00510274 	
5.48	-0.61004 	0.215051 	10.6794 	0.0206143 	0.503046 	-0.00900207 	
5.485	-0.862455 	0.257471 	10.6368 	0.0183568 	0.478147 	-0.0126494 	
5.49	-0.928439 	0.221391 	10.569 	0.0210091 	0.463207 	-0.0117368 	
5.495	-1.12019 	0.254063 	10.5091 	0.0179341 	0.43943 	-0.0103806 	
5.5	-1.17477 	0.256206 	10.4879 	0.0178832 	0.432464 	-0.010933 	
5.505	-1.22174 	0.2361 	10.4427 	0.0192679 	0.422529 	-0.0102742 	
5.51	-1.26286 	0.221692 	10.405 	0.0202081 	0.414165 	-0.00968752 	
5.515	-0.47039 	0.906681 	11.2413 	-0.0371962 	0.594119 	-0.00624619 	
5.52	-0.322562 	0.625443 	11.0498 	-0.0144134 	0.580159 	-0.00649907 	
5.525	-0.740641 	0.588843 	10.8528 	-0.0117196 	0.518152 	-0.00396418 	
5.53	-0.804188 	0.314487 	10.609 	0.0113362 	0.47972 	-0.00672746 	
5.535	-0.900433 	0.136743 	10.4273 	0.0265958 	0.447169 	-0.00887979 	
5.54	-0.442707 	0.131854 	10.5837 	0.026366 	0.506745 	-0.00855363 	
5.545	-0.0919892 	0.0766665 	10.6543 	0.0302298 	0.545328 	-0.00767836 	
5.55	-0.424366 	-0.0740544 	10.4121 	0.0432368 	0.48505 	-0.00996063 	
5.555	-0.498066 	-0.128857 	10.326 	0.0470041 	0.466983 	-0.00693622 	
5.56	-0.319523 	-0.441954 	9.9802 	0.0653982 	0.420712 	0.0155407 	
5.565	-0.510154 	-0.347474 	10.0362 	0.0599447 	0.417802 	0.00879198 	
5.57	-0.663672 	-0.234965 	10.0939 	0.0517241 	0.415406 	0.00573481 	
5.575	8.83381 	-0.356015 	13.3297 	0.0485945 	1.63433 	0.0151239 	
5.58	6.6876 	-0.342576 	12.6118 	0.051255 	1.36205 	0.0109952 	
5.585	5.14535 	-0.209092 	12.1792 	0.0424648 	1.17778 	0.00920214 	
5.59	3.98987 	-0.111931 	11.8602 	0.0358578 	1.04075 	0.00916462 	
5.595	3.02804 	0.0252013 	11.621 	0.0255953 	0.930243 	0.00855108 	
5.6	2.32851 	-0.00102799 	11.3465 	0.0283485 	0.835511 	0.0103819 	
5.605	1.71298 	-0.110198 	11.0453 	0.0386229 	0.744359 	0.00696878 	
5.61	1.05977 	-0.0108819 	10.9178 	0.0300192 	0.674716 	0.0125494 	
5.615	0.583807 	0.104924 	10.8236 	0.0221739 	0.622907 	0.00712017 	
5.62	0.207098 	0.166301 	10.7492 	0.0177776 	0.582195 	0.00651879 	
5.625	-0.162106 	0.265557 	10.6806 	0.0100883 	0.54376 	0.00609521 	
5.63	-0.367607 	0.290119 	10.6415 	0.00871044 	0.521771 	0.00483552 	
5.635	-0.661318 	0.374695 	10.5868 	0.00203819 	0.491367 	0.00472079 	
5.64	0.878719 	-0.0522947 	10.962 	0.0341921 	0.668354 	0.0152096 	
5.645	0.465708 	-0.0159122 	10.8493 	0.031753 	0.620123 	0.0147627 	
5.65	1.77283 	-0.171794 	11.1651 	0.043693 	0.769946 	0.0123431 	
5.655	0.81094 	0.0427344 	10.9571 	0.0270088 	0.66427 	0.0121642 	
5.66	1.89262 	-0.130243 	11.1983 	0.0405541 	0.785488 	0.0100851 	
5.665	1.06712 	-0.0456917 	10.8483 	0.0349702 	0.669065 	0.0031304 	
5.67	0.531484 	0.129643 	10.7703 	0.0223113 	0.615495 	-0.00210232 	
5.675	-0.100386 	0.274182 	10.8668 	0.0111173 	0.581298 	-0.00890936 	
5.68	-0.486694 	0.276816 	10.8271 	0.0116131 	0.545748 	-0.00284465 	
5.685	-0.775038 	0.366211 	10.6843 	0.00539065 	0.502009 	-0.00764642 	
5.69	-1.03382 	0.430224 	10.5862 	0.00100589 	0.4674 	-0.0102802 	
5.695	-1.23242 	0.453777 	10.5254 	-0.00174779 	0.442796 	-0.00592992 	
5.7	-1.40254 	0.418813 	10.4467 	0.00219241 	0.418802 	-0.00741882 	
5.705	-1.53751 	0.52292 	10.3759 	-0.00580464 	0.398017 	-0.0135897 	
5.71	-1.6376 	0.531744 	10.3251 	-0.00592571 	0.381994 	-0.014052 	
5.715	0.0434589 	0.220318 	10.7172 	0.01729 	0.572457 	-0.00987414 	
5.72	-0.655313 	0.169367 	10.5916 	0.0203232 	0.50213 	0.00478911 	
5.725	-0.902182 	0.20533 	10.5392 	0.0170231 	0.47594 	0.00838806 	
5.73	-1.12322 	0.296664 	10.4767 	0.00956869 	0.448705 	0.0076412 	
5.735	-1.30867 	0.193817 	10.3689 	0.02061 	0.420072 	0.000380558 	
5.74	-1.46511 	0.315165 	10.3445 	0.00982296 	0.403443 	0.00239107 	
5.745	-1.59803 	0.385056 	10.3109 	0.00393283 	0.387914 	0.00250928 	
5.75	-1.71176 	0.444324 	10.2811 	-0.00104542 	0.374574 	0.00259072 	
5.755	-1.80778 	0.494983 	10.2538 	-0.00523569 	0.363082 	0.00240651 	
5.76	0.600549 	0.0538812 	10.8195 	0.0283376 	0.635456 	0.00414801 	
5.765	-0.334755 	0.250742 	10.6011 	0.0128913 	0.529857 	0.0046279 	
5.77	0.282826 	0.12323 	10.7096 	0.0223677 	0.593826 	0.00536221 	
5.775	-0.187868 	0.352819 	10.5028 	0.00472955 	0.525729 	-0.0044695 	
5.78	-0.559637 	0.264645 	10.4201 	0.0156649 	0.485678 	-0.0111849 	
5.785	-0.822288 	0.322676 	10.3455 	0.00952231 	0.454109 	-0.00627895 	
5.79	-1.04092 	0.375337 	10.2774 	0.00363313 	0.427066 	-0.00153299 	
5.795	-1.27032 	0.453378 	10.2479 	-0.00210063 	0.405223 	-0.00258732 	
5.8	-1.42942 	0.408341 	10.1695 	0.00176625 	0.381652 	-0.00205583 	
5.805	-1.34026 	0.808769 	10.0068 	-0.0307818 	0.365592 	-0.0189377 	
5.81	-1.43958 	0.953299 	9.9027 	-0.0426585 	0.343304 	-0.0274974 	
5.815	-1.55718 	0.909052 	9.92266 	-0.0422442 	0.336654 	-0.0288804 	
5.82	-1.69631 	0.880021 	9.9479 	-0.0404651 	0.327181 	-0.0154276 	
5.825	1.88789 	0.00750963 	10.8674 	0.0268705 	0.74324 	-0.0075039 	
5.83	0.478215 	0.336873 	10.5415 	0.00456027 	0.586203 	-0.0176014 	
5.835	-0.338316 	1.00747 	10.6975 	-0.0439832 	0.554273 	-0.0244351 	
5.84	-0.629076 	1.27657 	10.5439 	-0.0636213 	0.509312 	-0.0363736 	
5.845	-0.660148 	1.62952 	10.3499 	-0.0945125 	0.481241 	-0.0460697 	
5.85	-0.971876 	1.23441 	10.2589 	-0.0593975 	0.443022 	-0.0459335 	
5.855	-1.19632 	1.03364 	10.1726 	-0.0411209 	0.413009 	-0.0475059 	
5.86	-1.40363 	1.07829 	10.168 	-0.045324 	0.395463 	-0.0437587 	
5.865	-1.44997 	0.956038 	10.1682 	-0.0362563 	0.390291 	-0.0367378 	
5.87	-1.51418 	0.873077 	10.164 	-0.0301166 	0.383647 	-0.031632 	
5.875	-1.6182 	0.791681 	10.2066 	-0.0247046 	0.380881 	-0.0270494 	
5.88	-1.64046 	0.73942 	10.1947 	-0.0206897 	0.376651 	-0.0232724 	
5.885	-1.66985 	0.69045 	10.1968 	-0.0169584 	0.374188 	-0.020294 	
5.89	-1.68762 	0.644715 	10.1951 	-0.0135103 	0.372179 	-0.0175875 	
5.895	-1.6749 	0.572088 	10.128 	-0.0074566 	0.363757 	-0.0155146 	
5.9	-1.67097 	0.518273 	10.0846 	-0.00300088 	0.358035 	-0.013921 	
5.905	-1.68516 	0.501464 	10.1072 	-0.00222908 	0.359589 	-0.0114655 	
5.91	-1.6989 	0.483653 	10.1189 	-0.00102853 	0.360118 	-0.009989 	
5.915	-1.70957 	0.468452 	10.1286 	-9.82106e-06 	0.360683 	-0.00872977 	
5.92	2.32652 	-0.111821 	11.2229 	0.043129 	0.835042 	-0.00988616 	
5.925	0.793967 	0.0627338 	10.7599 	0.0299228 	0.64882 	-0.00764972 	
5.93	0.146671 	0.222856 	10.7409 	0.0180745 	0.599123 	-0.00162405 	
5.935	-0.207443 	0.258692 	10.573 	0.0148621 	0.546583 	-0.00234116 	
5.94	-0.505381 	0.232678 	10.6021 	0.0168295 	0.528124 	-0.0027445 	
5.945	-0.700357 	0.244038 	10.545 	0.0157864 	0.504344 	-0.0014754 	
5.95	-1.02951 	-0.367404 	10.635 	0.0678102 	0.485337 	0.0122549 	
5.955	-1.20028 	-0.0435463 	10.4782 	0.0410643 	0.45158 	0.00552121 	
5.96	-1.37464 	0.0897175 	10.3793 	0.0302172 	0.4244 	0.0028947 	
5.965	-1.43309 	0.118693 	10.3431 	0.0277981 	0.414878 	0.00260053 	
5.97	-1.50024 	0.159758 	10.3017 	0.0243884 	0.404058 	0.00197003 	
5.975	-1.55714 	0.194367 	10.2654 	0.0215093 	0.394788 	0.00143174 	
5.98	-1.60543 	0.223717 	10.2337 	0.0190654 	0.386862 	0.000970542 	
5.985	-1.64008 	0.251093 	10.2117 	0.0168041 	0.381393 	0.000548305 	
5.99	-1.67294 	0.279014 	10.1963 	0.0144926 	0.376959 	0.000211495 	
5.995	-1.69143 	0.361081 	10.1766 	0.00777982 	0.373873 	-0.000592522 	
6	-1.70408 	0.346274 	10.1693 	0.00899222 	0.371826 	-0.000665716 	
6.005	-1.71445 	0.349084 	10.16 	0.00876419 	0.369932 	-0.000830753 	
6.01	-1.7223 	0.350717 	10.1511 	0.0086235 	0.368345 	-0.000971387 	
6.015	-1.72785 	0.351531 	10.1425 	0.00854382 	0.367006 	-0.00109358 	
6.02	-1.73406 	0.354518 	10.1366 	0.00827674 	0.365991 	-0.00118797 	
6.025	-1.73527 	0.352333 	10.1309 	0.00842547 	0.365396 	-0.00124213 	
6.03	-1.73028 	0.343726 	10.126 	0.00912456 	0.365331 	-0.00130715 	
6.035	-1.70815 	0.337681 	10.1271 	0.00957479 	0.367619 	-0.00125869 	
6.04	-1.49627 	0.298732 	10.1959 	0.0121956 	0.395129 	0.000547021 	
6.045	-1.37375 	0.279849 	10.2387 	0.0133822 	0.411841 	0.00177539 	
6.05	-1.26648 	0.263156 	10.2802 	0.0144758 	0.427169 	0.00281858 	
6.055	-1.26546 	0.258292 	10.2536 	0.0145602 	0.423504 	0.00205535 	
6.06	-1.11937 	0.233729 	10.3066 	0.0163033 	0.443489 	0.00384256 	
6.065	-1.01714 	0.215412 	10.3395 	0.0175701 	0.456948 	0.00501525 	
6.07	-0.928335 	0.199108 	10.368 	0.0187017 	0.468661 	0.00608573 	
6.075	-0.851511 	0.184793 	10.3927 	0.0196966 	0.478846 	0.00705226 	
6.08	-0.694922 	0.18544 	10.443 	0.0195764 	0.498318 	0.00529817 	
6.085	-0.769182 	0.155465 	10.3997 	0.0220589 	0.485971 	0.00431962 	
6.09	-0.930718 	0.185515 	10.3395 	0.0200094 	0.464647 	0.00352037 	
6.095	-1.05086 	0.206789 	10.2919 	0.0185403 	0.448501 	0.00279746 	
6.1	-1.12613 	0.220835 	10.2589 	0.017613 	0.437973 	0.00214877 	
6.105	-1.19541 	0.23331 	10.2283 	0.016777 	0.428335 	0.00161064 	
6.11	-1.25432 	0.243952 	10.2015 	0.0160589 	0.420073 	0.00114692 	
6.115	-1.27915 	0.24757 	10.19 	0.0157936 	0.416877 	0.00119156 	
6.12	-1.30006 	0.254187 	10.1737 	0.0153486 	0.413138 	0.00069147 	
6.125	-1.34609 	0.257425 	10.1523 	0.0151986 	0.406669 	0.000394695 	
6.13	-1.3794 	0.26045 	10.1349 	0.0150366 	0.401818 	0.000132614 	
6.135	-1.40725 	0.262928 	10.1194 	0.0148984 	0.397691 	-8.97767e-05 	
6.14	-1.40082 	0.261238 	10.1123 	0.0150239 	0.397514 	-0.000261621 	
6.145	-1.42042 	0.266416 	10.057 	0.0147784 	0.387094 	-0.00326042 	
6.15	-1.43707 	0.268209 	10.0534 	0.0147114 	0.385371 	-0.00330802 	
6.155	1.22356 	-0.0958439 	10.9239 	0.040895 	0.717958 	-0.000731555 	
6.16	0.626107 	0.0206496 	10.7794 	0.0324992 	0.650282 	-0.00123556 	
6.165	0.607243 	0.0319382 	10.8017 	0.0318587 	0.651696 	-0.0013453 	
6.17	1.09221 	-0.0283383 	10.9277 	0.0360585 	0.708274 	-0.00139633 	
6.175	1.25155 	-0.0470251 	10.9647 	0.0374418 	0.726285 	-0.00148589 	
6.18	1.09143 	-0.0241481 	10.9517 	0.0360581 	0.711262 	-0.00148986 	
6.185	1.32595 	-0.0304015 	11.0268 	0.0363526 	0.740728 	-0.00174339 	
6.19	1.46571 	-0.0109769 	11.08 	0.0346586 	0.759669 	-0.00200191 	
6.195	1.42969 	0.0097734 	11.0956 	0.0332217 	0.75883 	-0.00225257 	
6.2	2.72087 	0.0188341 	11.5943 	0.0315166 	0.93243 	-0.00357918 	
6.205	2.53224 	-0.0347512 	11.4638 	0.0357325 	0.899025 	-0.0030314 	
6.21	2.57782 	-0.0679333 	11.444 	0.0382158 	0.899939 	-0.00285202 	
6.215	2.61617 	-0.0963067 	11.427 	0.0403398 	0.900643 	-0.00270034 	
6.22	2.64791 	-0.120584 	11.4122 	0.0421593 	0.901116 	-0.00257282 	
6.225	2.64128 	-0.133643 	11.3945 	0.0432071 	0.898258 	-0.00266173 	
6.23	2.67637 	-0.153985 	11.3855 	0.0447063 	0.899755 	-0.0025005 	
6.235	2.69948 	-0.169831 	11.3767 	0.0458863 	0.900366 	-0.00240232 	
6.24	2.71928 	-0.183393 	11.3692 	0.0468963 	0.900889 	-0.00231893 	
6.245	2.73615 	-0.194939 	11.3628 	0.047756 	0.901331 	-0.00224753 	
6.25	2.75064 	-0.204822 	11.3574 	0.0484917 	0.901713 	-0.00218693 	
6.255	2.76287 	-0.213375 	11.3526 	0.0491289 	0.902007 	-0.00213488 	
6.26	2.77339 	-0.220538 	11.3486 	0.0496621 	0.902278 	-0.00209091 	
6.265	2.78236 	-0.226675 	11.3452 	0.0501189 	0.902503 	-0.00205352 	
6.27	2.77854 	-0.228392 	11.3413 	0.0502504 	0.901637 	-0.00203433 	
6.275	2.7896 	-0.234265 	11.3392 	0.0506873 	0.902209 	-0.00200448 	
6.28	2.79635 	-0.238388 	11.3372 	0.0509928 	0.90245 	-0.00197993 	
6.285	2.80184 	-0.241907 	11.3353 	0.0512545 	0.902621 	-0.00195899 	
6.29	2.80653 	-0.244919 	11.3338 	0.0514784 	0.902763 	-0.00194125 	
6.295	2.81061 	-0.247493 	11.3325 	0.0516698 	0.902889 	-0.00192655 	
6.3	2.81408 	-0.249694 	11.3313 	0.0518334 	0.902992 	-0.00191411 	
6.305	2.81701 	-0.251569 	11.3303 	0.0519728 	0.903073 	-0.00190354 	
6.31	2.81961 	-0.253181 	11.3295 	0.0520926 	0.903149 	-0.00189491 	
6.315	2.82172 	-0.254549 	11.3288 	0.0521942 	0.903198 	-0.0018874 	
6.32	2.82386 	-0.255803 	11.3281 	0.0522871 	0.903265 	-0.00188116 	
6.325	2.82535 	-0.256789 	11.3276 	0.0523604 	0.903291 	-0.00187565 	
6.33	2.84342 	-0.263024 	11.3279 	0.0528131 	0.90471 	-0.00181766 	
6.335	2.83869 	-0.261884 	11.3272 	0.0527321 	0.904236 	-0.00183256 	
6.34	2.83799 	-0.261982 	11.3267 	0.0527405 	0.904106 	-0.00183476 	
6.345	2.83748 	-0.262104 	11.3263 	0.0527504 	0.903999 	-0.00183664 	
6.35	2.83697 	-0.26218 	11.326 	0.0527568 	0.903896 	-0.00183845 	
6.355	2.83648 	-0.262229 	11.3257 	0.052761 	0.903801 	-0.00184015 	
6.36	2.83618 	-0.262289 	11.3254 	0.0527661 	0.903729 	-0.00184196 	
6.365	2.83577 	-0.262322 	11.3252 	0.052769 	0.903647 	-0.00184333 	
6.37	2.83551 	-0.26235 	11.325 	0.0527714 	0.903584 	-0.0018449 	
6.375	2.83518 	-0.262377 	11.3247 	0.0527737 	0.903513 	-0.001846 	
6.38	2.83927 	-0.262568 	11.3254 	0.0527771 	0.903907 	-0.00182097 	
6.385	2.83912 	-0.262886 	11.3251 	0.0528009 	0.903837 	-0.00181831 	
6.39	2.83842 	-0.262861 	11.3249 	0.0528003 	0.903732 	-0.00182083 	
6.395	2.83785 	-0.262803 	11.3247 	0.0527969 	0.903648 	-0.00182465 	
6.4	2.83711 	-0.262759 	11.3245 	0.0527953 	0.903543 	-0.00182986 	
6.405	2.83651 	-0.262721 	11.3243 	0.0527937 	0.903453 	-0.00183393 	
6.41	2.83608 	-0.262702 	11.3241 	0.0527933 	0.903382 	-0.00183775 	
6.415	2.83555 	-0.262666 	11.3239 	0.0527916 	0.903299 	-0.00184083 	
6.42	2.56099 	-0.310365 	11.2443 	0.0571531 	0.871195 	-0.00102206 	
6.425	2.3835 	-0.318806 	11.1874 	0.0581768 	0.848592 	-0.00146592 	
6.43	2.5026 	-0.305781 	11.2238 	0.0568815 	0.863134 	-0.0014698 	
6.435	2.55102 	-0.299543 	11.2383 	0.0562857 	0.86894 	-0.00151745 	
6.44	2.59194 	-0.294148 	11.2505 	0.0557724 	0.873846 	-0.001559 	
6.445	2.62696 	-0.289549 	11.261 	0.0553347 	0.878041 	-0.00159514 	
6.45	2.65692 	-0.285624 	11.2699 	0.0549611 	0.881626 	-0.00162621 	
6.455	2.68244 	-0.282267 	11.2775 	0.0546415 	0.884678 	-0.00165276 	
6.46	2.70422 	-0.279397 	11.284 	0.0543685 	0.88728 	-0.00167554 	
6.465	2.72279 	-0.276944 	11.2896 	0.0541351 	0.889496 	-0.00169506 	
6.47	2.73862 	-0.274843 	11.2943 	0.0539355 	0.891382 	-0.0017117 	
6.475	2.75215 	-0.273052 	11.2983 	0.0537652 	0.89299 	-0.0017262 	
6.48	2.76371 	-0.271529 	11.3017 	0.0536202 	0.894362 	-0.00173869 	
6.485	2.63083 	-0.242574 	11.2915 	0.0515517 	0.882432 	-0.00114075 	
6.49	2.68829 	-0.250943 	11.2985 	0.0521111 	0.887926 	-0.0013604 	
6.495	2.70904 	-0.252611 	11.3018 	0.0522048 	0.890011 	-0.00142701 	
6.5	2.72686 	-0.254068 	11.3047 	0.0522873 	0.891798 	-0.00148373 	
6.505	2.74206 	-0.255313 	11.3071 	0.0523576 	0.893319 	-0.00153199 	
6.51	2.75615 	-0.256557 	11.3095 	0.0524308 	0.894751 	-0.00157325 	
6.515	2.7667 	-0.257395 	11.3111 	0.0524774 	0.89579 	-0.00160932 	
6.52	2.77599 	-0.258132 	11.3126 	0.0525186 	0.896709 	-0.00163989 	
6.525	2.78358 	-0.258541 	11.3139 	0.0525381 	0.897483 	-0.00167267 	
6.53	2.79044 	-0.259158 	11.3149 	0.0525737 	0.898145 	-0.00169298 	
6.535	2.79619 	-0.259633 	11.3158 	0.0526005 	0.898702 	-0.00171171 	
6.54	2.80114 	-0.260048 	11.3165 	0.0526241 	0.899178 	-0.0017279 	
6.545	2.80537 	-0.260404 	11.3171 	0.0526443 	0.899581 	-0.0017419 	
6.55	2.80892 	-0.260701 	11.3176 	0.0526611 	0.899915 	-0.00175386 	
6.555	2.81196 	-0.260955 	11.318 	0.0526755 	0.900197 	-0.00176416 	
6.56	2.81449 	-0.261166 	11.3184 	0.0526873 	0.900427 	-0.00177285 	
6.565	2.8167 	-0.261352 	11.3187 	0.0526979 	0.900626 	-0.00178073 	
6.57	2.81856 	-0.261509 	11.3189 	0.0527068 	0.900789 	-0.00178759 	
6.575	2.82013 	-0.261641 	11.3191 	0.0527142 	0.900923 	-0.0017935 	
6.58	2.82157 	-0.261789 	11.3192 	0.0527231 	0.901041 	-0.00179868 	
6.585	2.82268 	-0.261877 	11.3193 	0.052728 	0.901129 	-0.00180323 	
6.59	2.82364 	-0.261956 	11.3194 	0.0527324 	0.901201 	-0.00180725 	
6.595	2.82462 	-0.262061 	11.3195 	0.0527388 	0.901272 	-0.00181031 	
6.6	2.83281 	-0.260311 	11.3232 	0.0525914 	0.902439 	-0.00182544 	
6.605	2.83083 	-0.26098 	11.322 	0.0526457 	0.90209 	-0.00182408 	
6.61	2.83057 	-0.261193 	11.3216 	0.0526623 	0.902004 	-0.00182548 	
6.615	2.83027 	-0.261369 	11.3213 	0.0526762 	0.901918 	-0.00182667 	
6.62	2.83183 	-0.26133 	11.3218 	0.0526691 	0.902095 	-0.00182911 	
6.625	2.83089 	-0.261692 	11.3211 	0.0526989 	0.901904 	-0.00182815 	
6.63	2.83061 	-0.261751 	11.3209 	0.0527044 	0.901834 	-0.00183035 	
6.635	2.83027 	-0.261364 	11.321 	0.052665 	0.901774 	-0.00176436 	
6.64	2.83056 	-0.261115 	11.3214 	0.0526412 	0.901845 	-0.00178754 	
6.645	2.8282 	-0.261408 	11.3204 	0.0526676 	0.901495 	-0.0017881 	
6.65	2.82875 	-0.26154 	11.3204 	0.0526765 	0.901526 	-0.00179302 	
6.655	1.73774 	0.177763 	11.0966 	0.0180661 	0.78772 	-0.000724035 	
6.66	2.92444 	-0.184331 	11.1994 	0.0449288 	0.895906 	-0.00237609 	
6.665	3.0568 	-0.229039 	11.229 	0.0484073 	0.910613 	-0.00120547 	
