0	0.333706 	-0.17241 	0.0336918 	-0.369617 	-1.57018 	0.369649 	
0.005	0.332479 	-0.183034 	0.0339483 	-2.5918 	-1.56823 	2.1216 	
0.01	0.333443 	-0.178384 	0.0337494 	-0.652107 	-1.57035 	0.38925 	
0.015	0.333472 	-0.178321 	0.0337415 	-0.648879 	-1.56995 	0.385544 	
0.02	0.333487 	-0.178296 	0.0337472 	-0.618568 	-1.57024 	0.357167 	
0.025	0.333483 	-0.178289 	0.0337403 	-0.614482 	-1.56988 	0.35365 	
0.03	0.333473 	-0.178287 	0.0337307 	-0.614354 	-1.56937 	0.354012 	
0.035	0.333524 	-0.178303 	0.0337479 	-0.623053 	-1.57023 	0.361266 	
0.04	0.333532 	-0.178313 	0.0337445 	-0.627282 	-1.57003 	0.365207 	
0.045	0.333533 	-0.178323 	0.0337376 	-0.628544 	-1.56965 	0.366273 	
0.05	0.33353 	-0.178335 	0.0337279 	-0.628558 	-1.56912 	0.366165 	
0.055	0.333598 	-0.178288 	0.0337437 	-0.618797 	-1.56991 	0.357796 	
0.06	0.333617 	-0.17828 	0.0337398 	-0.616712 	-1.56968 	0.356212 	
0.065	0.333629 	-0.178276 	0.0337326 	-0.616539 	-1.56927 	0.356476 	
0.07	0.333637 	-0.178276 	0.0337227 	-0.61696 	-1.56872 	0.357281 	
0.075	0.3337 	-0.178297 	0.0337377 	-0.620483 	-1.56945 	0.359249 	
0.08	0.333724 	-0.178308 	0.0337335 	-0.62252 	-1.56919 	0.36092 	
0.085	0.333742 	-0.17832 	0.0337261 	-0.623857 	-1.56876 	0.362 	
0.09	0.333757 	-0.178333 	0.0337161 	-0.624607 	-1.56818 	0.362579 	
0.095	0.333841 	-0.178271 	0.0337297 	-0.61712 	-1.56884 	0.357218 	
0.1	0.333877 	-0.178258 	0.0337251 	-0.615688 	-1.56855 	0.356531 	
0.105	0.333907 	-0.17825 	0.0337174 	-0.615206 	-1.56809 	0.356681 	
0.11	0.333959 	-0.178281 	0.033721 	-0.617316 	-1.56822 	0.357192 	
0.115	0.333991 	-0.178294 	0.0337138 	-0.618393 	-1.56777 	0.357975 	
0.12	0.334019 	-0.178306 	0.033704 	-0.619333 	-1.5672 	0.358716 	
0.125	0.334045 	-0.178319 	0.0336923 	-0.620071 	-1.56651 	0.35933 	
0.13	0.334164 	-0.178252 	0.0337133 	-0.614387 	-1.56754 	0.355696 	
0.135	0.334221 	-0.178237 	0.0337109 	-0.613237 	-1.56734 	0.355282 	
0.14	0.334271 	-0.178227 	0.033705 	-0.612797 	-1.56696 	0.355465 	
0.145	0.334317 	-0.178222 	0.0336964 	-0.612774 	-1.56643 	0.355975 	
0.15	0.334376 	-0.178262 	0.0336958 	-0.613373 	-1.56631 	0.354721 	
0.155	0.334421 	-0.178279 	0.0336869 	-0.614114 	-1.56576 	0.355042 	
0.16	0.334464 	-0.178294 	0.033676 	-0.614913 	-1.56509 	0.355541 	
0.165	0.334576 	-0.178232 	0.0336876 	-0.610908 	-1.56561 	0.353775 	
0.17	0.334642 	-0.178219 	0.0336822 	-0.610316 	-1.56524 	0.353922 	
0.175	0.334702 	-0.178211 	0.0336741 	-0.610133 	-1.56472 	0.354365 	
0.18	0.334759 	-0.178208 	0.0336637 	-0.610182 	-1.56407 	0.354949 	
0.185	0.334853 	-0.178232 	0.0336707 	-0.608377 	-1.56433 	0.351653 	
0.19	0.33492 	-0.178243 	0.033664 	-0.608352 	-1.56388 	0.351339 	
0.195	0.334984 	-0.178254 	0.0336548 	-0.608676 	-1.56329 	0.351466 	
0.2	0.335086 	-0.178205 	0.0336567 	-0.606244 	-1.56328 	0.351094 	
0.205	0.335161 	-0.178195 	0.0336487 	-0.605949 	-1.56275 	0.351512 	
0.21	0.335232 	-0.178189 	0.0336386 	-0.605934 	-1.5621 	0.352101 	
0.215	0.3353 	-0.178187 	0.0336268 	-0.606079 	-1.56136 	0.352763 	
0.22	0.335426 	-0.178196 	0.0336396 	-0.602733 	-1.56192 	0.348315 	
0.225	0.335514 	-0.178202 	0.0336346 	-0.602148 	-1.56153 	0.347571 	
0.23	0.335597 	-0.17821 	0.0336269 	-0.602054 	-1.561 	0.347386 	
0.235	0.335677 	-0.178218 	0.0336171 	-0.602294 	-1.56035 	0.347588 	
0.24	0.33579 	-0.178161 	0.0336156 	-0.599609 	-1.56015 	0.347407 	
0.245	0.335879 	-0.178148 	0.0336063 	-0.599151 	-1.55952 	0.347876 	
0.25	0.335965 	-0.178139 	0.0335953 	-0.598999 	-1.5588 	0.348499 	
0.255	0.336087 	-0.178159 	0.0336001 	-0.596812 	-1.55892 	0.345062 	
0.26	0.336183 	-0.178166 	0.0335927 	-0.596496 	-1.55839 	0.344626 	
0.265	0.336277 	-0.178174 	0.0335833 	-0.596556 	-1.55774 	0.344626 	
0.27	0.336368 	-0.178183 	0.0335722 	-0.596866 	-1.557 	0.344922 	
0.275	0.33651 	-0.178119 	0.0335759 	-0.592599 	-1.55707 	0.343204 	
0.28	0.336618 	-0.178103 	0.0335682 	-0.59165 	-1.55652 	0.343206 	
0.285	0.336723 	-0.178092 	0.0335585 	-0.591162 	-1.55585 	0.343513 	
0.29	0.336825 	-0.178086 	0.0335473 	-0.590999 	-1.55509 	0.34402 	
0.295	0.336957 	-0.178113 	0.03355 	-0.58876 	-1.55509 	0.340248 	
0.3	0.337068 	-0.178124 	0.033542 	-0.58841 	-1.55449 	0.339641 	
0.305	0.337177 	-0.178134 	0.0335321 	-0.588441 	-1.5538 	0.339501 	
0.31	0.337315 	-0.178076 	0.0335286 	-0.585282 	-1.55347 	0.338961 	
0.315	0.337433 	-0.178063 	0.0335189 	-0.584588 	-1.55279 	0.339187 	
0.32	0.337548 	-0.178054 	0.0335078 	-0.584275 	-1.55202 	0.339643 	
0.325	0.337662 	-0.17805 	0.0334956 	-0.584232 	-1.55118 	0.34025 	
0.33	0.337775 	-0.178048 	0.0334825 	-0.584375 	-1.5503 	0.340946 	
0.335	0.337954 	-0.178053 	0.0334962 	-0.578773 	-1.5509 	0.334146 	
0.34	0.33809 	-0.178057 	0.0334916 	-0.577325 	-1.55048 	0.332519 	
0.345	0.338223 	-0.178063 	0.0334846 	-0.576525 	-1.54993 	0.331609 	
0.35	0.338342 	-0.17802 	0.0334675 	-0.576027 	-1.54882 	0.33377 	
0.355	0.338466 	-0.178009 	0.0334541 	-0.575888 	-1.54791 	0.334586 	
0.36	0.33859 	-0.178003 	0.0334403 	-0.575963 	-1.54697 	0.335458 	
0.365	0.338714 	-0.178001 	0.0334259 	-0.576186 	-1.54599 	0.336353 	
0.37	0.338914 	-0.177995 	0.0334416 	-0.569677 	-1.54672 	0.328941 	
0.375	0.339067 	-0.177995 	0.0334375 	-0.567914 	-1.54631 	0.327145 	
0.38	0.339215 	-0.177997 	0.033431 	-0.566849 	-1.54576 	0.326088 	
0.385	0.339336 	-0.177965 	0.03341 	-0.566818 	-1.54442 	0.328412 	
0.39	0.33947 	-0.177957 	0.0333956 	-0.566746 	-1.54343 	0.329229 	
0.395	0.339605 	-0.177953 	0.033381 	-0.566879 	-1.54243 	0.330105 	
0.4	0.339741 	-0.177952 	0.0333663 	-0.567155 	-1.5414 	0.33101 	
0.405	0.339878 	-0.177954 	0.0333514 	-0.567529 	-1.54037 	0.331921 	
0.41	0.340121 	-0.177921 	0.0333758 	-0.557621 	-1.54162 	0.32165 	
0.415	0.340298 	-0.177913 	0.0333748 	-0.554647 	-1.54138 	0.318786 	
0.42	0.340469 	-0.177909 	0.0333709 	-0.552621 	-1.54098 	0.316881 	
0.425	0.340568 	-0.177897 	0.0333371 	-0.555732 	-1.53886 	0.322167 	
0.43	0.340708 	-0.177895 	0.0333193 	-0.556333 	-1.53765 	0.323631 	
0.435	0.340851 	-0.177895 	0.0333021 	-0.556955 	-1.53647 	0.324977 	
0.44	0.340996 	-0.177898 	0.0332854 	-0.557587 	-1.5353 	0.326222 	
0.445	0.341256 	-0.177854 	0.0333103 	-0.547076 	-1.53662 	0.315681 	
0.45	0.341445 	-0.177842 	0.033309 	-0.543977 	-1.53636 	0.312837 	
0.455	0.341629 	-0.177836 	0.033305 	-0.541836 	-1.53593 	0.310933 	
0.46	0.341737 	-0.177832 	0.0332701 	-0.544818 	-1.53373 	0.31579 	
0.465	0.341888 	-0.177832 	0.0332521 	-0.54536 	-1.53248 	0.31713 	
0.47	0.342042 	-0.177834 	0.0332348 	-0.545953 	-1.53127 	0.318394 	
0.475	0.342199 	-0.177837 	0.0332182 	-0.546579 	-1.53008 	0.31959 	
0.48	0.342467 	-0.177783 	0.0332405 	-0.535742 	-1.53128 	0.309208 	
0.485	0.342668 	-0.177768 	0.0332384 	-0.53253 	-1.53097 	0.306409 	
0.49	0.342864 	-0.177758 	0.0332339 	-0.530289 	-1.53051 	0.30453 	
0.495	0.34298 	-0.177762 	0.0331989 	-0.533225 	-1.52826 	0.309036 	
0.5	0.343143 	-0.177764 	0.0331808 	-0.533735 	-1.52699 	0.310281 	
0.505	0.343308 	-0.177767 	0.0331637 	-0.534317 	-1.52575 	0.311482 	
0.51	0.343477 	-0.177772 	0.0331472 	-0.534947 	-1.52455 	0.312639 	
0.515	0.343752 	-0.177707 	0.0331663 	-0.523695 	-1.52561 	0.302308 	
0.52	0.343963 	-0.177689 	0.0331633 	-0.520343 	-1.52525 	0.299517 	
0.525	0.344169 	-0.177677 	0.0331582 	-0.517983 	-1.52475 	0.297639 	
0.53	0.344372 	-0.17767 	0.0331515 	-0.516415 	-1.52414 	0.296489 	
0.535	0.344481 	-0.17768 	0.0331094 	-0.519649 	-1.52144 	0.301441 	
0.54	0.344647 	-0.177684 	0.0330883 	-0.520452 	-1.51996 	0.303049 	
0.545	0.344818 	-0.17769 	0.0330687 	-0.521245 	-1.51856 	0.304518 	
0.55	0.345103 	-0.177633 	0.0330871 	-0.511733 	-1.51956 	0.295644 	
0.555	0.345321 	-0.177619 	0.0330829 	-0.509055 	-1.51911 	0.29348 	
0.56	0.345536 	-0.177609 	0.033077 	-0.507214 	-1.51854 	0.292082 	
0.565	0.345747 	-0.177604 	0.0330696 	-0.506036 	-1.51787 	0.291291 	
0.57	0.345877 	-0.177596 	0.0330305 	-0.505965 	-1.51538 	0.293305 	
0.575	0.346056 	-0.177595 	0.0330103 	-0.505832 	-1.51396 	0.294096 	
0.58	0.346241 	-0.177597 	0.0329917 	-0.505926 	-1.5126 	0.29496 	
0.585	0.34643 	-0.177601 	0.0329743 	-0.506192 	-1.51131 	0.295874 	
0.59	0.346739 	-0.177537 	0.0329964 	-0.496124 	-1.51258 	0.286375 	
0.595	0.346976 	-0.17752 	0.0329945 	-0.493035 	-1.51226 	0.283765 	
0.6	0.347208 	-0.177509 	0.0329905 	-0.490862 	-1.5118 	0.282006 	
0.605	0.347335 	-0.177514 	0.0329482 	-0.492372 	-1.50905 	0.285354 	
0.61	0.347524 	-0.177516 	0.0329282 	-0.49244 	-1.5076 	0.286267 	
0.615	0.347719 	-0.177519 	0.0329098 	-0.492694 	-1.50624 	0.287229 	
0.62	0.347918 	-0.177525 	0.0328928 	-0.493089 	-1.50494 	0.288221 	
0.625	0.348227 	-0.17745 	0.03291 	-0.482064 	-1.50599 	0.278283 	
0.63	0.34847 	-0.177429 	0.0329066 	-0.478691 	-1.50559 	0.275553 	
0.635	0.34871 	-0.177415 	0.0329015 	-0.47629 	-1.50507 	0.273698 	
0.64	0.34885 	-0.177429 	0.0328619 	-0.478335 	-1.50241 	0.277213 	
0.645	0.34905 	-0.177433 	0.0328426 	-0.478516 	-1.50098 	0.278153 	
0.65	0.349254 	-0.177438 	0.0328249 	-0.478863 	-1.49963 	0.279139 	
0.655	0.349463 	-0.177446 	0.0328085 	-0.479336 	-1.49834 	0.280153 	
0.66	0.34977 	-0.17736 	0.0328204 	-0.467486 	-1.49915 	0.269884 	
0.665	0.35002 	-0.177336 	0.0328155 	-0.463857 	-1.49868 	0.267054 	
0.67	0.350265 	-0.177319 	0.0328092 	-0.46125 	-1.49809 	0.265117 	
0.675	0.350508 	-0.177309 	0.0328019 	-0.459458 	-1.49742 	0.263891 	
0.68	0.350637 	-0.177331 	0.0327562 	-0.462132 	-1.49433 	0.268077 	
0.685	0.350837 	-0.17734 	0.0327341 	-0.462711 	-1.49269 	0.269438 	
0.69	0.351044 	-0.177349 	0.0327142 	-0.463357 	-1.49118 	0.270739 	
0.695	0.351363 	-0.177273 	0.0327276 	-0.45325 	-1.49205 	0.26187 	
0.7	0.351619 	-0.177253 	0.0327222 	-0.450292 	-1.49152 	0.259629 	
0.705	0.351871 	-0.177241 	0.0327156 	-0.448209 	-1.49089 	0.25815 	
0.71	0.352121 	-0.177234 	0.0327081 	-0.44682 	-1.49019 	0.257274 	
0.715	0.352263 	-0.177234 	0.0326635 	-0.446287 	-1.48724 	0.258717 	
0.72	0.352473 	-0.177236 	0.0326419 	-0.445935 	-1.48564 	0.259291 	
0.725	0.352689 	-0.17724 	0.0326225 	-0.445868 	-1.48417 	0.259995 	
0.73	0.353005 	-0.177182 	0.032633 	-0.438324 	-1.48479 	0.253355 	
0.735	0.353265 	-0.177167 	0.0326268 	-0.436015 	-1.48419 	0.251685 	
0.74	0.353523 	-0.177159 	0.0326196 	-0.43444 	-1.48351 	0.25065 	
0.745	0.353701 	-0.177148 	0.0325851 	-0.432486 	-1.48119 	0.250471 	
0.75	0.353928 	-0.177146 	0.0325672 	-0.431601 	-1.47983 	0.250451 	
0.755	0.354159 	-0.177148 	0.0325508 	-0.431131 	-1.47854 	0.250702 	
0.76	0.354394 	-0.177152 	0.0325357 	-0.430983 	-1.4773 	0.25116 	
0.765	0.354633 	-0.177159 	0.0325215 	-0.431085 	-1.47612 	0.251775 	
0.77	0.354937 	-0.177061 	0.0325226 	-0.419117 	-1.47638 	0.241959 	
0.775	0.355203 	-0.177034 	0.032515 	-0.415315 	-1.47576 	0.239146 	
0.78	0.355467 	-0.177015 	0.0325069 	-0.41256 	-1.47507 	0.237212 	
0.785	0.355729 	-0.177004 	0.0324983 	-0.410637 	-1.47431 	0.235974 	
0.79	0.355884 	-0.177034 	0.0324566 	-0.41321 	-1.47132 	0.239697 	
0.795	0.356106 	-0.177046 	0.0324358 	-0.413732 	-1.4697 	0.240912 	
0.8	0.356336 	-0.177059 	0.0324172 	-0.41435 	-1.4682 	0.242112 	
0.805	0.356659 	-0.176968 	0.0324227 	-0.403732 	-1.46871 	0.233278 	
0.81	0.356931 	-0.176946 	0.0324152 	-0.400578 	-1.46808 	0.231006 	
0.815	0.3572 	-0.176931 	0.0324072 	-0.398329 	-1.46737 	0.229492 	
0.82	0.357468 	-0.176924 	0.0323988 	-0.3968 	-1.46661 	0.228577 	
0.825	0.357629 	-0.176929 	0.0323566 	-0.396235 	-1.46368 	0.229699 	
0.83	0.357857 	-0.176933 	0.0323358 	-0.395829 	-1.46208 	0.230151 	
0.835	0.358093 	-0.176941 	0.0323172 	-0.395726 	-1.46061 	0.230762 	
0.84	0.358415 	-0.176871 	0.0323218 	-0.387756 	-1.46097 	0.224145 	
0.845	0.35869 	-0.176855 	0.032314 	-0.385276 	-1.46029 	0.22244 	
0.85	0.358963 	-0.176846 	0.0323059 	-0.383557 	-1.45955 	0.221369 	
0.855	0.359234 	-0.176842 	0.0322974 	-0.382441 	-1.45877 	0.220798 	
0.86	0.359401 	-0.176822 	0.032255 	-0.379122 	-1.45591 	0.21966 	
0.865	0.359634 	-0.17682 	0.0322342 	-0.377916 	-1.45434 	0.219463 	
0.87	0.359874 	-0.176822 	0.0322156 	-0.377191 	-1.45288 	0.219571 	
0.875	0.36012 	-0.176828 	0.0321989 	-0.376841 	-1.45153 	0.219914 	
0.88	0.360461 	-0.176752 	0.0322071 	-0.368496 	-1.45218 	0.212867 	
0.885	0.360748 	-0.176733 	0.0322014 	-0.365785 	-1.45164 	0.210902 	
0.89	0.361031 	-0.176722 	0.0321949 	-0.363879 	-1.45103 	0.20962 	
0.895	0.361199 	-0.176722 	0.0321536 	-0.362566 	-1.44811 	0.210071 	
0.9	0.361437 	-0.176724 	0.0321339 	-0.361776 	-1.44658 	0.210169 	
0.905	0.361683 	-0.17673 	0.0321163 	-0.361377 	-1.44516 	0.210506 	
0.91	0.361933 	-0.176739 	0.0321004 	-0.361284 	-1.44383 	0.211026 	
0.915	0.362261 	-0.176646 	0.0321022 	-0.351328 	-1.44418 	0.202914 	
0.92	0.362545 	-0.176622 	0.0320945 	-0.348143 	-1.44355 	0.200641 	
0.925	0.362827 	-0.176608 	0.0320865 	-0.34586 	-1.44286 	0.199114 	
0.93	0.363011 	-0.176621 	0.0320506 	-0.345873 	-1.44019 	0.200429 	
0.935	0.363256 	-0.176626 	0.0320323 	-0.345411 	-1.43873 	0.200736 	
0.94	0.363506 	-0.176636 	0.0320159 	-0.34527 	-1.43737 	0.201235 	
0.945	0.363762 	-0.176648 	0.0320009 	-0.34538 	-1.43609 	0.201883 	
0.95	0.364075 	-0.176539 	0.0319967 	-0.334076 	-1.43613 	0.19292 	
0.955	0.364356 	-0.176511 	0.0319873 	-0.330492 	-1.43541 	0.190395 	
0.96	0.364637 	-0.176493 	0.0319779 	-0.327892 	-1.43465 	0.188669 	
0.965	0.364916 	-0.176484 	0.0319685 	-0.326075 	-1.43386 	0.187576 	
0.97	0.365086 	-0.176508 	0.0319296 	-0.326954 	-1.4309 	0.189652 	
0.975	0.365326 	-0.17652 	0.0319097 	-0.326945 	-1.42929 	0.190361 	
0.98	0.365573 	-0.176534 	0.0318921 	-0.327157 	-1.42782 	0.191172 	
0.985	0.365898 	-0.17644 	0.0318917 	-0.317632 	-1.42806 	0.183562 	
0.99	0.366182 	-0.176419 	0.0318827 	-0.314704 	-1.42735 	0.181563 	
0.995	0.366464 	-0.176407 	0.0318736 	-0.31262 	-1.42659 	0.180247 	
1	0.366744 	-0.176402 	0.0318646 	-0.311208 	-1.42581 	0.179473 	
1.005	0.366914 	-0.176397 	0.0318245 	-0.309266 	-1.42288 	0.179277 	
1.01	0.367153 	-0.176401 	0.0318044 	-0.308426 	-1.42129 	0.179318 	
1.015	0.367401 	-0.176409 	0.0317866 	-0.307986 	-1.41984 	0.179607 	
1.02	0.367654 	-0.17642 	0.0317706 	-0.30786 	-1.41849 	0.180088 	
1.025	0.367995 	-0.176316 	0.0317737 	-0.297758 	-1.41904 	0.17192 	
1.03	0.368287 	-0.17629 	0.0317666 	-0.294495 	-1.41849 	0.169594 	
1.035	0.368575 	-0.176275 	0.031759 	-0.292142 	-1.41786 	0.168015 	
1.04	0.368745 	-0.176294 	0.0317211 	-0.292333 	-1.41493 	0.16946 	
1.045	0.368988 	-0.176303 	0.0317023 	-0.291905 	-1.41341 	0.169786 	
1.05	0.369237 	-0.176315 	0.0316855 	-0.29179 	-1.41201 	0.170297 	
1.055	0.369548 	-0.176234 	0.0316813 	-0.2838 	-1.41194 	0.164082 	
1.06	0.369827 	-0.176217 	0.0316713 	-0.281292 	-1.41115 	0.162462 	
1.065	0.370105 	-0.176209 	0.0316614 	-0.27954 	-1.41035 	0.161441 	
1.07	0.370383 	-0.176208 	0.0316517 	-0.278385 	-1.40952 	0.160895 	
1.075	0.370564 	-0.176185 	0.0316161 	-0.274862 	-1.40691 	0.159263 	
1.08	0.370807 	-0.176184 	0.0315974 	-0.273562 	-1.40543 	0.158884 	
1.085	0.371056 	-0.176189 	0.0315806 	-0.27276 	-1.40407 	0.158841 	
1.09	0.37131 	-0.176198 	0.0315654 	-0.272351 	-1.4028 	0.159061 	
1.095	0.37163 	-0.176112 	0.0315638 	-0.264194 	-1.40295 	0.152638 	
1.1	0.371913 	-0.176093 	0.0315553 	-0.261517 	-1.4023 	0.150833 	
1.105	0.372194 	-0.176084 	0.0315465 	-0.259627 	-1.4016 	0.149661 	
1.11	0.372474 	-0.176082 	0.0315377 	-0.258363 	-1.40086 	0.148994 	
1.115	0.372623 	-0.176069 	0.0314961 	-0.255769 	-1.3977 	0.148308 	
1.12	0.372855 	-0.176073 	0.0314756 	-0.25475 	-1.39606 	0.148211 	
1.125	0.373094 	-0.176081 	0.0314573 	-0.254168 	-1.39457 	0.148386 	
1.13	0.373428 	-0.176015 	0.03146 	-0.247822 	-1.39499 	0.143278 	
1.135	0.37371 	-0.176002 	0.0314519 	-0.245719 	-1.39436 	0.141914 	
1.14	0.373989 	-0.175999 	0.0314436 	-0.244282 	-1.39368 	0.14109 	
1.145	0.37417 	-0.175978 	0.0314108 	-0.241171 	-1.39117 	0.139716 	
1.15	0.374411 	-0.175978 	0.0313935 	-0.239913 	-1.38979 	0.139323 	
1.155	0.374658 	-0.175983 	0.0313778 	-0.239144 	-1.38852 	0.139266 	
1.16	0.374909 	-0.175994 	0.0313635 	-0.23876 	-1.38732 	0.139473 	
1.165	0.375205 	-0.175908 	0.0313571 	-0.230801 	-1.38713 	0.133367 	
1.17	0.375477 	-0.17589 	0.0313471 	-0.228201 	-1.38639 	0.131665 	
1.175	0.375747 	-0.175881 	0.0313373 	-0.22637 	-1.38562 	0.130573 	
1.18	0.376017 	-0.17588 	0.0313275 	-0.22515 	-1.38484 	0.129963 	
1.185	0.376183 	-0.175866 	0.0312936 	-0.222553 	-1.38217 	0.129042 	
1.19	0.376415 	-0.175869 	0.0312753 	-0.221547 	-1.3807 	0.128876 	
1.195	0.376653 	-0.175878 	0.0312589 	-0.220975 	-1.37935 	0.128996 	
1.2	0.376896 	-0.175891 	0.031244 	-0.220746 	-1.37811 	0.12934 	
1.205	0.377213 	-0.17579 	0.0312434 	-0.211876 	-1.37844 	0.12233 	
1.21	0.377488 	-0.175768 	0.0312353 	-0.209001 	-1.37787 	0.120347 	
1.215	0.37776 	-0.175756 	0.0312268 	-0.206948 	-1.37725 	0.119027 	
1.22	0.377925 	-0.175769 	0.031195 	-0.206488 	-1.37462 	0.119743 	
1.225	0.378155 	-0.175778 	0.031178 	-0.205935 	-1.37322 	0.119896 	
1.23	0.378391 	-0.175792 	0.0311625 	-0.205722 	-1.37193 	0.120265 	
1.235	0.378679 	-0.175713 	0.0311567 	-0.19862 	-1.37177 	0.114844 	
1.24	0.378939 	-0.175699 	0.0311465 	-0.196378 	-1.37101 	0.113433 	
1.245	0.379198 	-0.175694 	0.0311364 	-0.194829 	-1.37024 	0.112566 	
1.25	0.379456 	-0.175696 	0.0311264 	-0.19383 	-1.36946 	0.112131 	
1.255	0.379626 	-0.175666 	0.0310969 	-0.190153 	-1.36711 	0.110214 	
1.26	0.379852 	-0.175665 	0.0310801 	-0.188846 	-1.36576 	0.109757 	
1.265	0.380082 	-0.175671 	0.0310648 	-0.188035 	-1.36452 	0.109645 	
1.27	0.380317 	-0.175682 	0.0310507 	-0.187618 	-1.36336 	0.109803 	
1.275	0.38061 	-0.1756 	0.0310474 	-0.180469 	-1.36342 	0.104264 	
1.28	0.380869 	-0.175584 	0.0310386 	-0.178134 	-1.3628 	0.102729 	
1.285	0.381126 	-0.175578 	0.0310295 	-0.176508 	-1.36213 	0.101761 	
1.29	0.38138 	-0.17558 	0.0310203 	-0.175447 	-1.36144 	0.101243 	
1.295	0.381519 	-0.175559 	0.0309869 	-0.172589 	-1.35865 	0.100125 	
1.3	0.381729 	-0.175562 	0.0309689 	-0.171543 	-1.35718 	0.0999148 	
1.305	0.381946 	-0.175571 	0.0309527 	-0.170938 	-1.35585 	0.0999945 	
1.31	0.382168 	-0.175585 	0.0309378 	-0.170682 	-1.35462 	0.100302 	
1.315	0.382487 	-0.175491 	0.0309414 	-0.162824 	-1.35533 	0.0939689 	
1.32	0.382748 	-0.175471 	0.0309347 	-0.160285 	-1.35492 	0.0921957 	
1.325	0.383005 	-0.175463 	0.0309273 	-0.158495 	-1.35443 	0.0910335 	
1.33	0.383137 	-0.17547 	0.0308954 	-0.157695 	-1.35165 	0.0915075 	
1.335	0.383344 	-0.175479 	0.0308786 	-0.157113 	-1.35026 	0.0916232 	
1.34	0.383556 	-0.175492 	0.0308633 	-0.156875 	-1.34899 	0.0919587 	
1.345	0.383837 	-0.175419 	0.0308609 	-0.150533 	-1.34912 	0.0870306 	
1.35	0.38408 	-0.175407 	0.0308518 	-0.148542 	-1.34849 	0.0857681 	
1.355	0.38432 	-0.175404 	0.0308426 	-0.147188 	-1.34782 	0.0850116 	
1.36	0.384558 	-0.175409 	0.0308333 	-0.146341 	-1.34714 	0.0846573 	
1.365	0.3847 	-0.175375 	0.0308054 	-0.142698 	-1.34476 	0.0827571 	
1.37	0.384901 	-0.175374 	0.0307894 	-0.14145 	-1.34345 	0.0823251 	
1.375	0.385106 	-0.17538 	0.0307746 	-0.140685 	-1.34225 	0.082227 	
1.38	0.385316 	-0.175391 	0.0307609 	-0.140302 	-1.34113 	0.0823916 	
1.385	0.385601 	-0.175316 	0.0307614 	-0.13399 	-1.34154 	0.0773807 	
1.39	0.385841 	-0.175303 	0.0307539 	-0.131954 	-1.34106 	0.0760212 	
1.395	0.386077 	-0.1753 	0.0307459 	-0.130562 	-1.34052 	0.0751845 	
1.4	0.386309 	-0.175304 	0.0307375 	-0.129684 	-1.33994 	0.0747646 	
1.405	0.386413 	-0.175278 	0.0307056 	-0.126767 	-1.33708 	0.0736146 	
1.41	0.386595 	-0.175281 	0.0306884 	-0.125762 	-1.33563 	0.0734187 	
1.415	0.386784 	-0.175289 	0.0306727 	-0.125187 	-1.33432 	0.0735049 	
1.42	0.387075 	-0.175237 	0.030676 	-0.120544 	-1.33499 	0.0696895 	
1.425	0.387306 	-0.175231 	0.0306688 	-0.119028 	-1.33454 	0.0687216 	
1.43	0.387533 	-0.175233 	0.0306611 	-0.118049 	-1.33403 	0.0681943 	
1.435	0.387665 	-0.175205 	0.0306366 	-0.115061 	-1.33185 	0.066734 	
1.44	0.387852 	-0.175206 	0.0306223 	-0.113994 	-1.33067 	0.0663886 	
1.445	0.388043 	-0.175213 	0.0306089 	-0.113371 	-1.32958 	0.0663557 	
1.45	0.388236 	-0.175226 	0.0305962 	-0.1131 	-1.32856 	0.0665692 	
1.455	0.38843 	-0.175243 	0.0305842 	-0.113108 	-1.3276 	0.0669769 	
1.46	0.388689 	-0.175131 	0.0305839 	-0.104548 	-1.32797 	0.0602243 	
1.465	0.388907 	-0.175106 	0.0305768 	-0.10185 	-1.32754 	0.058328 	
1.47	0.389121 	-0.175094 	0.0305691 	-0.0999287 	-1.32704 	0.0570599 	
1.475	0.389331 	-0.17509 	0.0305609 	-0.0986283 	-1.3265 	0.0562934 	
1.48	0.389426 	-0.175117 	0.0305332 	-0.099392 	-1.32386 	0.0579152 	
1.485	0.389589 	-0.175136 	0.0305175 	-0.099524 	-1.32252 	0.0585582 	
1.49	0.389758 	-0.175157 	0.0305032 	-0.0998498 	-1.32129 	0.059304 	
1.495	0.390025 	-0.175061 	0.0305063 	-0.0925217 	-1.32201 	0.0533914 	
1.5	0.390233 	-0.175044 	0.0304996 	-0.0903702 	-1.32161 	0.0519082 	
1.505	0.390437 	-0.175038 	0.0304922 	-0.0888834 	-1.32115 	0.0509668 	
1.51	0.390636 	-0.175039 	0.0304844 	-0.0879275 	-1.32064 	0.0504579 	
1.515	0.390727 	-0.175036 	0.0304589 	-0.0867983 	-1.31818 	0.0505233 	
1.52	0.390882 	-0.175045 	0.0304442 	-0.0863881 	-1.31692 	0.0507118 	
1.525	0.391041 	-0.175059 	0.0304306 	-0.0862844 	-1.31577 	0.0510975 	
1.53	0.391293 	-0.174993 	0.0304332 	-0.0809693 	-1.31641 	0.0467758 	
1.535	0.391489 	-0.174984 	0.0304266 	-0.079378 	-1.31601 	0.0457261 	
1.54	0.39168 	-0.174984 	0.0304193 	-0.078337 	-1.31556 	0.0451283 	
1.545	0.391867 	-0.17499 	0.0304115 	-0.0777351 	-1.31505 	0.0448909 	
1.55	0.391955 	-0.17496 	0.0303888 	-0.0749574 	-1.31283 	0.0435842 	
1.555	0.392101 	-0.174961 	0.0303753 	-0.0740925 	-1.31165 	0.0433859 	
1.56	0.39225 	-0.174969 	0.0303625 	-0.0736283 	-1.31057 	0.0434644 	
1.565	0.392402 	-0.174982 	0.0303505 	-0.0734815 	-1.30956 	0.0437612 	
1.57	0.392661 	-0.174914 	0.0303565 	-0.0681559 	-1.31059 	0.0392797 	
1.575	0.392852 	-0.174904 	0.0303516 	-0.0665407 	-1.31039 	0.0381353 	
1.58	0.393036 	-0.174902 	0.0303458 	-0.0654793 	-1.31009 	0.0374594 	
1.585	0.393214 	-0.174907 	0.0303393 	-0.0648608 	-1.30971 	0.0371583 	
1.59	0.393256 	-0.174887 	0.0303126 	-0.0628718 	-1.30693 	0.0366731 	
1.595	0.393377 	-0.174892 	0.0302981 	-0.0622764 	-1.3056 	0.0367378 	
1.6	0.393504 	-0.174901 	0.0302846 	-0.0620245 	-1.3044 	0.0370224 	
1.605	0.393762 	-0.174855 	0.0302922 	-0.0581239 	-1.30564 	0.0335635 	
1.61	0.39394 	-0.174851 	0.0302875 	-0.0569765 	-1.30546 	0.0327759 	
1.615	0.394111 	-0.174855 	0.0302818 	-0.0562877 	-1.30517 	0.0323831 	
1.62	0.394275 	-0.174864 	0.0302754 	-0.0559654 	-1.3048 	0.0323058 	
1.625	0.394318 	-0.174822 	0.0302524 	-0.0526574 	-1.30233 	0.030679 	
1.63	0.394431 	-0.174819 	0.0302393 	-0.0517028 	-1.30112 	0.0304207 	
1.635	0.394548 	-0.174823 	0.030227 	-0.051166 	-1.30002 	0.0304489 	
1.64	0.394784 	-0.1748 	0.030233 	-0.0487772 	-1.30111 	0.0282113 	
1.645	0.394946 	-0.174802 	0.0302282 	-0.0480653 	-1.3009 	0.027765 	
1.65	0.395102 	-0.17481 	0.0302225 	-0.0477235 	-1.3006 	0.0276432 	
1.655	0.395251 	-0.174823 	0.0302161 	-0.0476772 	-1.30023 	0.0277804 	
1.66	0.395297 	-0.174762 	0.030197 	-0.0432763 	-1.2981 	0.0251788 	
1.665	0.395401 	-0.174753 	0.0301853 	-0.0420333 	-1.29701 	0.0246515 	
1.67	0.395508 	-0.174752 	0.0301743 	-0.0412676 	-1.296 	0.0244654 	
1.675	0.395617 	-0.174758 	0.0301637 	-0.0408804 	-1.29506 	0.0245489 	
1.68	0.39586 	-0.174741 	0.0301731 	-0.0389326 	-1.2966 	0.0224681 	
1.685	0.396017 	-0.174746 	0.0301701 	-0.038428 	-1.29661 	0.0220933 	
1.69	0.396165 	-0.174756 	0.030166 	-0.0382513 	-1.29649 	0.0220272 	
1.695	0.39619 	-0.174715 	0.0301464 	-0.0352223 	-1.29425 	0.0205477 	
1.7	0.396282 	-0.174712 	0.0301354 	-0.0344151 	-1.29322 	0.0203403 	
1.705	0.396376 	-0.174716 	0.0301251 	-0.0339951 	-1.29226 	0.0204066 	
1.71	0.39647 	-0.174725 	0.0301151 	-0.0338823 	-1.29135 	0.0206894 	
1.715	0.396697 	-0.174689 	0.0301247 	-0.0308172 	-1.29289 	0.0177231 	
1.72	0.396839 	-0.174688 	0.0301222 	-0.0300116 	-1.29292 	0.017102 	
1.725	0.396971 	-0.174692 	0.0301184 	-0.029594 	-1.29281 	0.016838 	
1.73	0.396991 	-0.174672 	0.0301005 	-0.0279384 	-1.29075 	0.0163662 	
1.735	0.397071 	-0.174675 	0.0300904 	-0.0275291 	-1.28979 	0.0164411 	
1.74	0.397152 	-0.174683 	0.0300808 	-0.0274252 	-1.28889 	0.0167304 	
1.745	0.397234 	-0.174694 	0.0300715 	-0.0275635 	-1.28803 	0.0171892 	
1.75	0.397445 	-0.174642 	0.0300816 	-0.0235971 	-1.28958 	0.0135029 	
1.755	0.397571 	-0.174636 	0.0300797 	-0.022559 	-1.28964 	0.0126861 	
1.76	0.397688 	-0.174636 	0.0300765 	-0.0219551 	-1.28955 	0.0122648 	
1.765	0.397796 	-0.174642 	0.0300723 	-0.0216991 	-1.28934 	0.0121604 	
1.77	0.397784 	-0.174628 	0.0300531 	-0.020587 	-1.28704 	0.0122139 	
1.775	0.397838 	-0.174633 	0.0300426 	-0.0204245 	-1.28596 	0.0125274 	
1.78	0.397895 	-0.174643 	0.0300327 	-0.0205155 	-1.28497 	0.0130044 	
1.785	0.398095 	-0.174608 	0.0300431 	-0.0177023 	-1.2866 	0.0101767 	
1.79	0.398204 	-0.174607 	0.0300411 	-0.0170578 	-1.28664 	0.00967166 	
1.795	0.398303 	-0.174611 	0.030038 	-0.0167682 	-1.28654 	0.0094986 	
1.8	0.398394 	-0.17462 	0.030034 	-0.0167624 	-1.28632 	0.00959121 	
1.805	0.398477 	-0.174632 	0.0300293 	-0.0169831 	-1.28602 	0.00989579 	
1.81	0.398463 	-0.174581 	0.0300143 	-0.0137404 	-1.28405 	0.00815801 	
1.815	0.398502 	-0.174574 	0.0300052 	-0.0129957 	-1.28305 	0.00798525 	
1.82	0.398542 	-0.174574 	0.0299965 	-0.0126241 	-1.28212 	0.00807602 	
1.825	0.398728 	-0.174578 	0.0300066 	-0.0121222 	-1.28382 	0.00701308 	
1.83	0.398821 	-0.174586 	0.030005 	-0.0121356 	-1.28391 	0.00699815 	
1.835	0.398903 	-0.174598 	0.0300024 	-0.0123715 	-1.28385 	0.00721609 	
1.84	0.398976 	-0.174612 	0.0299989 	-0.012785 	-1.28367 	0.00761996 	
1.845	0.398961 	-0.17455 	0.0299869 	-0.00897787 	-1.28199 	0.00532629 	
1.85	0.398991 	-0.17454 	0.0299795 	-0.00810148 	-1.28115 	0.00499117 	
1.855	0.399021 	-0.174537 	0.0299722 	-0.00762547 	-1.28034 	0.00495257 	
1.86	0.399175 	-0.174554 	0.0299802 	-0.00803266 	-1.28178 	0.00469469 	
1.865	0.399248 	-0.174566 	0.0299785 	-0.00833258 	-1.28182 	0.00491998 	
1.87	0.39931 	-0.174579 	0.0299759 	-0.00879707 	-1.28172 	0.0053292 	
1.875	0.399364 	-0.174595 	0.0299724 	-0.0093925 	-1.28151 	0.00588488 	
1.88	0.399361 	-0.174526 	0.029965 	-0.00516127 	-1.28035 	0.00305593 	
1.885	0.399383 	-0.174513 	0.0299593 	-0.00419817 	-1.27968 	0.00258341 	
1.89	0.399403 	-0.174507 	0.0299535 	-0.00365327 	-1.27901 	0.00243507 	
1.895	0.399524 	-0.174535 	0.0299595 	-0.00483626 	-1.28017 	0.0028868 	
1.9	0.399577 	-0.17455 	0.0299577 	-0.00538757 	-1.28016 	0.0033251 	
1.905	0.39962 	-0.174565 	0.0299551 	-0.00605255 	-1.28003 	0.00390387 	
1.91	0.399654 	-0.174582 	0.0299519 	-0.00680749 	-1.27979 	0.00459405 	
1.915	0.399682 	-0.174599 	0.0299481 	-0.00763324 	-1.27947 	0.00537224 	
1.92	0.399695 	-0.174497 	0.029947 	-0.00151009 	-1.27899 	0.000793769 	
1.925	0.399709 	-0.174473 	0.0299436 	4.31521e-05 	-1.27852 	-0.000221454 	
1.93	0.399718 	-0.174458 	0.0299398 	0.00105836 	-1.27801 	-0.000802453 	
1.935	0.399802 	-0.174526 	0.0299427 	-0.00257514 	-1.27888 	0.00167574 	
1.94	0.399832 	-0.17455 	0.0299407 	-0.00383062 	-1.27882 	0.00268062 	
1.945	0.399853 	-0.174573 	0.0299381 	-0.00505769 	-1.27865 	0.00371127 	
1.95	0.399866 	-0.174596 	0.0299349 	-0.00626054 	-1.27838 	0.00476109 	
1.955	0.399883 	-0.174487 	0.0299372 	0.000186497 	-1.27828 	-0.000226126 	
1.96	0.399887 	-0.174462 	0.0299354 	0.0017235 	-1.27797 	-0.00129307 	
1.965	0.399885 	-0.174445 	0.0299329 	0.00272621 	-1.27759 	-0.00191607 	
1.97	0.399938 	-0.174518 	0.0299343 	-0.00129515 	-1.27821 	0.000961633 	
1.975	0.399948 	-0.174543 	0.0299324 	-0.00269238 	-1.27811 	0.00209284 	
1.98	0.399949 	-0.174566 	0.02993 	-0.00403221 	-1.27791 	0.00322381 	
1.985	0.399942 	-0.174589 	0.029927 	-0.00532456 	-1.27761 	0.00435305 	
1.99	0.399969 	-0.174482 	0.0299331 	0.000958172 	-1.27801 	-0.000709935 	
1.995	0.399965 	-0.174458 	0.0299328 	0.00240795 	-1.27786 	-0.00177879 	
2	0.399953 	-0.174441 	0.0299317 	0.00334152 	-1.27762 	-0.00240404 	
2.005	0.399934 	-0.174431 	0.0299298 	0.00386224 	-1.2773 	-0.00267457 	
2.01	0.399978 	-0.174525 	0.0299303 	-0.00150586 	-1.27805 	0.00118753 	
2.015	0.39998 	-0.17456 	0.0299251 	-0.0035546 	-1.27802 	0.00279547 	
2.02	0.399976 	-0.174592 	0.0299176 	-0.00541541 	-1.27787 	0.00430766 	
2.025	0.39997 	-0.174488 	0.0299127 	0.000668065 	-1.2777 	-0.000455426 	
2.03	0.399959 	-0.174467 	0.0299025 	0.00184322 	-1.2774 	-0.0012797 	
2.035	0.399946 	-0.174454 	0.0298899 	0.00255748 	-1.27704 	-0.00170964 	
2.04	0.399931 	-0.174447 	0.0298752 	0.00290374 	-1.27662 	-0.00182488 	
2.045	0.39998 	-0.174521 	0.0298634 	-0.00122238 	-1.27728 	0.00093646 	
2.05	0.399987 	-0.17455 	0.0298464 	-0.00288934 	-1.27718 	0.00220596 	
2.055	0.399988 	-0.174576 	0.029827 	-0.0044441 	-1.27698 	0.00344674 	
2.06	0.399968 	-0.174491 	0.0298072 	0.000486422 	-1.2764 	-0.00029451 	
2.065	0.399957 	-0.174475 	0.0297843 	0.00136089 	-1.27594 	-0.000852359 	
2.07	0.399945 	-0.174465 	0.0297592 	0.00183619 	-1.27544 	-0.00107071 	
2.075	0.399932 	-0.174462 	0.0297323 	0.00199336 	-1.27492 	-0.00101872 	
2.08	0.39992 	-0.174462 	0.0297034 	0.00189726 	-1.27437 	-0.000751726 	
2.085	0.399986 	-0.17452 	0.0296802 	-0.00113133 	-1.27517 	0.000767823 	
2.09	0.400003 	-0.174546 	0.0296504 	-0.00256281 	-1.27508 	0.00172917 	
2.095	0.400014 	-0.17457 	0.0296184 	-0.00392805 	-1.27488 	0.0027223 	
2.1	0.399964 	-0.174491 	0.029581 	0.000414155 	-1.2736 	-0.000176886 	
2.105	0.399948 	-0.174477 	0.0295438 	0.00114909 	-1.2729 	-0.000525614 	
2.11	0.399934 	-0.174469 	0.029505 	0.00151565 	-1.27221 	-0.000579564 	
2.115	0.399922 	-0.174466 	0.0294645 	0.00158919 	-1.27153 	-0.000399419 	
2.12	0.399985 	-0.174515 	0.0294294 	-0.000857195 	-1.27213 	0.000540347 	
2.125	0.400003 	-0.174537 	0.0293883 	-0.00201701 	-1.27192 	0.00126024 	
2.13	0.400016 	-0.174557 	0.0293452 	-0.00316232 	-1.27163 	0.00205758 	
2.135	0.399964 	-0.174494 	0.029296 	0.000256385 	-1.27017 	-4.44193e-05 	
2.14	0.39995 	-0.174484 	0.0292477 	0.000746366 	-1.26937 	-0.000184544 	
2.145	0.399939 	-0.174479 	0.0291981 	0.000920732 	-1.26861 	-7.53688e-05 	
2.15	0.399931 	-0.174479 	0.0291472 	0.000844298 	-1.26787 	0.000231518 	
2.155	0.399926 	-0.174483 	0.0290949 	0.000568702 	-1.26715 	0.000695077 	
2.16	0.399988 	-0.174513 	0.0290478 	-0.000684886 	-1.26757 	0.000282719 	
2.165	0.400009 	-0.17453 	0.0289951 	-0.0015399 	-1.26728 	0.000617739 	
2.17	0.400027 	-0.174548 	0.0289407 	-0.0024384 	-1.26693 	0.00110418 	
2.175	0.399962 	-0.174496 	0.0288781 	0.000141533 	-1.26511 	0.000119833 	
2.18	0.399947 	-0.174488 	0.0288182 	0.000429094 	-1.26416 	0.000258444 	
2.185	0.399938 	-0.174486 	0.0287574 	0.000447089 	-1.26327 	0.000585025 	
2.19	0.399932 	-0.174488 	0.0286955 	0.000251041 	-1.26244 	0.00106034 	
2.195	0.399984 	-0.17451 	0.0286378 	-0.000478723 	-1.26258 	0.000128648 	
2.2	0.400004 	-0.174523 	0.0285757 	-0.00111431 	-1.26215 	0.000278266 	
2.205	0.400022 	-0.174537 	0.0285122 	-0.00183368 	-1.26168 	0.000612763 	
2.21	0.399963 	-0.174498 	0.0284413 	2.30992e-05 	-1.25987 	0.000209991 	
2.215	0.399953 	-0.174494 	0.028373 	0.000124579 	-1.25889 	0.000493992 	
2.22	0.399947 	-0.174494 	0.028304 	-1.51036e-06 	-1.25797 	0.000932121 	
2.225	0.399946 	-0.174498 	0.0282341 	-0.000308214 	-1.25712 	0.0014921 	
2.23	0.399948 	-0.174505 	0.0281635 	-0.000758168 	-1.25632 	0.00214833 	
2.235	0.399983 	-0.174506 	0.0280952 	-0.000236263 	-1.25601 	-0.000206739 	
2.24	0.400001 	-0.174514 	0.028024 	-0.000512931 	-1.25544 	-0.000503067 	
2.245	0.400019 	-0.174524 	0.0279517 	-0.000941785 	-1.25486 	-0.000528747 	
2.25	0.399964 	-0.1745 	0.0278726 	-0.000129192 	-1.25304 	0.000415977 	
2.255	0.399957 	-0.174501 	0.0277963 	-0.00028451 	-1.25201 	0.00103979 	
2.26	0.399955 	-0.174504 	0.0277196 	-0.00060912 	-1.25107 	0.00174284 	
2.265	0.399957 	-0.174511 	0.0276423 	-0.00106813 	-1.25019 	0.00250827 	
2.27	0.399979 	-0.174504 	0.0275665 	-0.000104593 	-1.24957 	-0.000280109 	
2.275	0.399993 	-0.174508 	0.0274888 	-0.000222681 	-1.24886 	-0.000696435 	
2.28	0.400009 	-0.174516 	0.0274104 	-0.000520706 	-1.24818 	-0.000822098 	
2.285	0.399966 	-0.174502 	0.0273266 	-0.000205393 	-1.2465 	0.000460645 	
2.29	0.399963 	-0.174505 	0.0272452 	-0.000483685 	-1.24548 	0.00116179 	
2.295	0.399965 	-0.174511 	0.0271635 	-0.000901884 	-1.24455 	0.00192196 	
2.3	0.399972 	-0.174519 	0.0270815 	-0.00143112 	-1.24368 	0.00272847 	
2.305	0.399975 	-0.174502 	0.0269996 	1.5678e-06 	-1.24268 	-0.00034645 	
2.31	0.399985 	-0.174503 	0.026917 	3.02134e-05 	-1.24184 	-0.00085491 	
2.315	0.399998 	-0.174508 	0.0268341 	-0.00014634 	-1.24105 	-0.00105838 	
2.32	0.400014 	-0.174516 	0.0267507 	-0.000485307 	-1.2403 	-0.00101956 	
2.325	0.399964 	-0.174502 	0.0266623 	-0.000245815 	-1.23845 	0.000671042 	
2.33	0.399958 	-0.174505 	0.0265766 	-0.000555191 	-1.23736 	0.00156518 	
2.335	0.399959 	-0.174511 	0.026491 	-0.000991626 	-1.23636 	0.00247308 	
2.34	0.399976 	-0.174503 	0.0264068 	-0.000111007 	-1.23556 	-0.000159766 	
2.345	0.399989 	-0.174507 	0.0263217 	-0.000236913 	-1.23475 	-0.000483759 	
2.35	0.400005 	-0.174514 	0.0262363 	-0.000531552 	-1.23398 	-0.000545202 	
2.355	0.400023 	-0.174523 	0.0261509 	-0.000959675 	-1.23325 	-0.000398064 	
2.36	0.399961 	-0.1745 	0.0260603 	-0.000105612 	-1.23116 	0.000481589 	
2.365	0.399953 	-0.1745 	0.0259729 	-0.000224291 	-1.22998 	0.00112205 	
2.37	0.399952 	-0.174504 	0.0258858 	-0.000504903 	-1.22893 	0.00182373 	
2.375	0.399956 	-0.17451 	0.025799 	-0.000914231 	-1.22797 	0.00257357 	
2.38	0.39998 	-0.174504 	0.025714 	-0.00011854 	-1.22727 	-0.000335319 	
2.385	0.399997 	-0.174509 	0.0256281 	-0.000258283 	-1.22652 	-0.00082038 	
2.39	0.400016 	-0.174517 	0.0255423 	-0.000559468 	-1.2258 	-0.00101518 	
2.395	0.399965 	-0.174502 	0.0254527 	-0.000175484 	-1.2239 	0.000474754 	
2.4	0.399961 	-0.174505 	0.0253657 	-0.000409192 	-1.2228 	0.00120369 	
2.405	0.399963 	-0.17451 	0.0252792 	-0.000777345 	-1.22181 	0.0019717 	
2.41	0.39997 	-0.174518 	0.0251932 	-0.00125238 	-1.2209 	0.00277034 	
2.415	0.399976 	-0.174502 	0.0251083 	-1.94702e-05 	-1.21991 	-0.000385413 	
2.42	0.399987 	-0.174504 	0.0250233 	-2.20988e-05 	-1.21906 	-0.000945886 	
2.425	0.400002 	-0.174509 	0.0249387 	-0.000209672 	-1.21828 	-0.00120494 	
2.43	0.399968 	-0.174504 	0.0248519 	-0.000235168 	-1.21671 	0.00050363 	
2.435	0.399968 	-0.174509 	0.0247672 	-0.000568091 	-1.21571 	0.00128152 	
2.44	0.399973 	-0.174516 	0.0246832 	-0.00101166 	-1.21479 	0.00208479 	
2.445	0.399981 	-0.174525 	0.0245998 	-0.00154315 	-1.21395 	0.0029078 	
2.45	0.399972 	-0.1745 	0.0245171 	6.64726e-05 	-1.21273 	-0.000429306 	
2.455	0.399979 	-0.174499 	0.024435 	0.000182685 	-1.21183 	-0.00105054 	
2.46	0.399988 	-0.174502 	0.0243535 	9.3912e-05 	-1.211 	-0.00136193 	
2.465	0.4 	-0.174508 	0.0242726 	-0.000157146 	-1.21022 	-0.00142714 	
2.47	0.399967 	-0.174505 	0.0241904 	-0.000302884 	-1.20873 	0.000750222 	
2.475	0.399965 	-0.174511 	0.0241101 	-0.000692704 	-1.20776 	0.00175526 	
2.48	0.399968 	-0.174519 	0.0240308 	-0.00117648 	-1.20687 	0.00273492 	
2.485	0.399974 	-0.174502 	0.0239533 	-5.05189e-05 	-1.20596 	-0.000234384 	
2.49	0.399982 	-0.174504 	0.023876 	-8.1362e-05 	-1.20516 	-0.000677122 	
2.495	0.399993 	-0.174509 	0.0237995 	-0.000283078 	-1.20442 	-0.000850424 	
2.5	0.400005 	-0.174516 	0.0237239 	-0.000620148 	-1.20371 	-0.000809484 	
2.505	0.399965 	-0.174502 	0.0236475 	-0.000166274 	-1.20216 	0.000561804 	
2.51	0.39996 	-0.174505 	0.0235731 	-0.000370894 	-1.20119 	0.00131542 	
2.515	0.399959 	-0.174511 	0.0234998 	-0.000704299 	-1.20031 	0.00209171 	
2.52	0.399975 	-0.174503 	0.0234286 	-0.000132517 	-1.19967 	-0.00011976 	
2.525	0.399985 	-0.174508 	0.0233578 	-0.000300013 	-1.19897 	-0.000372289 	
2.53	0.399995 	-0.174515 	0.023288 	-0.000606901 	-1.1983 	-0.000397565 	
2.535	0.400006 	-0.174524 	0.0232192 	-0.00102424 	-1.19765 	-0.000242051 	
2.54	0.400017 	-0.174534 	0.0231515 	-0.00152903 	-1.19703 	5.7223e-05 	
2.545	0.39996 	-0.174497 	0.0230839 	0.00010181 	-1.19527 	0.000384964 	
2.55	0.399946 	-0.174493 	0.0230181 	0.000258612 	-1.19426 	0.000856799 	
2.555	0.399938 	-0.174492 	0.0229535 	0.000216607 	-1.19335 	0.00140536 	
2.56	0.399979 	-0.174507 	0.0228915 	-0.000298544 	-1.19326 	-6.34416e-06 	
2.565	0.399993 	-0.174517 	0.02283 	-0.000742216 	-1.19275 	-6.21601e-05 	
2.57	0.400005 	-0.174529 	0.0227696 	-0.00126612 	-1.19224 	6.60578e-05 	
2.575	0.400016 	-0.174541 	0.0227104 	-0.00185345 	-1.19172 	0.000340809 	
2.58	0.39996 	-0.174496 	0.0226523 	0.000179957 	-1.19008 	0.000239262 	
2.585	0.399946 	-0.174489 	0.0225957 	0.000452659 	-1.18916 	0.000547676 	
2.59	0.399935 	-0.174487 	0.0225404 	0.000505007 	-1.18831 	0.000963876 	
2.595	0.399979 	-0.174508 	0.0224875 	-0.000346694 	-1.1884 	7.87639e-05 	
2.6	0.399991 	-0.17452 	0.0224353 	-0.00087225 	-1.18797 	0.000158904 	
2.605	0.400001 	-0.174532 	0.0223845 	-0.00145896 	-1.18753 	0.000393198 	
2.61	0.400008 	-0.174546 	0.0223351 	-0.00209394 	-1.18707 	0.000750224 	
2.615	0.40004 	-0.17452 	0.022475 	-0.000572289 	-1.18614 	0.00062768 	
2.62	0.400009 	-0.174506 	0.0222676 	-0.000973209 	-1.18575 	0.0012859 	
2.625	0.400017 	-0.174533 	0.0222459 	-0.00154931 	-1.18543 	0.00195922 	
2.63	0.400038 	-0.174536 	0.0222387 	-0.0023088 	-1.18517 	0.00258634 	
2.635	0.400064 	-0.174568 	0.0221838 	-0.00343794 	-1.18502 	0.00350502 	
2.64	0.400008 	-0.174509 	0.0221595 	-4.89556e-05 	-1.18331 	-0.000203883 	
2.645	0.399997 	-0.174502 	0.022122 	0.000327564 	-1.18284 	-0.000741021 	
2.65	0.400003 	-0.174491 	0.0220852 	0.000471923 	-1.18252 	-0.00100636 	
2.655	0.398512 	-0.1765 	0.0777471 	0.000494727 	-1.18233 	-0.00112415 	
2.66	0.398536 	-0.176494 	0.0777068 	0.000282021 	-1.18237 	-0.000924376 	
2.665	0.398541 	-0.176483 	0.0776872 	-0.000148907 	-1.18244 	-0.00072362 	
2.67	0.398548 	-0.176456 	0.077665 	-0.000828499 	-1.18262 	-0.000245333 	
2.675	0.398536 	-0.176445 	0.077654 	-0.000853853 	-1.18281 	-0.000162269 	
2.68	0.398528 	-0.176425 	0.077644 	-0.00101173 	-1.18306 	7.85811e-05 	
2.685	0.398514 	-0.176413 	0.0776355 	-0.0011803 	-1.18336 	0.000313589 	
2.69	0.398497 	-0.176404 	0.0776286 	-0.00133161 	-1.1837 	0.000523478 	
2.695	0.39848 	-0.176397 	0.0776229 	-0.00146049 	-1.18408 	0.000698512 	
2.7	0.398461 	-0.176392 	0.0776184 	-0.00156831 	-1.18448 	0.000837674 	
2.705	0.398441 	-0.176389 	0.0776149 	-0.0016583 	-1.1849 	0.000943435 	
2.71	0.39842 	-0.176387 	0.0776123 	-0.00173445 	-1.18535 	0.00102046 	
2.715	0.398399 	-0.176386 	0.0776105 	-0.00180036 	-1.1858 	0.00107496 	
2.72	0.398378 	-0.176385 	0.0776093 	-0.00185881 	-1.18627 	0.00111363 	
2.725	0.398356 	-0.176385 	0.0776088 	-0.00191172 	-1.18674 	0.0011421 	
2.73	0.398334 	-0.176385 	0.0776087 	-0.00196046 	-1.18722 	0.00116432 	
2.735	0.398312 	-0.176385 	0.0776091 	-0.00200621 	-1.18771 	0.00118271 	
2.74	0.39829 	-0.176386 	0.0776098 	-0.00204984 	-1.1882 	0.00119865 	
2.745	0.398268 	-0.176386 	0.0776108 	-0.00209216 	-1.18869 	0.00121307 	
2.75	0.398246 	-0.176387 	0.0776121 	-0.00213395 	-1.18918 	0.0012267 	
2.755	0.398225 	-0.176387 	0.0776121 	-0.00224769 	-1.18969 	0.00126653 	
2.76	0.398205 	-0.176389 	0.0776115 	-0.00240123 	-1.1902 	0.00131042 	
2.765	0.398184 	-0.176389 	0.0776105 	-0.00258317 	-1.19072 	0.00135748 	
2.77	0.398164 	-0.176389 	0.0776091 	-0.00278772 	-1.19124 	0.00140783 	
2.775	0.398144 	-0.176389 	0.0776074 	-0.00301096 	-1.19176 	0.00146198 	
2.78	0.398124 	-0.176389 	0.0776055 	-0.00324988 	-1.19229 	0.00152028 	
2.785	0.398104 	-0.176389 	0.0776034 	-0.00350202 	-1.19282 	0.00158282 	
2.79	0.398084 	-0.176388 	0.0776012 	-0.00375863 	-1.19334 	0.00164621 	
2.795	0.398064 	-0.176388 	0.0775993 	-0.0040022 	-1.19387 	0.00170159 	
2.8	0.398044 	-0.176387 	0.0775976 	-0.00424117 	-1.1944 	0.00175695 	
2.805	0.398023 	-0.176387 	0.077596 	-0.00447812 	-1.19492 	0.00181328 	
2.81	0.398003 	-0.176387 	0.0775944 	-0.00471427 	-1.19545 	0.00187119 	
2.815	0.397983 	-0.176387 	0.0775929 	-0.00495048 	-1.19597 	0.00193096 	
2.82	0.397962 	-0.176386 	0.0775913 	-0.00518741 	-1.1965 	0.00199283 	
2.825	0.397941 	-0.176386 	0.0775897 	-0.00542559 	-1.19702 	0.00205697 	
2.83	0.397921 	-0.176387 	0.0775882 	-0.00566544 	-1.19755 	0.00212359 	
2.835	0.3979 	-0.176387 	0.0775866 	-0.00590723 	-1.19807 	0.00219279 	
2.84	0.39788 	-0.176387 	0.077585 	-0.00615116 	-1.1986 	0.0022647 	
2.845	0.397858 	-0.176392 	0.0775791 	-0.00617262 	-1.19914 	0.00216873 	
2.85	0.397836 	-0.176404 	0.0775675 	-0.00580064 	-1.1997 	0.00176995 	
2.855	0.397821 	-0.17641 	0.0775618 	-0.00543189 	-1.2003 	0.00139207 	
2.86	0.397808 	-0.17641 	0.0775554 	-0.00535332 	-1.20091 	0.00126564 	
2.865	0.397795 	-0.176407 	0.0775462 	-0.00549984 	-1.20152 	0.00133706 	
2.87	0.397784 	-0.176416 	0.0775494 	-0.00540096 	-1.20216 	0.00121236 	
2.875	0.397776 	-0.176415 	0.0775463 	-0.00568215 	-1.20279 	0.00142459 	
2.88	0.39775 	-0.176415 	0.0774973 	-0.00617239 	-1.20331 	0.00182038 	
2.885	0.397718 	-0.176434 	0.077465 	-0.00592304 	-1.20389 	0.00158333 	
2.89	0.397695 	-0.176436 	0.0774386 	-0.0057588 	-1.20449 	0.00146053 	
2.895	0.397667 	-0.176448 	0.077417 	-0.00563752 	-1.20508 	0.00133357 	
2.9	0.397636 	-0.176458 	0.0773986 	-0.00545136 	-1.20565 	0.00118259 	
2.905	0.397602 	-0.176478 	0.0773786 	-0.00478007 	-1.20621 	0.000633272 	
2.91	0.397568 	-0.176504 	0.0773569 	-0.00376354 	-1.20679 	-0.000198716 	
2.915	0.397537 	-0.176517 	0.0773441 	-0.00319096 	-1.20735 	-0.00065887 	
2.92	0.397505 	-0.176527 	0.0773338 	-0.00293747 	-1.20789 	-0.000867013 	
2.925	0.397471 	-0.176537 	0.0773208 	-0.00265085 	-1.20844 	-0.00112012 	
2.93	0.397438 	-0.176544 	0.0773083 	-0.00236932 	-1.20899 	-0.00137465 	
2.935	0.397406 	-0.176551 	0.0772967 	-0.00209419 	-1.20954 	-0.00162731 	
2.94	0.397377 	-0.176552 	0.0772895 	-0.00204895 	-1.2101 	-0.00166919 	
2.945	0.397348 	-0.176554 	0.0772846 	-0.00207746 	-1.21065 	-0.0016366 	
2.95	0.39732 	-0.176555 	0.0772806 	-0.00211102 	-1.21119 	-0.00157888 	
2.955	0.397292 	-0.176556 	0.0772771 	-0.00212451 	-1.21174 	-0.0015218 	
2.96	0.397265 	-0.17656 	0.0772728 	-0.00194995 	-1.21229 	-0.00164241 	
2.965	0.397238 	-0.176565 	0.0772686 	-0.00170908 	-1.21283 	-0.00183258 	
2.97	0.397211 	-0.17657 	0.0772648 	-0.00145834 	-1.21338 	-0.00204508 	
2.975	0.397185 	-0.176575 	0.0772616 	-0.00121367 	-1.21392 	-0.00226041 	
2.98	0.397158 	-0.17658 	0.0772587 	-0.000979768 	-1.21445 	-0.00247048 	
2.985	0.397132 	-0.176585 	0.0772562 	-0.000758016 	-1.21499 	-0.00267187 	
2.99	0.397106 	-0.17659 	0.0772541 	-0.00054866 	-1.21552 	-0.00286327 	
2.995	0.39708 	-0.176597 	0.077251 	-0.000286831 	-1.21606 	-0.00310236 	
3	0.397053 	-0.176603 	0.0772473 	1.50636e-05 	-1.21659 	-0.00337752 	
3.005	0.397026 	-0.17661 	0.0772432 	0.000321645 	-1.21713 	-0.00365784 	
3.01	0.396999 	-0.176616 	0.0772398 	0.000575449 	-1.21767 	-0.00389115 	
3.015	0.396971 	-0.176622 	0.0772363 	0.000806327 	-1.2182 	-0.0041372 	
3.02	0.396943 	-0.176629 	0.0772322 	0.00103894 	-1.21874 	-0.0043981 	
3.025	0.396914 	-0.176632 	0.0772276 	0.00116682 	-1.21927 	-0.00456801 	
3.03	0.396885 	-0.176639 	0.0772227 	0.00139027 	-1.21981 	-0.0047947 	
3.035	0.396856 	-0.176645 	0.0772159 	0.00166667 	-1.22036 	-0.00508225 	
3.04	0.396827 	-0.176653 	0.0772092 	0.00202572 	-1.22092 	-0.00544551 	
3.045	0.396798 	-0.176661 	0.0772022 	0.00241203 	-1.22147 	-0.00583409 	
3.05	0.39677 	-0.176668 	0.0771982 	0.00274963 	-1.22203 	-0.00613511 	
3.055	0.396742 	-0.176674 	0.0771927 	0.00296583 	-1.22258 	-0.00632127 	
3.06	0.396714 	-0.176681 	0.0771873 	0.00317114 	-1.22314 	-0.00653519 	
3.065	0.396687 	-0.176686 	0.0771796 	0.00334702 	-1.22371 	-0.00674431 	
3.07	0.396661 	-0.176691 	0.0771715 	0.00349136 	-1.22429 	-0.00694849 	
3.075	0.396634 	-0.176695 	0.0771635 	0.00360903 	-1.22486 	-0.00715094 	
3.08	0.396609 	-0.176689 	0.0771552 	0.0033253 	-1.22542 	-0.0070566 	
3.085	0.396583 	-0.176686 	0.077148 	0.00300025 	-1.22598 	-0.00693747 	
3.09	0.396558 	-0.17668 	0.0771417 	0.00268296 	-1.22654 	-0.00681328 	
3.095	0.396533 	-0.176675 	0.077136 	0.0023828 	-1.2271 	-0.00669578 	
3.1	0.396509 	-0.176669 	0.0771309 	0.00209904 	-1.22766 	-0.00658633 	
3.105	0.396484 	-0.176664 	0.0771261 	0.00182876 	-1.22821 	-0.00648412 	
3.11	0.396459 	-0.176663 	0.0771206 	0.00175501 	-1.22877 	-0.00653048 	
3.115	0.396435 	-0.17666 	0.077115 	0.00174067 	-1.22933 	-0.00661714 	
3.12	0.396409 	-0.176661 	0.07711 	0.00181613 	-1.22988 	-0.00676151 	
3.125	0.396383 	-0.176659 	0.0771048 	0.00183646 	-1.23043 	-0.00686504 	
3.13	0.396358 	-0.176659 	0.0770997 	0.00182639 	-1.23099 	-0.00695599 	
3.135	0.396332 	-0.176658 	0.0770947 	0.00178626 	-1.23154 	-0.00702929 	
3.14	0.396306 	-0.176657 	0.0770897 	0.00174223 	-1.23209 	-0.00710405 	
3.145	0.396279 	-0.176655 	0.0770847 	0.00168885 	-1.23264 	-0.00717378 	
3.15	0.396253 	-0.176654 	0.07708 	0.00163936 	-1.23318 	-0.00723042 	
3.155	0.396226 	-0.176653 	0.0770756 	0.001597 	-1.23373 	-0.00728098 	
3.16	0.396199 	-0.176652 	0.0770713 	0.00156264 	-1.23427 	-0.00732784 	
3.165	0.396171 	-0.176652 	0.0770671 	0.00153622 	-1.23482 	-0.00737151 	
3.17	0.396143 	-0.176652 	0.077063 	0.00151621 	-1.23536 	-0.00741171 	
3.175	0.396115 	-0.176653 	0.0770591 	0.00151833 	-1.2359 	-0.00745778 	
3.18	0.396087 	-0.176654 	0.0770552 	0.00152489 	-1.23645 	-0.00750393 	
3.185	0.39606 	-0.176655 	0.0770511 	0.00156066 	-1.23699 	-0.00757104 	
3.19	0.396032 	-0.176657 	0.0770472 	0.00159319 	-1.23754 	-0.00763587 	
3.195	0.396005 	-0.176658 	0.0770435 	0.00161483 	-1.23809 	-0.00769297 	
3.2	0.395978 	-0.176657 	0.0770393 	0.00152277 	-1.23863 	-0.00766188 	
3.205	0.39595 	-0.176656 	0.0770354 	0.00149602 	-1.23917 	-0.00767062 	
3.21	0.395922 	-0.176653 	0.0770311 	0.00142643 	-1.23971 	-0.00762258 	
3.215	0.395894 	-0.176651 	0.0770267 	0.00134375 	-1.24025 	-0.00757936 	
3.22	0.395866 	-0.17665 	0.0770218 	0.00133614 	-1.2408 	-0.00755725 	
3.225	0.395837 	-0.176653 	0.0770159 	0.00142017 	-1.24135 	-0.00759941 	
3.23	0.395809 	-0.176655 	0.0770097 	0.00156176 	-1.2419 	-0.00768875 	
3.235	0.39578 	-0.176658 	0.0770036 	0.00170167 	-1.24246 	-0.00779331 	
3.24	0.395751 	-0.17666 	0.0769975 	0.00181494 	-1.24302 	-0.0078989 	
3.245	0.395722 	-0.176662 	0.0769915 	0.00189709 	-1.24358 	-0.00800083 	
3.25	0.395693 	-0.176662 	0.0769853 	0.00188331 	-1.24413 	-0.00804294 	
3.255	0.395664 	-0.176659 	0.0769792 	0.00181272 	-1.24468 	-0.00804246 	
3.26	0.395635 	-0.176656 	0.076973 	0.00169674 	-1.24524 	-0.00800125 	
3.265	0.395606 	-0.176654 	0.0769672 	0.00163043 	-1.24579 	-0.00799027 	
3.27	0.395576 	-0.176651 	0.0769614 	0.00155557 	-1.24634 	-0.00796489 	
3.275	0.395547 	-0.176648 	0.0769556 	0.00146359 	-1.2469 	-0.00792165 	
3.28	0.395517 	-0.176646 	0.0769498 	0.00136699 	-1.24745 	-0.00787396 	
3.285	0.395488 	-0.176643 	0.076944 	0.00126888 	-1.248 	-0.00782436 	
3.29	0.395458 	-0.176641 	0.0769382 	0.00117004 	-1.24856 	-0.007774 	
3.295	0.395428 	-0.176638 	0.0769314 	0.00105306 	-1.24911 	-0.0077266 	
3.3	0.395399 	-0.176634 	0.0769244 	0.000905817 	-1.24967 	-0.00766134 	
3.305	0.395368 	-0.176635 	0.0769172 	0.000955126 	-1.25024 	-0.00774899 	
3.31	0.395341 	-0.176632 	0.0769122 	0.000981716 	-1.25081 	-0.00778466 	
3.315	0.395313 	-0.176628 	0.0769076 	0.000871792 	-1.25138 	-0.00772237 	
3.32	0.395284 	-0.176622 	0.0769029 	0.000687252 	-1.25194 	-0.00760765 	
3.325	0.395256 	-0.17662 	0.0768969 	0.000597358 	-1.25251 	-0.00756556 	
3.33	0.395227 	-0.17662 	0.07689 	0.000583028 	-1.25307 	-0.00757764 	
3.335	0.395197 	-0.176623 	0.0768825 	0.000668352 	-1.25365 	-0.00766986 	
3.34	0.395167 	-0.176628 	0.0768754 	0.000879502 	-1.25422 	-0.00785089 	
3.345	0.395137 	-0.176636 	0.0768674 	0.00118995 	-1.25479 	-0.00811346 	
3.35	0.395105 	-0.176647 	0.0768587 	0.00160452 	-1.25537 	-0.00847718 	
3.355	0.395074 	-0.17666 	0.07685 	0.00208452 	-1.25595 	-0.0089073 	
3.36	0.395041 	-0.176672 	0.0768415 	0.00252777 	-1.25653 	-0.0093172 	
3.365	0.395009 	-0.17668 	0.0768335 	0.00279387 	-1.2571 	-0.00961466 	
3.37	0.394976 	-0.176686 	0.0768258 	0.0029456 	-1.25766 	-0.00982858 	
3.375	0.394942 	-0.176694 	0.0768177 	0.00322026 	-1.25824 	-0.010128 	
3.38	0.394911 	-0.176699 	0.0768086 	0.00345417 	-1.25882 	-0.0104293 	
3.385	0.394879 	-0.176702 	0.0767987 	0.00360714 	-1.25941 	-0.0107018 	
3.39	0.394847 	-0.176702 	0.0767903 	0.00358849 	-1.25998 	-0.0108252 	
3.395	0.394814 	-0.176698 	0.0767822 	0.00347735 	-1.26056 	-0.010855 	
3.4	0.394782 	-0.176693 	0.0767741 	0.00329782 	-1.26113 	-0.010817 	
3.405	0.39475 	-0.176688 	0.0767661 	0.00313217 	-1.2617 	-0.0107824 	
3.41	0.394718 	-0.176683 	0.0767581 	0.00297911 	-1.26227 	-0.0107529 	
3.415	0.394686 	-0.176681 	0.0767491 	0.0029045 	-1.26284 	-0.0107837 	
3.42	0.394653 	-0.176682 	0.0767399 	0.0029633 	-1.26342 	-0.010895 	
3.425	0.394622 	-0.176681 	0.0767304 	0.00300368 	-1.26401 	-0.0110059 	
3.43	0.39459 	-0.176676 	0.0767213 	0.00285726 	-1.26458 	-0.0109626 	
3.435	0.394557 	-0.176669 	0.076712 	0.00254469 	-1.26514 	-0.0107742 	
3.44	0.394524 	-0.176663 	0.0767026 	0.00231634 	-1.26571 	-0.0106379 	
3.445	0.394491 	-0.176655 	0.0766932 	0.00203209 	-1.26628 	-0.0104406 	
3.45	0.394459 	-0.176648 	0.0766835 	0.00175825 	-1.26685 	-0.0102323 	
3.455	0.394426 	-0.176639 	0.076674 	0.00143859 	-1.26742 	-0.00995735 	
3.46	0.394394 	-0.176628 	0.0766643 	0.00099869 	-1.26798 	-0.00958583 	
3.465	0.39436 	-0.176621 	0.0766557 	0.000723695 	-1.26855 	-0.00934809 	
3.47	0.394328 	-0.176613 	0.076647 	0.000480354 	-1.26912 	-0.00914387 	
3.475	0.394296 	-0.176605 	0.076638 	0.000171752 	-1.26969 	-0.00886019 	
3.48	0.394263 	-0.1766 	0.0766301 	-3.47633e-05 	-1.27025 	-0.0086497 	
3.485	0.39423 	-0.176594 	0.0766228 	-0.000212669 	-1.27082 	-0.00845916 	
3.49	0.394198 	-0.176589 	0.0766158 	-0.000384019 	-1.27138 	-0.00827502 	
3.495	0.394166 	-0.176584 	0.0766089 	-0.000554267 	-1.27195 	-0.00809245 	
3.5	0.394133 	-0.17658 	0.0766012 	-0.000678907 	-1.27251 	-0.00797509 	
3.505	0.3941 	-0.17658 	0.0765928 	-0.000595838 	-1.27309 	-0.00802965 	
3.51	0.394068 	-0.17658 	0.0765843 	-0.000440864 	-1.27367 	-0.00814251 	
3.515	0.394035 	-0.17658 	0.0765757 	-0.000287136 	-1.27424 	-0.00825855 	
3.52	0.394001 	-0.176579 	0.0765661 	-0.000284764 	-1.27482 	-0.00825334 	
3.525	0.393967 	-0.17658 	0.0765571 	-0.000210488 	-1.2754 	-0.00830626 	
3.53	0.393934 	-0.176576 	0.076548 	-0.000313997 	-1.27597 	-0.00821666 	
3.535	0.393898 	-0.176577 	0.0765357 	-0.000271663 	-1.27655 	-0.00827421 	
3.54	0.393864 	-0.176582 	0.0765254 	-2.22573e-05 	-1.27714 	-0.00852007 	
3.545	0.393829 	-0.176588 	0.0765156 	0.000332332 	-1.27773 	-0.00886601 	
3.55	0.393795 	-0.176593 	0.0765053 	0.000574424 	-1.27832 	-0.00911686 	
3.555	0.393761 	-0.176593 	0.0764961 	0.000577513 	-1.2789 	-0.00915888 	
3.56	0.393726 	-0.176593 	0.0764871 	0.000512617 	-1.27948 	-0.00914025 	
3.565	0.393693 	-0.176588 	0.0764784 	0.000391466 	-1.28006 	-0.00905129 	
3.57	0.39366 	-0.176583 	0.0764701 	0.000261694 	-1.28064 	-0.00891939 	
3.575	0.393626 	-0.176577 	0.0764618 	0.000144016 	-1.28121 	-0.00877795 	
3.58	0.393593 	-0.176571 	0.0764535 	2.64431e-05 	-1.28179 	-0.00863079 	
3.585	0.39356 	-0.176566 	0.0764449 	-5.4829e-05 	-1.28236 	-0.00850866 	
3.59	0.393527 	-0.176561 	0.0764365 	-0.000167686 	-1.28293 	-0.00836113 	
3.595	0.393495 	-0.176557 	0.0764299 	-0.000280265 	-1.2835 	-0.00823683 	
3.6	0.393463 	-0.176553 	0.076424 	-0.000392588 	-1.28407 	-0.00811792 	
3.605	0.393431 	-0.176549 	0.0764185 	-0.000504765 	-1.28464 	-0.00800148 	
3.61	0.3934 	-0.176546 	0.0764134 	-0.00061706 	-1.2852 	-0.00788592 	
3.615	0.39337 	-0.176543 	0.0764084 	-0.000729507 	-1.28577 	-0.00777076 	
3.62	0.393339 	-0.17654 	0.0764037 	-0.00084211 	-1.28633 	-0.00765582 	
3.625	0.393309 	-0.176538 	0.0763992 	-0.000954786 	-1.28689 	-0.00754105 	
3.63	0.393278 	-0.176535 	0.0763948 	-0.00106759 	-1.28745 	-0.00742635 	
3.635	0.393248 	-0.176533 	0.0763905 	-0.00118061 	-1.288 	-0.0073116 	
3.64	0.393218 	-0.17653 	0.0763863 	-0.00129385 	-1.28856 	-0.00719676 	
3.645	0.393189 	-0.176528 	0.0763821 	-0.00140737 	-1.28911 	-0.00708174 	
3.65	0.393159 	-0.176526 	0.0763782 	-0.00151206 	-1.28966 	-0.00697379 	
3.655	0.39313 	-0.176524 	0.0763744 	-0.0016111 	-1.29021 	-0.00687019 	
3.66	0.3931 	-0.176522 	0.0763707 	-0.00170786 	-1.29076 	-0.0067685 	
3.665	0.393071 	-0.17652 	0.0763672 	-0.00180437 	-1.29131 	-0.0066671 	
3.67	0.393042 	-0.176518 	0.0763636 	-0.00190116 	-1.29186 	-0.00656551 	
3.675	0.393013 	-0.176516 	0.0763602 	-0.00199839 	-1.29241 	-0.00646357 	
3.68	0.392984 	-0.176514 	0.0763568 	-0.00209613 	-1.29295 	-0.00636119 	
3.685	0.392955 	-0.176512 	0.0763534 	-0.00219441 	-1.2935 	-0.0062583 	
3.69	0.392926 	-0.176511 	0.07635 	-0.00229328 	-1.29404 	-0.00615486 	
3.695	0.392897 	-0.176508 	0.0763463 	-0.00242265 	-1.29459 	-0.00602699 	
3.7	0.392868 	-0.176506 	0.0763424 	-0.00255683 	-1.29514 	-0.00589565 	
3.705	0.392839 	-0.176504 	0.0763385 	-0.00268923 	-1.29568 	-0.00576506 	
3.71	0.39281 	-0.176502 	0.0763346 	-0.00281823 	-1.29623 	-0.00563666 	
3.715	0.392781 	-0.1765 	0.0763306 	-0.00294484 	-1.29678 	-0.00550979 	
3.72	0.392751 	-0.176497 	0.0763265 	-0.00307114 	-1.29732 	-0.00538286 	
3.725	0.392722 	-0.176495 	0.0763224 	-0.00319771 	-1.29787 	-0.00525547 	
3.73	0.392693 	-0.176491 	0.0763173 	-0.00342961 	-1.29842 	-0.00504584 	
3.735	0.392686 	-0.176492 	0.0763342 	-0.00355748 	-1.29889 	-0.00493586 	
3.74	0.392673 	-0.176495 	0.0763473 	-0.0037806 	-1.29935 	-0.00475748 	
3.745	0.392661 	-0.176494 	0.076358 	-0.00392012 	-1.29983 	-0.00462919 	
3.75	0.392648 	-0.176492 	0.076366 	-0.00404191 	-1.30029 	-0.00450934 	
3.755	0.392632 	-0.176488 	0.076371 	-0.00417476 	-1.30075 	-0.0043678 	
3.76	0.392613 	-0.176484 	0.0763734 	-0.00430249 	-1.30122 	-0.00423685 	
3.765	0.392593 	-0.17648 	0.0763738 	-0.00443168 	-1.3017 	-0.00409667 	
3.77	0.392571 	-0.176476 	0.0763729 	-0.00455498 	-1.30218 	-0.00395473 	
3.775	0.392548 	-0.176472 	0.0763714 	-0.00466872 	-1.30267 	-0.00382347 	
3.78	0.392524 	-0.176468 	0.0763689 	-0.00478226 	-1.30317 	-0.00369114 	
3.785	0.392498 	-0.176465 	0.0763644 	-0.00483457 	-1.30369 	-0.00362566 	
3.79	0.392471 	-0.176461 	0.076359 	-0.00487476 	-1.30421 	-0.00357419 	
3.795	0.392442 	-0.176456 	0.0763527 	-0.00489997 	-1.30474 	-0.00353682 	
3.8	0.392412 	-0.176451 	0.076346 	-0.004913 	-1.30528 	-0.0035137 	
3.805	0.392383 	-0.176445 	0.0763385 	-0.00502458 	-1.30582 	-0.00338133 	
3.81	0.392352 	-0.176438 	0.0763304 	-0.00519107 	-1.30637 	-0.00320178 	
3.815	0.392321 	-0.176432 	0.076323 	-0.00536198 	-1.30692 	-0.00301483 	
3.82	0.392289 	-0.17643 	0.0763146 	-0.00537244 	-1.30748 	-0.00299485 	
3.825	0.392257 	-0.176426 	0.0763051 	-0.00540091 	-1.30805 	-0.00298648 	
3.83	0.392224 	-0.176423 	0.076295 	-0.00543392 	-1.30862 	-0.00299167 	
3.835	0.39219 	-0.17642 	0.0762843 	-0.00546478 	-1.3092 	-0.00300553 	
3.84	0.392155 	-0.176417 	0.0762739 	-0.0055087 	-1.30978 	-0.0029748 	
3.845	0.39212 	-0.176415 	0.0762636 	-0.00552742 	-1.31036 	-0.00295862 	
3.85	0.392086 	-0.176412 	0.0762528 	-0.00563374 	-1.31094 	-0.00288433 	
3.855	0.39205 	-0.176409 	0.0762417 	-0.00576613 	-1.31153 	-0.00279444 	
3.86	0.392015 	-0.176406 	0.0762304 	-0.0059079 	-1.31212 	-0.00269646 	
3.865	0.39198 	-0.176402 	0.0762191 	-0.00605373 	-1.31271 	-0.00259442 	
3.87	0.391945 	-0.176399 	0.0762077 	-0.00620141 	-1.31331 	-0.00249031 	
3.875	0.391909 	-0.176396 	0.0761958 	-0.00629173 	-1.3139 	-0.00244918 	
3.88	0.391872 	-0.176395 	0.0761837 	-0.00628704 	-1.3145 	-0.00246665 	
3.885	0.391836 	-0.176393 	0.0761712 	-0.00629543 	-1.3151 	-0.00249305 	
3.89	0.391799 	-0.176391 	0.0761584 	-0.00631435 	-1.31571 	-0.00251963 	
3.895	0.391762 	-0.176388 	0.0761457 	-0.00643118 	-1.31631 	-0.00244758 	
3.9	0.391725 	-0.176384 	0.0761324 	-0.00664283 	-1.31691 	-0.0022803 	
3.905	0.391689 	-0.17638 	0.0761205 	-0.00683965 	-1.31751 	-0.00210156 	
3.91	0.391654 	-0.176378 	0.07611 	-0.00695995 	-1.3181 	-0.00196908 	
3.915	0.39162 	-0.176375 	0.0761003 	-0.00709204 	-1.3187 	-0.00184196 	
3.92	0.391587 	-0.176373 	0.0760914 	-0.0072095 	-1.31928 	-0.00173588 	
3.925	0.391554 	-0.176371 	0.0760833 	-0.00730814 	-1.31986 	-0.00164946 	
3.93	0.391532 	-0.176373 	0.0760839 	-0.0072378 	-1.3204 	-0.00174192 	
3.935	0.391508 	-0.176375 	0.0760846 	-0.00728264 	-1.32092 	-0.0017166 	
3.94	0.391485 	-0.176376 	0.076085 	-0.00736446 	-1.32144 	-0.00164433 	
3.945	0.391462 	-0.176376 	0.0760847 	-0.0074622 	-1.32196 	-0.00154841 	
3.95	0.391439 	-0.176376 	0.076084 	-0.00756899 	-1.32247 	-0.00143715 	
3.955	0.391416 	-0.176376 	0.0760829 	-0.00768204 	-1.32298 	-0.0013137 	
3.96	0.391395 	-0.176376 	0.0760837 	-0.00781594 	-1.32348 	-0.00115909 	
3.965	0.391376 	-0.176377 	0.0760863 	-0.0079591 	-1.32397 	-0.000996962 	
3.97	0.391358 	-0.176379 	0.0760903 	-0.00811401 	-1.32444 	-0.000824682 	
3.975	0.391338 	-0.17638 	0.0760919 	-0.00823761 	-1.32491 	-0.000711725 	
3.98	0.391316 	-0.176381 	0.0760919 	-0.00832712 	-1.3254 	-0.00063998 	
3.985	0.391293 	-0.17638 	0.0760898 	-0.0084667 	-1.32589 	-0.00050843 	
3.99	0.391268 	-0.176379 	0.0760861 	-0.00861655 	-1.32639 	-0.000364234 	
3.995	0.391241 	-0.176378 	0.076081 	-0.00876346 	-1.3269 	-0.000221487 	
4	0.391213 	-0.176377 	0.0760747 	-0.00890091 	-1.32742 	-8.77275e-05 	
4.005	0.391183 	-0.176375 	0.0760675 	-0.00902463 	-1.32795 	3.23531e-05 	
4.01	0.391152 	-0.176374 	0.0760595 	-0.00913138 	-1.32849 	0.000135312 	
4.015	0.391121 	-0.176371 	0.0760503 	-0.00932497 	-1.32904 	0.000325893 	
4.02	0.391088 	-0.176371 	0.0760411 	-0.00938252 	-1.3296 	0.000379269 	
4.025	0.391054 	-0.176371 	0.0760316 	-0.00938749 	-1.33016 	0.000380829 	
4.03	0.39102 	-0.17637 	0.0760216 	-0.00939783 	-1.33073 	0.000389858 	
4.035	0.39099 	-0.176369 	0.0760151 	-0.00946843 	-1.3313 	0.000488051 	
4.04	0.390962 	-0.176371 	0.0760115 	-0.00953213 	-1.33185 	0.000568671 	
4.045	0.390933 	-0.176372 	0.0760067 	-0.00956123 	-1.33241 	0.000595957 	
4.05	0.390903 	-0.17637 	0.0759999 	-0.00974085 	-1.33296 	0.000767912 	
4.055	0.390871 	-0.176371 	0.0759926 	-0.00979769 	-1.33352 	0.00081778 	
4.06	0.390843 	-0.17637 	0.0759883 	-0.00985402 	-1.33407 	0.000887032 	
4.065	0.390813 	-0.176371 	0.0759828 	-0.0098796 	-1.33463 	0.000910316 	
4.07	0.390783 	-0.176371 	0.0759762 	-0.00989725 	-1.33519 	0.000926492 	
4.075	0.390751 	-0.17637 	0.0759686 	-0.00991336 	-1.33576 	0.000940768 	
4.08	0.390724 	-0.17637 	0.0759649 	-0.00996689 	-1.33631 	0.00100457 	
4.085	0.390694 	-0.176367 	0.0759586 	-0.010257 	-1.33685 	0.00129764 	
4.09	0.390664 	-0.17636 	0.0759502 	-0.0106754 	-1.3374 	0.00172374 	
4.095	0.390634 	-0.176357 	0.0759447 	-0.0109093 	-1.33796 	0.00198349 	
4.1	0.390607 	-0.176352 	0.0759403 	-0.0111193 	-1.33853 	0.00221199 	
4.105	0.390578 	-0.17635 	0.0759348 	-0.0111649 	-1.33909 	0.00228208 	
4.11	0.390549 	-0.176349 	0.0759289 	-0.011129 	-1.33966 	0.0022739 	
4.115	0.39052 	-0.176349 	0.0759226 	-0.0110755 	-1.34023 	0.00224695 	
4.12	0.390491 	-0.176349 	0.0759162 	-0.0110256 	-1.34079 	0.00222039 	
4.125	0.390469 	-0.176351 	0.0759168 	-0.0109718 	-1.34132 	0.00217892 	
4.13	0.390445 	-0.176355 	0.0759172 	-0.0109109 	-1.34184 	0.00212245 	
4.135	0.390424 	-0.176357 	0.075918 	-0.0108372 	-1.34236 	0.00204847 	
4.14	0.390422 	-0.176361 	0.0759382 	-0.010747 	-1.34278 	0.00195837 	
4.145	0.390418 	-0.176371 	0.075958 	-0.0107523 	-1.34319 	0.00195153 	
4.15	0.390412 	-0.176375 	0.0759732 	-0.0108144 	-1.34359 	0.00202353 	
4.155	0.390404 	-0.176378 	0.075984 	-0.0108823 	-1.34401 	0.00211238 	
4.16	0.390392 	-0.176379 	0.0759916 	-0.0108881 	-1.34443 	0.0021617 	
4.165	0.390378 	-0.176379 	0.0759961 	-0.0109052 	-1.34487 	0.00220837 	
4.17	0.39036 	-0.176379 	0.0759979 	-0.0109358 	-1.34532 	0.00225665 	
4.175	0.390341 	-0.176376 	0.0759981 	-0.0110994 	-1.34577 	0.00243497 	
4.18	0.390319 	-0.176373 	0.0759967 	-0.0113246 	-1.34625 	0.00267107 	
4.185	0.390295 	-0.176369 	0.0759939 	-0.0115778 	-1.34673 	0.00293572 	
4.19	0.39027 	-0.176365 	0.0759898 	-0.0118465 	-1.34722 	0.00321701 	
4.195	0.390243 	-0.17636 	0.0759846 	-0.0121269 	-1.34773 	0.00351096 	
4.2	0.390215 	-0.176355 	0.0759785 	-0.0124175 	-1.34825 	0.00381605 	
4.205	0.390186 	-0.17635 	0.0759716 	-0.0127179 	-1.34878 	0.00413149 	
4.21	0.390155 	-0.176344 	0.0759639 	-0.0130273 	-1.34932 	0.0044567 	
4.215	0.390124 	-0.17634 	0.0759559 	-0.0132437 	-1.34986 	0.00469043 	
4.22	0.390093 	-0.176335 	0.0759474 	-0.0134104 	-1.35042 	0.00487912 	
4.225	0.39006 	-0.176332 	0.0759374 	-0.0134932 	-1.35099 	0.00498305 	
4.23	0.390026 	-0.176329 	0.0759266 	-0.0135621 	-1.35156 	0.00506928 	
4.235	0.389991 	-0.176326 	0.075915 	-0.0136306 	-1.35214 	0.00515112 	
4.24	0.389956 	-0.176325 	0.0759027 	-0.0136334 	-1.35273 	0.00522726 	
4.245	0.38992 	-0.176324 	0.0758902 	-0.0136157 	-1.35333 	0.00526781 	
4.25	0.389884 	-0.176323 	0.0758774 	-0.0135929 	-1.35393 	0.00529957 	
4.255	0.389849 	-0.176323 	0.0758645 	-0.0135333 	-1.35454 	0.00532415 	
4.26	0.389813 	-0.176324 	0.0758515 	-0.013468 	-1.35515 	0.00535151 	
4.265	0.389777 	-0.176325 	0.0758386 	-0.0134006 	-1.35577 	0.00537892 	
4.27	0.389776 	-0.17633 	0.075863 	-0.0132812 	-1.35626 	0.00524859 	
4.275	0.389769 	-0.176345 	0.0758845 	-0.013213 	-1.35674 	0.00516701 	
4.28	0.389762 	-0.176349 	0.0759013 	-0.0132417 	-1.3572 	0.00519718 	
4.285	0.389752 	-0.176352 	0.0759139 	-0.0132523 	-1.35766 	0.00520038 	
4.29	0.389741 	-0.176352 	0.0759235 	-0.0134025 	-1.35811 	0.0053499 	
4.295	0.389726 	-0.176352 	0.0759308 	-0.0135256 	-1.35856 	0.00547441 	
4.3	0.38971 	-0.176351 	0.0759361 	-0.0136415 	-1.35902 	0.00559605 	
4.305	0.389692 	-0.176349 	0.0759394 	-0.0137497 	-1.35949 	0.00571278 	
4.31	0.389673 	-0.176347 	0.075941 	-0.0138609 	-1.35996 	0.00583377 	
4.315	0.389651 	-0.176344 	0.0759405 	-0.0140665 	-1.36044 	0.0060512 	
4.32	0.389627 	-0.17634 	0.0759383 	-0.0143341 	-1.36094 	0.00632773 	
4.325	0.389602 	-0.176336 	0.0759346 	-0.0146252 	-1.36144 	0.00662827 	
4.33	0.389575 	-0.176332 	0.0759297 	-0.0149302 	-1.36195 	0.00694359 	
4.335	0.389547 	-0.176327 	0.0759237 	-0.0152464 	-1.36248 	0.00727093 	
4.34	0.389517 	-0.176322 	0.0759168 	-0.0155728 	-1.36301 	0.00760907 	
4.345	0.389487 	-0.176316 	0.075909 	-0.0159088 	-1.36356 	0.00795735 	
4.35	0.389455 	-0.176311 	0.0759006 	-0.0162541 	-1.36411 	0.00831535 	
4.355	0.389422 	-0.176305 	0.0758912 	-0.016594 	-1.36466 	0.00868043 	
4.36	0.389389 	-0.176299 	0.0758813 	-0.0169365 	-1.36523 	0.00904829 	
4.365	0.389355 	-0.176293 	0.0758712 	-0.0172886 	-1.3658 	0.00942176 	
4.37	0.389321 	-0.176287 	0.0758609 	-0.0176533 	-1.36638 	0.00980402 	
4.375	0.389287 	-0.176282 	0.0758513 	-0.0179188 	-1.36696 	0.0100818 	
4.38	0.389252 	-0.176279 	0.0758401 	-0.0179574 	-1.36755 	0.0101402 	
4.385	0.389217 	-0.176274 	0.0758295 	-0.0180565 	-1.36815 	0.0102631 	
4.39	0.389182 	-0.17627 	0.0758183 	-0.0181932 	-1.36874 	0.0104254 	
4.395	0.389146 	-0.176266 	0.0758066 	-0.0183228 	-1.36933 	0.0105824 	
4.4	0.38911 	-0.176261 	0.0757946 	-0.0184438 	-1.36993 	0.0107325 	
4.405	0.389073 	-0.176259 	0.0757818 	-0.0184885 	-1.37054 	0.0107917 	
4.41	0.389037 	-0.176255 	0.0757689 	-0.0185436 	-1.37115 	0.0108655 	
4.415	0.389 	-0.17625 	0.075756 	-0.0186235 	-1.37176 	0.0109711 	
4.42	0.388962 	-0.176248 	0.0757426 	-0.0186804 	-1.37237 	0.0110361 	
4.425	0.388924 	-0.176245 	0.0757288 	-0.0187364 	-1.37298 	0.0111029 	
4.43	0.388885 	-0.176243 	0.0757145 	-0.0187851 	-1.3736 	0.0111549 	
4.435	0.388846 	-0.176241 	0.0757004 	-0.0188194 	-1.37422 	0.0111882 	
4.44	0.388807 	-0.176241 	0.0756865 	-0.0188156 	-1.37484 	0.01118 	
4.445	0.388769 	-0.176241 	0.075673 	-0.0187616 	-1.37547 	0.0111277 	
4.45	0.388732 	-0.176242 	0.0756597 	-0.0186551 	-1.3761 	0.0110299 	
4.455	0.388694 	-0.176243 	0.0756469 	-0.0185155 	-1.37673 	0.0108984 	
4.46	0.388663 	-0.176245 	0.0756395 	-0.0185174 	-1.37732 	0.0109363 	
4.465	0.388631 	-0.176249 	0.075632 	-0.0184988 	-1.37789 	0.010953 	
4.47	0.3886 	-0.176252 	0.0756236 	-0.0185016 	-1.37846 	0.0110206 	
4.475	0.388568 	-0.176254 	0.0756145 	-0.0185095 	-1.37904 	0.0111037 	
4.48	0.388536 	-0.176255 	0.0756053 	-0.0185074 	-1.37961 	0.0111678 	
4.485	0.388505 	-0.176256 	0.0755965 	-0.0184767 	-1.38019 	0.0111846 	
4.49	0.388474 	-0.176257 	0.0755881 	-0.0184788 	-1.38077 	0.0112577 	
4.495	0.388445 	-0.176257 	0.0755811 	-0.0184846 	-1.38133 	0.0113358 	
4.5	0.388416 	-0.176259 	0.0755751 	-0.0185004 	-1.38189 	0.0114175 	
4.505	0.388389 	-0.17626 	0.0755698 	-0.0185259 	-1.38244 	0.0115025 	
4.51	0.388361 	-0.176261 	0.0755647 	-0.0185621 	-1.38299 	0.0115921 	
4.515	0.388333 	-0.176262 	0.0755585 	-0.0186145 	-1.38354 	0.0116903 	
4.52	0.388323 	-0.176264 	0.0755695 	-0.0186818 	-1.38399 	0.0117621 	
4.525	0.388307 	-0.176272 	0.0755774 	-0.0187933 	-1.38445 	0.0118606 	
4.53	0.38829 	-0.176274 	0.0755822 	-0.0188324 	-1.38492 	0.0118968 	
4.535	0.388271 	-0.176275 	0.0755839 	-0.018865 	-1.38539 	0.0119266 	
4.54	0.38825 	-0.176275 	0.0755827 	-0.0188886 	-1.38588 	0.0119493 	
4.545	0.388226 	-0.176275 	0.0755794 	-0.0188914 	-1.38639 	0.0119518 	
4.55	0.388199 	-0.176275 	0.075574 	-0.0188882 	-1.3869 	0.0119493 	
4.555	0.388171 	-0.176275 	0.0755668 	-0.0188825 	-1.38743 	0.0119445 	
4.56	0.388141 	-0.176274 	0.075558 	-0.0189153 	-1.38797 	0.0119789 	
4.565	0.388109 	-0.176273 	0.0755477 	-0.0189461 	-1.38853 	0.0120093 	
4.57	0.388075 	-0.176272 	0.0755362 	-0.018974 	-1.38909 	0.012038 	
4.575	0.38804 	-0.176271 	0.0755237 	-0.0190023 	-1.38967 	0.0120661 	
4.58	0.388004 	-0.17627 	0.0755102 	-0.0190514 	-1.39026 	0.0121155 	
4.585	0.387967 	-0.176268 	0.075496 	-0.019106 	-1.39086 	0.0121705 	
4.59	0.387929 	-0.176267 	0.0754811 	-0.0191616 	-1.39146 	0.0122345 	
4.595	0.387891 	-0.176265 	0.0754664 	-0.019252 	-1.39207 	0.0123354 	
4.6	0.387857 	-0.176264 	0.0754562 	-0.0193032 	-1.39265 	0.0123845 	
4.605	0.387827 	-0.176266 	0.0754498 	-0.0193428 	-1.39323 	0.0124126 	
4.61	0.387798 	-0.176267 	0.0754454 	-0.0193832 	-1.39379 	0.0124433 	
4.615	0.38777 	-0.176268 	0.0754402 	-0.0193989 	-1.39434 	0.0124493 	
4.62	0.387741 	-0.176269 	0.075434 	-0.0193875 	-1.39489 	0.0124296 	
4.625	0.387712 	-0.176268 	0.075427 	-0.0193595 	-1.39544 	0.0123947 	
4.63	0.387682 	-0.176267 	0.0754192 	-0.0193212 	-1.39599 	0.0123486 	
4.635	0.387652 	-0.176265 	0.0754109 	-0.0192801 	-1.39655 	0.0123001 	
4.64	0.387621 	-0.176264 	0.075402 	-0.0192281 	-1.39712 	0.0122371 	
4.645	0.387589 	-0.176264 	0.0753927 	-0.0190968 	-1.39769 	0.0120819 	
4.65	0.387558 	-0.176264 	0.075383 	-0.0189631 	-1.39826 	0.0119228 	
4.655	0.387525 	-0.176264 	0.0753731 	-0.0188058 	-1.39883 	0.0117617 	
4.66	0.387492 	-0.176265 	0.0753629 	-0.0186408 	-1.39941 	0.011597 	
4.665	0.387459 	-0.176265 	0.0753528 	-0.0184708 	-1.4 	0.0114276 	
4.67	0.387427 	-0.176267 	0.0753443 	-0.0183011 	-1.40057 	0.0112571 	
4.675	0.387398 	-0.176268 	0.0753384 	-0.0181777 	-1.40114 	0.0111306 	
4.68	0.387368 	-0.176271 	0.0753331 	-0.0180317 	-1.40171 	0.010977 	
4.685	0.387339 	-0.176272 	0.0753283 	-0.0178549 	-1.40227 	0.0107972 	
4.69	0.38731 	-0.176273 	0.0753234 	-0.0177321 	-1.40283 	0.0106702 	
4.695	0.38728 	-0.176275 	0.0753171 	-0.0174107 	-1.4034 	0.0103325 	
4.7	0.38725 	-0.176278 	0.0753097 	-0.0169612 	-1.40397 	0.00987825 	
4.705	0.387219 	-0.176281 	0.0753016 	-0.01648 	-1.40454 	0.00939569 	
4.71	0.387187 	-0.176284 	0.0752932 	-0.016006 	-1.40512 	0.00891947 	
4.715	0.387154 	-0.17629 	0.0752825 	-0.0153397 	-1.4057 	0.00824335 	
4.72	0.387121 	-0.176296 	0.0752707 	-0.0145495 	-1.40629 	0.0074456 	
4.725	0.387087 	-0.176302 	0.0752585 	-0.0137318 	-1.40688 	0.00662276 	
4.73	0.387052 	-0.176307 	0.0752469 	-0.0130977 	-1.40747 	0.00598035 	
4.735	0.387018 	-0.176312 	0.0752364 	-0.0125378 	-1.40807 	0.00540951 	
4.74	0.386985 	-0.176317 	0.0752268 	-0.0120112 	-1.40866 	0.00486848 	
4.745	0.386952 	-0.176322 	0.0752177 	-0.011547 	-1.40925 	0.00438848 	
4.75	0.38692 	-0.176327 	0.0752092 	-0.0111087 	-1.40984 	0.00393272 	
4.755	0.386888 	-0.176331 	0.0752005 	-0.0106209 	-1.41041 	0.00343281 	
4.76	0.386869 	-0.176337 	0.0752035 	-0.0101915 	-1.41092 	0.00299499 	
4.765	0.386867 	-0.176347 	0.0752228 	-0.00982822 	-1.41131 	0.00260354 	
4.77	0.386858 	-0.176361 	0.0752369 	-0.00935077 	-1.41171 	0.00206531 	
4.775	0.386848 	-0.176367 	0.0752465 	-0.00891782 	-1.41213 	0.00160777 	
4.78	0.386836 	-0.176369 	0.0752525 	-0.00878446 	-1.41255 	0.00146605 	
4.785	0.38682 	-0.17637 	0.0752554 	-0.00874919 	-1.413 	0.0014286 	
4.79	0.386799 	-0.176374 	0.0752529 	-0.00839966 	-1.41346 	0.00104417 	
4.795	0.386776 	-0.176376 	0.0752468 	-0.00795568 	-1.41394 	0.000565804 	
4.8	0.38675 	-0.176378 	0.0752385 	-0.00748924 	-1.41444 	7.11127e-05 	
4.805	0.386721 	-0.176383 	0.0752279 	-0.00694872 	-1.41495 	-0.000506869 	
4.81	0.38669 	-0.176386 	0.0752152 	-0.00649206 	-1.41548 	-0.000973748 	
4.815	0.386656 	-0.17639 	0.0752013 	-0.00601153 	-1.41602 	-0.00147381 	
4.82	0.386622 	-0.176396 	0.0751869 	-0.00545164 	-1.41657 	-0.00206875 	
4.825	0.386587 	-0.176398 	0.0751738 	-0.00509839 	-1.41715 	-0.00243221 	
4.83	0.386551 	-0.176402 	0.0751607 	-0.00475827 	-1.41773 	-0.0027792 	
4.835	0.386515 	-0.176405 	0.0751473 	-0.00438281 	-1.41833 	-0.00315874 	
4.84	0.386478 	-0.176408 	0.0751337 	-0.00395983 	-1.41894 	-0.00358457 	
4.845	0.38644 	-0.176412 	0.0751201 	-0.00351259 	-1.41955 	-0.00403392 	
4.85	0.386403 	-0.176417 	0.0751056 	-0.00285783 	-1.42017 	-0.00467787 	
4.855	0.386367 	-0.176422 	0.0750928 	-0.00216915 	-1.42079 	-0.00533905 	
4.86	0.386332 	-0.176427 	0.0750802 	-0.00164665 	-1.4214 	-0.00582409 	
4.865	0.386298 	-0.176432 	0.0750685 	-0.00118387 	-1.422 	-0.00624849 	
4.87	0.386265 	-0.176437 	0.0750577 	-0.000751879 	-1.4226 	-0.00664144 	
4.875	0.386232 	-0.176441 	0.0750479 	-0.000340919 	-1.42319 	-0.00701367 	
4.88	0.3862 	-0.176445 	0.0750383 	0.000122956 	-1.42379 	-0.0074574 	
4.885	0.386168 	-0.176449 	0.0750287 	0.000595401 	-1.42438 	-0.00791346 	
4.89	0.386135 	-0.176452 	0.075019 	0.00106153 	-1.42497 	-0.00836411 	
4.895	0.386103 	-0.176456 	0.0750094 	0.00151687 	-1.42557 	-0.00880426 	
4.9	0.386072 	-0.176459 	0.0750012 	0.00191076 	-1.42616 	-0.00917297 	
4.905	0.386042 	-0.176463 	0.0749944 	0.00225539 	-1.42674 	-0.0094864 	
4.91	0.386012 	-0.176467 	0.0749875 	0.00259467 	-1.42731 	-0.00980584 	
4.915	0.385982 	-0.176471 	0.0749807 	0.00302184 	-1.42788 	-0.0102182 	
4.92	0.385952 	-0.176475 	0.0749737 	0.0034687 	-1.42846 	-0.010649 	
4.925	0.385922 	-0.176478 	0.0749668 	0.00391163 	-1.42904 	-0.0110762 	
4.93	0.385892 	-0.176481 	0.0749599 	0.00433709 	-1.42961 	-0.0114865 	
4.935	0.385862 	-0.176483 	0.0749529 	0.00474317 	-1.43019 	-0.0118784 	
4.94	0.385831 	-0.176485 	0.074946 	0.0051324 	-1.43078 	-0.0122542 	
4.945	0.3858 	-0.176487 	0.074939 	0.00550755 	-1.43136 	-0.0126166 	
4.95	0.385772 	-0.17649 	0.0749347 	0.00597261 	-1.43192 	-0.0130565 	
4.955	0.385744 	-0.176493 	0.0749306 	0.00630741 	-1.43248 	-0.0133882 	
4.96	0.385715 	-0.176495 	0.0749263 	0.00660498 	-1.43305 	-0.0136863 	
4.965	0.38569 	-0.176498 	0.0749249 	0.00706251 	-1.43361 	-0.0141311 	
4.97	0.385664 	-0.1765 	0.0749235 	0.00735814 	-1.43416 	-0.0144245 	
4.975	0.385638 	-0.176501 	0.0749216 	0.00755 	-1.43471 	-0.0146145 	
4.98	0.385614 	-0.176503 	0.0749199 	0.00784168 	-1.43525 	-0.0148809 	
4.985	0.385589 	-0.176507 	0.0749175 	0.00833102 	-1.43579 	-0.0153569 	
4.99	0.385561 	-0.176512 	0.0749104 	0.00900213 	-1.43634 	-0.01605 	
4.995	0.38553 	-0.176519 	0.0749002 	0.00984956 	-1.43689 	-0.0169376 	
5	0.3855 	-0.176522 	0.0748932 	0.01031 	-1.43745 	-0.0174078 	
5.005	0.385468 	-0.176528 	0.0748849 	0.010912 	-1.43802 	-0.0180252 	
5.01	0.385436 	-0.176533 	0.0748755 	0.0114839 	-1.4386 	-0.0186018 	
5.015	0.385403 	-0.176535 	0.0748638 	0.0116998 	-1.43918 	-0.018828 	
5.02	0.385367 	-0.176537 	0.0748506 	0.0118099 	-1.43977 	-0.0189426 	
5.025	0.385331 	-0.176539 	0.0748363 	0.0118979 	-1.44037 	-0.0190307 	
5.03	0.385293 	-0.176539 	0.0748209 	0.0119526 	-1.44098 	-0.0190813 	
5.035	0.385255 	-0.176539 	0.0748046 	0.0119998 	-1.4416 	-0.0191222 	
5.04	0.385215 	-0.176539 	0.0747867 	0.0120724 	-1.44222 	-0.0191729 	
5.045	0.385174 	-0.176538 	0.0747675 	0.0121922 	-1.44286 	-0.0192683 	
5.05	0.385132 	-0.176538 	0.0747476 	0.0124063 	-1.4435 	-0.0194638 	
5.055	0.38509 	-0.176537 	0.0747281 	0.0125602 	-1.44416 	-0.0195957 	
5.06	0.385048 	-0.176536 	0.0747089 	0.0127023 	-1.44481 	-0.0197079 	
5.065	0.385036 	-0.176538 	0.0747192 	0.0128079 	-1.44532 	-0.0198102 	
5.07	0.385048 	-0.176552 	0.074757 	0.012813 	-1.44567 	-0.0198476 	
5.075	0.385054 	-0.176568 	0.0747882 	0.0129647 	-1.44602 	-0.020041 	
5.08	0.385059 	-0.176572 	0.0748124 	0.0131952 	-1.44638 	-0.0202986 	
5.085	0.38506 	-0.176576 	0.0748307 	0.0135783 	-1.44674 	-0.0206924 	
5.09	0.385056 	-0.176579 	0.0748441 	0.0139741 	-1.44712 	-0.0211023 	
5.095	0.385047 	-0.176583 	0.0748519 	0.0145926 	-1.44752 	-0.021731 	
5.1	0.385035 	-0.176586 	0.0748562 	0.0150058 	-1.44793 	-0.0221438 	
5.105	0.385019 	-0.176588 	0.0748572 	0.015328 	-1.44836 	-0.0224587 	
5.11	0.384999 	-0.176593 	0.0748553 	0.0158361 	-1.44882 	-0.0229903 	
5.115	0.384975 	-0.176601 	0.0748487 	0.0167513 	-1.44929 	-0.0239581 	
5.12	0.384948 	-0.17661 	0.074839 	0.0179154 	-1.44979 	-0.0251625 	
5.125	0.384919 	-0.176614 	0.0748277 	0.0187887 	-1.4503 	-0.0260397 	
5.13	0.384887 	-0.176618 	0.0748156 	0.0193456 	-1.45084 	-0.026583 	
5.135	0.384854 	-0.176622 	0.0748025 	0.0198454 	-1.45139 	-0.0270647 	
5.14	0.384819 	-0.176626 	0.0747885 	0.0203837 	-1.45196 	-0.0275837 	
5.145	0.384783 	-0.17663 	0.0747738 	0.0209922 	-1.45255 	-0.0281734 	
5.15	0.384747 	-0.176635 	0.074759 	0.0217184 	-1.45314 	-0.0288815 	
5.155	0.384711 	-0.176641 	0.0747453 	0.0226592 	-1.45374 	-0.0298242 	
5.16	0.384674 	-0.176648 	0.0747309 	0.0238671 	-1.45434 	-0.0310259 	
5.165	0.384638 	-0.176655 	0.0747163 	0.0249142 	-1.45495 	-0.0320618 	
5.17	0.3846 	-0.176658 	0.0746999 	0.0255166 	-1.45556 	-0.0326509 	
5.175	0.38456 	-0.17666 	0.0746818 	0.0258938 	-1.45619 	-0.0330198 	
5.18	0.384518 	-0.176661 	0.0746624 	0.0261723 	-1.45682 	-0.0332909 	
5.185	0.384476 	-0.176661 	0.0746419 	0.0264503 	-1.45747 	-0.0335568 	
5.19	0.384433 	-0.176667 	0.0746227 	0.0271488 	-1.45813 	-0.0342407 	
5.195	0.38439 	-0.176673 	0.0746028 	0.0282118 	-1.45879 	-0.035312 	
5.2	0.384347 	-0.17668 	0.0745826 	0.029433 	-1.45945 	-0.0365454 	
5.205	0.384303 	-0.176683 	0.074561 	0.0302005 	-1.46012 	-0.0373294 	
5.21	0.384257 	-0.176686 	0.0745383 	0.0307439 	-1.4608 	-0.0378866 	
5.215	0.384211 	-0.176687 	0.0745149 	0.0311562 	-1.46148 	-0.0382995 	
5.22	0.384164 	-0.176687 	0.0744909 	0.0315425 	-1.46217 	-0.0386826 	
5.225	0.384116 	-0.176687 	0.0744664 	0.0319422 	-1.46286 	-0.0390944 	
5.23	0.384101 	-0.17669 	0.0744807 	0.0322232 	-1.46351 	-0.0393765 	
5.235	0.384068 	-0.176697 	0.0744726 	0.032528 	-1.46408 	-0.039697 	
5.24	0.384029 	-0.176699 	0.0744547 	0.032844 	-1.46464 	-0.0400134 	
5.245	0.383985 	-0.176699 	0.0744308 	0.0331924 	-1.46523 	-0.0403749 	
5.25	0.383962 	-0.176702 	0.0744323 	0.0334464 	-1.46579 	-0.0406296 	
5.255	0.383932 	-0.176709 	0.0744276 	0.0337646 	-1.46635 	-0.0409798 	
5.26	0.383899 	-0.176711 	0.0744162 	0.0341009 	-1.46692 	-0.0413362 	
5.265	0.383861 	-0.176713 	0.0743998 	0.0345576 	-1.4675 	-0.0418225 	
5.27	0.383838 	-0.176708 	0.0743951 	0.0336 	-1.46789 	-0.0408847 	
5.275	0.383818 	-0.176714 	0.0743964 	0.0323692 	-1.46821 	-0.0397003 	
5.28	0.383804 	-0.176716 	0.0744019 	0.030928 	-1.46848 	-0.0382991 	
5.285	0.38379 	-0.176719 	0.0744073 	0.0296881 	-1.46876 	-0.0370971 	
5.29	0.383778 	-0.176717 	0.0744126 	0.0284947 	-1.46905 	-0.0359315 	
5.295	0.383765 	-0.176713 	0.0744177 	0.0272333 	-1.46935 	-0.034696 	
5.3	0.383751 	-0.176709 	0.0744223 	0.0261845 	-1.46966 	-0.0336697 	
5.305	0.383731 	-0.176709 	0.0744182 	0.0253071 	-1.46999 	-0.0328237 	
5.31	0.383714 	-0.176704 	0.0744178 	0.0239411 	-1.4703 	-0.0314799 	
5.315	0.383699 	-0.176703 	0.0744211 	0.0225019 	-1.4706 	-0.030072 	
5.32	0.383686 	-0.176702 	0.0744267 	0.0211231 	-1.47088 	-0.028723 	
5.325	0.383674 	-0.1767 	0.0744338 	0.0198108 	-1.47117 	-0.0274409 	
5.33	0.383664 	-0.176698 	0.0744422 	0.0185667 	-1.47146 	-0.0262176 	
5.335	0.383656 	-0.176696 	0.0744512 	0.0173462 	-1.47175 	-0.0250155 	
5.34	0.383652 	-0.176693 	0.0744697 	0.0166151 	-1.47209 	-0.0242758 	
5.345	0.383649 	-0.176689 	0.0744876 	0.016338 	-1.47242 	-0.0239841 	
5.35	0.383641 	-0.176684 	0.0744984 	0.0161422 	-1.47276 	-0.0237586 	
5.355	0.383626 	-0.17668 	0.0744997 	0.0161296 	-1.47313 	-0.023717 	
5.36	0.383607 	-0.176674 	0.0744972 	0.0156046 	-1.47347 	-0.023182 	
5.365	0.383581 	-0.176673 	0.0744866 	0.015256 	-1.47383 	-0.0228081 	
5.37	0.383559 	-0.176667 	0.0744814 	0.0141949 	-1.47416 	-0.0217271 	
5.375	0.383538 	-0.176665 	0.0744799 	0.0128723 	-1.4745 	-0.0204075 	
5.38	0.383519 	-0.176661 	0.0744813 	0.0114627 	-1.47483 	-0.019008 	
5.385	0.383502 	-0.176657 	0.0744849 	0.0099975 	-1.47517 	-0.0175476 	
5.39	0.383486 	-0.176652 	0.0744903 	0.00854532 	-1.4755 	-0.0160967 	
5.395	0.383473 	-0.176648 	0.0744976 	0.00713587 	-1.47583 	-0.01469 	
5.4	0.383459 	-0.176644 	0.0745021 	0.00580511 	-1.47614 	-0.0133626 	
5.405	0.383447 	-0.176641 	0.0745081 	0.00445054 	-1.47645 	-0.0120179 	
5.41	0.383434 	-0.176641 	0.0745138 	0.00322918 	-1.47675 	-0.0108033 	
5.415	0.383422 	-0.17664 	0.0745202 	0.00196486 	-1.47705 	-0.00952612 	
5.42	0.383412 	-0.176638 	0.0745273 	0.000568642 	-1.47734 	-0.00811803 	
5.425	0.383401 	-0.176637 	0.0745338 	-0.000485412 	-1.47766 	-0.00705366 	
5.43	0.38339 	-0.176635 	0.0745415 	-0.00126753 	-1.47799 	-0.00627073 	
5.435	0.38338 	-0.176633 	0.0745491 	-0.00212224 	-1.47831 	-0.00538965 	
5.44	0.38337 	-0.17663 	0.0745571 	-0.00299215 	-1.47863 	-0.00448605 	
5.445	0.383361 	-0.176626 	0.0745661 	-0.0038698 	-1.47896 	-0.00356776 	
5.45	0.383346 	-0.176624 	0.0745686 	-0.00475677 	-1.47927 	-0.00266442 	
5.455	0.383325 	-0.176624 	0.0745638 	-0.00589386 	-1.47956 	-0.00151231 	
5.46	0.383306 	-0.176625 	0.0745605 	-0.00708032 	-1.47987 	-0.000315126 	
5.465	0.383287 	-0.176626 	0.0745597 	-0.00825711 	-1.48019 	0.000862839 	
5.47	0.383271 	-0.176627 	0.0745613 	-0.00942248 	-1.48051 	0.00202535 	
5.475	0.383256 	-0.176627 	0.0745649 	-0.0105555 	-1.48083 	0.00315427 	
5.48	0.383242 	-0.176627 	0.0745705 	-0.0116788 	-1.48116 	0.00426938 	
5.485	0.383229 	-0.176626 	0.0745772 	-0.0126115 	-1.48149 	0.00519647 	
5.49	0.383217 	-0.176626 	0.074585 	-0.0134137 	-1.48183 	0.00599655 	
5.495	0.383207 	-0.176624 	0.0745937 	-0.0144929 	-1.48215 	0.00707407 	
5.5	0.383195 	-0.176619 	0.0746007 	-0.0161349 	-1.48246 	0.00872029 	
5.505	0.383183 	-0.176612 	0.0746066 	-0.018081 	-1.48277 	0.010674 	
5.51	0.383176 	-0.176603 	0.0746205 	-0.0201951 	-1.48315 	0.0127758 	
5.515	0.383161 	-0.176599 	0.0746265 	-0.0209537 	-1.48355 	0.0135256 	
5.52	0.383141 	-0.176592 	0.074624 	-0.0211013 	-1.48398 	0.0136891 	
5.525	0.383113 	-0.176588 	0.074614 	-0.0210554 	-1.48444 	0.0136777 	
5.53	0.38309 	-0.176578 	0.0746097 	-0.0223987 	-1.48488 	0.0150962 	
5.535	0.383066 	-0.17657 	0.0746086 	-0.0244553 	-1.48529 	0.0172283 	
5.54	0.383044 	-0.176563 	0.0746095 	-0.0266861 	-1.48569 	0.0195354 	
5.545	0.383023 	-0.176555 	0.0746118 	-0.028972 	-1.48609 	0.0219029 	
5.55	0.383006 	-0.176546 	0.0746189 	-0.0314954 	-1.48645 	0.0244373 	
5.555	0.382992 	-0.176538 	0.0746287 	-0.0340506 	-1.48678 	0.0269818 	
5.56	0.382977 	-0.176533 	0.0746359 	-0.036084 	-1.48713 	0.0290168 	
5.565	0.382964 	-0.176526 	0.0746453 	-0.037953 	-1.48749 	0.0309036 	
5.57	0.382953 	-0.176513 	0.0746539 	-0.0406513 	-1.48782 	0.0336255 	
5.575	0.382944 	-0.176498 	0.0746656 	-0.0434007 	-1.48818 	0.0364392 	
5.58	0.382927 	-0.176485 	0.0746674 	-0.0456826 	-1.48857 	0.0387845 	
5.585	0.382905 	-0.176468 	0.0746607 	-0.0478371 	-1.48899 	0.0410023 	
5.59	0.382878 	-0.17645 	0.074647 	-0.0504248 	-1.48939 	0.0436658 	
5.595	0.382851 	-0.176434 	0.0746374 	-0.0543685 	-1.48977 	0.0477167 	
5.6	0.382823 	-0.176422 	0.0746296 	-0.0584018 	-1.49014 	0.0518785 	
5.605	0.382797 	-0.176408 	0.0746234 	-0.0625918 	-1.4905 	0.0562279 	
5.61	0.382771 	-0.17639 	0.0746212 	-0.0669545 	-1.49085 	0.060688 	
5.615	0.382746 	-0.176371 	0.0746208 	-0.0714764 	-1.49119 	0.065288 	
5.62	0.382725 	-0.17636 	0.0746271 	-0.0744428 	-1.49155 	0.0682724 	
5.625	0.38271 	-0.176353 	0.0746378 	-0.0764346 	-1.4919 	0.0702849 	
5.63	0.382698 	-0.176347 	0.0746505 	-0.0785805 	-1.49224 	0.0724238 	
5.635	0.382689 	-0.176344 	0.0746653 	-0.0806066 	-1.49255 	0.0744403 	
5.64	0.38269 	-0.176348 	0.07468 	-0.0812042 	-1.49271 	0.0750233 	
5.645	0.382687 	-0.176353 	0.0746921 	-0.0820495 	-1.4929 	0.0758837 	
5.65	0.382684 	-0.176353 	0.0747023 	-0.0833058 	-1.49311 	0.0772023 	
5.655	0.382673 	-0.176354 	0.0747066 	-0.0837628 	-1.49338 	0.077643 	
5.66	0.382657 	-0.176348 	0.0747037 	-0.0837922 	-1.4937 	0.0776559 	
5.665	0.382651 	-0.176342 	0.074706 	-0.0838751 	-1.49391 	0.0777424 	
5.67	0.38264 	-0.176331 	0.0747036 	-0.0861691 	-1.4941 	0.0800568 	
5.675	0.382636 	-0.176333 	0.0747118 	-0.0874954 	-1.49429 	0.081365 	
5.68	0.382622 	-0.176325 	0.0747032 	-0.0891924 	-1.49446 	0.0830413 	
5.685	0.382616 	-0.176322 	0.0747053 	-0.0903285 	-1.49463 	0.0841708 	
5.69	0.382611 	-0.176313 	0.0747073 	-0.0923263 	-1.49481 	0.0862004 	
5.695	0.382604 	-0.176299 	0.0747069 	-0.0950571 	-1.49499 	0.0889804 	
5.7	0.382621 	-0.176307 	0.0747475 	-0.0979104 	-1.4953 	0.0918019 	
5.705	0.382634 	-0.17632 	0.0747879 	-0.0984316 	-1.49566 	0.0923079 	
5.71	0.38264 	-0.176326 	0.0748137 	-0.0989966 	-1.496 	0.0928715 	
5.715	0.382636 	-0.176324 	0.0748246 	-0.100689 	-1.49632 	0.0945603 	
5.72	0.382621 	-0.176325 	0.0748267 	-0.101832 	-1.49667 	0.0957319 	
5.725	0.382615 	-0.176325 	0.074836 	-0.102473 	-1.49697 	0.0963783 	
5.73	0.382602 	-0.176328 	0.0748391 	-0.102997 	-1.49729 	0.0968928 	
5.735	0.382584 	-0.176328 	0.0748355 	-0.103631 	-1.49763 	0.0975336 	
5.74	0.382561 	-0.176327 	0.0748275 	-0.104428 	-1.49799 	0.0983524 	
5.745	0.382539 	-0.176326 	0.0748208 	-0.105282 	-1.49835 	0.09924 	
5.75	0.382524 	-0.176328 	0.0748224 	-0.105946 	-1.49869 	0.0999014 	
5.755	0.38251 	-0.176333 	0.0748263 	-0.106417 	-1.49902 	0.100356 	
5.76	0.382495 	-0.176337 	0.0748273 	-0.106818 	-1.49935 	0.10074 	
5.765	0.382477 	-0.176339 	0.0748249 	-0.107276 	-1.4997 	0.101175 	
5.77	0.382458 	-0.17634 	0.0748221 	-0.107761 	-1.50005 	0.101636 	
5.775	0.38244 	-0.176343 	0.07482 	-0.108229 	-1.50041 	0.102085 	
5.78	0.38242 	-0.176346 	0.0748169 	-0.108721 	-1.50076 	0.102565 	
5.785	0.382401 	-0.176349 	0.0748135 	-0.109226 	-1.50112 	0.103059 	
5.79	0.382382 	-0.176352 	0.0748121 	-0.10974 	-1.50147 	0.103563 	
5.795	0.382367 	-0.176356 	0.0748136 	-0.110251 	-1.50181 	0.104062 	
5.8	0.382355 	-0.176361 	0.0748192 	-0.110744 	-1.50214 	0.10454 	
5.805	0.382336 	-0.176364 	0.0748167 	-0.111446 	-1.50251 	0.105223 	
5.81	0.38231 	-0.176363 	0.0748067 	-0.112376 	-1.50291 	0.106136 	
5.815	0.382285 	-0.176363 	0.0748014 	-0.113294 	-1.50337 	0.107041 	
5.82	0.382255 	-0.176362 	0.0747893 	-0.114283 	-1.50385 	0.108012 	
5.825	0.382241 	-0.176361 	0.0747852 	-0.114728 	-1.50408 	0.108452 	
5.83	0.382227 	-0.176372 	0.0747838 	-0.115045 	-1.50427 	0.108738 	
5.835	0.382222 	-0.17638 	0.0747872 	-0.115234 	-1.50438 	0.108906 	
5.84	0.382214 	-0.176383 	0.0747899 	-0.116421 	-1.50451 	0.110074 	
5.845	0.382225 	-0.176396 	0.0748215 	-0.118046 	-1.50472 	0.111657 	
5.85	0.382227 	-0.176408 	0.0748421 	-0.118993 	-1.50498 	0.112561 	
5.855	0.382223 	-0.176415 	0.0748528 	-0.119722 	-1.50527 	0.113268 	
5.86	0.382209 	-0.17642 	0.0748546 	-0.120578 	-1.50559 	0.1141 	
5.865	0.382188 	-0.176423 	0.0748486 	-0.121572 	-1.50595 	0.115069 	
5.87	0.38216 	-0.176425 	0.0748357 	-0.122711 	-1.50635 	0.116183 	
5.875	0.382189 	-0.176429 	0.0749095 	-0.124549 	-1.50697 	0.117991 	
5.88	0.382212 	-0.176435 	0.074971 	-0.125941 	-1.50749 	0.119351 	
5.885	0.382233 	-0.176437 	0.0750227 	-0.127157 	-1.50791 	0.120548 	
5.89	0.382259 	-0.17644 	0.075073 	-0.127889 	-1.50821 	0.121265 	
5.895	0.382277 	-0.176446 	0.0751132 	-0.128453 	-1.5085 	0.121811 	
5.9	0.382286 	-0.176448 	0.0751408 	-0.1291 	-1.50878 	0.122452 	
5.905	0.382286 	-0.176447 	0.0751565 	-0.129993 	-1.50908 	0.123347 	
5.91	0.382276 	-0.176446 	0.0751619 	-0.130981 	-1.50941 	0.124337 	
5.915	0.382258 	-0.176444 	0.0751583 	-0.13214 	-1.50977 	0.125503 	
5.92	0.382232 	-0.176441 	0.0751467 	-0.133486 	-1.51018 	0.126859 	
5.925	0.382199 	-0.176437 	0.0751282 	-0.13503 	-1.51064 	0.128415 	
5.93	0.382159 	-0.176434 	0.0751051 	-0.136461 	-1.51114 	0.12986 	
5.935	0.382114 	-0.176429 	0.075077 	-0.138055 	-1.51167 	0.131445 	
5.94	0.382068 	-0.176425 	0.0750504 	-0.139749 	-1.51223 	0.133121 	
5.945	0.382056 	-0.176428 	0.0750616 	-0.140848 	-1.51267 	0.134165 	
5.95	0.382035 	-0.176437 	0.0750655 	-0.142148 	-1.51313 	0.135427 	
5.955	0.382011 	-0.176438 	0.075061 	-0.143724 	-1.5136 	0.136997 	
5.96	0.38198 	-0.176438 	0.0750488 	-0.145572 	-1.5141 	0.138852 	
5.965	0.381943 	-0.176436 	0.0750307 	-0.147277 	-1.51462 	0.14056 	
5.97	0.381902 	-0.176433 	0.0750074 	-0.149022 	-1.51516 	0.142296 	
5.975	0.381857 	-0.176429 	0.0749794 	-0.151249 	-1.51568 	0.144529 	
5.98	0.381807 	-0.176425 	0.0749465 	-0.153932 	-1.51625 	0.147224 	
5.985	0.381753 	-0.176422 	0.0749113 	-0.156006 	-1.51686 	0.149301 	
5.99	0.381708 	-0.176404 	0.0748943 	-0.160637 	-1.51737 	0.153985 	
5.995	0.381689 	-0.176405 	0.0748807 	-0.160691 	-1.51747 	0.154052 	
6	0.381672 	-0.176417 	0.0748714 	-0.160806 	-1.51754 	0.154139 	
6.005	0.381656 	-0.176417 	0.0748636 	-0.162433 	-1.51765 	0.15576 	
6.01	0.381636 	-0.176413 	0.0748518 	-0.164552 	-1.51785 	0.157903 	
6.015	0.381621 	-0.176401 	0.0748495 	-0.167308 	-1.51813 	0.160713 	
6.02	0.381607 	-0.176383 	0.0748494 	-0.170909 	-1.51841 	0.164387 	
6.025	0.381603 	-0.176374 	0.0748537 	-0.172087 	-1.51855 	0.165595 	
6.03	0.381602 	-0.176372 	0.0748612 	-0.172631 	-1.51865 	0.166146 	
6.035	0.381603 	-0.176369 	0.0748724 	-0.173558 	-1.51878 	0.167076 	
6.04	0.381608 	-0.176368 	0.0748853 	-0.173942 	-1.51888 	0.167463 	
6.045	0.38161 	-0.176367 	0.0748979 	-0.174832 	-1.51902 	0.16835 	
6.05	0.381609 	-0.176363 	0.0749096 	-0.17622 	-1.51918 	0.169736 	
6.055	0.381613 	-0.176361 	0.0749229 	-0.176898 	-1.51931 	0.170415 	
6.06	0.381614 	-0.176361 	0.0749361 	-0.178019 	-1.51945 	0.171528 	
6.065	0.381618 	-0.176361 	0.0749506 	-0.178721 	-1.51959 	0.17222 	
6.07	0.381621 	-0.176364 	0.0749661 	-0.179312 	-1.51976 	0.172794 	
6.075	0.381623 	-0.176365 	0.0749808 	-0.179946 	-1.51993 	0.173403 	
6.08	0.381616 	-0.176365 	0.0749857 	-0.181024 	-1.52017 	0.174478 	
6.085	0.3816 	-0.176363 	0.0749816 	-0.182547 	-1.52047 	0.17601 	
6.09	0.381576 	-0.176359 	0.0749698 	-0.184384 	-1.52083 	0.177863 	
6.095	0.381568 	-0.176341 	0.0749863 	-0.187727 	-1.52129 	0.181249 	
6.1	0.381553 	-0.176328 	0.074994 	-0.190698 	-1.52176 	0.184257 	
6.105	0.381532 	-0.176311 	0.0749922 	-0.194584 	-1.52223 	0.188224 	
6.11	0.381504 	-0.176298 	0.0749831 	-0.197804 	-1.52272 	0.191493 	
6.115	0.381471 	-0.176284 	0.0749675 	-0.200931 	-1.52324 	0.194663 	
6.12	0.381446 	-0.176258 	0.0749632 	-0.208364 	-1.52362 	0.202181 	
6.125	0.381426 	-0.176234 	0.0749678 	-0.217586 	-1.52394 	0.211494 	
6.13	0.381406 	-0.17621 	0.0749728 	-0.227083 	-1.52424 	0.221072 	
6.135	0.38139 	-0.176186 	0.0749776 	-0.235486 	-1.52453 	0.229554 	
6.14	0.38137 	-0.176171 	0.0749733 	-0.241606 	-1.52482 	0.235743 	
6.145	0.38136 	-0.176163 	0.0749753 	-0.245491 	-1.52503 	0.239654 	
6.15	0.381348 	-0.17616 	0.074975 	-0.248365 	-1.52521 	0.242536 	
6.155	0.381338 	-0.17616 	0.0749762 	-0.250977 	-1.52541 	0.245168 	
6.16	0.381331 	-0.176162 	0.0749811 	-0.253319 	-1.52563 	0.247534 	
6.165	0.381335 	-0.176164 	0.0750043 	-0.255621 	-1.52591 	0.249841 	
6.17	0.381331 	-0.176164 	0.0750174 	-0.257837 	-1.52622 	0.25206 	
6.175	0.381319 	-0.176161 	0.0750204 	-0.260353 	-1.52656 	0.254589 	
6.18	0.381299 	-0.176157 	0.0750145 	-0.263214 	-1.52694 	0.257463 	
6.185	0.381271 	-0.176152 	0.0750006 	-0.266477 	-1.52736 	0.26074 	
6.19	0.381236 	-0.176147 	0.0749798 	-0.270181 	-1.52781 	0.264459 	
6.195	0.381204 	-0.176134 	0.0749621 	-0.27711 	-1.52818 	0.271472 	
6.2	0.381165 	-0.176136 	0.0749423 	-0.281998 	-1.5286 	0.276396 	
6.205	0.381133 	-0.176126 	0.0749263 	-0.289218 	-1.52898 	0.283732 	
6.21	0.381113 	-0.176129 	0.074919 	-0.292545 	-1.52923 	0.287074 	
6.215	0.381083 	-0.176138 	0.0749033 	-0.295053 	-1.52957 	0.289587 	
6.22	0.381054 	-0.176135 	0.0748846 	-0.299493 	-1.52992 	0.294126 	
6.225	0.38105 	-0.176141 	0.0748979 	-0.302033 	-1.53019 	0.296653 	
6.23	0.381043 	-0.176147 	0.0749096 	-0.30561 	-1.53047 	0.300223 	
6.235	0.381035 	-0.176151 	0.0749151 	-0.308016 	-1.53073 	0.302635 	
6.24	0.381026 	-0.176153 	0.0749176 	-0.311385 	-1.53098 	0.306081 	
6.245	0.381014 	-0.176151 	0.0749192 	-0.316335 	-1.53121 	0.311087 	
6.25	0.380999 	-0.176149 	0.0749173 	-0.321467 	-1.53147 	0.316263 	
6.255	0.380982 	-0.176145 	0.0749138 	-0.326284 	-1.53175 	0.321127 	
6.26	0.380965 	-0.176139 	0.0749099 	-0.332799 	-1.53201 	0.327699 	
6.265	0.380947 	-0.176131 	0.0749062 	-0.340467 	-1.53223 	0.335423 	
6.27	0.38093 	-0.176134 	0.0748986 	-0.342452 	-1.53239 	0.337401 	
6.275	0.380905 	-0.176136 	0.0748834 	-0.345098 	-1.53265 	0.340046 	
6.28	0.380879 	-0.176133 	0.0748677 	-0.348957 	-1.53297 	0.343915 	
6.285	0.380875 	-0.176134 	0.0748786 	-0.351504 	-1.53321 	0.346442 	
6.29	0.380862 	-0.176141 	0.0748819 	-0.354367 	-1.53349 	0.349286 	
6.295	0.380844 	-0.176143 	0.0748775 	-0.357424 	-1.5338 	0.352347 	
6.3	0.380824 	-0.176143 	0.0748712 	-0.360849 	-1.53414 	0.355779 	
6.305	0.380804 	-0.176144 	0.0748663 	-0.364496 	-1.5345 	0.359435 	
6.31	0.380784 	-0.176146 	0.0748631 	-0.368293 	-1.53485 	0.363243 	
6.315	0.380765 	-0.176147 	0.0748606 	-0.372635 	-1.53521 	0.367596 	
6.32	0.380746 	-0.176147 	0.0748588 	-0.37731 	-1.53556 	0.372283 	
6.325	0.380728 	-0.176147 	0.0748575 	-0.382232 	-1.53591 	0.377219 	
6.33	0.380706 	-0.176147 	0.0748526 	-0.387583 	-1.53627 	0.382601 	
6.335	0.380684 	-0.176144 	0.0748464 	-0.393438 	-1.53665 	0.388495 	
6.34	0.380662 	-0.176141 	0.0748396 	-0.399822 	-1.53703 	0.39492 	
6.345	0.380638 	-0.176137 	0.0748326 	-0.406728 	-1.53742 	0.401865 	
6.35	0.380613 	-0.176131 	0.0748243 	-0.41423 	-1.5378 	0.4094 	
6.355	0.380588 	-0.176124 	0.0748151 	-0.422368 	-1.53819 	0.417574 	
6.36	0.380561 	-0.176116 	0.0748051 	-0.431173 	-1.53857 	0.426415 	
6.365	0.380534 	-0.176107 	0.0747947 	-0.440656 	-1.53895 	0.435938 	
6.37	0.380509 	-0.1761 	0.0747892 	-0.449443 	-1.53933 	0.444753 	
6.375	0.380486 	-0.176093 	0.0747867 	-0.457952 	-1.53969 	0.453286 	
6.38	0.380465 	-0.176087 	0.0747862 	-0.466272 	-1.54004 	0.461627 	
6.385	0.380446 	-0.176082 	0.0747873 	-0.474404 	-1.54037 	0.469776 	
6.39	0.380422 	-0.176079 	0.0747768 	-0.483141 	-1.54074 	0.478586 	
6.395	0.380394 	-0.176075 	0.0747637 	-0.491779 	-1.54108 	0.487278 	
6.4	0.380371 	-0.176069 	0.0747585 	-0.500869 	-1.5414 	0.496399 	
6.405	0.38035 	-0.176062 	0.0747586 	-0.510283 	-1.54171 	0.505835 	
6.41	0.38033 	-0.176058 	0.0747575 	-0.519613 	-1.54201 	0.515208 	
6.415	0.3803 	-0.176059 	0.0747451 	-0.526803 	-1.5424 	0.522395 	
6.42	0.380278 	-0.176051 	0.0747394 	-0.535979 	-1.54272 	0.531605 	
6.425	0.380269 	-0.176053 	0.0747395 	-0.539363 	-1.54285 	0.534986 	
6.43	0.380263 	-0.176063 	0.0747436 	-0.541373 	-1.54294 	0.536971 	
6.435	0.380261 	-0.176071 	0.0747506 	-0.543092 	-1.54302 	0.538669 	
6.44	0.380256 	-0.176078 	0.074755 	-0.545949 	-1.54316 	0.541549 	
6.445	0.380244 	-0.176081 	0.0747515 	-0.549394 	-1.54331 	0.545001 	
6.45	0.38023 	-0.176085 	0.0747468 	-0.554042 	-1.54349 	0.549696 	
6.455	0.380206 	-0.176089 	0.0747332 	-0.559696 	-1.54375 	0.555363 	
6.46	0.380184 	-0.176092 	0.0747237 	-0.566167 	-1.54408 	0.561861 	
6.465	0.380176 	-0.176095 	0.0747212 	-0.568889 	-1.5442 	0.564585 	
6.47	0.380169 	-0.176107 	0.0747235 	-0.57079 	-1.54429 	0.566456 	
6.475	0.380159 	-0.176116 	0.0747239 	-0.574052 	-1.54441 	0.56972 	
6.48	0.380148 	-0.176123 	0.0747223 	-0.578476 	-1.54458 	0.574195 	
6.485	0.380135 	-0.17613 	0.0747187 	-0.583827 	-1.54478 	0.579632 	
6.49	0.380119 	-0.176135 	0.0747137 	-0.590091 	-1.54502 	0.586004 	
6.495	0.380102 	-0.176141 	0.0747077 	-0.597238 	-1.54529 	0.593272 	
6.5	0.380083 	-0.176146 	0.0747009 	-0.605223 	-1.54557 	0.601388 	
6.505	0.380049 	-0.176147 	0.0746665 	-0.610579 	-1.54574 	0.606893 	
6.51	0.380003 	-0.176147 	0.074617 	-0.615902 	-1.54595 	0.612262 	
6.515	0.379955 	-0.176144 	0.0745636 	-0.620586 	-1.54616 	0.616976 	
6.52	0.379936 	-0.176145 	0.0745444 	-0.623078 	-1.54626 	0.619457 	
6.525	0.379912 	-0.176153 	0.0745175 	-0.624831 	-1.54628 	0.621183 	
6.53	0.379878 	-0.176157 	0.0744805 	-0.628273 	-1.54636 	0.624614 	
6.535	0.379837 	-0.176156 	0.0744343 	-0.633245 	-1.5465 	0.629599 	
6.54	0.379788 	-0.176152 	0.0743803 	-0.640502 	-1.54668 	0.636872 	
6.545	0.379751 	-0.176149 	0.074336 	-0.643572 	-1.54677 	0.63992 	
6.55	0.379705 	-0.176152 	0.0742876 	-0.647926 	-1.54692 	0.644249 	
6.555	0.379662 	-0.176153 	0.0742397 	-0.649948 	-1.5471 	0.646246 	
6.56	0.379634 	-0.176153 	0.0741996 	-0.648002 	-1.54708 	0.644292 	
6.565	0.379594 	-0.176161 	0.0741524 	-0.648601 	-1.54706 	0.644851 	
6.57	0.379573 	-0.176165 	0.0741272 	-0.649515 	-1.54708 	0.645737 	
6.575	0.37955 	-0.176171 	0.0741019 	-0.649784 	-1.54713 	0.645985 	
6.58	0.379529 	-0.176173 	0.0740722 	-0.647893 	-1.54713 	0.644075 	
6.585	0.379512 	-0.176178 	0.0740487 	-0.645996 	-1.54712 	0.642147 	
6.59	0.379498 	-0.176182 	0.0740278 	-0.643818 	-1.54706 	0.639951 	
6.595	0.379486 	-0.176187 	0.0740082 	-0.641198 	-1.54702 	0.637313 	
6.6	0.379475 	-0.17619 	0.0739898 	-0.63894 	-1.54696 	0.635046 	
6.605	0.37946 	-0.176189 	0.0739683 	-0.63847 	-1.54691 	0.634568 	
6.61	0.379448 	-0.17619 	0.0739485 	-0.636565 	-1.54686 	0.632646 	
6.615	0.379437 	-0.176191 	0.0739298 	-0.634498 	-1.5468 	0.630574 	
6.62	0.379427 	-0.176192 	0.0739121 	-0.632439 	-1.54674 	0.62851 	
6.625	0.379418 	-0.176194 	0.0738953 	-0.630442 	-1.54668 	0.626509 	
6.63	0.379409 	-0.176196 	0.0738791 	-0.628476 	-1.54662 	0.624539 	
6.635	0.3794 	-0.176197 	0.0738634 	-0.626548 	-1.54656 	0.622607 	
6.64	0.379392 	-0.176199 	0.0738483 	-0.624654 	-1.5465 	0.620709 	
6.645	0.379381 	-0.1762 	0.0738293 	-0.622156 	-1.54648 	0.618175 	
6.65	0.379369 	-0.176198 	0.0738107 	-0.621056 	-1.54644 	0.617065 	
6.655	0.379355 	-0.176194 	0.0737901 	-0.621316 	-1.54639 	0.617328 	
6.66	0.37934 	-0.17619 	0.0737701 	-0.622431 	-1.54635 	0.618444 	
6.665	0.379325 	-0.176187 	0.0737503 	-0.623708 	-1.54632 	0.619728 	
6.67	0.379308 	-0.176184 	0.0737301 	-0.625096 	-1.5463 	0.621122 	
6.675	0.379291 	-0.176181 	0.0737095 	-0.626509 	-1.54629 	0.622541 	
6.68	0.379273 	-0.176178 	0.0736892 	-0.627853 	-1.54629 	0.623893 	
6.685	0.379254 	-0.176174 	0.0736662 	-0.629175 	-1.54631 	0.625247 	
6.69	0.379232 	-0.176173 	0.0736406 	-0.630333 	-1.54634 	0.626424 	
6.695	0.379206 	-0.176168 	0.0736104 	-0.633046 	-1.54638 	0.629161 	
6.7	0.37918 	-0.176165 	0.0735833 	-0.635829 	-1.54641 	0.631952 	
6.705	0.379155 	-0.176161 	0.0735553 	-0.638714 	-1.54643 	0.634854 	
6.71	0.37913 	-0.176159 	0.07353 	-0.640768 	-1.54647 	0.6369 	
6.715	0.379108 	-0.176159 	0.0735051 	-0.641537 	-1.54653 	0.637655 	
6.72	0.379087 	-0.17616 	0.0734811 	-0.642076 	-1.5466 	0.63817 	
6.725	0.379067 	-0.17616 	0.0734581 	-0.642783 	-1.54665 	0.638845 	
6.73	0.379048 	-0.17616 	0.0734362 	-0.64338 	-1.54669 	0.639425 	
6.735	0.379031 	-0.17616 	0.0734142 	-0.644081 	-1.54671 	0.640108 	
6.74	0.379011 	-0.17616 	0.0733915 	-0.644788 	-1.54673 	0.640809 	
6.745	0.378999 	-0.176159 	0.0733758 	-0.644853 	-1.54673 	0.640875 	
6.75	0.378991 	-0.176161 	0.0733642 	-0.64398 	-1.5467 	0.639998 	
6.755	0.378985 	-0.176164 	0.0733527 	-0.642476 	-1.54666 	0.638488 	
6.76	0.378979 	-0.176166 	0.0733411 	-0.64081 	-1.54661 	0.636818 	
6.765	0.378973 	-0.176167 	0.0733294 	-0.639103 	-1.54656 	0.635107 	
6.77	0.378968 	-0.176169 	0.0733176 	-0.637383 	-1.54651 	0.633384 	
6.775	0.378962 	-0.17617 	0.0733056 	-0.635662 	-1.54645 	0.63166 	
6.78	0.378955 	-0.176171 	0.0732915 	-0.634068 	-1.5464 	0.630065 	
6.785	0.378948 	-0.176172 	0.0732776 	-0.632305 	-1.54635 	0.6283 	
6.79	0.378941 	-0.176173 	0.0732638 	-0.630513 	-1.54629 	0.626505 	
6.795	0.378934 	-0.176175 	0.0732502 	-0.628727 	-1.54623 	0.624714 	
6.8	0.378927 	-0.176176 	0.0732368 	-0.626953 	-1.54618 	0.622937 	
6.805	0.37892 	-0.176178 	0.0732234 	-0.625192 	-1.54612 	0.621172 	
6.81	0.378914 	-0.17618 	0.0732102 	-0.623445 	-1.54607 	0.619421 	
6.815	0.378906 	-0.176182 	0.0731963 	-0.621704 	-1.54602 	0.617676 	
6.82	0.378899 	-0.176183 	0.0731826 	-0.619951 	-1.54596 	0.615919 	
6.825	0.378892 	-0.176185 	0.073169 	-0.618207 	-1.54591 	0.61417 	
6.83	0.378885 	-0.176187 	0.0731555 	-0.616476 	-1.54585 	0.612434 	
6.835	0.378878 	-0.176189 	0.0731422 	-0.614759 	-1.54579 	0.610712 	
6.84	0.378872 	-0.176191 	0.0731289 	-0.613054 	-1.54574 	0.609002 	
6.845	0.378865 	-0.176193 	0.0731157 	-0.611361 	-1.54568 	0.607304 	
6.85	0.378858 	-0.176195 	0.0731026 	-0.609679 	-1.54563 	0.605617 	
6.855	0.378852 	-0.176197 	0.0730895 	-0.608007 	-1.54557 	0.60394 	
6.86	0.378845 	-0.176199 	0.0730765 	-0.606344 	-1.54552 	0.602272 	
6.865	0.378839 	-0.176202 	0.0730636 	-0.604691 	-1.54546 	0.600614 	
6.87	0.378832 	-0.176204 	0.0730506 	-0.603047 	-1.54541 	0.598964 	
6.875	0.378825 	-0.176206 	0.0730377 	-0.601411 	-1.54535 	0.597323 	
6.88	0.378819 	-0.176208 	0.0730248 	-0.599783 	-1.5453 	0.59569 	
6.885	0.378812 	-0.17621 	0.0730119 	-0.598162 	-1.54524 	0.594064 	
6.89	0.378806 	-0.176212 	0.072999 	-0.59655 	-1.54519 	0.592447 	
6.895	0.378799 	-0.176214 	0.0729862 	-0.594922 	-1.54513 	0.590813 	
6.9	0.378793 	-0.176216 	0.0729733 	-0.593318 	-1.54508 	0.589204 	
