0.0	0.333706	-0.17241	0.0336918	-0.369617	-1.57018	0.369649
0.005	0.332479	-0.183034	0.0339483	-2.5918	-1.56823	2.1216
0.01	0.333443	-0.178384	0.0337494	-0.652107	-1.57035	0.38925
0.015	0.333472	-0.178321	0.0337415	-0.648879	-1.56995	0.385544
0.02	0.333487	-0.178296	0.0337472	-0.618568	-1.57024	0.357167
0.025	0.333483	-0.178289	0.0337403	-0.614482	-1.56988	0.35365
0.03	0.333473	-0.178287	0.0337307	-0.614354	-1.56937	0.354012
0.035	0.333524	-0.178303	0.0337479	-0.623053	-1.57023	0.361266
0.04	0.333532	-0.178313	0.0337445	-0.627282	-1.57003	0.365207
0.045	0.333533	-0.178323	0.0337376	-0.628544	-1.56965	0.366273
0.05	0.33353	-0.178335	0.0337279	-0.628558	-1.56912	0.366165
0.055	0.333598	-0.178288	0.0337437	-0.618797	-1.56991	0.357796
0.06	0.333617	-0.17828	0.0337398	-0.616712	-1.56968	0.356212
0.065	0.333629	-0.178276	0.0337326	-0.616539	-1.56927	0.356476
0.07	0.333637	-0.178276	0.0337227	-0.61696	-1.56872	0.357281
0.075	0.3337	-0.178297	0.0337377	-0.620483	-1.56945	0.359249
0.08	0.333724	-0.178308	0.0337335	-0.62252	-1.56919	0.36092
0.085	0.333742	-0.17832	0.0337261	-0.623857	-1.56876	0.362
0.09	0.333757	-0.178333	0.0337161	-0.624607	-1.56818	0.362579
0.095	0.333841	-0.178271	0.0337297	-0.61712	-1.56884	0.357218
0.1	0.333877	-0.178258	0.0337251	-0.615688	-1.56855	0.356531
0.105	0.333907	-0.17825	0.0337174	-0.615206	-1.56809	0.356681
0.11	0.333959	-0.178281	0.033721	-0.617316	-1.56822	0.357192
0.115	0.333991	-0.178294	0.0337138	-0.618393	-1.56777	0.357975
0.12	0.334019	-0.178306	0.033704	-0.619333	-1.5672	0.358716
0.125	0.334045	-0.178319	0.0336923	-0.620071	-1.56651	0.35933
0.13	0.334164	-0.178252	0.0337133	-0.614387	-1.56754	0.355696
0.135	0.334221	-0.178237	0.0337109	-0.613237	-1.56734	0.355282
0.14	0.334271	-0.178227	0.033705	-0.612797	-1.56696	0.355465
0.145	0.334317	-0.178222	0.0336964	-0.612774	-1.56643	0.355975
0.15	0.334376	-0.178262	0.0336958	-0.613373	-1.56631	0.354721
0.155	0.334421	-0.178279	0.0336869	-0.614114	-1.56576	0.355042
0.16	0.334464	-0.178294	0.033676	-0.614913	-1.56509	0.355541
0.165	0.334576	-0.178232	0.0336876	-0.610908	-1.56561	0.353775
0.17	0.334642	-0.178219	0.0336822	-0.610316	-1.56524	0.353922
0.175	0.334702	-0.178211	0.0336741	-0.610133	-1.56472	0.354365
0.18	0.334759	-0.178208	0.0336637	-0.610182	-1.56407	0.354949
0.185	0.334853	-0.178232	0.0336707	-0.608377	-1.56433	0.351653
0.19	0.33492	-0.178243	0.033664	-0.608352	-1.56388	0.351339
0.195	0.334984	-0.178254	0.0336548	-0.608676	-1.56329	0.351466
0.2	0.335086	-0.178205	0.0336567	-0.606244	-1.56328	0.351094
0.205	0.335161	-0.178195	0.0336487	-0.605949	-1.56275	0.351512
0.21	0.335232	-0.178189	0.0336386	-0.605934	-1.5621	0.352101
0.215	0.3353	-0.178187	0.0336268	-0.606079	-1.56136	0.352763
0.22	0.335426	-0.178196	0.0336396	-0.602733	-1.56192	0.348315
0.225	0.335514	-0.178202	0.0336346	-0.602148	-1.56153	0.347571
0.23	0.335597	-0.17821	0.0336269	-0.602054	-1.561	0.347386
0.235	0.335677	-0.178218	0.0336171	-0.602294	-1.56035	0.347588
0.24	0.33579	-0.178161	0.0336156	-0.599609	-1.56015	0.347407
0.245	0.335879	-0.178148	0.0336063	-0.599151	-1.55952	0.347876
0.25	0.335965	-0.178139	0.0335953	-0.598999	-1.5588	0.348499
0.255	0.336087	-0.178159	0.0336001	-0.596812	-1.55892	0.345062
0.26	0.336183	-0.178166	0.0335927	-0.596496	-1.55839	0.344626
0.265	0.336277	-0.178174	0.0335833	-0.596556	-1.55774	0.344626
0.27	0.336368	-0.178183	0.0335722	-0.596866	-1.557	0.344922
0.275	0.33651	-0.178119	0.0335759	-0.592599	-1.55707	0.343204
0.28	0.336618	-0.178103	0.0335682	-0.59165	-1.55652	0.343206
0.285	0.336723	-0.178092	0.0335585	-0.591162	-1.55585	0.343513
0.29	0.336825	-0.178086	0.0335473	-0.590999	-1.55509	0.34402
0.295	0.336957	-0.178113	0.03355	-0.58876	-1.55509	0.340248
0.3	0.337068	-0.178124	0.033542	-0.58841	-1.55449	0.339641
0.305	0.337177	-0.178134	0.0335321	-0.588441	-1.5538	0.339501
0.31	0.337315	-0.178076	0.0335286	-0.585282	-1.55347	0.338961
0.315	0.337433	-0.178063	0.0335189	-0.584588	-1.55279	0.339187
0.32	0.337548	-0.178054	0.0335078	-0.584275	-1.55202	0.339643
0.325	0.337662	-0.17805	0.0334956	-0.584232	-1.55118	0.34025
0.33	0.337775	-0.178048	0.0334825	-0.584375	-1.5503	0.340946
0.335	0.337954	-0.178053	0.0334962	-0.578773	-1.5509	0.334146
0.34	0.33809	-0.178057	0.0334916	-0.577325	-1.55048	0.332519
0.345	0.338223	-0.178063	0.0334846	-0.576525	-1.54993	0.331609
0.35	0.338342	-0.17802	0.0334675	-0.576027	-1.54882	0.33377
0.355	0.338466	-0.178009	0.0334541	-0.575888	-1.54791	0.334586
0.36	0.33859	-0.178003	0.0334403	-0.575963	-1.54697	0.335458
0.365	0.338714	-0.178001	0.0334259	-0.576186	-1.54599	0.336353
0.37	0.338914	-0.177995	0.0334416	-0.569677	-1.54672	0.328941
0.375	0.339067	-0.177995	0.0334375	-0.567914	-1.54631	0.327145
0.38	0.339215	-0.177997	0.033431	-0.566849	-1.54576	0.326088
0.385	0.339336	-0.177965	0.03341	-0.566818	-1.54442	0.328412
0.39	0.33947	-0.177957	0.0333956	-0.566746	-1.54343	0.329229
0.395	0.339605	-0.177953	0.033381	-0.566879	-1.54243	0.330105
0.4	0.339741	-0.177952	0.0333663	-0.567155	-1.5414	0.33101
0.405	0.339878	-0.177954	0.0333514	-0.567529	-1.54037	0.331921
0.41	0.340121	-0.177921	0.0333758	-0.557621	-1.54162	0.32165
0.415	0.340298	-0.177913	0.0333748	-0.554647	-1.54138	0.318786
0.42	0.340469	-0.177909	0.0333709	-0.552621	-1.54098	0.316881
0.425	0.340568	-0.177897	0.0333371	-0.555732	-1.53886	0.322167
0.43	0.340708	-0.177895	0.0333193	-0.556333	-1.53765	0.323631
0.435	0.340851	-0.177895	0.0333021	-0.556955	-1.53647	0.324977
0.44	0.340996	-0.177898	0.0332854	-0.557587	-1.5353	0.326222
0.445	0.341256	-0.177854	0.0333103	-0.547076	-1.53662	0.315681
0.45	0.341445	-0.177842	0.033309	-0.543977	-1.53636	0.312837
0.455	0.341629	-0.177836	0.033305	-0.541836	-1.53593	0.310933
0.46	0.341737	-0.177832	0.0332701	-0.544818	-1.53373	0.31579
0.465	0.341888	-0.177832	0.0332521	-0.54536	-1.53248	0.31713
0.47	0.342042	-0.177834	0.0332348	-0.545953	-1.53127	0.318394
0.475	0.342199	-0.177837	0.0332182	-0.546579	-1.53008	0.31959
0.48	0.342467	-0.177783	0.0332405	-0.535742	-1.53128	0.309208
0.485	0.342668	-0.177768	0.0332384	-0.53253	-1.53097	0.306409
0.49	0.342864	-0.177758	0.0332339	-0.530289	-1.53051	0.30453
0.495	0.34298	-0.177762	0.0331989	-0.533225	-1.52826	0.309036
0.5	0.343143	-0.177764	0.0331808	-0.533735	-1.52699	0.310281
0.505	0.343308	-0.177767	0.0331637	-0.534317	-1.52575	0.311482
0.51	0.343477	-0.177772	0.0331472	-0.534947	-1.52455	0.312639
0.515	0.343752	-0.177707	0.0331663	-0.523695	-1.52561	0.302308
0.52	0.343963	-0.177689	0.0331633	-0.520343	-1.52525	0.299517
0.525	0.344169	-0.177677	0.0331582	-0.517983	-1.52475	0.297639
0.53	0.344372	-0.17767	0.0331515	-0.516415	-1.52414	0.296489
0.535	0.344481	-0.17768	0.0331094	-0.519649	-1.52144	0.301441
0.54	0.344647	-0.177684	0.0330883	-0.520452	-1.51996	0.303049
0.545	0.344818	-0.17769	0.0330687	-0.521245	-1.51856	0.304518
0.55	0.345103	-0.177633	0.0330871	-0.511733	-1.51956	0.295644
0.555	0.345321	-0.177619	0.0330829	-0.509055	-1.51911	0.29348
0.56	0.345536	-0.177609	0.033077	-0.507214	-1.51854	0.292082
0.565	0.345747	-0.177604	0.0330696	-0.506036	-1.51787	0.291291
0.57	0.345877	-0.177596	0.0330305	-0.505965	-1.51538	0.293305
0.575	0.346056	-0.177595	0.0330103	-0.505832	-1.51396	0.294096
0.58	0.346241	-0.177597	0.0329917	-0.505926	-1.5126	0.29496
0.585	0.34643	-0.177601	0.0329743	-0.506192	-1.51131	0.295874
0.59	0.346739	-0.177537	0.0329964	-0.496124	-1.51258	0.286375
0.595	0.346976	-0.17752	0.0329945	-0.493035	-1.51226	0.283765
0.6	0.347208	-0.177509	0.0329905	-0.490862	-1.5118	0.282006
0.605	0.347335	-0.177514	0.0329482	-0.492372	-1.50905	0.285354
0.61	0.347524	-0.177516	0.0329282	-0.49244	-1.5076	0.286267
0.615	0.347719	-0.177519	0.0329098	-0.492694	-1.50624	0.287229
0.62	0.347918	-0.177525	0.0328928	-0.493089	-1.50494	0.288221
0.625	0.348227	-0.17745	0.03291	-0.482064	-1.50599	0.278283
0.63	0.34847	-0.177429	0.0329066	-0.478691	-1.50559	0.275553
0.635	0.34871	-0.177415	0.0329015	-0.47629	-1.50507	0.273698
0.64	0.34885	-0.177429	0.0328619	-0.478335	-1.50241	0.277213
0.645	0.34905	-0.177433	0.0328426	-0.478516	-1.50098	0.278153
0.65	0.349254	-0.177438	0.0328249	-0.478863	-1.49963	0.279139
0.655	0.349463	-0.177446	0.0328085	-0.479336	-1.49834	0.280153
0.66	0.34977	-0.17736	0.0328204	-0.467486	-1.49915	0.269884
0.665	0.35002	-0.177336	0.0328155	-0.463857	-1.49868	0.267054
0.67	0.350265	-0.177319	0.0328092	-0.46125	-1.49809	0.265117
0.675	0.350508	-0.177309	0.0328019	-0.459458	-1.49742	0.263891
0.68	0.350637	-0.177331	0.0327562	-0.462132	-1.49433	0.268077
0.685	0.350837	-0.17734	0.0327341	-0.462711	-1.49269	0.269438
0.69	0.351044	-0.177349	0.0327142	-0.463357	-1.49118	0.270739
0.695	0.351363	-0.177273	0.0327276	-0.45325	-1.49205	0.26187
0.7	0.351619	-0.177253	0.0327222	-0.450292	-1.49152	0.259629
0.705	0.351871	-0.177241	0.0327156	-0.448209	-1.49089	0.25815
0.71	0.352121	-0.177234	0.0327081	-0.44682	-1.49019	0.257274
0.715	0.352263	-0.177234	0.0326635	-0.446287	-1.48724	0.258717
0.72	0.352473	-0.177236	0.0326419	-0.445935	-1.48564	0.259291
0.725	0.352689	-0.17724	0.0326225	-0.445868	-1.48417	0.259995
0.73	0.353005	-0.177182	0.032633	-0.438324	-1.48479	0.253355
0.735	0.353265	-0.177167	0.0326268	-0.436015	-1.48419	0.251685
0.74	0.353523	-0.177159	0.0326196	-0.43444	-1.48351	0.25065
0.745	0.353701	-0.177148	0.0325851	-0.432486	-1.48119	0.250471
0.75	0.353928	-0.177146	0.0325672	-0.431601	-1.47983	0.250451
0.755	0.354159	-0.177148	0.0325508	-0.431131	-1.47854	0.250702
0.76	0.354394	-0.177152	0.0325357	-0.430983	-1.4773	0.25116
0.765	0.354633	-0.177159	0.0325215	-0.431085	-1.47612	0.251775
0.77	0.354937	-0.177061	0.0325226	-0.419117	-1.47638	0.241959
0.775	0.355203	-0.177034	0.032515	-0.415315	-1.47576	0.239146
0.78	0.355467	-0.177015	0.0325069	-0.41256	-1.47507	0.237212
0.785	0.355729	-0.177004	0.0324983	-0.410637	-1.47431	0.235974
0.79	0.355884	-0.177034	0.0324566	-0.41321	-1.47132	0.239697
0.795	0.356106	-0.177046	0.0324358	-0.413732	-1.4697	0.240912
0.8	0.356336	-0.177059	0.0324172	-0.41435	-1.4682	0.242112
0.805	0.356659	-0.176968	0.0324227	-0.403732	-1.46871	0.233278
0.81	0.356931	-0.176946	0.0324152	-0.400578	-1.46808	0.231006
0.815	0.3572	-0.176931	0.0324072	-0.398329	-1.46737	0.229492
0.82	0.357468	-0.176924	0.0323988	-0.3968	-1.46661	0.228577
0.825	0.357629	-0.176929	0.0323566	-0.396235	-1.46368	0.229699
0.83	0.357857	-0.176933	0.0323358	-0.395829	-1.46208	0.230151
0.835	0.358093	-0.176941	0.0323172	-0.395726	-1.46061	0.230762
0.84	0.358415	-0.176871	0.0323218	-0.387756	-1.46097	0.224145
0.845	0.35869	-0.176855	0.032314	-0.385276	-1.46029	0.22244
0.85	0.358963	-0.176846	0.0323059	-0.383557	-1.45955	0.221369
0.855	0.359234	-0.176842	0.0322974	-0.382441	-1.45877	0.220798
0.86	0.359401	-0.176822	0.032255	-0.379122	-1.45591	0.21966
0.865	0.359634	-0.17682	0.0322342	-0.377916	-1.45434	0.219463
0.87	0.359874	-0.176822	0.0322156	-0.377191	-1.45288	0.219571
0.875	0.36012	-0.176828	0.0321989	-0.376841	-1.45153	0.219914
0.88	0.360461	-0.176752	0.0322071	-0.368496	-1.45218	0.212867
0.885	0.360748	-0.176733	0.0322014	-0.365785	-1.45164	0.210902
0.89	0.361031	-0.176722	0.0321949	-0.363879	-1.45103	0.20962
0.895	0.361199	-0.176722	0.0321536	-0.362566	-1.44811	0.210071
0.9	0.361437	-0.176724	0.0321339	-0.361776	-1.44658	0.210169
0.905	0.361683	-0.17673	0.0321163	-0.361377	-1.44516	0.210506
0.91	0.361933	-0.176739	0.0321004	-0.361284	-1.44383	0.211026
0.915	0.362261	-0.176646	0.0321022	-0.351328	-1.44418	0.202914
0.92	0.362545	-0.176622	0.0320945	-0.348143	-1.44355	0.200641
0.925	0.362827	-0.176608	0.0320865	-0.34586	-1.44286	0.199114
0.93	0.363011	-0.176621	0.0320506	-0.345873	-1.44019	0.200429
0.935	0.363256	-0.176626	0.0320323	-0.345411	-1.43873	0.200736
0.94	0.363506	-0.176636	0.0320159	-0.34527	-1.43737	0.201235
0.945	0.363762	-0.176648	0.0320009	-0.34538	-1.43609	0.201883
0.95	0.364075	-0.176539	0.0319967	-0.334076	-1.43613	0.19292
0.955	0.364356	-0.176511	0.0319873	-0.330492	-1.43541	0.190395
0.96	0.364637	-0.176493	0.0319779	-0.327892	-1.43465	0.188669
0.965	0.364916	-0.176484	0.0319685	-0.326075	-1.43386	0.187576
0.97	0.365086	-0.176508	0.0319296	-0.326954	-1.4309	0.189652
0.975	0.365326	-0.17652	0.0319097	-0.326945	-1.42929	0.190361
0.98	0.365573	-0.176534	0.0318921	-0.327157	-1.42782	0.191172
0.985	0.365898	-0.17644	0.0318917	-0.317632	-1.42806	0.183562
0.99	0.366182	-0.176419	0.0318827	-0.314704	-1.42735	0.181563
0.995	0.366464	-0.176407	0.0318736	-0.31262	-1.42659	0.180247
1.0	0.366744	-0.176402	0.0318646	-0.311208	-1.42581	0.179473
1.005	0.366914	-0.176397	0.0318245	-0.309266	-1.42288	0.179277
1.01	0.367153	-0.176401	0.0318044	-0.308426	-1.42129	0.179318
1.015	0.367401	-0.176409	0.0317866	-0.307986	-1.41984	0.179607
1.02	0.367654	-0.17642	0.0317706	-0.30786	-1.41849	0.180088
1.025	0.367995	-0.176316	0.0317737	-0.297758	-1.41904	0.17192
1.03	0.368287	-0.17629	0.0317666	-0.294495	-1.41849	0.169594
1.035	0.368575	-0.176275	0.031759	-0.292142	-1.41786	0.168015
1.04	0.368745	-0.176294	0.0317211	-0.292333	-1.41493	0.16946
1.045	0.368988	-0.176303	0.0317023	-0.291905	-1.41341	0.169786
1.05	0.369237	-0.176315	0.0316855	-0.29179	-1.41201	0.170297
1.055	0.369548	-0.176234	0.0316813	-0.2838	-1.41194	0.164082
1.06	0.369827	-0.176217	0.0316713	-0.281292	-1.41115	0.162462
1.065	0.370105	-0.176209	0.0316614	-0.27954	-1.41035	0.161441
1.07	0.370383	-0.176208	0.0316517	-0.278385	-1.40952	0.160895
1.075	0.370564	-0.176185	0.0316161	-0.274862	-1.40691	0.159263
1.08	0.370807	-0.176184	0.0315974	-0.273562	-1.40543	0.158884
1.085	0.371056	-0.176189	0.0315806	-0.27276	-1.40407	0.158841
1.09	0.37131	-0.176198	0.0315654	-0.272351	-1.4028	0.159061
1.095	0.37163	-0.176112	0.0315638	-0.264194	-1.40295	0.152638
1.1	0.371913	-0.176093	0.0315553	-0.261517	-1.4023	0.150833
1.105	0.372194	-0.176084	0.0315465	-0.259627	-1.4016	0.149661
1.11	0.372474	-0.176082	0.0315377	-0.258363	-1.40086	0.148994
1.115	0.372623	-0.176069	0.0314961	-0.255769	-1.3977	0.148308
1.12	0.372855	-0.176073	0.0314756	-0.25475	-1.39606	0.148211
1.125	0.373094	-0.176081	0.0314573	-0.254168	-1.39457	0.148386
1.13	0.373428	-0.176015	0.03146	-0.247822	-1.39499	0.143278
1.135	0.37371	-0.176002	0.0314519	-0.245719	-1.39436	0.141914
1.14	0.373989	-0.175999	0.0314436	-0.244282	-1.39368	0.14109
1.145	0.37417	-0.175978	0.0314108	-0.241171	-1.39117	0.139716
1.15	0.374411	-0.175978	0.0313935	-0.239913	-1.38979	0.139323
1.155	0.374658	-0.175983	0.0313778	-0.239144	-1.38852	0.139266
1.16	0.374909	-0.175994	0.0313635	-0.23876	-1.38732	0.139473
1.165	0.375205	-0.175908	0.0313571	-0.230801	-1.38713	0.133367
1.17	0.375477	-0.17589	0.0313471	-0.228201	-1.38639	0.131665
1.175	0.375747	-0.175881	0.0313373	-0.22637	-1.38562	0.130573
1.18	0.376017	-0.17588	0.0313275	-0.22515	-1.38484	0.129963
1.185	0.376183	-0.175866	0.0312936	-0.222553	-1.38217	0.129042
1.19	0.376415	-0.175869	0.0312753	-0.221547	-1.3807	0.128876
1.195	0.376653	-0.175878	0.0312589	-0.220975	-1.37935	0.128996
1.2	0.376896	-0.175891	0.031244	-0.220746	-1.37811	0.12934
1.205	0.377213	-0.17579	0.0312434	-0.211876	-1.37844	0.12233
1.21	0.377488	-0.175768	0.0312353	-0.209001	-1.37787	0.120347
1.215	0.37776	-0.175756	0.0312268	-0.206948	-1.37725	0.119027
1.22	0.377925	-0.175769	0.031195	-0.206488	-1.37462	0.119743
1.225	0.378155	-0.175778	0.031178	-0.205935	-1.37322	0.119896
1.23	0.378391	-0.175792	0.0311625	-0.205722	-1.37193	0.120265
1.235	0.378679	-0.175713	0.0311567	-0.19862	-1.37177	0.114844
1.24	0.378939	-0.175699	0.0311465	-0.196378	-1.37101	0.113433
1.245	0.379198	-0.175694	0.0311364	-0.194829	-1.37024	0.112566
1.25	0.379456	-0.175696	0.0311264	-0.19383	-1.36946	0.112131
1.255	0.379626	-0.175666	0.0310969	-0.190153	-1.36711	0.110214
1.26	0.379852	-0.175665	0.0310801	-0.188846	-1.36576	0.109757
1.265	0.380082	-0.175671	0.0310648	-0.188035	-1.36452	0.109645
1.27	0.380317	-0.175682	0.0310507	-0.187618	-1.36336	0.109803
1.275	0.38061	-0.1756	0.0310474	-0.180469	-1.36342	0.104264
1.28	0.380869	-0.175584	0.0310386	-0.178134	-1.3628	0.102729
1.285	0.381126	-0.175578	0.0310295	-0.176508	-1.36213	0.101761
1.29	0.38138	-0.17558	0.0310203	-0.175447	-1.36144	0.101243
1.295	0.381519	-0.175559	0.0309869	-0.172589	-1.35865	0.100125
1.3	0.381729	-0.175562	0.0309689	-0.171543	-1.35718	0.0999148
1.305	0.381946	-0.175571	0.0309527	-0.170938	-1.35585	0.0999945
1.31	0.382168	-0.175585	0.0309378	-0.170682	-1.35462	0.100302
1.315	0.382487	-0.175491	0.0309414	-0.162824	-1.35533	0.0939689
1.32	0.382748	-0.175471	0.0309347	-0.160285	-1.35492	0.0921957
1.325	0.383005	-0.175463	0.0309273	-0.158495	-1.35443	0.0910335
1.33	0.383137	-0.17547	0.0308954	-0.157695	-1.35165	0.0915075
1.335	0.383344	-0.175479	0.0308786	-0.157113	-1.35026	0.0916232
1.34	0.383556	-0.175492	0.0308633	-0.156875	-1.34899	0.0919587
1.345	0.383837	-0.175419	0.0308609	-0.150533	-1.34912	0.0870306
1.35	0.38408	-0.175407	0.0308518	-0.148542	-1.34849	0.0857681
1.355	0.38432	-0.175404	0.0308426	-0.147188	-1.34782	0.0850116
1.36	0.384558	-0.175409	0.0308333	-0.146341	-1.34714	0.0846573
1.365	0.3847	-0.175375	0.0308054	-0.142698	-1.34476	0.0827571
1.37	0.384901	-0.175374	0.0307894	-0.14145	-1.34345	0.0823251
1.375	0.385106	-0.17538	0.0307746	-0.140685	-1.34225	0.082227
1.38	0.385316	-0.175391	0.0307609	-0.140302	-1.34113	0.0823916
1.385	0.385601	-0.175316	0.0307614	-0.13399	-1.34154	0.0773807
1.39	0.385841	-0.175303	0.0307539	-0.131954	-1.34106	0.0760212
1.395	0.386077	-0.1753	0.0307459	-0.130562	-1.34052	0.0751845
1.4	0.386309	-0.175304	0.0307375	-0.129684	-1.33994	0.0747646
1.405	0.386413	-0.175278	0.0307056	-0.126767	-1.33708	0.0736146
1.41	0.386595	-0.175281	0.0306884	-0.125762	-1.33563	0.0734187
1.415	0.386784	-0.175289	0.0306727	-0.125187	-1.33432	0.0735049
1.42	0.387075	-0.175237	0.030676	-0.120544	-1.33499	0.0696895
1.425	0.387306	-0.175231	0.0306688	-0.119028	-1.33454	0.0687216
1.43	0.387533	-0.175233	0.0306611	-0.118049	-1.33403	0.0681943
1.435	0.387665	-0.175205	0.0306366	-0.115061	-1.33185	0.066734
1.44	0.387852	-0.175206	0.0306223	-0.113994	-1.33067	0.0663886
1.445	0.388043	-0.175213	0.0306089	-0.113371	-1.32958	0.0663557
1.45	0.388236	-0.175226	0.0305962	-0.1131	-1.32856	0.0665692
1.455	0.38843	-0.175243	0.0305842	-0.113108	-1.3276	0.0669769
1.46	0.388689	-0.175131	0.0305839	-0.104548	-1.32797	0.0602243
1.465	0.388907	-0.175106	0.0305768	-0.10185	-1.32754	0.058328
1.47	0.389121	-0.175094	0.0305691	-0.0999287	-1.32704	0.0570599
1.475	0.389331	-0.17509	0.0305609	-0.0986283	-1.3265	0.0562934
1.48	0.389426	-0.175117	0.0305332	-0.099392	-1.32386	0.0579152
1.485	0.389589	-0.175136	0.0305175	-0.099524	-1.32252	0.0585582
1.49	0.389758	-0.175157	0.0305032	-0.0998498	-1.32129	0.059304
1.495	0.390025	-0.175061	0.0305063	-0.0925217	-1.32201	0.0533914
1.5	0.390233	-0.175044	0.0304996	-0.0903702	-1.32161	0.0519082
1.505	0.390437	-0.175038	0.0304922	-0.0888834	-1.32115	0.0509668
1.51	0.390636	-0.175039	0.0304844	-0.0879275	-1.32064	0.0504579
1.515	0.390727	-0.175036	0.0304589	-0.0867983	-1.31818	0.0505233
1.52	0.390882	-0.175045	0.0304442	-0.0863881	-1.31692	0.0507118
1.525	0.391041	-0.175059	0.0304306	-0.0862844	-1.31577	0.0510975
1.53	0.391293	-0.174993	0.0304332	-0.0809693	-1.31641	0.0467758
1.535	0.391489	-0.174984	0.0304266	-0.079378	-1.31601	0.0457261
1.54	0.39168	-0.174984	0.0304193	-0.078337	-1.31556	0.0451283
1.545	0.391867	-0.17499	0.0304115	-0.0777351	-1.31505	0.0448909
1.55	0.391955	-0.17496	0.0303888	-0.0749574	-1.31283	0.0435842
1.555	0.392101	-0.174961	0.0303753	-0.0740925	-1.31165	0.0433859
1.56	0.39225	-0.174969	0.0303625	-0.0736283	-1.31057	0.0434644
1.565	0.392402	-0.174982	0.0303505	-0.0734815	-1.30956	0.0437612
1.57	0.392661	-0.174914	0.0303565	-0.0681559	-1.31059	0.0392797
1.575	0.392852	-0.174904	0.0303516	-0.0665407	-1.31039	0.0381353
1.58	0.393036	-0.174902	0.0303458	-0.0654793	-1.31009	0.0374594
1.585	0.393214	-0.174907	0.0303393	-0.0648608	-1.30971	0.0371583
1.59	0.393256	-0.174887	0.0303126	-0.0628718	-1.30693	0.0366731
1.595	0.393377	-0.174892	0.0302981	-0.0622764	-1.3056	0.0367378
1.6	0.393504	-0.174901	0.0302846	-0.0620245	-1.3044	0.0370224
1.605	0.393762	-0.174855	0.0302922	-0.0581239	-1.30564	0.0335635
1.61	0.39394	-0.174851	0.0302875	-0.0569765	-1.30546	0.0327759
1.615	0.394111	-0.174855	0.0302818	-0.0562877	-1.30517	0.0323831
1.62	0.394275	-0.174864	0.0302754	-0.0559654	-1.3048	0.0323058
1.625	0.394318	-0.174822	0.0302524	-0.0526574	-1.30233	0.030679
1.63	0.394431	-0.174819	0.0302393	-0.0517028	-1.30112	0.0304207
1.635	0.394548	-0.174823	0.030227	-0.051166	-1.30002	0.0304489
1.64	0.394784	-0.1748	0.030233	-0.0487772	-1.30111	0.0282113
1.645	0.394946	-0.174802	0.0302282	-0.0480653	-1.3009	0.027765
1.65	0.395102	-0.17481	0.0302225	-0.0477235	-1.3006	0.0276432
1.655	0.395251	-0.174823	0.0302161	-0.0476772	-1.30023	0.0277804
1.66	0.395297	-0.174762	0.030197	-0.0432763	-1.2981	0.0251788
1.665	0.395401	-0.174753	0.0301853	-0.0420333	-1.29701	0.0246515
1.67	0.395508	-0.174752	0.0301743	-0.0412676	-1.296	0.0244654
1.675	0.395617	-0.174758	0.0301637	-0.0408804	-1.29506	0.0245489
1.68	0.39586	-0.174741	0.0301731	-0.0389326	-1.2966	0.0224681
1.685	0.396017	-0.174746	0.0301701	-0.038428	-1.29661	0.0220933
1.69	0.396165	-0.174756	0.030166	-0.0382513	-1.29649	0.0220272
1.695	0.39619	-0.174715	0.0301464	-0.0352223	-1.29425	0.0205477
1.7	0.396282	-0.174712	0.0301354	-0.0344151	-1.29322	0.0203403
1.705	0.396376	-0.174716	0.0301251	-0.0339951	-1.29226	0.0204066
1.71	0.39647	-0.174725	0.0301151	-0.0338823	-1.29135	0.0206894
1.715	0.396697	-0.174689	0.0301247	-0.0308172	-1.29289	0.0177231
1.72	0.396839	-0.174688	0.0301222	-0.0300116	-1.29292	0.017102
1.725	0.396971	-0.174692	0.0301184	-0.029594	-1.29281	0.016838
1.73	0.396991	-0.174672	0.0301005	-0.0279384	-1.29075	0.0163662
1.735	0.397071	-0.174675	0.0300904	-0.0275291	-1.28979	0.0164411
1.74	0.397152	-0.174683	0.0300808	-0.0274252	-1.28889	0.0167304
1.745	0.397234	-0.174694	0.0300715	-0.0275635	-1.28803	0.0171892
1.75	0.397445	-0.174642	0.0300816	-0.0235971	-1.28958	0.0135029
1.755	0.397571	-0.174636	0.0300797	-0.022559	-1.28964	0.0126861
1.76	0.397688	-0.174636	0.0300765	-0.0219551	-1.28955	0.0122648
1.765	0.397796	-0.174642	0.0300723	-0.0216991	-1.28934	0.0121604
1.77	0.397784	-0.174628	0.0300531	-0.020587	-1.28704	0.0122139
1.775	0.397838	-0.174633	0.0300426	-0.0204245	-1.28596	0.0125274
1.78	0.397895	-0.174643	0.0300327	-0.0205155	-1.28497	0.0130044
1.785	0.398095	-0.174608	0.0300431	-0.0177023	-1.2866	0.0101767
1.79	0.398204	-0.174607	0.0300411	-0.0170578	-1.28664	0.00967166
1.795	0.398303	-0.174611	0.030038	-0.0167682	-1.28654	0.0094986
1.8	0.398394	-0.17462	0.030034	-0.0167624	-1.28632	0.00959121
1.805	0.398477	-0.174632	0.0300293	-0.0169831	-1.28602	0.00989579
1.81	0.398463	-0.174581	0.0300143	-0.0137404	-1.28405	0.00815801
1.815	0.398502	-0.174574	0.0300052	-0.0129957	-1.28305	0.00798525
1.82	0.398542	-0.174574	0.0299965	-0.0126241	-1.28212	0.00807602
1.825	0.398728	-0.174578	0.0300066	-0.0121222	-1.28382	0.00701308
1.83	0.398821	-0.174586	0.030005	-0.0121356	-1.28391	0.00699815
1.835	0.398903	-0.174598	0.0300024	-0.0123715	-1.28385	0.00721609
1.84	0.398976	-0.174612	0.0299989	-0.012785	-1.28367	0.00761996
1.845	0.398961	-0.17455	0.0299869	-0.00897787	-1.28199	0.00532629
1.85	0.398991	-0.17454	0.0299795	-0.00810148	-1.28115	0.00499117
1.855	0.399021	-0.174537	0.0299722	-0.00762547	-1.28034	0.00495257
1.86	0.399175	-0.174554	0.0299802	-0.00803266	-1.28178	0.00469469
1.865	0.399248	-0.174566	0.0299785	-0.00833258	-1.28182	0.00491998
1.87	0.39931	-0.174579	0.0299759	-0.00879707	-1.28172	0.0053292
1.875	0.399364	-0.174595	0.0299724	-0.0093925	-1.28151	0.00588488
1.88	0.399361	-0.174526	0.029965	-0.00516127	-1.28035	0.00305593
1.885	0.399383	-0.174513	0.0299593	-0.00419817	-1.27968	0.00258341
1.89	0.399403	-0.174507	0.0299535	-0.00365327	-1.27901	0.00243507
1.895	0.399524	-0.174535	0.0299595	-0.00483626	-1.28017	0.0028868
1.9	0.399577	-0.17455	0.0299577	-0.00538757	-1.28016	0.0033251
1.905	0.39962	-0.174565	0.0299551	-0.00605255	-1.28003	0.00390387
1.91	0.399654	-0.174582	0.0299519	-0.00680749	-1.27979	0.00459405
1.915	0.399682	-0.174599	0.0299481	-0.00763324	-1.27947	0.00537224
1.92	0.399695	-0.174497	0.029947	-0.00151009	-1.27899	0.000793769
1.925	0.399709	-0.174473	0.0299436	4.31521e-05	-1.27852	-0.000221454
1.93	0.399718	-0.174458	0.0299398	0.00105836	-1.27801	-0.000802453
1.935	0.399802	-0.174526	0.0299427	-0.00257514	-1.27888	0.00167574
1.94	0.399832	-0.17455	0.0299407	-0.00383062	-1.27882	0.00268062
1.945	0.399853	-0.174573	0.0299381	-0.00505769	-1.27865	0.00371127
1.95	0.399866	-0.174596	0.0299349	-0.00626054	-1.27838	0.00476109
1.955	0.399883	-0.174487	0.0299372	0.000186497	-1.27828	-0.000226126
1.96	0.399887	-0.174462	0.0299354	0.0017235	-1.27797	-0.00129307
1.965	0.399885	-0.174445	0.0299329	0.00272621	-1.27759	-0.00191607
1.97	0.399938	-0.174518	0.0299343	-0.00129515	-1.27821	0.000961633
1.975	0.399948	-0.174543	0.0299324	-0.00269238	-1.27811	0.00209284
1.98	0.399949	-0.174566	0.02993	-0.00403221	-1.27791	0.00322381
1.985	0.399942	-0.174589	0.029927	-0.00532456	-1.27761	0.00435305
1.99	0.399969	-0.174482	0.0299331	0.000958172	-1.27801	-0.000709935
1.995	0.399965	-0.174458	0.0299328	0.00240795	-1.27786	-0.00177879
2.0	0.399953	-0.174441	0.0299317	0.00334152	-1.27762	-0.00240404
2.005	0.399934	-0.174431	0.0299298	0.00386224	-1.2773	-0.00267457
2.01	0.399978	-0.174525	0.0299303	-0.00150586	-1.27805	0.00118753
2.015	0.39998	-0.17456	0.0299251	-0.0035546	-1.27802	0.00279547
2.02	0.399976	-0.174592	0.0299176	-0.00541541	-1.27787	0.00430766
2.025	0.39997	-0.174488	0.0299127	0.000668065	-1.2777	-0.000455426
2.03	0.399959	-0.174467	0.0299025	0.00184322	-1.2774	-0.0012797
2.035	0.399946	-0.174454	0.0298899	0.00255748	-1.27704	-0.00170964
2.04	0.399931	-0.174447	0.0298752	0.00290374	-1.27662	-0.00182488
2.045	0.39998	-0.174521	0.0298634	-0.00122238	-1.27728	0.00093646
2.05	0.399987	-0.17455	0.0298464	-0.00288934	-1.27718	0.00220596
2.055	0.399988	-0.174576	0.029827	-0.0044441	-1.27698	0.00344674
2.06	0.399968	-0.174491	0.0298072	0.000486422	-1.2764	-0.00029451
2.065	0.399957	-0.174475	0.0297843	0.00136089	-1.27594	-0.000852359
2.07	0.399945	-0.174465	0.0297592	0.00183619	-1.27544	-0.00107071
2.075	0.399932	-0.174462	0.0297323	0.00199336	-1.27492	-0.00101872
2.08	0.39992	-0.174462	0.0297034	0.00189726	-1.27437	-0.000751726
2.085	0.399986	-0.17452	0.0296802	-0.00113133	-1.27517	0.000767823
2.09	0.400003	-0.174546	0.0296504	-0.00256281	-1.27508	0.00172917
2.095	0.400014	-0.17457	0.0296184	-0.00392805	-1.27488	0.0027223
2.1	0.399964	-0.174491	0.029581	0.000414155	-1.2736	-0.000176886
2.105	0.399948	-0.174477	0.0295438	0.00114909	-1.2729	-0.000525614
2.11	0.399934	-0.174469	0.029505	0.00151565	-1.27221	-0.000579564
2.115	0.399922	-0.174466	0.0294645	0.00158919	-1.27153	-0.000399419
2.12	0.399985	-0.174515	0.0294294	-0.000857195	-1.27213	0.000540347
2.125	0.400003	-0.174537	0.0293883	-0.00201701	-1.27192	0.00126024
2.13	0.400016	-0.174557	0.0293452	-0.00316232	-1.27163	0.00205758
2.135	0.399964	-0.174494	0.029296	0.000256385	-1.27017	-4.44193e-05
2.14	0.39995	-0.174484	0.0292477	0.000746366	-1.26937	-0.000184544
2.145	0.399939	-0.174479	0.0291981	0.000920732	-1.26861	-7.53688e-05
2.15	0.399931	-0.174479	0.0291472	0.000844298	-1.26787	0.000231518
2.155	0.399926	-0.174483	0.0290949	0.000568702	-1.26715	0.000695077
2.16	0.399988	-0.174513	0.0290478	-0.000684886	-1.26757	0.000282719
2.165	0.400009	-0.17453	0.0289951	-0.0015399	-1.26728	0.000617739
2.17	0.400027	-0.174548	0.0289407	-0.0024384	-1.26693	0.00110418
2.175	0.399962	-0.174496	0.0288781	0.000141533	-1.26511	0.000119833
2.18	0.399947	-0.174488	0.0288182	0.000429094	-1.26416	0.000258444
2.185	0.399938	-0.174486	0.0287574	0.000447089	-1.26327	0.000585025
2.19	0.399932	-0.174488	0.0286955	0.000251041	-1.26244	0.00106034
2.195	0.399984	-0.17451	0.0286378	-0.000478723	-1.26258	0.000128648
2.2	0.400004	-0.174523	0.0285757	-0.00111431	-1.26215	0.000278266
2.205	0.400022	-0.174537	0.0285122	-0.00183368	-1.26168	0.000612763
2.21	0.399963	-0.174498	0.0284413	2.30992e-05	-1.25987	0.000209991
2.215	0.399953	-0.174494	0.028373	0.000124579	-1.25889	0.000493992
2.22	0.399947	-0.174494	0.028304	-1.51036e-06	-1.25797	0.000932121
2.225	0.399946	-0.174498	0.0282341	-0.000308214	-1.25712	0.0014921
2.23	0.399948	-0.174505	0.0281635	-0.000758168	-1.25632	0.00214833
2.235	0.399983	-0.174506	0.0280952	-0.000236263	-1.25601	-0.000206739
2.24	0.400001	-0.174514	0.028024	-0.000512931	-1.25544	-0.000503067
2.245	0.400019	-0.174524	0.0279517	-0.000941785	-1.25486	-0.000528747
2.25	0.399964	-0.1745	0.0278726	-0.000129192	-1.25304	0.000415977
2.255	0.399957	-0.174501	0.0277963	-0.00028451	-1.25201	0.00103979
2.26	0.399955	-0.174504	0.0277196	-0.00060912	-1.25107	0.00174284
2.265	0.399957	-0.174511	0.0276423	-0.00106813	-1.25019	0.00250827
2.27	0.399979	-0.174504	0.0275665	-0.000104593	-1.24957	-0.000280109
2.275	0.399993	-0.174508	0.0274888	-0.000222681	-1.24886	-0.000696435
2.28	0.400009	-0.174516	0.0274104	-0.000520706	-1.24818	-0.000822098
2.285	0.399966	-0.174502	0.0273266	-0.000205393	-1.2465	0.000460645
2.29	0.399963	-0.174505	0.0272452	-0.000483685	-1.24548	0.00116179
2.295	0.399965	-0.174511	0.0271635	-0.000901884	-1.24455	0.00192196
2.3	0.399972	-0.174519	0.0270815	-0.00143112	-1.24368	0.00272847
2.305	0.399975	-0.174502	0.0269996	1.5678e-06	-1.24268	-0.00034645
2.31	0.399985	-0.174503	0.026917	3.02134e-05	-1.24184	-0.00085491
2.315	0.399998	-0.174508	0.0268341	-0.00014634	-1.24105	-0.00105838
2.32	0.400014	-0.174516	0.0267507	-0.000485307	-1.2403	-0.00101956
2.325	0.399964	-0.174502	0.0266623	-0.000245815	-1.23845	0.000671042
2.33	0.399958	-0.174505	0.0265766	-0.000555191	-1.23736	0.00156518
2.335	0.399959	-0.174511	0.026491	-0.000991626	-1.23636	0.00247308
2.34	0.399976	-0.174503	0.0264068	-0.000111007	-1.23556	-0.000159766
2.345	0.399989	-0.174507	0.0263217	-0.000236913	-1.23475	-0.000483759
2.35	0.400005	-0.174514	0.0262363	-0.000531552	-1.23398	-0.000545202
2.355	0.400023	-0.174523	0.0261509	-0.000959675	-1.23325	-0.000398064
2.36	0.399961	-0.1745	0.0260603	-0.000105612	-1.23116	0.000481589
2.365	0.399953	-0.1745	0.0259729	-0.000224291	-1.22998	0.00112205
2.37	0.399952	-0.174504	0.0258858	-0.000504903	-1.22893	0.00182373
2.375	0.399956	-0.17451	0.025799	-0.000914231	-1.22797	0.00257357
2.38	0.39998	-0.174504	0.025714	-0.00011854	-1.22727	-0.000335319
2.385	0.399997	-0.174509	0.0256281	-0.000258283	-1.22652	-0.00082038
2.39	0.400016	-0.174517	0.0255423	-0.000559468	-1.2258	-0.00101518
2.395	0.399965	-0.174502	0.0254527	-0.000175484	-1.2239	0.000474754
2.4	0.399961	-0.174505	0.0253657	-0.000409192	-1.2228	0.00120369
2.405	0.399963	-0.17451	0.0252792	-0.000777345	-1.22181	0.0019717
2.41	0.39997	-0.174518	0.0251932	-0.00125238	-1.2209	0.00277034
2.415	0.399976	-0.174502	0.0251083	-1.94702e-05	-1.21991	-0.000385413
2.42	0.399987	-0.174504	0.0250233	-2.20988e-05	-1.21906	-0.000945886
2.425	0.400002	-0.174509	0.0249387	-0.000209672	-1.21828	-0.00120494
2.43	0.399968	-0.174504	0.0248519	-0.000235168	-1.21671	0.00050363
2.435	0.399968	-0.174509	0.0247672	-0.000568091	-1.21571	0.00128152
2.44	0.399973	-0.174516	0.0246832	-0.00101166	-1.21479	0.00208479
2.445	0.399981	-0.174525	0.0245998	-0.00154315	-1.21395	0.0029078
2.45	0.399972	-0.1745	0.0245171	6.64726e-05	-1.21273	-0.000429306
2.455	0.399979	-0.174499	0.024435	0.000182685	-1.21183	-0.00105054
2.46	0.399988	-0.174502	0.0243535	9.3912e-05	-1.211	-0.00136193
2.465	0.4	-0.174508	0.0242726	-0.000157146	-1.21022	-0.00142714
2.47	0.399967	-0.174505	0.0241904	-0.000302884	-1.20873	0.000750222
2.475	0.399965	-0.174511	0.0241101	-0.000692704	-1.20776	0.00175526
2.48	0.399968	-0.174519	0.0240308	-0.00117648	-1.20687	0.00273492
2.485	0.399974	-0.174502	0.0239533	-5.05189e-05	-1.20596	-0.000234384
2.49	0.399982	-0.174504	0.023876	-8.1362e-05	-1.20516	-0.000677122
2.495	0.399993	-0.174509	0.0237995	-0.000283078	-1.20442	-0.000850424
2.5	0.400005	-0.174516	0.0237239	-0.000620148	-1.20371	-0.000809484
2.505	0.399965	-0.174502	0.0236475	-0.000166274	-1.20216	0.000561804
2.51	0.39996	-0.174505	0.0235731	-0.000370894	-1.20119	0.00131542
2.515	0.399959	-0.174511	0.0234998	-0.000704299	-1.20031	0.00209171
2.52	0.399975	-0.174503	0.0234286	-0.000132517	-1.19967	-0.00011976
2.525	0.399985	-0.174508	0.0233578	-0.000300013	-1.19897	-0.000372289
2.53	0.399995	-0.174515	0.023288	-0.000606901	-1.1983	-0.000397565
2.535	0.400006	-0.174524	0.0232192	-0.00102424	-1.19765	-0.000242051
2.54	0.400017	-0.174534	0.0231515	-0.00152903	-1.19703	5.7223e-05
2.545	0.39996	-0.174497	0.0230839	0.00010181	-1.19527	0.000384964
2.55	0.399946	-0.174493	0.0230181	0.000258612	-1.19426	0.000856799
2.555	0.399938	-0.174492	0.0229535	0.000216607	-1.19335	0.00140536
2.56	0.399979	-0.174507	0.0228915	-0.000298544	-1.19326	-6.34416e-06
2.565	0.399993	-0.174517	0.02283	-0.000742216	-1.19275	-6.21601e-05
2.57	0.400005	-0.174529	0.0227696	-0.00126612	-1.19224	6.60578e-05
2.575	0.400016	-0.174541	0.0227104	-0.00185345	-1.19172	0.000340809
2.58	0.39996	-0.174496	0.0226523	0.000179957	-1.19008	0.000239262
2.585	0.399946	-0.174489	0.0225957	0.000452659	-1.18916	0.000547676
2.59	0.399935	-0.174487	0.0225404	0.000505007	-1.18831	0.000963876
2.595	0.399979	-0.174508	0.0224875	-0.000346694	-1.1884	7.87639e-05
2.6	0.399991	-0.17452	0.0224353	-0.00087225	-1.18797	0.000158904
2.605	0.400001	-0.174532	0.0223845	-0.00145896	-1.18753	0.000393198
2.61	0.400008	-0.174546	0.0223351	-0.00209394	-1.18707	0.000750224
2.615	0.40004	-0.17452	0.022475	-0.000572289	-1.18614	0.00062768
2.62	0.400009	-0.174506	0.0222676	-0.000973209	-1.18575	0.0012859
2.625	0.400017	-0.174533	0.0222459	-0.00154931	-1.18543	0.00195922
2.63	0.400038	-0.174536	0.0222387	-0.0023088	-1.18517	0.00258634
2.635	0.400064	-0.174568	0.0221838	-0.00343794	-1.18502	0.00350502
2.64	0.400008	-0.174509	0.0221595	-4.89556e-05	-1.18331	-0.000203883
2.645	0.399997	-0.174502	0.022122	0.000327564	-1.18284	-0.000741021
2.65	0.400003	-0.174491	0.0220852	0.000471923	-1.18252	-0.00100636
2.655	0.400003	-0.174491	0.0220852	0.000494727	-1.18233	-0.00112415
2.66	0.400027	-0.174485	0.0220449	0.000282021	-1.18237	-0.000924376
2.665	0.400032	-0.174474	0.0220253	-0.000148907	-1.18244	-0.00072362
2.67	0.400039	-0.174447	0.0220031	-0.000828499	-1.18262	-0.000245333
2.675	0.400027	-0.174436	0.0219921	-0.000853853	-1.18281	-0.000162269
2.68	0.400019	-0.174416	0.0219821	-0.00101173	-1.18306	7.85811e-05
2.685	0.400005	-0.174404	0.0219736	-0.0011803	-1.18336	0.000313589
2.69	0.399988	-0.174395	0.0219667	-0.00133161	-1.1837	0.000523478
2.695	0.399971	-0.174388	0.021961	-0.00146049	-1.18408	0.000698512
2.7	0.399952	-0.174383	0.0219565	-0.00156831	-1.18448	0.000837674
2.705	0.399932	-0.17438	0.021953	-0.0016583	-1.1849	0.000943435
2.71	0.399911	-0.174378	0.0219504	-0.00173445	-1.18535	0.00102046
2.715	0.39989	-0.174377	0.0219486	-0.00180036	-1.1858	0.00107496
2.72	0.399869	-0.174376	0.0219474	-0.00185881	-1.18627	0.00111363
2.725	0.399847	-0.174376	0.0219469	-0.00191172	-1.18674	0.0011421
2.73	0.399825	-0.174376	0.0219468	-0.00196046	-1.18722	0.00116432
2.735	0.399803	-0.174376	0.0219472	-0.00200621	-1.18771	0.00118271
2.74	0.399781	-0.174377	0.0219479	-0.00204984	-1.1882	0.00119865
2.745	0.399759	-0.174377	0.0219489	-0.00209216	-1.18869	0.00121307
2.75	0.399737	-0.174378	0.0219502	-0.00213395	-1.18918	0.0012267
2.755	0.399716	-0.174378	0.0219502	-0.00224769	-1.18969	0.00126653
2.76	0.399696	-0.17438	0.0219496	-0.00240123	-1.1902	0.00131042
2.765	0.399675	-0.17438	0.0219486	-0.00258317	-1.19072	0.00135748
2.77	0.399655	-0.17438	0.0219472	-0.00278772	-1.19124	0.00140783
2.775	0.399635	-0.17438	0.0219455	-0.00301096	-1.19176	0.00146198
2.78	0.399615	-0.17438	0.0219436	-0.00324988	-1.19229	0.00152028
2.785	0.399595	-0.17438	0.0219415	-0.00350202	-1.19282	0.00158282
2.79	0.399575	-0.174379	0.0219393	-0.00375863	-1.19334	0.00164621
2.795	0.399555	-0.174379	0.0219374	-0.0040022	-1.19387	0.00170159
2.8	0.399535	-0.174378	0.0219357	-0.00424117	-1.1944	0.00175695
2.805	0.399514	-0.174378	0.0219341	-0.00447812	-1.19492	0.00181328
2.81	0.399494	-0.174378	0.0219325	-0.00471427	-1.19545	0.00187119
2.815	0.399474	-0.174378	0.021931	-0.00495048	-1.19597	0.00193096
2.82	0.399453	-0.174377	0.0219294	-0.00518741	-1.1965	0.00199283
2.825	0.399432	-0.174377	0.0219278	-0.00542559	-1.19702	0.00205697
2.83	0.399412	-0.174378	0.0219263	-0.00566544	-1.19755	0.00212359
2.835	0.399391	-0.174378	0.0219247	-0.00590723	-1.19807	0.00219279
2.84	0.399371	-0.174378	0.0219231	-0.00615116	-1.1986	0.0022647
2.845	0.399349	-0.174383	0.0219172	-0.00617262	-1.19914	0.00216873
2.85	0.399327	-0.174395	0.0219056	-0.00580064	-1.1997	0.00176995
2.855	0.399312	-0.174401	0.0218999	-0.00543189	-1.2003	0.00139207
2.86	0.399299	-0.174401	0.0218935	-0.00535332	-1.20091	0.00126564
2.865	0.399286	-0.174398	0.0218843	-0.00549984	-1.20152	0.00133706
2.87	0.399275	-0.174407	0.0218875	-0.00540096	-1.20216	0.00121236
2.875	0.399267	-0.174406	0.0218844	-0.00568215	-1.20279	0.00142459
2.88	0.399241	-0.174406	0.0218354	-0.00617239	-1.20331	0.00182038
2.885	0.399209	-0.174425	0.0218031	-0.00592304	-1.20389	0.00158333
2.89	0.399186	-0.174427	0.0217767	-0.0057588	-1.20449	0.00146053
2.895	0.399158	-0.174439	0.0217551	-0.00563752	-1.20508	0.00133357
2.9	0.399127	-0.174449	0.0217367	-0.00545136	-1.20565	0.00118259
2.905	0.399093	-0.174469	0.0217167	-0.00478007	-1.20621	0.000633272
2.91	0.399059	-0.174495	0.021695	-0.00376354	-1.20679	-0.000198716
2.915	0.399028	-0.174508	0.0216822	-0.00319096	-1.20735	-0.00065887
2.92	0.398996	-0.174518	0.0216719	-0.00293747	-1.20789	-0.000867013
2.925	0.398962	-0.174528	0.0216589	-0.00265085	-1.20844	-0.00112012
2.93	0.398929	-0.174535	0.0216464	-0.00236932	-1.20899	-0.00137465
2.935	0.398897	-0.174542	0.0216348	-0.00209419	-1.20954	-0.00162731
2.94	0.398868	-0.174543	0.0216276	-0.00204895	-1.2101	-0.00166919
2.945	0.398839	-0.174545	0.0216227	-0.00207746	-1.21065	-0.0016366
2.95	0.398811	-0.174546	0.0216187	-0.00211102	-1.21119	-0.00157888
2.955	0.398783	-0.174547	0.0216152	-0.00212451	-1.21174	-0.0015218
2.96	0.398756	-0.174551	0.0216109	-0.00194995	-1.21229	-0.00164241
2.965	0.398729	-0.174556	0.0216067	-0.00170908	-1.21283	-0.00183258
2.97	0.398702	-0.174561	0.0216029	-0.00145834	-1.21338	-0.00204508
2.975	0.398676	-0.174566	0.0215997	-0.00121367	-1.21392	-0.00226041
2.98	0.398649	-0.174571	0.0215968	-0.000979768	-1.21445	-0.00247048
2.985	0.398623	-0.174576	0.0215943	-0.000758016	-1.21499	-0.00267187
2.99	0.398597	-0.174581	0.0215922	-0.00054866	-1.21552	-0.00286327
2.995	0.398571	-0.174588	0.0215891	-0.000286831	-1.21606	-0.00310236
3.0	0.398544	-0.174594	0.0215854	1.50636e-05	-1.21659	-0.00337752
3.005	0.398517	-0.174601	0.0215813	0.000321645	-1.21713	-0.00365784
3.01	0.39849	-0.174607	0.0215779	0.000575449	-1.21767	-0.00389115
3.015	0.398462	-0.174613	0.0215744	0.000806327	-1.2182	-0.0041372
3.02	0.398434	-0.17462	0.0215703	0.00103894	-1.21874	-0.0043981
3.025	0.398405	-0.174623	0.0215657	0.00116682	-1.21927	-0.00456801
3.03	0.398376	-0.17463	0.0215608	0.00139027	-1.21981	-0.0047947
3.035	0.398347	-0.174636	0.021554	0.00166667	-1.22036	-0.00508225
3.04	0.398318	-0.174644	0.0215473	0.00202572	-1.22092	-0.00544551
3.045	0.398289	-0.174652	0.0215403	0.00241203	-1.22147	-0.00583409
3.05	0.398261	-0.174659	0.0215363	0.00274963	-1.22203	-0.00613511
3.055	0.398233	-0.174665	0.0215308	0.00296583	-1.22258	-0.00632127
3.06	0.398205	-0.174672	0.0215254	0.00317114	-1.22314	-0.00653519
3.065	0.398178	-0.174677	0.0215177	0.00334702	-1.22371	-0.00674431
3.07	0.398152	-0.174682	0.0215096	0.00349136	-1.22429	-0.00694849
3.075	0.398125	-0.174686	0.0215016	0.00360903	-1.22486	-0.00715094
3.08	0.3981	-0.17468	0.0214933	0.0033253	-1.22542	-0.0070566
3.085	0.398074	-0.174677	0.0214861	0.00300025	-1.22598	-0.00693747
3.09	0.398049	-0.174671	0.0214798	0.00268296	-1.22654	-0.00681328
3.095	0.398024	-0.174666	0.0214741	0.0023828	-1.2271	-0.00669578
3.1	0.398	-0.17466	0.021469	0.00209904	-1.22766	-0.00658633
3.105	0.397975	-0.174655	0.0214642	0.00182876	-1.22821	-0.00648412
3.11	0.39795	-0.174654	0.0214587	0.00175501	-1.22877	-0.00653048
3.115	0.397926	-0.174651	0.0214531	0.00174067	-1.22933	-0.00661714
3.12	0.3979	-0.174652	0.0214481	0.00181613	-1.22988	-0.00676151
3.125	0.397874	-0.17465	0.0214429	0.00183646	-1.23043	-0.00686504
3.13	0.397849	-0.17465	0.0214378	0.00182639	-1.23099	-0.00695599
3.135	0.397823	-0.174649	0.0214328	0.00178626	-1.23154	-0.00702929
3.14	0.397797	-0.174648	0.0214278	0.00174223	-1.23209	-0.00710405
3.145	0.39777	-0.174646	0.0214228	0.00168885	-1.23264	-0.00717378
3.15	0.397744	-0.174645	0.0214181	0.00163936	-1.23318	-0.00723042
3.155	0.397717	-0.174644	0.0214137	0.001597	-1.23373	-0.00728098
3.16	0.39769	-0.174643	0.0214094	0.00156264	-1.23427	-0.00732784
3.165	0.397662	-0.174643	0.0214052	0.00153622	-1.23482	-0.00737151
3.17	0.397634	-0.174643	0.0214011	0.00151621	-1.23536	-0.00741171
3.175	0.397606	-0.174644	0.0213972	0.00151833	-1.2359	-0.00745778
3.18	0.397578	-0.174645	0.0213933	0.00152489	-1.23645	-0.00750393
3.185	0.397551	-0.174646	0.0213892	0.00156066	-1.23699	-0.00757104
3.19	0.397523	-0.174648	0.0213853	0.00159319	-1.23754	-0.00763587
3.195	0.397496	-0.174649	0.0213816	0.00161483	-1.23809	-0.00769297
3.2	0.397469	-0.174648	0.0213774	0.00152277	-1.23863	-0.00766188
3.205	0.397441	-0.174647	0.0213735	0.00149602	-1.23917	-0.00767062
3.21	0.397413	-0.174644	0.0213692	0.00142643	-1.23971	-0.00762258
3.215	0.397385	-0.174642	0.0213648	0.00134375	-1.24025	-0.00757936
3.22	0.397357	-0.174641	0.0213599	0.00133614	-1.2408	-0.00755725
3.225	0.397328	-0.174644	0.021354	0.00142017	-1.24135	-0.00759941
3.23	0.3973	-0.174646	0.0213478	0.00156176	-1.2419	-0.00768875
3.235	0.397271	-0.174649	0.0213417	0.00170167	-1.24246	-0.00779331
3.24	0.397242	-0.174651	0.0213356	0.00181494	-1.24302	-0.0078989
3.245	0.397213	-0.174653	0.0213296	0.00189709	-1.24358	-0.00800083
3.25	0.397184	-0.174653	0.0213234	0.00188331	-1.24413	-0.00804294
3.255	0.397155	-0.17465	0.0213173	0.00181272	-1.24468	-0.00804246
3.26	0.397126	-0.174647	0.0213111	0.00169674	-1.24524	-0.00800125
3.265	0.397097	-0.174645	0.0213053	0.00163043	-1.24579	-0.00799027
3.27	0.397067	-0.174642	0.0212995	0.00155557	-1.24634	-0.00796489
3.275	0.397038	-0.174639	0.0212937	0.00146359	-1.2469	-0.00792165
3.28	0.397008	-0.174637	0.0212879	0.00136699	-1.24745	-0.00787396
3.285	0.396979	-0.174634	0.0212821	0.00126888	-1.248	-0.00782436
3.29	0.396949	-0.174632	0.0212763	0.00117004	-1.24856	-0.007774
3.295	0.396919	-0.174629	0.0212695	0.00105306	-1.24911	-0.0077266
3.3	0.39689	-0.174625	0.0212625	0.000905817	-1.24967	-0.00766134
3.305	0.396859	-0.174626	0.0212553	0.000955126	-1.25024	-0.00774899
3.31	0.396832	-0.174623	0.0212503	0.000981716	-1.25081	-0.00778466
3.315	0.396804	-0.174619	0.0212457	0.000871792	-1.25138	-0.00772237
3.32	0.396775	-0.174613	0.021241	0.000687252	-1.25194	-0.00760765
3.325	0.396747	-0.174611	0.021235	0.000597358	-1.25251	-0.00756556
3.33	0.396718	-0.174611	0.0212281	0.000583028	-1.25307	-0.00757764
3.335	0.396688	-0.174614	0.0212206	0.000668352	-1.25365	-0.00766986
3.34	0.396658	-0.174619	0.0212135	0.000879502	-1.25422	-0.00785089
3.345	0.396628	-0.174627	0.0212055	0.00118995	-1.25479	-0.00811346
3.35	0.396596	-0.174638	0.0211968	0.00160452	-1.25537	-0.00847718
3.355	0.396565	-0.174651	0.0211881	0.00208452	-1.25595	-0.0089073
3.36	0.396532	-0.174663	0.0211796	0.00252777	-1.25653	-0.0093172
3.365	0.3965	-0.174671	0.0211716	0.00279387	-1.2571	-0.00961466
3.37	0.396467	-0.174677	0.0211639	0.0029456	-1.25766	-0.00982858
3.375	0.396433	-0.174685	0.0211558	0.00322026	-1.25824	-0.010128
3.38	0.396402	-0.17469	0.0211467	0.00345417	-1.25882	-0.0104293
3.385	0.39637	-0.174693	0.0211368	0.00360714	-1.25941	-0.0107018
3.39	0.396338	-0.174693	0.0211284	0.00358849	-1.25998	-0.0108252
3.395	0.396305	-0.174689	0.0211203	0.00347735	-1.26056	-0.010855
3.4	0.396273	-0.174684	0.0211122	0.00329782	-1.26113	-0.010817
3.405	0.396241	-0.174679	0.0211042	0.00313217	-1.2617	-0.0107824
3.41	0.396209	-0.174674	0.0210962	0.00297911	-1.26227	-0.0107529
3.415	0.396177	-0.174672	0.0210872	0.0029045	-1.26284	-0.0107837
3.42	0.396144	-0.174673	0.021078	0.0029633	-1.26342	-0.010895
3.425	0.396113	-0.174672	0.0210685	0.00300368	-1.26401	-0.0110059
3.43	0.396081	-0.174667	0.0210594	0.00285726	-1.26458	-0.0109626
3.435	0.396048	-0.17466	0.0210501	0.00254469	-1.26514	-0.0107742
3.44	0.396015	-0.174654	0.0210407	0.00231634	-1.26571	-0.0106379
3.445	0.395982	-0.174646	0.0210313	0.00203209	-1.26628	-0.0104406
3.45	0.39595	-0.174639	0.0210216	0.00175825	-1.26685	-0.0102323
3.455	0.395917	-0.17463	0.0210121	0.00143859	-1.26742	-0.00995735
3.46	0.395885	-0.174619	0.0210024	0.00099869	-1.26798	-0.00958583
3.465	0.395851	-0.174612	0.0209938	0.000723695	-1.26855	-0.00934809
3.47	0.395819	-0.174604	0.0209851	0.000480354	-1.26912	-0.00914387
3.475	0.395787	-0.174596	0.0209761	0.000171752	-1.26969	-0.00886019
3.48	0.395754	-0.174591	0.0209682	-3.47633e-05	-1.27025	-0.0086497
3.485	0.395721	-0.174585	0.0209609	-0.000212669	-1.27082	-0.00845916
3.49	0.395689	-0.17458	0.0209539	-0.000384019	-1.27138	-0.00827502
3.495	0.395657	-0.174575	0.020947	-0.000554267	-1.27195	-0.00809245
3.5	0.395624	-0.174571	0.0209393	-0.000678907	-1.27251	-0.00797509
3.505	0.395591	-0.174571	0.0209309	-0.000595838	-1.27309	-0.00802965
3.51	0.395559	-0.174571	0.0209224	-0.000440864	-1.27367	-0.00814251
3.515	0.395526	-0.174571	0.0209138	-0.000287136	-1.27424	-0.00825855
3.52	0.395492	-0.17457	0.0209042	-0.000284764	-1.27482	-0.00825334
3.525	0.395458	-0.174571	0.0208952	-0.000210488	-1.2754	-0.00830626
3.53	0.395425	-0.174567	0.0208861	-0.000313997	-1.27597	-0.00821666
3.535	0.395389	-0.174568	0.0208738	-0.000271663	-1.27655	-0.00827421
3.54	0.395355	-0.174573	0.0208635	-2.22573e-05	-1.27714	-0.00852007
3.545	0.39532	-0.174579	0.0208537	0.000332332	-1.27773	-0.00886601
3.55	0.395286	-0.174584	0.0208434	0.000574424	-1.27832	-0.00911686
3.555	0.395252	-0.174584	0.0208342	0.000577513	-1.2789	-0.00915888
3.56	0.395217	-0.174584	0.0208252	0.000512617	-1.27948	-0.00914025
3.565	0.395184	-0.174579	0.0208165	0.000391466	-1.28006	-0.00905129
3.57	0.395151	-0.174574	0.0208082	0.000261694	-1.28064	-0.00891939
3.575	0.395117	-0.174568	0.0207999	0.000144016	-1.28121	-0.00877795
3.58	0.395084	-0.174562	0.0207916	2.64431e-05	-1.28179	-0.00863079
3.585	0.395051	-0.174557	0.020783	-5.4829e-05	-1.28236	-0.00850866
3.59	0.395018	-0.174552	0.0207746	-0.000167686	-1.28293	-0.00836113
3.595	0.394986	-0.174548	0.020768	-0.000280265	-1.2835	-0.00823683
3.6	0.394954	-0.174544	0.0207621	-0.000392588	-1.28407	-0.00811792
3.605	0.394922	-0.17454	0.0207566	-0.000504765	-1.28464	-0.00800148
3.61	0.394891	-0.174537	0.0207515	-0.00061706	-1.2852	-0.00788592
3.615	0.394861	-0.174534	0.0207465	-0.000729507	-1.28577	-0.00777076
3.62	0.39483	-0.174531	0.0207418	-0.00084211	-1.28633	-0.00765582
3.625	0.3948	-0.174529	0.0207373	-0.000954786	-1.28689	-0.00754105
3.63	0.394769	-0.174526	0.0207329	-0.00106759	-1.28745	-0.00742635
3.635	0.394739	-0.174524	0.0207286	-0.00118061	-1.288	-0.0073116
3.64	0.394709	-0.174521	0.0207244	-0.00129385	-1.28856	-0.00719676
3.645	0.39468	-0.174519	0.0207202	-0.00140737	-1.28911	-0.00708174
3.65	0.39465	-0.174517	0.0207163	-0.00151206	-1.28966	-0.00697379
3.655	0.394621	-0.174515	0.0207125	-0.0016111	-1.29021	-0.00687019
3.66	0.394591	-0.174513	0.0207088	-0.00170786	-1.29076	-0.0067685
3.665	0.394562	-0.174511	0.0207053	-0.00180437	-1.29131	-0.0066671
3.67	0.394533	-0.174509	0.0207017	-0.00190116	-1.29186	-0.00656551
3.675	0.394504	-0.174507	0.0206983	-0.00199839	-1.29241	-0.00646357
3.68	0.394475	-0.174505	0.0206949	-0.00209613	-1.29295	-0.00636119
3.685	0.394446	-0.174503	0.0206915	-0.00219441	-1.2935	-0.0062583
3.69	0.394417	-0.174502	0.0206881	-0.00229328	-1.29404	-0.00615486
3.695	0.394388	-0.174499	0.0206844	-0.00242265	-1.29459	-0.00602699
3.7	0.394359	-0.174497	0.0206805	-0.00255683	-1.29514	-0.00589565
3.705	0.39433	-0.174495	0.0206766	-0.00268923	-1.29568	-0.00576506
3.71	0.394301	-0.174493	0.0206727	-0.00281823	-1.29623	-0.00563666
3.715	0.394272	-0.174491	0.0206687	-0.00294484	-1.29678	-0.00550979
3.72	0.394242	-0.174488	0.0206646	-0.00307114	-1.29732	-0.00538286
3.725	0.394213	-0.174486	0.0206605	-0.00319771	-1.29787	-0.00525547
3.73	0.394184	-0.174482	0.0206554	-0.00342961	-1.29842	-0.00504584
3.735	0.394177	-0.174483	0.0206723	-0.00355748	-1.29889	-0.00493586
3.74	0.394164	-0.174486	0.0206854	-0.0037806	-1.29935	-0.00475748
3.745	0.394152	-0.174485	0.0206961	-0.00392012	-1.29983	-0.00462919
3.75	0.394139	-0.174483	0.0207041	-0.00404191	-1.30029	-0.00450934
3.755	0.394123	-0.174479	0.0207091	-0.00417476	-1.30075	-0.0043678
3.76	0.394104	-0.174475	0.0207115	-0.00430249	-1.30122	-0.00423685
3.765	0.394084	-0.174471	0.0207119	-0.00443168	-1.3017	-0.00409667
3.77	0.394062	-0.174467	0.020711	-0.00455498	-1.30218	-0.00395473
3.775	0.394039	-0.174463	0.0207095	-0.00466872	-1.30267	-0.00382347
3.78	0.394015	-0.174459	0.020707	-0.00478226	-1.30317	-0.00369114
3.785	0.393989	-0.174456	0.0207025	-0.00483457	-1.30369	-0.00362566
3.79	0.393962	-0.174452	0.0206971	-0.00487476	-1.30421	-0.00357419
3.795	0.393933	-0.174447	0.0206908	-0.00489997	-1.30474	-0.00353682
3.8	0.393903	-0.174442	0.0206841	-0.004913	-1.30528	-0.0035137
3.805	0.393874	-0.174436	0.0206766	-0.00502458	-1.30582	-0.00338133
3.81	0.393843	-0.174429	0.0206685	-0.00519107	-1.30637	-0.00320178
3.815	0.393812	-0.174423	0.0206611	-0.00536198	-1.30692	-0.00301483
3.82	0.39378	-0.174421	0.0206527	-0.00537244	-1.30748	-0.00299485
3.825	0.393748	-0.174417	0.0206432	-0.00540091	-1.30805	-0.00298648
3.83	0.393715	-0.174414	0.0206331	-0.00543392	-1.30862	-0.00299167
3.835	0.393681	-0.174411	0.0206224	-0.00546478	-1.3092	-0.00300553
3.84	0.393646	-0.174408	0.020612	-0.0055087	-1.30978	-0.0029748
3.845	0.393611	-0.174406	0.0206017	-0.00552742	-1.31036	-0.00295862
3.85	0.393577	-0.174403	0.0205909	-0.00563374	-1.31094	-0.00288433
3.855	0.393541	-0.1744	0.0205798	-0.00576613	-1.31153	-0.00279444
3.86	0.393506	-0.174397	0.0205685	-0.0059079	-1.31212	-0.00269646
3.865	0.393471	-0.174393	0.0205572	-0.00605373	-1.31271	-0.00259442
3.87	0.393436	-0.17439	0.0205458	-0.00620141	-1.31331	-0.00249031
3.875	0.3934	-0.174387	0.0205339	-0.00629173	-1.3139	-0.00244918
3.88	0.393363	-0.174386	0.0205218	-0.00628704	-1.3145	-0.00246665
3.885	0.393327	-0.174384	0.0205093	-0.00629543	-1.3151	-0.00249305
3.89	0.39329	-0.174382	0.0204965	-0.00631435	-1.31571	-0.00251963
3.895	0.393253	-0.174379	0.0204838	-0.00643118	-1.31631	-0.00244758
3.9	0.393216	-0.174375	0.0204705	-0.00664283	-1.31691	-0.0022803
3.905	0.39318	-0.174371	0.0204586	-0.00683965	-1.31751	-0.00210156
3.91	0.393145	-0.174369	0.0204481	-0.00695995	-1.3181	-0.00196908
3.915	0.393111	-0.174366	0.0204384	-0.00709204	-1.3187	-0.00184196
3.92	0.393078	-0.174364	0.0204295	-0.0072095	-1.31928	-0.00173588
3.925	0.393045	-0.174362	0.0204214	-0.00730814	-1.31986	-0.00164946
3.93	0.393023	-0.174364	0.020422	-0.0072378	-1.3204	-0.00174192
3.935	0.392999	-0.174366	0.0204227	-0.00728264	-1.32092	-0.0017166
3.94	0.392976	-0.174367	0.0204231	-0.00736446	-1.32144	-0.00164433
3.945	0.392953	-0.174367	0.0204228	-0.0074622	-1.32196	-0.00154841
3.95	0.39293	-0.174367	0.0204221	-0.00756899	-1.32247	-0.00143715
3.955	0.392907	-0.174367	0.020421	-0.00768204	-1.32298	-0.0013137
3.96	0.392886	-0.174367	0.0204218	-0.00781594	-1.32348	-0.00115909
3.965	0.392867	-0.174368	0.0204244	-0.0079591	-1.32397	-0.000996962
3.97	0.392849	-0.17437	0.0204284	-0.00811401	-1.32444	-0.000824682
3.975	0.392829	-0.174371	0.02043	-0.00823761	-1.32491	-0.000711725
3.98	0.392807	-0.174372	0.02043	-0.00832712	-1.3254	-0.00063998
3.985	0.392784	-0.174371	0.0204279	-0.0084667	-1.32589	-0.00050843
3.99	0.392759	-0.17437	0.0204242	-0.00861655	-1.32639	-0.000364234
3.995	0.392732	-0.174369	0.0204191	-0.00876346	-1.3269	-0.000221487
4.0	0.392704	-0.174368	0.0204128	-0.00890091	-1.32742	-8.77275e-05
4.005	0.392674	-0.174366	0.0204056	-0.00902463	-1.32795	3.23531e-05
4.01	0.392643	-0.174365	0.0203976	-0.00913138	-1.32849	0.000135312
4.015	0.392612	-0.174362	0.0203884	-0.00932497	-1.32904	0.000325893
4.02	0.392579	-0.174362	0.0203792	-0.00938252	-1.3296	0.000379269
4.025	0.392545	-0.174362	0.0203697	-0.00938749	-1.33016	0.000380829
4.03	0.392511	-0.174361	0.0203597	-0.00939783	-1.33073	0.000389858
4.035	0.392481	-0.17436	0.0203532	-0.00946843	-1.3313	0.000488051
4.04	0.392453	-0.174362	0.0203496	-0.00953213	-1.33185	0.000568671
4.045	0.392424	-0.174363	0.0203448	-0.00956123	-1.33241	0.000595957
4.05	0.392394	-0.174361	0.020338	-0.00974085	-1.33296	0.000767912
4.055	0.392362	-0.174362	0.0203307	-0.00979769	-1.33352	0.00081778
4.06	0.392334	-0.174361	0.0203264	-0.00985402	-1.33407	0.000887032
4.065	0.392304	-0.174362	0.0203209	-0.0098796	-1.33463	0.000910316
4.07	0.392274	-0.174362	0.0203143	-0.00989725	-1.33519	0.000926492
4.075	0.392242	-0.174361	0.0203067	-0.00991336	-1.33576	0.000940768
4.08	0.392215	-0.174361	0.020303	-0.00996689	-1.33631	0.00100457
4.085	0.392185	-0.174358	0.0202967	-0.010257	-1.33685	0.00129764
4.09	0.392155	-0.174351	0.0202883	-0.0106754	-1.3374	0.00172374
4.095	0.392125	-0.174348	0.0202828	-0.0109093	-1.33796	0.00198349
4.1	0.392098	-0.174343	0.0202784	-0.0111193	-1.33853	0.00221199
4.105	0.392069	-0.174341	0.0202729	-0.0111649	-1.33909	0.00228208
4.11	0.39204	-0.17434	0.020267	-0.011129	-1.33966	0.0022739
4.115	0.392011	-0.17434	0.0202607	-0.0110755	-1.34023	0.00224695
4.12	0.391982	-0.17434	0.0202543	-0.0110256	-1.34079	0.00222039
4.125	0.39196	-0.174342	0.0202549	-0.0109718	-1.34132	0.00217892
4.13	0.391936	-0.174346	0.0202553	-0.0109109	-1.34184	0.00212245
4.135	0.391915	-0.174348	0.0202561	-0.0108372	-1.34236	0.00204847
4.14	0.391913	-0.174352	0.0202763	-0.010747	-1.34278	0.00195837
4.145	0.391909	-0.174362	0.0202961	-0.0107523	-1.34319	0.00195153
4.15	0.391903	-0.174366	0.0203113	-0.0108144	-1.34359	0.00202353
4.155	0.391895	-0.174369	0.0203221	-0.0108823	-1.34401	0.00211238
4.16	0.391883	-0.17437	0.0203297	-0.0108881	-1.34443	0.0021617
4.165	0.391869	-0.17437	0.0203342	-0.0109052	-1.34487	0.00220837
4.17	0.391851	-0.17437	0.020336	-0.0109358	-1.34532	0.00225665
4.175	0.391832	-0.174367	0.0203362	-0.0110994	-1.34577	0.00243497
4.18	0.39181	-0.174364	0.0203348	-0.0113246	-1.34625	0.00267107
4.185	0.391786	-0.17436	0.020332	-0.0115778	-1.34673	0.00293572
4.19	0.391761	-0.174356	0.0203279	-0.0118465	-1.34722	0.00321701
4.195	0.391734	-0.174351	0.0203227	-0.0121269	-1.34773	0.00351096
4.2	0.391706	-0.174346	0.0203166	-0.0124175	-1.34825	0.00381605
4.205	0.391677	-0.174341	0.0203097	-0.0127179	-1.34878	0.00413149
4.21	0.391646	-0.174335	0.020302	-0.0130273	-1.34932	0.0044567
4.215	0.391615	-0.174331	0.020294	-0.0132437	-1.34986	0.00469043
4.22	0.391584	-0.174326	0.0202855	-0.0134104	-1.35042	0.00487912
4.225	0.391551	-0.174323	0.0202755	-0.0134932	-1.35099	0.00498305
4.23	0.391517	-0.17432	0.0202647	-0.0135621	-1.35156	0.00506928
4.235	0.391482	-0.174317	0.0202531	-0.0136306	-1.35214	0.00515112
4.24	0.391447	-0.174316	0.0202408	-0.0136334	-1.35273	0.00522726
4.245	0.391411	-0.174315	0.0202283	-0.0136157	-1.35333	0.00526781
4.25	0.391375	-0.174314	0.0202155	-0.0135929	-1.35393	0.00529957
4.255	0.39134	-0.174314	0.0202026	-0.0135333	-1.35454	0.00532415
4.26	0.391304	-0.174315	0.0201896	-0.013468	-1.35515	0.00535151
4.265	0.391268	-0.174316	0.0201767	-0.0134006	-1.35577	0.00537892
4.27	0.391267	-0.174321	0.0202011	-0.0132812	-1.35626	0.00524859
4.275	0.39126	-0.174336	0.0202226	-0.013213	-1.35674	0.00516701
4.28	0.391253	-0.17434	0.0202394	-0.0132417	-1.3572	0.00519718
4.285	0.391243	-0.174343	0.020252	-0.0132523	-1.35766	0.00520038
4.29	0.391232	-0.174343	0.0202616	-0.0134025	-1.35811	0.0053499
4.295	0.391217	-0.174343	0.0202689	-0.0135256	-1.35856	0.00547441
4.3	0.391201	-0.174342	0.0202742	-0.0136415	-1.35902	0.00559605
4.305	0.391183	-0.17434	0.0202775	-0.0137497	-1.35949	0.00571278
4.31	0.391164	-0.174338	0.0202791	-0.0138609	-1.35996	0.00583377
4.315	0.391142	-0.174335	0.0202786	-0.0140665	-1.36044	0.0060512
4.32	0.391118	-0.174331	0.0202764	-0.0143341	-1.36094	0.00632773
4.325	0.391093	-0.174327	0.0202727	-0.0146252	-1.36144	0.00662827
4.33	0.391066	-0.174323	0.0202678	-0.0149302	-1.36195	0.00694359
4.335	0.391038	-0.174318	0.0202618	-0.0152464	-1.36248	0.00727093
4.34	0.391008	-0.174313	0.0202549	-0.0155728	-1.36301	0.00760907
4.345	0.390978	-0.174307	0.0202471	-0.0159088	-1.36356	0.00795735
4.35	0.390946	-0.174302	0.0202387	-0.0162541	-1.36411	0.00831535
4.355	0.390913	-0.174296	0.0202293	-0.016594	-1.36466	0.00868043
4.36	0.39088	-0.17429	0.0202194	-0.0169365	-1.36523	0.00904829
4.365	0.390846	-0.174284	0.0202093	-0.0172886	-1.3658	0.00942176
4.37	0.390812	-0.174278	0.020199	-0.0176533	-1.36638	0.00980402
4.375	0.390778	-0.174273	0.0201894	-0.0179188	-1.36696	0.0100818
4.38	0.390743	-0.17427	0.0201782	-0.0179574	-1.36755	0.0101402
4.385	0.390708	-0.174265	0.0201676	-0.0180565	-1.36815	0.0102631
4.39	0.390673	-0.174261	0.0201564	-0.0181932	-1.36874	0.0104254
4.395	0.390637	-0.174257	0.0201447	-0.0183228	-1.36933	0.0105824
4.4	0.390601	-0.174252	0.0201327	-0.0184438	-1.36993	0.0107325
4.405	0.390564	-0.17425	0.0201199	-0.0184885	-1.37054	0.0107917
4.41	0.390528	-0.174246	0.020107	-0.0185436	-1.37115	0.0108655
4.415	0.390491	-0.174241	0.0200941	-0.0186235	-1.37176	0.0109711
4.42	0.390453	-0.174239	0.0200807	-0.0186804	-1.37237	0.0110361
4.425	0.390415	-0.174236	0.0200669	-0.0187364	-1.37298	0.0111029
4.43	0.390376	-0.174234	0.0200526	-0.0187851	-1.3736	0.0111549
4.435	0.390337	-0.174232	0.0200385	-0.0188194	-1.37422	0.0111882
4.44	0.390298	-0.174232	0.0200246	-0.0188156	-1.37484	0.01118
4.445	0.39026	-0.174232	0.0200111	-0.0187616	-1.37547	0.0111277
4.45	0.390223	-0.174233	0.0199978	-0.0186551	-1.3761	0.0110299
4.455	0.390185	-0.174234	0.019985	-0.0185155	-1.37673	0.0108984
4.46	0.390154	-0.174236	0.0199776	-0.0185174	-1.37732	0.0109363
4.465	0.390122	-0.17424	0.0199701	-0.0184988	-1.37789	0.010953
4.47	0.390091	-0.174243	0.0199617	-0.0185016	-1.37846	0.0110206
4.475	0.390059	-0.174245	0.0199526	-0.0185095	-1.37904	0.0111037
4.48	0.390027	-0.174246	0.0199434	-0.0185074	-1.37961	0.0111678
4.485	0.389996	-0.174247	0.0199346	-0.0184767	-1.38019	0.0111846
4.49	0.389965	-0.174248	0.0199262	-0.0184788	-1.38077	0.0112577
4.495	0.389936	-0.174248	0.0199192	-0.0184846	-1.38133	0.0113358
4.5	0.389907	-0.17425	0.0199132	-0.0185004	-1.38189	0.0114175
4.505	0.38988	-0.174251	0.0199079	-0.0185259	-1.38244	0.0115025
4.51	0.389852	-0.174252	0.0199028	-0.0185621	-1.38299	0.0115921
4.515	0.389824	-0.174253	0.0198966	-0.0186145	-1.38354	0.0116903
4.52	0.389814	-0.174255	0.0199076	-0.0186818	-1.38399	0.0117621
4.525	0.389798	-0.174263	0.0199155	-0.0187933	-1.38445	0.0118606
4.53	0.389781	-0.174265	0.0199203	-0.0188324	-1.38492	0.0118968
4.535	0.389762	-0.174266	0.019922	-0.018865	-1.38539	0.0119266
4.54	0.389741	-0.174266	0.0199208	-0.0188886	-1.38588	0.0119493
4.545	0.389717	-0.174266	0.0199175	-0.0188914	-1.38639	0.0119518
4.55	0.38969	-0.174266	0.0199121	-0.0188882	-1.3869	0.0119493
4.555	0.389662	-0.174266	0.0199049	-0.0188825	-1.38743	0.0119445
4.56	0.389632	-0.174265	0.0198961	-0.0189153	-1.38797	0.0119789
4.565	0.3896	-0.174264	0.0198858	-0.0189461	-1.38853	0.0120093
4.57	0.389566	-0.174263	0.0198743	-0.018974	-1.38909	0.012038
4.575	0.389531	-0.174262	0.0198618	-0.0190023	-1.38967	0.0120661
4.58	0.389495	-0.174261	0.0198483	-0.0190514	-1.39026	0.0121155
4.585	0.389458	-0.174259	0.0198341	-0.019106	-1.39086	0.0121705
4.59	0.38942	-0.174258	0.0198192	-0.0191616	-1.39146	0.0122345
4.595	0.389382	-0.174256	0.0198045	-0.019252	-1.39207	0.0123354
4.6	0.389348	-0.174255	0.0197943	-0.0193032	-1.39265	0.0123845
4.605	0.389318	-0.174257	0.0197879	-0.0193428	-1.39323	0.0124126
4.61	0.389289	-0.174258	0.0197835	-0.0193832	-1.39379	0.0124433
4.615	0.389261	-0.174259	0.0197783	-0.0193989	-1.39434	0.0124493
4.62	0.389232	-0.17426	0.0197721	-0.0193875	-1.39489	0.0124296
4.625	0.389203	-0.174259	0.0197651	-0.0193595	-1.39544	0.0123947
4.63	0.389173	-0.174258	0.0197573	-0.0193212	-1.39599	0.0123486
4.635	0.389143	-0.174256	0.019749	-0.0192801	-1.39655	0.0123001
4.64	0.389112	-0.174255	0.0197401	-0.0192281	-1.39712	0.0122371
4.645	0.38908	-0.174255	0.0197308	-0.0190968	-1.39769	0.0120819
4.65	0.389049	-0.174255	0.0197211	-0.0189631	-1.39826	0.0119228
4.655	0.389016	-0.174255	0.0197112	-0.0188058	-1.39883	0.0117617
4.66	0.388983	-0.174256	0.019701	-0.0186408	-1.39941	0.011597
4.665	0.38895	-0.174256	0.0196909	-0.0184708	-1.4	0.0114276
4.67	0.388918	-0.174258	0.0196824	-0.0183011	-1.40057	0.0112571
4.675	0.388889	-0.174259	0.0196765	-0.0181777	-1.40114	0.0111306
4.68	0.388859	-0.174262	0.0196712	-0.0180317	-1.40171	0.010977
4.685	0.38883	-0.174263	0.0196664	-0.0178549	-1.40227	0.0107972
4.69	0.388801	-0.174264	0.0196615	-0.0177321	-1.40283	0.0106702
4.695	0.388771	-0.174266	0.0196552	-0.0174107	-1.4034	0.0103325
4.7	0.388741	-0.174269	0.0196478	-0.0169612	-1.40397	0.00987825
4.705	0.38871	-0.174272	0.0196397	-0.01648	-1.40454	0.00939569
4.71	0.388678	-0.174275	0.0196313	-0.016006	-1.40512	0.00891947
4.715	0.388645	-0.174281	0.0196206	-0.0153397	-1.4057	0.00824335
4.72	0.388612	-0.174287	0.0196088	-0.0145495	-1.40629	0.0074456
4.725	0.388578	-0.174293	0.0195966	-0.0137318	-1.40688	0.00662276
4.73	0.388543	-0.174298	0.019585	-0.0130977	-1.40747	0.00598035
4.735	0.388509	-0.174303	0.0195745	-0.0125378	-1.40807	0.00540951
4.74	0.388476	-0.174308	0.0195649	-0.0120112	-1.40866	0.00486848
4.745	0.388443	-0.174313	0.0195558	-0.011547	-1.40925	0.00438848
4.75	0.388411	-0.174318	0.0195473	-0.0111087	-1.40984	0.00393272
4.755	0.388379	-0.174322	0.0195386	-0.0106209	-1.41041	0.00343281
4.76	0.38836	-0.174328	0.0195416	-0.0101915	-1.41092	0.00299499
4.765	0.388358	-0.174338	0.0195609	-0.00982822	-1.41131	0.00260354
4.77	0.388349	-0.174352	0.019575	-0.00935077	-1.41171	0.00206531
4.775	0.388339	-0.174358	0.0195846	-0.00891782	-1.41213	0.00160777
4.78	0.388327	-0.17436	0.0195906	-0.00878446	-1.41255	0.00146605
4.785	0.388311	-0.174361	0.0195935	-0.00874919	-1.413	0.0014286
4.79	0.38829	-0.174365	0.019591	-0.00839966	-1.41346	0.00104417
4.795	0.388267	-0.174367	0.0195849	-0.00795568	-1.41394	0.000565804
4.8	0.388241	-0.174369	0.0195766	-0.00748924	-1.41444	7.11127e-05
4.805	0.388212	-0.174374	0.019566	-0.00694872	-1.41495	-0.000506869
4.81	0.388181	-0.174377	0.0195533	-0.00649206	-1.41548	-0.000973748
4.815	0.388147	-0.174381	0.0195394	-0.00601153	-1.41602	-0.00147381
4.82	0.388113	-0.174387	0.019525	-0.00545164	-1.41657	-0.00206875
4.825	0.388078	-0.174389	0.0195119	-0.00509839	-1.41715	-0.00243221
4.83	0.388042	-0.174393	0.0194988	-0.00475827	-1.41773	-0.0027792
4.835	0.388006	-0.174396	0.0194854	-0.00438281	-1.41833	-0.00315874
4.84	0.387969	-0.174399	0.0194718	-0.00395983	-1.41894	-0.00358457
4.845	0.387931	-0.174403	0.0194582	-0.00351259	-1.41955	-0.00403392
4.85	0.387894	-0.174408	0.0194437	-0.00285783	-1.42017	-0.00467787
4.855	0.387858	-0.174413	0.0194309	-0.00216915	-1.42079	-0.00533905
4.86	0.387823	-0.174418	0.0194183	-0.00164665	-1.4214	-0.00582409
4.865	0.387789	-0.174423	0.0194066	-0.00118387	-1.422	-0.00624849
4.87	0.387756	-0.174428	0.0193958	-0.000751879	-1.4226	-0.00664144
4.875	0.387723	-0.174432	0.019386	-0.000340919	-1.42319	-0.00701367
4.88	0.387691	-0.174436	0.0193764	0.000122956	-1.42379	-0.0074574
4.885	0.387659	-0.17444	0.0193668	0.000595401	-1.42438	-0.00791346
4.89	0.387626	-0.174443	0.0193571	0.00106153	-1.42497	-0.00836411
4.895	0.387594	-0.174447	0.0193475	0.00151687	-1.42557	-0.00880426
4.9	0.387563	-0.17445	0.0193393	0.00191076	-1.42616	-0.00917297
4.905	0.387533	-0.174454	0.0193325	0.00225539	-1.42674	-0.0094864
4.91	0.387503	-0.174458	0.0193256	0.00259467	-1.42731	-0.00980584
4.915	0.387473	-0.174462	0.0193188	0.00302184	-1.42788	-0.0102182
4.92	0.387443	-0.174466	0.0193118	0.0034687	-1.42846	-0.010649
4.925	0.387413	-0.174469	0.0193049	0.00391163	-1.42904	-0.0110762
4.93	0.387383	-0.174472	0.019298	0.00433709	-1.42961	-0.0114865
4.935	0.387353	-0.174474	0.019291	0.00474317	-1.43019	-0.0118784
4.94	0.387322	-0.174476	0.0192841	0.0051324	-1.43078	-0.0122542
4.945	0.387291	-0.174478	0.0192771	0.00550755	-1.43136	-0.0126166
4.95	0.387263	-0.174481	0.0192728	0.00597261	-1.43192	-0.0130565
4.955	0.387235	-0.174484	0.0192687	0.00630741	-1.43248	-0.0133882
4.96	0.387206	-0.174486	0.0192644	0.00660498	-1.43305	-0.0136863
4.965	0.387181	-0.174489	0.019263	0.00706251	-1.43361	-0.0141311
4.97	0.387155	-0.174491	0.0192616	0.00735814	-1.43416	-0.0144245
4.975	0.387129	-0.174492	0.0192597	0.00755	-1.43471	-0.0146145
4.98	0.387105	-0.174494	0.019258	0.00784168	-1.43525	-0.0148809
4.985	0.38708	-0.174498	0.0192556	0.00833102	-1.43579	-0.0153569
4.99	0.387052	-0.174503	0.0192485	0.00900213	-1.43634	-0.01605
4.995	0.387021	-0.17451	0.0192383	0.00984956	-1.43689	-0.0169376
5.0	0.386991	-0.174513	0.0192313	0.01031	-1.43745	-0.0174078
5.005	0.386959	-0.174519	0.019223	0.010912	-1.43802	-0.0180252
5.01	0.386927	-0.174524	0.0192136	0.0114839	-1.4386	-0.0186018
5.015	0.386894	-0.174526	0.0192019	0.0116998	-1.43918	-0.018828
5.02	0.386858	-0.174528	0.0191887	0.0118099	-1.43977	-0.0189426
5.025	0.386822	-0.17453	0.0191744	0.0118979	-1.44037	-0.0190307
5.03	0.386784	-0.17453	0.019159	0.0119526	-1.44098	-0.0190813
5.035	0.386746	-0.17453	0.0191427	0.0119998	-1.4416	-0.0191222
5.04	0.386706	-0.17453	0.0191248	0.0120724	-1.44222	-0.0191729
5.045	0.386665	-0.174529	0.0191056	0.0121922	-1.44286	-0.0192683
5.05	0.386623	-0.174529	0.0190857	0.0124063	-1.4435	-0.0194638
5.055	0.386581	-0.174528	0.0190662	0.0125602	-1.44416	-0.0195957
5.06	0.386539	-0.174527	0.019047	0.0127023	-1.44481	-0.0197079
5.065	0.386527	-0.174529	0.0190573	0.0128079	-1.44532	-0.0198102
5.07	0.386539	-0.174543	0.0190951	0.012813	-1.44567	-0.0198476
5.075	0.386545	-0.174559	0.0191263	0.0129647	-1.44602	-0.020041
5.08	0.38655	-0.174563	0.0191505	0.0131952	-1.44638	-0.0202986
5.085	0.386551	-0.174567	0.0191688	0.0135783	-1.44674	-0.0206924
5.09	0.386547	-0.17457	0.0191822	0.0139741	-1.44712	-0.0211023
5.095	0.386538	-0.174574	0.01919	0.0145926	-1.44752	-0.021731
5.1	0.386526	-0.174577	0.0191943	0.0150058	-1.44793	-0.0221438
5.105	0.38651	-0.174579	0.0191953	0.015328	-1.44836	-0.0224587
5.11	0.38649	-0.174584	0.0191934	0.0158361	-1.44882	-0.0229903
5.115	0.386466	-0.174592	0.0191868	0.0167513	-1.44929	-0.0239581
5.12	0.386439	-0.174601	0.0191771	0.0179154	-1.44979	-0.0251625
5.125	0.38641	-0.174605	0.0191658	0.0187887	-1.4503	-0.0260397
5.13	0.386378	-0.174609	0.0191537	0.0193456	-1.45084	-0.026583
5.135	0.386345	-0.174613	0.0191406	0.0198454	-1.45139	-0.0270647
5.14	0.38631	-0.174617	0.0191266	0.0203837	-1.45196	-0.0275837
5.145	0.386274	-0.174621	0.0191119	0.0209922	-1.45255	-0.0281734
5.15	0.386238	-0.174626	0.0190971	0.0217184	-1.45314	-0.0288815
5.155	0.386202	-0.174632	0.0190834	0.0226592	-1.45374	-0.0298242
5.16	0.386165	-0.174639	0.019069	0.0238671	-1.45434	-0.0310259
5.165	0.386129	-0.174646	0.0190544	0.0249142	-1.45495	-0.0320618
5.17	0.386091	-0.174649	0.019038	0.0255166	-1.45556	-0.0326509
5.175	0.386051	-0.174651	0.0190199	0.0258938	-1.45619	-0.0330198
5.18	0.386009	-0.174652	0.0190005	0.0261723	-1.45682	-0.0332909
5.185	0.385967	-0.174652	0.01898	0.0264503	-1.45747	-0.0335568
5.19	0.385924	-0.174658	0.0189608	0.0271488	-1.45813	-0.0342407
5.195	0.385881	-0.174664	0.0189409	0.0282118	-1.45879	-0.035312
5.2	0.385838	-0.174671	0.0189207	0.029433	-1.45945	-0.0365454
5.205	0.385794	-0.174674	0.0188991	0.0302005	-1.46012	-0.0373294
5.21	0.385748	-0.174677	0.0188764	0.0307439	-1.4608	-0.0378866
5.215	0.385702	-0.174678	0.018853	0.0311562	-1.46148	-0.0382995
5.22	0.385655	-0.174678	0.018829	0.0315425	-1.46217	-0.0386826
5.225	0.385607	-0.174678	0.0188045	0.0319422	-1.46286	-0.0390944
5.23	0.385592	-0.174681	0.0188188	0.0322232	-1.46351	-0.0393765
5.235	0.385559	-0.174688	0.0188107	0.032528	-1.46408	-0.039697
5.24	0.38552	-0.17469	0.0187928	0.032844	-1.46464	-0.0400134
5.245	0.385476	-0.17469	0.0187689	0.0331924	-1.46523	-0.0403749
5.25	0.385453	-0.174693	0.0187704	0.0334464	-1.46579	-0.0406296
5.255	0.385423	-0.1747	0.0187657	0.0337646	-1.46635	-0.0409798
5.26	0.38539	-0.174702	0.0187543	0.0341009	-1.46692	-0.0413362
5.265	0.385352	-0.174704	0.0187379	0.0345576	-1.4675	-0.0418225
5.27	0.385329	-0.174699	0.0187332	0.0336	-1.46789	-0.0408847
5.275	0.385309	-0.174705	0.0187345	0.0323692	-1.46821	-0.0397003
5.28	0.385295	-0.174707	0.01874	0.030928	-1.46848	-0.0382991
5.285	0.385281	-0.17471	0.0187454	0.0296881	-1.46876	-0.0370971
5.29	0.385269	-0.174708	0.0187507	0.0284947	-1.46905	-0.0359315
5.295	0.385256	-0.174704	0.0187558	0.0272333	-1.46935	-0.034696
5.3	0.385242	-0.1747	0.0187604	0.0261845	-1.46966	-0.0336697
5.305	0.385222	-0.1747	0.0187563	0.0253071	-1.46999	-0.0328237
5.31	0.385205	-0.174695	0.0187559	0.0239411	-1.4703	-0.0314799
5.315	0.38519	-0.174694	0.0187592	0.0225019	-1.4706	-0.030072
5.32	0.385177	-0.174693	0.0187648	0.0211231	-1.47088	-0.028723
5.325	0.385165	-0.174691	0.0187719	0.0198108	-1.47117	-0.0274409
5.33	0.385155	-0.174689	0.0187803	0.0185667	-1.47146	-0.0262176
5.335	0.385147	-0.174687	0.0187893	0.0173462	-1.47175	-0.0250155
5.34	0.385143	-0.174684	0.0188078	0.0166151	-1.47209	-0.0242758
5.345	0.38514	-0.17468	0.0188257	0.016338	-1.47242	-0.0239841
5.35	0.385132	-0.174675	0.0188365	0.0161422	-1.47276	-0.0237586
5.355	0.385117	-0.174671	0.0188378	0.0161296	-1.47313	-0.023717
5.36	0.385098	-0.174665	0.0188353	0.0156046	-1.47347	-0.023182
5.365	0.385072	-0.174664	0.0188247	0.015256	-1.47383	-0.0228081
5.37	0.38505	-0.174658	0.0188195	0.0141949	-1.47416	-0.0217271
5.375	0.385029	-0.174656	0.018818	0.0128723	-1.4745	-0.0204075
5.38	0.38501	-0.174652	0.0188194	0.0114627	-1.47483	-0.019008
5.385	0.384993	-0.174648	0.018823	0.0099975	-1.47517	-0.0175476
5.39	0.384977	-0.174643	0.0188284	0.00854532	-1.4755	-0.0160967
5.395	0.384964	-0.174639	0.0188357	0.00713587	-1.47583	-0.01469
5.4	0.38495	-0.174635	0.0188402	0.00580511	-1.47614	-0.0133626
5.405	0.384938	-0.174632	0.0188462	0.00445054	-1.47645	-0.0120179
5.41	0.384925	-0.174632	0.0188519	0.00322918	-1.47675	-0.0108033
5.415	0.384913	-0.174631	0.0188583	0.00196486	-1.47705	-0.00952612
5.42	0.384903	-0.174629	0.0188654	0.000568642	-1.47734	-0.00811803
5.425	0.384892	-0.174628	0.0188719	-0.000485412	-1.47766	-0.00705366
5.43	0.384881	-0.174626	0.0188796	-0.00126753	-1.47799	-0.00627073
5.435	0.384871	-0.174624	0.0188872	-0.00212224	-1.47831	-0.00538965
5.44	0.384861	-0.174621	0.0188952	-0.00299215	-1.47863	-0.00448605
5.445	0.384852	-0.174617	0.0189042	-0.0038698	-1.47896	-0.00356776
5.45	0.384837	-0.174615	0.0189067	-0.00475677	-1.47927	-0.00266442
5.455	0.384816	-0.174615	0.0189019	-0.00589386	-1.47956	-0.00151231
5.46	0.384797	-0.174616	0.0188986	-0.00708032	-1.47987	-0.000315126
5.465	0.384778	-0.174617	0.0188978	-0.00825711	-1.48019	0.000862839
5.47	0.384762	-0.174618	0.0188994	-0.00942248	-1.48051	0.00202535
5.475	0.384747	-0.174618	0.018903	-0.0105555	-1.48083	0.00315427
5.48	0.384733	-0.174618	0.0189086	-0.0116788	-1.48116	0.00426938
5.485	0.38472	-0.174617	0.0189153	-0.0126115	-1.48149	0.00519647
5.49	0.384708	-0.174617	0.0189231	-0.0134137	-1.48183	0.00599655
5.495	0.384698	-0.174615	0.0189318	-0.0144929	-1.48215	0.00707407
5.5	0.384686	-0.17461	0.0189388	-0.0161349	-1.48246	0.00872029
5.505	0.384674	-0.174603	0.0189447	-0.018081	-1.48277	0.010674
5.51	0.384667	-0.174594	0.0189586	-0.0201951	-1.48315	0.0127758
5.515	0.384652	-0.17459	0.0189646	-0.0209537	-1.48355	0.0135256
5.52	0.384632	-0.174583	0.0189621	-0.0211013	-1.48398	0.0136891
5.525	0.384604	-0.174579	0.0189521	-0.0210554	-1.48444	0.0136777
5.53	0.384581	-0.174569	0.0189478	-0.0223987	-1.48488	0.0150962
5.535	0.384557	-0.174561	0.0189467	-0.0244553	-1.48529	0.0172283
5.54	0.384535	-0.174554	0.0189476	-0.0266861	-1.48569	0.0195354
5.545	0.384514	-0.174546	0.0189499	-0.028972	-1.48609	0.0219029
5.55	0.384497	-0.174537	0.018957	-0.0314954	-1.48645	0.0244373
5.555	0.384483	-0.174529	0.0189668	-0.0340506	-1.48678	0.0269818
5.56	0.384468	-0.174524	0.018974	-0.036084	-1.48713	0.0290168
5.565	0.384455	-0.174517	0.0189834	-0.037953	-1.48749	0.0309036
5.57	0.384444	-0.174504	0.018992	-0.0406513	-1.48782	0.0336255
5.575	0.384435	-0.174489	0.0190037	-0.0434007	-1.48818	0.0364392
5.58	0.384418	-0.174476	0.0190055	-0.0456826	-1.48857	0.0387845
5.585	0.384396	-0.174459	0.0189988	-0.0478371	-1.48899	0.0410023
5.59	0.384369	-0.174441	0.0189851	-0.0504248	-1.48939	0.0436658
5.595	0.384342	-0.174425	0.0189755	-0.0543685	-1.48977	0.0477167
5.6	0.384314	-0.174413	0.0189677	-0.0584018	-1.49014	0.0518785
5.605	0.384288	-0.174399	0.0189615	-0.0625918	-1.4905	0.0562279
5.61	0.384262	-0.174381	0.0189593	-0.0669545	-1.49085	0.060688
5.615	0.384237	-0.174362	0.0189589	-0.0714764	-1.49119	0.065288
5.62	0.384216	-0.174351	0.0189652	-0.0744428	-1.49155	0.0682724
5.625	0.384201	-0.174344	0.0189759	-0.0764346	-1.4919	0.0702849
5.63	0.384189	-0.174338	0.0189886	-0.0785805	-1.49224	0.0724238
5.635	0.38418	-0.174335	0.0190034	-0.0806066	-1.49255	0.0744403
5.64	0.384181	-0.174339	0.0190181	-0.0812042	-1.49271	0.0750233
5.645	0.384178	-0.174344	0.0190302	-0.0820495	-1.4929	0.0758837
5.65	0.384175	-0.174344	0.0190404	-0.0833058	-1.49311	0.0772023
5.655	0.384164	-0.174345	0.0190447	-0.0837628	-1.49338	0.077643
5.66	0.384148	-0.174339	0.0190418	-0.0837922	-1.4937	0.0776559
5.665	0.384142	-0.174333	0.0190441	-0.0838751	-1.49391	0.0777424
5.67	0.384131	-0.174322	0.0190417	-0.0861691	-1.4941	0.0800568
5.675	0.384127	-0.174324	0.0190499	-0.0874954	-1.49429	0.081365
5.68	0.384113	-0.174316	0.0190413	-0.0891924	-1.49446	0.0830413
5.685	0.384107	-0.174313	0.0190434	-0.0903285	-1.49463	0.0841708
5.69	0.384102	-0.174304	0.0190454	-0.0923263	-1.49481	0.0862004
5.695	0.384095	-0.17429	0.019045	-0.0950571	-1.49499	0.0889804
5.7	0.384112	-0.174298	0.0190856	-0.0979104	-1.4953	0.0918019
5.705	0.384125	-0.174311	0.019126	-0.0984316	-1.49566	0.0923079
5.71	0.384131	-0.174317	0.0191518	-0.0989966	-1.496	0.0928715
5.715	0.384127	-0.174315	0.0191627	-0.100689	-1.49632	0.0945603
5.72	0.384112	-0.174316	0.0191648	-0.101832	-1.49667	0.0957319
5.725	0.384106	-0.174316	0.0191741	-0.102473	-1.49697	0.0963783
5.73	0.384093	-0.174319	0.0191772	-0.102997	-1.49729	0.0968928
5.735	0.384075	-0.174319	0.0191736	-0.103631	-1.49763	0.0975336
5.74	0.384052	-0.174318	0.0191656	-0.104428	-1.49799	0.0983524
5.745	0.38403	-0.174317	0.0191589	-0.105282	-1.49835	0.09924
5.75	0.384015	-0.174319	0.0191605	-0.105946	-1.49869	0.0999014
5.755	0.384001	-0.174324	0.0191644	-0.106417	-1.49902	0.100356
5.76	0.383986	-0.174328	0.0191654	-0.106818	-1.49935	0.10074
5.765	0.383968	-0.17433	0.019163	-0.107276	-1.4997	0.101175
5.77	0.383949	-0.174331	0.0191602	-0.107761	-1.50005	0.101636
5.775	0.383931	-0.174334	0.0191581	-0.108229	-1.50041	0.102085
5.78	0.383911	-0.174337	0.019155	-0.108721	-1.50076	0.102565
5.785	0.383892	-0.17434	0.0191516	-0.109226	-1.50112	0.103059
5.79	0.383873	-0.174343	0.0191502	-0.10974	-1.50147	0.103563
5.795	0.383858	-0.174347	0.0191517	-0.110251	-1.50181	0.104062
5.8	0.383846	-0.174352	0.0191573	-0.110744	-1.50214	0.10454
5.805	0.383827	-0.174355	0.0191548	-0.111446	-1.50251	0.105223
5.81	0.383801	-0.174354	0.0191448	-0.112376	-1.50291	0.106136
5.815	0.383776	-0.174354	0.0191395	-0.113294	-1.50337	0.107041
5.82	0.383746	-0.174353	0.0191274	-0.114283	-1.50385	0.108012
5.825	0.383732	-0.174352	0.0191233	-0.114728	-1.50408	0.108452
5.83	0.383718	-0.174363	0.0191219	-0.115045	-1.50427	0.108738
5.835	0.383713	-0.174371	0.0191253	-0.115234	-1.50438	0.108906
5.84	0.383705	-0.174374	0.019128	-0.116421	-1.50451	0.110074
5.845	0.383716	-0.174387	0.0191596	-0.118046	-1.50472	0.111657
5.85	0.383718	-0.174399	0.0191802	-0.118993	-1.50498	0.112561
5.855	0.383714	-0.174406	0.0191909	-0.119722	-1.50527	0.113268
5.86	0.3837	-0.174411	0.0191927	-0.120578	-1.50559	0.1141
5.865	0.383679	-0.174414	0.0191867	-0.121572	-1.50595	0.115069
5.87	0.383651	-0.174416	0.0191738	-0.122711	-1.50635	0.116183
5.875	0.38368	-0.17442	0.0192476	-0.124549	-1.50697	0.117991
5.88	0.383703	-0.174426	0.0193091	-0.125941	-1.50749	0.119351
5.885	0.383724	-0.174428	0.0193608	-0.127157	-1.50791	0.120548
5.89	0.38375	-0.174431	0.0194111	-0.127889	-1.50821	0.121265
5.895	0.383768	-0.174437	0.0194513	-0.128453	-1.5085	0.121811
5.9	0.383777	-0.174439	0.0194789	-0.1291	-1.50878	0.122452
5.905	0.383777	-0.174438	0.0194946	-0.129993	-1.50908	0.123347
5.91	0.383767	-0.174437	0.0195	-0.130981	-1.50941	0.124337
5.915	0.383749	-0.174435	0.0194964	-0.13214	-1.50977	0.125503
5.92	0.383723	-0.174432	0.0194848	-0.133486	-1.51018	0.126859
5.925	0.38369	-0.174428	0.0194663	-0.13503	-1.51064	0.128415
5.93	0.38365	-0.174425	0.0194432	-0.136461	-1.51114	0.12986
5.935	0.383605	-0.17442	0.0194151	-0.138055	-1.51167	0.131445
5.94	0.383559	-0.174416	0.0193885	-0.139749	-1.51223	0.133121
5.945	0.383547	-0.174419	0.0193997	-0.140848	-1.51267	0.134165
5.95	0.383526	-0.174428	0.0194036	-0.142148	-1.51313	0.135427
5.955	0.383502	-0.174429	0.0193991	-0.143724	-1.5136	0.136997
5.96	0.383471	-0.174429	0.0193869	-0.145572	-1.5141	0.138852
5.965	0.383434	-0.174427	0.0193688	-0.147277	-1.51462	0.14056
5.97	0.383393	-0.174424	0.0193455	-0.149022	-1.51516	0.142296
5.975	0.383348	-0.17442	0.0193175	-0.151249	-1.51568	0.144529
5.98	0.383298	-0.174416	0.0192846	-0.153932	-1.51625	0.147224
5.985	0.383244	-0.174413	0.0192494	-0.156006	-1.51686	0.149301
5.99	0.383199	-0.174395	0.0192324	-0.160637	-1.51737	0.153985
5.995	0.38318	-0.174396	0.0192188	-0.160691	-1.51747	0.154052
6.0	0.383163	-0.174408	0.0192095	-0.160806	-1.51754	0.154139
6.005	0.383147	-0.174408	0.0192017	-0.162433	-1.51765	0.15576
6.01	0.383127	-0.174404	0.0191899	-0.164552	-1.51785	0.157903
6.015	0.383112	-0.174392	0.0191876	-0.167308	-1.51813	0.160713
6.02	0.383098	-0.174374	0.0191875	-0.170909	-1.51841	0.164387
6.025	0.383094	-0.174365	0.0191918	-0.172087	-1.51855	0.165595
6.03	0.383093	-0.174363	0.0191993	-0.172631	-1.51865	0.166146
6.035	0.383094	-0.17436	0.0192105	-0.173558	-1.51878	0.167076
6.04	0.383099	-0.174359	0.0192234	-0.173942	-1.51888	0.167463
6.045	0.383101	-0.174358	0.019236	-0.174832	-1.51902	0.16835
6.05	0.3831	-0.174354	0.0192477	-0.17622	-1.51918	0.169736
6.055	0.383104	-0.174352	0.019261	-0.176898	-1.51931	0.170415
6.06	0.383105	-0.174352	0.0192742	-0.178019	-1.51945	0.171528
6.065	0.383109	-0.174352	0.0192887	-0.178721	-1.51959	0.17222
6.07	0.383112	-0.174355	0.0193042	-0.179312	-1.51976	0.172794
6.075	0.383114	-0.174356	0.0193189	-0.179946	-1.51993	0.173403
6.08	0.383107	-0.174356	0.0193238	-0.181024	-1.52017	0.174478
6.085	0.383091	-0.174354	0.0193197	-0.182547	-1.52047	0.17601
6.09	0.383067	-0.17435	0.0193079	-0.184384	-1.52083	0.177863
6.095	0.383059	-0.174332	0.0193244	-0.187727	-1.52129	0.181249
6.1	0.383044	-0.174319	0.0193321	-0.190698	-1.52176	0.184257
6.105	0.383023	-0.174302	0.0193303	-0.194584	-1.52223	0.188224
6.11	0.382995	-0.174289	0.0193212	-0.197804	-1.52272	0.191493
6.115	0.382962	-0.174275	0.0193056	-0.200931	-1.52324	0.194663
6.12	0.382937	-0.174249	0.0193013	-0.208364	-1.52362	0.202181
6.125	0.382917	-0.174225	0.0193059	-0.217586	-1.52394	0.211494
6.13	0.382897	-0.174201	0.0193109	-0.227083	-1.52424	0.221072
6.135	0.382881	-0.174177	0.0193157	-0.235486	-1.52453	0.229554
6.14	0.382861	-0.174162	0.0193114	-0.241606	-1.52482	0.235743
6.145	0.382851	-0.174154	0.0193134	-0.245491	-1.52503	0.239654
6.15	0.382839	-0.174151	0.0193131	-0.248365	-1.52521	0.242536
6.155	0.382829	-0.174151	0.0193143	-0.250977	-1.52541	0.245168
6.16	0.382822	-0.174153	0.0193192	-0.253319	-1.52563	0.247534
6.165	0.382826	-0.174155	0.0193424	-0.255621	-1.52591	0.249841
6.17	0.382822	-0.174155	0.0193555	-0.257837	-1.52622	0.25206
6.175	0.38281	-0.174152	0.0193585	-0.260353	-1.52656	0.254589
6.18	0.38279	-0.174148	0.0193526	-0.263214	-1.52694	0.257463
6.185	0.382762	-0.174143	0.0193387	-0.266477	-1.52736	0.26074
6.19	0.382727	-0.174138	0.0193179	-0.270181	-1.52781	0.264459
6.195	0.382695	-0.174125	0.0193002	-0.27711	-1.52818	0.271472
6.2	0.382656	-0.174127	0.0192804	-0.281998	-1.5286	0.276396
6.205	0.382624	-0.174117	0.0192644	-0.289218	-1.52898	0.283732
6.21	0.382604	-0.17412	0.0192571	-0.292545	-1.52923	0.287074
6.215	0.382574	-0.174129	0.0192414	-0.295053	-1.52957	0.289587
6.22	0.382545	-0.174126	0.0192227	-0.299493	-1.52992	0.294126
6.225	0.382541	-0.174132	0.019236	-0.302033	-1.53019	0.296653
6.23	0.382534	-0.174138	0.0192477	-0.30561	-1.53047	0.300223
6.235	0.382526	-0.174142	0.0192532	-0.308016	-1.53073	0.302635
6.24	0.382517	-0.174144	0.0192557	-0.311385	-1.53098	0.306081
6.245	0.382505	-0.174142	0.0192573	-0.316335	-1.53121	0.311087
6.25	0.38249	-0.17414	0.0192554	-0.321467	-1.53147	0.316263
6.255	0.382473	-0.174136	0.0192519	-0.326284	-1.53175	0.321127
6.26	0.382456	-0.17413	0.019248	-0.332799	-1.53201	0.327699
6.265	0.382438	-0.174122	0.0192443	-0.340467	-1.53223	0.335423
6.27	0.382421	-0.174125	0.0192367	-0.342452	-1.53239	0.337401
6.275	0.382396	-0.174127	0.0192215	-0.345098	-1.53265	0.340046
6.28	0.38237	-0.174124	0.0192058	-0.348957	-1.53297	0.343915
6.285	0.382366	-0.174125	0.0192167	-0.351504	-1.53321	0.346442
6.29	0.382353	-0.174132	0.01922	-0.354367	-1.53349	0.349286
6.295	0.382335	-0.174134	0.0192156	-0.357424	-1.5338	0.352347
6.3	0.382315	-0.174134	0.0192093	-0.360849	-1.53414	0.355779
6.305	0.382295	-0.174135	0.0192044	-0.364496	-1.5345	0.359435
6.31	0.382275	-0.174137	0.0192012	-0.368293	-1.53485	0.363243
6.315	0.382256	-0.174138	0.0191987	-0.372635	-1.53521	0.367596
6.32	0.382237	-0.174138	0.0191969	-0.37731	-1.53556	0.372283
6.325	0.382219	-0.174138	0.0191956	-0.382232	-1.53591	0.377219
6.33	0.382197	-0.174138	0.0191907	-0.387583	-1.53627	0.382601
6.335	0.382175	-0.174135	0.0191845	-0.393438	-1.53665	0.388495
6.34	0.382153	-0.174132	0.0191777	-0.399822	-1.53703	0.39492
6.345	0.382129	-0.174128	0.0191707	-0.406728	-1.53742	0.401865
6.35	0.382104	-0.174122	0.0191624	-0.41423	-1.5378	0.4094
6.355	0.382079	-0.174115	0.0191532	-0.422368	-1.53819	0.417574
6.36	0.382052	-0.174107	0.0191432	-0.431173	-1.53857	0.426415
6.365	0.382025	-0.174098	0.0191328	-0.440656	-1.53895	0.435938
6.37	0.382	-0.174091	0.0191273	-0.449443	-1.53933	0.444753
6.375	0.381977	-0.174084	0.0191248	-0.457952	-1.53969	0.453286
6.38	0.381956	-0.174078	0.0191243	-0.466272	-1.54004	0.461627
6.385	0.381937	-0.174073	0.0191254	-0.474404	-1.54037	0.469776
6.39	0.381913	-0.17407	0.0191149	-0.483141	-1.54074	0.478586
6.395	0.381885	-0.174066	0.0191018	-0.491779	-1.54108	0.487278
6.4	0.381862	-0.17406	0.0190966	-0.500869	-1.5414	0.496399
6.405	0.381841	-0.174053	0.0190967	-0.510283	-1.54171	0.505835
6.41	0.381821	-0.174049	0.0190956	-0.519613	-1.54201	0.515208
6.415	0.381791	-0.17405	0.0190832	-0.526803	-1.5424	0.522395
6.42	0.381769	-0.174042	0.0190775	-0.535979	-1.54272	0.531605
6.425	0.38176	-0.174044	0.0190776	-0.539363	-1.54285	0.534986
6.43	0.381754	-0.174054	0.0190817	-0.541373	-1.54294	0.536971
6.435	0.381752	-0.174062	0.0190887	-0.543092	-1.54302	0.538669
6.44	0.381747	-0.174069	0.0190931	-0.545949	-1.54316	0.541549
6.445	0.381735	-0.174072	0.0190896	-0.549394	-1.54331	0.545001
6.45	0.381721	-0.174076	0.0190849	-0.554042	-1.54349	0.549696
6.455	0.381697	-0.17408	0.0190713	-0.559696	-1.54375	0.555363
6.46	0.381675	-0.174083	0.0190618	-0.566167	-1.54408	0.561861
6.465	0.381667	-0.174086	0.0190593	-0.568889	-1.5442	0.564585
6.47	0.38166	-0.174098	0.0190616	-0.57079	-1.54429	0.566456
6.475	0.38165	-0.174107	0.019062	-0.574052	-1.54441	0.56972
6.48	0.381639	-0.174114	0.0190604	-0.578476	-1.54458	0.574195
6.485	0.381626	-0.174121	0.0190568	-0.583827	-1.54478	0.579632
6.49	0.38161	-0.174126	0.0190518	-0.590091	-1.54502	0.586004
6.495	0.381593	-0.174132	0.0190458	-0.597238	-1.54529	0.593272
6.5	0.381574	-0.174137	0.019039	-0.605223	-1.54557	0.601388
6.505	0.38154	-0.174138	0.0190046	-0.610579	-1.54574	0.606893
6.51	0.381494	-0.174138	0.0189551	-0.615902	-1.54595	0.612262
6.515	0.381446	-0.174135	0.0189017	-0.620586	-1.54616	0.616976
6.52	0.381427	-0.174136	0.0188825	-0.623078	-1.54626	0.619457
6.525	0.381403	-0.174144	0.0188556	-0.624831	-1.54628	0.621183
6.53	0.381369	-0.174148	0.0188186	-0.628273	-1.54636	0.624614
6.535	0.381328	-0.174147	0.0187724	-0.633245	-1.5465	0.629599
6.54	0.381279	-0.174143	0.0187184	-0.640502	-1.54668	0.636872
6.545	0.381242	-0.17414	0.0186741	-0.643572	-1.54677	0.63992
6.55	0.381196	-0.174143	0.0186257	-0.647926	-1.54692	0.644249
6.555	0.381153	-0.174144	0.0185778	-0.649948	-1.5471	0.646246
6.56	0.381125	-0.174144	0.0185377	-0.648002	-1.54708	0.644292
6.565	0.381085	-0.174152	0.0184905	-0.648601	-1.54706	0.644851
6.57	0.381064	-0.174156	0.0184653	-0.649515	-1.54708	0.645737
6.575	0.381041	-0.174162	0.01844	-0.649784	-1.54713	0.645985
6.58	0.38102	-0.174164	0.0184103	-0.647893	-1.54713	0.644075
6.585	0.381003	-0.174169	0.0183868	-0.645996	-1.54712	0.642147
6.59	0.380989	-0.174173	0.0183659	-0.643818	-1.54706	0.639951
6.595	0.380977	-0.174178	0.0183463	-0.641198	-1.54702	0.637313
6.6	0.380966	-0.174181	0.0183279	-0.63894	-1.54696	0.635046
6.605	0.380951	-0.17418	0.0183064	-0.63847	-1.54691	0.634568
6.61	0.380939	-0.174181	0.0182866	-0.636565	-1.54686	0.632646
6.615	0.380928	-0.174182	0.0182679	-0.634498	-1.5468	0.630574
6.62	0.380918	-0.174183	0.0182502	-0.632439	-1.54674	0.62851
6.625	0.380909	-0.174185	0.0182334	-0.630442	-1.54668	0.626509
6.63	0.3809	-0.174187	0.0182172	-0.628476	-1.54662	0.624539
6.635	0.380891	-0.174188	0.0182015	-0.626548	-1.54656	0.622607
6.64	0.380883	-0.17419	0.0181864	-0.624654	-1.5465	0.620709
6.645	0.380872	-0.174191	0.0181674	-0.622156	-1.54648	0.618175
6.65	0.38086	-0.174189	0.0181488	-0.621056	-1.54644	0.617065
6.655	0.380846	-0.174185	0.0181282	-0.621316	-1.54639	0.617328
6.66	0.380831	-0.174181	0.0181082	-0.622431	-1.54635	0.618444
6.665	0.380816	-0.174178	0.0180884	-0.623708	-1.54632	0.619728
6.67	0.380799	-0.174175	0.0180682	-0.625096	-1.5463	0.621122
6.675	0.380782	-0.174172	0.0180476	-0.626509	-1.54629	0.622541
6.68	0.380764	-0.174169	0.0180273	-0.627853	-1.54629	0.623893
6.685	0.380745	-0.174165	0.0180043	-0.629175	-1.54631	0.625247
6.69	0.380723	-0.174164	0.0179787	-0.630333	-1.54634	0.626424
6.695	0.380697	-0.174159	0.0179485	-0.633046	-1.54638	0.629161
6.7	0.380671	-0.174156	0.0179214	-0.635829	-1.54641	0.631952
6.705	0.380646	-0.174152	0.0178934	-0.638714	-1.54643	0.634854
6.71	0.380621	-0.17415	0.0178681	-0.640768	-1.54647	0.6369
6.715	0.380599	-0.17415	0.0178432	-0.641537	-1.54653	0.637655
6.72	0.380578	-0.174151	0.0178192	-0.642076	-1.5466	0.63817
6.725	0.380558	-0.174151	0.0177962	-0.642783	-1.54665	0.638845
6.73	0.380539	-0.174151	0.0177743	-0.64338	-1.54669	0.639425
6.735	0.380522	-0.174151	0.0177523	-0.644081	-1.54671	0.640108
6.74	0.380502	-0.174151	0.0177296	-0.644788	-1.54673	0.640809
6.745	0.38049	-0.17415	0.0177139	-0.644853	-1.54673	0.640875
6.75	0.380482	-0.174152	0.0177023	-0.64398	-1.5467	0.639998
6.755	0.380476	-0.174155	0.0176908	-0.642476	-1.54666	0.638488
6.76	0.38047	-0.174157	0.0176792	-0.64081	-1.54661	0.636818
6.765	0.380464	-0.174158	0.0176675	-0.639103	-1.54656	0.635107
6.77	0.380459	-0.17416	0.0176557	-0.637383	-1.54651	0.633384
6.775	0.380453	-0.174161	0.0176437	-0.635662	-1.54645	0.63166
6.78	0.380446	-0.174162	0.0176296	-0.634068	-1.5464	0.630065
6.785	0.380439	-0.174163	0.0176157	-0.632305	-1.54635	0.6283
6.79	0.380432	-0.174164	0.0176019	-0.630513	-1.54629	0.626505
6.795	0.380425	-0.174166	0.0175883	-0.628727	-1.54623	0.624714
6.8	0.380418	-0.174167	0.0175749	-0.626953	-1.54618	0.622937
6.805	0.380411	-0.174169	0.0175615	-0.625192	-1.54612	0.621172
6.81	0.380405	-0.174171	0.0175483	-0.623445	-1.54607	0.619421
6.815	0.380397	-0.174173	0.0175344	-0.621704	-1.54602	0.617676
6.82	0.38039	-0.174174	0.0175207	-0.619951	-1.54596	0.615919
6.825	0.380383	-0.174176	0.0175071	-0.618207	-1.54591	0.61417
6.83	0.380376	-0.174178	0.0174936	-0.616476	-1.54585	0.612434
6.835	0.380369	-0.17418	0.0174803	-0.614759	-1.54579	0.610712
6.84	0.380363	-0.174182	0.017467	-0.613054	-1.54574	0.609002
6.845	0.380356	-0.174184	0.0174538	-0.611361	-1.54568	0.607304
6.85	0.380349	-0.174186	0.0174407	-0.609679	-1.54563	0.605617
6.855	0.380343	-0.174188	0.0174276	-0.608007	-1.54557	0.60394
6.86	0.380336	-0.17419	0.0174146	-0.606344	-1.54552	0.602272
6.865	0.38033	-0.174193	0.0174017	-0.604691	-1.54546	0.600614
6.87	0.380323	-0.174195	0.0173887	-0.603047	-1.54541	0.598964
6.875	0.380316	-0.174197	0.0173758	-0.601411	-1.54535	0.597323
6.88	0.38031	-0.174199	0.0173629	-0.599783	-1.5453	0.59569
6.885	0.380303	-0.174201	0.01735	-0.598162	-1.54524	0.594064
6.89	0.380297	-0.174203	0.0173371	-0.59655	-1.54519	0.592447
6.895	0.38029	-0.174205	0.0173243	-0.594922	-1.54513	0.590813
6.9	0.380284	-0.174207	0.0173114	-0.593318	-1.54508	0.589204
