0.0	0.333706	-0.17241	0.0336918	-0.369617	-1.57018	0.369649
0.005	0.332479	-0.183034	0.0339483	-2.5918	-1.56823	2.1216
0.01	0.333443	-0.178384	0.0337494	-0.652107	-1.57035	0.38925
0.015	0.333472	-0.178321	0.0337415	-0.648879	-1.56995	0.385544
0.02	0.333487	-0.178296	0.0337472	-0.618568	-1.57024	0.357167
0.025	0.333483	-0.178289	0.0337403	-0.614482	-1.56988	0.35365
0.03	0.333473	-0.178287	0.0337307	-0.614354	-1.56937	0.354012
0.035	0.333524	-0.178303	0.0337479	-0.623053	-1.57023	0.361266
0.04	0.333532	-0.178313	0.0337445	-0.627282	-1.57003	0.365207
0.045	0.333533	-0.178323	0.0337376	-0.628544	-1.56965	0.366273
0.05	0.33353	-0.178335	0.0337279	-0.628558	-1.56912	0.366165
0.055	0.333598	-0.178288	0.0337437	-0.618797	-1.56991	0.357796
0.06	0.333617	-0.17828	0.0337398	-0.616712	-1.56968	0.356212
0.065	0.333629	-0.178276	0.0337326	-0.616539	-1.56927	0.356476
0.07	0.333637	-0.178276	0.0337227	-0.61696	-1.56872	0.357281
0.075	0.3337	-0.178297	0.0337377	-0.620483	-1.56945	0.359249
0.08	0.333724	-0.178308	0.0337335	-0.62252	-1.56919	0.36092
0.085	0.333742	-0.17832	0.0337261	-0.623857	-1.56876	0.362
0.09	0.333757	-0.178333	0.0337161	-0.624607	-1.56818	0.362579
0.095	0.333841	-0.178271	0.0337297	-0.61712	-1.56884	0.357218
0.1	0.333877	-0.178258	0.0337251	-0.615688	-1.56855	0.356531
0.105	0.333907	-0.17825	0.0337174	-0.615206	-1.56809	0.356681
0.11	0.333959	-0.178281	0.033721	-0.617316	-1.56822	0.357192
0.115	0.333991	-0.178294	0.0337138	-0.618393	-1.56777	0.357975
0.12	0.334019	-0.178306	0.033704	-0.619333	-1.5672	0.358716
0.125	0.334045	-0.178319	0.0336923	-0.620071	-1.56651	0.35933
0.13	0.334164	-0.178252	0.0337133	-0.614387	-1.56754	0.355696
0.135	0.334221	-0.178237	0.0337109	-0.613237	-1.56734	0.355282
0.14	0.334271	-0.178227	0.033705	-0.612797	-1.56696	0.355465
0.145	0.334317	-0.178222	0.0336964	-0.612774	-1.56643	0.355975
0.15	0.334376	-0.178262	0.0336958	-0.613373	-1.56631	0.354721
0.155	0.334421	-0.178279	0.0336869	-0.614114	-1.56576	0.355042
0.16	0.334464	-0.178294	0.033676	-0.614913	-1.56509	0.355541
0.165	0.334576	-0.178232	0.0336876	-0.610908	-1.56561	0.353775
0.17	0.334642	-0.178219	0.0336822	-0.610316	-1.56524	0.353922
0.175	0.334702	-0.178211	0.0336741	-0.610133	-1.56472	0.354365
0.18	0.334759	-0.178208	0.0336637	-0.610182	-1.56407	0.354949
0.185	0.334853	-0.178232	0.0336707	-0.608377	-1.56433	0.351653
0.19	0.33492	-0.178243	0.033664	-0.608352	-1.56388	0.351339
0.195	0.334984	-0.178254	0.0336548	-0.608676	-1.56329	0.351466
0.2	0.335086	-0.178205	0.0336567	-0.606244	-1.56328	0.351094
0.205	0.335161	-0.178195	0.0336487	-0.605949	-1.56275	0.351512
0.21	0.335232	-0.178189	0.0336386	-0.605934	-1.5621	0.352101
0.215	0.3353	-0.178187	0.0336268	-0.606079	-1.56136	0.352763
0.22	0.335426	-0.178196	0.0336396	-0.602733	-1.56192	0.348315
0.225	0.335514	-0.178202	0.0336346	-0.602148	-1.56153	0.347571
0.23	0.335597	-0.17821	0.0336269	-0.602054	-1.561	0.347386
0.235	0.335677	-0.178218	0.0336171	-0.602294	-1.56035	0.347588
0.24	0.33579	-0.178161	0.0336156	-0.599609	-1.56015	0.347407
0.245	0.335879	-0.178148	0.0336063	-0.599151	-1.55952	0.347876
0.25	0.335965	-0.178139	0.0335953	-0.598999	-1.5588	0.348499
0.255	0.336087	-0.178159	0.0336001	-0.596812	-1.55892	0.345062
0.26	0.336183	-0.178166	0.0335927	-0.596496	-1.55839	0.344626
0.265	0.336277	-0.178174	0.0335833	-0.596556	-1.55774	0.344626
0.27	0.336368	-0.178183	0.0335722	-0.596866	-1.557	0.344922
0.275	0.33651	-0.178119	0.0335759	-0.592599	-1.55707	0.343204
0.28	0.336618	-0.178103	0.0335682	-0.59165	-1.55652	0.343206
0.285	0.336723	-0.178092	0.0335585	-0.591162	-1.55585	0.343513
0.29	0.336825	-0.178086	0.0335473	-0.590999	-1.55509	0.34402
0.295	0.336957	-0.178113	0.03355	-0.58876	-1.55509	0.340248
0.3	0.337068	-0.178124	0.033542	-0.58841	-1.55449	0.339641
0.305	0.337177	-0.178134	0.0335321	-0.588441	-1.5538	0.339501
0.31	0.337315	-0.178076	0.0335286	-0.585282	-1.55347	0.338961
0.315	0.337433	-0.178063	0.0335189	-0.584588	-1.55279	0.339187
0.32	0.337548	-0.178054	0.0335078	-0.584275	-1.55202	0.339643
0.325	0.337662	-0.17805	0.0334956	-0.584232	-1.55118	0.34025
0.33	0.337775	-0.178048	0.0334825	-0.584375	-1.5503	0.340946
0.335	0.337954	-0.178053	0.0334962	-0.578773	-1.5509	0.334146
0.34	0.33809	-0.178057	0.0334916	-0.577325	-1.55048	0.332519
0.345	0.338223	-0.178063	0.0334846	-0.576525	-1.54993	0.331609
0.35	0.338342	-0.17802	0.0334675	-0.576027	-1.54882	0.33377
0.355	0.338466	-0.178009	0.0334541	-0.575888	-1.54791	0.334586
0.36	0.33859	-0.178003	0.0334403	-0.575963	-1.54697	0.335458
0.365	0.338714	-0.178001	0.0334259	-0.576186	-1.54599	0.336353
0.37	0.338914	-0.177995	0.0334416	-0.569677	-1.54672	0.328941
0.375	0.339067	-0.177995	0.0334375	-0.567914	-1.54631	0.327145
0.38	0.339215	-0.177997	0.033431	-0.566849	-1.54576	0.326088
0.385	0.339336	-0.177965	0.03341	-0.566818	-1.54442	0.328412
0.39	0.33947	-0.177957	0.0333956	-0.566746	-1.54343	0.329229
0.395	0.339605	-0.177953	0.033381	-0.566879	-1.54243	0.330105
0.4	0.339741	-0.177952	0.0333663	-0.567155	-1.5414	0.33101
0.405	0.339878	-0.177954	0.0333514	-0.567529	-1.54037	0.331921
0.41	0.340121	-0.177921	0.0333758	-0.557621	-1.54162	0.32165
0.415	0.340298	-0.177913	0.0333748	-0.554647	-1.54138	0.318786
0.42	0.340469	-0.177909	0.0333709	-0.552621	-1.54098	0.316881
0.425	0.340568	-0.177897	0.0333371	-0.555732	-1.53886	0.322167
0.43	0.340708	-0.177895	0.0333193	-0.556333	-1.53765	0.323631
0.435	0.340851	-0.177895	0.0333021	-0.556955	-1.53647	0.324977
0.44	0.340996	-0.177898	0.0332854	-0.557587	-1.5353	0.326222
0.445	0.341256	-0.177854	0.0333103	-0.547076	-1.53662	0.315681
0.45	0.341445	-0.177842	0.033309	-0.543977	-1.53636	0.312837
0.455	0.341629	-0.177836	0.033305	-0.541836	-1.53593	0.310933
0.46	0.341737	-0.177832	0.0332701	-0.544818	-1.53373	0.31579
0.465	0.341888	-0.177832	0.0332521	-0.54536	-1.53248	0.31713
0.47	0.342042	-0.177834	0.0332348	-0.545953	-1.53127	0.318394
0.475	0.342199	-0.177837	0.0332182	-0.546579	-1.53008	0.31959
0.48	0.342467	-0.177783	0.0332405	-0.535742	-1.53128	0.309208
0.485	0.342668	-0.177768	0.0332384	-0.53253	-1.53097	0.306409
0.49	0.342864	-0.177758	0.0332339	-0.530289	-1.53051	0.30453
0.495	0.34298	-0.177762	0.0331989	-0.533225	-1.52826	0.309036
0.5	0.343143	-0.177764	0.0331808	-0.533735	-1.52699	0.310281
0.505	0.343308	-0.177767	0.0331637	-0.534317	-1.52575	0.311482
0.51	0.343477	-0.177772	0.0331472	-0.534947	-1.52455	0.312639
0.515	0.343752	-0.177707	0.0331663	-0.523695	-1.52561	0.302308
0.52	0.343963	-0.177689	0.0331633	-0.520343	-1.52525	0.299517
0.525	0.344169	-0.177677	0.0331582	-0.517983	-1.52475	0.297639
0.53	0.344372	-0.17767	0.0331515	-0.516415	-1.52414	0.296489
0.535	0.344481	-0.17768	0.0331094	-0.519649	-1.52144	0.301441
0.54	0.344647	-0.177684	0.0330883	-0.520452	-1.51996	0.303049
0.545	0.344818	-0.17769	0.0330687	-0.521245	-1.51856	0.304518
0.55	0.345103	-0.177633	0.0330871	-0.511733	-1.51956	0.295644
0.555	0.345321	-0.177619	0.0330829	-0.509055	-1.51911	0.29348
0.56	0.345536	-0.177609	0.033077	-0.507214	-1.51854	0.292082
0.565	0.345747	-0.177604	0.0330696	-0.506036	-1.51787	0.291291
0.57	0.345877	-0.177596	0.0330305	-0.505965	-1.51538	0.293305
0.575	0.346056	-0.177595	0.0330103	-0.505832	-1.51396	0.294096
0.58	0.346241	-0.177597	0.0329917	-0.505926	-1.5126	0.29496
0.585	0.34643	-0.177601	0.0329743	-0.506192	-1.51131	0.295874
0.59	0.346739	-0.177537	0.0329964	-0.496124	-1.51258	0.286375
0.595	0.346976	-0.17752	0.0329945	-0.493035	-1.51226	0.283765
0.6	0.347208	-0.177509	0.0329905	-0.490862	-1.5118	0.282006
0.605	0.347335	-0.177514	0.0329482	-0.492372	-1.50905	0.285354
0.61	0.347524	-0.177516	0.0329282	-0.49244	-1.5076	0.286267
0.615	0.347719	-0.177519	0.0329098	-0.492694	-1.50624	0.287229
0.62	0.347918	-0.177525	0.0328928	-0.493089	-1.50494	0.288221
0.625	0.348227	-0.17745	0.03291	-0.482064	-1.50599	0.278283
0.63	0.34847	-0.177429	0.0329066	-0.478691	-1.50559	0.275553
0.635	0.34871	-0.177415	0.0329015	-0.47629	-1.50507	0.273698
0.64	0.34885	-0.177429	0.0328619	-0.478335	-1.50241	0.277213
0.645	0.34905	-0.177433	0.0328426	-0.478516	-1.50098	0.278153
0.65	0.349254	-0.177438	0.0328249	-0.478863	-1.49963	0.279139
0.655	0.349463	-0.177446	0.0328085	-0.479336	-1.49834	0.280153
0.66	0.34977	-0.17736	0.0328204	-0.467486	-1.49915	0.269884
0.665	0.35002	-0.177336	0.0328155	-0.463857	-1.49868	0.267054
0.67	0.350265	-0.177319	0.0328092	-0.46125	-1.49809	0.265117
0.675	0.350508	-0.177309	0.0328019	-0.459458	-1.49742	0.263891
0.68	0.350637	-0.177331	0.0327562	-0.462132	-1.49433	0.268077
0.685	0.350837	-0.17734	0.0327341	-0.462711	-1.49269	0.269438
0.69	0.351044	-0.177349	0.0327142	-0.463357	-1.49118	0.270739
0.695	0.351363	-0.177273	0.0327276	-0.45325	-1.49205	0.26187
0.7	0.351619	-0.177253	0.0327222	-0.450292	-1.49152	0.259629
0.705	0.351871	-0.177241	0.0327156	-0.448209	-1.49089	0.25815
0.71	0.352121	-0.177234	0.0327081	-0.44682	-1.49019	0.257274
0.715	0.352263	-0.177234	0.0326635	-0.446287	-1.48724	0.258717
0.72	0.352473	-0.177236	0.0326419	-0.445935	-1.48564	0.259291
0.725	0.352689	-0.17724	0.0326225	-0.445868	-1.48417	0.259995
0.73	0.353005	-0.177182	0.032633	-0.438324	-1.48479	0.253355
0.735	0.353265	-0.177167	0.0326268	-0.436015	-1.48419	0.251685
0.74	0.353523	-0.177159	0.0326196	-0.43444	-1.48351	0.25065
0.745	0.353701	-0.177148	0.0325851	-0.432486	-1.48119	0.250471
0.75	0.353928	-0.177146	0.0325672	-0.431601	-1.47983	0.250451
0.755	0.354159	-0.177148	0.0325508	-0.431131	-1.47854	0.250702
0.76	0.354394	-0.177152	0.0325357	-0.430983	-1.4773	0.25116
0.765	0.354633	-0.177159	0.0325215	-0.431085	-1.47612	0.251775
0.77	0.354937	-0.177061	0.0325226	-0.419117	-1.47638	0.241959
0.775	0.355203	-0.177034	0.032515	-0.415315	-1.47576	0.239146
0.78	0.355467	-0.177015	0.0325069	-0.41256	-1.47507	0.237212
0.785	0.355729	-0.177004	0.0324983	-0.410637	-1.47431	0.235974
0.79	0.355884	-0.177034	0.0324566	-0.41321	-1.47132	0.239697
0.795	0.356106	-0.177046	0.0324358	-0.413732	-1.4697	0.240912
0.8	0.356336	-0.177059	0.0324172	-0.41435	-1.4682	0.242112
0.805	0.356659	-0.176968	0.0324227	-0.403732	-1.46871	0.233278
0.81	0.356931	-0.176946	0.0324152	-0.400578	-1.46808	0.231006
0.815	0.3572	-0.176931	0.0324072	-0.398329	-1.46737	0.229492
0.82	0.357468	-0.176924	0.0323988	-0.3968	-1.46661	0.228577
0.825	0.357629	-0.176929	0.0323566	-0.396235	-1.46368	0.229699
0.83	0.357857	-0.176933	0.0323358	-0.395829	-1.46208	0.230151
0.835	0.358093	-0.176941	0.0323172	-0.395726	-1.46061	0.230762
0.84	0.358415	-0.176871	0.0323218	-0.387756	-1.46097	0.224145
0.845	0.35869	-0.176855	0.032314	-0.385276	-1.46029	0.22244
0.85	0.358963	-0.176846	0.0323059	-0.383557	-1.45955	0.221369
0.855	0.359234	-0.176842	0.0322974	-0.382441	-1.45877	0.220798
0.86	0.359401	-0.176822	0.032255	-0.379122	-1.45591	0.21966
0.865	0.359634	-0.17682	0.0322342	-0.377916	-1.45434	0.219463
0.87	0.359874	-0.176822	0.0322156	-0.377191	-1.45288	0.219571
0.875	0.36012	-0.176828	0.0321989	-0.376841	-1.45153	0.219914
0.88	0.360461	-0.176752	0.0322071	-0.368496	-1.45218	0.212867
0.885	0.360748	-0.176733	0.0322014	-0.365785	-1.45164	0.210902
0.89	0.361031	-0.176722	0.0321949	-0.363879	-1.45103	0.20962
0.895	0.361199	-0.176722	0.0321536	-0.362566	-1.44811	0.210071
0.9	0.361437	-0.176724	0.0321339	-0.361776	-1.44658	0.210169
0.905	0.361683	-0.17673	0.0321163	-0.361377	-1.44516	0.210506
0.91	0.361933	-0.176739	0.0321004	-0.361284	-1.44383	0.211026
0.915	0.362261	-0.176646	0.0321022	-0.351328	-1.44418	0.202914
0.92	0.362545	-0.176622	0.0320945	-0.348143	-1.44355	0.200641
0.925	0.362827	-0.176608	0.0320865	-0.34586	-1.44286	0.199114
0.93	0.363011	-0.176621	0.0320506	-0.345873	-1.44019	0.200429
0.935	0.363256	-0.176626	0.0320323	-0.345411	-1.43873	0.200736
0.94	0.363506	-0.176636	0.0320159	-0.34527	-1.43737	0.201235
0.945	0.363762	-0.176648	0.0320009	-0.34538	-1.43609	0.201883
0.95	0.364075	-0.176539	0.0319967	-0.334076	-1.43613	0.19292
0.955	0.364356	-0.176511	0.0319873	-0.330492	-1.43541	0.190395
0.96	0.364637	-0.176493	0.0319779	-0.327892	-1.43465	0.188669
0.965	0.364916	-0.176484	0.0319685	-0.326075	-1.43386	0.187576
0.97	0.365086	-0.176508	0.0319296	-0.326954	-1.4309	0.189652
0.975	0.365326	-0.17652	0.0319097	-0.326945	-1.42929	0.190361
0.98	0.365573	-0.176534	0.0318921	-0.327157	-1.42782	0.191172
0.985	0.365898	-0.17644	0.0318917	-0.317632	-1.42806	0.183562
0.99	0.366182	-0.176419	0.0318827	-0.314704	-1.42735	0.181563
0.995	0.366464	-0.176407	0.0318736	-0.31262	-1.42659	0.180247
1.0	0.366744	-0.176402	0.0318646	-0.311208	-1.42581	0.179473
1.005	0.366914	-0.176397	0.0318245	-0.309266	-1.42288	0.179277
1.01	0.367153	-0.176401	0.0318044	-0.308426	-1.42129	0.179318
1.015	0.367401	-0.176409	0.0317866	-0.307986	-1.41984	0.179607
1.02	0.367654	-0.17642	0.0317706	-0.30786	-1.41849	0.180088
1.025	0.367995	-0.176316	0.0317737	-0.297758	-1.41904	0.17192
1.03	0.368287	-0.17629	0.0317666	-0.294495	-1.41849	0.169594
1.035	0.368575	-0.176275	0.031759	-0.292142	-1.41786	0.168015
1.04	0.368745	-0.176294	0.0317211	-0.292333	-1.41493	0.16946
1.045	0.368988	-0.176303	0.0317023	-0.291905	-1.41341	0.169786
1.05	0.369237	-0.176315	0.0316855	-0.29179	-1.41201	0.170297
1.055	0.369548	-0.176234	0.0316813	-0.2838	-1.41194	0.164082
1.06	0.369827	-0.176217	0.0316713	-0.281292	-1.41115	0.162462
1.065	0.370105	-0.176209	0.0316614	-0.27954	-1.41035	0.161441
1.07	0.370383	-0.176208	0.0316517	-0.278385	-1.40952	0.160895
1.075	0.370564	-0.176185	0.0316161	-0.274862	-1.40691	0.159263
1.08	0.370807	-0.176184	0.0315974	-0.273562	-1.40543	0.158884
1.085	0.371056	-0.176189	0.0315806	-0.27276	-1.40407	0.158841
1.09	0.37131	-0.176198	0.0315654	-0.272351	-1.4028	0.159061
1.095	0.37163	-0.176112	0.0315638	-0.264194	-1.40295	0.152638
1.1	0.371913	-0.176093	0.0315553	-0.261517	-1.4023	0.150833
1.105	0.372194	-0.176084	0.0315465	-0.259627	-1.4016	0.149661
1.11	0.372474	-0.176082	0.0315377	-0.258363	-1.40086	0.148994
1.115	0.372623	-0.176069	0.0314961	-0.255769	-1.3977	0.148308
1.12	0.372855	-0.176073	0.0314756	-0.25475	-1.39606	0.148211
1.125	0.373094	-0.176081	0.0314573	-0.254168	-1.39457	0.148386
1.13	0.373428	-0.176015	0.03146	-0.247822	-1.39499	0.143278
1.135	0.37371	-0.176002	0.0314519	-0.245719	-1.39436	0.141914
1.14	0.373989	-0.175999	0.0314436	-0.244282	-1.39368	0.14109
1.145	0.37417	-0.175978	0.0314108	-0.241171	-1.39117	0.139716
1.15	0.374411	-0.175978	0.0313935	-0.239913	-1.38979	0.139323
1.155	0.374658	-0.175983	0.0313778	-0.239144	-1.38852	0.139266
1.16	0.374909	-0.175994	0.0313635	-0.23876	-1.38732	0.139473
1.165	0.375205	-0.175908	0.0313571	-0.230801	-1.38713	0.133367
1.17	0.375477	-0.17589	0.0313471	-0.228201	-1.38639	0.131665
1.175	0.375747	-0.175881	0.0313373	-0.22637	-1.38562	0.130573
1.18	0.376017	-0.17588	0.0313275	-0.22515	-1.38484	0.129963
1.185	0.376183	-0.175866	0.0312936	-0.222553	-1.38217	0.129042
1.19	0.376415	-0.175869	0.0312753	-0.221547	-1.3807	0.128876
1.195	0.376653	-0.175878	0.0312589	-0.220975	-1.37935	0.128996
1.2	0.376896	-0.175891	0.031244	-0.220746	-1.37811	0.12934
1.205	0.377213	-0.17579	0.0312434	-0.211876	-1.37844	0.12233
1.21	0.377488	-0.175768	0.0312353	-0.209001	-1.37787	0.120347
1.215	0.37776	-0.175756	0.0312268	-0.206948	-1.37725	0.119027
1.22	0.377925	-0.175769	0.031195	-0.206488	-1.37462	0.119743
1.225	0.378155	-0.175778	0.031178	-0.205935	-1.37322	0.119896
1.23	0.378391	-0.175792	0.0311625	-0.205722	-1.37193	0.120265
1.235	0.378679	-0.175713	0.0311567	-0.19862	-1.37177	0.114844
1.24	0.378939	-0.175699	0.0311465	-0.196378	-1.37101	0.113433
1.245	0.379198	-0.175694	0.0311364	-0.194829	-1.37024	0.112566
1.25	0.379456	-0.175696	0.0311264	-0.19383	-1.36946	0.112131
1.255	0.379626	-0.175666	0.0310969	-0.190153	-1.36711	0.110214
1.26	0.379852	-0.175665	0.0310801	-0.188846	-1.36576	0.109757
1.265	0.380082	-0.175671	0.0310648	-0.188035	-1.36452	0.109645
1.27	0.380317	-0.175682	0.0310507	-0.187618	-1.36336	0.109803
1.275	0.38061	-0.1756	0.0310474	-0.180469	-1.36342	0.104264
1.28	0.380869	-0.175584	0.0310386	-0.178134	-1.3628	0.102729
1.285	0.381126	-0.175578	0.0310295	-0.176508	-1.36213	0.101761
1.29	0.38138	-0.17558	0.0310203	-0.175447	-1.36144	0.101243
1.295	0.381519	-0.175559	0.0309869	-0.172589	-1.35865	0.100125
1.3	0.381729	-0.175562	0.0309689	-0.171543	-1.35718	0.0999148
1.305	0.381946	-0.175571	0.0309527	-0.170938	-1.35585	0.0999945
1.31	0.382168	-0.175585	0.0309378	-0.170682	-1.35462	0.100302
1.315	0.382487	-0.175491	0.0309414	-0.162824	-1.35533	0.0939689
1.32	0.382748	-0.175471	0.0309347	-0.160285	-1.35492	0.0921957
1.325	0.383005	-0.175463	0.0309273	-0.158495	-1.35443	0.0910335
1.33	0.383137	-0.17547	0.0308954	-0.157695	-1.35165	0.0915075
1.335	0.383344	-0.175479	0.0308786	-0.157113	-1.35026	0.0916232
1.34	0.383556	-0.175492	0.0308633	-0.156875	-1.34899	0.0919587
1.345	0.383837	-0.175419	0.0308609	-0.150533	-1.34912	0.0870306
1.35	0.38408	-0.175407	0.0308518	-0.148542	-1.34849	0.0857681
1.355	0.38432	-0.175404	0.0308426	-0.147188	-1.34782	0.0850116
1.36	0.384558	-0.175409	0.0308333	-0.146341	-1.34714	0.0846573
1.365	0.3847	-0.175375	0.0308054	-0.142698	-1.34476	0.0827571
1.37	0.384901	-0.175374	0.0307894	-0.14145	-1.34345	0.0823251
1.375	0.385106	-0.17538	0.0307746	-0.140685	-1.34225	0.082227
1.38	0.385316	-0.175391	0.0307609	-0.140302	-1.34113	0.0823916
1.385	0.385601	-0.175316	0.0307614	-0.13399	-1.34154	0.0773807
1.39	0.385841	-0.175303	0.0307539	-0.131954	-1.34106	0.0760212
1.395	0.386077	-0.1753	0.0307459	-0.130562	-1.34052	0.0751845
1.4	0.386309	-0.175304	0.0307375	-0.129684	-1.33994	0.0747646
1.405	0.386413	-0.175278	0.0307056	-0.126767	-1.33708	0.0736146
1.41	0.386595	-0.175281	0.0306884	-0.125762	-1.33563	0.0734187
1.415	0.386784	-0.175289	0.0306727	-0.125187	-1.33432	0.0735049
1.42	0.387075	-0.175237	0.030676	-0.120544	-1.33499	0.0696895
1.425	0.387306	-0.175231	0.0306688	-0.119028	-1.33454	0.0687216
1.43	0.387533	-0.175233	0.0306611	-0.118049	-1.33403	0.0681943
1.435	0.387665	-0.175205	0.0306366	-0.115061	-1.33185	0.066734
1.44	0.387852	-0.175206	0.0306223	-0.113994	-1.33067	0.0663886
1.445	0.388043	-0.175213	0.0306089	-0.113371	-1.32958	0.0663557
1.45	0.388236	-0.175226	0.0305962	-0.1131	-1.32856	0.0665692
1.455	0.38843	-0.175243	0.0305842	-0.113108	-1.3276	0.0669769
1.46	0.388689	-0.175131	0.0305839	-0.104548	-1.32797	0.0602243
1.465	0.388907	-0.175106	0.0305768	-0.10185	-1.32754	0.058328
1.47	0.389121	-0.175094	0.0305691	-0.0999287	-1.32704	0.0570599
1.475	0.389331	-0.17509	0.0305609	-0.0986283	-1.3265	0.0562934
1.48	0.389426	-0.175117	0.0305332	-0.099392	-1.32386	0.0579152
1.485	0.389589	-0.175136	0.0305175	-0.099524	-1.32252	0.0585582
1.49	0.389758	-0.175157	0.0305032	-0.0998498	-1.32129	0.059304
1.495	0.390025	-0.175061	0.0305063	-0.0925217	-1.32201	0.0533914
1.5	0.390233	-0.175044	0.0304996	-0.0903702	-1.32161	0.0519082
1.505	0.390437	-0.175038	0.0304922	-0.0888834	-1.32115	0.0509668
1.51	0.390636	-0.175039	0.0304844	-0.0879275	-1.32064	0.0504579
1.515	0.390727	-0.175036	0.0304589	-0.0867983	-1.31818	0.0505233
1.52	0.390882	-0.175045	0.0304442	-0.0863881	-1.31692	0.0507118
1.525	0.391041	-0.175059	0.0304306	-0.0862844	-1.31577	0.0510975
1.53	0.391293	-0.174993	0.0304332	-0.0809693	-1.31641	0.0467758
1.535	0.391489	-0.174984	0.0304266	-0.079378	-1.31601	0.0457261
1.54	0.39168	-0.174984	0.0304193	-0.078337	-1.31556	0.0451283
1.545	0.391867	-0.17499	0.0304115	-0.0777351	-1.31505	0.0448909
1.55	0.391955	-0.17496	0.0303888	-0.0749574	-1.31283	0.0435842
1.555	0.392101	-0.174961	0.0303753	-0.0740925	-1.31165	0.0433859
1.56	0.39225	-0.174969	0.0303625	-0.0736283	-1.31057	0.0434644
1.565	0.392402	-0.174982	0.0303505	-0.0734815	-1.30956	0.0437612
1.57	0.392661	-0.174914	0.0303565	-0.0681559	-1.31059	0.0392797
1.575	0.392852	-0.174904	0.0303516	-0.0665407	-1.31039	0.0381353
1.58	0.393036	-0.174902	0.0303458	-0.0654793	-1.31009	0.0374594
1.585	0.393214	-0.174907	0.0303393	-0.0648608	-1.30971	0.0371583
1.59	0.393256	-0.174887	0.0303126	-0.0628718	-1.30693	0.0366731
1.595	0.393377	-0.174892	0.0302981	-0.0622764	-1.3056	0.0367378
1.6	0.393504	-0.174901	0.0302846	-0.0620245	-1.3044	0.0370224
1.605	0.393762	-0.174855	0.0302922	-0.0581239	-1.30564	0.0335635
1.61	0.39394	-0.174851	0.0302875	-0.0569765	-1.30546	0.0327759
1.615	0.394111	-0.174855	0.0302818	-0.0562877	-1.30517	0.0323831
1.62	0.394275	-0.174864	0.0302754	-0.0559654	-1.3048	0.0323058
1.625	0.394318	-0.174822	0.0302524	-0.0526574	-1.30233	0.030679
1.63	0.394431	-0.174819	0.0302393	-0.0517028	-1.30112	0.0304207
1.635	0.394548	-0.174823	0.030227	-0.051166	-1.30002	0.0304489
1.64	0.394784	-0.1748	0.030233	-0.0487772	-1.30111	0.0282113
1.645	0.394946	-0.174802	0.0302282	-0.0480653	-1.3009	0.027765
1.65	0.395102	-0.17481	0.0302225	-0.0477235	-1.3006	0.0276432
1.655	0.395251	-0.174823	0.0302161	-0.0476772	-1.30023	0.0277804
1.66	0.395297	-0.174762	0.030197	-0.0432763	-1.2981	0.0251788
1.665	0.395401	-0.174753	0.0301853	-0.0420333	-1.29701	0.0246515
1.67	0.395508	-0.174752	0.0301743	-0.0412676	-1.296	0.0244654
1.675	0.395617	-0.174758	0.0301637	-0.0408804	-1.29506	0.0245489
1.68	0.39586	-0.174741	0.0301731	-0.0389326	-1.2966	0.0224681
1.685	0.396017	-0.174746	0.0301701	-0.038428	-1.29661	0.0220933
1.69	0.396165	-0.174756	0.030166	-0.0382513	-1.29649	0.0220272
1.695	0.39619	-0.174715	0.0301464	-0.0352223	-1.29425	0.0205477
1.7	0.396282	-0.174712	0.0301354	-0.0344151	-1.29322	0.0203403
1.705	0.396376	-0.174716	0.0301251	-0.0339951	-1.29226	0.0204066
1.71	0.39647	-0.174725	0.0301151	-0.0338823	-1.29135	0.0206894
1.715	0.396697	-0.174689	0.0301247	-0.0308172	-1.29289	0.0177231
1.72	0.396839	-0.174688	0.0301222	-0.0300116	-1.29292	0.017102
1.725	0.396971	-0.174692	0.0301184	-0.029594	-1.29281	0.016838
1.73	0.396991	-0.174672	0.0301005	-0.0279384	-1.29075	0.0163662
1.735	0.397071	-0.174675	0.0300904	-0.0275291	-1.28979	0.0164411
1.74	0.397152	-0.174683	0.0300808	-0.0274252	-1.28889	0.0167304
1.745	0.397234	-0.174694	0.0300715	-0.0275635	-1.28803	0.0171892
1.75	0.397445	-0.174642	0.0300816	-0.0235971	-1.28958	0.0135029
1.755	0.397571	-0.174636	0.0300797	-0.022559	-1.28964	0.0126861
1.76	0.397688	-0.174636	0.0300765	-0.0219551	-1.28955	0.0122648
1.765	0.397796	-0.174642	0.0300723	-0.0216991	-1.28934	0.0121604
1.77	0.397784	-0.174628	0.0300531	-0.020587	-1.28704	0.0122139
1.775	0.397838	-0.174633	0.0300426	-0.0204245	-1.28596	0.0125274
1.78	0.397895	-0.174643	0.0300327	-0.0205155	-1.28497	0.0130044
1.785	0.398095	-0.174608	0.0300431	-0.0177023	-1.2866	0.0101767
1.79	0.398204	-0.174607	0.0300411	-0.0170578	-1.28664	0.00967166
1.795	0.398303	-0.174611	0.030038	-0.0167682	-1.28654	0.0094986
1.8	0.398394	-0.17462	0.030034	-0.0167624	-1.28632	0.00959121
1.805	0.398477	-0.174632	0.0300293	-0.0169831	-1.28602	0.00989579
1.81	0.398463	-0.174581	0.0300143	-0.0137404	-1.28405	0.00815801
1.815	0.398502	-0.174574	0.0300052	-0.0129957	-1.28305	0.00798525
1.82	0.398542	-0.174574	0.0299965	-0.0126241	-1.28212	0.00807602
1.825	0.398728	-0.174578	0.0300066	-0.0121222	-1.28382	0.00701308
1.83	0.398821	-0.174586	0.030005	-0.0121356	-1.28391	0.00699815
1.835	0.398903	-0.174598	0.0300024	-0.0123715	-1.28385	0.00721609
1.84	0.398976	-0.174612	0.0299989	-0.012785	-1.28367	0.00761996
1.845	0.398961	-0.17455	0.0299869	-0.00897787	-1.28199	0.00532629
1.85	0.398991	-0.17454	0.0299795	-0.00810148	-1.28115	0.00499117
1.855	0.399021	-0.174537	0.0299722	-0.00762547	-1.28034	0.00495257
1.86	0.399175	-0.174554	0.0299802	-0.00803266	-1.28178	0.00469469
1.865	0.399248	-0.174566	0.0299785	-0.00833258	-1.28182	0.00491998
1.87	0.39931	-0.174579	0.0299759	-0.00879707	-1.28172	0.0053292
1.875	0.399364	-0.174595	0.0299724	-0.0093925	-1.28151	0.00588488
1.88	0.399361	-0.174526	0.029965	-0.00516127	-1.28035	0.00305593
1.885	0.399383	-0.174513	0.0299593	-0.00419817	-1.27968	0.00258341
1.89	0.399403	-0.174507	0.0299535	-0.00365327	-1.27901	0.00243507
1.895	0.399524	-0.174535	0.0299595	-0.00483626	-1.28017	0.0028868
1.9	0.399577	-0.17455	0.0299577	-0.00538757	-1.28016	0.0033251
1.905	0.39962	-0.174565	0.0299551	-0.00605255	-1.28003	0.00390387
1.91	0.399654	-0.174582	0.0299519	-0.00680749	-1.27979	0.00459405
1.915	0.399682	-0.174599	0.0299481	-0.00763324	-1.27947	0.00537224
1.92	0.399695	-0.174497	0.029947	-0.00151009	-1.27899	0.000793769
1.925	0.399709	-0.174473	0.0299436	4.31521e-05	-1.27852	-0.000221454
1.93	0.399718	-0.174458	0.0299398	0.00105836	-1.27801	-0.000802453
1.935	0.399802	-0.174526	0.0299427	-0.00257514	-1.27888	0.00167574
1.94	0.399832	-0.17455	0.0299407	-0.00383062	-1.27882	0.00268062
1.945	0.399853	-0.174573	0.0299381	-0.00505769	-1.27865	0.00371127
1.95	0.399866	-0.174596	0.0299349	-0.00626054	-1.27838	0.00476109
1.955	0.399883	-0.174487	0.0299372	0.000186497	-1.27828	-0.000226126
1.96	0.399887	-0.174462	0.0299354	0.0017235	-1.27797	-0.00129307
1.965	0.399885	-0.174445	0.0299329	0.00272621	-1.27759	-0.00191607
1.97	0.399938	-0.174518	0.0299343	-0.00129515	-1.27821	0.000961633
1.975	0.399948	-0.174543	0.0299324	-0.00269238	-1.27811	0.00209284
1.98	0.399949	-0.174566	0.02993	-0.00403221	-1.27791	0.00322381
1.985	0.399942	-0.174589	0.029927	-0.00532456	-1.27761	0.00435305
1.99	0.399969	-0.174482	0.0299331	0.000958172	-1.27801	-0.000709935
1.995	0.399965	-0.174458	0.0299328	0.00240795	-1.27786	-0.00177879
2.0	0.399953	-0.174441	0.0299317	0.00334152	-1.27762	-0.00240404
2.005	0.399934	-0.174431	0.0299298	0.00386224	-1.2773	-0.00267457
2.01	0.399978	-0.174525	0.0299303	-0.00150586	-1.27805	0.00118753
2.015	0.39998	-0.17456	0.0299251	-0.0035546	-1.27802	0.00279547
2.02	0.399976	-0.174592	0.0299176	-0.00541541	-1.27787	0.00430766
2.025	0.39997	-0.174488	0.0299127	0.000668065	-1.2777	-0.000455426
2.03	0.399959	-0.174467	0.0299025	0.00184322	-1.2774	-0.0012797
2.035	0.399946	-0.174454	0.0298899	0.00255748	-1.27704	-0.00170964
2.04	0.399931	-0.174447	0.0298752	0.00290374	-1.27662	-0.00182488
2.045	0.39998	-0.174521	0.0298634	-0.00122238	-1.27728	0.00093646
2.05	0.399987	-0.17455	0.0298464	-0.00288934	-1.27718	0.00220596
2.055	0.399988	-0.174576	0.029827	-0.0044441	-1.27698	0.00344674
2.06	0.399968	-0.174491	0.0298072	0.000486422	-1.2764	-0.00029451
2.065	0.399957	-0.174475	0.0297843	0.00136089	-1.27594	-0.000852359
2.07	0.399945	-0.174465	0.0297592	0.00183619	-1.27544	-0.00107071
2.075	0.399932	-0.174462	0.0297323	0.00199336	-1.27492	-0.00101872
2.08	0.39992	-0.174462	0.0297034	0.00189726	-1.27437	-0.000751726
2.085	0.399986	-0.17452	0.0296802	-0.00113133	-1.27517	0.000767823
2.09	0.400003	-0.174546	0.0296504	-0.00256281	-1.27508	0.00172917
2.095	0.400014	-0.17457	0.0296184	-0.00392805	-1.27488	0.0027223
2.1	0.399964	-0.174491	0.029581	0.000414155	-1.2736	-0.000176886
2.105	0.399948	-0.174477	0.0295438	0.00114909	-1.2729	-0.000525614
2.11	0.399934	-0.174469	0.029505	0.00151565	-1.27221	-0.000579564
2.115	0.399922	-0.174466	0.0294645	0.00158919	-1.27153	-0.000399419
2.12	0.399985	-0.174515	0.0294294	-0.000857195	-1.27213	0.000540347
2.125	0.400003	-0.174537	0.0293883	-0.00201701	-1.27192	0.00126024
2.13	0.400016	-0.174557	0.0293452	-0.00316232	-1.27163	0.00205758
2.135	0.399964	-0.174494	0.029296	0.000256385	-1.27017	-4.44193e-05
2.14	0.39995	-0.174484	0.0292477	0.000746366	-1.26937	-0.000184544
2.145	0.399939	-0.174479	0.0291981	0.000920732	-1.26861	-7.53688e-05
2.15	0.399931	-0.174479	0.0291472	0.000844298	-1.26787	0.000231518
2.155	0.399926	-0.174483	0.0290949	0.000568702	-1.26715	0.000695077
2.16	0.399988	-0.174513	0.0290478	-0.000684886	-1.26757	0.000282719
2.165	0.400009	-0.17453	0.0289951	-0.0015399	-1.26728	0.000617739
2.17	0.400027	-0.174548	0.0289407	-0.0024384	-1.26693	0.00110418
2.175	0.399962	-0.174496	0.0288781	0.000141533	-1.26511	0.000119833
2.18	0.399947	-0.174488	0.0288182	0.000429094	-1.26416	0.000258444
2.185	0.399938	-0.174486	0.0287574	0.000447089	-1.26327	0.000585025
2.19	0.399932	-0.174488	0.0286955	0.000251041	-1.26244	0.00106034
2.195	0.399984	-0.17451	0.0286378	-0.000478723	-1.26258	0.000128648
2.2	0.400004	-0.174523	0.0285757	-0.00111431	-1.26215	0.000278266
2.205	0.400022	-0.174537	0.0285122	-0.00183368	-1.26168	0.000612763
2.21	0.399963	-0.174498	0.0284413	2.30992e-05	-1.25987	0.000209991
2.215	0.399953	-0.174494	0.028373	0.000124579	-1.25889	0.000493992
2.22	0.399947	-0.174494	0.028304	-1.51036e-06	-1.25797	0.000932121
2.225	0.399946	-0.174498	0.0282341	-0.000308214	-1.25712	0.0014921
2.23	0.399948	-0.174505	0.0281635	-0.000758168	-1.25632	0.00214833
2.235	0.399983	-0.174506	0.0280952	-0.000236263	-1.25601	-0.000206739
2.24	0.400001	-0.174514	0.028024	-0.000512931	-1.25544	-0.000503067
2.245	0.400019	-0.174524	0.0279517	-0.000941785	-1.25486	-0.000528747
2.25	0.399964	-0.1745	0.0278726	-0.000129192	-1.25304	0.000415977
2.255	0.399957	-0.174501	0.0277963	-0.00028451	-1.25201	0.00103979
2.26	0.399955	-0.174504	0.0277196	-0.00060912	-1.25107	0.00174284
2.265	0.399957	-0.174511	0.0276423	-0.00106813	-1.25019	0.00250827
2.27	0.399979	-0.174504	0.0275665	-0.000104593	-1.24957	-0.000280109
2.275	0.399993	-0.174508	0.0274888	-0.000222681	-1.24886	-0.000696435
2.28	0.400009	-0.174516	0.0274104	-0.000520706	-1.24818	-0.000822098
2.285	0.399966	-0.174502	0.0273266	-0.000205393	-1.2465	0.000460645
2.29	0.399963	-0.174505	0.0272452	-0.000483685	-1.24548	0.00116179
2.295	0.399965	-0.174511	0.0271635	-0.000901884	-1.24455	0.00192196
2.3	0.399972	-0.174519	0.0270815	-0.00143112	-1.24368	0.00272847
2.305	0.399975	-0.174502	0.0269996	1.5678e-06	-1.24268	-0.00034645
2.31	0.399985	-0.174503	0.026917	3.02134e-05	-1.24184	-0.00085491
2.315	0.399998	-0.174508	0.0268341	-0.00014634	-1.24105	-0.00105838
2.32	0.400014	-0.174516	0.0267507	-0.000485307	-1.2403	-0.00101956
2.325	0.399964	-0.174502	0.0266623	-0.000245815	-1.23845	0.000671042
2.33	0.399958	-0.174505	0.0265766	-0.000555191	-1.23736	0.00156518
2.335	0.399959	-0.174511	0.026491	-0.000991626	-1.23636	0.00247308
2.34	0.399976	-0.174503	0.0264068	-0.000111007	-1.23556	-0.000159766
2.345	0.399989	-0.174507	0.0263217	-0.000236913	-1.23475	-0.000483759
2.35	0.400005	-0.174514	0.0262363	-0.000531552	-1.23398	-0.000545202
2.355	0.400023	-0.174523	0.0261509	-0.000959675	-1.23325	-0.000398064
2.36	0.399961	-0.1745	0.0260603	-0.000105612	-1.23116	0.000481589
2.365	0.399953	-0.1745	0.0259729	-0.000224291	-1.22998	0.00112205
2.37	0.399952	-0.174504	0.0258858	-0.000504903	-1.22893	0.00182373
2.375	0.399956	-0.17451	0.025799	-0.000914231	-1.22797	0.00257357
2.38	0.39998	-0.174504	0.025714	-0.00011854	-1.22727	-0.000335319
2.385	0.399997	-0.174509	0.0256281	-0.000258283	-1.22652	-0.00082038
2.39	0.400016	-0.174517	0.0255423	-0.000559468	-1.2258	-0.00101518
2.395	0.399965	-0.174502	0.0254527	-0.000175484	-1.2239	0.000474754
2.4	0.399961	-0.174505	0.0253657	-0.000409192	-1.2228	0.00120369
2.405	0.399963	-0.17451	0.0252792	-0.000777345	-1.22181	0.0019717
2.41	0.39997	-0.174518	0.0251932	-0.00125238	-1.2209	0.00277034
2.415	0.399976	-0.174502	0.0251083	-1.94702e-05	-1.21991	-0.000385413
2.42	0.399987	-0.174504	0.0250233	-2.20988e-05	-1.21906	-0.000945886
2.425	0.400002	-0.174509	0.0249387	-0.000209672	-1.21828	-0.00120494
2.43	0.399968	-0.174504	0.0248519	-0.000235168	-1.21671	0.00050363
2.435	0.399968	-0.174509	0.0247672	-0.000568091	-1.21571	0.00128152
2.44	0.399973	-0.174516	0.0246832	-0.00101166	-1.21479	0.00208479
2.445	0.399981	-0.174525	0.0245998	-0.00154315	-1.21395	0.0029078
2.45	0.399972	-0.1745	0.0245171	6.64726e-05	-1.21273	-0.000429306
2.455	0.399979	-0.174499	0.024435	0.000182685	-1.21183	-0.00105054
2.46	0.399988	-0.174502	0.0243535	9.3912e-05	-1.211	-0.00136193
2.465	0.4	-0.174508	0.0242726	-0.000157146	-1.21022	-0.00142714
2.47	0.399967	-0.174505	0.0241904	-0.000302884	-1.20873	0.000750222
2.475	0.399965	-0.174511	0.0241101	-0.000692704	-1.20776	0.00175526
2.48	0.399968	-0.174519	0.0240308	-0.00117648	-1.20687	0.00273492
2.485	0.399974	-0.174502	0.0239533	-5.05189e-05	-1.20596	-0.000234384
2.49	0.399982	-0.174504	0.023876	-8.1362e-05	-1.20516	-0.000677122
2.495	0.399993	-0.174509	0.0237995	-0.000283078	-1.20442	-0.000850424
2.5	0.400005	-0.174516	0.0237239	-0.000620148	-1.20371	-0.000809484
2.505	0.399965	-0.174502	0.0236475	-0.000166274	-1.20216	0.000561804
2.51	0.39996	-0.174505	0.0235731	-0.000370894	-1.20119	0.00131542
2.515	0.399959	-0.174511	0.0234998	-0.000704299	-1.20031	0.00209171
2.52	0.399975	-0.174503	0.0234286	-0.000132517	-1.19967	-0.00011976
2.525	0.399985	-0.174508	0.0233578	-0.000300013	-1.19897	-0.000372289
2.53	0.399995	-0.174515	0.023288	-0.000606901	-1.1983	-0.000397565
2.535	0.400006	-0.174524	0.0232192	-0.00102424	-1.19765	-0.000242051
2.54	0.400017	-0.174534	0.0231515	-0.00152903	-1.19703	5.7223e-05
2.545	0.39996	-0.174497	0.0230839	0.00010181	-1.19527	0.000384964
2.55	0.399946	-0.174493	0.0230181	0.000258612	-1.19426	0.000856799
2.555	0.399938	-0.174492	0.0229535	0.000216607	-1.19335	0.00140536
2.56	0.399979	-0.174507	0.0228915	-0.000298544	-1.19326	-6.34416e-06
2.565	0.399993	-0.174517	0.02283	-0.000742216	-1.19275	-6.21601e-05
2.57	0.400005	-0.174529	0.0227696	-0.00126612	-1.19224	6.60578e-05
2.575	0.400016	-0.174541	0.0227104	-0.00185345	-1.19172	0.000340809
2.58	0.39996	-0.174496	0.0226523	0.000179957	-1.19008	0.000239262
2.585	0.399946	-0.174489	0.0225957	0.000452659	-1.18916	0.000547676
2.59	0.399935	-0.174487	0.0225404	0.000505007	-1.18831	0.000963876
2.595	0.399979	-0.174508	0.0224875	-0.000346694	-1.1884	7.87639e-05
2.6	0.399991	-0.17452	0.0224353	-0.00087225	-1.18797	0.000158904
2.605	0.400001	-0.174532	0.0223845	-0.00145896	-1.18753	0.000393198
2.61	0.400008	-0.174546	0.0223351	-0.00209394	-1.18707	0.000750224
2.615	0.40004	-0.17452	0.022475	-0.000572289	-1.18614	0.00062768
2.62	0.400009	-0.174506	0.0222676	-0.000973209	-1.18575	0.0012859
2.625	0.400017	-0.174533	0.0222459	-0.00154931	-1.18543	0.00195922
2.63	0.400038	-0.174536	0.0222387	-0.0023088	-1.18517	0.00258634
2.635	0.400064	-0.174568	0.0221838	-0.00343794	-1.18502	0.00350502
2.64	0.400008	-0.174509	0.0221595	-4.89556e-05	-1.18331	-0.000203883
2.645	0.399997	-0.174502	0.022122	0.000327564	-1.18284	-0.000741021
2.65	0.400003	-0.174491	0.0220852	0.000471923	-1.18252	-0.00100636
2.655	0.400003	-0.174491	0.0220852	0.000494727	-1.18233	-0.00112415
2.66	0.400027	-0.174485	0.0220449	0.000282021	-1.18237	-0.000924376
2.665	0.400032	-0.174474	0.0220253	-0.000148907	-1.18244	-0.00072362
2.67	0.400039	-0.174447	0.0220031	-0.000828499	-1.18262	-0.000245333
2.675	0.400037	-0.174431	0.0219816	-0.00166805	-1.18287	0.000352105
2.68	0.400025	-0.174418	0.0219692	-0.00202777	-1.18313	0.000666028
2.685	0.400012	-0.174403	0.0219603	-0.00221413	-1.18344	0.000896953
2.69	0.399996	-0.174393	0.0219534	-0.00233768	-1.18378	0.00106719
2.695	0.399978	-0.174386	0.021948	-0.00242985	-1.18416	0.00119646
2.7	0.399959	-0.174382	0.0219437	-0.0025002	-1.18456	0.00129236
2.705	0.399939	-0.174379	0.0219405	-0.0025538	-1.18498	0.0013592
2.71	0.399918	-0.174377	0.0219382	-0.0025954	-1.18542	0.00140312
2.715	0.399896	-0.174376	0.0219367	-0.00262854	-1.18587	0.00143123
2.72	0.399874	-0.174375	0.0219359	-0.0026559	-1.18633	0.00145012
2.725	0.399852	-0.174375	0.0219356	-0.002679	-1.1868	0.00146384
2.73	0.39983	-0.174376	0.0219358	-0.00269912	-1.18728	0.00147453
2.735	0.399808	-0.174376	0.0219364	-0.00271732	-1.18776	0.00148324
2.74	0.399786	-0.174377	0.0219366	-0.00277092	-1.18825	0.00149181
2.745	0.399764	-0.174378	0.0219365	-0.00285113	-1.18875	0.00149855
2.75	0.399743	-0.174379	0.0219361	-0.00295382	-1.18925	0.00150561
2.755	0.399721	-0.17438	0.0219355	-0.00307655	-1.18976	0.0015147
2.76	0.399701	-0.174381	0.0219347	-0.00321757	-1.19027	0.00152716
2.765	0.39968	-0.174381	0.0219338	-0.00337317	-1.19079	0.00154311
2.77	0.399659	-0.174382	0.0219329	-0.0035352	-1.19131	0.00155962
2.775	0.399638	-0.174382	0.021932	-0.00370472	-1.19183	0.00157904
2.78	0.399618	-0.174383	0.0219311	-0.00388117	-1.19235	0.00160146
2.785	0.399597	-0.174383	0.0219301	-0.00406401	-1.19287	0.00162706
2.79	0.399576	-0.174384	0.0219291	-0.00425274	-1.19339	0.00165592
2.795	0.399556	-0.174384	0.0219281	-0.00444704	-1.19391	0.00168816
2.8	0.399535	-0.174385	0.021927	-0.00464662	-1.19443	0.00172388
2.805	0.399515	-0.174385	0.0219259	-0.00485122	-1.19496	0.00176319
2.81	0.399494	-0.174386	0.0219247	-0.00506066	-1.19548	0.00180614
2.815	0.399474	-0.174386	0.0219235	-0.0052747	-1.19601	0.00185275
2.82	0.399453	-0.174386	0.0219223	-0.00549315	-1.19653	0.00190307
2.825	0.399433	-0.174387	0.021921	-0.00571583	-1.19706	0.00195707
2.83	0.399411	-0.174393	0.0219153	-0.00572313	-1.19759	0.0018458
2.835	0.39939	-0.174405	0.0219039	-0.00533556	-1.19816	0.00143184
2.84	0.399374	-0.174411	0.0218982	-0.00495387	-1.19876	0.00104186
2.845	0.399362	-0.174412	0.0218918	-0.00486403	-1.19937	0.000904823
2.85	0.399349	-0.174412	0.0218834	-0.00496735	-1.19998	0.000930692
2.855	0.399335	-0.174416	0.0218724	-0.00500754	-1.2006	0.000904988
2.86	0.399317	-0.174429	0.0218577	-0.00459128	-1.20121	0.000508191
2.865	0.399292	-0.174454	0.0218457	-0.00373109	-1.20177	-0.00017752
2.87	0.399268	-0.174482	0.0218301	-0.00260828	-1.20235	-0.00108137
2.875	0.399252	-0.174512	0.0218283	-0.00132665	-1.20298	-0.00213497
2.88	0.39924	-0.174531	0.0218203	-0.00065778	-1.2036	-0.00267877
2.885	0.399229	-0.174548	0.0218137	-0.000481413	-1.20423	-0.00284232
2.89	0.399208	-0.174566	0.0217859	-0.000878943	-1.20478	-0.00250994
2.895	0.399187	-0.174582	0.0217582	-0.000640031	-1.20539	-0.00273709
2.9	0.399167	-0.174601	0.0217347	0.000107666	-1.20601	-0.00338478
2.905	0.399149	-0.174617	0.0217128	0.000812797	-1.20664	-0.00398891
2.91	0.399118	-0.174634	0.0217003	0.00147475	-1.20717	-0.00466191
2.915	0.399095	-0.174642	0.021691	0.00192317	-1.20774	-0.00511847
2.92	0.399067	-0.174651	0.0216829	0.00222611	-1.20828	-0.00546044
2.925	0.399039	-0.174656	0.0216755	0.00241403	-1.20881	-0.00567281
2.93	0.399014	-0.174652	0.0216705	0.0022892	-1.20934	-0.00560815
2.935	0.398989	-0.174644	0.0216655	0.00195662	-1.20987	-0.00535318
2.94	0.398961	-0.174638	0.0216588	0.00171533	-1.21039	-0.00516921
2.945	0.398935	-0.174631	0.0216518	0.00152329	-1.21092	-0.00500961
2.95	0.398908	-0.174625	0.0216447	0.00137055	-1.21145	-0.00487749
2.955	0.398881	-0.174621	0.0216377	0.00125334	-1.21198	-0.00477325
2.96	0.398856	-0.17461	0.0216315	0.000946352	-1.21252	-0.00450096
2.965	0.398832	-0.174597	0.0216255	0.00051894	-1.21305	-0.0041317
2.97	0.398808	-0.174584	0.0216193	1.04731e-05	-1.21359	-0.00369411
2.975	0.398784	-0.174569	0.0216134	-0.000532219	-1.21413	-0.00323139
2.98	0.398762	-0.174554	0.0216064	-0.0011113	-1.21467	-0.00273502
2.985	0.39874	-0.174541	0.0216019	-0.00169742	-1.21522	-0.00224481
2.99	0.398718	-0.174529	0.0215985	-0.00225827	-1.21575	-0.00178792
2.995	0.398695	-0.174517	0.0215953	-0.0028109	-1.21628	-0.00134016
3.0	0.398672	-0.174504	0.0215918	-0.00336497	-1.21681	-0.000893531
3.005	0.398649	-0.174497	0.02159	-0.00389226	-1.21734	-0.000459711
3.01	0.398625	-0.174489	0.0215883	-0.00439135	-1.21787	-5.06912e-05
3.015	0.398601	-0.174482	0.0215864	-0.00488117	-1.21839	0.000349413
3.02	0.398577	-0.174475	0.0215842	-0.00536519	-1.21891	0.000744891
3.025	0.398552	-0.174468	0.0215817	-0.0058464	-1.21943	0.0011398
3.03	0.398527	-0.17446	0.021579	-0.00632314	-1.21995	0.00153416
3.035	0.398503	-0.174455	0.0215761	-0.00671737	-1.22049	0.00184087
3.04	0.398479	-0.174447	0.0215724	-0.00707102	-1.22102	0.00210998
3.045	0.398455	-0.174438	0.021568	-0.00752357	-1.22156	0.00244063
3.05	0.39843	-0.174432	0.0215637	-0.00791668	-1.2221	0.00268144
3.055	0.398404	-0.174424	0.0215592	-0.00822869	-1.22263	0.00283736
3.06	0.398378	-0.174417	0.0215543	-0.00853041	-1.22317	0.00299047
3.065	0.398352	-0.174411	0.0215495	-0.00881307	-1.22371	0.0031478
3.07	0.398326	-0.174404	0.0215442	-0.00921463	-1.22424	0.00339473
3.075	0.398299	-0.174399	0.0215396	-0.00950563	-1.22478	0.00356782
3.08	0.398272	-0.174397	0.0215347	-0.00970473	-1.22532	0.00367364
3.085	0.398243	-0.1744	0.0215291	-0.00967243	-1.22587	0.00357853
3.09	0.398214	-0.1744	0.0215232	-0.0096511	-1.22641	0.003502
3.095	0.398185	-0.174401	0.0215166	-0.00967174	-1.22696	0.00343456
3.1	0.398155	-0.1744	0.0215102	-0.0097427	-1.22751	0.00341308
3.105	0.398126	-0.1744	0.0215015	-0.00982855	-1.22807	0.00336773
3.11	0.398097	-0.174398	0.0214928	-0.00993813	-1.22863	0.00332485
3.115	0.398068	-0.174394	0.0214833	-0.0101119	-1.22919	0.00333513
3.12	0.398039	-0.174386	0.0214731	-0.0104158	-1.22975	0.00347025
3.125	0.398009	-0.174378	0.0214622	-0.0107681	-1.23031	0.0036492
3.13	0.39798	-0.17437	0.0214512	-0.0111313	-1.23087	0.00383938
3.135	0.39795	-0.174361	0.0214404	-0.0114891	-1.23143	0.00402523
3.14	0.397918	-0.174359	0.0214302	-0.0115817	-1.23199	0.00404319
3.145	0.397887	-0.174357	0.0214206	-0.0115718	-1.23255	0.00401035
3.15	0.397856	-0.174358	0.021412	-0.0115022	-1.23311	0.00393749
3.155	0.397824	-0.17436	0.021404	-0.0113971	-1.23368	0.00383356
3.16	0.397793	-0.174361	0.0213964	-0.011291	-1.23424	0.00372591
3.165	0.397762	-0.174362	0.021389	-0.0112709	-1.2348	0.0036786
3.17	0.397731	-0.174362	0.0213827	-0.0113573	-1.23536	0.00373387
3.175	0.397701	-0.174363	0.0213767	-0.0114235	-1.23592	0.00372848
3.18	0.397671	-0.174361	0.0213699	-0.0115348	-1.23648	0.00374171
3.185	0.39764	-0.174362	0.0213639	-0.0115572	-1.23704	0.00370894
3.19	0.39761	-0.174359	0.0213572	-0.0116315	-1.23761	0.00371043
3.195	0.39758	-0.174357	0.0213502	-0.0117338	-1.23817	0.00372958
3.2	0.397549	-0.174354	0.0213438	-0.0118907	-1.23873	0.00381292
3.205	0.397519	-0.174352	0.0213378	-0.0119834	-1.23929	0.00388061
3.21	0.397488	-0.17435	0.0213317	-0.0120708	-1.23984	0.00395417
3.215	0.397458	-0.174345	0.0213255	-0.0122332	-1.24039	0.00411383
3.22	0.397427	-0.17434	0.0213194	-0.0124432	-1.24094	0.00432844
3.225	0.397396	-0.174337	0.0213122	-0.0125592	-1.24149	0.00445361
3.23	0.397366	-0.174333	0.0213049	-0.0126512	-1.24205	0.00455479
3.235	0.397335	-0.17433	0.0212979	-0.0127373	-1.2426	0.00463863
3.24	0.397304	-0.174331	0.0212914	-0.012686	-1.24316	0.00461791
3.245	0.397274	-0.174332	0.0212851	-0.0125841	-1.24372	0.00455361
3.25	0.397243	-0.174332	0.021279	-0.0125218	-1.24427	0.00451641
3.255	0.397212	-0.174333	0.0212729	-0.0124732	-1.24483	0.0044858
3.26	0.397181	-0.174334	0.0212671	-0.0124279	-1.24539	0.00445615
3.265	0.397151	-0.174335	0.0212615	-0.0124052	-1.24594	0.00444171
3.27	0.39712	-0.174336	0.0212559	-0.0124083	-1.24649	0.00444638
3.275	0.397089	-0.174336	0.0212504	-0.0124332	-1.24705	0.00446886
3.28	0.397058	-0.174336	0.021245	-0.0124631	-1.2476	0.00449589
3.285	0.397027	-0.174337	0.0212395	-0.0124939	-1.24815	0.00452425
3.29	0.396996	-0.174337	0.021234	-0.0125365	-1.24871	0.00455843
3.295	0.396966	-0.174337	0.0212284	-0.012582	-1.24926	0.00459318
3.3	0.396935	-0.174337	0.0212228	-0.0126284	-1.24982	0.0046279
3.305	0.396904	-0.174337	0.0212171	-0.0126808	-1.25037	0.00465954
3.31	0.396872	-0.174342	0.0212104	-0.0126038	-1.25093	0.00457422
3.315	0.39684	-0.174345	0.0212028	-0.0125452	-1.25148	0.00449555
3.32	0.396808	-0.174352	0.0211962	-0.0122337	-1.25206	0.00420362
3.325	0.396777	-0.174357	0.0211887	-0.0119675	-1.25263	0.0039048
3.33	0.396744	-0.174368	0.0211803	-0.0115315	-1.2532	0.00346145
3.335	0.396711	-0.174383	0.0211708	-0.010953	-1.25378	0.00289482
3.34	0.396678	-0.174396	0.0211614	-0.0104161	-1.25436	0.00236056
3.345	0.396644	-0.174409	0.021152	-0.00992164	-1.25494	0.0018566
3.35	0.39661	-0.17442	0.0211425	-0.00948316	-1.25552	0.00139801
3.355	0.396576	-0.174431	0.021133	-0.00909822	-1.2561	0.000987239
3.36	0.396542	-0.174439	0.0211234	-0.00881099	-1.25668	0.000658623
3.365	0.396507	-0.174455	0.0211125	-0.00826657	-1.25727	0.000130238
3.37	0.396473	-0.174461	0.0211038	-0.00803079	-1.25785	-0.000117097
3.375	0.396439	-0.174467	0.0210956	-0.00788056	-1.25842	-0.000284851
3.38	0.396405	-0.17447	0.0210877	-0.00777637	-1.259	-0.000403555
3.385	0.396372	-0.174472	0.0210803	-0.00774191	-1.25957	-0.00045814
3.39	0.396339	-0.174471	0.0210725	-0.0077779	-1.26013	-0.000448215
3.395	0.396306	-0.17447	0.0210651	-0.00780046	-1.26071	-0.00046228
3.4	0.396274	-0.174469	0.0210578	-0.00782076	-1.26128	-0.000487073
3.405	0.396241	-0.174468	0.0210506	-0.0078414	-1.26185	-0.000520809
3.41	0.396209	-0.174468	0.0210433	-0.00782216	-1.26243	-0.000587526
3.415	0.396177	-0.174467	0.0210343	-0.00785134	-1.26299	-0.000600752
3.42	0.396144	-0.174468	0.0210265	-0.00782548	-1.26357	-0.000664453
3.425	0.396112	-0.174469	0.0210189	-0.00778606	-1.26414	-0.000746239
3.43	0.39608	-0.174469	0.0210113	-0.00777042	-1.26472	-0.000825246
3.435	0.396048	-0.174468	0.0210039	-0.00778726	-1.26529	-0.000889286
3.44	0.396016	-0.174468	0.0209967	-0.00777329	-1.26586	-0.000928357
3.445	0.395983	-0.174468	0.0209895	-0.00776351	-1.26642	-0.000954444
3.45	0.39595	-0.174468	0.0209822	-0.00777758	-1.26699	-0.000949619
3.455	0.395917	-0.174468	0.0209748	-0.00779647	-1.26756	-0.000935306
3.46	0.395885	-0.174467	0.0209674	-0.00784547	-1.26813	-0.000892477
3.465	0.395851	-0.174467	0.0209599	-0.00787999	-1.2687	-0.000860956
3.47	0.395819	-0.174463	0.020952	-0.00802315	-1.26926	-0.000743462
3.475	0.395786	-0.174459	0.0209436	-0.00823043	-1.26983	-0.000578631
3.48	0.395753	-0.174455	0.0209353	-0.0084552	-1.27039	-0.000400502
3.485	0.39572	-0.17445	0.0209269	-0.00869244	-1.27096	-0.0001938
3.49	0.395687	-0.174445	0.0209188	-0.00889928	-1.27152	2.01947e-05
3.495	0.395654	-0.174441	0.0209107	-0.00908911	-1.27209	0.000232909
3.5	0.395621	-0.174436	0.0209023	-0.00927143	-1.27265	0.000469412
3.505	0.395589	-0.174433	0.0208957	-0.00940544	-1.27321	0.000609565
3.51	0.395558	-0.174429	0.0208896	-0.00954946	-1.27378	0.000755026
3.515	0.395526	-0.174426	0.0208835	-0.00966913	-1.27434	0.000879982
3.52	0.395496	-0.174424	0.0208774	-0.00974855	-1.27491	0.000974468
3.525	0.395465	-0.17442	0.0208711	-0.00987623	-1.27546	0.00112802
3.53	0.395433	-0.174418	0.0208633	-0.00995836	-1.27602	0.00129603
3.535	0.395401	-0.174417	0.0208552	-0.00997191	-1.27658	0.00136538
3.54	0.39537	-0.174412	0.0208483	-0.0101341	-1.27714	0.00158066
3.545	0.395339	-0.174405	0.0208417	-0.0103934	-1.2777	0.00188437
3.55	0.395307	-0.174398	0.0208347	-0.010717	-1.27825	0.00226089
3.555	0.395275	-0.174394	0.020828	-0.0108996	-1.27882	0.00245906
3.56	0.395243	-0.174392	0.0208211	-0.0109548	-1.27939	0.00253492
3.565	0.395211	-0.174391	0.0208143	-0.0109522	-1.27996	0.00253919
3.57	0.395179	-0.174391	0.0208074	-0.0109063	-1.28053	0.0024918
3.575	0.395146	-0.174394	0.0207989	-0.0107608	-1.28111	0.00234768
3.58	0.395113	-0.174396	0.02079	-0.0106417	-1.28168	0.00223262
3.585	0.39508	-0.174396	0.0207809	-0.0106078	-1.28226	0.00220301
3.59	0.395046	-0.174398	0.0207728	-0.0105628	-1.28283	0.0021525
3.595	0.395013	-0.174396	0.0207647	-0.0105856	-1.2834	0.00217829
3.6	0.39498	-0.174396	0.0207566	-0.0105939	-1.28398	0.00218302
3.605	0.394947	-0.174392	0.020748	-0.0107004	-1.28455	0.0022928
3.61	0.394913	-0.174391	0.0207387	-0.0106718	-1.28513	0.00228303
3.615	0.394881	-0.174387	0.0207308	-0.0107421	-1.28571	0.00237992
3.62	0.394848	-0.174383	0.0207235	-0.010849	-1.28628	0.00250804
3.625	0.394816	-0.17438	0.0207167	-0.0109693	-1.28685	0.00264872
3.63	0.394785	-0.174376	0.0207101	-0.0110963	-1.28742	0.00279482
3.635	0.394753	-0.174373	0.0207037	-0.011229	-1.28798	0.0029447
3.64	0.394722	-0.174369	0.0206974	-0.0113732	-1.28855	0.00309898
3.645	0.39469	-0.174363	0.02069	-0.0116574	-1.28911	0.0033914
3.65	0.394659	-0.174363	0.020684	-0.0118709	-1.28967	0.0036016
3.655	0.39466	-0.174367	0.0207092	-0.0119787	-1.29009	0.00369661
3.66	0.394654	-0.174384	0.020732	-0.0120554	-1.29051	0.00372922
3.665	0.39465	-0.174389	0.0207497	-0.0121125	-1.29093	0.0037405
3.67	0.394642	-0.174392	0.0207633	-0.01221	-1.29135	0.00377461
3.675	0.394632	-0.174394	0.0207737	-0.0122984	-1.29178	0.00381589
3.68	0.394619	-0.174396	0.0207812	-0.0123727	-1.29221	0.00387063
3.685	0.394603	-0.174398	0.0207858	-0.0124104	-1.29265	0.00389946
3.69	0.394584	-0.1744	0.0207883	-0.0123662	-1.29311	0.00385141
3.695	0.394564	-0.174401	0.0207887	-0.0124017	-1.29358	0.00386533
3.7	0.394541	-0.174401	0.0207873	-0.0124748	-1.29406	0.00390968
3.705	0.394517	-0.174403	0.0207847	-0.0124374	-1.29455	0.00386213
3.71	0.394491	-0.174405	0.020781	-0.0123695	-1.29506	0.00379016
3.715	0.394464	-0.174405	0.0207759	-0.0123774	-1.29557	0.00377515
3.72	0.394435	-0.174407	0.0207699	-0.0124012	-1.29609	0.00377002
3.725	0.394405	-0.174408	0.020763	-0.0124083	-1.29663	0.00375208
3.73	0.394374	-0.174409	0.0207554	-0.0123878	-1.29717	0.00371195
3.735	0.394342	-0.174411	0.0207473	-0.0123356	-1.29773	0.00364592
3.74	0.39431	-0.174413	0.0207388	-0.0122517	-1.29828	0.00355318
3.745	0.394276	-0.174414	0.0207295	-0.0122357	-1.29885	0.00353293
3.75	0.394242	-0.174416	0.0207197	-0.0122196	-1.29942	0.00350993
3.755	0.394208	-0.174416	0.02071	-0.0122602	-1.29999	0.00354312
3.76	0.394173	-0.174416	0.0207003	-0.0123154	-1.30056	0.00358957
3.765	0.394138	-0.174416	0.0206905	-0.0123752	-1.30114	0.0036411
3.77	0.394103	-0.174416	0.0206806	-0.0124361	-1.30172	0.00369417
3.775	0.394068	-0.174414	0.02067	-0.0126119	-1.3023	0.00383334
3.78	0.394033	-0.174412	0.020659	-0.0127987	-1.30289	0.00397745
3.785	0.393998	-0.17441	0.0206486	-0.0129846	-1.30347	0.00413713
3.79	0.393963	-0.174409	0.020638	-0.013103	-1.30406	0.00421664
3.795	0.393928	-0.174408	0.0206269	-0.0131682	-1.30465	0.00423364
3.8	0.393892	-0.174406	0.0206156	-0.0132245	-1.30524	0.00423799
3.805	0.393856	-0.174407	0.0206041	-0.0132576	-1.30584	0.00423118
3.81	0.393821	-0.174405	0.0205933	-0.013413	-1.30642	0.00437005
3.815	0.393785	-0.174406	0.0205827	-0.0135344	-1.307	0.00447522
3.82	0.393749	-0.174406	0.0205721	-0.0136225	-1.30759	0.00455448
3.825	0.393716	-0.174406	0.0205632	-0.0136948	-1.30818	0.00460283
3.83	0.393683	-0.174407	0.0205557	-0.0137516	-1.30875	0.0046296
3.835	0.393652	-0.174407	0.0205494	-0.013804	-1.30932	0.00465191
3.84	0.393622	-0.174408	0.0205442	-0.013855	-1.30989	0.00467423
3.845	0.393593	-0.17441	0.02054	-0.0139059	-1.31044	0.00469906
3.85	0.393566	-0.174411	0.0205367	-0.0139572	-1.31099	0.00472814
3.855	0.393539	-0.174412	0.0205342	-0.0140092	-1.31152	0.00476271
3.86	0.393514	-0.174413	0.0205324	-0.0140624	-1.31205	0.00480377
3.865	0.393489	-0.174415	0.0205312	-0.0141169	-1.31258	0.00485218
3.87	0.393463	-0.174416	0.0205287	-0.014162	-1.31311	0.00488373
3.875	0.393435	-0.174417	0.0205249	-0.0141939	-1.31364	0.00490963
3.88	0.393407	-0.174417	0.02052	-0.0142231	-1.31417	0.00493449
3.885	0.393378	-0.174417	0.0205142	-0.0142515	-1.31471	0.00495915
3.89	0.393347	-0.174417	0.0205076	-0.01428	-1.31526	0.00498144
3.895	0.393316	-0.174417	0.0204996	-0.01424	-1.31581	0.0049309
3.9	0.393283	-0.174418	0.0204907	-0.014179	-1.31637	0.00486369
3.905	0.393287	-0.174422	0.0205158	-0.0141703	-1.31677	0.00484215
3.91	0.39328	-0.174439	0.020537	-0.0141269	-1.31718	0.00475457
3.915	0.393275	-0.174443	0.0205536	-0.0141334	-1.31758	0.00475149
3.92	0.393268	-0.174446	0.0205659	-0.0141274	-1.318	0.00474164
3.925	0.393257	-0.174447	0.0205745	-0.0141414	-1.31842	0.00475372
3.93	0.393243	-0.174448	0.0205797	-0.0141877	-1.31885	0.00478791
3.935	0.393225	-0.174449	0.0205826	-0.0141999	-1.3193	0.00479363
3.94	0.393206	-0.174449	0.0205834	-0.01422	-1.31976	0.00480866
3.945	0.393184	-0.174448	0.0205821	-0.0143224	-1.32023	0.00490207
3.95	0.39316	-0.174447	0.0205791	-0.0144597	-1.32071	0.0050278
3.955	0.393135	-0.174446	0.0205746	-0.0146037	-1.32121	0.00516088
3.96	0.393107	-0.174444	0.020569	-0.0147388	-1.32171	0.00528656
3.965	0.393079	-0.174443	0.0205622	-0.0148592	-1.32224	0.00539974
3.97	0.393049	-0.174442	0.0205546	-0.014961	-1.32277	0.00549669
3.975	0.393017	-0.17444	0.0205462	-0.0150414	-1.32331	0.00557451
3.98	0.392985	-0.174441	0.0205368	-0.0150194	-1.32387	0.00555107
3.985	0.392951	-0.174441	0.0205266	-0.0149711	-1.32443	0.00550566
3.99	0.392917	-0.17444	0.0205161	-0.0149808	-1.325	0.00551745
3.995	0.392882	-0.17444	0.0205051	-0.0150051	-1.32557	0.00554253
4.0	0.392847	-0.174439	0.0204936	-0.0150404	-1.32616	0.00557834
4.005	0.39281	-0.174439	0.0204819	-0.0150727	-1.32674	0.00561142
4.01	0.392774	-0.174438	0.0204698	-0.0150821	-1.32734	0.00562288
4.015	0.392738	-0.174437	0.0204581	-0.0151301	-1.32793	0.00562801
4.02	0.392704	-0.174437	0.0204484	-0.015172	-1.32852	0.0056711
4.025	0.392671	-0.174438	0.0204404	-0.0152134	-1.32909	0.00572204
4.03	0.39264	-0.17444	0.020432	-0.0152078	-1.32966	0.00574142
4.035	0.392609	-0.174441	0.0204249	-0.0152085	-1.33023	0.00576212
4.04	0.392579	-0.174443	0.0204192	-0.0152271	-1.33079	0.00579562
4.045	0.392551	-0.174444	0.0204145	-0.0152562	-1.33134	0.00583724
4.05	0.392523	-0.174446	0.020409	-0.0152684	-1.33187	0.0058795
4.055	0.392499	-0.174448	0.0204058	-0.0153252	-1.33237	0.00595462
4.06	0.392482	-0.174453	0.0204114	-0.0153962	-1.33283	0.0060395
4.065	0.392463	-0.17446	0.0204154	-0.015403	-1.3333	0.00605783
4.07	0.392444	-0.174463	0.0204172	-0.0153797	-1.33378	0.00605738
4.075	0.392423	-0.174466	0.0204174	-0.015325	-1.33427	0.00603437
4.08	0.3924	-0.174468	0.0204158	-0.0153082	-1.33476	0.00602386
4.085	0.392375	-0.174469	0.0204126	-0.0153254	-1.33526	0.00603897
4.09	0.392349	-0.174469	0.020408	-0.0153516	-1.33577	0.00606125
4.095	0.39232	-0.17447	0.020402	-0.0153717	-1.3363	0.00608007
4.1	0.392291	-0.17447	0.0203948	-0.0153904	-1.33683	0.00609882
4.105	0.39226	-0.17447	0.0203866	-0.0154089	-1.33737	0.00611788
4.11	0.392229	-0.17447	0.0203785	-0.0154235	-1.33793	0.00612596
4.115	0.392198	-0.17447	0.0203706	-0.0154324	-1.33848	0.00611778
4.12	0.392167	-0.174471	0.0203629	-0.0154363	-1.33904	0.00609655
4.125	0.392137	-0.17447	0.0203558	-0.0155167	-1.3396	0.00617146
4.13	0.392107	-0.174468	0.0203492	-0.0156472	-1.34016	0.00630274
4.135	0.392076	-0.174466	0.0203429	-0.0157975	-1.34072	0.00645629
4.14	0.392047	-0.174464	0.0203368	-0.0159548	-1.34128	0.00661838
4.145	0.392017	-0.174462	0.0203308	-0.0161148	-1.34184	0.00678413
4.15	0.391987	-0.174459	0.0203249	-0.0162766	-1.3424	0.00695215
4.155	0.391958	-0.174457	0.0203192	-0.0164397	-1.34296	0.00712193
4.16	0.391928	-0.174457	0.0203119	-0.0164475	-1.34353	0.00719035
4.165	0.391897	-0.174457	0.0203038	-0.0164158	-1.3441	0.00723598
4.17	0.391867	-0.174458	0.0202952	-0.0163739	-1.34467	0.0072748
4.175	0.391835	-0.174455	0.0202853	-0.0164991	-1.34525	0.00742973
4.18	0.391802	-0.17445	0.0202743	-0.0167154	-1.34582	0.00765098
4.185	0.391768	-0.174444	0.0202626	-0.0169604	-1.3464	0.00789302
4.19	0.391733	-0.17444	0.0202503	-0.0171354	-1.34698	0.00810002
4.195	0.3917	-0.174437	0.0202392	-0.0171532	-1.34758	0.00816546
4.2	0.391666	-0.174435	0.0202288	-0.0171471	-1.34817	0.00820351
4.205	0.391633	-0.174434	0.020218	-0.0171129	-1.34877	0.00821953
4.21	0.391599	-0.174434	0.0202068	-0.0170709	-1.34937	0.00822972
4.215	0.391564	-0.174433	0.0201953	-0.0170263	-1.34997	0.00823727
4.22	0.391531	-0.174434	0.0201854	-0.0169	-1.35056	0.00809476
4.225	0.391502	-0.174435	0.0201785	-0.0167577	-1.35112	0.00791769
4.23	0.391474	-0.174437	0.0201742	-0.0166345	-1.35169	0.00775348
4.235	0.391446	-0.174439	0.0201693	-0.0165406	-1.35225	0.00761886
4.24	0.391418	-0.17444	0.0201638	-0.0164597	-1.3528	0.00749834
4.245	0.391389	-0.174441	0.0201579	-0.0163883	-1.35336	0.00738738
4.25	0.39136	-0.174441	0.0201513	-0.0163703	-1.35392	0.00734836
4.255	0.39133	-0.174442	0.0201439	-0.0163575	-1.35449	0.00732972
4.26	0.391298	-0.174445	0.0201342	-0.0163027	-1.35505	0.00723563
4.265	0.391265	-0.174449	0.0201229	-0.0160874	-1.35562	0.00698814
4.27	0.391232	-0.174453	0.0201108	-0.0158493	-1.35619	0.00671932
4.275	0.391198	-0.174455	0.0200975	-0.0157378	-1.35677	0.0065829
4.28	0.391167	-0.174456	0.0200892	-0.0157849	-1.35734	0.00658378
4.285	0.391144	-0.17446	0.0200901	-0.0158627	-1.35787	0.00661092
4.29	0.391123	-0.174465	0.0200926	-0.0159485	-1.35839	0.00666125
4.295	0.391101	-0.174467	0.020093	-0.0160644	-1.3589	0.00673966
4.3	0.391078	-0.174468	0.0200912	-0.0161944	-1.35942	0.00683566
4.305	0.391054	-0.174466	0.0200888	-0.0162246	-1.35994	0.00684567
4.31	0.391031	-0.174462	0.0200862	-0.0162315	-1.36047	0.00684134
4.315	0.391006	-0.174458	0.0200813	-0.0162091	-1.36101	0.0068104
4.32	0.390981	-0.174451	0.020077	-0.0162121	-1.36155	0.00680728
4.325	0.390956	-0.174443	0.020073	-0.0162161	-1.36211	0.00680712
4.33	0.39093	-0.174435	0.0200673	-0.0162124	-1.36265	0.00679514
4.335	0.390903	-0.174429	0.0200599	-0.0162269	-1.36319	0.00676864
4.34	0.390875	-0.174422	0.0200528	-0.0163818	-1.36372	0.00686653
4.345	0.390854	-0.174419	0.020053	-0.0164562	-1.36424	0.00685933
4.35	0.39084	-0.174421	0.0200611	-0.01639	-1.3647	0.00677054
4.355	0.390824	-0.174423	0.0200677	-0.0164	-1.36517	0.00676146
4.36	0.390807	-0.174423	0.0200715	-0.0164343	-1.36564	0.00678437
4.365	0.390787	-0.174422	0.0200727	-0.0164493	-1.36613	0.00679958
4.37	0.390765	-0.174421	0.0200717	-0.0164597	-1.36662	0.00681369
4.375	0.39074	-0.17442	0.0200687	-0.0164694	-1.36713	0.00682773
4.38	0.390714	-0.174418	0.0200639	-0.0164793	-1.36764	0.00684184
4.385	0.390686	-0.174417	0.0200576	-0.0164912	-1.36817	0.0068564
4.39	0.390656	-0.174416	0.02005	-0.0165047	-1.36871	0.00687106
4.395	0.390625	-0.174415	0.0200413	-0.0165181	-1.36926	0.00688518
4.4	0.390592	-0.174413	0.0200315	-0.0165309	-1.36982	0.00689845
4.405	0.390559	-0.174412	0.0200209	-0.0165732	-1.37039	0.00693306
4.41	0.390524	-0.17441	0.0200094	-0.016623	-1.37097	0.00697228
4.415	0.390488	-0.174409	0.0199974	-0.0166438	-1.37155	0.00699103
4.42	0.390452	-0.174407	0.0199847	-0.0166871	-1.37215	0.00702688
4.425	0.390415	-0.174406	0.0199717	-0.0167322	-1.37275	0.00707878
4.43	0.390379	-0.174404	0.0199554	-0.0168763	-1.37333	0.00726452
4.435	0.390341	-0.174403	0.0199382	-0.0170465	-1.37392	0.00748326
4.44	0.390303	-0.174404	0.0199227	-0.0169812	-1.37453	0.00746634
4.445	0.390266	-0.174404	0.0199086	-0.0168513	-1.37514	0.00739065
4.45	0.390235	-0.174405	0.0199021	-0.0167352	-1.37575	0.00730482
4.455	0.390203	-0.174407	0.0198948	-0.0166191	-1.37635	0.00720537
4.46	0.390172	-0.174408	0.0198867	-0.0165186	-1.37694	0.00712259
4.465	0.39015	-0.174411	0.0198883	-0.0164311	-1.37747	0.00704423
4.47	0.390126	-0.174416	0.0198882	-0.0163652	-1.37799	0.00698213
4.475	0.390117	-0.17442	0.019901	-0.0163713	-1.37845	0.00695701
4.48	0.390102	-0.174427	0.0199108	-0.0164498	-1.37891	0.00701478
4.485	0.390087	-0.174429	0.0199173	-0.01655	-1.37938	0.00711028
4.49	0.39007	-0.17443	0.0199212	-0.0166141	-1.37985	0.00717014
4.495	0.390051	-0.174431	0.0199226	-0.0166557	-1.38033	0.00720469
4.5	0.390029	-0.174431	0.0199215	-0.0166758	-1.38082	0.0072249
4.505	0.390005	-0.174431	0.0199187	-0.0166716	-1.38132	0.00722129
4.51	0.38998	-0.174431	0.0199142	-0.0166609	-1.38183	0.00721203
4.515	0.389953	-0.174431	0.0199085	-0.0166524	-1.38236	0.00720577
4.52	0.389924	-0.174431	0.0199018	-0.0166508	-1.38289	0.00720673
4.525	0.389894	-0.17443	0.0198939	-0.0166799	-1.38343	0.00723814
4.53	0.389863	-0.174429	0.0198852	-0.0167295	-1.38398	0.0072889
4.535	0.389832	-0.174428	0.0198758	-0.0167989	-1.38454	0.00735822
4.54	0.389799	-0.174426	0.0198657	-0.0168894	-1.38511	0.00744702
4.545	0.389765	-0.174425	0.0198553	-0.0170024	-1.38568	0.00755644
4.55	0.389731	-0.174423	0.0198443	-0.017124	-1.38626	0.00767373
4.555	0.389696	-0.174421	0.0198327	-0.0172324	-1.38685	0.00777862
4.56	0.38966	-0.174418	0.0198197	-0.0174246	-1.38744	0.00799095
4.565	0.389622	-0.174418	0.0198056	-0.0173219	-1.38804	0.00788233
4.57	0.389585	-0.174416	0.019791	-0.0171682	-1.38865	0.00772371
4.575	0.389547	-0.174415	0.0197762	-0.0170305	-1.38926	0.0075817
4.58	0.389509	-0.174414	0.0197618	-0.0169558	-1.38988	0.00742921
4.585	0.389472	-0.174413	0.0197476	-0.0168977	-1.3905	0.00727934
4.59	0.389435	-0.174411	0.0197337	-0.016868	-1.39112	0.00715703
4.595	0.389398	-0.17441	0.0197202	-0.0168469	-1.39174	0.0070436
4.6	0.38937	-0.174409	0.0197111	-0.0165586	-1.39229	0.00629338
4.605	0.389342	-0.174412	0.0197019	-0.0164418	-1.39277	0.0059563
4.61	0.389315	-0.174416	0.0196934	-0.0163506	-1.39323	0.00573026
4.615	0.389288	-0.174418	0.0196847	-0.0163139	-1.39368	0.00562789
4.62	0.389259	-0.17442	0.0196749	-0.0163916	-1.39417	0.00565939
4.625	0.389228	-0.174419	0.019664	-0.0165106	-1.39468	0.00574557
4.63	0.389196	-0.174417	0.0196522	-0.0166124	-1.39521	0.00583453
4.635	0.389163	-0.174414	0.01964	-0.0167109	-1.39577	0.0059369
4.64	0.389129	-0.174411	0.0196273	-0.0168014	-1.39634	0.00603644
4.645	0.389095	-0.174407	0.0196151	-0.0170689	-1.39691	0.00631552
4.65	0.389059	-0.174403	0.0196029	-0.017402	-1.3975	0.00666101
4.655	0.389024	-0.1744	0.0195904	-0.0175565	-1.39809	0.00683874
4.66	0.388988	-0.174399	0.0195771	-0.017558	-1.39869	0.00686053
4.665	0.388952	-0.174397	0.0195634	-0.0175196	-1.3993	0.00683914
4.67	0.388915	-0.174397	0.0195493	-0.0174686	-1.39992	0.0068112
4.675	0.388877	-0.174396	0.0195348	-0.0174105	-1.40054	0.00678011
4.68	0.38884	-0.174396	0.01952	-0.0173467	-1.40116	0.00674672
4.685	0.388802	-0.174396	0.0195049	-0.0172775	-1.40179	0.00671122
4.69	0.388764	-0.174395	0.0194906	-0.0172099	-1.40242	0.00668032
4.695	0.388754	-0.174398	0.0195035	-0.0170074	-1.40292	0.00649173
4.7	0.388737	-0.174409	0.0195134	-0.0169093	-1.40343	0.00634751
4.705	0.388721	-0.174412	0.0195196	-0.0168487	-1.40393	0.00626753
4.71	0.388703	-0.174414	0.0195224	-0.0167918	-1.40443	0.00620784
4.715	0.388683	-0.174414	0.0195222	-0.0167497	-1.40494	0.00617901
4.72	0.38866	-0.174415	0.0195195	-0.0167092	-1.40545	0.0061568
4.725	0.388635	-0.174416	0.0195147	-0.0166672	-1.40598	0.00613574
4.73	0.388609	-0.174416	0.0195081	-0.0166229	-1.40652	0.00611404
4.735	0.38858	-0.174416	0.0194998	-0.0165762	-1.40706	0.00609128
4.74	0.38855	-0.174417	0.0194901	-0.016527	-1.40762	0.0060675
4.745	0.388519	-0.174417	0.0194793	-0.0164714	-1.40819	0.00603578
4.75	0.388487	-0.174417	0.0194681	-0.0164062	-1.40876	0.00598197
4.755	0.388454	-0.174418	0.0194565	-0.0163064	-1.40934	0.00588862
4.76	0.388421	-0.17442	0.0194446	-0.0161644	-1.40993	0.00575214
4.765	0.388387	-0.174422	0.0194325	-0.0159779	-1.41053	0.00557162
4.77	0.388352	-0.174424	0.0194202	-0.0157468	-1.41113	0.00534805
4.775	0.388316	-0.174425	0.0194066	-0.0157275	-1.41173	0.00533237
4.78	0.388279	-0.174426	0.0193924	-0.0156829	-1.41234	0.0052898
4.785	0.388241	-0.174426	0.0193776	-0.0156311	-1.41295	0.00524179
4.79	0.388202	-0.174426	0.019362	-0.0155771	-1.41357	0.00519133
4.795	0.388163	-0.174426	0.019346	-0.0155195	-1.4142	0.00513798
4.8	0.388123	-0.174426	0.0193293	-0.0154501	-1.41483	0.00507737
4.805	0.388082	-0.174425	0.0193119	-0.0154409	-1.41547	0.00507086
4.81	0.388041	-0.174426	0.0192941	-0.0153589	-1.41612	0.00500613
4.815	0.388	-0.174426	0.0192759	-0.0152464	-1.41677	0.00492086
4.82	0.387959	-0.174426	0.0192574	-0.0151141	-1.41742	0.00482244
4.825	0.387917	-0.174427	0.0192385	-0.014969	-1.41808	0.00471564
4.83	0.387877	-0.17443	0.0192224	-0.0145983	-1.41873	0.00439447
4.835	0.38784	-0.174433	0.0192084	-0.0141765	-1.41937	0.00402285
4.84	0.387804	-0.174438	0.0191962	-0.0137457	-1.42	0.0036404
4.845	0.387773	-0.174442	0.0191885	-0.0133417	-1.4206	0.00327806
4.85	0.387746	-0.174448	0.0191847	-0.0129733	-1.42117	0.0029456
4.855	0.387722	-0.174454	0.0191842	-0.0126326	-1.42172	0.00263664
4.86	0.387699	-0.17446	0.0191836	-0.0122908	-1.42226	0.00232487
4.865	0.387677	-0.174466	0.0191827	-0.0119491	-1.42278	0.00201503
4.87	0.387654	-0.17447	0.0191815	-0.0116054	-1.42331	0.00170056
4.875	0.387632	-0.174475	0.0191803	-0.011259	-1.42383	0.00137883
4.88	0.387609	-0.17448	0.0191792	-0.0109103	-1.42434	0.00104958
4.885	0.387587	-0.174485	0.0191784	-0.0105604	-1.42486	0.000714205
4.89	0.387563	-0.174488	0.0191751	-0.0102881	-1.42537	0.000457279
4.895	0.387536	-0.17449	0.0191691	-0.0101613	-1.4259	0.000338855
4.9	0.387509	-0.174493	0.0191634	-0.00986921	-1.42643	5.80452e-05
4.905	0.387482	-0.174496	0.0191577	-0.00952754	-1.42696	-0.000270226
4.91	0.387492	-0.174499	0.019186	-0.00941436	-1.42729	-0.000388548
4.915	0.38749	-0.174517	0.0192086	-0.00898806	-1.42764	-0.00092046
4.92	0.38749	-0.174521	0.0192253	-0.00864803	-1.42801	-0.00135434
4.925	0.38749	-0.174523	0.0192407	-0.008484	-1.42834	-0.0015549
4.93	0.387499	-0.174529	0.0192658	-0.00841728	-1.42861	-0.00164417
4.935	0.387501	-0.174537	0.019285	-0.00834254	-1.42892	-0.00173757
4.94	0.387499	-0.174539	0.0192987	-0.00835314	-1.42924	-0.00177075
4.945	0.3875	-0.17454	0.0193167	-0.0084611	-1.4296	-0.00168354
4.95	0.387498	-0.17454	0.0193276	-0.00859798	-1.42992	-0.00158138
4.955	0.387488	-0.174549	0.0193338	-0.0081334	-1.43027	-0.00207988
4.96	0.387477	-0.174549	0.0193364	-0.00793186	-1.43066	-0.00231916
4.965	0.38746	-0.174551	0.0193355	-0.00781655	-1.43108	-0.002472
4.97	0.387439	-0.174553	0.0193316	-0.00771452	-1.43153	-0.00257447
4.975	0.387415	-0.174554	0.0193251	-0.00760864	-1.432	-0.00266878
4.98	0.387387	-0.174555	0.0193164	-0.00749491	-1.43249	-0.00276658
4.985	0.387358	-0.174553	0.0193052	-0.00759898	-1.433	-0.00264439
4.99	0.387326	-0.174552	0.0192923	-0.00755671	-1.43353	-0.0026805
4.995	0.387293	-0.174551	0.0192779	-0.00742671	-1.43408	-0.00281586
5.0	0.387256	-0.174552	0.0192595	-0.00678522	-1.43465	-0.00350095
5.005	0.387219	-0.174556	0.0192407	-0.00587294	-1.43521	-0.00450343
5.01	0.387182	-0.174561	0.0192233	-0.00486294	-1.43578	-0.00560144
5.015	0.387143	-0.174569	0.0192052	-0.00367827	-1.43638	-0.0068549
5.02	0.38711	-0.174566	0.0191884	-0.00359759	-1.43689	-0.00695163
5.025	0.387098	-0.174573	0.0191971	-0.00376222	-1.4373	-0.0068174
5.03	0.387113	-0.174588	0.0192353	-0.00383106	-1.43759	-0.00679365
5.035	0.387121	-0.174604	0.0192657	-0.00372026	-1.4379	-0.00697347
5.04	0.387126	-0.174619	0.0192846	-0.00269804	-1.43822	-0.00804993
5.045	0.387128	-0.174625	0.0193007	-0.00204981	-1.43855	-0.00870073
5.05	0.387123	-0.174629	0.0193113	-0.00172496	-1.4389	-0.00902599
5.055	0.387114	-0.174634	0.0193161	-0.0013872	-1.43927	-0.00936453
5.06	0.387099	-0.174638	0.0193158	-0.000807854	-1.43967	-0.00995555
5.065	0.387081	-0.174639	0.0193136	-0.000607358	-1.4401	-0.0101334
5.07	0.387073	-0.174642	0.0193223	-0.000509341	-1.44048	-0.0102281
5.075	0.387061	-0.174649	0.0193272	-0.000330353	-1.44085	-0.010419
5.08	0.387051	-0.174653	0.0193351	-0.000239693	-1.44126	-0.0105184
5.085	0.387036	-0.174659	0.0193385	0.000255334	-1.44169	-0.011004
5.09	0.38702	-0.174661	0.0193403	0.000519466	-1.44212	-0.0112753
5.095	0.387001	-0.174661	0.01934	0.000444448	-1.44257	-0.0112081
5.1	0.386979	-0.17466	0.0193375	0.000139112	-1.44304	-0.0109003
5.105	0.386955	-0.174657	0.019333	-0.000226945	-1.44352	-0.0105292
5.11	0.386928	-0.174654	0.0193268	-0.000629638	-1.44402	-0.010118
5.115	0.3869	-0.174649	0.019319	-0.00105934	-1.44453	-0.00967769
5.12	0.38687	-0.174644	0.0193099	-0.00150997	-1.44506	-0.00921497
5.125	0.386839	-0.174639	0.0192997	-0.00197949	-1.4456	-0.00873216
5.13	0.386805	-0.174636	0.0192886	-0.00226374	-1.44616	-0.00845675
5.135	0.38677	-0.174636	0.0192749	-0.00239814	-1.44672	-0.00832156
5.14	0.386736	-0.174635	0.0192616	-0.00253063	-1.44729	-0.00820074
5.145	0.3867	-0.174634	0.019248	-0.00275834	-1.44787	-0.00797896
5.15	0.386663	-0.174635	0.0192334	-0.00272397	-1.44846	-0.00799147
5.155	0.386626	-0.174636	0.0192178	-0.0026047	-1.44907	-0.00807734
5.16	0.38659	-0.174638	0.0192027	-0.00219922	-1.44966	-0.00843875
5.165	0.386553	-0.174642	0.0191867	-0.00170005	-1.45025	-0.00889218
5.17	0.386515	-0.174644	0.0191696	-0.00115332	-1.45086	-0.00942323
5.175	0.386476	-0.174648	0.0191519	-0.000498838	-1.45147	-0.0100296
5.18	0.386436	-0.174649	0.0191333	4.96451e-07	-1.4521	-0.0104659
5.185	0.386396	-0.174649	0.0191139	0.00028527	-1.45272	-0.0107857
5.19	0.386354	-0.174651	0.0190936	0.000587645	-1.45335	-0.0111004
5.195	0.386311	-0.174652	0.0190728	0.00102588	-1.454	-0.0115434
5.2	0.386267	-0.174656	0.0190504	0.00176414	-1.45466	-0.0122561
5.205	0.386223	-0.174655	0.0190281	0.00190492	-1.45532	-0.0123627
5.21	0.386176	-0.174654	0.0190073	0.00209077	-1.45595	-0.0126784
5.215	0.386177	-0.174658	0.0190309	0.00206566	-1.45637	-0.0127158
5.22	0.386166	-0.174676	0.0190468	0.00241398	-1.4568	-0.0131251
5.225	0.386157	-0.17468	0.0190571	0.00270917	-1.45724	-0.0134563
5.23	0.386144	-0.174681	0.019062	0.00291393	-1.45769	-0.0136916
5.235	0.386126	-0.174681	0.0190623	0.00315862	-1.45815	-0.0139035
5.24	0.386106	-0.174682	0.0190595	0.00343484	-1.45862	-0.0142028
5.245	0.386084	-0.17468	0.0190569	0.00369789	-1.45908	-0.0145133
5.25	0.38606	-0.174679	0.0190513	0.00396139	-1.45958	-0.0147634
5.255	0.386033	-0.174677	0.0190428	0.00413711	-1.46009	-0.0149057
5.26	0.386002	-0.17468	0.0190299	0.00501042	-1.46064	-0.0157551
5.265	0.385969	-0.174687	0.0190131	0.00649535	-1.4612	-0.017221
5.27	0.385933	-0.174698	0.018993	0.00853531	-1.46178	-0.0192496
5.275	0.385895	-0.174713	0.01897	0.0110867	-1.46238	-0.0217968
5.28	0.385854	-0.174729	0.0189461	0.013752	-1.463	-0.0244571
5.285	0.385816	-0.174736	0.0189264	0.0147705	-1.4636	-0.0254479
5.29	0.385774	-0.17475	0.0189037	0.0162085	-1.46421	-0.026882
5.295	0.385732	-0.174759	0.0188794	0.017872	-1.46485	-0.0285295
5.3	0.38569	-0.174767	0.0188537	0.019694	-1.46549	-0.0303291
5.305	0.385647	-0.174777	0.0188266	0.0217553	-1.46614	-0.032378
5.31	0.385603	-0.174784	0.0188014	0.0237261	-1.4668	-0.0343388
5.315	0.385558	-0.174791	0.0187761	0.025534	-1.46747	-0.036139
5.32	0.385513	-0.174788	0.0187547	0.0260901	-1.4681	-0.0368209
5.325	0.385476	-0.174788	0.0187459	0.0264829	-1.46874	-0.0373578
5.33	0.38544	-0.174784	0.0187373	0.0266871	-1.46937	-0.0377231
5.335	0.385413	-0.174777	0.0187305	0.0267582	-1.46987	-0.0378997
5.34	0.385384	-0.174772	0.0187223	0.0264172	-1.4704	-0.0375824
5.345	0.385355	-0.174765	0.0187128	0.025958	-1.47094	-0.0371165
5.35	0.385331	-0.174753	0.0187096	0.0244726	-1.4714	-0.0356186
5.355	0.385312	-0.174745	0.0187122	0.022958	-1.47184	-0.0341059
5.36	0.385299	-0.174738	0.0187214	0.0214318	-1.47225	-0.0325729
5.365	0.385291	-0.174728	0.0187331	0.0195532	-1.47263	-0.0307178
5.37	0.38528	-0.174727	0.0187397	0.0191509	-1.47301	-0.0303634
5.375	0.38527	-0.17472	0.0187455	0.0186394	-1.47337	-0.0298989
5.38	0.385254	-0.174717	0.0187462	0.0186331	-1.47375	-0.0299714
5.385	0.385247	-0.17471	0.0187477	0.0181753	-1.47397	-0.0295325
5.39	0.385231	-0.174714	0.0187453	0.0181738	-1.47425	-0.0296057
5.395	0.385231	-0.174713	0.0187594	0.0181048	-1.47452	-0.0295848
5.4	0.385224	-0.174728	0.018763	0.019464	-1.47484	-0.0309584
5.405	0.385214	-0.174732	0.0187642	0.0204684	-1.4752	-0.0319276
5.41	0.3852	-0.174737	0.0187621	0.0214102	-1.47558	-0.0328359
5.415	0.385181	-0.174742	0.0187574	0.0222779	-1.476	-0.0336737
5.42	0.385163	-0.174741	0.0187541	0.0223767	-1.4764	-0.0337512
5.425	0.385149	-0.174738	0.0187576	0.0216246	-1.47678	-0.0329729
5.43	0.385138	-0.174735	0.0187662	0.0209137	-1.47717	-0.0322425
5.435	0.385122	-0.174733	0.018768	0.0208651	-1.4776	-0.0321797
5.44	0.385135	-0.174731	0.0188004	0.0209397	-1.47795	-0.0322465
5.445	0.385143	-0.174736	0.0188294	0.0209902	-1.4783	-0.0322888
5.45	0.385155	-0.174735	0.0188597	0.0210265	-1.47861	-0.0323034
5.455	0.385161	-0.174736	0.0188827	0.0211113	-1.47893	-0.03238
5.46	0.385162	-0.174733	0.018899	0.0212264	-1.47926	-0.032485
5.465	0.385157	-0.17473	0.0189092	0.0215145	-1.47961	-0.0327666
5.47	0.385149	-0.174724	0.0189152	0.0212645	-1.47999	-0.0324917
5.475	0.385134	-0.174719	0.0189161	0.0211212	-1.48039	-0.0323151
5.48	0.385116	-0.17471	0.0189137	0.0205543	-1.48081	-0.0317095
5.485	0.385095	-0.174702	0.0189084	0.0198208	-1.48126	-0.0309365
5.49	0.38507	-0.174692	0.0189004	0.0190064	-1.48174	-0.0300787
5.495	0.385041	-0.174684	0.018889	0.0186137	-1.48225	-0.0296213
5.5	0.38501	-0.174676	0.0188749	0.018398	-1.48278	-0.029333
5.505	0.384976	-0.174668	0.0188587	0.0183602	-1.48334	-0.0292298
5.51	0.38494	-0.17466	0.0188408	0.0183867	-1.48392	-0.0291899
5.515	0.384901	-0.174652	0.0188214	0.0184321	-1.48452	-0.0291671
5.52	0.384862	-0.174646	0.0188022	0.0186751	-1.48513	-0.0293508
5.525	0.384846	-0.174634	0.0188205	0.0186679	-1.48577	-0.0293601
5.53	0.384829	-0.174626	0.0188341	0.0187837	-1.48639	-0.0294614
5.535	0.384811	-0.174617	0.0188435	0.0190887	-1.48697	-0.0297591
5.54	0.384792	-0.174608	0.0188488	0.0193146	-1.48754	-0.0299727
5.545	0.38477	-0.174599	0.0188504	0.0194831	-1.4881	-0.0301259
5.55	0.384747	-0.174591	0.0188478	0.0195459	-1.48865	-0.0301548
5.555	0.384721	-0.174581	0.0188423	0.0194278	-1.4892	-0.0300078
5.56	0.384693	-0.174572	0.0188343	0.0193763	-1.48976	-0.0299231
5.565	0.384663	-0.174562	0.0188251	0.0192221	-1.49033	-0.0297349
5.57	0.384685	-0.174564	0.0188783	0.017316	-1.4908	-0.0278512
5.575	0.384701	-0.174585	0.018926	0.0170798	-1.4912	-0.0276831
5.58	0.384722	-0.174594	0.0189671	0.0170618	-1.49149	-0.0277056
5.585	0.384736	-0.174606	0.0189989	0.0177213	-1.49174	-0.0284295
5.59	0.384757	-0.174614	0.0190336	0.017913	-1.49192	-0.028648
5.595	0.384778	-0.174624	0.0190691	0.0179908	-1.49209	-0.0287544
5.6	0.384801	-0.174632	0.0191061	0.0180353	-1.49226	-0.0288199
5.605	0.384822	-0.174638	0.0191411	0.018058	-1.49242	-0.0288589
5.61	0.384839	-0.174639	0.0191673	0.0177011	-1.49258	-0.0285417
5.615	0.384856	-0.174642	0.0191964	0.0176328	-1.49274	-0.0284901
5.62	0.384875	-0.174645	0.0192259	0.0176297	-1.49289	-0.0284961
5.625	0.384894	-0.174647	0.0192563	0.017646	-1.49304	-0.0285198
5.63	0.384913	-0.17465	0.0192866	0.0176864	-1.49318	-0.0285665
5.635	0.384933	-0.174652	0.0193179	0.0177179	-1.49334	-0.0286046
5.64	0.384953	-0.174654	0.0193505	0.0177495	-1.49349	-0.0286403
5.645	0.384972	-0.174655	0.0193804	0.0177687	-1.49365	-0.0286637
5.65	0.384983	-0.174656	0.019402	0.017881	-1.49385	-0.028774
5.655	0.384987	-0.174652	0.0194176	0.0178891	-1.49409	-0.028772
5.66	0.384987	-0.174648	0.0194291	0.0179395	-1.49437	-0.0288164
5.665	0.384991	-0.174646	0.0194436	0.0181977	-1.49464	-0.0290673
5.67	0.385006	-0.174647	0.0194734	0.0183178	-1.49485	-0.0291901
5.675	0.385023	-0.17465	0.019505	0.0183076	-1.49506	-0.0291896
5.68	0.385044	-0.174652	0.0195399	0.0183289	-1.49524	-0.0292164
5.685	0.385063	-0.174654	0.0195718	0.018362	-1.49541	-0.0292536
5.69	0.38508	-0.174654	0.0196004	0.0184039	-1.49557	-0.0292964
5.695	0.385089	-0.174654	0.0196211	0.018595	-1.49578	-0.0294838
5.7	0.385098	-0.174653	0.0196395	0.0189977	-1.496	-0.0298475
5.705	0.3851	-0.174652	0.0196511	0.0191068	-1.49627	-0.0299251
5.71	0.385097	-0.174649	0.0196574	0.0188362	-1.49656	-0.0296212
5.715	0.385091	-0.174646	0.0196645	0.0193483	-1.4969	-0.0301103
5.72	0.385085	-0.174642	0.019673	0.0196555	-1.49724	-0.0303809
5.725	0.385074	-0.174636	0.0196766	0.0192046	-1.49762	-0.0299166
5.73	0.385059	-0.174629	0.0196771	0.0184242	-1.49802	-0.0291271
5.735	0.385042	-0.17462	0.0196751	0.0174826	-1.49845	-0.0281697
5.74	0.385032	-0.174609	0.0196768	0.0159967	-1.4988	-0.0266764
5.745	0.385016	-0.174605	0.0196719	0.0142519	-1.4992	-0.0249332
5.75	0.385027	-0.174602	0.0196991	0.0138409	-1.49948	-0.0245213
5.755	0.385033	-0.174603	0.0197205	0.0136209	-1.49981	-0.0243191
5.76	0.385034	-0.174601	0.0197338	0.0135486	-1.50017	-0.0242472
5.765	0.38503	-0.174594	0.0197424	0.0134357	-1.50056	-0.0241196
5.77	0.38502	-0.174585	0.0197459	0.0131593	-1.50097	-0.0238268
5.775	0.385005	-0.174575	0.0197449	0.0127435	-1.5014	-0.0233601
5.78	0.384985	-0.174565	0.0197401	0.0122272	-1.50185	-0.0227913
5.785	0.384961	-0.174555	0.0197318	0.0116692	-1.50234	-0.0221802
5.79	0.384934	-0.174544	0.0197203	0.0111797	-1.50286	-0.0216466
5.795	0.384903	-0.17453	0.0197038	0.0100213	-1.5034	-0.0204889
5.8	0.384869	-0.174519	0.0196855	0.00894242	-1.50397	-0.0193994
5.805	0.384832	-0.174507	0.0196652	0.00817109	-1.50457	-0.0186158
5.81	0.384793	-0.174494	0.0196425	0.00679274	-1.50518	-0.0172201
5.815	0.384752	-0.17448	0.0196188	0.00519857	-1.50581	-0.0156091
5.82	0.38471	-0.174468	0.0195937	0.00388944	-1.50646	-0.0142814
5.825	0.384667	-0.174455	0.0195672	0.00238591	-1.50712	-0.0127501
5.83	0.384621	-0.174443	0.0195399	0.000892805	-1.5078	-0.0112164
5.835	0.384576	-0.174433	0.0195153	7.60621e-05	-1.50848	-0.0103673
5.84	0.384532	-0.174424	0.0194932	-0.000509221	-1.50915	-0.00973388
5.845	0.384499	-0.174417	0.0194779	-0.000762668	-1.5097	-0.00945036
5.85	0.384463	-0.174412	0.0194637	-0.0010999	-1.51028	-0.00910057
5.855	0.384427	-0.174403	0.0194491	-0.00136829	-1.51088	-0.00881384
5.86	0.384391	-0.174395	0.0194338	-0.00137179	-1.51149	-0.00879134
5.865	0.384355	-0.174387	0.0194183	-0.00131944	-1.51212	-0.00882353
5.87	0.384318	-0.174378	0.0194023	-0.00176822	-1.51274	-0.0083554
5.875	0.38431	-0.174374	0.0194167	-0.00205075	-1.51324	-0.00805299
5.88	0.384297	-0.174377	0.0194269	-0.00251809	-1.51372	-0.00764026
5.885	0.38429	-0.174375	0.0194395	-0.00286943	-1.51416	-0.00728385
5.89	0.384279	-0.174371	0.0194467	-0.003538	-1.51461	-0.00662414
5.895	0.384265	-0.174366	0.0194499	-0.00418247	-1.51506	-0.00597928
5.9	0.384249	-0.17436	0.0194497	-0.00484043	-1.51553	-0.00531267
5.905	0.38423	-0.174354	0.0194469	-0.00548724	-1.51602	-0.00466659
5.91	0.384207	-0.174348	0.0194411	-0.0057225	-1.51652	-0.004408
5.915	0.384182	-0.174336	0.0194306	-0.00673146	-1.51705	-0.00340682
5.92	0.384154	-0.174329	0.0194196	-0.00714744	-1.51759	-0.00298076
5.925	0.384124	-0.17432	0.0194075	-0.0074562	-1.51815	-0.00265028
5.93	0.384093	-0.174312	0.0193945	-0.00778367	-1.51873	-0.00230109
5.935	0.38406	-0.174302	0.0193801	-0.0085636	-1.51931	-0.00150233
5.94	0.384026	-0.174292	0.0193657	-0.00981183	-1.5199	-0.000239047
5.945	0.38399	-0.174282	0.019351	-0.0111385	-1.52051	0.00110189
5.95	0.383961	-0.174274	0.0193421	-0.0121944	-1.52108	0.00218736
5.955	0.383938	-0.17427	0.0193404	-0.0130991	-1.5216	0.0031309
5.96	0.383913	-0.174265	0.0193363	-0.0141659	-1.52213	0.00421114
5.965	0.383888	-0.174258	0.0193307	-0.015572	-1.52268	0.00562941
5.97	0.383861	-0.17425	0.0193235	-0.0170794	-1.52323	0.00714852
5.975	0.383832	-0.174242	0.0193151	-0.0184353	-1.52379	0.00851571
5.98	0.383802	-0.174233	0.0193054	-0.0198787	-1.52436	0.00997247
5.985	0.383771	-0.174227	0.0192933	-0.0203328	-1.52494	0.0104395
5.99	0.383739	-0.174218	0.0192818	-0.0213607	-1.52553	0.0114836
5.995	0.383705	-0.174212	0.0192689	-0.0218902	-1.52613	0.0120258
6.0	0.383672	-0.174205	0.0192555	-0.0222981	-1.52674	0.012448
6.005	0.383638	-0.174199	0.0192424	-0.0226776	-1.52734	0.0128419
6.01	0.383632	-0.174197	0.0192577	-0.0226605	-1.52783	0.0128563
6.015	0.383621	-0.1742	0.0192695	-0.022865	-1.52831	0.0130562
6.02	0.38361	-0.174195	0.0192782	-0.024189	-1.52878	0.0143747
6.025	0.383597	-0.174192	0.0192858	-0.0251051	-1.52927	0.0152981
6.03	0.383582	-0.174186	0.0192897	-0.0262382	-1.52976	0.0164433
6.035	0.383564	-0.174179	0.0192909	-0.0274304	-1.53026	0.0176475
6.04	0.383544	-0.174174	0.0192895	-0.0290042	-1.53076	0.019227
6.045	0.383521	-0.174167	0.0192838	-0.030892	-1.53128	0.0211218
6.05	0.383495	-0.174161	0.0192766	-0.0325354	-1.53182	0.0227746
6.055	0.383468	-0.174155	0.0192683	-0.033954	-1.53236	0.0242065
6.06	0.38344	-0.174149	0.0192589	-0.0353469	-1.53292	0.0256139
6.065	0.38341	-0.174142	0.0192487	-0.0367668	-1.53349	0.0270488
6.07	0.383397	-0.174138	0.0192553	-0.0380539	-1.53398	0.0283446
6.075	0.38338	-0.174138	0.0192592	-0.0395913	-1.53449	0.0298755
6.08	0.38336	-0.174133	0.0192581	-0.0413307	-1.535	0.0316143
6.085	0.383337	-0.174126	0.0192527	-0.0432498	-1.53553	0.0335349
6.09	0.383312	-0.174115	0.0192397	-0.0457558	-1.53607	0.0360484
6.095	0.383284	-0.174108	0.0192284	-0.0475489	-1.53663	0.0378527
6.1	0.383255	-0.174099	0.0192171	-0.0492076	-1.5372	0.0395318
6.105	0.383224	-0.174091	0.019205	-0.0508884	-1.53778	0.0412313
6.11	0.383192	-0.174083	0.019192	-0.0526163	-1.53836	0.0429766
6.115	0.383159	-0.174075	0.0191787	-0.0544028	-1.53896	0.0447822
6.12	0.383126	-0.174067	0.0191653	-0.0563619	-1.53956	0.0467607
6.125	0.383092	-0.17406	0.0191505	-0.0583062	-1.54017	0.048723
6.13	0.383057	-0.174053	0.0191369	-0.060182	-1.54079	0.0506174
6.135	0.383022	-0.174047	0.0191226	-0.0610486	-1.54141	0.0515027
6.14	0.382987	-0.174039	0.0191074	-0.0627264	-1.54203	0.0531993
6.145	0.382952	-0.174031	0.0190931	-0.0655351	-1.54266	0.0560236
6.15	0.382916	-0.174024	0.0190783	-0.0683064	-1.54328	0.058808
6.155	0.382879	-0.174017	0.0190638	-0.0706149	-1.54392	0.0611314
6.16	0.382842	-0.174011	0.0190483	-0.0715841	-1.54456	0.0621186
6.165	0.382806	-0.174006	0.0190327	-0.0722337	-1.5452	0.0627876
6.17	0.382769	-0.173999	0.0190165	-0.0739485	-1.54584	0.0645206
6.175	0.382732	-0.173994	0.0190007	-0.0758423	-1.54649	0.0664298
6.18	0.382696	-0.173988	0.0189854	-0.07777	-1.54713	0.0683741
6.185	0.382659	-0.173982	0.0189706	-0.0796963	-1.54777	0.0703178
6.19	0.382623	-0.173976	0.0189561	-0.0816494	-1.54841	0.0722855
6.195	0.382586	-0.173972	0.018941	-0.0825403	-1.54906	0.0731894
6.2	0.38254	-0.173967	0.0189015	-0.0818573	-1.54948	0.0725447
6.205	0.382483	-0.173962	0.0188483	-0.0825274	-1.54987	0.073233
6.21	0.382424	-0.173959	0.0187931	-0.081693	-1.55027	0.0724139
6.215	0.382406	-0.173956	0.0187753	-0.0815543	-1.55041	0.0722823
6.22	0.382395	-0.173968	0.0187673	-0.0813874	-1.55042	0.0720849
6.225	0.382389	-0.173975	0.0187607	-0.0811049	-1.55039	0.0717837
6.23	0.382385	-0.173979	0.0187538	-0.0807868	-1.55034	0.071456
6.235	0.382372	-0.173979	0.0187367	-0.0799233	-1.55034	0.0705924
6.24	0.382354	-0.173975	0.0187128	-0.0795718	-1.55037	0.07025
6.245	0.382329	-0.17397	0.0186823	-0.0799704	-1.55045	0.070658
6.25	0.382302	-0.173965	0.018651	-0.0801488	-1.55056	0.07085
6.255	0.382282	-0.173961	0.0186223	-0.0800153	-1.55056	0.0707256
6.26	0.382255	-0.173962	0.0185913	-0.080202	-1.55059	0.0709147
6.265	0.382232	-0.173959	0.0185625	-0.0808171	-1.55062	0.071544
6.27	0.38221	-0.173957	0.0185379	-0.081742	-1.55065	0.0724783
6.275	0.382189	-0.173953	0.0185152	-0.0838123	-1.55066	0.0745551
6.28	0.382174	-0.173952	0.0184925	-0.084	-1.55059	0.0747442
6.285	0.382161	-0.173953	0.018471	-0.0837989	-1.55052	0.0745383
6.29	0.382149	-0.173954	0.0184508	-0.0834033	-1.55043	0.0741408
6.295	0.382138	-0.173954	0.0184317	-0.0829471	-1.55035	0.0736834
6.3	0.382127	-0.173954	0.0184133	-0.0825058	-1.55027	0.0732418
6.305	0.382118	-0.173955	0.0183958	-0.0820742	-1.55019	0.07281
6.31	0.382109	-0.173955	0.0183786	-0.0816797	-1.55011	0.0724155
6.315	0.3821	-0.173955	0.0183619	-0.0812873	-1.55004	0.0720234
6.32	0.382091	-0.173955	0.0183459	-0.0809162	-1.54996	0.071652
6.325	0.382083	-0.173956	0.0183304	-0.0805234	-1.54989	0.0712586
6.33	0.382075	-0.173956	0.0183153	-0.0801297	-1.54981	0.0708643
6.335	0.382068	-0.173956	0.0183007	-0.0797401	-1.54974	0.070474
6.34	0.382061	-0.173957	0.0182865	-0.0793555	-1.54967	0.0700886
6.345	0.382054	-0.173957	0.0182725	-0.0789757	-1.5496	0.0697079
6.35	0.382047	-0.173958	0.0182589	-0.0786004	-1.54953	0.0693318
6.355	0.38204	-0.173958	0.0182454	-0.0782292	-1.54946	0.0689596
6.36	0.382034	-0.173959	0.0182321	-0.0778622	-1.54939	0.0685917
6.365	0.382026	-0.173957	0.0182169	-0.0791063	-1.54932	0.0698555
6.37	0.382018	-0.173958	0.0182029	-0.0794208	-1.54925	0.0701729
6.375	0.382011	-0.173958	0.0181893	-0.0792174	-1.54918	0.0699689
6.38	0.382005	-0.173959	0.0181757	-0.0789527	-1.54911	0.0697024
6.385	0.381998	-0.173959	0.0181622	-0.0788279	-1.54905	0.0695743
6.39	0.381991	-0.17396	0.018149	-0.0785222	-1.54898	0.0692667
6.395	0.381985	-0.173961	0.0181358	-0.0781742	-1.54891	0.0689169
6.4	0.381978	-0.173961	0.0181228	-0.0778184	-1.54884	0.0685594
6.405	0.381972	-0.173962	0.0181098	-0.0774766	-1.54877	0.0682159
6.41	0.381966	-0.173963	0.0180969	-0.077126	-1.54871	0.0678638
6.415	0.381959	-0.173963	0.018084	-0.0767887	-1.54864	0.0675251
6.42	0.381952	-0.173963	0.0180695	-0.076883	-1.54857	0.0676121
6.425	0.381944	-0.173963	0.0180554	-0.0768192	-1.54851	0.0675448
6.43	0.381937	-0.173963	0.0180413	-0.0766927	-1.54844	0.0674153
6.435	0.381929	-0.173963	0.018027	-0.0764692	-1.54838	0.0671857
6.44	0.381922	-0.173963	0.018013	-0.0762509	-1.54831	0.0669627
6.445	0.381915	-0.173963	0.0179992	-0.0759389	-1.54824	0.066649
6.45	0.381908	-0.173963	0.0179857	-0.0756058	-1.54817	0.0663148
6.455	0.381901	-0.173964	0.0179723	-0.0752696	-1.5481	0.0659776
6.46	0.381895	-0.173964	0.0179591	-0.0749347	-1.54803	0.0656417
6.465	0.381888	-0.173965	0.0179459	-0.0746017	-1.54796	0.0653079
6.47	0.381882	-0.173965	0.0179329	-0.0742707	-1.54789	0.0649758
6.475	0.381876	-0.173966	0.01792	-0.0739424	-1.54783	0.0646466
6.48	0.381869	-0.173966	0.0179073	-0.0736056	-1.54776	0.0643085
6.485	0.381863	-0.173967	0.0178947	-0.07328	-1.54769	0.063982
6.49	0.381857	-0.173967	0.017882	-0.0729601	-1.54762	0.0636609
6.495	0.381851	-0.173968	0.0178693	-0.0726413	-1.54756	0.0633409
6.5	0.381845	-0.173969	0.0178567	-0.0723242	-1.54749	0.0630227
6.505	0.381839	-0.173969	0.0178441	-0.0720089	-1.54742	0.0627063
6.51	0.381833	-0.17397	0.0178315	-0.0716955	-1.54735	0.0623916
6.515	0.381827	-0.17397	0.0178189	-0.0713839	-1.54728	0.0620788
6.52	0.381821	-0.173971	0.0178064	-0.071074	-1.54722	0.0617676
6.525	0.381815	-0.173972	0.0177939	-0.0707645	-1.54715	0.0614569
6.53	0.381809	-0.173972	0.0177814	-0.0704584	-1.54708	0.0611496
6.535	0.381803	-0.173973	0.017769	-0.0701542	-1.54701	0.0608442
6.54	0.381797	-0.173973	0.0177565	-0.0698517	-1.54695	0.0605404
6.545	0.381791	-0.173974	0.017744	-0.0695508	-1.54688	0.0602382
6.55	0.381785	-0.173975	0.0177314	-0.0692515	-1.54681	0.0599376
6.555	0.381777	-0.173975	0.0177168	-0.0692086	-1.54676	0.0598821
6.56	0.38177	-0.173974	0.0177025	-0.0689307	-1.54669	0.059603
6.565	0.381762	-0.173974	0.0176884	-0.0686353	-1.54662	0.0593059
6.57	0.381755	-0.173975	0.0176746	-0.0683374	-1.54655	0.059007
6.575	0.381749	-0.173975	0.0176609	-0.0680412	-1.54648	0.05871
6.58	0.381742	-0.173976	0.0176473	-0.0677473	-1.54641	0.0584153
6.585	0.381735	-0.173976	0.0176339	-0.0674552	-1.54634	0.0581223
6.59	0.381729	-0.173977	0.0176206	-0.0671648	-1.54627	0.0578309
6.595	0.381722	-0.173977	0.0176074	-0.0668763	-1.5462	0.0575415
6.6	0.381716	-0.173978	0.0175943	-0.0665902	-1.54613	0.0572544
6.605	0.381709	-0.173978	0.0175812	-0.0663055	-1.54606	0.0569686
6.61	0.381703	-0.173979	0.0175682	-0.0660216	-1.54599	0.0566835
6.615	0.381697	-0.173979	0.0175552	-0.0657399	-1.54592	0.0564006
6.62	0.38169	-0.17398	0.0175423	-0.0654612	-1.54585	0.0561207
6.625	0.381684	-0.173981	0.0175294	-0.0651832	-1.54578	0.0558414
6.63	0.381678	-0.173981	0.0175165	-0.0649065	-1.54571	0.0555634
6.635	0.381671	-0.173982	0.0175036	-0.0646313	-1.54564	0.0552869
6.64	0.381665	-0.173983	0.0174908	-0.0643582	-1.54558	0.0550125
6.645	0.381659	-0.173983	0.017478	-0.0640864	-1.54551	0.0547393
6.65	0.381653	-0.173984	0.0174652	-0.0638158	-1.54544	0.0544674
6.655	0.381646	-0.173985	0.0174524	-0.0634708	-1.54539	0.054121
6.66	0.381632	-0.173986	0.0174331	-0.062381	-1.54538	0.0530302
6.665	0.381623	-0.173984	0.0174165	-0.0616681	-1.54534	0.0523206
6.67	0.381613	-0.173986	0.0174008	-0.0612592	-1.54528	0.0519084
6.675	0.381605	-0.173987	0.0173857	-0.0609191	-1.54521	0.0515643
6.68	0.381597	-0.173989	0.0173717	-0.0603977	-1.54515	0.0510402
6.685	0.381587	-0.173991	0.017354	-0.0585511	-1.5451	0.0491764
6.69	0.381577	-0.173991	0.0173355	-0.0569813	-1.54506	0.0475883
6.695	0.381567	-0.173994	0.0173173	-0.0536482	-1.54501	0.0442523
6.7	0.381559	-0.173993	0.0173016	-0.0525309	-1.54495	0.043139
6.705	0.381551	-0.173993	0.0172877	-0.0520641	-1.54489	0.0426716
6.71	0.381544	-0.173993	0.0172741	-0.0517886	-1.54482	0.0423964
6.715	0.381536	-0.173993	0.0172618	-0.0515556	-1.54477	0.0421634
6.72	0.381528	-0.173992	0.017247	-0.0513509	-1.54471	0.0419613
6.725	0.381514	-0.173993	0.017226	-0.0501042	-1.54468	0.0407102
