0	0.556278 	-0.0521204 	-0.340329 	-0.00155664 	-0.0222476 	-0.00123478 	
0.005	14.8993 	-4.41953 	-6.6183 	-0.136995 	-0.582914 	0.10572 	
0.01	10.7718 	-0.916018 	-4.75276 	-0.0107999 	-0.416223 	0.0715023 	
0.015	9.64685 	-0.846137 	-4.3407 	-0.00998094 	-0.372282 	0.0635577 	
0.02	8.69002 	-0.765047 	-3.98297 	-0.00855877 	-0.334802 	0.0566371 	
0.025	7.86978 	-0.708228 	-3.6822 	-0.0077573 	-0.302775 	0.0508095 	
0.03	7.16894 	-0.660711 	-3.42626 	-0.00710095 	-0.275431 	0.045846 	
0.035	6.57281 	-0.630948 	-3.19926 	-0.00705782 	-0.252049 	0.0414873 	
0.04	6.06153 	-0.599418 	-3.0113 	-0.00670401 	-0.232077 	0.0378614 	
0.045	5.62463 	-0.572034 	-2.85178 	-0.00636865 	-0.215025 	0.0347862 	
0.05	5.25143 	-0.548316 	-2.71632 	-0.00605708 	-0.200472 	0.0321784 	
0.055	4.93598 	-0.520107 	-2.59459 	-0.00558596 	-0.188059 	0.029825 	
0.06	4.66405 	-0.500846 	-2.49478 	-0.00531042 	-0.17745 	0.0278833 	
0.065	4.43157 	-0.484848 	-2.41033 	-0.00508339 	-0.1684 	0.0262362 	
0.07	4.23295 	-0.471516 	-2.33889 	-0.00489401 	-0.160684 	0.0248406 	
0.075	4.06462 	-0.466419 	-2.27318 	-0.00502448 	-0.154064 	0.0235879 	
0.08	3.91965 	-0.458451 	-2.22041 	-0.00494913 	-0.148414 	0.0225768 	
0.085	3.79577 	-0.451348 	-2.17606 	-0.00486091 	-0.143597 	0.0217322 	
0.09	3.69 	-0.44505 	-2.13883 	-0.00476585 	-0.139497 	0.0210284 	
0.095	3.60238 	-0.431585 	-2.103 	-0.00445761 	-0.136019 	0.0203246 	
0.1	3.52552 	-0.424915 	-2.07516 	-0.00433829 	-0.133048 	0.0197683 	
0.105	3.45973 	-0.419642 	-2.05203 	-0.0042463 	-0.130522 	0.0193004 	
0.11	3.40358 	-0.42148 	-2.0306 	-0.00441417 	-0.128334 	0.0188936 	
0.115	3.35541 	-0.419588 	-2.01404 	-0.00440164 	-0.126482 	0.0185799 	
0.12	3.31432 	-0.417765 	-2.00051 	-0.00437235 	-0.124914 	0.0183298 	
0.125	3.27933 	-0.416041 	-1.98955 	-0.00433124 	-0.123591 	0.018133 	
0.13	3.25249 	-0.407423 	-1.97507 	-0.0041203 	-0.122474 	0.0178428 	
0.135	3.22726 	-0.404314 	-1.96584 	-0.00405625 	-0.121518 	0.0176453 	
0.14	3.20555 	-0.402021 	-1.95858 	-0.00400944 	-0.120715 	0.0174833 	
0.145	3.18697 	-0.400345 	-1.95298 	-0.00397371 	-0.120043 	0.0173533 	
0.15	3.17097 	-0.40527 	-1.94723 	-0.00417733 	-0.119442 	0.0172503 	
0.155	3.15736 	-0.405895 	-1.94367 	-0.00419612 	-0.118949 	0.0171927 	
0.16	3.14586 	-0.406167 	-1.94121 	-0.00419152 	-0.118544 	0.0171627 	
0.165	3.13831 	-0.398815 	-1.9356 	-0.00397557 	-0.118225 	0.0170436 	
0.17	3.13022 	-0.396905 	-1.93316 	-0.00392168 	-0.117956 	0.0169808 	
0.175	3.12327 	-0.395598 	-1.93166 	-0.00388208 	-0.117741 	0.0169343 	
0.18	3.11737 	-0.394735 	-1.93096 	-0.00385156 	-0.117575 	0.0169031 	
0.185	3.11269 	-0.398934 	-1.92788 	-0.00403254 	-0.1174 	0.0168509 	
0.19	3.10834 	-0.3998 	-1.92724 	-0.00405448 	-0.117269 	0.0168464 	
0.195	3.10473 	-0.400361 	-1.9273 	-0.00405596 	-0.117173 	0.0168604 	
0.2	3.10319 	-0.394431 	-1.92568 	-0.00386082 	-0.117129 	0.016817 	
0.205	3.1009 	-0.393084 	-1.92582 	-0.00381193 	-0.117099 	0.0168056 	
0.21	3.09899 	-0.392222 	-1.92649 	-0.00377519 	-0.117092 	0.0168035 	
0.215	3.09745 	-0.391712 	-1.9276 	-0.00374614 	-0.117105 	0.0168105 	
0.22	3.09694 	-0.394833 	-1.92484 	-0.00389912 	-0.117077 	0.0167616 	
0.225	3.09579 	-0.395598 	-1.92499 	-0.00392001 	-0.117073 	0.0167679 	
0.23	3.09489 	-0.396148 	-1.92573 	-0.00392381 	-0.117085 	0.0167898 	
0.235	3.09427 	-0.396528 	-1.92694 	-0.00391428 	-0.117114 	0.0168247 	
0.24	3.09538 	-0.389763 	-1.92678 	-0.00368211 	-0.117194 	0.0168014 	
0.245	3.09538 	-0.388211 	-1.92789 	-0.0036244 	-0.117267 	0.0168019 	
0.25	3.09543 	-0.387263 	-1.92936 	-0.00358442 	-0.117349 	0.0168078 	
0.255	3.09562 	-0.391332 	-1.92826 	-0.00375375 	-0.117378 	0.0167858 	
0.26	3.0956 	-0.39226 	-1.9292 	-0.00377469 	-0.11743 	0.0168047 	
0.265	3.09574 	-0.39295 	-1.93058 	-0.00377921 	-0.117493 	0.0168374 	
0.27	3.09604 	-0.393452 	-1.93229 	-0.00377091 	-0.117568 	0.0168811 	
0.275	3.09825 	-0.386491 	-1.93145 	-0.0035453 	-0.117678 	0.0168404 	
0.28	3.09892 	-0.384961 	-1.93245 	-0.00349339 	-0.117777 	0.0168354 	
0.285	3.09953 	-0.384051 	-1.93383 	-0.00345926 	-0.117881 	0.0168365 	
0.29	3.10016 	-0.383588 	-1.93552 	-0.00343663 	-0.117991 	0.0168443 	
0.295	3.10077 	-0.38861 	-1.93493 	-0.00363596 	-0.118048 	0.0168328 	
0.3	3.10125 	-0.389945 	-1.93614 	-0.00366806 	-0.118124 	0.0168605 	
0.305	3.10185 	-0.390912 	-1.93772 	-0.003679 	-0.11821 	0.0169022 	
0.31	3.10396 	-0.383966 	-1.93812 	-0.00343695 	-0.118346 	0.0168864 	
0.315	3.10494 	-0.382576 	-1.93956 	-0.00338425 	-0.118469 	0.0168928 	
0.32	3.10587 	-0.381761 	-1.94128 	-0.00334852 	-0.118594 	0.0169038 	
0.325	3.10681 	-0.38136 	-1.94322 	-0.0033239 	-0.118722 	0.0169201 	
0.33	3.10779 	-0.38125 	-1.94533 	-0.00330616 	-0.118854 	0.016942 	
0.335	3.1094 	-0.384821 	-1.94277 	-0.00348762 	-0.118922 	0.0168877 	
0.34	3.11012 	-0.385893 	-1.94331 	-0.00352296 	-0.119004 	0.0168982 	
0.345	3.11088 	-0.386698 	-1.94435 	-0.00353872 	-0.119092 	0.0169244 	
0.35	3.11259 	-0.380221 	-1.94724 	-0.00327947 	-0.119267 	0.016957 	
0.355	3.11387 	-0.378924 	-1.94946 	-0.00322048 	-0.119419 	0.0169792 	
0.36	3.1151 	-0.378187 	-1.95176 	-0.00317986 	-0.119569 	0.0170024 	
0.365	3.11633 	-0.377851 	-1.95413 	-0.00315166 	-0.119721 	0.017028 	
0.37	3.11824 	-0.38056 	-1.95107 	-0.0033129 	-0.119796 	0.0169553 	
0.375	3.11908 	-0.381368 	-1.95145 	-0.00334428 	-0.119887 	0.0169559 	
0.38	3.11996 	-0.382023 	-1.95236 	-0.00336019 	-0.119985 	0.016972 	
0.385	3.12151 	-0.376682 	-1.95601 	-0.00313201 	-0.120172 	0.0170177 	
0.39	3.12292 	-0.37567 	-1.95847 	-0.00308001 	-0.120335 	0.0170441 	
0.395	3.12428 	-0.375141 	-1.96093 	-0.00304417 	-0.120496 	0.0170712 	
0.4	3.12564 	-0.374956 	-1.9634 	-0.00301914 	-0.120658 	0.0171003 	
0.405	3.12701 	-0.375007 	-1.96587 	-0.00300096 	-0.12082 	0.0171321 	
0.41	3.12988 	-0.375663 	-1.96117 	-0.00312045 	-0.120905 	0.0170131 	
0.415	3.13087 	-0.376064 	-1.96088 	-0.00315187 	-0.120999 	0.0169913 	
0.42	3.13181 	-0.376471 	-1.96122 	-0.00317186 	-0.121098 	0.0169867 	
0.425	3.13302 	-0.372361 	-1.9675 	-0.00295008 	-0.121321 	0.017088 	
0.43	3.13466 	-0.371637 	-1.97077 	-0.0028977 	-0.12151 	0.0171314 	
0.435	3.13624 	-0.371326 	-1.9738 	-0.00286135 	-0.121693 	0.0171714 	
0.44	3.13777 	-0.371304 	-1.97665 	-0.00283585 	-0.121873 	0.0172101 	
0.445	3.14079 	-0.370977 	-1.97159 	-0.00292938 	-0.121964 	0.0170709 	
0.45	3.14183 	-0.371126 	-1.9712 	-0.00295629 	-0.122068 	0.0170395 	
0.455	3.14282 	-0.371389 	-1.97146 	-0.00297599 	-0.122176 	0.0170254 	
0.46	3.14395 	-0.36834 	-1.97803 	-0.00278934 	-0.122406 	0.0171297 	
0.465	3.14565 	-0.367889 	-1.98134 	-0.00274625 	-0.122601 	0.0171728 	
0.47	3.14728 	-0.367781 	-1.98439 	-0.00271687 	-0.122791 	0.0172127 	
0.475	3.14887 	-0.367907 	-1.98723 	-0.00269658 	-0.122978 	0.0172516 	
0.48	3.15197 	-0.366219 	-1.98241 	-0.00274175 	-0.123083 	0.017103 	
0.485	3.15311 	-0.366076 	-1.98208 	-0.00276152 	-0.123199 	0.0170646 	
0.49	3.15421 	-0.366165 	-1.98234 	-0.00277891 	-0.123321 	0.0170434 	
0.495	3.15532 	-0.364171 	-1.98906 	-0.00262949 	-0.123556 	0.017149 	
0.5	3.1571 	-0.363981 	-1.99241 	-0.00259587 	-0.123759 	0.0171917 	
0.505	3.15879 	-0.364066 	-1.99547 	-0.00257364 	-0.123956 	0.0172316 	
0.51	3.16045 	-0.364336 	-1.99829 	-0.00255873 	-0.124149 	0.0172708 	
0.515	3.16364 	-0.361335 	-1.99384 	-0.00255652 	-0.12427 	0.0171134 	
0.52	3.1649 	-0.36091 	-1.9936 	-0.00256921 	-0.124401 	0.0170687 	
0.525	3.1661 	-0.360831 	-1.99391 	-0.00258421 	-0.124536 	0.0170409 	
0.53	3.16732 	-0.360988 	-1.99469 	-0.00259876 	-0.124676 	0.017028 	
0.535	3.16898 	-0.358954 	-2.00339 	-0.00242616 	-0.124965 	0.0171682 	
0.54	3.17114 	-0.358818 	-2.00759 	-0.00238597 	-0.125202 	0.017225 	
0.545	3.1731 	-0.35897 	-2.01121 	-0.00236051 	-0.125425 	0.0172737 	
0.55	3.17605 	-0.356989 	-2.00656 	-0.00239712 	-0.125547 	0.017116 	
0.555	3.17728 	-0.356823 	-2.00643 	-0.00241694 	-0.125687 	0.0170748 	
0.56	3.17851 	-0.356936 	-2.00682 	-0.00243681 	-0.12583 	0.0170503 	
0.565	3.17979 	-0.357233 	-2.00764 	-0.00245469 	-0.125977 	0.0170404 	
0.57	3.18168 	-0.353827 	-2.01564 	-0.00225421 	-0.126277 	0.0171391 	
0.575	3.18386 	-0.353398 	-2.01953 	-0.00221347 	-0.12652 	0.0171776 	
0.58	3.18584 	-0.353372 	-2.0229 	-0.00219031 	-0.126749 	0.0172105 	
0.585	3.1877 	-0.353622 	-2.02587 	-0.00217889 	-0.126968 	0.0172408 	
0.59	3.19102 	-0.351608 	-2.02037 	-0.00223189 	-0.127088 	0.0170589 	
0.595	3.1923 	-0.351475 	-2.01969 	-0.00226282 	-0.127223 	0.0170029 	
0.6	3.19355 	-0.351627 	-2.01964 	-0.0022922 	-0.127362 	0.0169662 	
0.605	3.19501 	-0.349331 	-2.0284 	-0.00211625 	-0.12766 	0.0170846 	
0.61	3.19716 	-0.34919 	-2.03231 	-0.00208487 	-0.127903 	0.0171233 	
0.615	3.19912 	-0.349374 	-2.03566 	-0.00206857 	-0.128133 	0.0171568 	
0.62	3.20096 	-0.349778 	-2.0386 	-0.00206213 	-0.128353 	0.0171879 	
0.625	3.20426 	-0.346228 	-2.03382 	-0.00205776 	-0.128491 	0.0169939 	
0.63	3.20562 	-0.345758 	-2.03335 	-0.00207883 	-0.12864 	0.0169309 	
0.635	3.20694 	-0.345702 	-2.03344 	-0.00210395 	-0.128792 	0.0168869 	
0.64	3.20832 	-0.344628 	-2.04175 	-0.00197684 	-0.129083 	0.0170012 	
0.645	3.21044 	-0.344781 	-2.04551 	-0.0019578 	-0.129326 	0.0170373 	
0.65	3.21239 	-0.345183 	-2.04874 	-0.00195067 	-0.129556 	0.0170693 	
0.655	3.21424 	-0.345745 	-2.05157 	-0.00195099 	-0.129777 	0.0170999 	
0.66	3.21756 	-0.34073 	-2.04768 	-0.00189067 	-0.129936 	0.016895 	
0.665	3.21904 	-0.339943 	-2.04748 	-0.00190259 	-0.130101 	0.0168254 	
0.67	3.22047 	-0.339695 	-2.04773 	-0.00192386 	-0.130268 	0.0167746 	
0.675	3.2219 	-0.339822 	-2.04837 	-0.00194954 	-0.130437 	0.0167406 	
0.68	3.22385 	-0.339032 	-2.05883 	-0.00180829 	-0.13078 	0.0168923 	
0.685	3.22633 	-0.339363 	-2.06349 	-0.00178557 	-0.131053 	0.0169446 	
0.69	3.2285 	-0.339914 	-2.06731 	-0.00177696 	-0.131307 	0.0169874 	
0.695	3.23163 	-0.33606 	-2.06274 	-0.00176426 	-0.13146 	0.0167819 	
0.7	3.23303 	-0.335597 	-2.0625 	-0.00178623 	-0.131628 	0.0167162 	
0.705	3.23442 	-0.335582 	-2.06271 	-0.00181423 	-0.131798 	0.0166692 	
0.71	3.23583 	-0.335875 	-2.0633 	-0.00184431 	-0.131969 	0.0166386 	
0.715	3.23796 	-0.333283 	-2.07341 	-0.00166154 	-0.132327 	0.0167396 	
0.72	3.24044 	-0.333206 	-2.07787 	-0.00163535 	-0.132607 	0.0167703 	
0.725	3.24259 	-0.333497 	-2.08149 	-0.0016272 	-0.132866 	0.0167946 	
0.73	3.24537 	-0.331146 	-2.0774 	-0.00165396 	-0.13302 	0.0166184 	
0.735	3.24675 	-0.331033 	-2.07729 	-0.0016846 	-0.133192 	0.0165603 	
0.74	3.24816 	-0.331273 	-2.0776 	-0.00171825 	-0.133365 	0.0165199 	
0.745	3.24985 	-0.32877 	-2.08488 	-0.00157884 	-0.13367 	0.0165568 	
0.75	3.25198 	-0.328703 	-2.08818 	-0.00156908 	-0.133923 	0.0165608 	
0.755	3.25392 	-0.329004 	-2.09099 	-0.00157351 	-0.134162 	0.016566 	
0.76	3.25576 	-0.329555 	-2.09343 	-0.00158678 	-0.13439 	0.0165738 	
0.765	3.25754 	-0.330264 	-2.09562 	-0.00160495 	-0.134611 	0.016585 	
0.77	3.26077 	-0.323607 	-2.09369 	-0.00147937 	-0.134811 	0.0163565 	
0.775	3.26247 	-0.322499 	-2.09393 	-0.00148559 	-0.135004 	0.0162705 	
0.78	3.26408 	-0.322086 	-2.09444 	-0.00150779 	-0.135197 	0.0162048 	
0.785	3.26566 	-0.322167 	-2.09519 	-0.00153915 	-0.135388 	0.0161566 	
0.79	3.26751 	-0.322711 	-2.10528 	-0.00145612 	-0.135732 	0.0162934 	
0.795	3.26995 	-0.323478 	-2.10974 	-0.00145554 	-0.136011 	0.0163349 	
0.8	3.27207 	-0.324378 	-2.11332 	-0.00146543 	-0.136268 	0.0163692 	
0.805	3.27524 	-0.318796 	-2.10998 	-0.00139298 	-0.136455 	0.016132 	
0.81	3.2768 	-0.31804 	-2.11001 	-0.00141137 	-0.136646 	0.0160502 	
0.815	3.2783 	-0.317877 	-2.11035 	-0.00144165 	-0.136836 	0.0159884 	
0.82	3.27981 	-0.318131 	-2.11096 	-0.00147817 	-0.137025 	0.015944 	
0.825	3.28182 	-0.316538 	-2.12107 	-0.00134202 	-0.137389 	0.0160237 	
0.83	3.28425 	-0.316802 	-2.12542 	-0.00133515 	-0.137676 	0.0160416 	
0.835	3.28633 	-0.317372 	-2.12887 	-0.00134366 	-0.13794 	0.0160557 	
0.84	3.28915 	-0.313626 	-2.12562 	-0.00132375 	-0.13812 	0.0158529 	
0.845	3.29062 	-0.313287 	-2.12565 	-0.0013535 	-0.13831 	0.0157798 	
0.85	3.29209 	-0.313424 	-2.12599 	-0.0013911 	-0.138499 	0.0157256 	
0.855	3.29358 	-0.313889 	-2.1266 	-0.00143207 	-0.138687 	0.0156879 	
0.86	3.29581 	-0.310258 	-2.13681 	-0.00124511 	-0.139068 	0.0157097 	
0.865	3.29826 	-0.310054 	-2.14111 	-0.00123186 	-0.139361 	0.0157052 	
0.87	3.30033 	-0.310319 	-2.14448 	-0.00123871 	-0.13963 	0.0157005 	
0.875	3.30218 	-0.310906 	-2.1472 	-0.00125861 	-0.13988 	0.0156975 	
0.88	3.30523 	-0.307038 	-2.14288 	-0.00125199 	-0.140045 	0.0154673 	
0.885	3.30665 	-0.306679 	-2.14229 	-0.00129088 	-0.140222 	0.0153792 	
0.89	3.30805 	-0.306815 	-2.14213 	-0.00133643 	-0.140399 	0.0153132 	
0.895	3.30964 	-0.304873 	-2.15212 	-0.00120063 	-0.140756 	0.0153605 	
0.9	3.31187 	-0.305052 	-2.15612 	-0.00120151 	-0.141036 	0.015358 	
0.905	3.3138 	-0.305592 	-2.15927 	-0.00121813 	-0.141294 	0.015356 	
0.91	3.31555 	-0.306374 	-2.16182 	-0.00124454 	-0.141536 	0.0153561 	
0.915	3.31859 	-0.300579 	-2.15898 	-0.00116853 	-0.141725 	0.0150949 	
0.92	3.32009 	-0.299785 	-2.15883 	-0.00119485 	-0.141917 	0.0149947 	
0.925	3.32154 	-0.299638 	-2.15896 	-0.00123428 	-0.142106 	0.0149177 	
0.93	3.32288 	-0.299303 	-2.16759 	-0.00116375 	-0.142435 	0.014972 	
0.935	3.32493 	-0.299845 	-2.17116 	-0.00118014 	-0.142703 	0.0149698 	
0.94	3.32674 	-0.300648 	-2.174 	-0.00120763 	-0.142951 	0.0149692 	
0.945	3.32842 	-0.301615 	-2.17633 	-0.00124142 	-0.143186 	0.0149714 	
0.95	3.3315 	-0.294044 	-2.17504 	-0.00110128 	-0.143401 	0.0146796 	
0.955	3.33313 	-0.29285 	-2.17534 	-0.00111638 	-0.143607 	0.0145677 	
0.96	3.33464 	-0.292444 	-2.17575 	-0.00115041 	-0.143809 	0.0144803 	
0.965	3.3361 	-0.2926 	-2.17631 	-0.00119563 	-0.144008 	0.0144136 	
0.97	3.33765 	-0.292936 	-2.18649 	-0.00113098 	-0.144365 	0.0144998 	
0.975	3.33982 	-0.293784 	-2.1907 	-0.00114996 	-0.144647 	0.0145129 	
0.98	3.34167 	-0.294811 	-2.19396 	-0.00117944 	-0.144906 	0.0145238 	
0.985	3.34461 	-0.288732 	-2.19133 	-0.00109694 	-0.145102 	0.0142475 	
0.99	3.34606 	-0.28796 	-2.19136 	-0.00112494 	-0.1453 	0.0141451 	
0.995	3.34745 	-0.287851 	-2.19158 	-0.00116701 	-0.145495 	0.0140661 	
1	3.34883 	-0.288208 	-2.19198 	-0.00121678 	-0.145688 	0.0140068 	
1.005	3.35051 	-0.286132 	-2.20248 	-0.00109188 	-0.146062 	0.0140215 	
1.01	3.35266 	-0.286393 	-2.20668 	-0.00110183 	-0.14635 	0.0140082 	
1.015	3.35446 	-0.287023 	-2.20987 	-0.00112768 	-0.146612 	0.0139973 	
1.02	3.35604 	-0.2879 	-2.21235 	-0.00116332 	-0.146855 	0.0139899 	
1.025	3.35927 	-0.281339 	-2.20862 	-0.00108276 	-0.147031 	0.0136769 	
1.03	3.36067 	-0.280392 	-2.20799 	-0.00111547 	-0.147213 	0.0135557 	
1.035	3.36198 	-0.28017 	-2.20768 	-0.00116277 	-0.147394 	0.0134614 	
1.04	3.36295 	-0.280174 	-2.21757 	-0.00110232 	-0.147737 	0.0135156 	
1.045	3.36483 	-0.280845 	-2.22135 	-0.00112755 	-0.148008 	0.0135069 	
1.05	3.36644 	-0.281769 	-2.22424 	-0.00116376 	-0.148256 	0.0135007 	
1.055	3.36897 	-0.276478 	-2.22253 	-0.00109536 	-0.148456 	0.013246 	
1.06	3.37031 	-0.275923 	-2.22278 	-0.00112883 	-0.148655 	0.0131481 	
1.065	3.37159 	-0.275982 	-2.22313 	-0.0011752 	-0.148849 	0.0130729 	
1.07	3.37288 	-0.27647 	-2.2236 	-0.00122848 	-0.149039 	0.0130168 	
1.075	3.37439 	-0.273241 	-2.23287 	-0.00109771 	-0.14939 	0.0129609 	
1.08	3.3763 	-0.273232 	-2.23655 	-0.00111201 	-0.149664 	0.0129221 	
1.085	3.37789 	-0.273687 	-2.23933 	-0.00114308 	-0.149914 	0.0128917 	
1.09	3.37931 	-0.274461 	-2.24149 	-0.00118448 	-0.150147 	0.0128692 	
1.095	3.38201 	-0.269031 	-2.23894 	-0.00112322 	-0.150329 	0.0125932 	
1.1	3.38331 	-0.268392 	-2.23868 	-0.00116124 	-0.150513 	0.0124833 	
1.105	3.38456 	-0.268398 	-2.23863 	-0.00121182 	-0.150694 	0.0123988 	
1.11	3.3858 	-0.268855 	-2.2388 	-0.00126893 	-0.150874 	0.0123354 	
1.115	3.38726 	-0.266006 	-2.25081 	-0.00112528 	-0.151264 	0.0123161 	
1.12	3.38927 	-0.266124 	-2.25536 	-0.00113671 	-0.151554 	0.0122883 	
1.125	3.39085 	-0.266677 	-2.2587 	-0.00116611 	-0.151814 	0.0122657 	
1.13	3.39347 	-0.263162 	-2.25447 	-0.00117369 	-0.151969 	0.0120208 	
1.135	3.39455 	-0.262972 	-2.25387 	-0.00122449 	-0.152141 	0.0119233 	
1.14	3.39564 	-0.26329 	-2.25358 	-0.00128278 	-0.152311 	0.0118493 	
1.145	3.39651 	-0.260417 	-2.26206 	-0.00117488 	-0.152629 	0.0117805 	
1.15	3.39808 	-0.260459 	-2.2652 	-0.00119803 	-0.15288 	0.0117319 	
1.155	3.39941 	-0.260957 	-2.26757 	-0.00123593 	-0.153112 	0.0116948 	
1.16	3.40062 	-0.261768 	-2.26942 	-0.00128263 	-0.153328 	0.0116678 	
1.165	3.40297 	-0.255928 	-2.26831 	-0.00119964 	-0.153519 	0.0113851 	
1.17	3.4042 	-0.255206 	-2.26845 	-0.0012341 	-0.153705 	0.0112727 	
1.175	3.40535 	-0.255163 	-2.26867 	-0.00128295 	-0.153887 	0.0111863 	
1.18	3.40649 	-0.255598 	-2.269 	-0.00133974 	-0.154065 	0.0111213 	
1.185	3.40749 	-0.253053 	-2.27852 	-0.00123565 	-0.154401 	0.0110675 	
1.19	3.4091 	-0.253232 	-2.28218 	-0.00125891 	-0.154661 	0.0110278 	
1.195	3.41043 	-0.25383 	-2.2849 	-0.00129683 	-0.154896 	0.0109975 	
1.2	3.41159 	-0.254714 	-2.28696 	-0.00134352 	-0.155115 	0.0109759 	
1.205	3.41447 	-0.248181 	-2.28386 	-0.001265 	-0.155276 	0.010642 	
1.21	3.41564 	-0.247268 	-2.28327 	-0.00130257 	-0.155443 	0.010513 	
1.215	3.41672 	-0.247091 	-2.28293 	-0.00135472 	-0.155609 	0.0104135 	
1.22	3.41704 	-0.246766 	-2.29167 	-0.00131501 	-0.155911 	0.0104172 	
1.225	3.41839 	-0.247374 	-2.29488 	-0.00135181 	-0.156151 	0.0103883 	
1.23	3.41953 	-0.248275 	-2.29729 	-0.00139821 	-0.156372 	0.0103677 	
1.235	3.42174 	-0.242998 	-2.29589 	-0.00133512 	-0.156551 	0.0100914 	
1.24	3.4228 	-0.242456 	-2.29604 	-0.00137397 	-0.156728 	0.00998503 	
1.245	3.4238 	-0.242538 	-2.29626 	-0.00142536 	-0.156902 	0.00990399 	
1.25	3.4248 	-0.243058 	-2.29657 	-0.00148346 	-0.157071 	0.00984384 	
1.255	3.42559 	-0.239513 	-2.30474 	-0.00137474 	-0.157374 	0.00972943 	
1.26	3.42693 	-0.239421 	-2.30786 	-0.00139948 	-0.157612 	0.00966982 	
1.265	3.42804 	-0.239828 	-2.31017 	-0.0014393 	-0.15783 	0.00962483 	
1.27	3.42903 	-0.24058 	-2.31193 	-0.00148816 	-0.158033 	0.00959229 	
1.275	3.43139 	-0.235288 	-2.30965 	-0.00143348 	-0.158191 	0.00930211 	
1.28	3.43243 	-0.234685 	-2.30932 	-0.00147519 	-0.158352 	0.00918807 	
1.285	3.43339 	-0.234721 	-2.30918 	-0.00152879 	-0.158511 	0.0091013 	
1.29	3.43434 	-0.235206 	-2.30923 	-0.00158852 	-0.158667 	0.00903695 	
1.295	3.43486 	-0.232024 	-2.31958 	-0.00147241 	-0.158994 	0.00895405 	
1.3	3.4362 	-0.232033 	-2.32338 	-0.00149442 	-0.15924 	0.00890478 	
1.305	3.43723 	-0.23251 	-2.32615 	-0.00153194 	-0.159462 	0.00886784 	
1.31	3.4381 	-0.233311 	-2.3282 	-0.00157891 	-0.159665 	0.00884157 	
1.315	3.44119 	-0.22764 	-2.32339 	-0.00153907 	-0.159788 	0.0085075 	
1.32	3.44217 	-0.226915 	-2.32218 	-0.0015849 	-0.159924 	0.00838033 	
1.325	3.44305 	-0.226857 	-2.32136 	-0.00164184 	-0.160061 	0.0082832 	
1.33	3.44276 	-0.225816 	-2.33099 	-0.00158316 	-0.160352 	0.00826592 	
1.335	3.44379 	-0.22625 	-2.33431 	-0.0016169 	-0.160576 	0.00823054 	
1.34	3.44461 	-0.227022 	-2.33677 	-0.00166123 	-0.160779 	0.00820552 	
1.345	3.4468 	-0.222374 	-2.33399 	-0.00162741 	-0.160918 	0.00792699 	
1.35	3.4476 	-0.221938 	-2.33365 	-0.00167142 	-0.161066 	0.00782131 	
1.355	3.44835 	-0.222082 	-2.3335 	-0.00172545 	-0.161212 	0.00774185 	
1.36	3.4491 	-0.222631 	-2.33354 	-0.00178437 	-0.161356 	0.00768386 	
1.365	3.44934 	-0.218688 	-2.34197 	-0.00167095 	-0.161634 	0.0075474 	
1.37	3.45033 	-0.218467 	-2.34505 	-0.00169416 	-0.16185 	0.00748198 	
1.375	3.45111 	-0.218771 	-2.34731 	-0.00173243 	-0.162047 	0.00743351 	
1.38	3.45179 	-0.219442 	-2.34902 	-0.00177986 	-0.16223 	0.0073991 	
1.385	3.45429 	-0.214939 	-2.34525 	-0.00175773 	-0.162349 	0.00711396 	
1.39	3.45512 	-0.214492 	-2.34439 	-0.00180473 	-0.162479 	0.00700431 	
1.395	3.45588 	-0.214619 	-2.34386 	-0.00186041 	-0.162609 	0.00692207 	
1.4	3.45662 	-0.215144 	-2.34364 	-0.00191998 	-0.162738 	0.00686227 	
1.405	3.4565 	-0.211384 	-2.35456 	-0.00179212 	-0.163043 	0.00675656 	
1.41	3.45747 	-0.21121 	-2.35845 	-0.00181013 	-0.163267 	0.00670176 	
1.415	3.45815 	-0.211542 	-2.36125 	-0.00184411 	-0.163468 	0.00666161 	
1.42	3.46071 	-0.209103 	-2.35597 	-0.00188378 	-0.163564 	0.00643256 	
1.425	3.46136 	-0.209109 	-2.35487 	-0.00193979 	-0.163681 	0.00634252 	
1.43	3.46198 	-0.209542 	-2.35419 	-0.00199972 	-0.163798 	0.00627657 	
1.435	3.46159 	-0.206161 	-2.36146 	-0.00190797 	-0.164031 	0.00615047 	
1.44	3.46225 	-0.206026 	-2.36395 	-0.00193494 	-0.164216 	0.00608761 	
1.445	3.46279 	-0.206373 	-2.36583 	-0.00197434 	-0.164387 	0.00604233 	
1.45	3.46328 	-0.207055 	-2.36729 	-0.00202102 	-0.164547 	0.00601146 	
1.455	3.46376 	-0.207961 	-2.36848 	-0.00207118 	-0.164699 	0.00599247 	
1.46	3.46645 	-0.200534 	-2.3657 	-0.00197222 	-0.164811 	0.0056056 	
1.465	3.46729 	-0.199313 	-2.36503 	-0.00200142 	-0.16493 	0.00546545 	
1.47	3.46797 	-0.19888 	-2.36457 	-0.00204601 	-0.165049 	0.00535906 	
1.475	3.46858 	-0.199011 	-2.36437 	-0.00209935 	-0.165168 	0.00528013 	
1.48	3.46772 	-0.199356 	-2.3737 	-0.00207716 	-0.165418 	0.00531583 	
1.485	3.46829 	-0.200178 	-2.37712 	-0.00211374 	-0.165609 	0.00530804 	
1.49	3.46872 	-0.201191 	-2.37967 	-0.00215656 	-0.165782 	0.00530652 	
1.495	3.47159 	-0.19532 	-2.37503 	-0.00210816 	-0.165873 	0.0049591 	
1.5	3.47225 	-0.19454 	-2.37407 	-0.00214543 	-0.16598 	0.00484014 	
1.505	3.47281 	-0.194401 	-2.37344 	-0.00219331 	-0.166088 	0.00475115 	
1.51	3.47331 	-0.194716 	-2.37313 	-0.00224659 	-0.166197 	0.00468658 	
1.515	3.47243 	-0.192935 	-2.38175 	-0.00218263 	-0.16643 	0.00463516 	
1.52	3.47287 	-0.193184 	-2.38486 	-0.00221003 	-0.166609 	0.00460094 	
1.525	3.47319 	-0.193782 	-2.38718 	-0.00224707 	-0.166771 	0.00457894 	
1.53	3.47572 	-0.19009 	-2.38255 	-0.00224675 	-0.166854 	0.0043144 	
1.535	3.47628 	-0.189781 	-2.38162 	-0.00229065 	-0.166953 	0.00421991 	
1.54	3.47676 	-0.18996 	-2.38107 	-0.00234067 	-0.167052 	0.00415107 	
1.545	3.4772 	-0.190478 	-2.38085 	-0.002393 	-0.167153 	0.00410315 	
1.55	3.47643 	-0.186837 	-2.38868 	-0.00229342 	-0.167366 	0.00397305 	
1.555	3.4768 	-0.186595 	-2.39152 	-0.00231233 	-0.167532 	0.00391662 	
1.56	3.47704 	-0.186832 	-2.39366 	-0.00234379 	-0.167684 	0.0038775 	
1.565	3.47724 	-0.187406 	-2.39532 	-0.00238286 	-0.167826 	0.00385243 	
1.57	3.48046 	-0.18397 	-2.38951 	-0.00239677 	-0.167891 	0.00358541 	
1.575	3.48115 	-0.183693 	-2.38803 	-0.00244303 	-0.167971 	0.00349044 	
1.58	3.48168 	-0.183873 	-2.38708 	-0.00249354 	-0.168053 	0.00342153 	
1.585	3.48213 	-0.184371 	-2.3866 	-0.00254499 	-0.168136 	0.00337393 	
1.59	3.48076 	-0.180881 	-2.39721 	-0.00242675 	-0.168373 	0.00328169 	
1.595	3.48101 	-0.180667 	-2.40094 	-0.00243808 	-0.168546 	0.00323885 	
1.6	3.48109 	-0.180912 	-2.4037 	-0.00246307 	-0.1687 	0.00321042 	
1.605	3.48437 	-0.179336 	-2.39672 	-0.00252704 	-0.168747 	0.00300228 	
1.61	3.48488 	-0.179457 	-2.39514 	-0.00257872 	-0.168816 	0.00292838 	
1.615	3.48527 	-0.179901 	-2.39415 	-0.00263068 	-0.168887 	0.00287689 	
1.62	3.48559 	-0.180562 	-2.39365 	-0.00268088 	-0.16896 	0.00284373 	
1.625	3.48422 	-0.175627 	-2.40289 	-0.00253949 	-0.169166 	0.00268362 	
1.63	3.48431 	-0.175017 	-2.40611 	-0.00254476 	-0.169319 	0.00262208 	
1.635	3.48427 	-0.174968 	-2.40852 	-0.00256542 	-0.169458 	0.00257946 	
1.64	3.48717 	-0.174992 	-2.40211 	-0.00265836 	-0.169502 	0.00244155 	
1.645	3.48758 	-0.175458 	-2.40073 	-0.00271249 	-0.169565 	0.00238924 	
1.65	3.48789 	-0.176128 	-2.39993 	-0.00276383 	-0.16963 	0.00235564 	
1.655	3.48814 	-0.176928 	-2.3996 	-0.00281137 	-0.169698 	0.00233728 	
1.66	3.48694 	-0.170834 	-2.40744 	-0.00265312 	-0.169874 	0.00212006 	
1.665	3.48696 	-0.169902 	-2.41023 	-0.00265299 	-0.17001 	0.002044 	
1.67	3.48686 	-0.169608 	-2.41235 	-0.00266956 	-0.170135 	0.00199045 	
1.675	3.48673 	-0.169775 	-2.41402 	-0.00269701 	-0.170253 	0.00195487 	
1.68	3.49062 	-0.170743 	-2.40645 	-0.00282086 	-0.170288 	0.0018394 	
1.685	3.49129 	-0.1715 	-2.40454 	-0.00288159 	-0.170334 	0.00179923 	
1.69	3.49172 	-0.17234 	-2.40335 	-0.00293488 	-0.170381 	0.001776 	
1.695	3.48973 	-0.167479 	-2.41134 	-0.00279455 	-0.170537 	0.00162398 	
1.7	3.48955 	-0.166876 	-2.41398 	-0.0027965 	-0.170655 	0.00157028 	
1.705	3.48931 	-0.166793 	-2.41606 	-0.00281201 	-0.170766 	0.00153483 	
1.71	3.48907 	-0.167081 	-2.41774 	-0.00283625 	-0.170871 	0.001514 	
1.715	3.493 	-0.166571 	-2.41053 	-0.00292162 	-0.170903 	0.00134802 	
1.72	3.49363 	-0.166918 	-2.40877 	-0.00297096 	-0.170944 	0.00129503 	
1.725	3.49399 	-0.167453 	-2.40768 	-0.00301629 	-0.170986 	0.00126148 	
1.73	3.49187 	-0.164276 	-2.41475 	-0.00291615 	-0.171117 	0.0011736 	
1.735	3.49156 	-0.164027 	-2.41716 	-0.00292259 	-0.17122 	0.00114002 	
1.74	3.49123 	-0.164175 	-2.41913 	-0.00293906 	-0.171318 	0.00112092 	
1.745	3.49093 	-0.164604 	-2.42079 	-0.00296176 	-0.171412 	0.00111347 	
1.75	3.49496 	-0.162887 	-2.4139 	-0.00301601 	-0.171441 	0.000905339 	
1.755	3.49559 	-0.162908 	-2.41226 	-0.00305621 	-0.171477 	0.000842139 	
1.76	3.49592 	-0.163198 	-2.41126 	-0.00309495 	-0.171514 	0.000800451 	
1.765	3.49608 	-0.163673 	-2.41081 	-0.00313104 	-0.171553 	0.00077636 	
1.77	3.49374 	-0.160673 	-2.4193 	-0.00302231 	-0.171697 	0.000715941 	
1.775	3.49329 	-0.160438 	-2.42243 	-0.00302127 	-0.171804 	0.000695509 	
1.78	3.49281 	-0.160582 	-2.4249 	-0.00303127 	-0.171904 	0.000686744 	
1.785	3.49679 	-0.160315 	-2.41754 	-0.00311934 	-0.171922 	0.000532092 	
1.79	3.49726 	-0.160634 	-2.41599 	-0.00316132 	-0.171952 	0.000488273 	
1.795	3.49746 	-0.161116 	-2.4151 	-0.00319908 	-0.171983 	0.000462628 	
1.8	3.4975 	-0.161706 	-2.41475 	-0.0032324 	-0.172016 	0.000451789 	
1.805	3.49744 	-0.162364 	-2.41485 	-0.00326133 	-0.172052 	0.000452919 	
1.81	3.49551 	-0.156974 	-2.42223 	-0.00310924 	-0.172177 	0.000283589 	
1.815	3.495 	-0.156074 	-2.42509 	-0.0030958 	-0.172273 	0.000233662 	
1.82	3.49444 	-0.15573 	-2.42738 	-0.00309752 	-0.172363 	0.000201969 	
1.825	3.49851 	-0.158356 	-2.4199 	-0.00324903 	-0.172376 	0.000161388 	
1.83	3.49898 	-0.159315 	-2.41837 	-0.00329961 	-0.172398 	0.000151963 	
1.835	3.49916 	-0.16022 	-2.41754 	-0.00333967 	-0.172419 	0.000154818 	
1.84	3.49916 	-0.161074 	-2.41727 	-0.00337101 	-0.172443 	0.00016758 	
1.845	3.49723 	-0.155122 	-2.4233 	-0.00321101 	-0.172536 	-2.97625e-05 	
1.85	3.49663 	-0.154077 	-2.42561 	-0.00319429 	-0.172612 	-8.45805e-05 	
1.855	3.49602 	-0.153604 	-2.42753 	-0.00319244 	-0.172685 	-0.000119628 	
1.86	3.49945 	-0.156913 	-2.42121 	-0.00334515 	-0.172695 	-0.000112634 	
1.865	3.49978 	-0.158002 	-2.42007 	-0.00339157 	-0.172713 	-0.000105716 	
1.87	3.49984 	-0.158979 	-2.41956 	-0.00342668 	-0.172732 	-8.93238e-05 	
1.875	3.49974 	-0.159862 	-2.41957 	-0.0034527 	-0.172753 	-6.53907e-05 	
1.88	3.49839 	-0.153836 	-2.42356 	-0.00330347 	-0.172818 	-0.000283836 	
1.885	3.49782 	-0.152731 	-2.42528 	-0.00328597 	-0.172874 	-0.000341101 	
1.89	3.49723 	-0.15219 	-2.42683 	-0.00328218 	-0.172932 	-0.000377628 	
1.895	3.50004 	-0.155981 	-2.42178 	-0.00343089 	-0.172941 	-0.000329412 	
1.9	3.50025 	-0.157161 	-2.42105 	-0.00347253 	-0.172957 	-0.000307953 	
1.905	3.50021 	-0.158183 	-2.42089 	-0.00350241 	-0.172973 	-0.000279563 	
1.91	3.50003 	-0.159079 	-2.42118 	-0.00352308 	-0.172993 	-0.000245763 	
1.915	3.49974 	-0.159874 	-2.42182 	-0.00353656 	-0.173015 	-0.000207799 	
1.92	3.49961 	-0.152207 	-2.42357 	-0.00337 	-0.173055 	-0.00052219 	
1.925	3.4992 	-0.15056 	-2.4247 	-0.00334472 	-0.173095 	-0.000607893 	
1.93	3.49867 	-0.149611 	-2.42582 	-0.00333576 	-0.173138 	-0.00066673 	
1.935	3.50079 	-0.155971 	-2.42212 	-0.00352624 	-0.173142 	-0.000494666 	
1.94	3.50086 	-0.157732 	-2.42184 	-0.00357182 	-0.173153 	-0.000435968 	
1.945	3.50071 	-0.15914 	-2.42204 	-0.00360103 	-0.173166 	-0.000376969 	
1.95	3.50042 	-0.160278 	-2.42264 	-0.00361796 	-0.173181 	-0.000318087 	
1.955	3.50083 	-0.152474 	-2.42305 	-0.00345438 	-0.173205 	-0.000645425 	
1.96	3.50048 	-0.150843 	-2.42373 	-0.00342813 	-0.173231 	-0.00072725 	
1.965	3.49996 	-0.149875 	-2.42454 	-0.00341668 	-0.173261 	-0.000782724 	
1.97	3.50146 	-0.156226 	-2.42194 	-0.00359266 	-0.173262 	-0.000588319 	
1.975	3.50135 	-0.157949 	-2.42198 	-0.00363097 	-0.173269 	-0.000520424 	
1.98	3.50106 	-0.15931 	-2.42246 	-0.00365356 	-0.173278 	-0.000453905 	
1.985	3.50063 	-0.160396 	-2.42327 	-0.00366452 	-0.17329 	-0.000388886 	
1.99	3.50192 	-0.153271 	-2.42203 	-0.00352712 	-0.173301 	-0.000705267 	
1.995	3.50169 	-0.151769 	-2.42225 	-0.00350298 	-0.173314 	-0.000780011 	
2	3.50122 	-0.150862 	-2.42273 	-0.00349103 	-0.17333 	-0.000829593 	
2.005	3.50061 	-0.1504 	-2.42346 	-0.00348725 	-0.173349 	-0.000858937 	
2.01	3.50249 	-0.158417 	-2.42093 	-0.00369862 	-0.173338 	-0.000598996 	
2.015	3.50247 	-0.16072 	-2.42107 	-0.00374269 	-0.173332 	-0.000497321 	
2.02	3.5022 	-0.162448 	-2.42163 	-0.00376505 	-0.173331 	-0.000402702 	
2.025	3.50211 	-0.154845 	-2.42237 	-0.0035985 	-0.173345 	-0.000705704 	
2.03	3.50159 	-0.153362 	-2.42321 	-0.00356618 	-0.173362 	-0.000764306 	
2.035	3.50098 	-0.15244 	-2.42422 	-0.00354612 	-0.173383 	-0.000800627 	
2.04	3.50032 	-0.15194 	-2.42539 	-0.00353464 	-0.173408 	-0.000819221 	
2.045	3.502 	-0.158682 	-2.42301 	-0.00372462 	-0.173404 	-0.000615444 	
2.05	3.50197 	-0.160567 	-2.42334 	-0.00376016 	-0.173407 	-0.000529405 	
2.055	3.50177 	-0.161979 	-2.42408 	-0.00377646 	-0.173414 	-0.000447408 	
2.06	3.50107 	-0.155345 	-2.42627 	-0.00361975 	-0.173445 	-0.000692358 	
2.065	3.50054 	-0.154029 	-2.42773 	-0.00358572 	-0.173477 	-0.000734754 	
2.07	3.49999 	-0.153213 	-2.42924 	-0.00356299 	-0.173513 	-0.000757944 	
2.075	3.49945 	-0.152777 	-2.43079 	-0.00354837 	-0.173552 	-0.000765983 	
2.08	3.49894 	-0.152626 	-2.4324 	-0.00353946 	-0.173595 	-0.000762085 	
2.085	3.50122 	-0.15913 	-2.42942 	-0.0037539 	-0.173603 	-0.000608386 	
2.09	3.50149 	-0.160989 	-2.42966 	-0.00379464 	-0.173617 	-0.000529995 	
2.095	3.50157 	-0.162346 	-2.43035 	-0.00381289 	-0.173634 	-0.000453317 	
2.1	3.50006 	-0.155119 	-2.43525 	-0.003609 	-0.173699 	-0.00066963 	
2.105	3.49956 	-0.153627 	-2.43763 	-0.00356245 	-0.173756 	-0.000705099 	
2.11	3.4991 	-0.152691 	-2.4398 	-0.00353087 	-0.173816 	-0.00072313 	
2.115	3.49868 	-0.152176 	-2.44183 	-0.00351029 	-0.173876 	-0.000727483 	
2.12	3.50064 	-0.158353 	-2.43919 	-0.0037275 	-0.173896 	-0.00059789 	
2.125	3.50092 	-0.159983 	-2.43964 	-0.00376537 	-0.173925 	-0.000530266 	
2.13	3.50109 	-0.161173 	-2.44048 	-0.00378196 	-0.173956 	-0.000462214 	
2.135	3.49961 	-0.154823 	-2.44599 	-0.00359065 	-0.174042 	-0.000632506 	
2.14	3.49927 	-0.153531 	-2.44865 	-0.0035456 	-0.174116 	-0.000654791 	
2.145	3.49898 	-0.152734 	-2.45102 	-0.00351431 	-0.174189 	-0.000662332 	
2.15	3.49873 	-0.152314 	-2.45319 	-0.00349321 	-0.174262 	-0.000658362 	
2.155	3.49855 	-0.152176 	-2.45522 	-0.00347955 	-0.174336 	-0.000645383 	
2.16	3.50038 	-0.158121 	-2.45303 	-0.00372644 	-0.174373 	-0.000570449 	
2.165	3.5008 	-0.159726 	-2.45358 	-0.00377192 	-0.174416 	-0.000513155 	
2.17	3.50114 	-0.160856 	-2.4545 	-0.00379202 	-0.174461 	-0.000452273 	
2.175	3.49955 	-0.153986 	-2.46153 	-0.00354692 	-0.17458 	-0.000580793 	
2.18	3.49936 	-0.152564 	-2.46472 	-0.00348903 	-0.174675 	-0.000593304 	
2.185	3.4992 	-0.151692 	-2.46745 	-0.00344935 	-0.174767 	-0.000594074 	
2.19	3.49909 	-0.151235 	-2.46985 	-0.00342321 	-0.174856 	-0.000585595 	
2.195	3.50049 	-0.156895 	-2.46843 	-0.00367506 	-0.174906 	-0.000535737 	
2.2	3.50086 	-0.158301 	-2.46928 	-0.00371814 	-0.174963 	-0.000488287 	
2.205	3.50121 	-0.159287 	-2.4704 	-0.00373687 	-0.175021 	-0.000435153 	
2.21	3.49987 	-0.153255 	-2.47725 	-0.00350764 	-0.175151 	-0.000526827 	
2.215	3.49982 	-0.152029 	-2.48044 	-0.00345253 	-0.175256 	-0.000528952 	
2.22	3.4998 	-0.151294 	-2.48315 	-0.00341423 	-0.175356 	-0.000521465 	
2.225	3.49983 	-0.150931 	-2.48553 	-0.00338847 	-0.175452 	-0.000506413 	
2.23	3.49992 	-0.150847 	-2.48768 	-0.00337189 	-0.175546 	-0.000485372 	
2.235	3.50072 	-0.156254 	-2.48788 	-0.00365858 	-0.175621 	-0.000497998 	
2.24	3.50109 	-0.157611 	-2.48914 	-0.00371071 	-0.175695 	-0.000464386 	
2.245	3.50148 	-0.158509 	-2.49051 	-0.0037334 	-0.175767 	-0.000420581 	
2.25	3.50044 	-0.152014 	-2.49729 	-0.00344216 	-0.175915 	-0.000456539 	
2.255	3.50052 	-0.150685 	-2.50053 	-0.00337277 	-0.176031 	-0.000445524 	
2.26	3.50063 	-0.149906 	-2.50326 	-0.00332555 	-0.17614 	-0.000429048 	
2.265	3.50079 	-0.149539 	-2.50563 	-0.00329478 	-0.176244 	-0.000408041 	
2.27	3.50119 	-0.154696 	-2.50695 	-0.00358828 	-0.176334 	-0.000446848 	
2.275	3.50151 	-0.15588 	-2.50858 	-0.00363814 	-0.17642 	-0.000422061 	
2.28	3.50187 	-0.156654 	-2.51018 	-0.00365951 	-0.176503 	-0.000385073 	
2.285	3.50111 	-0.150961 	-2.51619 	-0.00338812 	-0.17665 	-0.000393916 	
2.29	3.50127 	-0.14982 	-2.51921 	-0.00332268 	-0.176768 	-0.000375246 	
2.295	3.50147 	-0.149171 	-2.52176 	-0.00327767 	-0.176879 	-0.000352516 	
2.3	3.50171 	-0.148892 	-2.524 	-0.00324781 	-0.176984 	-0.000326377 	
2.305	3.50164 	-0.153159 	-2.52689 	-0.00351817 	-0.177093 	-0.000393852 	
2.31	3.50191 	-0.154111 	-2.52895 	-0.00356255 	-0.177192 	-0.000377436 	
2.315	3.50223 	-0.154717 	-2.53081 	-0.00358035 	-0.177286 	-0.000346963 	
2.32	3.5026 	-0.155083 	-2.53255 	-0.0035794 	-0.177377 	-0.000306648 	
2.325	3.50185 	-0.148439 	-2.53931 	-0.0032578 	-0.177549 	-0.000312298 	
2.33	3.50204 	-0.146974 	-2.54258 	-0.00317607 	-0.177681 	-0.000294446 	
2.335	3.50223 	-0.146144 	-2.54525 	-0.00312262 	-0.177803 	-0.000274117 	
2.34	3.50247 	-0.151202 	-2.54706 	-0.00341332 	-0.177903 	-0.000313866 	
2.345	3.50276 	-0.152245 	-2.54884 	-0.00345729 	-0.178 	-0.000291254 	
2.35	3.50311 	-0.152943 	-2.55048 	-0.00347602 	-0.178093 	-0.000256773 	
2.355	3.50352 	-0.153398 	-2.55205 	-0.00347688 	-0.178183 	-0.000214021 	
2.36	3.50243 	-0.147032 	-2.5599 	-0.00319368 	-0.178365 	-0.00025616 	
2.365	3.50255 	-0.145624 	-2.56341 	-0.00312136 	-0.178502 	-0.000247615 	
2.37	3.50268 	-0.144807 	-2.5662 	-0.00307334 	-0.178627 	-0.000233403 	
2.375	3.50283 	-0.144433 	-2.5685 	-0.00304324 	-0.178743 	-0.000214444 	
2.38	3.50325 	-0.150597 	-2.56975 	-0.00338846 	-0.178846 	-0.000247262 	
2.385	3.50359 	-0.152018 	-2.5712 	-0.00344951 	-0.178941 	-0.00021962 	
2.39	3.50397 	-0.152932 	-2.57259 	-0.00347671 	-0.17903 	-0.000179692 	
2.395	3.50299 	-0.146258 	-2.57931 	-0.00315609 	-0.179195 	-0.000193527 	
2.4	3.5031 	-0.144908 	-2.58239 	-0.00308049 	-0.179323 	-0.000176591 	
2.405	3.50324 	-0.144124 	-2.58488 	-0.00302922 	-0.179441 	-0.000155694 	
2.41	3.50342 	-0.143765 	-2.58697 	-0.00299595 	-0.179551 	-0.000131377 	
2.415	3.50333 	-0.148988 	-2.58956 	-0.00331532 	-0.179663 	-0.000192845 	
2.42	3.50356 	-0.150139 	-2.59136 	-0.0033688 	-0.179762 	-0.000173743 	
2.425	3.50383 	-0.150859 	-2.59295 	-0.00339094 	-0.179855 	-0.000140615 	
2.43	3.50319 	-0.145057 	-2.59808 	-0.00309493 	-0.180001 	-0.000129956 	
2.435	3.50331 	-0.14389 	-2.60067 	-0.00302328 	-0.180119 	-0.000106184 	
2.44	3.50347 	-0.143232 	-2.60282 	-0.00297406 	-0.180228 	-7.96022e-05 	
2.445	3.50368 	-0.142956 	-2.6047 	-0.00294146 	-0.180332 	-5.05337e-05 	
2.45	3.50321 	-0.147269 	-2.60833 	-0.00323464 	-0.180451 	-0.000138273 	
2.455	3.50334 	-0.148187 	-2.61039 	-0.00328203 	-0.180553 	-0.000127222 	
2.46	3.50351 	-0.148744 	-2.61214 	-0.00330036 	-0.180647 	-0.000100578 	
2.465	3.50374 	-0.149053 	-2.61369 	-0.00329826 	-0.180736 	-6.29865e-05 	
2.47	3.50319 	-0.142305 	-2.61858 	-0.00294869 	-0.180888 	-4.70964e-05 	
2.475	3.5033 	-0.140834 	-2.62107 	-0.00286019 	-0.181006 	-2.33726e-05 	
2.48	3.50342 	-0.140021 	-2.62315 	-0.00280264 	-0.181114 	1.34364e-06 	
2.485	3.50328 	-0.145142 	-2.62534 	-0.00311801 	-0.181212 	-5.96022e-05 	
2.49	3.50342 	-0.14617 	-2.62698 	-0.00316554 	-0.181303 	-4.24341e-05 	
2.495	3.50359 	-0.146839 	-2.62844 	-0.00318557 	-0.181387 	-1.20802e-05 	
2.5	3.50381 	-0.147256 	-2.6298 	-0.0031861 	-0.181469 	2.75627e-05 	
2.505	3.50298 	-0.14081 	-2.63496 	-0.00287878 	-0.181611 	3.85936e-06 	
2.51	3.50298 	-0.139415 	-2.63746 	-0.00280135 	-0.181723 	1.68093e-05 	
2.515	3.50299 	-0.138632 	-2.63952 	-0.0027506 	-0.181825 	3.41034e-05 	
2.52	3.50319 	-0.143473 	-2.6406 	-0.00302708 	-0.181908 	6.96523e-06 	
2.525	3.50332 	-0.144484 	-2.64188 	-0.00306806 	-0.181988 	3.09157e-05 	
2.53	3.5035 	-0.145169 	-2.64311 	-0.00308479 	-0.182064 	6.55154e-05 	
2.535	3.5037 	-0.145625 	-2.64433 	-0.0030843 	-0.182138 	0.000107628 	
2.54	3.50392 	-0.145925 	-2.64556 	-0.00307184 	-0.18221 	0.000154927 	
2.545	3.50266 	-0.138321 	-2.65187 	-0.00276295 	-0.182359 	5.03763e-05 	
2.55	3.5025 	-0.136555 	-2.65466 	-0.00268382 	-0.182471 	3.83709e-05 	
2.555	3.50233 	-0.135516 	-2.65689 	-0.00263344 	-0.182573 	3.61217e-05 	
2.56	3.5034 	-0.142113 	-2.65571 	-0.00294819 	-0.182631 	8.01374e-05 	
2.565	3.50363 	-0.143568 	-2.65634 	-0.00299863 	-0.182694 	0.000121479 	
2.57	3.50386 	-0.144578 	-2.65711 	-0.00302146 	-0.182755 	0.00016948 	
2.575	3.50407 	-0.145266 	-2.65803 	-0.00302454 	-0.182814 	0.000221978 	
2.58	3.50267 	-0.137399 	-2.6638 	-0.00272213 	-0.182942 	8.78368e-05 	
2.585	3.50241 	-0.135649 	-2.66631 	-0.00264853 	-0.18304 	6.86108e-05 	
2.59	3.50214 	-0.134601 	-2.66835 	-0.00260108 	-0.18313 	6.14195e-05 	
2.595	3.50342 	-0.140831 	-2.66666 	-0.00288008 	-0.183176 	0.000127497 	
2.6	3.50364 	-0.142221 	-2.6671 	-0.00292324 	-0.183228 	0.000172971 	
2.605	3.50381 	-0.143206 	-2.66775 	-0.00294197 	-0.183279 	0.000223484 	
2.61	3.50395 	-0.143898 	-2.66858 	-0.00294322 	-0.18333 	0.000277349 	
2.615	3.50275 	-0.138039 	-2.67059 	-0.00271682 	-0.183392 	0.000179815 	
2.62	3.50302 	-0.137573 	-2.67112 	-0.00267514 	-0.183447 	0.000205245 	
2.625	-1.78001 	2.66301 	9.57783 	-0.189994 	0.294366 	-0.0573442 	
2.63	-0.805226 	2.26023 	7.96488 	-0.171394 	0.22533 	-0.0368214 	
2.635	-0.82159 	2.29593 	8.3906 	-0.1832 	0.238966 	-0.0272527 	
2.64	-0.774089 	2.37589 	8.77783 	-0.193285 	0.249443 	-0.0211471 	
2.645	-1.08452 	2.07638 	9.43333 	-0.169387 	0.27633 	0.0113946 	
2.65	-1.19486 	2.05018 	9.90844 	-0.165594 	0.29261 	0.0141865 	
2.655	-1.26931 	1.86524 	10.2806 	-0.147829 	0.305754 	0.0146243 	
2.66	-0.838828 	1.59963 	11.3039 	-0.116513 	0.3257 	0.00669296 	
2.665	-0.915656 	1.53904 	11.1727 	-0.108936 	0.324301 	-0.00410482 	
2.67	-0.616889 	1.56934 	10.8918 	-0.118173 	0.31011 	0.00209463 	
2.675	-0.308953 	1.44729 	10.584 	-0.108519 	0.294206 	0.00195474 	
2.68	-0.432187 	1.14095 	10.7676 	-0.078098 	0.302537 	0.00426333 	
2.685	-0.517585 	1.00505 	10.9026 	-0.0630047 	0.30868 	-0.000700631 	
2.69	-0.584198 	0.880134 	11.0097 	-0.0495848 	0.313535 	-0.00363948 	
2.695	-0.644522 	0.779011 	11.1044 	-0.0386065 	0.317863 	-0.00614247 	
2.7	-0.702855 	0.703833 	11.1924 	-0.0301955 	0.321934 	-0.00826068 	
2.705	-0.759927 	0.651024 	11.2751 	-0.024065 	0.325809 	-0.00980109 	
2.71	-0.81289 	0.612913 	11.35 	-0.0196239 	0.329341 	-0.0103622 	
2.715	-0.860259 	0.584606 	11.4161 	-0.0165686 	0.332473 	-0.00954192 	
2.72	-0.904001 	0.564825 	11.4753 	-0.0146392 	0.33531 	-0.00786176 	
2.725	-0.942231 	0.548409 	11.526 	-0.0130854 	0.337742 	-0.00622801 	
2.73	-0.975573 	0.534717 	11.5691 	-0.0117961 	0.339818 	-0.00479965 	
2.735	-1.00508 	0.523874 	11.6061 	-0.0107885 	0.341607 	-0.00351049 	
2.74	-1.01884 	0.542658 	11.6235 	-0.0113324 	0.34235 	-0.00786866 	
2.745	-1.03655 	0.561578 	11.6444 	-0.012151 	0.343312 	-0.0108602 	
2.75	-1.05245 	0.58009 	11.6623 	-0.0130042 	0.344144 	-0.0135887 	
2.755	-1.06639 	0.596877 	11.6772 	-0.0137754 	0.34484 	-0.0160544 	
2.76	-1.07848 	0.611484 	11.6892 	-0.014419 	0.345409 	-0.0182806 	
2.765	-1.0882 	0.624511 	11.698 	-0.0149807 	0.345831 	-0.020336 	
2.77	-1.10903 	0.618688 	11.717 	-0.0140904 	0.346769 	-0.0203886 	
2.775	-1.12556 	0.61723 	11.7313 	-0.0135829 	0.347482 	-0.020774 	
2.78	-1.14099 	0.616706 	11.7441 	-0.0131947 	0.34813 	-0.0211123 	
2.785	-1.1555 	0.616967 	11.7556 	-0.012905 	0.348723 	-0.0214124 	
2.79	-1.16913 	0.617905 	11.7661 	-0.0127034 	0.349265 	-0.0216765 	
2.795	-1.18195 	0.619365 	11.7755 	-0.0125732 	0.349761 	-0.021908 	
2.8	-1.19399 	0.621227 	11.7839 	-0.0125028 	0.350213 	-0.0221082 	
2.805	-1.2053 	0.623365 	11.7914 	-0.0124789 	0.350623 	-0.0222793 	
2.81	-1.21592 	0.625652 	11.7982 	-0.0124867 	0.350996 	-0.0224244 	
2.815	-1.22585 	0.628057 	11.804 	-0.0125253 	0.351331 	-0.0225429 	
2.82	-1.2352 	0.630492 	11.8092 	-0.0125833 	0.351635 	-0.0226381 	
2.825	-1.24395 	0.632973 	11.8137 	-0.0126647 	0.351905 	-0.022709 	
2.83	-0.925769 	0.146557 	11.3946 	0.0382568 	0.330928 	-0.0239388 	
2.835	-0.674383 	-0.143633 	11.0892 	0.0657105 	0.315589 	-0.0221288 	
2.84	-0.888175 	0.570704 	11.8201 	-0.0134862 	0.34354 	-0.00926361 	
2.845	-0.780658 	0.864018 	11.5179 	-0.0456553 	0.332528 	-0.00506256 	
2.85	-0.72837 	0.748076 	11.4252 	-0.0310689 	0.328047 	-0.00724879 	
2.855	-0.628017 	0.200694 	11.186 	0.0314494 	0.317275 	-0.0161617 	
2.86	-0.544204 	-0.211099 	11.0222 	0.0721556 	0.310005 	-0.0186173 	
2.865	-0.461982 	-0.580895 	10.8766 	0.106111 	0.30336 	-0.0193878 	
2.87	-0.397758 	-0.889297 	10.7539 	0.135295 	0.297789 	-0.020529 	
2.875	-0.863779 	0.0965458 	12.2523 	0.0286792 	0.35353 	-0.00410254 	
2.88	-0.715653 	0.420364 	11.7273 	-0.00673441 	0.334851 	-0.00064617 	
2.885	-0.676862 	0.763634 	11.576 	-0.0424908 	0.329647 	0.00273512 	
2.89	-0.444338 	0.715927 	10.6703 	-0.0623803 	0.299953 	0.0163582 	
2.895	-0.43567 	0.142812 	10.7141 	0.0108688 	0.299108 	0.00238642 	
2.9	-0.391874 	-0.256778 	10.6233 	0.054441 	0.294818 	-0.00280515 	
2.905	-0.166502 	-0.309889 	10.3865 	0.0612331 	0.282023 	-0.00542934 	
2.91	0.140718 	-0.241805 	10.0481 	0.0508083 	0.264682 	-0.00445461 	
2.915	-1.41897 	0.262789 	11.6126 	0.018419 	0.338549 	-0.0094837 	
2.92	-1.27693 	0.411441 	11.4681 	-0.00349973 	0.328149 	0.00732556 	
2.925	-1.37318 	0.541704 	11.553 	-0.0183288 	0.329129 	0.0158166 	
2.93	-1.42553 	0.874986 	11.6557 	-0.051294 	0.339455 	0.0189922 	
2.935	-1.45126 	1.08503 	11.7085 	-0.0725242 	0.344663 	0.0227238 	
2.94	-1.47634 	0.895998 	11.682 	-0.0527195 	0.336649 	0.0184811 	
2.945	-1.49863 	0.811454 	11.6743 	-0.0436675 	0.332345 	0.016125 	
2.95	-1.51823 	0.741301 	11.6675 	-0.0361266 	0.328675 	0.0140459 	
2.955	-1.53562 	0.683396 	11.6617 	-0.0298894 	0.325556 	0.0122673 	
2.96	-1.53441 	1.02003 	11.7146 	-0.063993 	0.334907 	0.0172658 	
2.965	-1.60381 	1.17981 	11.8139 	-0.0794396 	0.343048 	0.0187279 	
2.97	-1.53584 	1.06682 	11.7687 	-0.0668562 	0.34196 	0.0125808 	
2.975	-1.49936 	1.01886 	11.7509 	-0.0610916 	0.342419 	0.00875784 	
2.98	-1.43241 	0.986548 	11.7008 	-0.057403 	0.341487 	0.00632995 	
2.985	-1.87398 	0.802821 	12.1512 	-0.0338386 	0.361258 	-0.00457541 	
2.99	-1.69991 	0.82329 	11.9871 	-0.0367756 	0.355055 	-0.00388624 	
2.995	-1.64037 	0.806357 	11.934 	-0.0349463 	0.353379 	-0.00500006 	
3	-1.58995 	0.790531 	11.8884 	-0.0332746 	0.351934 	-0.00580131 	
3.005	-1.86022 	0.506312 	12.1381 	-0.00138094 	0.359048 	-0.00685492 	
3.01	-1.74889 	0.575939 	12.0141 	-0.00991515 	0.353418 	-0.00536274 	
3.015	-1.73834 	0.593527 	11.9834 	-0.0132234 	0.351127 	0.000113085 	
3.02	-1.74049 	0.615327 	11.9649 	-0.0170748 	0.349423 	0.00651484 	
3.025	-1.74562 	0.636674 	11.9503 	-0.0206974 	0.347947 	0.0123241 	
3.03	-1.74445 	0.651876 	11.933 	-0.0232651 	0.34654 	0.0162842 	
3.035	-1.69809 	0.677338 	11.8962 	-0.0242798 	0.345899 	0.00966893 	
3.04	-1.58709 	0.852311 	11.7871 	-0.0424377 	0.342878 	0.00597069 	
3.045	-1.59312 	0.896716 	11.7867 	-0.0447562 	0.342436 	-0.000396275 	
3.05	-1.62871 	0.677549 	11.7715 	-0.0181291 	0.338568 	-0.014594 	
3.055	-1.65179 	0.753357 	11.7488 	-0.0264948 	0.333141 	-0.0125652 	
3.06	-1.63147 	0.745922 	11.7309 	-0.0256843 	0.332959 	-0.013296 	
3.065	-1.56467 	0.676521 	11.6686 	-0.0211662 	0.329564 	-0.00401329 	
3.07	-1.57022 	0.690058 	11.6718 	-0.0222874 	0.330094 	-0.00546764 	
3.075	-1.57168 	0.729176 	11.6766 	-0.0272334 	0.33081 	-0.00290117 	
3.08	-1.54421 	0.38513 	11.5878 	0.00827525 	0.323899 	-0.00928872 	
3.085	-1.56778 	0.329954 	11.5529 	0.0129749 	0.317253 	-0.00715089 	
3.09	-1.59995 	0.389914 	11.5639 	0.00706745 	0.31589 	-0.00731555 	
3.095	-1.63058 	0.497346 	11.5733 	-0.00297833 	0.314592 	-0.00946342 	
3.1	-1.66774 	0.575609 	11.5943 	-0.0119255 	0.314694 	-0.00441497 	
3.105	-1.67562 	0.488672 	11.5878 	0.000616506 	0.314809 	-0.0176873 	
3.11	-1.72706 	0.699216 	11.6131 	-0.0214618 	0.313673 	-0.0127567 	
3.115	-1.73159 	0.749967 	11.609 	-0.0259245 	0.312847 	-0.0150282 	
3.12	-1.77802 	0.904902 	11.6304 	-0.0417418 	0.312098 	-0.0123392 	
3.125	-1.75958 	0.858283 	11.6091 	-0.0363683 	0.310932 	-0.0155959 	
3.13	-1.75485 	0.850564 	11.5973 	-0.0351495 	0.31 	-0.0173902 	
3.135	-1.7512 	0.84369 	11.5865 	-0.0340825 	0.309159 	-0.0189019 	
3.14	-1.64701 	0.490421 	11.4379 	-0.00053561 	0.300595 	-0.017532 	
3.145	-1.60855 	0.494456 	11.4434 	-0.00168212 	0.304701 	-0.0138866 	
3.15	-1.64024 	0.527106 	11.4775 	-0.00528646 	0.306857 	-0.0124332 	
3.155	-1.651 	0.53387 	11.4969 	-0.00616163 	0.309 	-0.0116554 	
3.16	-1.65828 	0.540779 	11.5107 	-0.0072069 	0.310642 	-0.0103606 	
3.165	-1.637 	0.510227 	11.5159 	-0.00454207 	0.313717 	-0.0094072 	
3.17	-1.70194 	0.45806 	11.6182 	0.000587705 	0.314608 	-0.00767439 	
3.175	-1.66338 	0.502975 	11.5902 	-0.00387964 	0.317338 	-0.00805767 	
3.18	-1.69787 	0.597049 	11.5809 	-0.0124108 	0.314122 	-0.0107713 	
3.185	-1.65988 	0.555426 	11.5645 	-0.00914318 	0.316293 	-0.00790716 	
3.19	-1.69702 	0.655317 	11.5599 	-0.0180783 	0.313387 	-0.0113029 	
3.195	-1.70082 	0.619486 	11.549 	-0.0148612 	0.312546 	-0.0101875 	
3.2	-1.67269 	0.646567 	11.5471 	-0.0179843 	0.315716 	-0.00906058 	
3.205	-1.68252 	0.640783 	11.5554 	-0.0181366 	0.316672 	-0.00600679 	
3.21	-1.68844 	0.619681 	11.5503 	-0.0162169 	0.316361 	-0.00541002 	
3.215	-1.73401 	0.796966 	11.5987 	-0.03595 	0.320442 	0.00439605 	
3.22	-1.74024 	0.828073 	11.608 	-0.0391745 	0.322033 	0.0057215 	
3.225	-1.71863 	0.753057 	11.5912 	-0.0309408 	0.322183 	0.00172888 	
3.23	-1.70726 	0.712503 	11.5823 	-0.0264689 	0.322598 	-0.000378672 	
3.235	-1.6982 	0.678828 	11.5744 	-0.0227181 	0.322928 	-0.00216313 	
3.24	-1.6692 	0.564738 	11.5288 	-0.0110149 	0.320732 	-0.00509198 	
3.245	-1.67308 	0.574917 	11.5383 	-0.0123387 	0.32203 	-0.00374216 	
3.25	-1.67227 	0.566912 	11.5387 	-0.0118814 	0.322699 	-0.00250143 	
3.255	-1.67175 	0.559445 	11.538 	-0.0113829 	0.3232 	-0.001614 	
3.26	-1.66879 	0.550693 	11.5367 	-0.0107316 	0.323833 	-0.000861994 	
3.265	-1.66655 	0.540242 	11.5345 	-0.0100516 	0.324303 	0.000412637 	
3.27	-1.66495 	0.530913 	11.5322 	-0.0094815 	0.324696 	0.00170513 	
3.275	-1.66389 	0.522528 	11.5297 	-0.00895714 	0.325013 	0.00286007 	
3.28	-1.66331 	0.515498 	11.5271 	-0.00848277 	0.325271 	0.00370945 	
3.285	-1.6632 	0.509531 	11.5245 	-0.00807139 	0.325485 	0.00441126 	
3.29	-1.66524 	0.50463 	11.5207 	-0.00740089 	0.325343 	0.00381518 	
3.295	-1.66699 	0.499894 	11.5173 	-0.00689454 	0.32529 	0.00376455 	
3.3	-1.66867 	0.494877 	11.5139 	-0.00638949 	0.32523 	0.00380941 	
3.305	-1.67251 	0.497201 	11.5114 	-0.00631348 	0.325086 	0.00280716 	
3.31	-1.57131 	0.16894 	11.3698 	0.0248906 	0.317308 	0.00354854 	
3.315	-1.6196 	0.287809 	11.4177 	0.0138109 	0.319287 	0.00252909 	
3.32	-1.82866 	0.52178 	11.6736 	-0.00204111 	0.326434 	-0.0175462 	
3.325	-1.74039 	0.353186 	11.5325 	0.0137235 	0.319632 	-0.018192 	
3.33	-1.63626 	0.0670063 	11.3991 	0.0394658 	0.313683 	-0.0135523 	
3.335	-1.56255 	-0.124706 	11.2958 	0.0575289 	0.308579 	-0.0139725 	
3.34	-1.63902 	0.0223848 	11.3419 	0.0426158 	0.308065 	-0.0110009 	
3.345	-1.67775 	0.0862982 	11.3549 	0.0358345 	0.306918 	-0.00884196 	
3.35	-1.70993 	0.137337 	11.3645 	0.0303823 	0.305917 	-0.00697294 	
3.355	-1.73434 	0.171288 	11.3693 	0.0266434 	0.305015 	-0.00532652 	
3.36	-1.78136 	0.207131 	11.3997 	0.020702 	0.305984 	0.00476532 	
3.365	-1.63409 	-0.0815449 	11.2439 	0.048817 	0.300244 	0.000648673 	
3.37	-1.70815 	0.236478 	11.3464 	0.0169882 	0.308276 	0.00572269 	
3.375	-1.74045 	0.429943 	11.3921 	-0.00202536 	0.312426 	0.00708772 	
3.38	-1.75231 	0.543063 	11.4202 	-0.0129925 	0.315855 	0.00730082 	
3.385	-1.73063 	0.502727 	11.4183 	-0.00852971 	0.317733 	0.0052285 	
3.39	-1.76809 	0.656108 	11.4552 	-0.0239172 	0.32026 	0.00786468 	
3.395	-1.74111 	0.596828 	11.4406 	-0.0169764 	0.320836 	0.00309844 	
3.4	-1.72857 	0.577703 	11.4355 	-0.0143894 	0.321585 	0.000291111 	
3.405	-1.71845 	0.56155 	11.4308 	-0.0121913 	0.322201 	-0.00209375 	
3.41	-1.70772 	0.537604 	11.4198 	-0.0093245 	0.322034 	-0.0043825 	
3.415	-1.72887 	0.54356 	11.4303 	-0.0102521 	0.321852 	-0.00245432 	
3.42	-1.7122 	0.516967 	11.416 	-0.00705589 	0.321873 	-0.00520733 	
3.425	-1.70453 	0.500343 	11.4073 	-0.0050505 	0.321839 	-0.00685124 	
3.43	-1.69812 	0.516036 	11.3987 	-0.00588949 	0.321659 	-0.0096697 	
3.435	-1.70158 	0.546894 	11.4034 	-0.00849564 	0.322413 	-0.0109751 	
3.44	-1.72546 	0.532703 	11.4149 	-0.00828826 	0.322552 	-0.00588814 	
3.445	-1.74123 	0.50255 	11.4215 	-0.00635345 	0.322729 	-0.00162547 	
3.45	-1.75121 	0.50599 	11.42 	-0.00663997 	0.322095 	-0.00171976 	
3.455	-1.76044 	0.504036 	11.4189 	-0.00653173 	0.321637 	-0.00128707 	
3.46	-1.76782 	0.503587 	11.4183 	-0.00656143 	0.321419 	-0.000858592 	
3.465	-1.77488 	0.503025 	11.4172 	-0.00656969 	0.32117 	-0.000497891 	
3.47	-1.81066 	0.732463 	11.4466 	-0.028606 	0.323068 	-0.000880598 	
3.475	-1.81405 	0.657652 	11.4333 	-0.0213191 	0.321252 	-0.000720305 	
3.48	-1.8193 	0.642446 	11.4303 	-0.0198163 	0.32086 	-0.000491147 	
3.485	-1.82904 	0.648815 	11.4367 	-0.0208836 	0.321568 	0.00176786 	
3.49	-1.83578 	0.691956 	11.4568 	-0.0260648 	0.324703 	0.00622144 	
3.495	-1.82584 	0.683199 	11.456 	-0.0254325 	0.326172 	0.00717666 	
3.5	-1.76877 	0.671202 	11.4526 	-0.0249338 	0.331156 	0.00889119 	
3.505	-1.73897 	0.641129 	11.4521 	-0.0216229 	0.334096 	0.00737373 	
3.51	-1.71398 	0.627191 	11.4522 	-0.0201883 	0.336898 	0.00704304 	
3.515	-1.6571 	0.565239 	11.4159 	-0.0140852 	0.337911 	0.00711331 	
3.52	-1.63571 	0.55589 	11.4175 	-0.0131097 	0.340548 	0.00678778 	
3.525	-1.65706 	0.604653 	11.4462 	-0.0181928 	0.342862 	0.00773496 	
3.53	-1.73096 	0.682859 	11.4632 	-0.0270749 	0.340631 	0.0142103 	
3.535	-1.74796 	0.615051 	11.4367 	-0.018695 	0.335598 	0.00690013 	
3.54	-1.9678 	0.863031 	11.7173 	-0.0403127 	0.346449 	0.00565456 	
3.545	-1.94508 	0.871252 	11.6441 	-0.0430287 	0.342365 	0.0114001 	
3.55	-1.96028 	0.908167 	11.6315 	-0.0474724 	0.34094 	0.0148228 	
3.555	-1.87273 	0.669531 	11.5419 	-0.0216977 	0.336406 	0.0035398 	
3.56	-1.84635 	0.575213 	11.4999 	-0.011527 	0.333798 	-0.00111342 	
3.565	-1.81705 	0.488224 	11.4582 	-0.00234798 	0.331308 	-0.00468353 	
3.57	-1.81873 	0.490166 	11.442 	-0.00298751 	0.329931 	-0.00358123 	
3.575	-1.82037 	0.474462 	11.419 	-0.00159761 	0.327998 	-0.00389025 	
3.58	-1.81534 	0.448927 	11.3972 	0.000915859 	0.326442 	-0.00465112 	
3.585	-1.8512 	0.545932 	11.4129 	-0.00939 	0.326143 	-0.0007968 	
3.59	-1.83681 	0.510371 	11.3945 	-0.00586748 	0.325553 	-0.00157974 	
3.595	-1.72261 	0.651333 	11.3458 	-0.024504 	0.328617 	0.0130812 	
3.6	-1.75893 	0.585696 	11.347 	-0.0164697 	0.326545 	0.00786916 	
3.605	-1.83243 	0.760841 	11.3891 	-0.0341921 	0.327393 	0.0125259 	
3.61	-1.81804 	0.682795 	11.3728 	-0.0257839 	0.327048 	0.00897759 	
3.615	-1.78493 	0.689814 	11.3911 	-0.0263461 	0.332835 	0.00812433 	
3.62	-1.75848 	0.676058 	11.3938 	-0.0247845 	0.336128 	0.00727992 	
3.625	-1.73526 	0.662063 	11.3943 	-0.0232269 	0.338852 	0.0065956 	
3.63	-1.71416 	0.648437 	11.3926 	-0.0217361 	0.341067 	0.00608855 	
3.635	-1.6958 	0.635033 	11.39 	-0.0203005 	0.342928 	0.00568163 	
3.64	-1.68535 	0.625282 	11.3874 	-0.0192174 	0.344054 	0.00533176 	
3.645	-1.70225 	0.649167 	11.3892 	-0.0216249 	0.343377 	0.0059091 	
3.65	-1.64773 	0.242872 	11.3936 	0.0197924 	0.340208 	-0.00501057 	
3.655	2.42011 	-0.321572 	11.5689 	0.0693659 	0.743478 	-0.02035 	
3.66	1.02217 	-0.0524719 	11.5074 	0.0447953 	0.606951 	-0.0130788 	
3.665	0.524678 	0.141432 	11.4947 	0.0263962 	0.561112 	-0.00934162 	
3.67	0.118577 	0.1784 	11.4921 	0.0223145 	0.524949 	-0.00272088 	
3.675	-0.239036 	0.197582 	11.5087 	0.0181408 	0.495937 	0.00909401 	
3.68	-0.487171 	0.259762 	11.4693 	0.0136494 	0.468172 	0.00559323 	
3.685	-0.719691 	0.295449 	11.4383 	0.0108742 	0.443247 	0.00496807 	
3.69	-0.895248 	0.306108 	11.4095 	0.0104517 	0.423739 	0.0039796 	
3.695	-1.10708 	0.377147 	11.4301 	0.00133712 	0.408802 	0.0153925 	
3.7	-1.24654 	0.39364 	11.4131 	-7.6866e-05 	0.394374 	0.0160239 	
3.705	-1.34634 	0.373204 	11.3834 	0.00257995 	0.38157 	0.0139069 	
3.71	-1.4392 	0.367464 	11.3635 	0.00351617 	0.370836 	0.0130199 	
3.715	-1.51488 	0.372755 	11.3424 	0.0038069 	0.361408 	0.0104085 	
3.72	-1.57877 	0.372775 	11.3224 	0.00441999 	0.353294 	0.00843877 	
3.725	-1.63466 	0.374378 	11.3057 	0.00478318 	0.346371 	0.00679385 	
3.73	-1.68296 	0.37618 	11.2909 	0.00503999 	0.340433 	0.00540614 	
3.735	-1.72511 	0.3788 	11.2782 	0.00514588 	0.335348 	0.00422919 	
3.74	-1.76653 	0.364798 	11.2725 	0.00613359 	0.331477 	0.00594808 	
3.745	-1.82992 	0.404349 	11.2746 	0.00214858 	0.326752 	0.00731863 	
3.75	-1.85604 	0.4107 	11.2626 	0.00201319 	0.323217 	0.00555767 	
3.755	-1.86103 	0.427285 	11.2629 	0.000665131 	0.323281 	0.00475145 	
3.76	-1.87021 	0.440025 	11.2609 	-0.000330018 	0.322678 	0.00402611 	
3.765	-1.87867 	0.451059 	11.2587 	-0.00119013 	0.322122 	0.00340451 	
3.77	-1.8855 	0.463374 	11.2554 	-0.00217021 	0.32158 	0.00272261 	
3.775	-1.88498 	0.460105 	11.2525 	-0.00162881 	0.32166 	0.00205594 	
3.78	-1.9229 	0.491573 	11.2453 	-0.00436217 	0.317826 	0.00137764 	
3.785	-1.8262 	0.495977 	11.2493 	-0.00527658 	0.327679 	0.00252156 	
3.79	-1.87523 	0.482846 	11.2339 	-0.00225076 	0.321683 	-0.0025327 	
3.795	-1.89984 	0.475525 	11.2253 	-0.00183129 	0.318849 	-0.00165292 	
3.8	-1.92064 	0.46918 	11.2171 	-0.00118954 	0.316411 	-0.0017058 	
3.805	-1.92704 	0.326825 	11.1987 	0.0139081 	0.314841 	-0.0119773 	
3.81	-1.83872 	0.389666 	11.2126 	0.00683597 	0.324962 	-0.00704683 	
3.815	-1.87575 	0.400155 	11.2116 	0.00583558 	0.321914 	-0.00618194 	
3.82	-1.88853 	0.412814 	11.211 	0.00454671 	0.321131 	-0.00538099 	
3.825	-1.68556 	0.399036 	11.221 	0.0051996 	0.34124 	-0.00419933 	
3.83	-1.56095 	0.393576 	11.2273 	0.0053088 	0.353839 	-0.00335131 	
3.835	-1.45148 	0.387009 	11.2328 	0.00562385 	0.365015 	-0.00283345 	
3.84	-1.35168 	0.38071 	11.2373 	0.00592484 	0.375115 	-0.00231311 	
3.845	-1.26196 	0.374512 	11.2412 	0.00624058 	0.384172 	-0.00184276 	
3.85	-1.18215 	0.36863 	11.2443 	0.00655736 	0.392216 	-0.00144221 	
3.855	-1.11169 	0.363213 	11.2468 	0.00685558 	0.399309 	-0.00108923 	
3.86	-1.05001 	0.358239 	11.2487 	0.00713984 	0.405519 	-0.000792059 	
3.865	-0.995708 	0.353578 	11.25 	0.00740371 	0.410942 	-0.00049358 	
3.87	-1.18774 	0.380205 	11.2382 	0.00534134 	0.392506 	-0.000571539 	
3.875	-1.3048 	0.396669 	11.23 	0.00405117 	0.381309 	-0.000578037 	
3.88	-1.40495 	0.410307 	11.2223 	0.00299131 	0.371721 	-0.000592671 	
3.885	-1.491 	0.422399 	11.2153 	0.00204384 	0.363526 	-0.000599785 	
3.89	-1.56558 	0.434695 	11.2097 	0.00104335 	0.356556 	-0.000573891 	
3.895	-1.64277 	0.427658 	11.191 	0.00192384 	0.347625 	-0.00093132 	
3.9	-1.70182 	0.427469 	11.1785 	0.00209775 	0.341192 	-0.0011764 	
3.905	2.50656 	-0.174997 	11.5007 	0.0540711 	0.767401 	-0.0148754 	
3.91	0.9201 	0.230577 	11.4283 	0.0165117 	0.615003 	-0.00518739 	
3.915	0.490612 	0.220219 	11.3724 	0.018446 	0.568336 	-0.00555014 	
3.92	0.110364 	0.257569 	11.3351 	0.0153642 	0.52894 	-0.00434556 	
3.925	-0.214172 	0.287011 	11.3023 	0.0130024 	0.495267 	-0.00345036 	
3.93	-0.503048 	0.317212 	11.2794 	0.0102669 	0.466495 	-0.00147421 	
3.935	-0.730783 	0.345402 	11.2596 	0.00808357 	0.44341 	-0.00151047 	
3.94	-0.914188 	0.367359 	11.2441 	0.00641889 	0.425054 	-0.00159282 	
3.945	-1.08528 	0.387854 	11.2308 	0.00464242 	0.408165 	-0.00069116 	
3.95	-1.22815 	0.404072 	11.2177 	0.00337431 	0.393828 	-0.000462654 	
3.955	-1.35028 	0.417615 	11.2057 	0.00233448 	0.381547 	-0.000308734 	
3.96	-1.45574 	0.430598 	11.1957 	0.00129859 	0.371082 	-0.000128129 	
3.965	-1.54503 	0.440093 	11.1852 	0.000592969 	0.362051 	-8.12347e-05 	
3.97	-1.62163 	0.448408 	11.1757 	-2.46462e-05 	0.35431 	-7.19865e-05 	
3.975	-1.68743 	0.455673 	11.1669 	-0.000566534 	0.347671 	-8.35147e-05 	
3.98	-1.74879 	0.450161 	11.1508 	0.000107224 	0.340501 	-0.000368545 	
3.985	-1.80645 	0.448788 	11.1379 	0.00034643 	0.334099 	-0.000479103 	
3.99	-1.84696 	0.45788 	11.1334 	-0.000449989 	0.330366 	-0.000398022 	
3.995	-1.88374 	0.46385 	11.1277 	-0.000945665 	0.326822 	-0.000371019 	
4	-1.91681 	0.470262 	11.1222 	-0.00148697 	0.323666 	-0.00034936 	
4.005	-1.93896 	0.467181 	11.1148 	-0.00111121 	0.321213 	-0.000479382 	
4.01	-1.96075 	0.469032 	11.1097 	-0.00124834 	0.319117 	-0.000477158 	
4.015	-1.91699 	0.473163 	11.1074 	-0.00141263 	0.323125 	-0.00155953 	
4.02	-1.70493 	0.440627 	11.1211 	0.00119438 	0.344429 	-0.00157571 	
4.025	-1.56167 	0.420117 	11.1293 	0.0028448 	0.35879 	-0.00169298 	
4.03	-1.60293 	0.418058 	11.1149 	0.0028787 	0.353509 	-0.000970463 	
4.035	-1.43588 	0.396242 	11.1247 	0.00422581 	0.369719 	0.00027557 	
4.04	-1.33824 	0.386025 	11.1325 	0.00510936 	0.380078 	-0.000214582 	
4.045	-1.25289 	0.375569 	11.138 	0.00596983 	0.388935 	-0.000425934 	
4.05	-1.36592 	0.372583 	11.1219 	0.00800846 	0.377522 	-0.0067256 	
4.055	-1.12977 	0.293562 	11.1404 	0.0156659 	0.403052 	-0.00902916 	
4.06	-0.110876 	0.165645 	11.2313 	0.0261385 	0.50726 	-0.010854 	
4.065	-0.518531 	0.222164 	11.1859 	0.0209154 	0.464402 	-0.0081046 	
4.07	-0.716608 	0.246325 	11.1614 	0.0185788 	0.443596 	-0.00631815 	
4.075	-0.845637 	0.264971 	11.1483 	0.0160704 	0.430586 	-0.00219282 	
4.08	-1.04192 	0.30408 	11.1377 	0.0129386 	0.411962 	-0.00260191 	
4.085	-1.19317 	0.333086 	11.1274 	0.0104983 	0.397412 	-0.00234642 	
4.09	-1.32268 	0.357584 	11.1179 	0.00843703 	0.384956 	-0.002123 	
4.095	-1.43899 	0.375578 	11.1058 	0.0069379 	0.373347 	-0.0018918 	
4.1	-1.53749 	0.391247 	11.0953 	0.00563194 	0.363585 	-0.00170865 	
4.105	-1.62228 	0.405168 	11.086 	0.00446605 	0.355233 	-0.00154471 	
4.11	-1.56487 	0.396972 	11.0837 	0.00524043 	0.360341 	-0.00214934 	
4.115	-1.54268 	0.394449 	11.0802 	0.00550332 	0.362217 	-0.00248885 	
4.12	-1.52442 	0.392316 	11.0767 	0.00572065 	0.363768 	-0.00274547 	
4.125	-1.52856 	0.45031 	11.1126 	-0.00041984 	0.368134 	-0.000729056 	
4.13	-1.50975 	0.456897 	11.1144 	-0.00111056 	0.370435 	-0.00020401 	
4.135	-1.49468 	0.463524 	11.1163 	-0.00177777 	0.372416 	0.000184499 	
4.14	-1.48273 	0.469908 	11.118 	-0.00237774 	0.374124 	0.000391151 	
4.145	-1.47303 	0.475601 	11.1192 	-0.00289625 	0.37558 	0.000515655 	
4.15	-1.46509 	0.48045 	11.1199 	-0.00332331 	0.37681 	0.000585087 	
4.155	-1.45864 	0.484569 	11.1201 	-0.00367674 	0.377846 	0.000621754 	
4.16	-1.50451 	0.462043 	11.0899 	-0.00200975 	0.370182 	0.00220209 	
4.165	-1.53393 	0.447497 	11.0695 	-0.000929308 	0.365304 	0.00314426 	
4.17	-1.55999 	0.436244 	11.0518 	-0.000168473 	0.361102 	0.00416297 	
4.175	-1.67416 	0.57786 	11.063 	-0.0117232 	0.354059 	0.000334748 	
4.18	-1.74874 	0.634468 	11.0599 	-0.0164971 	0.348054 	-0.000159258 	
4.185	-1.81412 	0.670814 	11.0557 	-0.0196921 	0.342629 	0.000326121 	
4.19	-1.83783 	0.642155 	11.038 	-0.0172696 	0.338481 	0.00114471 	
4.195	-1.75034 	0.599833 	11.04 	-0.0136823 	0.346634 	0.00142144 	
4.2	-1.71971 	0.570634 	11.0423 	-0.0100494 	0.350216 	-0.00272685 	
4.205	-1.75188 	0.543563 	11.0205 	-0.008048 	0.344689 	-0.000897649 	
4.21	-1.76701 	0.520653 	11.0058 	-0.00615099 	0.341712 	-0.000224917 	
4.215	-1.78023 	0.501341 	10.9929 	-0.0045529 	0.339176 	0.000345019 	
4.22	-1.56747 	0.467088 	11.0171 	-0.00123027 	0.361707 	-0.00187839 	
4.225	-1.26848 	0.416805 	11.0473 	0.00326645 	0.392771 	-0.00345293 	
4.23	-1.05599 	0.382421 	11.0703 	0.00638767 	0.415107 	-0.00472932 	
4.235	-1.19029 	0.402179 	11.0548 	0.00496496 	0.401415 	-0.00528517 	
4.24	-1.24185 	0.408998 	11.0479 	0.00457075 	0.396295 	-0.00580886 	
4.245	-1.28571 	0.414523 	11.0415 	0.00426691 	0.391926 	-0.00628439 	
4.25	-1.38445 	0.388312 	11.0163 	0.00524536 	0.380376 	4.45753e-05 	
4.255	-1.45875 	0.395983 	11.0016 	0.00491956 	0.372229 	-0.00107825 	
4.26	-1.29924 	-0.00171919 	10.7331 	0.0412797 	0.354669 	-0.00262054 	
4.265	-1.44436 	0.152757 	10.8142 	0.0276164 	0.351716 	-0.0034978 	
4.27	-1.5208 	0.201526 	10.8308 	0.0234482 	0.347229 	-0.004266 	
4.275	-1.58772 	0.236394 	10.8434 	0.0205864 	0.342989 	-0.00513095 	
4.28	-1.1774 	0.206461 	10.9025 	0.0223909 	0.388266 	-0.0042319 	
4.285	-0.282522 	0.0953992 	11.0153 	0.0314878 	0.483185 	-0.0060439 	
4.29	-0.339098 	0.132293 	11.0267 	0.0289455 	0.479525 	-0.00885179 	
4.295	-0.637058 	0.191881 	11.0082 	0.0239716 	0.450581 	-0.00853733 	
4.3	-0.824339 	0.233413 	10.999 	0.0205554 	0.432795 	-0.00869859 	
4.305	-1.15417 	0.607369 	11.2681 	-0.012396 	0.434339 	-0.0103496 	
4.31	-1.40213 	0.850782 	11.4373 	-0.0338299 	0.431772 	-0.0112399 	
4.315	-1.46044 	0.726893 	11.3039 	-0.0226674 	0.411376 	-0.0106101 	
4.32	-1.69302 	1.03354 	11.5237 	-0.0498888 	0.416471 	-0.011303 	
4.325	-1.85578 	1.23453 	11.6581 	-0.0675797 	0.418034 	-0.0122956 	
4.33	-1.84691 	1.04943 	11.4888 	-0.0509933 	0.399451 	-0.0117383 	
4.335	-1.79081 	0.807935 	11.2956 	-0.0288716 	0.381846 	-0.0132408 	
4.34	-1.71908 	0.807037 	11.2768 	-0.0292284 	0.387393 	-0.0117812 	
4.345	-0.89311 	0.565708 	11.2906 	-0.0118954 	0.465101 	0.00135716 	
4.35	-0.0778822 	0.413695 	11.3472 	0.00155561 	0.545733 	-0.00303714 	
4.355	-0.519989 	0.442652 	11.2562 	-0.000404001 	0.495042 	-0.00231422 	
4.36	-0.76808 	0.453653 	11.2041 	-0.000949468 	0.467201 	-0.00248188 	
4.365	-0.969266 	0.456469 	11.1601 	-0.0009055 	0.444463 	-0.00229994 	
4.37	-1.14084 	0.460811 	11.1224 	-0.00104685 	0.425114 	-0.00214931 	
4.375	-1.28646 	0.462221 	11.0881 	-0.000950221 	0.408495 	-0.00207595 	
4.38	-1.41134 	0.463899 	11.0585 	-0.000912733 	0.394293 	-0.00200253 	
4.385	-1.51825 	0.465349 	11.0326 	-0.000881773 	0.382146 	-0.00193937 	
4.39	-1.60946 	0.465976 	11.0095 	-0.000797079 	0.371739 	-0.00189922 	
4.395	-1.68758 	0.466506 	10.9893 	-0.000724196 	0.362839 	-0.00186471 	
4.4	-1.75433 	0.466624 	10.9712 	-0.000630737 	0.35522 	-0.00184222 	
4.405	-1.80705 	0.470978 	10.9541 	-0.000890796 	0.348938 	-0.00207578 	
4.41	-1.85314 	0.473654 	10.9391 	-0.00102473 	0.343508 	-0.00222146 	
4.415	-1.89765 	0.471864 	10.9266 	-0.000812137 	0.338566 	-0.00210254 	
4.42	-1.92907 	0.47456 	10.9143 	-0.000970391 	0.334781 	-0.0022871 	
4.425	-1.94389 	0.479465 	10.9087 	-0.00153876 	0.333231 	-0.00176134 	
4.43	-1.97675 	0.474894 	10.8976 	-0.00155606 	0.329217 	-0.000361695 	
4.435	-2.00419 	0.485377 	10.8902 	-0.00271552 	0.326385 	0.000727497 	
4.44	-1.96834 	0.47276 	10.8889 	-0.00174265 	0.329751 	0.00116163 	
4.445	-1.88401 	0.444377 	10.8852 	0.000257675 	0.336878 	0.00258438 	
4.45	-1.03752 	0.328463 	10.9849 	0.00997829 	0.425384 	-0.000270355 	
4.455	-1.37748 	0.383893 	10.9476 	0.00553367 	0.391105 	-3.04698e-05 	
4.46	-1.48022 	0.374423 	10.9324 	0.00678963 	0.379914 	-0.000569962 	
4.465	-0.34444 	0.217628 	11.0663 	0.0196941 	0.498293 	-0.00345508 	
4.47	-0.776673 	0.263857 	11.0015 	0.0154636 	0.451719 	-0.00054766 	
4.475	0.693395 	-0.00095627 	11.1594 	0.0384143 	0.601449 	-0.00634113 	
4.48	-0.0510815 	0.138452 	11.0788 	0.0265956 	0.526126 	-0.00422889 	
4.485	-0.353637 	0.195643 	11.0447 	0.0218117 	0.495565 	-0.00357159 	
4.49	-0.562678 	0.233959 	11.0219 	0.0186594 	0.47468 	-0.00323183 	
4.495	-0.770954 	0.274326 	10.997 	0.0153716 	0.453509 	-0.00320026 	
4.5	-0.968303 	0.303942 	10.975 	0.0128005 	0.433876 	-0.00255502 	
4.505	-1.11513 	0.323462 	10.9545 	0.0112116 	0.418768 	-0.00230828 	
4.51	-1.23826 	0.340661 	10.9365 	0.00981242 	0.406068 	-0.00209835 	
4.515	-1.34083 	0.361944 	10.9258 	0.00806396 	0.396139 	-0.0019327 	
4.52	-1.42915 	0.378583 	10.915 	0.00670149 	0.38745 	-0.00179446 	
4.525	-1.51199 	0.397523 	10.9027 	0.00515533 	0.379056 	-0.00183892 	
4.53	-1.58107 	0.412416 	10.892 	0.00394566 	0.37208 	-0.00185532 	
4.535	-1.63985 	0.424829 	10.8821 	0.00294406 	0.366128 	-0.00187878 	
4.54	-1.68984 	0.435144 	10.873 	0.00211981 	0.361055 	-0.0019084 	
4.545	-1.73223 	0.443599 	10.8644 	0.00145369 	0.356733 	-0.00194339 	
4.55	-1.76825 	0.450997 	10.8567 	0.00087274 	0.353066 	-0.00198457 	
4.555	-1.81246 	0.457012 	10.8464 	0.00042066 	0.348363 	-0.00199723 	
4.56	-1.88067 	0.470318 	10.8343 	-0.000750022 	0.341508 	-0.0015469 	
4.565	-1.92613 	0.48772 	10.8342 	-0.00246515 	0.337712 	-0.000681111 	
4.57	-1.96181 	0.488759 	10.8251 	-0.00256641 	0.33388 	-0.000493666 	
4.575	-1.99286 	0.491151 	10.8176 	-0.00280464 	0.330641 	-0.000270378 	
4.58	-1.93656 	0.463801 	10.7955 	0.000344772 	0.333053 	-0.0037459 	
4.585	-1.905 	0.446199 	10.7789 	0.00240431 	0.334043 	-0.00601792 	
4.59	-1.85266 	0.437483 	10.7767 	0.00334387 	0.338754 	-0.007061 	
4.595	-1.81408 	0.428647 	10.7715 	0.00430658 	0.341883 	-0.00806639 	
4.6	-2.15415 	0.475202 	10.9564 	-0.0108851 	0.348267 	0.0489833 	
4.605	-1.84728 	0.472382 	10.9562 	-0.00680966 	0.372407 	0.0315894 	
4.61	-1.69687 	0.453143 	10.9521 	-0.00540123 	0.384139 	0.0298918 	
4.615	-1.86323 	0.431981 	10.9692 	-0.00342433 	0.373137 	0.0320534 	
4.62	-1.95989 	0.418023 	10.9778 	-0.00193885 	0.366607 	0.0324689 	
4.625	-1.96591 	0.433686 	10.927 	-0.00235003 	0.358203 	0.0262859 	
4.63	-1.9947 	0.443021 	10.8935 	-0.00250515 	0.350778 	0.0223429 	
4.635	-1.95919 	0.439986 	10.862 	-0.00181451 	0.349136 	0.0199419 	
4.64	-1.94337 	0.443747 	10.8381 	-0.00167819 	0.346989 	0.0173088 	
4.645	-1.94242 	0.475766 	10.8427 	-0.00450617 	0.347513 	0.0154438 	
4.65	-1.92832 	0.480438 	10.8294 	-0.00471341 	0.346942 	0.0140658 	
4.655	-1.90024 	0.460196 	10.7999 	-0.00202123 	0.345748 	0.0116199 	
4.66	-1.88636 	0.446473 	10.7756 	0.000125619 	0.3437 	0.00598125 	
4.665	-1.87664 	0.434677 	10.7561 	0.00166065 	0.341998 	0.00297691 	
4.67	-1.89282 	0.425188 	10.7379 	0.00228134 	0.338426 	0.00348715 	
4.675	-1.90154 	0.416989 	10.7221 	0.00296668 	0.33585 	0.00321838 	
4.68	-1.90868 	0.409442 	10.708 	0.00359336 	0.333681 	0.00300008 	
4.685	-1.91416 	0.402516 	10.6953 	0.00415329 	0.331847 	0.00285808 	
4.69	-1.85136 	0.432662 	10.7311 	0.00188845 	0.343219 	0.000841223 	
4.695	1.02059 	0.101441 	11.1778 	0.02789 	0.65316 	-0.00467449 	
4.7	0.00813814 	0.161346 	10.997 	0.0210274 	0.541186 	0.00829013 	
4.705	-0.318698 	0.198466 	10.945 	0.0185949 	0.506231 	0.00718788 	
4.71	-0.594635 	0.239446 	10.909 	0.0159452 	0.477865 	0.00502526 	
4.715	-0.790902 	0.256984 	10.8591 	0.0146862 	0.454188 	0.00465365 	
4.72	-0.966093 	0.274564 	10.8191 	0.0134494 	0.433802 	0.00418604 	
4.725	-1.11549 	0.288992 	10.784 	0.0124332 	0.416356 	0.00381707 	
4.73	-1.24337 	0.301345 	10.7532 	0.0115481 	0.401409 	0.00355247 	
4.735	-1.35317 	0.312149 	10.7264 	0.0107897 	0.388617 	0.00324395 	
4.74	-1.44716 	0.321123 	10.7029 	0.0101893 	0.377668 	0.00287268 	
4.745	-1.51646 	0.321243 	10.6828 	0.0105652 	0.369251 	0.00149528 	
4.75	-1.56187 	0.304971 	10.683 	0.0125907 	0.36567 	-6.30412e-05 	
4.755	-1.58367 	0.283956 	10.6655 	0.0146021 	0.361494 	-0.000577768 	
4.76	-1.60193 	0.265743 	10.6509 	0.016288 	0.358124 	-0.000778 	
4.765	-1.61547 	0.249317 	10.6375 	0.0177664 	0.355371 	-0.000846492 	
4.77	-1.62559 	0.235358 	10.6255 	0.0189911 	0.353146 	-0.000833628 	
4.775	-1.7227 	0.270888 	10.62 	0.0160526 	0.344949 	-0.00095489 	
4.78	-1.78392 	0.288248 	10.6097 	0.0145683 	0.338945 	-0.000802523 	
4.785	-1.83649 	0.303023 	10.6002 	0.0133041 	0.333782 	-0.000679468 	
4.79	-1.88032 	0.314551 	10.5902 	0.0123034 	0.329274 	-0.000526001 	
4.795	-1.91318 	0.320909 	10.5775 	0.0116743 	0.325263 	-0.000177949 	
4.8	-1.94222 	0.324908 	10.5632 	0.0112012 	0.321331 	0.000315794 	
4.805	-1.97557 	0.340569 	10.5525 	0.00986145 	0.317601 	0.0002666 	
4.81	-1.99368 	0.339605 	10.5414 	0.00983413 	0.315053 	0.000680994 	
4.815	-2.01083 	0.340771 	10.5315 	0.0096523 	0.312775 	0.000954535 	
4.82	-2.02533 	0.341318 	10.5222 	0.00952984 	0.310817 	0.00119498 	
4.825	-2.03778 	0.341705 	10.5137 	0.00942333 	0.309116 	0.0014143 	
4.83	-1.79807 	0.295606 	10.5497 	0.0133616 	0.334904 	0.00020255 	
4.835	-1.64424 	0.264735 	10.5702 	0.0157987 	0.351263 	0.000223717 	
4.84	-1.51637 	0.243834 	10.588 	0.0174063 	0.365046 	0.000106636 	
4.845	-1.10532 	0.188336 	10.6587 	0.0217575 	0.410252 	-0.000393606 	
4.85	-0.813056 	0.162559 	10.7143 	0.0234905 	0.443154 	-0.000168505 	
4.855	-0.589419 	0.138959 	10.7551 	0.0252013 	0.468156 	-0.000147207 	
4.86	-0.68691 	0.129696 	10.7291 	0.0262004 	0.456537 	-0.000179042 	
4.865	-0.715617 	0.124822 	10.7193 	0.0266869 	0.453037 	-0.000293312 	
4.87	-0.735877 	0.118509 	10.7107 	0.0272786 	0.450433 	-0.000345365 	
4.875	-0.746142 	0.112516 	10.7039 	0.0277988 	0.448938 	-0.000288162 	
4.88	-0.744633 	0.10665 	10.6992 	0.0282428 	0.448756 	-4.12558e-05 	
4.885	-0.720042 	0.0994848 	10.6992 	0.0287924 	0.451189 	8.1309e-05 	
4.89	-1.07852 	0.215895 	10.7208 	0.0204938 	0.42546 	-0.00425525 	
4.895	-1.25757 	0.25243 	10.6947 	0.0176047 	0.407264 	-0.00436173 	
4.9	-1.20123 	0.220351 	10.6831 	0.0201345 	0.410473 	-0.00379976 	
4.905	-1.20001 	0.210755 	10.681 	0.0209989 	0.410629 	-0.00388137 	
4.91	2.2788 	-0.129222 	11.367 	0.0459496 	0.801121 	-0.00646909 	
4.915	0.86488 	0.113243 	11.0927 	0.027131 	0.644092 	-0.00818944 	
4.92	0.411881 	0.151329 	10.9953 	0.0249243 	0.591998 	-0.00914439 	
4.925	0.459723 	0.0411431 	10.9063 	0.0335932 	0.584001 	-0.00693397 	
4.93	1.46442 	-0.0692912 	11.1152 	0.0421674 	0.697918 	-0.00805389 	
4.935	0.606741 	0.0485596 	10.9649 	0.0328352 	0.604681 	-0.00644499 	
4.94	0.168936 	0.0824972 	10.8987 	0.029911 	0.558933 	-0.00322538 	
4.945	0.774387 	0.00623181 	11.0009 	0.0360837 	0.624736 	-0.00496252 	
4.95	0.0712384 	0.168998 	10.8922 	0.0228242 	0.550532 	-0.00490399 	
4.955	-0.140138 	-0.0871421 	10.6853 	0.0462965 	0.504764 	-0.00843499 	
4.96	-0.562281 	0.0803597 	10.7061 	0.0300228 	0.473367 	0.00159831 	
4.965	-0.82693 	0.0863055 	10.6584 	0.0295339 	0.444481 	0.00343533 	
4.97	-1.03939 	0.136951 	10.6275 	0.025612 	0.422507 	0.00251239 	
4.975	-1.22506 	0.173759 	10.5997 	0.0226772 	0.403304 	0.00240633 	
4.98	-1.38489 	0.205243 	10.5749 	0.020163 	0.386744 	0.00231461 	
4.985	-1.58614 	0.410276 	10.5923 	0.00223906 	0.373609 	0.00271462 	
4.99	-1.64065 	0.431146 	10.5176 	0.00207882 	0.357118 	-0.00562703 	
4.995	-1.75651 	0.417917 	10.4982 	0.0031992 	0.345298 	-0.00435954 	
5	-1.82092 	0.364959 	10.4485 	0.00841241 	0.334482 	-0.00639808 	
5.005	-1.67524 	0.105228 	10.3397 	0.0296288 	0.330638 	-0.00170955 	
5.01	-1.58619 	0.168315 	10.425 	0.0249304 	0.351309 	-0.00504593 	
5.015	-1.69924 	0.0965362 	10.3544 	0.0318998 	0.332947 	-0.00726017 	
5.02	-1.82316 	0.358923 	10.3712 	0.010524 	0.324163 	-0.0157898 	
5.025	0.805661 	-0.104897 	10.8323 	0.0470472 	0.609437 	-0.0147119 	
5.03	3.20277 	-0.450873 	11.2693 	0.0735882 	0.871425 	-0.0143023 	
5.035	1.66613 	-0.131096 	11.0787 	0.0470397 	0.715564 	-0.00782075 	
5.04	1.48105 	-0.653929 	10.5375 	0.0920157 	0.629976 	-0.00710085 	
5.045	0.735042 	-0.058044 	10.6818 	0.0399982 	0.588218 	-0.00297804 	
5.05	0.303774 	-0.0477108 	10.6202 	0.039783 	0.542843 	-0.00295069 	
5.055	-0.109186 	0.0206419 	10.5763 	0.0342276 	0.50195 	-0.0018464 	
5.06	-0.4337 	0.0455472 	10.5138 	0.0330607 	0.465604 	-0.00402099 	
5.065	-0.707147 	0.107411 	10.502 	0.0279793 	0.440722 	-0.00336174 	
5.07	0.426413 	-0.0276785 	10.7463 	0.038402 	0.5695 	-0.00442687 	
5.075	-0.274466 	0.0635872 	10.6213 	0.0311337 	0.493305 	-0.00295988 	
5.08	0.168942 	0.0150831 	10.7271 	0.0348512 	0.545056 	-0.00330783 	
5.085	-0.22128 	-0.111085 	10.551 	0.0461292 	0.488095 	-0.00275476 	
5.09	-0.436664 	0.0235834 	10.6022 	0.0346631 	0.477033 	-0.00178972 	
5.095	-0.716148 	0.141715 	10.6057 	0.0244208 	0.454282 	8.79433e-05 	
5.1	-0.935978 	0.233976 	10.6098 	0.0165462 	0.436635 	0.00137515 	
5.105	-1.11199 	0.281857 	10.6031 	0.0129535 	0.421563 	0.000708656 	
5.11	-1.2648 	0.327804 	10.598 	0.00938398 	0.408608 	0.000410224 	
5.115	-1.39564 	0.366589 	10.5927 	0.00639242 	0.397461 	0.000109054 	
5.12	-1.50736 	0.399749 	10.5876 	0.00383613 	0.387949 	-0.000137241 	
5.125	-1.60296 	0.427827 	10.5824 	0.00168352 	0.379782 	-0.000366313 	
5.13	-1.64288 	0.232009 	10.536 	0.0212283 	0.370027 	-0.00855435 	
5.135	-1.45043 	-0.0633054 	10.2342 	0.041158 	0.343552 	0.00788796 	
5.14	-1.45925 	0.0552801 	10.3934 	0.0319624 	0.365332 	0.00595996 	
5.145	-1.58219 	0.198018 	10.4346 	0.0195663 	0.362169 	0.0072654 	
5.15	-1.662 	0.182202 	10.3992 	0.0211433 	0.350954 	0.00641303 	
5.155	-1.73073 	0.194172 	10.384 	0.0202329 	0.343636 	0.00603711 	
5.16	-1.71276 	0.244872 	10.4325 	0.0160879 	0.351993 	0.00531123 	
5.165	-1.76294 	0.229697 	10.3994 	0.0173467 	0.343723 	0.0053106 	
5.17	-1.84516 	0.23696 	10.392 	0.0183243 	0.337911 	-0.000496204 	
5.175	-1.85572 	0.234913 	10.3799 	0.0181848 	0.335521 	0.000473751 	
5.18	-1.95532 	0.334269 	10.3927 	0.00953739 	0.329895 	0.00139231 	
5.185	-2.03417 	0.291438 	10.3607 	0.0125301 	0.319229 	0.00488558 	
5.19	-2.09635 	0.293188 	10.3373 	0.0123519 	0.311122 	0.00513515 	
5.195	-2.1081 	0.246327 	10.2991 	0.0165522 	0.304888 	0.0041934 	
5.2	-2.08029 	0.126761 	10.2268 	0.0267353 	0.29814 	0.00416071 	
5.205	-2.1433 	0.214176 	10.2509 	0.0192726 	0.296591 	0.00407958 	
5.21	-2.07088 	0.242819 	10.3057 	0.0180528 	0.311525 	-0.000390186 	
5.215	2.34917 	-0.460209 	11.1266 	0.0728605 	0.793512 	-0.00272551 	
5.22	0.746906 	-0.185495 	10.8154 	0.0511531 	0.61697 	-0.00159025 	
5.225	0.2242 	-0.145314 	10.7774 	0.0484033 	0.570072 	0.000572526 	
5.23	-0.162236 	-0.0968124 	10.6842 	0.0437956 	0.524596 	0.00414621 	
5.235	-0.492552 	0.0540181 	10.6519 	0.0313385 	0.493146 	0.00365353 	
5.24	-0.462158 	-0.183057 	10.4174 	0.0471008 	0.45997 	0.0182591 	
5.245	-0.729474 	0.135372 	10.6821 	0.0272476 	0.479824 	-0.00493865 	
5.25	-0.94341 	0.112112 	10.5625 	0.0276038 	0.444011 	0.0010959 	
5.255	-1.1568 	0.149695 	10.5106 	0.0242701 	0.419003 	0.00218222 	
5.26	-1.14943 	-0.140663 	10.2868 	0.0496057 	0.389323 	-0.00110373 	
5.265	-1.17918 	-0.324532 	10.1304 	0.0655523 	0.365717 	-0.00301757 	
5.27	-1.19923 	-0.473999 	9.99331 	0.0785239 	0.345382 	-0.00509963 	
5.275	-1.21434 	-0.604879 	9.87193 	0.0898539 	0.327785 	-0.00646705 	
5.28	-1.2273 	-0.717099 	9.76755 	0.0995165 	0.312716 	-0.00766014 	
5.285	-1.13634 	-0.532024 	9.9305 	0.083218 	0.342771 	-0.00610674 	
5.29	-1.39741 	-0.297184 	10.0461 	0.063197 	0.336593 	-0.0041354 	
5.295	-1.55309 	-0.13364 	10.1244 	0.049133 	0.334419 	-0.00295877 	
5.3	-1.6555 	-0.0379269 	10.1609 	0.0408058 	0.330967 	-0.00308903 	
5.305	-1.64101 	-0.078456 	10.0942 	0.0436314 	0.32382 	-0.00378211 	
5.31	-1.72558 	-0.0832906 	10.0747 	0.0438459 	0.314649 	-0.00253191 	
5.315	-1.77607 	-0.0831588 	10.0594 	0.043609 	0.308924 	-0.00175531 	
5.32	-1.67511 	0.00816203 	10.1712 	0.0368489 	0.334064 	-0.00494997 	
5.325	0.00605691 	-0.0729211 	10.2145 	0.0276999 	0.460099 	0.0384192 	
5.33	-0.59861 	0.0430428 	10.2691 	0.0244211 	0.425549 	0.0206962 	
5.335	-0.575142 	0.453236 	10.345 	-0.0256691 	0.428844 	0.0783821 	
5.34	-0.791702 	0.377769 	10.3228 	-0.0124894 	0.413067 	0.0547767 	
5.345	-0.942377 	0.395311 	10.3274 	-0.0114719 	0.403725 	0.0467189 	
5.35	-0.358941 	0.0101899 	10.047 	0.0235457 	0.415805 	0.030099 	
5.355	-0.0169765 	0.0924512 	10.3443 	0.0178111 	0.486493 	0.0272954 	
5.36	0.391644 	0.0618809 	10.5108 	0.021427 	0.544873 	0.0231514 	
5.365	0.454874 	0.201338 	10.6374 	0.0107776 	0.568888 	0.0179762 	
5.37	0.259058 	0.0787401 	10.4473 	0.0169705 	0.523572 	0.0343387 	
5.375	-0.0759151 	0.0908343 	10.4292 	0.019649 	0.496534 	0.0234427 	
5.38	-0.313855 	0.108387 	10.4106 	0.0202582 	0.476401 	0.017598 	
5.385	-0.304771 	0.0308888 	10.2737 	0.021759 	0.454015 	0.0350655 	
5.39	-0.559975 	0.0894469 	10.3107 	0.0206763 	0.441496 	0.023285 	
5.395	1.27768 	-0.340486 	10.6031 	0.0564059 	0.636469 	0.0164809 	
5.4	0.70601 	-0.649617 	10.101 	0.0820822 	0.522674 	0.0159096 	
5.405	0.156493 	-0.294561 	10.2299 	0.0537406 	0.495467 	0.0138777 	
5.41	-0.151633 	-0.240814 	10.2152 	0.0503266 	0.468431 	0.0119159 	
5.415	-0.321659 	-0.291722 	10.1812 	0.0560352 	0.450035 	0.00833256 	
5.42	-0.591648 	-0.161597 	10.1938 	0.0456727 	0.429807 	0.00783105 	
5.425	-0.20606 	-0.0171444 	10.4479 	0.0331086 	0.498442 	0.00934718 	
5.43	0.0731944 	0.313014 	10.7127 	0.00342255 	0.564566 	0.0157183 	
5.435	-0.407441 	0.223141 	10.5207 	0.0125878 	0.49632 	0.011998 	
5.44	2.76485 	-0.218723 	11.2632 	0.0469802 	0.859241 	0.00855594 	
5.445	1.61641 	-0.0659465 	11.023 	0.0356224 	0.731564 	0.0088142 	
5.45	1.77588 	-0.0893704 	11.0714 	0.0378077 	0.751047 	0.00750087 	
5.455	1.01418 	-0.00395733 	10.901 	0.0318338 	0.664931 	0.0066901 	
5.46	0.519005 	0.0526678 	10.7912 	0.0280005 	0.60908 	0.0056657 	
5.465	0.120263 	0.0835889 	10.691 	0.026258 	0.562494 	0.00450599 	
5.47	-0.234116 	0.177664 	10.6505 	0.0189757 	0.528032 	0.00423856 	
5.475	-0.559936 	0.211521 	10.5724 	0.0164495 	0.490518 	0.0046062 	
5.48	-0.808481 	0.280458 	10.5461 	0.011199 	0.466817 	0.00407419 	
5.485	-1.02577 	0.332491 	10.516 	0.00726849 	0.445144 	0.00373707 	
5.49	-1.21142 	0.376813 	10.4894 	0.00393153 	0.42659 	0.00343021 	
5.495	-1.37833 	0.410706 	10.4039 	0.00423597 	0.400498 	-0.0113456 	
5.5	-1.56096 	0.42403 	10.3785 	0.00267853 	0.382837 	-0.00771331 	
5.505	-1.69359 	0.427367 	10.3368 	0.00202146 	0.366538 	-0.00541753 	
5.51	-1.81683 	0.448813 	10.3255 	0.000764333 	0.355924 	-0.0064036 	
5.515	-1.92299 	0.465206 	10.3118 	-0.00023668 	0.346247 	-0.00696043 	
5.52	-1.87709 	0.402302 	10.2942 	0.00446782 	0.34716 	-0.00495794 	
5.525	-1.12711 	1.34022 	12.9 	-0.0718422 	0.71095 	0.0200601 	
5.53	-1.37279 	0.966442 	11.9563 	-0.0409478 	0.579232 	0.00934464 	
5.535	-1.4207 	0.846769 	11.7165 	-0.0313545 	0.548287 	0.00834972 	
5.54	-1.47226 	0.752446 	11.4897 	-0.0231747 	0.517286 	0.00420938 	
5.545	-1.54784 	0.686133 	11.2948 	-0.0178747 	0.488639 	0.00233428 	
5.55	-1.64315 	0.655507 	11.1547 	-0.0159455 	0.465342 	0.00258968 	
5.555	-1.72051 	0.658415 	11.0418 	-0.0162551 	0.446691 	0.00169005 	
5.56	-1.78433 	0.703349 	10.9545 	-0.019814 	0.432155 	-0.000609578 	
5.565	-1.78814 	0.68075 	10.8788 	-0.017911 	0.42404 	-0.000464102 	
5.57	5.85953 	-2.08051 	11.0833 	0.200039 	1.08518 	-0.000614271 	
5.575	3.42 	-1.24809 	10.9474 	0.134988 	0.86653 	-0.00188121 	
5.58	2.64494 	-0.990155 	10.874 	0.115442 	0.794928 	-0.00510087 	
5.585	1.93369 	-0.867666 	10.6862 	0.1038 	0.709531 	0.00317416 	
5.59	2.24491 	-0.788487 	10.8405 	0.097464 	0.757343 	0.000967703 	
5.595	2.21429 	-0.69791 	10.8876 	0.0901955 	0.761959 	0.000338749 	
5.6	2.29807 	-0.636771 	10.9515 	0.0851415 	0.778132 	-6.90945e-05 	
5.605	2.0201 	-0.512614 	10.9311 	0.0750208 	0.753035 	0.000288766 	
5.61	1.29883 	-0.237799 	10.7254 	0.0541196 	0.665228 	-0.00848524 	
5.615	1.67652 	-0.288267 	10.8658 	0.0576637 	0.716121 	-0.00598465 	
5.62	1.60345 	-0.24486 	10.8814 	0.0541638 	0.712677 	-0.00565193 	
5.625	1.65263 	-0.229 	10.9187 	0.05275 	0.722175 	-0.00511018 	
5.63	1.58352 	-0.193016 	10.9287 	0.0497668 	0.718377 	-0.00451716 	
5.635	1.69109 	-0.193858 	10.9716 	0.049749 	0.733324 	-0.0043571 	
5.64	1.77411 	-0.190503 	11.0099 	0.0493619 	0.745617 	-0.00401013 	
5.645	1.42312 	-0.118029 	10.9506 	0.0437506 	0.708765 	-0.00378705 	
5.65	0.766148 	-0.0218081 	10.7792 	0.0361165 	0.631925 	-0.00274892 	
5.655	0.34617 	0.0811066 	10.7178 	0.0280536 	0.589341 	-0.00257038 	
5.66	0.0888252 	0.13051 	10.6862 	0.024378 	0.564057 	-0.00260114 	
5.665	0.464493 	0.0665295 	10.773 	0.0293252 	0.607032 	-0.0026894 	
5.67	1.83919 	-0.102535 	11.1274 	0.0419461 	0.767943 	-0.0028806 	
5.675	1.6307 	-0.0730521 	11.0728 	0.0396522 	0.74366 	-0.00274103 	
5.68	1.89918 	-0.117063 	11.1347 	0.0430076 	0.774223 	-0.00264239 	
5.685	1.48349 	-0.0335438 	11.0476 	0.0365687 	0.728892 	-0.00285549 	
5.69	1.23838 	0.0150257 	10.9914 	0.0328579 	0.701383 	-0.00293055 	
5.695	0.675962 	-0.0159379 	10.771 	0.0348465 	0.625044 	0.000252088 	
5.7	0.660545 	0.00645615 	10.7899 	0.0333132 	0.626729 	-0.00042915 	
5.705	0.0816748 	0.181699 	10.7219 	0.0209831 	0.570971 	-0.00445287 	
5.71	-0.526406 	0.269824 	10.897 	0.0244467 	0.540932 	-0.0101553 	
5.715	-0.401744 	0.194083 	10.7588 	0.0262965 	0.533684 	-0.00584478 	
5.72	-0.217079 	0.154939 	10.7833 	0.0283172 	0.553025 	-0.00475327 	
5.725	-0.646237 	0.277273 	10.669 	0.0176983 	0.503101 	-0.00450127 	
5.73	-0.764582 	0.321877 	10.6238 	0.013414 	0.487868 	-0.00442064 	
5.735	-0.895286 	0.375699 	10.5796 	0.00847776 	0.471961 	-0.00445532 	
5.74	-0.394391 	0.276206 	10.6775 	0.0158405 	0.526392 	-0.00446682 	
5.745	-0.844585 	0.416753 	10.5499 	0.0035807 	0.473193 	-0.0048613 	
5.75	2.00527 	-0.0182243 	11.2391 	0.0362564 	0.799346 	-0.00397316 	
5.755	0.578863 	0.246296 	11.0294 	0.0154041 	0.659153 	6.37631e-05 	
5.76	0.181773 	0.0156059 	10.7934 	0.037412 	0.595268 	-0.00752743 	
5.765	-0.483549 	0.488882 	10.9326 	-0.00330633 	0.565576 	-0.00441641 	
5.77	-0.736299 	0.462887 	10.7639 	-5.50861e-06 	0.520235 	-0.00764703 	
5.775	-1.00374 	0.511183 	10.6743 	-0.00509159 	0.48708 	-0.00194243 	
5.78	-1.2387 	0.529427 	10.5932 	-0.00468757 	0.45682 	-0.00835103 	
5.785	-1.43938 	0.553479 	10.5253 	-0.00570235 	0.431368 	-0.0114158 	
5.79	-1.57102 	0.509795 	10.4224 	-0.0011998 	0.405831 	-0.0157341 	
5.795	-1.45867 	0.480598 	10.1587 	0.000107715 	0.371856 	-0.0331503 	
5.8	-1.67481 	0.52181 	10.1678 	-0.00358645 	0.357567 	-0.024459 	
5.805	-1.77368 	0.454585 	10.1047 	0.00166539 	0.341235 	-0.0201449 	
5.81	-1.87719 	0.503857 	10.103 	-0.00272513 	0.333031 	-0.017331 	
5.815	-1.95038 	0.516879 	10.0867 	-0.00400849 	0.325286 	-0.0149534 	
5.82	-1.99475 	0.491878 	10.0362 	-0.00131048 	0.315775 	-0.0248519 	
5.825	-2.05961 	0.460696 	10.0036 	0.000754893 	0.306051 	-0.0185845 	
5.83	-2.10974 	0.437862 	9.97308 	0.0023691 	0.298064 	-0.0156832 	
5.835	-2.01154 	0.42775 	10.0695 	0.00283718 	0.320477 	-0.0109484 	
5.84	-1.95424 	0.407719 	10.1336 	0.00413151 	0.334992 	-0.006746 	
5.845	-1.74951 	0.375279 	10.3682 	0.00470126 	0.390664 	0.00930719 	
5.85	-2.07212 	0.739388 	10.5823 	-0.0234633 	0.38979 	0.00449851 	
5.855	-1.99946 	0.631489 	10.4725 	-0.0147319 	0.38046 	0.00358472 	
5.86	-1.98514 	0.607337 	10.436 	-0.0126743 	0.376239 	0.00279869 	
5.865	-1.97355 	0.586655 	10.4033 	-0.0109153 	0.372461 	0.00211097 	
5.87	-1.92038 	0.431727 	10.3859 	0.000969047 	0.372306 	0.00246104 	
5.875	1.07776 	-0.0211069 	11.0365 	0.0344903 	0.703917 	0.00404322 	
5.88	-0.0823535 	0.148634 	10.8163 	0.0220174 	0.582063 	0.00835141 	
5.885	0.162215 	0.111545 	10.8362 	0.0249448 	0.604344 	0.00608813 	
5.89	-0.379963 	0.174666 	10.7373 	0.0200493 	0.548568 	0.00935398 	
5.895	-0.583007 	0.208175 	10.6542 	0.0178564 	0.520111 	0.0073113 	
5.9	-0.787623 	0.239123 	10.5853 	0.0157413 	0.494008 	0.00627349 	
5.905	-0.957487 	0.209467 	10.5545 	0.0175465 	0.476911 	0.009123 	
5.91	-1.15618 	0.358144 	10.432 	0.0061141 	0.443544 	0.00313652 	
5.915	-1.24799 	0.500599 	10.3026 	-0.00487501 	0.417148 	-0.0055388 	
5.92	-1.35706 	0.463881 	10.2977 	-0.00169407 	0.408175 	-0.00328661 	
5.925	-1.44691 	0.461914 	10.2725 	-0.00133133 	0.397714 	-0.00309474 	
5.93	-1.52426 	0.460348 	10.2497 	-0.00103648 	0.388623 	-0.00293149 	
5.935	-1.58434 	0.451439 	10.2306 	-0.000144104 	0.381384 	-0.00275896 	
5.94	-1.62759 	0.447419 	10.2188 	0.000344996 	0.376571 	-0.00265395 	
5.945	-1.66629 	0.444107 	10.2068 	0.00075435 	0.372126 	-0.00256748 	
5.95	-1.14926 	0.248138 	10.3833 	0.0159563 	0.439346 	0.00284128 	
5.955	-0.608019 	0.199747 	10.5018 	0.0196226 	0.499609 	0.00042735 	
5.96	-0.950075 	0.246599 	10.4054 	0.016221 	0.458732 	0.000245262 	
5.965	-1.08123 	0.268021 	10.3682 	0.0147164 	0.443156 	-7.75802e-05 	
5.97	-1.19436 	0.285562 	10.3343 	0.0134965 	0.429546 	-0.000356872 	
5.975	-1.29867 	0.307869 	10.3023 	0.0118389 	0.417027 	-0.000634717 	
5.98	-1.37356 	0.314053 	10.2785 	0.0114968 	0.407885 	-0.000816482 	
5.985	-1.45252 	0.336758 	10.2545 	0.00966803 	0.398468 	-0.00080596 	
5.99	-1.4825 	0.335732 	10.2413 	0.00986269 	0.394525 	-0.00101343 	
5.995	-1.53612 	0.344061 	10.2262 	0.009275 	0.38842 	-0.00115851 	
6	-1.57665 	0.349472 	10.213 	0.00889565 	0.383646 	-0.00127525 	
6.005	-1.55208 	0.345515 	10.2161 	0.00919635 	0.386445 	-0.00133997 	
6.01	1.1764 	-0.029694 	10.9181 	0.0361821 	0.703634 	0.000326937 	
6.015	0.179644 	0.106508 	10.6664 	0.026379 	0.588825 	7.51411e-05 	
6.02	-0.0997119 	0.14 	10.6027 	0.0239491 	0.558148 	0.000777842 	
6.025	-0.647417 	0.195307 	10.8555 	0.0228116 	0.542488 	0.000745489 	
6.03	-0.769516 	0.221924 	10.6788 	0.0199354 	0.510744 	0.000204288 	
6.035	-0.875453 	0.240014 	10.6072 	0.0183993 	0.493221 	-0.000150983 	
6.04	-1.0195 	0.00201671 	10.5631 	0.038011 	0.473298 	0.00350049 	
6.045	-1.25765 	0.202168 	10.4446 	0.0215488 	0.440474 	0.00116901 	
6.05	-1.29836 	0.208037 	10.4037 	0.0210442 	0.43222 	0.000833933 	
6.055	-1.35686 	0.231037 	10.3595 	0.0190943 	0.422161 	0.000519237 	
6.06	-1.40457 	0.250359 	10.3217 	0.0174588 	0.413834 	0.000210629 	
6.065	-1.44307 	0.266509 	10.2893 	0.0160878 	0.406954 	-5.7545e-05 	
6.07	0.157699 	0.0526566 	10.717 	0.0323897 	0.598697 	-0.00168596 	
6.075	-0.459712 	-0.0131158 	10.5507 	0.0382876 	0.523583 	0.000836842 	
6.08	-0.757237 	0.172068 	10.4199 	0.0233646 	0.48278 	-0.00240868 	
6.085	-0.993626 	0.278179 	10.3231 	0.0148687 	0.451103 	-0.00412589 	
6.09	-1.20117 	0.383851 	10.2479 	0.00691342 	0.425028 	-0.00910517 	
6.095	-1.2859 	0.364213 	10.2237 	0.00838606 	0.415 	-0.00700514 	
6.1	-1.34488 	0.363884 	10.2008 	0.00834369 	0.407371 	-0.00627264 	
6.105	-1.42975 	0.36861 	10.1728 	0.00796631 	0.397037 	-0.00572132 	
6.11	-1.49544 	0.372459 	10.1507 	0.00765158 	0.389063 	-0.00524735 	
6.115	-1.522 	0.370773 	10.137 	0.00771098 	0.385345 	-0.00473149 	
6.12	-1.5343 	0.368185 	10.1274 	0.00784811 	0.383367 	-0.00432086 	
6.125	-1.55698 	0.358333 	10.1177 	0.00850464 	0.380462 	-0.00374434 	
6.13	-1.55785 	0.353412 	10.1114 	0.00888483 	0.379837 	-0.00348598 	
6.135	-1.57257 	0.353199 	10.1055 	0.00886771 	0.37815 	-0.00321724 	
6.14	-1.57493 	0.346565 	10.1006 	0.00936378 	0.377557 	-0.00302154 	
6.145	-1.5729 	0.338693 	10.0931 	0.00999192 	0.377007 	-0.00283166 	
6.15	-1.6109 	0.334614 	10.0738 	0.0103533 	0.37168 	-0.00271521 	
6.155	-1.63508 	0.331838 	10.0587 	0.0105742 	0.36807 	-0.00260306 	
6.16	-1.63984 	0.335776 	10.059 	0.0102316 	0.368098 	-0.00248081 	
6.165	-1.6429 	0.336393 	10.0561 	0.0101316 	0.367813 	-0.00234088 	
6.17	-1.63297 	0.323471 	10.0559 	0.0109141 	0.36875 	-0.00263134 	
6.175	-1.62025 	0.316765 	10.0557 	0.011342 	0.370036 	-0.00268617 	
6.18	-1.60785 	0.309878 	10.0553 	0.0118355 	0.371273 	-0.00262637 	
6.185	-1.59535 	0.303552 	10.0547 	0.0123228 	0.372518 	-0.00249695 	
6.19	-1.60438 	0.301393 	10.0505 	0.0126143 	0.371638 	-0.00245077 	
6.195	-1.61233 	0.301387 	10.0477 	0.0126492 	0.371003 	-0.00236972 	
6.2	0.589288 	0.030837 	10.67 	0.0320231 	0.632657 	-0.00388711 	
6.205	-0.179008 	0.124703 	10.4472 	0.0253147 	0.540753 	-0.0033391 	
6.21	-0.248127 	0.11001 	10.4209 	0.0265713 	0.53148 	-0.00299189 	
6.215	3.37046 	-0.356159 	11.5269 	0.060432 	0.97314 	-0.00302305 	
6.22	3.33958 	-0.327537 	11.5379 	0.0583075 	0.97256 	-0.00310795 	
6.225	3.22107 	-0.314247 	11.4891 	0.0572881 	0.956365 	-0.00278842 	
6.23	3.1607 	-0.306321 	11.4644 	0.0567303 	0.948289 	-0.00277254 	
6.235	2.45379 	-0.0480094 	11.0155 	0.0306053 	0.83138 	-0.0024043 	
6.24	1.99855 	-0.0591846 	10.9548 	0.034105 	0.785858 	-0.00246001 	
6.245	1.56203 	-0.040806 	10.8431 	0.033716 	0.735086 	-0.00235011 	
6.25	1.46808 	-0.0166987 	10.8812 	0.0325458 	0.73236 	-0.00202647 	
6.255	1.76416 	-0.0683246 	10.9659 	0.0367253 	0.76806 	-0.00216741 	
6.26	1.46303 	-0.0628476 	10.8289 	0.0359354 	0.72322 	0.000359043 	
6.265	1.65668 	-0.0432794 	10.9535 	0.0349735 	0.756782 	-0.000757699 	
6.27	1.74872 	-0.0279646 	11.0163 	0.0340935 	0.773238 	-0.00119236 	
6.275	1.82602 	-0.0117729 	11.0702 	0.033115 	0.78724 	-0.00160669 	
6.28	1.99332 	-0.0603523 	11.1055 	0.0370108 	0.805599 	-0.00169116 	
6.285	2.11723 	-0.0901583 	11.1377 	0.0394449 	0.820067 	-0.00179985 	
6.29	2.22225 	-0.115161 	11.1652 	0.0414861 	0.832362 	-0.00189624 	
6.295	2.31886 	-0.13721 	11.1909 	0.0432802 	0.843702 	-0.00199702 	
6.3	2.34322 	-0.148665 	11.203 	0.0443059 	0.847326 	-0.00204326 	
6.305	2.42472 	-0.166523 	11.2222 	0.0457321 	0.856581 	-0.00210475 	
6.31	2.41379 	-0.163662 	11.2338 	0.0456768 	0.857237 	-0.00204677 	
6.315	2.45735 	-0.174281 	11.2459 	0.0465558 	0.862428 	-0.00212175 	
6.32	2.51901 	-0.188589 	11.2579 	0.0476696 	0.869072 	-0.00217073 	
6.325	2.56491 	-0.199266 	11.2677 	0.0485127 	0.874142 	-0.00221148 	
6.33	2.60416 	-0.208433 	11.276 	0.0492364 	0.87847 	-0.00224644 	
6.335	2.63757 	-0.216235 	11.2831 	0.0498525 	0.882151 	-0.00227676 	
6.34	2.66613 	-0.222908 	11.2892 	0.0503793 	0.885296 	-0.00230279 	
6.345	2.6904 	-0.22859 	11.2943 	0.0508282 	0.887964 	-0.00232519 	
6.35	2.71098 	-0.233474 	11.2986 	0.0512142 	0.89022 	-0.00234511 	
6.355	2.72877 	-0.23762 	11.3024 	0.0515416 	0.892172 	-0.00236137 	
6.36	2.74382 	-0.241174 	11.3056 	0.0518231 	0.893825 	-0.00237867 	
6.365	2.5709 	-0.208218 	11.2911 	0.0502588 	0.877845 	-0.00452646 	
6.37	2.72608 	-0.281751 	11.287 	0.0555877 	0.889532 	-0.00347436 	
6.375	2.72564 	-0.267119 	11.2948 	0.0543843 	0.890666 	-0.0034059 	
6.38	2.7077 	-0.255052 	11.2965 	0.0534478 	0.889556 	-0.00345148 	
6.385	2.74278 	-0.266447 	11.296 	0.0543287 	0.892219 	-0.00352117 	
6.39	2.7538 	-0.264086 	11.3011 	0.0540614 	0.893839 	-0.00332917 	
6.395	2.76518 	-0.263737 	11.3044 	0.0539772 	0.895219 	-0.0032113 	
6.4	2.77489 	-0.263443 	11.3072 	0.0539055 	0.896391 	-0.00311065 	
6.405	2.7692 	-0.257869 	11.3093 	0.0534641 	0.896263 	-0.00311263 	
6.41	2.78106 	-0.259482 	11.3114 	0.0535424 	0.897496 	-0.00300924 	
6.415	2.78145 	-0.257046 	11.3131 	0.0533363 	0.897785 	-0.00297855 	
6.42	2.55685 	-0.192438 	11.3039 	0.0490411 	0.878548 	-0.00369294 	
6.425	2.65142 	-0.218639 	11.309 	0.050763 	0.88679 	-0.00333007 	
6.43	2.64693 	-0.213302 	11.3103 	0.0503411 	0.88668 	-0.00341728 	
6.435	2.62199 	-0.190771 	11.3177 	0.0485303 	0.885576 	-0.00340404 	
6.44	2.66776 	-0.207979 	11.3179 	0.0497931 	0.889289 	-0.00327349 	
6.445	2.69076 	-0.215668 	11.3185 	0.0503204 	0.891204 	-0.00316408 	
6.45	2.71118 	-0.222356 	11.3192 	0.0507815 	0.892911 	-0.00307495 	
6.455	2.72858 	-0.228066 	11.3197 	0.0511749 	0.894362 	-0.0029988 	
6.46	2.74347 	-0.232941 	11.3201 	0.0515107 	0.895601 	-0.00293399 	
6.465	2.75614 	-0.237106 	11.3204 	0.0517977 	0.896651 	-0.00287868 	
6.47	2.76701 	-0.240664 	11.3207 	0.0520428 	0.897549 	-0.00283149 	
6.475	2.77622 	-0.243702 	11.321 	0.0522522 	0.898305 	-0.00279137 	
6.48	2.80305 	-0.24837 	11.3237 	0.0525573 	0.900862 	-0.00275484 	
6.485	2.80319 	-0.249871 	11.323 	0.0526663 	0.900745 	-0.00272632 	
6.49	2.803 	-0.251186 	11.3223 	0.0527626 	0.900609 	-0.00269161 	
6.495	2.80773 	-0.252761 	11.3224 	0.0528713 	0.900982 	-0.00267438 	
6.5	2.81094 	-0.254031 	11.3223 	0.0529598 	0.901213 	-0.00265771 	
6.505	2.81367 	-0.255115 	11.3222 	0.0530354 	0.901406 	-0.00264359 	
6.51	2.816 	-0.256043 	11.3222 	0.0531001 	0.901567 	-0.00263166 	
6.515	2.81797 	-0.256834 	11.3221 	0.0531553 	0.901699 	-0.00262157 	
6.52	2.81964 	-0.257508 	11.322 	0.0532024 	0.901806 	-0.00261309 	
6.525	2.83548 	-0.258649 	11.324 	0.0532542 	0.903389 	-0.00264509 	
6.53	2.83174 	-0.258954 	11.3232 	0.0532852 	0.902947 	-0.00262556 	
6.535	2.83135 	-0.259316 	11.323 	0.0533133 	0.902857 	-0.00261681 	
6.54	2.83103 	-0.259626 	11.3227 	0.0533374 	0.902777 	-0.00260947 	
6.545	2.83074 	-0.259891 	11.3225 	0.0533581 	0.902704 	-0.00260332 	
6.55	2.8306 	-0.26014 	11.3223 	0.0533772 	0.902647 	-0.00259792 	
6.555	2.58172 	-0.166219 	11.3028 	0.0463054 	0.880161 	-0.00307317 	
6.56	2.66703 	-0.198761 	11.3093 	0.0487587 	0.887817 	-0.00290637 	
6.565	2.69068 	-0.207909 	11.311 	0.0494479 	0.889911 	-0.00285784 	
6.57	2.71074 	-0.215683 	11.3125 	0.0500334 	0.891684 	-0.00281682 	
6.575	2.72795 	-0.22235 	11.3137 	0.0505352 	0.893199 	-0.00278179 	
6.58	2.74245 	-0.228002 	11.3147 	0.0509609 	0.894473 	-0.00275258 	
6.585	2.75501 	-0.232871 	11.3155 	0.0513274 	0.895572 	-0.00272713 	
6.59	2.76571 	-0.237024 	11.3163 	0.0516401 	0.896506 	-0.00270562 	
6.595	2.77483 	-0.240569 	11.3169 	0.0519071 	0.897297 	-0.00268738 	
6.6	2.78274 	-0.24359 	11.3174 	0.0521345 	0.897986 	-0.00267192 	
6.605	2.7893 	-0.246178 	11.3178 	0.0523296 	0.898546 	-0.0026589 	
6.61	2.79507 	-0.248352 	11.3182 	0.052493 	0.899044 	-0.0026481 	
6.615	2.79985 	-0.250246 	11.3185 	0.0526359 	0.899445 	-0.00263878 	
6.62	2.8039 	-0.251861 	11.3187 	0.0527579 	0.89978 	-0.002631 	
6.625	2.80747 	-0.253259 	11.3189 	0.0528636 	0.900075 	-0.00262462 	
6.63	2.81041 	-0.254435 	11.3191 	0.0529525 	0.900312 	-0.00261918 	
6.635	2.81297 	-0.255449 	11.3192 	0.0530291 	0.900515 	-0.0026147 	
6.64	2.82016 	-0.257037 	11.3208 	0.053145 	0.901292 	-0.00260076 	
6.645	2.82019 	-0.257511 	11.3203 	0.0531825 	0.901213 	-0.0026011 	
6.65	2.82119 	-0.25806 	11.3202 	0.0532246 	0.901261 	-0.00259945 	
6.655	2.85657 	-0.261588 	11.3312 	0.0534774 	0.905583 	-0.00272088 	
6.66	2.21533 	-0.220344 	11.1485 	0.0508552 	0.828327 	-0.00242399 	
6.665	2.6096 	-0.245605 	11.2674 	0.0525122 	0.876706 	-0.00275503 	
6.67	2.62013 	-0.246388 	11.2684 	0.0525384 	0.87771 	-0.00268308 	
6.675	2.65126 	-0.248353 	11.2765 	0.0526565 	0.88134 	-0.00267082 	
6.68	2.74954 	-0.231067 	11.3262 	0.0512641 	0.896269 	-0.00289472 	
6.685	2.43955 	-0.172238 	11.256 	0.0477814 	0.86109 	-0.00664521 	
6.69	2.05286 	0.108059 	11.4798 	0.0265883 	0.861758 	-0.00390824 	
6.695	2.26187 	-0.0274293 	11.4002 	0.0365711 	0.867305 	-0.00382461 	
6.7	2.44757 	-0.0524626 	11.4224 	0.0381659 	0.885741 	-0.00381501 	
6.705	2.60133 	-0.0923987 	11.4368 	0.0410051 	0.90006 	-0.00357035 	
6.71	2.61164 	-0.115613 	11.4129 	0.0427132 	0.897474 	-0.00338884 	
6.715	2.78243 	-0.156547 	11.4302 	0.0456349 	0.913718 	-0.00322992 	
6.72	2.46688 	-0.1236 	11.349 	0.0434146 	0.876628 	-0.00326382 	
6.725	2.0845 	-0.169707 	11.1539 	0.0471828 	0.818465 	-0.00280624 	
